10
10
15
20
24
24
28
29
29
29
29
31
32
32
32
32
34
34
38
39
39
39
39
40
40
41
43
44
45
48
49
50
54
55
55
56
56
57
58
59
60
62
63
63
66
66
66
67
68
68
69
69
69
70
70
72
75
79
80
82
82
85
86
86
86
86
86
87
88
88
89
89
90
91
91
91
92
93
95
98
98
98
100
100
101
102
103
107
108
120
123
128
129
129
129
129
129
129
129
129
129
133
134
134
136
137
137
138
139
139
139
143
144
145
146
150
177
177
177
182
187
189
190
190
193
200
200
215
217
218
248
252
255
272
275
277
287
291
291
298
325
336
344
345
351
352
362
367
379
379
380
380
395
397
399
402
406
414
432
433
441
441
442
448
451
467
473
476
477
478
479
479
480
480
480
481
481
483
499
499
499
502
512
513
530
539
539
539
539
539
539
556
595
598
600
601
603
607
616
625
626
626
635
644
681
681
686
692
702
709
712
734
749
753
753
753
754
754
755
755
755
760
760
760
760
760
761
762
762
765
765
766
766
767
769
773
780
781
784
784
784
784
784
785
785
785
785
788
788
788
788
812
817
818
819
819
824
827
828
828
829
836
838
845
849
849
850
859
859
868
868
875
876
877
877
877
878
879
879
879
880
882
882
885
894
894
894
895
895
895
897
897
897
898
898
898
898
899
901
901
901
901
901
902
902
903
909
912
914
915
916
918
920
931
932
935
938
947
949
949
955
959
961
968
973
974
974
975
975
975
975
975
975
976
976
977
977
977
978
979
981
984
985
987
998
1000
1001
1003
1007
1007
1007
1009
1033
1050
1058
1078
1084
1088
1099
1104
1106
1107
1107
1107
1108
1109
1109
1110
1114
1115
1115
1116
1116
1116
1116
1116
1117
1117
1121
1121
1122
1122
1123
1123
1123
1123
1125
1126
1126
1126
1126
1126
1126
1126
1126
1127
1127
1128
1128
1128
1128
1128
1128
1128
1128
1129
1129
1131
1132
1132
1133
1134
1150
1152
1156
1156
1158
1162
1164
1165
1167
1183
1183
1183
1186
1188
1188
1189
1189
1190
1190
1193
1194
1208
1216
1216
1216
1217
1218
1218
1218
1219
1219
1219
1219
1219
1225
1225
1225
1228
1228
1228
1242
1244
1267
1271
1272
1281
1283
1293
1297
1297
1299
1300
1302
1302
1305
1312
1321
1321
1321
1324
1324
1324
1325
1325
1326
1328
1328
1328
1328
1329
1329
1331
1331
1336
1350
1353
1355
1355
1356
1356
1357
1357
1364
1364
1364
1367
1370
1370
1370
1370
1370
1371
1371
1371
1371
1371
1371
1371
1371
1371
1371
1372
1372
1372
1372
1372
1374
1374
1374
1375
1381
1382
1383
1393
1394
1395
1403
1406
1406
1408
1425
1429
1441
1456
1460
1466
1466
1471
1478
1480
1480
1480
1480
1500
1570
1573
1600
1608
1622
1623
1646
1646
1646
1651
1652
1652
1652
1652
1653
1654
1654
1654
1654
1654
1654
1654
1654
1654
1663
1665
1665
1674
1674
1676
1698
1699
1711
1713
1717
1717
1724
1728
1731
1753
1753
1755
1755
1755
1756
1767
1772
1772
1780
1780
1837
1838
1845
1847
1864
1889
1889
1890
1890
1892
1893
1893
1893
1894
1894
1894
1894
1896
1899
1907
1907
1907
1907
1913
1913
1913
1913
1913
1913
1913
1913
1913
1913
1913
1913
1916
1917
1917
1917
1917
1917
1918
1918
