13
18
19
20
20
21
22
25
27
27
28
29
31
32
32
32
32
32
33
34
34
34
34
34
34
34
36
36
36
37
37
37
38
38
38
38
38
38
38
38
38
39
39
39
40
40
41
41
41
41
41
42
42
42
42
42
44
44
45
46
46
47
50
51
53
54
54
57
58
58
58
65
65
66
66
67
67
67
67
67
67
68
68
70
70
70
72
73
73
73
77
78
78
80
80
81
83
83
83
83
85
86
87
88
92
94
97
99
102
102
104
104
105
106
107
107
107
107
107
108
108
110
110
110
110
111
111
112
112
112
112
113
114
115
115
116
116
116
116
116
121
122
122
129
130
131
131
136
138
138
140
145
148
151
161
173
184
188
195
201
201
201
201
204
205
219
219
226
227
231
237
238
247
247
248
253
253
254
254
256
256
266
268
269
270
271
275
278
279
288
290
293
299
302
303
305
305
306
307
308
308
308
309
314
319
320
321
323
331
342
342
348
350
359
359
361
361
361
362
362
362
363
364
365
367
367
368
369
370
371
372
372
377
393
393
395
395
399
408
408
421
431
431
434
435
435
437
443
443
455
455
455
455
456
466
480
503
503
503
530
532
548
551
551
551
552
552
554
554
554
554
556
557
558
558
561
561
561
562
562
562
562
563
563
563
564
564
564
565
565
566
566
571
574
581
584
593
593
595
596
596
598
609
610
610
614
614
618
618
619
619
620
625
626
628
634
636
636
636
641
643
645
645
645
646
651
652
652
653
656
656
656
656
658
659
661
663
665
665
665
672
672
678
679
679
679
682
682
683
683
685
686
686
686
686
686
687
687
687
687
687
688
688
688
688
688
688
688
688
689
690
691
691
696
703
704
704
704
704
706
706
706
708
709
709
710
710
710
711
711
712
712
714
715
716
718
721
723
723
724
724
724
724
725
725
725
725
732
733
733
733
734
735
735
735
742
742
743
744
744
745
746
747
748
748
749
753
758
758
771
777
777
786
789
789
789
790
790
791
794
799
799
799
799
799
802
802
803
804
804
804
809
809
811
812
812
816
816
816
817
818
822
822
823
823
825
827
833
834
834
837
840
841
842
842
847
847
851
853
856
860
860
860
866
866
867
872
874
883
884
885
889
890
891
892
893
894
897
899
903
905
906
915
925
935
939
941
942
942
954
967
976
976
977
990
997
1022
1022
1033
1035
1055
1070
1074
1075
1077
1079
1092
1092
1102
1112
1120
1137
1138
1174
1175
1270
1324
1333
1337
1352
1352
1352
1362
1362
1362
1365
1376
1384
1417
1448
1468
1534
1552
1561
1561
1563
1576
1577
1593
1600
1600
1600
1600
1601
1601
1601
1604
1636
1637
1637
1637
1645
1665
1684
1684
1684
1685
1685
1685
1685
1715
1716
1739
1739
1762
1772
1772
1772
1772
1778
1779
1804
1804
1804
1804
1804
1804
1806
1806
1806
1806
1806
1806
1806
1806
1807
1807
1807
1808
1811
1825
1854
1861
1861
1873
1896
1913
1914
1915
1916
1949
1949
1951
1980
1980
1991
1992
2013
2013
2013
2040
2046
2065
2085
2110
2115
2141
2141
2150
2150
2150
2150
2150
2150
2153
2159
2173
2173
2177
2177
2178
2178
