8
12
12
14
16
16
17
18
18
18
19
20
20
23
23
24
29
29
29
29
29
30
30
30
34
34
35
35
35
35
35
35
35
36
37
37
37
38
38
38
38
38
39
39
39
39
40
40
41
41
42
43
43
43
44
46
46
47
47
48
49
50
50
51
52
52
52
53
53
53
54
54
54
54
54
54
54
55
56
57
58
58
58
58
59
59
59
59
59
59
59
59
60
63
63
63
63
63
64
66
66
66
66
67
67
67
68
69
69
69
69
70
70
71
71
73
74
76
76
79
82
83
84
85
86
86
86
87
87
89
89
90
92
95
95
97
97
98
99
99
100
100
100
101
102
102
102
102
102
102
103
104
104
105
106
109
109
111
111
114
116
117
119
120
132
140
140
146
147
151
151
155
159
160
160
161
162
163
163
164
164
168
168
169
169
171
177
181
190
191
192
192
193
193
193
195
198
199
200
210
217
231
231
233
237
238
252
261
261
266
271
272
292
297
302
304
310
310
311
312
312
312
313
314
317
317
318
318
319
322
322
323
325
328
340
350
351
352
352
353
353
353
354
357
358
358
359
361
363
363
363
363
363
363
364
365
366
370
371
371
373
373
374
374
374
375
375
378
379
380
380
380
381
381
381
383
384
385
385
387
387
387
389
389
389
391
391
393
394
394
395
395
395
395
396
397
397
397
397
398
398
398
400
401
401
402
405
407
409
411
411
419
419
419
421
422
422
423
426
426
426
426
428
428
429
431
431
433
434
435
436
436
436
436
437
437
439
439
439
440
459
459
461
463
466
466
466
470
470
472
472
472
475
478
478
478
480
480
482
482
483
483
492
495
496
498
498
498
500
501
505
515
515
518
529
552
552
555
555
558
558
559
560
560
569
572
572
572
572
572
572
572
572
572
581
581
581
584
593
593
614
616
617
623
626
627
630
630
631
637
637
637
640
640
647
650
650
652
655
655
659
659
659
660
661
672
672
680
681
681
682
682
691
691
693
698
700
702
703
704
705
705
708
716
719
728
728
728
728
728
728
728
728
728
729
729
729
736
737
737
737
738
738
738
738
742
752
752
752
753
754
754
764
768
771
771
785
788
788
793
795
795
798
798
799
801
801
810
825
826
830
846
846
851
853
853
855
856
856
857
858
865
865
865
868
870
875
876
879
880
885
888
891
891
893
895
895
897
897
898
898
899
899
900
901
908
911
915
916
917
919
919
929
943
944
949
949
950
950
951
951
952
952
952
953
953
961
968
969
970
970
970
970
971
971
972
972
975
980
980
981
981
981
982
982
982
983
983
983
983
983
983
983
984
984
984
984
985
985
987
987
987
987
988
988
993
996
996
996
996
1010
1012
1014
1016
1020
1022
1022
1023
1023
1028
1028
1030
1032
1032
1037
1037
1038
1041
1041
1054
1056
1056
1056
1057
1057
1058
1058
1058
1060
1060
1060
1065
1067
1068
1069
1070
1071
1072
1073
1073
1073
1077
1078
1086
1087
1087
1087
1087
1088
1089
1091
1091
1093
1104
1110
1122
1122
1122
1127
1132
1143
1158
1158
1184
1185
1207
1207
1208
1208
1228
1232
1248
