9
15
18
28
31
38
40
40
52
54
55
56
56
57
70
71
72
73
75
76
76
76
76
76
76
76
76
77
78
78
82
83
84
84
98
98
101
102
103
104
108
110
110
110
115
124
132
143
168
168
168
169
169
169
169
170
170
174
174
175
188
192
192
193
214
214
272
322
328
335
335
345
376
388
388
388
390
405
411
415
417
418
423
424
432
434
434
434
435
435
435
435
435
435
436
436
446
461
462
463
479
487
487
544
585
590
592
594
594
595
595
598
599
599
610
610
624
642
667
675
683
701
703
709
731
731
731
732
732
732
732
751
758
796
796
797
797
806
809
810
810
812
815
830
836
838
892
901
909
923
927
933
934
939
942
943
943
944
945
947
960
960
996
1000
1000
1002
1011
1012
1012
1013
1018
1018
1033
1037
1041
1041
1042
1042
1042
1043
1048
1050
1050
1050
1051
1051
1059
1062
1064
1065
1065
1083
1084
1089
1091
1091
1091
1097
1107
1108
1110
1110
1110
1110
1112
1112
1113
1113
1119
1127
1128
1129
1134
1135
1135
1137
1149
1153
1153
1173
1189
1190
1194
1205
1227
1259
1259
1270
1283
1286
1311
1311
1311
1338
1339
1341
1341
1342
1343
1345
1345
1356
1360
1362
1364
1368
1374
1375
1377
1377
1377
1378
1378
1378
1378
1379
1379
1379
1379
1379
1379
1380
1381
1381
1395
1501
1506
1525
1551
1552
1552
1552
1553
1554
1554
1556
1556
1558
1558
1558
1558
1566
1568
1580
1588
1589
1594
1613
1614
1614
1614
1615
1616
1616
1621
1622
1637
1637
1638
1639
1639
1639
1639
1639
1640
1641
1641
1642
1651
1653
1662
1663
1664
1664
1664
1669
1669
1669
1672
1673
1674
1677
1684
1696
1712
1713
1714
1738
1745
1745
1745
1748
1781
1786
1795
1796
1798
1882
1889
1902
1909
1938
1940
1942
1943
1948
1962
1970
1971
1977
1979
1987
1990
1990
1991
1994
1995
2000
2001
2006
2008
2009
2011
2014
2020
2024
2025
2025
2025
2026
2026
2026
2027
2040
2048
2049
2052
2055
2055
2055
2055
2056
2056
2057
2057
2058
2061
2062
2062
2062
2063
2063
2063
2063
2063
2063
2064
2066
2066
2067
2068
2069
2073
2077
2078
2078
2078
2078
2078
2078
2079
2081
2084
2088
2096
2096
2097
2097
2100
2101
2103
2105
2105
2105
2105
2105
2105
2105
2105
2105
2111
2112
2116
2116
2118
2119
2120
2120
2120
2121
2123
2123
2124
2127
2127
2128
2129
2143
2143
2144
2145
2153
2156
2162
2166
2167
2169
2189
2196
2208
2210
2211
2211
2212
2218
2242
2242
2242
2242
2249
2250
2256
2256
2257
2257
2257
2257
2257
2258
2258
2258
2259
2259
2259
2259
2259
2259
2261
2264
2266
2275
2296
2297
2297
2298
2308
2311
2316
2316
2326
2331
2340
2361
2363
2397
2401
2404
2409
2415
2421
2421
2448
2457
2461
2462
2463
2463
2474
2475
2478
2478
2479
2486
2486
2486
2486
2486
2486
2486
2486
2486
2486
2486
2486
2495
2495
2495
2495
2496
2496
2496
2496
2496
2496
2497
2497
2497
2497
2497
2497
2499
2500
2500
2500
2502
2502
2503
2507
2510
2517
2517
2518
2518
2523
2523
2523
2525
2526
2549
2565
2567
2606
2645
2649
2652
2670
2705
2712
2725
2728
2758
2759
2762
2762
2763
2769
2784
2821
2822
2824
2826
2846
2850
2851
2858
2858
2863
2906
2906
2922
2922
2922
2922
2922
2922
2922
2922
2942
2943
2944
2944
3057
3070
3072
3073
3073
3073
3074
3074
3074
3074
3095
3095
3095
3098
3099
3100
3196
3204
3208
3235
3236
3255
3283
3296
3296
3312
3324
