10
15
20
21
22
23
23
23
24
27
30
31
31
32
32
34
36
39
39
41
42
43
43
43
46
47
47
50
60
60
60
60
60
61
62
66
67
69
79
79
79
86
87
90
91
91
94
95
97
102
113
116
118
121
121
123
123
130
132
133
133
136
138
139
141
143
149
151
151
153
156
157
160
160
160
190
192
193
193
193
193
197
197
199
199
204
206
208
209
226
275
300
309
310
313
314
323
336
355
364
365
365
366
367
369
370
385
385
388
418
421
428
454
470
470
474
475
476
477
479
479
479
480
480
480
480
480
481
486
488
490
491
491
492
502
517
518
552
554
560
565
570
586
590
591
597
607
609
617
661
666
683
683
685
687
692
695
709
710
711
711
712
713
713
714
715
715
716
716
716
722
733
743
746
749
753
763
767
767
768
768
768
769
769
769
769
769
770
770
771
780
780
781
781
781
783
797
800
800
815
822
822
822
826
832
834
837
847
858
859
861
868
870
873
874
874
877
880
882
884
884
886
889
894
895
909
911
918
943
946
946
949
949
950
951
965
966
966
974
988
988
989
990
990
990
991
992
992
1004
1005
1005
1008
1010
1010
1011
1011
1012
1013
1013
1028
1039
1044
1066
1068
1071
1076
1076
1076
1077
1078
1079
1079
1082
1083
1083
1083
1083
1083
1085
1092
1094
1097
1102
1102
1105
1108
1108
1108
1108
1108
1108
1109
1109
1109
1110
1110
1110
1110
1110
1110
1111
1111
1113
1116
1117
1119
1129
1130
1132
1142
1144
1147
1151
1151
1153
1154
1171
1176
1179
1179
1183
1188
1191
1208
1208
1208
1209
1209
1209
1211
1212
1212
1214
1216
1216
1221
1225
1225
1225
1225
1225
1225
1225
1225
1225
1226
1227
1228
1228
1230
1231
1231
1238
1240
1241
1242
1244
1244
1244
1245
1245
1246
1246
1246
1247
1247
1254
1255
1258
1263
1263
1264
1272
1276
1276
1277
1278
1278
1281
1287
1294
1312
1319
1322
1322
1322
1325
1326
1326
1348
1348
1364
1378
1381
1392
1393
1401
1401
1405
1408
1411
1412
1427
1429
1430
1430
1436
1436
1445
1446
1447
1460
1460
1461
1465
1465
1465
1465
1467
1473
1473
1473
1474
1474
1474
1549
1552
1557
1572
1572
1572
1575
1582
1588
1588
1589
1590
1593
1601
1608
1621
1644
1659
1659
1661
1669
1673
1680
1684
1687
1688
1689
1689
1690
1690
1691
1691
1694
1701
1702
1709
1714
1716
1717
1718
1718
1723
1723
1724
1727
1729
1730
1730
1731
1731
1731
1740
1741
1741
1742
1752
1761
1773
1773
1773
1777
1783
1783
1783
1784
1784
1784
1784
1785
1788
1793
1798
1798
1798
1807
1811
1816
1816
1819
1822
1822
1825
1825
1828
1828
1853
1853
1853
1863
1866
1866
1890
1890
1892
1912
1933
1934
1940
1940
1940
1940
1941
1941
1941
1941
1941
1941
1941
1942
1942
1942
1942
1942
1942
1942
1942
1942
1942
1942
1999
2019
2019
2019
2019
2022
2022
2027
2027
2027
2027
2029
2029
2029
2035
2049
2064
2068
2095
2095
2095
2095
2095
2095
2095
2095
2106
2119
2119
2128
2128
2128
2128
2128
2140
2142
2143
2143
2148
2150
2172
2204
2204
2217
2222
2226
2227
2227
2228
2228
2228
2228
2228
2228
2233
2233
2238
2247
2252
2267
2272
2277
2289
2290
2305
2307
2322
2322
2322
2329
2331
2332
2333
2356
2360
2363
2371
2372
2386
2386
2411
2423
2429
2431
2439
2444
2445
2449
2469
2486
2489
2494
2496
2496
2496
2497
2502
2502
2502
2502
2502
2502
2502
2502
2502
2520
2520
2521
2522
2522
2522
2522
