0
0
3
3
3
3
4
5
5
5
6
6
6
6
7
8
8
8
8
8
9
9
9
10
10
10
10
10
10
11
11
11
11
11
11
11
12
12
12
13
13
14
15
15
16
16
16
17
17
17
18
18
18
18
19
19
19
19
19
19
19
19
19
19
19
19
20
20
20
20
20
20
20
20
20
20
20
20
20
20
20
21
21
21
21
21
21
21
21
21
21
21
22
22
22
23
23
23
23
23
23
23
23
23
23
24
24
24
24
24
24
24
24
24
24
24
24
24
24
24
24
24
24
24
24
24
24
25
25
25
25
25
25
25
25
25
25
25
25
25
25
26
26
26
26
26
26
26
26
26
26
26
26
26
26
26
26
26
27
27
27
27
27
27
27
27
27
27
27
28
28
28
28
28
28
28
28
28
28
29
29
29
29
29
29
29
29
30
30
30
30
31
31
31
31
31
31
31
31
32
32
32
32
33
33
33
33
33
33
33
34
34
35
35
36
36
37
37
38
38
38
38
38
38
39
39
39
40
40
40
40
41
41
41
41
41
41
41
41
41
42
42
42
42
42
42
42
42
42
42
42
43
43
43
43
43
43
43
44
44
45
45
45
46
46
46
47
47
47
47
47
47
48
48
48
48
49
49
49
49
49
49
49
49
49
50
50
50
50
50
50
50
50
50
51
51
51
51
51
51
51
51
51
52
52
52
52
52
53
53
54
54
54
54
54
54
56
56
56
56
56
57
58
58
58
58
59
59
59
59
60
61
62
62
62
62
63
63
63
63
63
63
65
65
65
65
65
65
65
66
66
68
69
69
69
70
70
71
71
71
71
72
72
73
74
74
74
74
75
75
77
77
77
77
77
77
78
78
78
79
79
80
81
81
82
82
82
82
82
83
83
83
83
84
84
84
84
85
85
86
86
86
86
87
87
88
88
88
88
88
88
88
88
89
89
89
89
89
90
90
90
91
91
91
92
92
93
93
93
93
93
93
94
94
94
95
96
96
96
97
97
97
98
99
99
100
100
100
100
100
100
100
100
100
100
100
100
101
101
101
101
101
101
101
101
102
102
102
102
102
102
102
102
103
103
104
104
105
105
105
105
105
105
106
106
106
106
107
107
107
108
108
108
108
108
109
109
109
109
109
110
110
110
110
110
110
111
111
112
112
113
113
113
113
113
113
114
114
114
115
115
115
115
115
116
116
116
116
117
117
117
117
117
118
118
118
118
118
118
118
118
118
118
118
119
119
119
119
119
119
119
119
119
119
119
119
119
120
120
120
120
120
120
120
120
120
120
120
120
120
120
120
121
121
121
121
121
122
122
122
122
123
123
123
123
123
123
123
124
124
124
124
124
125
125
126
126
126
127
128
128
129
129
129
129
130
130
130
131
131
131
132
132
132
132
132
133
133
133
133
133
133
134
134
134
134
134
134
135
135
136
136
136
136
137
137
137
137
137
137
138
138
138
138
138
138
138
138
138
138
138
138
139
139
139
140
140
140
140
141
141
141
141
142
142
142
142
143
143
144
144
145
145
145
146
146
146
146
147
147
147
147
147
147
147
148
148
148
148
149
150
150
150
150
151
151
152
152
152
152
152
153
153
154
154
154
154
154
154
155
155
155
155
155
155
156
156
156
156
157
157
158
159
159
159
159
160
160
160
160
160
161
161
161
161
161
161
161
161
162
162
162
162
162
162
163
163
163
164
164
164
165
165
166
166
166
167
167
167
169
169
169
169
169
169
169
169
169
170
170
170
170
171
171
171
171
171
171
171
171
172
172
172
172
172
173
173
173
173
173
173
174
174
174
174
177
177
177
178
179
179
179
180
180
180
181
181
182
182
182
182
182
183
183
183
183
183
183
183
183
184
184
184
185
185
185
185
185
185
185
186
186
186
186
186
187
187
187
187
188
188
188
188
188
188
188
188
188
189
190
190
190
190
190
190
190
191
191
192
192
192
192
193
193
193
193
193
193
193
195
195
195
196
196
197
197
198
198
198
198
198
198
199
199
200
200
200
200
200
200
200
201
202
203
203
203
203
203
203
203
203
203
203
204
205
205
206
207
207
207
208
208
209
209
209
209
209
210
210
211
212
213
213
213
213
213
213
216
216
217
217
217
218
218
218
218
218
219
219
219
220
220
220
221
221
221
222
222
222
222
222
223
224
224
224
225
225
225
226
226
227
227
228
229
231
231
231
231
231
231
232
232
233
233
233
233
234
235
235
236
236
236
236
237
241
243
243
243
243
243
243
243
243
244
245
245
245
245
246
246
246
246
246
246
246
246
246
246
246
246
246
246
246
246
246
247
247
247
247
247
247
247
247
247
247
248
248
248
248
249
249
249
250
251
251
253
253
254
255
255
255
257
257
257
257
257
259
259
259
260
260
260
261
261
262
262
263
264
267
267
268
268
269
270
271
273
273
274
274
275
275
276
276
277
277
277
280
281
282
283
286
288
291
293
294
298
301
301
303
305
307
309
311
311
314
319
320
322
322
322
324
325
326
326
327
327
328
329
331
331
332
332
332
333
333
333
334
334
334
337
339
339
340
343
343
343
344
344
344
344
344
344
344
344
344
345
345
345
345
345
345
345
345
345
346
346
347
347
347
349
350
350
353
353
354
354
354
355
355
355
355
355
356
356
356
357
357
357
358
358
358
359
359
359
360
360
360
360
360
360
360
360
360
361
361
361
361
361
361
361
362
362
362
363
363
363
367
367
368
371
374
375
376
376
380
380
381
382
384
384
384
384
384
385
385
385
385
385
385
385
385
385
385
385
386
386
386
386
386
387
387
387
387
387
388
388
392
392
393
393
396
397
398
400
400
410
410
411
413
414
416
419
419
420
421
421
422
423
423
425
427
435
435
437
437
438
438
440
441
443
444
448
448
449
449
450
450
450
450
451
451
451
452
453
453
454
454
456
457
459
460
461
462
463
464
465
468
471
472
473
474
475
476
478
479
480
480
482
482
482
483
483
484
485
485
486
488
489
490
491
491
495
499
502
506
508
512
513
515
517
522
524
528
539
553
553
553
553
553
554
554
554
575
588
616
624
626
649
673
696
698
703
711
713
714
714
714
714
715
716
716
716
716
721
723
729
740
740
740
744
745
746
746
747
751
751
752
752
753
780
792
805
839
853
953
955
964
968
976
984
1009
1070
1070
1071
1071
1072
1124
1125
1126
1129
1129
1130
1132
1183
1195
1195
1196
1196
1246
1247
1264
1275
1278
1278
1278
1278
1278
1278
1279
1279
1279
1279
1279
1279
1280
1286
1299
1322
1331
1336
1425
1427
1428
1429
1429
1429
1429
1429
1430
1432
1432
1434
1434
1435
1435
1436
1436
1436
1437
1438
1438
1438
1438
1439
1440
1440
1440
1440
1440
1440
1441
1441
1441
1441
1441
1442
1442
1443
1443
1443
1443
1444
1444
1444
1444
1444
1444
1444
1444
1444
1444
1444
1444
1445
1445
1445
1445
1445
1445
1445
1447
1447
1447
1448
1448
1448
1449
1449
1450
1450
1450
1450
1450
1451
1451
1451
1452
1453
1454
1454
1455
1456
1456
1456
1456
1457
1457
1457
1457
1458
1458
1459
1459
1459
1459
1459
1460
1461
1461
1461
1461
1461
1462
1462
1462
1462
1463
1463
1463
1463
1463
1463
1464
1464
1465
1466
1466
1466
1467
1467
1468
1469
1470
1471
1471
1472
1472
1472
1473
1473
1473
1474
1474
1475
1475
1475
1475
1475
1476
1477
1477
1477
1477
1478
1479
1479
1481
1481
1481
1482
1482
1482
1482
1483
1483
1483
1483
1485
1486
1486
1489
1489
1490
1491
1492
1492
1492
1493
1493
1496
1496
1496
1498
1499
1501
1501
1503
1503
1504
1504
1504
1505
1505
1505
1506
1506
1510
1511
1511
1511
1511
1512
1512
1512
1514
1514
1516
1517
1518
1518
1518
1520
1521
1522
1524
1525
1530
1530
1532
1533
1536
1539
1539
1540
1541
1544
1547
1548
1548
1549
1550
1551
1552
1553
1553
1556
1557
1560
1560
1561
1561
1562
1562
1563
1563
1563
1565
1565
1569
1569
1570
1571
1573
1573
1574
1574
1575
1575
1576
1579
1580
1581
1582
1582
1582
1582
1583
1584
1585
1586
1586
1586
1587
1587
1587
1588
1588
1589
1589
1590
1591
1591
1592
1593
1593
1593
1595
1595
1597
1598
1598
1598
1600
1600
1600
1601
1601
1601
1602
1602
1602
1602
1603
1604
1604
1604
1606
1606
1606
1606
1607
1608
1609
1609
1611
1611
1612
1613
1616
1616
1616
1618
1621
1621
1625
1625
1625
1625
1626
1628
1628
1628
1628
1629
1629
1629
1629
1629
1630
1630
1631
1632
1632
1632
1632
1636
1637
1640
1640
1641
1642
1642
1643
1648
1649
1651
1651
1653
1653
1656
1661
1662
1665
1665
1665
1666
1667
1669
1669
1670
1671
1671
1671
1672
1673
1673
1673
1676
1680
1680
1681
1682
1684
1684
1685
1685
1686
1686
1691
1691
1691
1691
1692
1693
1694
1697
1697
1698
1698
1701
1701
1702
1704
1705
1705
1706
1706
1708
1708
1709
1710
1711
1713
1715
1716
1726
1726
1737
1738
1755
1759
1761
1764
1768
1770
1771
1771
1773
1780
1784
1785
1796
1796
1808
1808
1815
1815
1826
1833
1835
1838
1849
1851
1854
1855
1856
1856
1857
1861
1861
1868
1869
1870
1870
1870
1870
1871
1871
1871
1871
1871
1871
1871
1872
1872
1872
1872
1873
1885
1912
1913
1958
1971
1972
1998
2025
2088
2090
2110
2110
2186
2219
2219
2220
2222
2297
2338
2348
2383
2385
2387
2416
2424
2424
2425
2425
2425
2426
2426
2426
2432
2440
2449
2453
2455
2456
2456
2460
2464
2464
2464
2465
2465
2465
2465
2465
2467
2477
2483
2488
2488
2499
2503
2509
2510
2511
2513
2514
2514
2515
2518
2528
2731
2734
2856
2856
2877
2877
2963
2972
2972
2973
2973
2974
2975
2975
2977
2977
2977
2977
2977
2979
2982
2982
2984
2984
2985
2986
2987
2989
2991
2993
2994
2998
3000
3000
3002
3004
3006
3009
3009
3010
3011
3011
3014
3014
3014
3016
3016
3017
3020
3021
3022
3029
3049
3052
3058
3060
3072
3074
3093
3100
3122
3130
3136
3136
3137
3138
3141
3142
3151
3152
3154
3158
3160
3170
3170
3172
3176
3176
3177
3181
3182
3184
3184
3185
3186
3189
3191
3191
3208
3208
3209
3211
3222
3225
3228
3228
3237
3238
3242
3249
3249
3261
3267
3267
3290
3300
3308
3369
3620
3621
3686
3815
3815
3919
3997
3998
4005
4038
4062
4071
4074
4087
4102
4398
4665
4669
4673
4706
4713
4716
4719
4720
4739
4740
4744
4744
4745
4746
4758
4775
4829
4836
5070
5115
5600
5606
5611
5613
5614
5615
5617
5737
5742
5747
5754
5787
5799
5799
5872
5879
5880
5881
5886
5928
6019
6112
6144
6146
6151
6192
6197
6198
6236
6237
6251
6252
6262
6266
6268
6272
6281
6283
6285
6295
6297
6352
6493
6574
6575
6812
6816
6822
6823
6834
6835
6836
6840
6845
6845
6847
6849
6854
6858
6878
6879
6918
6927
6950
6980
7156
7179
7307
7328
7343
7350
7350
7351
7370
7424
7524
7524
7550
7605
7613
7614
7617
7617
7634
7665
7668
7695
7710
7713
7715
7716
7717
7717
7718
7723
7724
7725
7730
7735
7743
7743
7754
7821
7829
7831
7833
7838
7839
7840
7840
7840
7909
7909
7910
7917
7918
7922
7928
7928
7936
7937
7937
7937
7938
7975
8020
8054
8058
8300
8300
8301
8301
8301
8414
8414
8414
8416
8419
8420
8420
8421
8464
8466
8470
8472
8475
8475
8478
8484
8487
8541
8541
8549
8551
8551
8551
8561
8576
8577
8586
8593
8598
8602
8610
8650
8662
8682
8685
8693
8693
8700
8702
8707
8708
8711
8728
8730
8732
8733
8733
8734
8734
8734
8734
8734
8734
8735
8735
8735
8735
8736
8737
8742
8742
8744
8744
8744
8745
8746
8746
8750
8755
8758
8759
8759
8760
8760
8761
8761
8761
8762
8763
8763
8771
8774
8780
8784
8786
8786
8786
8786
8786
8786
8787
8787
8790
8790
8790
8790
8790
8790
8790
8790
8790
8790
8793
8795
8800
8800
8800
8800
8803
8810
8810
8866
8876
8908
8922
9085
9095
9097
9102
9185
9185
9186
9186
9268
9278
9280
9280
9280
9286
9286
9286
9286
9286
9286
9288
9288
9288
9288
9288
9290
9291
9293
9293
9293
9293
9293
9293
9293
9293
9293
9293
9293
9293
9294
9294
9294
9294
9294
9294
9308
9308
9308
9308
9308
9316
9318
9318
9318
9318
9318
9318
9318
9319
9319
9319
9319
9319
9319
9319
9341
9382
9388
9392
9392
9392
9392
9392
9392
9392
9392
9392
9392
9392
9392
9408
9408
9408
9408
9408
9408
9413
9413
9413
9413
9413
9413
9413
9417
9417
9417
9417
9417
9417
9417
9417
9417
9419
9442
9442
9442
9442
9442
