0
3
3
3
3
4
5
5
6
6
7
7
7
7
9
9
9
9
10
12
12
12
13
13
14
14
14
16
16
17
17
17
17
18
19
19
20
20
21
21
21
22
22
22
22
22
22
23
23
23
23
23
23
23
23
23
23
24
24
24
24
24
24
25
25
25
25
25
26
26
26
26
26
26
26
26
27
27
27
27
27
27
27
28
29
29
31
31
31
31
31
31
31
31
31
31
31
34
34
34
34
34
34
35
35
35
35
35
37
37
39
40
40
40
40
41
41
42
42
43
43
43
43
43
43
43
43
44
45
45
45
45
45
45
45
45
45
45
45
45
46
46
47
48
48
48
48
48
49
49
49
50
50
51
53
54
56
56
56
57
57
57
58
58
58
58
59
60
60
60
60
60
60
61
61
63
63
63
63
63
64
64
64
64
64
64
65
66
66
68
68
68
69
70
70
70
73
73
73
73
74
74
74
75
79
80
80
80
80
80
81
82
82
84
84
84
85
85
85
87
87
89
93
93
94
95
96
97
98
99
99
99
99
100
100
100
100
101
101
101
101
101
101
102
102
102
102
102
103
103
103
105
106
107
107
107
107
108
108
108
110
110
110
111
112
113
113
113
114
114
116
117
118
119
119
120
122
122
122
122
122
122
122
122
123
123
123
123
124
124
125
125
126
126
127
128
129
129
129
130
132
132
132
138
138
140
140
142
142
143
144
144
146
147
148
149
151
151
151
151
152
154
155
157
159
160
161
162
164
165
166
166
167
167
167
167
167
167
168
168
169
169
172
173
173
175
177
177
177
177
177
178
178
178
179
179
180
181
181
183
183
183
184
184
184
184
184
184
185
185
186
189
189
190
190
190
191
191
192
192
192
193
194
196
196
196
198
199
200
200
200
202
204
205
206
206
207
207
207
208
208
210
210
212
213
213
215
216
217
224
225
226
228
228
231
234
246
257
260
261
264
270
275
282
284
286
287
288
305
305
307
307
308
308
308
308
308
308
308
309
309
310
310
311
311
312
312
312
312
312
312
335
342
346
349
351
352
352
356
360
367
368
371
371
371
373
378
380
381
381
381
385
385
386
386
387
388
389
390
391
392
400
400
400
401
401
401
401
401
401
402
402
402
402
402
402
402
402
403
403
403
404
404
406
406
406
406
406
406
406
411
411
413
413
416
418
419
421
422
428
431
431
431
432
434
434
435
435
435
435
435
436
436
438
439
440
441
441
443
443
443
444
444
444
445
445
447
448
452
453
456
458
458
460
462
463
464
464
466
467
467
468
469
470
472
472
472
474
475
476
476
479
480
480
480
480
481
481
481
481
481
481
481
482
482
482
482
482
482
483
483
483
484
485
486
486
486
489
494
495
496
496
496
497
498
498
498
498
499
499
499
499
500
506
506
511
515
518
521
523
527
531
532
542
544
549
555
567
569
574
584
603
624
657
659
659
679
679
695
702
704
706
728
736
737
739
740
742
748
750
751
753
753
761
762
769
772
775
781
827
847
861
864
907
918
919
922
929
930
939
940
946
946
956
977
992
1026
1035
1066
1105
1106
1181
1190
1205
1212
1232
1251
1261
1270
1270
1279
1292
1419
1423
1425
1425
1427
1428
1428
1428
1429
1429
1430
1433
1437
1438
1439
1439
1439
1439
1440
1440
1440
1440
1440
1441
1441
1441
1441
1441
1441
1441
1443
1444
1445
1445
1446
1446
1446
1446
1448
1448
1449
1449
1451
1451
1451
1451
1452
1452
1452
1452
1454
1455
1456
1457
1457
1458
1458
1459
1459
1459
1460
1461
1463
1463
1463
1464
1464
1465
1465
1465
1465
1466
1466
1466
1468
1469
1470
1471
1472
1472
1473
1474
1474
1474
1475
1475
1476
1476
1476
1476
1477
1477
1477
1477
1478
1479
1479
1479
1481
1481
1482
1482
1484
1484
1485
1485
1486
1488
1488
1489
1490
1491
1491
1492
1493
1493
1493
1493
1494
1494
1495
1495
1496
1496
1496
1496
1497
1497
1498
1499
1501
1501
1502
1502
1503
1504
1505
1505
1509
1509
1509
1509
1510
1510
1510
1510
1510
1510
1510
1510
1510
1510
1510
1510
1511
1511
1511
1511
1511
1511
1511
1511
1511
1511
1511
1512
1512
1512
1512
1512
1512
1513
1514
1515
1515
1515
1516
1516
1517
1518
1519
1522
1522
1524
1529
1530
1530
1530
1531
1532
1533
1533
1533
1533
1533
1534
1534
1534
1534
1534
1534
1535
1535
1535
1536
1539
1539
1551
1553
1555
1557
1557
1557
1557
1557
1558
1558
1558
1559
1561
1561
1562
1563
1565
1568
1568
1568
1569
1570
1570
1570
1570
1571
1571
1574
1574
1577
1581
1581
1582
1582
1582
1583
1583
1583
1583
1585
1586
1586
1586
1587
1587
1587
1588
1588
1588
1588
1589
1589
1589
1589
1589
1589
1591
1592
1592
1593
1594
1594
1594
1594
1594
1594
1594
1595
1595
1595
1596
1596
1598
1598
1599
1599
1599
1599
1599
1600
1600
1600
1600
1600
1601
1601
1601
1601
1601
1603
1605
1606
1606
1606
1606
1608
1609
1610
1610
1611
1611
1612
1613
1614
1615
1616
1620
1621
1627
1629
1630
1630
1630
1630
1630
1632
1632
1635
1635
1636
1636
1636
1636
1640
1642
1643
1643
1643
1644
1644
1644
1646
1648
1653
1654
1655
1656
1657
1657
1657
1657
1658
1660
1660
1662
1667
1668
1668
1668
1670
1670
1671
1671
1671
1671
1671
1671
1672
1672
1675
1675
1676
1676
1678
1678
1679
1679
1682
1685
1689
1690
1690
1691
1694
1695
1695
1695
1696
1696
1696
1697
1733
1843
1846
1870
1872
1872
1875
1880
1882
1883
1884
1890
1894
1895
1901
1910
1923
1928
1928
1930
1934
1948
1949
1953
1954
1958
1958
1960
1963
1964
1992
2080
2418
2490
2501
2501
2511
2585
2663
2852
2958
2965
2969
2970
2972
2976
2978
2988
2988
3007
3007
3008
3009
3011
3020
3024
3024
3026
3026
3027
3027
3027
3027
3030
3031
3031
3032
3040
3040
3042
3043
3044
3045
3046
3046
3048
3048
3051
3052
3053
3054
3055
3055
3057
3058
3059
3059
3061
3066
3068
3068
3068
3068
3068
3071
3076
3079
3079
3079
3079
3080
3080
3080
3080
3081
3081
3082
3084
3086
3088
3090
3096
3098
3099
3100
3115
3115
3116
3132
3132
3132
3132
3132
3132
3132
3132
3132
3132
3132
3132
3132
3132
3133
3133
3134
3134
3136
3138
3138
3139
3144
3148
3151
3153
3155
3158
3158
3163
3163
3164
3165
3166
3167
3167
3167
3168
3168
3169
3169
3172
3172
3175
3175
3175
3175
3177
3178
3178
3179
3184
3188
3189
3189
3189
3189
3189
3189
3189
3189
3189
3189
3189
3189
3189
3189
3190
3190
3195
3198
3199
3199
3199
3199
3199
3200
3200
3200
3200
3200
3200
3200
3200
3200
3200
3201
3201
3201
3201
3202
3202
3203
3204
3207
3207
3207
3207
3207
3207
3207
3207
3207
3210
3215
3216
3218
3219
3225
3227
3228
3229
3230
3233
3234
3235
3235
3236
3236
3237
3242
3245
3246
3248
3249
3249
3254
3255
3260
3261
3264
3271
3271
3274
3275
3276
3277
3277
3278
3279
3279
3284
3284
3289
3291
3291
3292
3292
3295
3296
3298
3299
3299
3299
3299
3300
3300
3300
3301
3301
3302
3302
3302
3302
3304
3306
3308
3310
3311
3311
3311
3312
3313
3315
3318
3327
3336
3340
3359
3413
3474
3479
3480
3480
3480
3481
3481
3481
3481
3482
3483
3486
3488
3488
3488
3489
3489
3489
3490
3490
3490
3490
3492
3501
3501
3503
3503
3503
3503
3503
3504
3504
3508
3509
3512
3516
3518
3518
3519
3519
3520
3524
3531
3538
3542
3547
3554
3555
3555
3556
3560
3561
3561
3564
3570
3576
3577
3581
3581
3581
3582
3582
3582
3582
3582
3583
3585
3586
3589
3591
3592
3592
3593
3593
3598
3600
3602
3608
3616
3617
3626
3627
3635
3635
3635
3636
3636
3637
3661
3672
3674
3682
3682
3686
3687
3687
3687
3690
3943
3944
3946
3949
3952
3956
3989
3993
3995
3997
4000
4052
4175
4176
4177
4177
4180
4181
4182
4203
4204
4214
4214
4216
4219
4224
4227
4227
4229
4230
4231
4233
4234
4234
4234
4234
4235
4235
4235
4238
4239
4240
4241
4242
4244
4247
4251
4255
4261
4261
4271
4274
4286
4289
4289
4289
4290
4290
4290
4291
4293
4293
4293
4293
4293
4293
4294
4294
4294
4294
4294
4294
4294
4294
4294
4294
4295
4295
4295
4295
4295
4295
4295
4295
4295
4296
4296
4296
4296
4296
4297
4298
4299
4300
4303
4304
4305
4311
4313
4318
4332
4347
4376
4462
4462
4466
4478
4487
4491
4500
4519
4523
4526
4527
4528
4530
4531
4531
4532
4532
4532
4535
4540
4541
4548
4548
4553
4554
4554
4566
4568
4569
4569
4574
4574
4582
4584
4586
4589
4594
4609
4609
4609
4609
4610
4610
4610
4610
4611
4611
4616
4624
4624
4624
4628
4629
4649
4649
4649
4649
4649
4649
4649
4653
4653
4653
4653
4656
4657
4657
4657
4657
4657
4657
4659
4660
4665
4670
4672
4675
4675
4680
4681
4682
4682
4684
4685
4686
4686
4686
4686
4686
4687
4687
4687
4687
4687
4687
4687
4687
4690
4692
4692
4692
4693
4693
4695
4695
4701
4702
4704
4708
4709
4710
4711
4713
4717
4718
4723
4725
4726
4726
4732
4736
4737
4740
4744
4746
4750
4752
4752
4769
4770
4770
4771
4776
4776
4779
4792
4792
4795
4799
4801
4809
4811
4811
4813
4814
4818
4819
4823
4824
4824
4824
4824
4829
4829
4854
4854
4855
4856
5001
5050
5058
5058
5058
5065
5074
5749
5754
5755
5755
5777
5779
5780
5781
5781
5787
5787
5788
5791
5791
5794
5794
5804
5811
5812
5812
5816
5819
5819
5823
5827
5827
5827
5827
5838
5840
5849
5854
5856
5900
5901
5901
5901
5919
5929
5943
5945
5947
5951
5951
5954
5986
5990
5991
5991
5991
5991
5997
5997
5997
6058
6060
6069
6073
6084
6085
6087
6087
6090
6091
6092
6093
6097
6098
6099
6101
6101
6103
6104
6107
6118
6118
6119
6120
6122
6128
6135
6135
6135
6135
6136
6136
6137
6138
6140
6149
6150
6152
6158
6158
6158
6158
6159
6159
6164
6172
6172
6173
6173
6173
6176
6181
6190
6209
6209
6209
6213
6217
6217
6217
6217
6221
6221
6221
6224
6226
6228
6229
6229
6229
6229
6230
6230
6230
6230
6231
6231
6231
6231
6235
6235
6235
6235
6235
6236
6245
6246
6247
6248
6249
6254
6254
6254
6260
6266
6267
6267
6278
6280
6294
6295
6296
6298
6309
6313
6314
6320
6331
6338
6343
6343
6355
6356
6356
6356
6357
6358
6360
6362
6364
6369
6382
6382
6385
6389
6390
6399
6416
6423
6426
6433
6446
6446
6450
6450
6452
6453
6458
6622
6641
6641
6641
6642
6642
6642
6643
6643
6643
6644
6669
6671
6672
6673
6680
6680
6689
6694
6698
6699
6700
6704
6707
6713
6730
6743
6747
6783
6789
6792
6793
6801
6837
7045
7047
7047
7549
7567
7569
7571
7625
7693
7701
7701
7704
7708
7709
7711
7712
7717
7719
7720
7729
7732
7736
7739
7740
7740
7741
7742
7744
7745
7746
7746
7746
7753
7754
7759
7759
7764
7768
7768
7773
7774
7774
7777
7777
7781
7785
7785
7786
7793
7796
7798
7799
7800
7801
7806
7809
7816
7816
7817
7818
7823
7826
7826
7827
7836
7837
7838
7839
7841
7864
7869
7873
7878
7878
7879
7912
7918
7975
7976
7978
7982
7987
7990
7992
7993
7993
8119
8131
8135
8139
8140
8158
8161
8168
8178
8179
8179
8182
8224
8231
8231
8240
8248
8249
8309
8316
8328
8367
8367
8449
8466
9271
9276
9311
9330
9338
9340
9341
9350
9351
9363
9363
9364
9379
9379
9379
9379
9380
9381
9383
9387
9388
9390
9400
9406
9409
9414
9414
9417
9417
9441
9495
9499
9500
9504
9505
9506
9511
9520
9526
9529
9529
9529
9529
9530
9532
9700
9723
9733
9733
9735
10805
10824
10824
10826
10836
10843
10846
10846
10851
10853
10855
10858
10859
10859
10871
10871
10881
10894
10895
10929
10935
10942
10942
10949
10949
10955
10955
10957
10957
10957
10988
11005
11005
11005
11005
11005
11013
11013
11013
11013
11013
11013
11013
11013
11013
11013
11013
11013
11013
11013
11017
11017
11017
11017
11017
11017
11017
11017
11017
11017
11017
11017
11017
11017
11018
11019
11022
11022
11022
11022
11022
11022
11022
11023
11023
11023
11023
11025
11028
11028
11028
11031
11032
11035
11038
11045
11051
11052
11053
11059
11059
11061
11107
11111
11111
11139
11181
11185
11307
11309
11397
11397
11397
11804
11805
11805
11829
11836
11836
11836
11837
11850
11850
11867
11867
11868
11880
11882
11893
11896
11910
11910
11939
12003
12039
12206
12206
12232
12239
12240
12240
12240
12246
12247
12255
12261
12282
12356
12357
12366
12379
12412
12416
12416
12484
12495
12495
12495
12495
12495
12495
12495
12495
12495
12495
12495
12495
12495
12495
12495
12495
12495
12495
12495
12495
12495
12495
12495
12495
12495
12495
12495
12495
12496
12496
12496
12497
12497
12497
12497
12501
12501
12501
12501
12501
12501
12501
12501
12501
12501
12501
12501
12501
12501
12514
12514
12514
12514
12514
12514
12514
12514
12514
12514
12514
12514
12514
12514
12515
12515
12515
12515
12515
12515
12515
12515
12515
12515
12515
12515
12515
12515
12516
12516
12516
12530
12534
12534
12535
12535
12536
12536
12555
12568
12568
12568
12568
12568
12568
12579
12593
12626
12648
12649
12677
12678
12682
12753
12771
12787
12787
12787
12793
12794
12798
12804
12816
12817
12819
12822
12841
12849
13139
13167
13202
13230
13243
13243
13246
13252
13260
13270
13469
13483
13503
13515
13518
13519
13519
13541
13558
13573
13592
13682
13683
13683
13683
13683
13683
13683
13684
13896
13904
13907
13928
13940
13962
13964
13966
13975
13976
13983
13991
13991
13998
14011
14015
14018
14020
14078
14087
14090
14115
14121
14192
14197
14210
14219
14366
14380
14394
14398
