2
3
3
3
4
4
5
5
7
8
9
10
10
11
11
11
11
12
13
14
14
15
16
16
16
17
17
17
17
17
17
17
18
18
19
19
19
19
19
19
20
20
20
21
21
21
21
22
22
22
22
23
23
23
23
23
23
23
23
24
24
24
24
24
24
24
24
24
24
25
25
25
25
25
25
25
25
25
25
25
25
25
25
25
25
26
26
26
26
26
26
27
27
27
27
27
27
27
27
28
28
28
28
29
29
29
29
30
30
31
31
31
31
31
31
32
32
32
32
33
33
33
33
33
33
33
33
33
33
33
34
34
34
34
34
34
34
34
34
35
35
35
35
35
36
36
36
36
37
37
37
37
38
38
38
38
39
39
39
39
39
39
40
40
40
40
41
41
41
41
41
41
41
41
42
42
42
42
43
43
44
44
44
44
44
44
45
45
45
45
45
45
45
45
45
45
46
47
47
47
48
48
48
49
50
50
50
50
50
51
51
51
52
52
52
52
52
52
52
52
52
52
53
53
53
53
53
54
54
55
55
55
55
56
57
57
57
57
58
58
58
58
58
58
58
59
60
60
60
60
61
61
61
61
61
62
62
63
63
63
63
64
64
64
65
65
65
66
66
66
66
66
66
67
67
67
68
68
68
68
68
68
68
68
68
69
69
70
70
70
70
71
71
71
72
72
72
73
73
73
74
74
74
74
74
74
74
74
74
74
74
74
74
74
75
75
76
77
77
77
78
79
79
79
79
79
80
80
80
81
82
82
82
82
82
82
82
82
82
82
82
82
82
82
82
82
84
84
84
84
84
84
84
85
85
85
85
85
85
86
86
86
86
87
88
88
89
89
90
90
90
90
91
92
92
93
93
93
93
94
94
94
94
94
94
94
94
94
94
94
94
95
95
95
96
97
98
98
98
98
98
98
98
98
99
99
100
100
101
101
101
101
101
101
101
102
102
102
102
102
102
102
102
103
103
103
103
103
103
104
104
105
105
105
106
106
106
106
108
109
109
110
112
113
114
115
116
116
116
116
116
116
116
116
116
117
118
118
120
122
123
123
123
124
124
124
124
125
125
125
125
125
125
126
127
128
128
129
129
129
129
130
131
131
131
131
131
132
132
133
133
133
134
134
134
134
135
135
135
136
136
136
136
137
137
137
137
137
137
137
137
138
138
138
138
138
138
138
138
138
138
138
138
138
138
138
138
138
138
139
139
139
139
139
139
139
139
139
139
139
139
139
139
139
139
139
139
139
139
139
140
140
140
140
140
140
140
140
140
140
140
140
140
141
141
141
142
142
142
143
144
144
144
145
145
145
146
146
146
146
146
146
147
147
148
151
151
152
152
152
153
153
153
153
153
154
154
155
156
157
157
158
158
162
163
165
165
165
165
166
166
166
166
167
168
168
168
169
169
169
169
169
169
169
170
170
170
170
170
170
171
171
171
172
172
172
172
172
172
172
172
172
172
174
174
174
174
174
174
175
175
176
176
177
177
177
177
177
177
177
177
177
179
179
179
179
180
180
181
182
182
182
182
183
184
184
184
185
185
185
185
186
186
187
187
187
188
189
189
189
189
189
189
190
190
190
190
191
191
191
191
191
191
191
192
192
192
193
193
194
194
195
195
195
195
196
196
196
196
196
196
196
196
196
196
196
196
197
197
198
198
198
198
198
198
200
201
201
201
201
201
202
202
202
202
202
203
204
204
204
204
204
204
204
204
205
206
206
206
206
207
207
207
207
207
208
208
208
208
208
209
209
209
209
210
210
210
210
210
210
211
211
211
211
212
213
213
213
213
214
215
215
216
216
218
218
219
219
219
220
220
221
223
223
225
225
225
225
225
226
226
226
226
226
226
226
226
226
226
226
226
226
226
226
226
226
227
227
227
227
227
227
227
227
227
227
227
228
228
228
228
228
228
228
228
228
229
229
229
229
229
229
229
229
230
230
231
232
232
232
233
234
234
234
238
239
239
239
239
239
239
239
239
240
241
241
241
242
242
242
243
243
243
243
243
243
244
244
244
244
245
246
248
248
249
249
249
249
251
251
251
252
253
253
254
254
254
254
255
255
255
256
256
257
258
258
258
259
259
259
260
261
263
263
263
265
265
265
266
266
267
267
267
267
267
268
268
268
270
270
270
270
272
274
274
276
277
277
278
278
279
279
280
282
283
283
284
284
284
284
285
288
289
291
292
293
295
295
295
295
295
295
296
296
297
298
298
301
301
302
304
304
305
305
305
308
310
310
311
312
312
313
313
313
314
314
314
315
316
318
319
320
320
321
321
321
321
321
321
321
321
321
322
323
326
327
327
328
329
329
330
330
331
333
333
334
336
336
337
338
338
339
342
344
345
346
348
350
352
354
354
359
362
362
364
366
366
366
367
367
368
370
371
373
373
376
376
376
376
376
376
376
376
377
377
377
377
377
377
377
377
378
378
378
380
380
381
381
383
383
383
383
384
384
385
386
388
388
388
388
389
389
392
392
392
393
394
394
395
396
397
399
400
400
401
403
403
404
404
405
407
407
408
408
409
410
410
412
417
418
418
418
418
420
421
421
424
426
426
426
427
427
431
433
433
434
434
434
434
435
436
437
437
437
438
438
443
445
446
446
446
447
449
449
450
450
450
450
453
454
457
457
457
459
462
462
463
465
465
467
468
468
469
469
470
471
472
472
472
473
476
478
478
480
481
482
482
483
483
485
487
488
489
490
490
491
497
498
498
499
501
503
504
504
505
508
509
509
510
510
511
513
514
515
518
518
520
524
525
526
527
527
528
528
528
528
528
528
528
528
528
528
528
529
529
529
529
529
529
529
530
530
532
534
534
535
535
536
536
536
536
537
537
537
538
542
542
542
542
543
543
544
544
544
544
544
544
545
545
545
546
546
547
548
548
548
548
549
549
551
551
552
552
553
553
553
554
556
557
557
563
564
564
564
565
565
565
565
570
570
570
571
571
573
573
575
576
578
578
578
579
579
583
586
586
591
592
594
594
594
594
595
597
598
600
600
601
601
602
604
604
604
606
609
610
610
610
610
610
610
611
611
611
612
614
614
615
615
616
618
618
620
620
620
620
620
621
624
626
627
627
628
630
631
632
632
632
632
633
633
634
634
636
637
638
639
639
640
648
649
654
655
658
662
662
677
678
678
679
679
679
679
679
680
680
680
684
684
688
689
690
690
694
704
704
707
707
710
710
712
714
714
714
715
717
718
725
725
732
735
738
742
742
742
743
743
749
749
749
752
759
764
766
771
779
788
788
788
791
795
815
816
823
823
826
827
829
837
838
840
842
842
842
845
846
848
848
849
854
855
855
857
861
862
862
863
863
863
864
864
864
865
865
865
865
866
866
866
866
868
869
869
870
871
871
872
879
880
881
881
881
883
883
887
889
889
889
889
890
890
890
893
893
894
894
895
895
895
895
895
895
895
895
895
895
896
896
897
915
919
922
924
937
951
951
952
952
952
952
953
953
953
953
954
954
954
954
954
954
955
955
955
956
964
964
965
965
966
974
989
989
1014
1015
1022
1022
1022
1022
1022
1022
1022
1023
1036
1036
1038
1050
1051
1052
1054
1070
1073
1074
1076
1079
1083
1087
1089
1095
1098
1098
1099
1102
1107
1113
1114
1116
1117
1118
1121
1122
1122
1122
1123
1134
1138
1139
1141
1141
1144
1144
1148
1148
1148
1148
1148
1149
1173
1182
1186
1188
1189
1189
1198
1198
1203
1203
1214
1220
1224
1224
1224
1225
1247
1249
1252
1276
1291
1297
1297
1312
1312
1313
1313
1315
1316
1319
1322
1324
1329
1336
1341
1341
1343
1344
1345
1349
1351
1351
1352
1352
1352
1353
1353
1353
1353
1353
1353
1358
1358
1358
1358
1358
1358
1358
1358
1359
1360
1380
1385
1389
1390
1390
1390
1390
1390
1390
1390
1390
1390
1390
1391
1391
1392
1392
1392
1393
1393
1394
1395
1397
1398
1400
1401
1401
1404
1406
1406
1406
1408
1409
1411
1412
1412
1417
1419
1420
1420
1431
1433
1433
1436
1436
1438
1441
1442
1442
1442
1442
1443
1443
1443
1443
1443
1443
1444
1445
1446
1447
1451
1454
1454
1454
1454
1454
1454
1455
1455
1455
1455
1455
1455
1455
1455
1455
1456
1456
1456
1456
1456
1456
1456
1456
1456
1457
1457
1457
1458
1460
1461
1461
1463
1466
1466
1467
1469
1469
1469
1470
1470
1470
1470
1470
1470
1470
1470
1470
1470
1471
1471
1471
1472
1473
1474
1474
1474
1475
1475
1475
1475
1475
1476
1477
1477
1477
1478
1478
1479
1479
1479
1480
1481
1481
1481
1483
1483
1484
1485
1485
1486
1487
1487
1491
1491
1493
1494
1495
1498
1499
1500
1503
1507
1508
1508
1511
1511
1513
1513
1514
1516
1516
1518
1519
1519
1520
1520
1521
1521
1524
1527
1528
1532
1533
1533
1534
1540
1541
1542
1545
1546
1546
1549
1549
1550
1550
1550
1551
1551
1552
1554
1555
1557
1558
1558
1560
1564
1565
1565
1566
1568
1571
1571
1572
1572
1572
1573
1575
1577
1577
1578
1579
1579
1583
1584
1587
1587
1587
1588
1588
1589
1592
1592
1593
1593
1593
1593
1593
1593
1593
1593
1593
1593
1596
1597
1599
1599
1599
1599
1600
1601
1601
1602
1603
1603
1604
1604
1605
1605
1605
1607
1607
1607
1608
1608
1613
1613
1614
1617
1619
1620
1620
1622
1622
1623
1623
1623
1624
1624
1625
1626
1626
1626
1626
1627
1627
1627
1627
1628
1630
1634
1635
1636
1636
1637
1637
1638
1639
1640
1641
1641
1650
1650
1650
1651
1653
1653
1653
1653
1653
1653
1653
1654
1654
1655
1656
1662
1667
1667
1669
1676
1678
1681
1682
1686
1686
1686
1687
1688
1689
1689
1690
1693
1694
1694
1696
1696
1701
1709
1713
1714
1731
1731
1731
1731
1732
1732
1733
1736
1736
1736
1736
1736
1736
1736
1736
1738
1742
1744
1753
1754
1754
1755
1755
1760
1772
1776
1779
1780
1780
1781
1781
1781
1781
1781
1784
1790
1790
1797
1797
1801
1801
1801
1801
1806
1806
1806
1813
1823
1823
1823
1823
1824
1824
1824
1824
1831
1831
1831
1837
1842
1843
1848
1848
1849
1849
1873
1873
1873
1880
1880
1889
1891
1892
1893
1893
1895
1896
1896
1896
1900
1907
1910
1911
1911
1916
1921
1921
1921
1934
1935
1943
1952
1954
1957
1961
1966
1966
1967
1969
1971
1974
1975
1983
1994
1996
2007
2008
2008
2009
2025
2031
2052
2053
2053
2058
2069
2072
2073
2088
2088
2111
2114
2115
2115
2122
2133
2149
2156
2156
2156
2158
2160
2166
2166
2167
2169
2179
2189
2194
2221
2221
2227
2232
2233
2249
2280
2287
2295
2296
2296
2296
2297
2297
2301
2320
2323
2330
2344
2344
2346
2396
2401
2402
2404
2404
2405
2405
2406
2408
2423
2479
2486
2493
2497
2500
2557
2599
2639
2643
2651
2652
2657
2768
2770
2771
2771
2771
2772
2773
2793
2885
2959
2979
2994
3007
3019
3022
3033
3034
3037
3039
3040
3049
3052
3052
3054
3065
3066
3067
3067
3067
3067
3067
3068
3068
3068
3068
3068
3068
3068
3068
3069
3072
3077
3077
3077
3077
3077
3077
3078
3081
3089
3091
3092
3092
3092
3093
3093
3095
3095
3095
3095
3095
3095
3104
3106
3107
3107
3112
3112
3113
3113
3113
3113
3113
3123
3123
3123
3123
3127
3128
3133
3134
3134
3135
3139
3148
3158
3158
3160
3160
3164
3165
3173
3179
3181
3186
3190
3191
3191
3194
3196
3198
3203
3203
3204
3208
3209
3211
3212
3212
3217
3219
3224
3225
3228
3228
3228
3228
3235
3239
3239
3240
3241
3242
3243
3247
3247
3247
3248
3250
3250
3256
3260
3265
3273
3276
3280
3280
3288
3295
3297
3301
3301
3305
3306
3306
3306
3306
3308
3308
3308
3309
3322
3326
3326
3327
3334
3337
3338
3351
3351
3351
3361
3361
3361
3361
3366
3380
3397
3418
3446
3446
3446
3447
3449
3461
3467
3467
3469
3470
3471
3472
3472
3472
3472
3472
3472
3473
3474
3474
3476
3479
3479
3484
3485
3485
3485
3485
3486
3488
3489
3495
3495
3495
3496
3496
3497
3498
3503
3507
3508
3545
3547
3551
3551
3554
3555
3555
3555
3557
3557
3560
3561
3561
3562
3562
3564
3564
3564
3564
3565
3612
3632
3632
3632
3658
3698
3714
3723
3727
3743
3746
3792
3793
3816
3818
3819
3824
3832
3852
3856
3856
3857
3868
3915
3916
3916
3917
3918
3919
3920
3947
3949
3980
3980
4024
4067
4173
4174
4203
4205
4232
4260
4265
4266
4266
4266
4308
4308
4318
4355
4390
4412
4425
4426
4547
4555
4566
4567
4619
4626
4626
4629
4633
4645
4645
4648
4648
4657
4660
4661
4663
4664
4666
4667
4671
4672
4672
4674
4695
4721
4723
4727
4727
4727
4728
4728
4732
4734
4738
4738
4739
4740
4758
4758
4763
4763
4764
4773
4787
4787
4793
4793
4797
4799
4799
4799
4804
4809
4811
4811
4812
4813
4813
4826
4827
4828
4829
4837
4838
4860
4905
4905
4905
4912
4914
4920
4920
4937
4945
4946
4951
4980
4980
4992
4992
5029
5029
5029
5033
5034
5034
5042
5052
5061
5126
5152
5204
5204
5214
5214
5214
5214
5229
5229
5229
5229
5229
5229
5229
5229
5231
5231
5231
5233
5233
5294
5306
5307
5355
5473
5485
5572
5656
5713
5714
5714
5714
5778
5793
5831
5833
5836
5836
5836
5836
5837
5837
5851
5855
5855
5856
5856
5857
5858
