3
3
4
4
5
5
6
6
6
8
8
8
9
10
10
10
10
11
11
11
11
11
11
12
12
12
12
12
13
14
15
15
16
16
17
17
17
18
18
18
18
19
19
19
19
19
19
20
20
20
20
20
20
20
20
20
21
21
21
21
21
21
21
21
21
21
21
21
21
21
21
21
21
21
21
21
21
22
22
22
22
22
22
22
22
22
23
23
23
23
23
23
23
23
23
23
24
24
24
24
24
25
25
25
25
25
25
25
25
25
25
25
26
26
26
27
27
27
27
27
28
28
28
28
28
28
28
29
29
29
29
29
29
30
30
30
30
30
30
30
31
31
32
32
32
32
32
33
34
35
36
36
36
36
37
38
38
38
38
38
38
39
39
40
40
40
40
40
41
41
41
41
41
41
41
41
41
41
41
41
41
41
42
42
42
42
42
42
42
42
42
42
43
44
44
44
45
45
46
46
46
47
47
48
48
48
49
51
51
51
52
52
52
52
54
54
54
55
55
55
55
55
55
55
56
56
57
58
58
59
60
60
61
61
62
63
64
64
64
64
65
65
65
65
66
66
67
68
68
68
68
69
69
69
70
70
70
70
71
71
71
71
72
72
72
72
72
72
72
73
73
74
74
75
76
76
76
77
77
77
77
78
78
78
78
78
78
79
79
79
79
81
81
82
82
82
82
83
83
83
83
83
84
85
85
85
86
86
86
88
89
89
89
89
89
89
89
90
90
90
90
90
90
90
90
91
91
91
91
91
91
91
91
92
92
92
92
92
93
93
93
93
93
93
93
95
95
95
95
95
96
96
96
96
96
97
97
97
97
97
97
97
97
97
98
98
98
98
98
98
98
98
100
100
101
101
101
101
102
102
102
103
103
103
103
103
104
104
104
104
104
105
105
105
105
105
105
107
107
107
108
109
109
109
110
110
110
110
110
110
110
111
111
111
111
111
111
111
111
111
111
111
112
112
112
112
112
112
112
112
112
112
113
113
113
113
114
116
116
116
116
116
116
116
116
116
116
116
116
116
116
116
116
117
117
117
117
117
117
118
118
118
118
118
118
118
118
119
119
119
119
119
120
121
121
121
121
121
121
122
122
122
122
122
122
122
123
123
123
123
123
123
124
124
126
126
126
126
126
126
127
128
128
129
129
129
130
130
130
131
131
132
132
132
132
132
132
133
134
134
134
134
134
135
135
136
136
136
137
137
137
139
139
139
140
140
141
141
141
141
141
141
142
142
142
142
142
142
143
143
143
144
144
144
144
144
146
146
146
146
146
146
146
147
148
148
148
149
149
149
149
149
150
150
150
151
151
151
152
152
152
152
152
153
154
155
155
155
156
156
157
157
158
159
159
159
159
159
159
160
160
160
160
160
160
160
161
161
162
162
162
162
163
163
163
165
165
165
166
167
167
168
168
168
169
169
170
171
171
171
171
172
172
173
173
173
174
174
174
177
177
177
177
177
178
179
179
180
181
182
182
182
182
183
183
183
184
184
184
184
184
184
185
185
185
186
186
187
187
187
187
188
188
188
188
188
189
189
189
189
189
190
190
190
190
190
190
190
190
191
191
191
191
191
191
191
191
191
191
191
192
192
192
193
194
194
195
195
195
195
195
196
196
196
196
196
196
196
196
196
197
197
197
197
197
197
197
198
198
198
199
199
200
201
201
202
202
202
202
203
203
204
205
206
208
208
208
209
209
210
213
214
216
216
216
216
220
220
221
222
223
223
224
224
225
225
225
227
227
227
228
229
229
229
229
232
234
234
236
237
238
238
240
240
241
241
242
243
243
243
244
245
245
246
247
247
249
249
249
249
249
249
249
249
249
250
250
251
252
257
257
257
257
258
259
260
260
260
260
261
261
261
262
262
263
263
263
265
265
265
266
267
268
268
268
268
268
271
271
275
280
282
285
286
290
290
291
291
291
292
292
296
298
299
303
305
306
306
306
306
308
309
310
310
310
310
311
311
313
314
314
316
317
319
320
326
328
328
328
328
328
328
328
328
328
329
329
329
329
330
330
330
330
330
331
331
337
339
339
339
339
342
343
343
345
345
347
347
347
348
349
350
353
356
356
357
361
363
366
368
369
369
370
371
373
374
374
375
375
377
380
381
381
381
381
382
383
384
384
385
385
385
385
388
393
396
401
413
414
417
421
423
430
435
439
443
447
448
449
456
462
464
466
467
469
473
475
483
483
483
483
483
492
494
506
508
508
508
511
512
513
514
515
515
515
517
522
523
523
524
525
525
529
530
531
531
531
531
531
532
533
543
548
556
556
557
564
565
565
573
574
576
579
580
582
585
585
585
586
589
599
602
603
603
605
607
609
612
615
618
618
618
618
619
619
619
620
620
620
620
620
625
629
637
640
643
646
649
651
652
654
660
668
669
670
673
674
675
676
677
679
680
690
691
772
801
803
815
826
845
847
849
876
882
889
899
899
905
913
914
915
921
922
925
926
941
967
967
968
968
968
968
968
968
968
969
969
969
969
969
969
969
970
970
977
977
977
977
979
980
980
981
981
983
983
983
983
983
986
989
991
992
993
995
1000
1004
1006
1006
1006
1007
1007
1007
1007
1007
1020
1020
1021
1022
1023
1024
1025
1025
1026
1026
1028
1028
1037
1037
1038
1038
1038
1039
1040
1041
1043
1047
1047
1049
1050
1050
1050
1052
1053
1053
1054
1055
1056
1056
1056
1056
1056
1057
1057
1057
1058
1059
1061
1062
1062
1064
1068
1071
1073
1076
1087
1088
1091
1094
1094
1096
1097
1099
1101
1102
1115
1115
1118
1125
1129
1131
1133
1133
1133
1135
1136
1137
1137
1138
1138
1139
1139
1139
1140
1143
1143
1143
1143
1143
1144
1145
1150
1152
1153
1155
1156
1158
1162
1163
1167
1168
1170
1171
1173
1176
1179
1179
1180
1184
1184
1189
1190
1202
1208
1217
1218
1221
1221
1229
1233
1235
1275
1276
1302
1303
1305
1306
1383
1384
1384
1392
1395
1397
1400
1409
1411
1412
1413
1413
1414
1414
1414
1414
1415
1415
1415
1417
1418
1421
1421
1423
1427
1429
1429
1429
1429
1430
1430
1431
1431
1434
1435
1435
1439
1439
1439
1439
1440
1440
1441
1442
1444
1444
1445
1445
1447
1447
1448
1448
1448
1448
1449
1450
1450
1450
1450
1450
1450
1450
1450
1451
1451
1452
1453
1455
1455
1456
1457
1458
1458
1458
1458
1461
1461
1461
1462
1462
1465
1468
1468
1469
1469
1469
1471
1471
1472
1473
1473
1473
1474
1474
1476
1476
1476
1479
1481
1481
1483
1483
1484
1484
1485
1485
1486
1488
1488
1489
1489
1490
1491
1492
1492
1494
1498
1498
1500
1500
1501
1501
1501
1501
1503
1504
1505
1507
1515
1517
1517
1517
1517
1518
1518
1518
1518
1518
1518
1519
1519
1519
1520
1522
1527
1529
1532
1538
1539
1542
1542
1542
1542
1544
1545
1545
1547
1547
1549
1549
1550
1551
1551
1551
1552
1552
1552
1552
1554
1555
1558
1559
1560
1560
1567
1568
1569
1569
1570
1570
1572
1572
1572
1574
1575
1576
1576
1576
1576
1576
1576
1582
1583
1583
1583
1585
1587
1588
1589
1590
1590
1590
1590
1590
1590
1590
1591
1592
1593
1594
1595
1595
1596
1596
1598
1599
1599
1601
1601
1601
1601
1601
1601
1601
1601
1602
1602
1602
1602
1602
1602
1602
1603
1603
1606
1607
1608
1608
1608
1610
1610
1611
1613
1613
1613
1613
1613
1613
1613
1614
1615
1615
1616
1616
1616
1617
1617
1617
1617
1617
1617
1617
1617
1620
1621
1621
1621
1625
1626
1626
1628
1628
1628
1628
1629
1629
1630
1632
1632
1635
1635
1636
1638
1638
1640
1640
1642
1643
1644
1645
1646
1647
1650
1652
1652
1654
1655
1656
1656
1656
1656
1657
1657
1658
1658
1659
1659
1661
1661
1661
1662
1662
1662
1663
1663
1663
1664
1664
1665
1666
1666
1666
1667
1667
1668
1669
1670
1671
1671
1673
1673
1673
1674
1674
1674
1675
1675
1675
1676
1677
1677
1678
1679
1680
1681
1682
1682
1683
1683
1684
1684
1684
1685
1686
1686
1687
1689
1689
1689
1689
1689
1690
1691
1691
1693
1693
1695
1696
1697
1698
1701
1703
1703
1704
1705
1705
1706
1708
1709
1709
1714
1715
1716
1719
1720
1721
1722
1731
1742
1749
1751
1753
1755
1755
1757
1758
1764
1764
1771
1775
1776
1777
1778
1785
1786
1786
1789
1789
1789
1793
1793
1793
1794
1794
1794
1794
1797
1801
1801
1805
1806
1806
1813
1815
1817
1819
1820
1821
1826
1826
1827
1828
1829
1830
1836
1838
1843
1856
1884
1885
1901
1916
1916
1917
1917
1917
1917
1918
1923
1926
1934
1935
1951
1954
1954
1958
1959
1961
1961
1961
1964
1968
1980
1983
1984
1987
1989
1993
1995
1997
2006
2013
2014
2014
2016
2016
2029
2036
2057
2058
2059
2060
2094
2105
2106
2146
2148
2149
2150
2156
2157
2157
2166
2166
2183
2196
2197
2200
2203
2204
2204
2205
2205
2207
2219
2221
2221
2222
2223
2224
2224
2238
2243
2244
2245
2245
2249
2261
2261
2262
2262
2262
2262
2262
2262
2262
2262
2262
2262
2263
2263
2263
2263
2263
2263
2263
2263
2263
2263
2263
2264
2264
2269
2270
2270
2271
2271
2271
2271
2272
2272
2272
2272
2272
2273
2274
2277
2279
2280
2281
2287
2287
2287
2287
2288
2288
2289
2289
2292
2292
2300
2302
2308
2314
2321
2322
2323
2324
2326
2328
2331
2334
2334
2334
2334
2335
2335
2335
2335
2335
2335
2335
2336
2336
2336
2336
2336
2337
2337
2337
2337
2337
2339
2341
2341
2341
2342
2342
2342
2342
2342
2342
2343
2343
2343
2343
2343
2343
2348
2352
2353
2354
2354
2355
2355
2355
2357
2370
2371
2373
2378
2379
2386
2386
2386
2389
2392
2393
2394
2394
2396
2397
2398
2399
2400
2401
2401
2407
2408
2408
2408
2408
2410
2424
2424
2424
2424
2431
2432
2434
2435
2457
2461
2487
2487
2489
2489
2529
2531
2531
2532
2532
2534
2535
2540
2541
2542
2544
2545
2553
2560
2564
2570
2599
2605
2637
2640
2645
2666
2673
2673
2673
2675
2689
2697
2697
2698
2699
2702
2703
2706
2717
2717
2723
2725
2729
2730
2734
2734
2756
2757
2760
2761
2791
2802
2804
2810
2836
2866
2881
2888
2891
2892
2912
2967
2967
2970
2976
2976
2977
2978
2980
2981
2983
2984
2987
2990
2991
2993
2996
3000
3002
3005
3006
3006
3006
3008
3010
3013
3013
3013
3014
3015
3015
3016
3016
3017
3018
3019
3022
3022
3023
3023
3024
3025
3027
3027
3027
3027
3028
3028
3030
3030
3031
3032
3037
3041
3043
3049
3050
3055
3056
3059
3065
3065
3066
3067
3071
3074
3074
3077
3082
3082
3082
3086
3086
3086
3086
3088
3089
3094
3094
3095
3096
3097
3098
3098
3102
3102
3104
3105
3106
3110
3114
3115
3115
3119
3120
3124
3124
3124
3126
3126
3127
3129
3130
3130
3131
3132
3132
3133
3136
3137
3138
3140
3141
3143
3144
3145
3145
3145
3147
3148
3151
3153
3154
3156
3158
3161
3161
3166
3166
3166
3167
3167
3167
3169
3169
3173
3177
3184
3185
3186
3187
3187
3189
3190
3191
3192
3192
3194
3196
3196
3197
3199
3200
3200
3200
3201
3202
3203
3210
3214
3215
3217
3217
3220
3222
3223
3226
3228
3230
3232
3233
3235
3242
3242
3243
3248
3248
3248
3249
3254
3256
3257
3265
3269
3272
3314
3325
3328
3329
3333
3345
3348
3355
3360
3365
3368
3394
3402
3448
3483
3502
3503
3509
3516
3518
3519
3519
3527
3531
3531
3532
3533
3533
3534
3538
3541
3552
3552
3557
3559
3598
3601
3604
3607
3611
3612
3615
3616
3620
3620
3625
3625
3634
3641
3641
3644
3648
3656
3678
3695
3701
3734
3735
3744
3748
3749
3749
3755
3769
3770
3771
3775
3776
3776
3788
3808
3880
3891
3919
3921
3922
3923
3934
3935
3946
3992
3998
4002
4018
4021
4027
4027
4049
4077
4078
4106
4136
4182
4363
4363
4382
4383
4415
4481
4481
4482
4487
4498
4498
4516
4516
4525
4528
4534
4534
4541
4544
4558
4562
4563
4583
4588
4593
4620
4641
4646
4646
4648
4651
4651
4657
4657
4657
4657
4657
4657
4657
4657
4657
4657
4657
4657
4657
4657
4657
4659
4659
4659
4659
4659
4659
4659
4662
4662
4662
4662
4662
4682
4683
4683
4684
4685
4692
4693
4694
4696
4696
4696
4696
4698
4703
4705
4705
4706
4712
4717
4718
4725
4727
4729
4729
4729
4730
4736
4736
4736
4736
4738
4741
4742
4744
4744
4744
4748
4750
4759
4761
4766
4766
4767
4767
4768
4775
4785
4785
4785
4794
4794
4795
4797
4797
4810
4810
4814
4815
4818
4818
4818
4818
4820
4821
4824
4825
4825
4826
4827
4831
4831
4834
4835
4838
4840
4851
4851
4854
4858
4936
4936
4937
4937
4943
4943
4945
4945
4950
4963
4963
4968
4968
4968
4968
4968
4968
5008
5010
5010
5010
5010
5016
5016
5022
5022
5022
5022
5022
5027
5027
5027
5063
5066
5082
5082
5084
5084
5084
5085
5086
5086
5086
5089
5089
5093
5095
5095
5096
5097
5100
5100
5103
5103
5103
5103
5103
5103
5104
5104
5104
5119
5139
5170
5179
5180
5183
5188
5191
5193
5201
5201
5202
5202
5203
5205
5206
5210
5211
5213
5214
5215
5224
5225
5271
5271
5273
5282
5302
5320
5358
5420
5430
5430
5430
5430
5431
5431
5431
5431
5451
5485
5485
5485
5485
5486
5496
5496
5502
5513
5527
5543
5622
5623
5634
5645
5651
5653
5654
5661
5665
5698
5708
5708
5708
5708
5711
5713
5713
5726
5731
5731
5731
5731
5731
5731
5738
5743
5743
5745
5745
5751
5751
5760
5774
5774
5774
5774
5774
5905
5921
5943
5943
5972
6003
6004
6004
6005
6008
6013
6013
6015
6045
6081
6113
6131
6139
6139
6140
6142
6155
6159
6159
6159
6162
6163
6164
6166
6166
