0
3
3
3
4
4
4
5
6
6
6
6
7
7
7
7
8
8
8
9
9
9
9
9
9
11
11
11
11
11
11
11
12
12
12
13
13
13
14
14
16
17
17
18
18
18
18
18
18
19
19
19
19
19
20
20
20
20
20
20
20
21
21
21
21
21
21
21
21
21
21
21
21
21
21
21
21
21
21
21
21
22
22
22
22
22
22
22
22
22
22
22
22
22
22
22
22
22
22
22
22
23
23
23
23
23
23
23
23
23
23
23
24
24
25
25
26
26
26
26
27
27
28
28
28
29
29
29
29
29
29
29
29
29
29
29
29
30
30
30
30
30
30
30
30
30
30
30
30
30
30
30
30
30
30
31
31
31
31
31
31
31
31
31
31
31
31
31
31
31
32
32
32
32
32
32
32
32
32
32
33
33
33
33
33
33
33
33
33
34
34
34
34
34
34
34
34
34
34
34
35
35
35
35
35
35
35
35
35
35
35
35
35
35
35
35
35
36
36
36
36
36
36
36
36
37
38
38
38
38
38
39
39
39
39
39
39
39
39
39
39
40
40
40
40
41
41
41
41
41
41
41
42
42
42
42
42
42
42
42
42
42
42
42
42
43
43
43
43
43
43
43
44
44
44
44
44
44
44
45
45
45
45
45
46
46
46
46
47
47
47
47
48
48
48
48
49
49
49
49
49
49
49
49
50
50
50
50
50
50
50
50
51
51
51
51
51
51
52
52
53
53
53
53
53
53
54
54
54
54
54
54
55
55
55
55
55
55
55
55
55
55
55
55
55
55
55
55
55
56
56
56
56
56
56
56
56
56
57
57
57
58
58
58
58
58
59
59
59
59
59
59
59
59
59
60
60
60
60
60
61
61
61
62
62
62
63
63
63
63
64
64
65
65
65
65
65
65
65
66
66
66
66
66
67
67
67
67
67
67
67
67
67
67
67
67
68
68
68
68
69
71
71
71
71
72
72
73
73
73
73
73
73
74
74
74
75
75
75
75
75
75
75
76
76
76
76
76
76
76
77
77
77
77
77
77
78
78
78
78
78
78
78
79
79
79
79
79
79
79
79
79
80
80
80
80
80
80
80
81
81
81
82
82
82
82
83
83
83
83
83
83
83
83
83
84
84
85
85
85
85
85
85
85
85
86
86
86
86
86
86
86
86
87
87
87
87
87
88
89
89
89
89
89
89
89
89
89
89
90
90
90
90
90
91
91
91
91
91
92
92
92
92
92
92
93
93
93
94
94
94
94
94
95
95
95
95
95
95
95
96
96
96
96
96
96
96
96
96
97
97
97
98
98
98
98
98
98
99
99
99
99
99
99
99
99
99
99
99
99
99
99
99
100
100
100
100
100
100
100
100
100
100
100
101
101
101
102
102
102
102
102
102
102
103
103
103
103
103
104
104
104
104
104
104
104
104
104
104
105
105
105
105
105
105
106
106
106
106
106
107
107
107
108
108
109
110
111
111
111
111
111
111
112
112
112
112
112
112
112
112
112
112
113
113
113
113
113
113
113
113
113
113
113
113
113
113
113
113
114
114
114
114
114
114
114
114
114
114
114
115
115
115
115
115
115
115
116
116
116
116
117
117
117
117
117
118
119
120
120
121
121
121
121
121
122
122
122
122
122
122
122
122
122
122
122
122
122
122
122
122
123
123
123
123
123
124
124
124
125
125
125
126
126
126
126
126
126
127
127
127
127
128
128
128
128
128
128
128
128
128
128
128
128
128
128
128
128
129
129
129
129
129
129
129
129
129
130
130
130
130
130
130
130
130
130
130
131
131
131
131
131
131
131
131
132
132
132
132
132
132
132
132
132
132
132
133
133
133
133
133
133
133
133
133
134
134
134
134
135
135
135
135
135
135
136
136
136
137
137
137
137
138
138
138
138
138
138
139
139
139
139
139
139
139
140
140
140
140
140
140
141
141
142
142
142
143
143
143
143
144
144
144
144
144
144
144
144
144
144
144
145
145
145
145
145
145
145
145
145
146
146
146
146
146
147
148
148
148
148
148
149
149
149
150
150
150
150
151
152
152
152
152
152
152
152
153
153
154
154
154
154
154
154
154
155
155
155
155
156
156
156
156
156
157
157
157
157
157
157
157
157
158
158
158
159
159
159
159
159
159
160
160
160
160
160
160
161
161
161
162
162
162
162
162
162
163
163
163
164
164
164
164
164
164
164
164
165
165
165
165
165
165
165
165
165
165
167
167
167
168
168
168
169
169
169
169
169
169
169
169
170
170
170
170
170
170
171
171
171
171
172
172
172
173
173
174
174
174
174
174
175
175
175
175
176
176
176
177
177
177
177
177
177
177
177
178
178
178
179
179
179
179
179
180
180
180
180
181
181
181
181
181
181
181
182
182
182
182
182
183
183
183
183
183
184
185
185
186
186
186
186
187
187
187
188
188
188
189
189
189
189
190
191
191
191
191
191
192
192
192
193
193
193
193
194
194
194
194
194
194
194
194
194
194
194
195
196
196
197
197
197
197
198
198
198
198
198
198
198
199
199
199
199
199
200
200
200
200
201
201
201
202
202
202
204
204
204
204
205
205
205
206
206
207
208
208
209
209
209
210
210
210
210
210
212
212
212
212
213
213
213
214
214
214
214
215
216
216
216
217
217
217
218
218
218
218
218
218
218
219
219
219
219
220
220
220
220
220
221
221
221
221
221
221
222
222
222
222
222
222
223
223
223
225
225
225
225
226
226
226
226
226
227
227
227
227
227
227
228
229
229
229
230
230
231
231
232
232
232
232
233
233
233
233
233
233
233
234
235
235
235
235
235
236
236
237
237
238
238
238
238
239
239
239
239
240
240
240
240
240
240
241
241
241
241
241
241
242
242
242
242
242
242
242
243
243
243
243
243
243
244
244
244
244
244
244
244
244
245
245
245
245
246
246
246
246
247
247
247
247
247
247
247
248
248
249
249
249
249
249
250
250
251
251
251
251
251
251
251
251
252
252
252
252
252
253
253
254
254
254
254
255
255
255
255
255
255
256
256
256
256
256
257
257
257
258
258
259
259
259
259
260
260
260
260
260
261
262
262
262
262
263
263
263
264
264
264
264
264
265
265
265
267
267
267
267
267
267
267
268
268
269
269
269
269
269
269
269
269
270
270
270
270
270
270
270
270
270
270
270
270
271
271
271
271
271
271
271
272
272
272
273
273
273
273
274
274
274
274
274
274
274
274
274
274
274
275
275
275
275
275
275
275
276
276
276
276
276
276
276
276
277
277
277
277
278
278
278
278
279
279
279
280
280
280
280
280
280
280
281
281
282
283
283
283
284
285
285
286
286
286
286
286
286
286
287
287
287
287
287
287
287
288
288
288
288
289
290
291
292
293
293
293
293
293
293
293
294
294
294
294
294
295
296
296
297
298
298
299
299
299
300
300
300
300
301
301
302
302
302
302
303
303
304
304
304
304
304
305
305
306
306
306
306
307
307
307
307
307
307
308
308
308
308
308
308
308
308
309
309
310
310
311
311
312
312
312
313
313
313
313
313
313
314
314
315
315
316
316
316
316
316
316
318
318
318
319
319
319
320
321
322
322
322
323
323
323
323
323
324
324
325
325
325
325
325
325
326
326
326
326
326
327
328
328
328
328
328
329
330
330
330
330
330
330
331
335
335
336
336
337
338
338
338
340
340
341
341
342
342
343
344
344
345
345
345
345
346
346
348
348
349
349
351
351
352
352
353
354
355
355
355
356
357
360
360
361
361
361
361
362
362
362
362
362
362
363
363
363
364
366
366
366
367
367
368
368
368
369
369
370
370
371
371
371
371
373
373
373
374
375
375
375
376
376
379
381
381
382
384
385
385
385
386
386
387
387
387
387
387
387
387
387
387
387
387
387
388
388
388
388
388
388
388
389
392
392
393
393
393
394
394
394
395
395
397
397
400
400
402
404
405
405
406
409
409
410
410
411
411
412
413
413
416
417
422
423
423
423
423
424
424
424
424
424
424
424
424
425
425
425
425
426
426
428
428
428
428
430
430
431
432
435
435
436
437
437
437
449
449
450
450
451
452
458
458
460
460
460
460
461
464
465
465
465
469
471
471
471
472
474
475
476
476
477
478
480
481
482
482
482
483
490
492
493
494
494
495
495
496
501
503
504
504
504
504
504
504
505
505
507
508
508
512
514
518
521
522
522
522
524
524
525
528
528
529
531
532
532
533
535
535
536
541
543
543
544
545
549
556
557
557
561
575
584
584
585
586
587
587
588
589
589
590
591
593
594
594
595
597
597
597
597
597
598
599
602
603
603
604
605
606
606
607
607
608
612
614
617
626
626
627
627
628
634
635
635
638
638
639
640
641
641
641
642
643
643
647
647
648
648
650
651
651
659
660
673
674
674
674
676
687
687
693
693
694
694
695
696
700
703
705
706
710
715
715
723
723
729
736
740
740
742
742
744
748
749
749
749
752
753
753
757
762
762
768
770
795
799
800
800
812
813
814
816
816
822
825
825
826
826
832
832
832
833
833
833
834
834
834
835
835
837
838
840
840
841
842
843
843
844
844
846
846
848
848
848
848
850
855
855
856
862
863
864
864
864
864
864
865
866
868
869
869
869
871
880
881
881
889
896
918
919
919
919
920
968
972
972
973
973
977
977
979
982
983
991
1003
1012
1021
1021
1030
1032
1049
1059
1059
1059
1063
1063
1092
1123
1123
1124
1129
1135
1139
1140
1140
1140
1141
1141
1141
1141
1144
1150
1169
1177
1184
1189
1193
1242
1248
1248
1260
1261
1261
1265
1332
1335
1336
1336
1336
1345
1350
1351
1360
1363
1417
1417
1418
1421
1421
1424
1425
1425
1425
1426
1428
1430
1431
1432
1433
1433
1433
1435
1436
1439
1447
1449
1449
1450
1450
1450
1451
1453
1453
1453
1453
1454
1454
1455
1457
1459
1460
1460
1460
1461
1462
1463
1463
1463
1464
1465
1465
1466
1466
1466
1467
1467
1469
1470
1471
1472
1474
1481
1481
1487
1487
1491
1491
1493
1493
1493
1493
1495
1496
1496
1497
1498
1499
1500
1500
1500
1502
1503
1504
1507
1510
1511
1513
1516
1516
1519
1520
1520
1522
1522
1525
1525
1526
1526
1526
1526
1527
1527
1528
1529
1532
1534
1534
1535
1536
1536
1536
1539
1541
1541
1544
1544
1547
1549
1549
1553
1556
1558
1558
1559
1561
1561
1562
1562
1564
1566
1567
1569
1570
1571
1571
1572
1573
1579
1580
1580
1581
1586
1588
1589
1589
1591
1594
1595
1595
1596
1597
1597
1597
1598
1598
1598
1599
1599
1601
1602
1602
1603
1603
1603
1603
1604
1604
1604
1604
1604
1604
1604
1604
1604
1604
1604
1604
1604
1604
1604
1604
1604
1604
1604
1604
1605
1605
1605
1606
1611
1611
1613
1615
1615
1615
1615
1616
1616
1617
1618
1618
1618
1619
1619
1619
1619
1619
1620
1620
1620
1621
1623
1623
1623
1623
1624
1625
1626
1626
1626
1626
1629
1629
1629
1629
1629
1630
1630
1632
1633
1633
1634
1634
1634
1634
1635
1635
1635
1637
1638
1639
1639
1641
1641
1643
1643
1644
1644
1644
1645
1645
1645
1645
1645
1645
1645
1645
1646
1646
1646
1648
1651
1651
1652
1652
1652
1652
1653
1655
1655
1656
1656
1656
1656
1656
1658
1659
1660
1661
1662
1663
1663
1664
1665
1666
1667
1671
1671
1671
1674
1674
1675
1675
1675
1675
1676
1676
1677
1678
1678
1678
1678
1679
1687
1688
1688
1688
1688
1688
1688
1690
1690
1695
1695
1695
1696
1696
1701
1701
1705
1706
1707
1708
1708
1721
1724
1724
1726
1729
1731
1731
1732
1733
1734
1734
1735
1736
1736
1740
1740
1742
1750
1750
1754
1754
1760
1765
1766
1773
1774
1774
1784
1784
1786
1787
1788
1789
1789
1789
1789
1789
1789
1790
1793
1793
1796
1797
1797
1798
1798
1798
1798
1799
1812
1812
1815
1819
1819
1820
1823
1824
1824
1827
1829
1829
1829
1829
1829
1829
1829
1829
1829
1829
1831
1834
1846
1847
1847
1850
1852
1856
1858
1858
1859
1863
1863
1868
1868
1869
1869
1870
1870
1870
1871
1877
1878
1878
1878
1879
1879
1879
1881
1881
1881
1881
1881
1881
1887
1887
1887
1893
1894
1894
1904
1905
1905
1906
1906
1908
1908
1911
1912
1917
1921
1926
1926
1926
1961
1967
1995
1996
1996
1998
2003
2005
2007
2086
2098
2100
2108
2113
2123
2143
2143
2160
2173
2173
2184
2186
2187
2189
2232
2234
2240
2240
2240
2272
2296
2296
2296
2298
2298
2298
2299
2301
2329
2332
2332
2339
2346
2347
2347
2347
2348
2348
2348
2349
2349
2349
2349
