0
2
3
3
3
4
4
4
5
6
6
6
7
7
7
8
8
8
8
8
8
9
9
9
10
11
11
11
11
11
12
12
12
12
12
13
14
15
15
15
16
16
16
16
16
17
17
17
17
17
17
18
18
18
18
19
19
19
19
20
20
20
20
20
20
20
20
20
21
21
21
21
21
21
21
21
21
21
21
21
21
21
21
21
21
21
21
21
21
21
22
22
22
22
22
22
22
22
22
22
22
22
22
23
23
23
23
23
23
23
23
23
23
23
24
24
24
24
24
24
24
24
24
24
24
25
25
25
25
25
25
25
25
25
25
26
26
26
26
26
26
26
26
26
26
26
27
27
27
27
27
27
27
27
28
28
28
28
28
28
28
28
28
28
29
29
29
29
29
29
29
29
29
29
29
30
30
30
30
30
30
30
30
30
30
31
31
31
31
31
31
31
31
31
31
31
31
31
31
32
32
32
32
32
32
32
32
32
32
32
32
32
33
33
33
34
34
34
34
35
35
35
35
35
35
36
36
36
36
36
36
36
36
36
36
36
36
36
36
37
37
37
37
37
37
37
37
37
37
37
37
37
37
37
37
37
37
37
37
37
37
37
37
37
38
38
38
38
38
38
38
38
38
38
38
38
38
38
38
38
38
39
39
39
39
39
40
40
40
41
41
41
41
41
41
41
42
42
42
42
42
42
42
42
42
42
43
43
43
43
43
43
43
43
43
44
44
44
44
44
44
45
45
45
45
46
46
46
46
46
46
47
47
48
48
49
49
50
50
50
51
51
51
51
51
51
52
53
53
53
53
54
55
55
56
56
56
56
56
57
57
57
57
57
57
57
57
58
58
58
58
59
60
60
60
60
61
61
62
62
62
62
62
62
62
62
63
63
63
63
63
64
64
64
64
64
65
65
65
65
65
65
65
65
66
66
66
66
67
67
67
68
68
70
70
70
70
71
71
71
72
72
72
72
73
73
74
74
75
75
76
76
77
77
77
77
78
78
78
78
78
79
79
79
79
79
80
80
81
81
81
82
82
83
83
84
84
84
84
84
85
85
85
85
85
85
85
85
85
85
86
86
86
86
86
86
86
86
86
86
86
86
86
86
86
86
86
86
86
86
86
86
87
87
87
87
87
87
87
87
87
87
87
87
87
87
87
88
88
88
89
89
89
90
90
90
90
91
91
91
91
91
91
91
91
92
92
92
92
92
93
93
93
93
94
94
94
94
94
94
94
94
94
95
95
95
95
95
95
96
96
96
96
96
97
97
97
97
98
98
98
98
98
98
98
98
99
99
99
99
100
100
100
100
100
100
100
100
100
101
101
101
101
101
101
101
102
102
102
102
103
103
103
103
104
104
104
104
105
106
106
106
106
106
106
106
106
107
107
107
107
107
107
107
108
108
108
108
108
108
109
109
110
110
110
111
111
111
112
112
112
112
112
113
113
113
114
115
115
115
116
116
116
116
117
117
117
117
118
118
119
119
119
119
119
120
120
120
120
120
120
120
120
120
121
121
121
121
121
121
121
121
121
121
122
122
122
123
123
123
124
124
125
125
125
125
125
125
125
125
125
125
125
125
126
126
126
126
126
126
127
127
127
128
128
128
128
128
129
129
129
131
131
131
132
133
133
133
133
133
133
133
134
134
134
134
134
135
135
135
135
136
136
137
137
137
137
137
137
138
138
139
139
139
139
140
140
140
140
140
140
141
141
141
141
142
142
142
143
143
143
145
146
146
146
146
147
147
147
148
148
148
148
149
149
149
149
149
149
149
150
150
150
151
151
151
151
151
152
152
152
152
153
153
153
153
154
154
154
154
154
154
154
154
154
154
154
154
154
154
154
154
155
155
155
155
156
156
156
156
156
156
157
157
157
158
158
158
158
158
158
159
159
159
159
159
159
159
159
159
160
160
160
160
161
161
161
161
161
161
162
162
163
163
163
163
164
164
164
165
165
165
165
166
166
167
167
167
167
167
167
167
168
169
169
169
169
169
169
169
170
171
171
171
171
171
171
171
171
172
172
172
172
172
172
173
173
173
173
173
173
173
173
173
173
174
174
174
174
174
174
174
174
174
174
175
175
175
175
175
175
175
176
176
176
176
176
176
176
176
177
177
177
177
177
177
177
177
177
177
178
178
178
178
178
178
179
179
179
180
180
180
180
180
181
181
181
181
181
181
181
182
182
182
182
182
182
182
182
183
183
183
184
184
185
185
185
185
186
186
186
186
186
187
187
187
187
187
187
187
188
188
188
188
188
189
189
189
190
190
190
191
191
192
192
192
192
192
193
193
193
193
193
193
194
194
194
194
194
194
194
195
195
195
195
195
195
195
195
196
196
196
196
197
197
198
198
198
198
198
198
199
199
200
200
201
202
202
202
202
203
203
203
203
203
203
203
204
204
204
204
204
204
205
205
205
205
205
205
205
205
205
205
205
205
206
206
206
206
207
207
207
208
208
208
208
208
208
208
208
209
210
210
210
211
211
211
211
211
211
211
211
211
211
211
211
212
212
212
212
212
212
212
212
212
212
213
213
213
213
213
213
213
214
214
215
215
216
216
216
216
216
217
217
218
218
218
219
220
221
221
221
221
222
222
222
222
222
222
223
223
223
223
224
224
224
224
224
225
225
225
225
226
226
226
226
227
227
229
229
230
231
231
232
232
232
232
232
232
232
233
233
234
235
235
235
236
236
237
237
238
238
238
239
240
240
240
240
243
244
245
245
245
246
246
246
246
246
246
246
246
247
247
247
247
247
247
247
247
247
247
247
247
247
247
247
247
247
248
248
248
248
248
248
248
248
248
248
248
248
248
248
248
248
248
248
248
248
248
248
249
249
249
249
249
249
250
250
250
250
250
250
251
251
251
251
251
251
252
252
253
253
253
254
254
254
255
255
255
255
255
256
257
257
257
258
258
258
259
260
261
261
262
262
262
263
263
263
263
264
264
264
264
264
264
264
265
265
265
265
266
267
267
268
268
268
269
269
269
269
269
270
270
271
272
275
276
276
277
277
277
277
278
279
280
280
280
281
281
282
282
282
283
283
284
286
287
287
287
289
290
290
291
291
291
291
292
292
292
293
293
294
294
295
295
296
296
296
296
296
296
297
297
297
297
298
299
299
300
300
300
301
301
301
301
302
302
302
302
302
303
303
303
303
304
304
304
304
304
304
304
304
304
307
307
308
309
310
310
310
311
312
312
312
312
312
312
313
313
313
313
313
313
314
314
314
314
314
314
314
314
314
314
315
315
315
316
316
316
316
316
316
318
318
319
319
320
320
320
321
321
322
322
322
322
323
323
323
324
324
326
327
327
327
327
327
327
327
327
328
328
328
328
328
329
332
332
333
334
335
335
335
336
336
336
337
337
337
338
339
339
340
340
340
341
341
341
343
343
343
344
344
344
344
347
347
347
347
347
348
349
349
349
349
349
349
350
350
350
351
351
351
352
352
356
357
358
358
359
359
361
365
365
367
369
371
372
381
382
383
384
384
385
385
386
387
387
387
387
389
390
394
395
396
396
398
398
398
399
399
399
404
405
406
407
414
417
417
418
426
427
428
429
430
430
432
432
432
433
433
434
434
436
438
441
441
441
442
443
443
443
443
451
453
453
454
460
461
461
461
461
462
462
462
462
462
462
462
462
463
463
464
464
468
470
470
472
474
474
477
477
478
479
479
479
479
479
481
482
482
487
489
493
494
497
498
499
500
503
504
504
507
510
510
513
514
516
518
523
525
526
529
530
535
536
537
538
544
545
546
548
553
553
554
564
564
567
568
568
569
571
573
573
574
574
574
575
576
577
580
580
580
582
582
582
582
583
583
584
584
585
585
585
587
588
592
593
595
597
599
608
610
611
611
613
613
614
615
620
626
631
631
635
636
640
641
645
657
657
657
661
673
679
687
691
696
698
706
709
712
714
714
716
723
723
723
723
765
768
768
768
769
769
770
792
793
794
795
797
797
797
798
803
804
809
809
812
821
829
838
838
838
838
838
838
838
838
839
839
839
842
848
862
862
876
883
894
897
901
905
926
1013
1026
1029
1029
1030
1031
1038
1038
1039
1042
1042
1042
1043
1044
1044
1045
1045
1049
1050
1052
1057
1063
1068
1069
1106
1115
1118
1130
1135
1142
1148
1155
1163
1163
1168
1170
1186
1220
1349
1349
1360
1370
1419
1422
1423
1423
1424
1424
1425
1426
1427
1427
1427
1428
1432
1434
1439
1449
1451
1452
1455
1455
1461
1462
1463
1464
1464
1469
1470
1470
1473
1473
1478
1480
1480
1481
1481
1481
1482
1483
1483
1484
1484
1486
1488
1496
1498
1498
1499
1501
1501
1501
1504
1505
1506
1507
1509
1511
1512
1516
1517
1517
1519
1519
1521
1521
1523
1523
1526
1527
1527
1528
1529
1531
1531
1532
1532
1533
1534
1535
1537
1537
1537
1537
1537
1537
1538
1538
1540
1540
1550
1551
1553
1555
1555
1556
1558
1559
1562
1567
1568
1568
1569
1571
1572
1573
1574
1574
1574
1575
1576
1578
1578
1578
1578
1578
1579
1581
1583
1586
1586
1586
1588
1589
1590
1592
1594
1595
1595
1598
1600
1600
1600
1601
1603
1603
1603
1604
1604
1605
1606
1606
1606
1608
1609
1609
1610
1610
1611
1612
1612
1613
1613
1613
1615
1617
1618
1618
1618
1619
1619
1619
1619
1619
1620
1620
1622
1622
1626
1626
1627
1628
1628
1629
1629
1630
1631
1631
1631
1631
1633
1635
1635
1637
1637
1637
1638
1639
1639
1639
1639
1641
1642
1647
1647
1647
1647
1648
1648
1648
1648
1648
1649
1652
1653
1653
1653
1653
1653
1653
1654
1656
1656
1656
1659
1661
1662
1662
1662
1665
1666
1668
1673
1673
1677
1678
1678
1678
1680
1681
1684
1684
1684
1685
1686
1687
1688
1688
1688
1690
1690
1690
1691
1691
1694
1695
1695
1699
1700
1701
1702
1703
1703
1703
1703
1703
1703
1705
1706
1706
1707
1707
1710
1712
1712
1713
1715
1718
1718
1718
1718
1719
1720
1720
1721
1722
1722
1722
1728
1730
1730
1730
1730
1730
1731
1731
1731
1731
1731
1735
1735
1739
1743
1744
1745
1745
1745
1746
1747
1750
1750
1750
1753
1755
1755
1763
1765
1765
1766
1766
1767
1767
1767
1767
1767
1767
1767
1768
1770
1770
1773
1775
1777
1777
1777
1778
1778
1778
1778
1779
1779
1779
1779
1779
1779
1779
1779
1779
1779
1780
1780
1782
1782
1782
1782
1783
1783
1783
1784
1784
1786
1787
1789
1791
1792
1794
1794
1794
1794
1794
1795
1796
1796
1797
1797
1814
1815
1815
1821
1822
1831
1833
1833
1837
1837
1843
1844
1848
1848
1849
1849
1851
1851
1851
1852
1856
1858
1858
1862
1863
1863
1863
1864
1866
1866
1866
1868
1868
1869
1870
1872
1872
1873
1874
1874
1879
1883
1883
1883
1883
1889
1891
1893
1895
1896
1897
1899
1899
1902
1906
1907
1907
1908
1910
1910
1911
1911
1912
1916
1916
1919
1923
1925
1926
1926
1926
1929
1930
1930
1930
1937
1938
1941
1945
1956
1972
1979
1999
2029
2036
2062
2065
2079
2079
2079
2080
2088
2091
2098
2101
2111
2122
2125
2129
2159
2165
2169
2170
2171
2176
2177
2179
2269
2270
2270
2274
2277
2277
2278
2287
2289
2291
2293
2296
2298
2319
2325
2327
2327
2329
2393
2402
2422
2424
2434
2441
2442
2445
2445
2447
2448
2454
2454
2454
2454
2460
2462
2462
2462
2462
2462
2462
2462
2463
2463
2464
2464
2468
2470
2471
2473
2475
2477
2493
2497
2497
2498
2513
2516
2531
2552
2577
2725
2727
2727
2728
2732
2743
2756
2771
2776
2777
2781
2781
2787
2788
2790
2792
2797
2803
2804
2810
2811
2821
2822
2839
2840
2840
2841
2841
2842
2842
2843
2843
2844
2844
2844
2844
2844
2929
2960
2995
2995
2995
2996
2998
3001
3010
3014
3031
3038
3039
3042
3049
3049
3049
3049
3049
3050
3050
3050
3050
3051
3054
3055
3065
3066
3066
3066
3071
3072
3072
3074
3075
3077
3083
3092
3092
3100
3102
3103
3109
3161
3165
3174
3183
3183
3208
3218
3227
3227
3227
3229
3237
3240
3240
3240
3245
3245
3245
3250
3250
3251
3251
3252
3253
3253
3255
3256
3258
3260
3281
3281
3281
3281
3283
3288
3288
3302
3317
3320
3323
3323
3323
3324
3325
3325
3325
3326
3326
3326
3326
3326
3326
3326
3326
3335
3335
3337
3337
3337
3338
3338
3338
3340
3340
3341
3341
3341
3341
3341
3341
3342
3342
3342
3342
3342
3342
3342
3342
3342
3342
3365
3374
3376
3391
3392
3392
3392
3393
3393
3393
3393
3396
3405
3405
3405
3418
3421
3514
3532
3536
3546
3675
3678
3678
3705
3705
3741
3744
3744
3745
3745
3750
3752
3755
3842
3892
3892
