0
2
3
3
3
4
4
4
5
6
6
6
6
7
7
7
8
8
8
8
9
9
9
9
9
9
9
10
10
10
10
10
11
11
12
12
12
12
12
13
13
14
14
14
14
14
15
15
15
15
16
16
16
16
16
17
17
17
17
18
18
18
18
18
19
19
20
21
21
21
22
22
22
22
22
22
22
22
22
23
23
23
23
23
23
23
23
23
23
24
24
24
24
24
24
24
24
24
24
24
24
24
24
24
24
24
25
25
25
25
25
25
26
26
26
26
26
26
26
26
26
27
27
27
28
28
28
28
28
28
28
28
28
28
29
29
29
29
30
30
30
30
30
30
30
30
30
31
31
31
31
31
31
31
31
31
31
31
31
31
32
32
32
32
32
32
32
32
33
33
33
33
33
33
33
33
33
33
33
33
34
34
34
34
34
34
34
34
34
34
34
34
34
34
34
34
35
35
35
35
35
35
35
35
35
35
35
36
36
36
36
36
36
36
36
36
36
37
37
38
38
38
38
38
38
38
39
39
39
39
39
39
39
39
39
39
40
40
40
41
41
42
42
42
42
43
43
43
43
43
43
43
44
44
44
44
45
45
45
46
46
46
46
46
47
48
48
48
48
49
49
49
49
50
50
50
50
50
51
51
51
51
51
51
51
51
52
52
52
52
52
52
53
53
53
54
55
55
55
55
55
56
56
57
58
58
58
59
59
59
60
60
60
60
60
60
61
61
61
61
61
61
61
61
61
61
61
61
62
62
62
62
62
62
62
62
62
62
62
62
62
62
62
63
63
63
63
63
63
63
63
63
63
63
63
64
64
64
64
64
64
64
64
64
64
65
65
65
65
65
65
65
65
65
65
65
66
66
66
66
66
66
66
66
67
67
67
67
67
67
68
68
68
68
68
68
69
69
69
69
69
69
70
70
70
70
71
71
71
71
72
72
73
73
73
73
73
74
74
74
74
74
74
74
74
75
76
76
76
76
77
77
77
77
77
78
78
78
78
78
78
78
78
79
79
79
79
79
80
80
80
80
80
80
81
81
81
81
81
82
82
82
82
82
82
82
82
82
82
83
83
83
83
83
83
84
84
84
84
84
84
84
84
84
85
85
85
86
86
86
86
86
86
86
86
87
87
87
87
87
87
87
87
87
88
88
89
89
89
89
89
90
90
90
90
90
90
90
90
90
90
90
90
90
90
90
90
91
91
91
91
91
91
91
91
91
91
91
91
92
92
92
93
93
93
94
94
94
94
94
94
94
94
94
94
94
95
95
96
96
96
96
96
96
96
96
96
97
97
97
97
97
98
98
98
99
99
99
99
99
99
99
100
100
100
100
100
100
100
100
100
101
101
101
101
101
101
101
101
102
102
102
102
102
102
102
102
102
102
102
102
102
102
102
103
103
103
103
103
104
104
104
104
105
105
105
105
105
105
105
105
105
105
106
106
106
106
106
106
106
106
106
106
106
106
106
107
107
107
107
107
108
108
108
108
109
109
109
109
109
110
110
110
110
110
110
111
111
112
112
112
112
113
113
113
113
113
113
113
113
114
114
114
115
115
115
115
115
115
116
116
116
117
117
117
117
117
118
118
118
118
119
119
119
119
119
119
119
119
119
120
120
120
121
121
122
122
123
123
123
123
123
123
124
124
124
125
125
125
125
125
125
126
126
126
126
126
127
127
127
128
128
128
128
129
129
129
130
130
130
130
130
131
131
131
131
131
131
131
131
131
132
132
132
132
132
132
132
132
132
132
133
133
133
133
133
133
133
134
134
134
135
135
135
135
135
135
135
136
136
136
136
136
136
137
137
137
137
137
137
137
138
138
138
138
138
139
139
140
140
140
140
140
140
140
141
141
141
141
141
142
142
142
142
142
143
143
143
143
143
144
144
144
144
144
144
144
144
144
145
145
145
145
146
146
146
146
146
147
147
147
148
148
148
149
149
149
149
149
149
150
150
150
150
151
151
151
151
152
152
153
153
153
153
154
154
154
154
154
154
154
154
154
154
155
155
155
155
155
155
155
155
155
155
156
156
156
156
156
157
157
157
158
158
158
158
158
158
158
158
159
159
159
159
159
159
159
159
159
160
160
160
160
161
161
162
162
162
163
163
164
164
165
166
166
166
166
166
167
167
167
168
169
169
169
169
169
170
170
170
171
171
171
172
172
173
173
173
173
173
174
174
174
174
174
174
174
174
174
174
174
174
175
175
175
175
175
175
175
175
175
175
175
175
175
175
176
176
176
176
176
176
176
176
176
176
176
176
177
177
177
178
178
178
179
180
180
180
180
180
181
182
183
183
185
185
185
186
186
186
188
188
188
189
189
189
189
189
189
189
189
189
189
190
190
190
190
190
190
191
191
192
192
192
192
192
192
193
193
193
193
194
194
194
194
194
194
195
195
195
195
196
196
196
197
197
197
197
198
198
198
199
199
199
200
200
201
201
201
201
201
201
201
201
201
201
202
202
202
202
202
202
202
202
203
203
203
203
204
205
205
205
205
206
206
206
207
207
207
208
208
208
209
209
209
209
209
209
209
209
210
210
210
210
210
210
210
210
210
210
211
211
211
211
211
211
211
211
211
211
211
211
211
212
212
212
212
212
212
212
212
212
212
213
213
213
213
213
213
214
214
214
214
215
215
215
216
216
216
217
218
218
218
218
218
218
218
219
220
220
221
221
221
221
222
223
223
224
224
225
225
225
225
225
225
225
226
226
226
226
226
227
228
228
229
229
229
229
229
230
231
231
232
232
233
233
234
234
234
234
234
236
236
236
237
237
237
238
238
238
238
238
239
239
240
240
240
241
242
242
242
242
243
243
243
243
243
246
246
248
248
249
249
249
249
249
250
250
251
252
253
253
253
256
256
256
256
257
257
257
257
257
257
257
257
258
258
258
258
258
258
258
258
259
259
259
259
259
259
259
259
260
260
260
261
261
261
262
262
262
263
263
263
264
264
264
265
266
267
268
270
271
271
272
272
272
273
273
274
274
274
274
274
275
275
275
276
276
276
277
277
279
279
280
280
281
281
282
283
284
284
286
287
287
288
289
289
289
289
290
293
293
293
294
294
294
294
295
295
297
298
299
300
304
308
310
310
314
315
318
319
320
320
320
320
321
321
321
321
321
323
323
325
326
326
327
327
328
329
330
333
333
334
334
334
335
336
336
337
344
344
346
346
346
347
349
350
350
351
351
352
352
352
352
364
366
366
367
367
367
367
367
367
367
367
367
367
368
368
368
368
368
368
368
369
369
369
369
369
369
369
408
408
416
419
420
421
423
425
428
429
431
432
433
434
435
438
438
439
439
445
446
447
449
449
451
452
454
456
458
459
460
461
462
462
466
467
469
475
475
476
476
476
476
478
481
481
485
488
501
502
503
503
511
513
515
515
516
517
520
528
529
531
531
532
533
533
534
535
537
540
542
544
544
546
546
548
549
550
550
551
555
559
562
562
563
565
565
566
567
567
571
577
580
583
589
592
592
593
598
607
608
614
614
614
614
614
615
615
616
616
616
616
616
620
625
638
645
646
648
649
650
653
653
682
694
698
701
704
705
708
732
748
760
774
776
776
786
791
795
797
801
801
812
830
830
832
838
838
855
866
870
873
876
880
882
885
886
886
887
900
900
901
901
902
907
909
910
910
910
911
911
911
934
944
949
950
954
956
958
959
963
963
965
966
967
973
981
985
985
985
985
986
990
992
993
996
1002
1003
1003
1004
1004
1004
1005
1005
1006
1006
1012
1021
1028
1031
1034
1035
1035
1036
1038
1040
1047
1049
1051
1056
1057
1059
1065
1066
1068
1069
1086
1100
1101
1101
1103
1116
1130
1134
1143
1143
1144
1145
1145
1146
1162
1166
1167
1182
1198
1205
1205
1212
1215
1218
1220
1239
1240
1242
1242
1247
1250
1250
1250
1250
1250
1256
1266
1267
1270
1274
1274
1274
1274
1276
1277
1277
1277
1277
1277
1277
1277
1281
1285
1292
1293
1293
1295
1302
1302
1303
1309
1311
1313
1314
1330
1332
1333
1334
1336
1338
1343
1344
1345
1345
1345
1348
1348
1349
1357
1359
1367
1369
1372
1374
1380
1380
1380
1418
1422
1429
1429
1432
1433
1434
1434
1435
1437
1438
1438
1438
1442
1442
1443
1450
1451
1452
1455
1456
1457
1457
1457
1458
1459
1459
1460
1460
1461
1464
1464
1464
1465
1465
1465
1466
1467
1467
1468
1468
1468
1470
1470
1471
1472
1472
1475
1475
1476
1477
1479
1480
1481
1482
1483
1483
1483
1484
1484
1484
1484
1484
1485
1486
1487
1489
1489
1489
1489
1489
1489
1490
1490
1491
1491
1491
1492
1492
1493
1494
1495
1495
1495
1495
1496
1503
1505
1505
1505
1505
1506
1506
1506
1509
1514
1519
1528
1537
1541
1541
1541
1543
1543
1545
1550
1553
1554
1554
1554
1555
1556
1556
1556
1556
1557
1557
1557
1559
1559
1559
1560
1563
1563
1566
1567
1567
1567
1567
1567
1570
1572
1574
1576
1578
1579
1579
1583
1584
1584
1584
1585
1587
1587
1588
1592
1592
1595
1596
1596
1601
1601
1602
1603
1603
1603
1606
1607
1609
1610
1610
1610
1611
1612
1612
1612
1613
1613
1613
1613
1614
1616
1617
1617
1618
1619
1619
1619
1620
1620
1620
1620
1621
1621
1622
1622
1622
1622
1622
1622
1622
1623
1623
1623
1624
1624
1624
1625
1625
1625
1628
1630
1630
1632
1633
1633
1633
1640
1641
1641
1642
1645
1649
1650
1651
1651
1651
1652
1652
1652
1652
1652
1653
1653
1654
1655
1656
1656
1656
1657
1657
1657
1657
1658
1658
1658
1659
1661
1662
1662
1662
1662
1662
1663
1663
1663
1663
1663
1665
1665
1666
1666
1667
1667
1668
1669
1669
1670
1670
1671
1671
1672
1672
1673
1673
1674
1674
1676
1677
1678
1678
1678
1678
1679
1682
1683
1684
1684
1684
1685
1685
1685
1686
1686
1686
1686
1686
1686
1687
1688
1690
1691
1692
1692
1695
1695
1696
1697
1697
1697
1697
1699
1703
1703
1703
1703
1703
1704
1706
1711
1712
1712
1713
1713
1715
1716
1718
1718
1719
1719
1719
1719
1719
1720
1720
1721
1725
1725
1728
1728
1728
1728
1728
1728
1729
1730
1732
1733
1743
1743
1744
1744
1750
1751
1751
1751
1752
1753
1754
1754
1755
1755
1755
1756
1756
1756
1761
1763
1764
1765
1769
1769
1770
1772
1778
1781
1785
1790
1792
1798
1798
1799
1801
1801
1808
1809
1820
1827
1828
1860
2075
2080
2081
2082
2085
2085
2085
2086
2089
2110
2127
2130
2140
2155
2155
2158
2164
2169
2170
2185
2327
2426
2530
2531
2540
2549
2550
2714
2717
2719
2761
2768
2783
2817
2817
2817
2817
2817
2817
2817
2820
2838
2843
2843
2847
2849
2849
2857
2859
2863
2867
2868
2896
2896
2897
2897
2901
2904
2908
2918
2925
2943
2971
2976
2981
2983
2983
2993
2994
2995
3004
3005
3006
3006
3007
3008
3008
3009
3011
3013
3020
3020
3021
3026
3027
3032
3037
3050
3053
3053
3054
3062
3066
3101
3103
3108
3110
3111
3111
3111
3115
3115
3117
3117
3120
3136
3136
3136
3136
3137
3137
3157
3159
3163
3164
3165
3167
3169
3170
3170
3171
3176
3176
3178
3178
3178
3178
3181
3183
3188
3202
3202
3212
3212
3212
3212
3212
3212
3213
3213
3213
3213
3214
3214
3215
3215
3215
3215
3217
3217
3220
3220
3222
3222
3226
3226
3226
3226
3227
3227
3227
3227
3232
3232
3233
3237
3237
3238
3238
3239
3239
3240
3245
3246
3246
3246
3246
3246
3246
3246
3248
3248
3252
3254
3259
3259
3260
3260
3260
3260
3265
3265
3265
3273
3277
3277
3281
3282
3282
3282
3283
3287
3293
3300
3302
3306
3313
3315
3315
3318
3318
3318
3320
3320
3320
3321
3321
3322
3322
3322
3322
3323
3347
3351
3351
3352
3353
3354
3465
3468
3478
3483
3485
3488
3493
3496
3503
3521
3548
3549
3551
3582
3592
3600
3630
3659
3691
3769
3769
3769
3770
3782
3914
3914
3921
3925
3945
3947
3947
3947
3948
3948
3948
3949
3949
3950
3950
3950
3951
3951
3951
3951
3951
3951
3953
3963
3963
3963
3963
3964
3964
3964
3964
4039
4094
4094
4100
4102
4106
4110
4118
4119
4122
4122
4122
4130
4132
4132
4136
4141
4144
4213
4218
4343
4371
4376
4387
4390
4543
4593
4594
4597
4617
4643
4646
4676
4690
4703
4704
4705
4705
4708
4712
4723
4723
4723
4724
4724
4725
4728
4728
4728
4728
4728
4729
4729
4729
4738
4738
4739
4739
4742
4743
4743
4746
4746
4746
4748
4754
4754
4754
4758
4758
4758
4758
4758
4759
4759
4760
4763
4764
4772
4775
4779
4796
4796
4796
4796
4806
4806
4814
4820
4821
4827
4827
4827
4829
4830
4832
4832
4832
4832
4838
4838
4838
4851
4852
4855
4874
4899
4902
4926
4938
4966
4975
4975
5015
5019
5142
5142
5146
5147
5149
