0
0
3
3
3
3
3
4
5
6
6
6
6
6
7
8
8
8
8
8
8
9
9
9
9
9
9
10
10
10
10
11
11
11
11
11
11
12
12
12
13
13
13
14
14
14
15
16
16
16
16
17
17
18
18
18
18
18
19
19
19
19
19
19
19
19
19
19
20
20
20
20
20
20
20
20
20
20
20
20
20
20
20
21
21
21
21
21
21
21
22
22
22
22
22
22
22
22
22
22
22
22
22
22
22
22
23
23
23
23
23
24
24
24
25
25
25
25
25
26
26
26
26
26
26
26
26
26
26
26
26
27
27
27
27
27
27
27
27
27
27
27
27
27
27
28
28
28
28
28
28
28
28
28
28
28
28
28
28
28
28
28
28
28
28
29
29
29
29
29
29
29
29
29
29
30
30
30
30
30
30
30
31
31
31
31
31
31
31
31
31
32
32
32
32
32
32
32
32
32
32
32
33
33
33
33
33
33
33
33
33
33
33
33
33
34
34
34
34
34
35
35
35
35
35
36
36
36
37
37
37
37
37
38
38
38
38
38
38
38
39
39
39
39
40
40
40
41
41
42
42
42
42
42
42
43
43
43
44
44
44
44
45
45
45
45
45
45
45
45
45
45
46
46
46
46
47
47
47
47
47
47
47
47
47
48
48
48
48
49
49
49
49
50
50
50
50
50
50
50
51
51
51
51
51
51
51
51
52
52
52
52
52
52
52
52
53
53
53
53
53
53
53
53
53
54
54
54
55
55
55
55
55
55
55
55
55
56
56
56
56
56
56
57
57
58
58
58
58
58
58
59
59
59
59
59
59
59
59
59
59
59
59
60
60
60
60
60
60
60
60
61
61
61
61
61
61
62
62
62
62
62
62
62
62
63
63
63
64
64
64
64
64
65
65
65
66
66
66
66
67
67
67
67
67
67
67
68
68
68
68
69
69
69
70
70
70
70
70
70
70
71
71
72
72
72
72
72
72
73
73
73
73
74
74
74
74
74
75
75
75
75
75
76
76
76
76
76
76
76
76
77
77
77
77
78
78
78
79
80
81
81
82
82
83
83
83
84
84
84
84
85
85
85
85
85
85
85
85
86
86
86
86
86
86
86
86
87
87
87
87
88
89
89
89
89
89
89
89
90
90
91
91
92
92
92
92
92
92
92
92
93
93
93
93
93
93
93
94
94
94
94
94
94
94
94
94
94
94
94
94
95
95
95
95
95
95
96
96
96
96
96
96
97
97
97
98
98
99
99
99
99
99
99
99
99
99
99
100
100
100
100
100
100
101
101
101
101
101
101
101
101
101
101
101
101
101
102
102
102
102
102
102
102
102
102
102
102
102
103
103
103
104
104
104
105
105
105
105
105
105
105
106
106
106
106
106
106
107
107
107
107
107
108
108
108
109
110
110
110
110
110
110
110
110
110
111
111
111
111
111
111
111
111
111
111
111
111
111
111
111
111
111
111
112
112
112
112
112
112
112
112
112
112
112
112
112
112
112
113
113
113
113
114
114
114
114
114
115
115
115
115
115
115
115
116
116
117
117
117
117
117
117
117
117
118
118
118
118
118
118
118
118
119
119
119
120
120
120
120
120
121
121
121
121
121
122
122
122
122
122
122
123
124
124
124
125
125
125
125
126
126
127
127
127
127
127
127
128
129
129
129
129
130
130
130
130
131
131
132
132
133
133
133
134
135
135
135
136
136
137
137
137
137
137
137
138
138
138
138
139
139
139
139
139
140
140
140
140
140
141
141
141
141
142
142
142
142
142
142
142
143
143
143
143
143
143
144
144
144
144
144
145
145
145
146
146
146
146
146
147
147
147
147
148
148
148
148
148
148
149
149
149
149
149
149
149
149
149
149
150
150
151
151
152
152
153
153
153
154
154
154
155
155
156
156
156
156
156
156
156
156
156
156
156
156
156
156
156
157
157
157
157
157
157
157
157
157
157
158
159
159
159
159
159
159
159
159
159
160
160
160
160
161
161
161
161
161
162
162
162
162
162
162
162
162
162
162
162
163
163
163
163
163
163
163
163
163
164
164
164
164
164
164
164
165
165
165
165
165
165
165
166
166
166
166
166
166
167
167
167
167
167
167
167
167
167
167
167
167
168
168
168
168
168
168
168
168
168
168
168
168
168
168
168
168
168
169
169
169
169
169
169
169
169
170
170
170
170
170
170
170
170
170
171
171
171
171
171
171
171
171
171
171
171
171
171
171
172
172
172
172
172
172
172
172
172
172
172
173
173
173
173
173
173
173
174
174
175
175
175
175
175
175
175
175
175
175
175
175
175
175
175
175
175
175
175
175
175
175
175
175
175
175
175
175
175
175
175
175
175
176
176
176
177
177
177
177
177
177
177
177
177
177
178
178
178
178
178
178
178
178
178
178
179
179
179
180
180
180
180
180
180
180
180
181
181
181
181
181
181
182
182
182
182
183
183
184
184
184
185
185
185
185
185
185
185
185
185
186
186
186
186
186
186
187
187
187
187
187
187
187
187
188
188
188
188
188
188
188
188
188
188
188
188
188
188
188
188
188
188
189
189
189
189
189
189
189
190
190
190
190
190
190
190
190
190
191
191
191
191
191
192
192
192
193
193
193
193
193
193
193
193
193
193
193
193
193
193
193
193
193
193
194
194
194
194
194
194
194
194
194
194
195
195
195
195
196
196
197
197
197
197
197
197
198
198
198
199
199
199
199
200
200
200
200
201
201
201
201
201
201
202
203
203
203
203
203
203
204
205
205
205
206
206
206
206
207
208
208
208
209
209
209
209
209
209
209
209
209
210
210
211
211
212
212
213
213
213
213
214
214
215
215
215
215
216
216
216
216
217
217
217
217
217
217
218
218
219
219
219
219
219
219
220
220
220
220
220
220
221
221
221
221
221
221
221
221
221
221
221
221
221
221
221
221
221
221
221
221
221
221
221
221
221
221
221
222
222
222
222
222
222
222
222
222
222
222
223
223
223
223
223
223
223
223
223
223
223
223
223
223
223
223
224
224
224
224
224
224
224
224
224
225
225
225
225
225
226
226
226
226
226
227
227
227
227
228
228
228
229
229
229
229
230
230
230
230
230
230
230
231
231
231
231
231
231
231
231
232
232
232
232
232
232
232
232
232
233
233
233
233
233
233
233
233
234
234
234
234
234
234
234
235
235
235
235
235
235
235
235
236
236
236
236
236
236
236
236
236
237
237
237
238
238
238
238
238
239
239
239
239
239
239
240
240
240
240
240
240
240
240
240
241
242
242
242
242
243
243
244
244
244
245
246
246
246
246
247
247
247
247
248
249
249
250
250
251
251
251
251
251
251
252
253
254
255
255
255
256
256
256
257
257
258
258
258
259
259
259
259
259
260
260
260
261
263
263
263
263
264
264
264
265
265
265
266
266
268
269
269
269
269
270
273
274
274
275
275
276
276
276
276
277
277
277
277
278
278
278
279
280
280
281
283
284
284
286
287
287
287
288
290
290
292
292
292
292
293
293
296
296
296
296
297
297
298
299
299
299
299
299
300
303
303
303
304
304
305
305
307
308
310
310
310
310
311
311
313
314
314
314
314
315
317
319
321
322
323
324
325
325
326
327
327
327
329
329
330
330
330
330
331
331
331
332
332
332
333
335
337
338
339
339
340
340
341
341
341
342
342
342
342
342
343
344
344
345
345
346
347
347
347
348
348
349
350
350
350
351
353
355
356
357
357
357
358
369
371
371
372
372
372
373
374
374
376
383
389
390
391
391
401
401
404
405
405
409
412
414
424
426
426
430
446
451
454
461
463
463
464
468
468
471
472
472
472
472
472
472
473
474
474
474
474
475
475
475
476
478
478
491
498
502
506
512
512
513
519
521
533
549
549
574
581
583
585
589
590
596
603
606
606
613
616
617
622
623
625
627
627
627
628
630
634
634
634
641
646
647
647
648
656
661
661
662
662
664
675
675
675
675
676
676
681
681
683
708
724
746
764
774
807
809
812
830
836
837
837
837
847
860
862
863
865
868
1019
1034
1056
1066
1104
1115
1115
1116
1116
1117
1117
1124
1125
1154
1188
1238
1240
1275
1278
1292
1294
1301
1317
1324
1325
1329
1330
1343
1344
1357
1379
1383
1388
1390
1399
1412
1417
1423
1427
1429
1430
1430
1430
1432
1432
1432
1435
1436
1437
1437
1438
1438
1438
1438
1438
1438
1439
1439
1439
1439
1440
1440
1440
1440
1440
1440
1440
1440
1441
1441
1441
1441
1441
1441
1441
1441
1441
1441
1441
1441
1441
1441
1442
1442
1442
1442
1442
1442
1443
1443
1443
1443
1444
1444
1444
1444
1444
1445
1445
1445
1445
1446
1446
1446
1446
1446
1448
1448
1450
1450
1450
1452
1454
1454
1454
1455
1457
1458
1461
1462
1465
1465
1465
1466
1467
1467
1468
1468
1468
1468
1469
1469
1470
1470
1471
1471
1471
1472
1472
1473
1474
1475
1475
1475
1476
1476
1476
1476
1477
1477
1478
1478
1479
1479
1480
1481
1482
1482
1482
1482
1483
1483
1484
1484
1485
1486
1486
1487
1487
1487
1489
1489
1489
1490
1491
1492
1493
1494
1494
1496
1498
1499
1501
1501
1502
1502
1507
1507
1509
1511
1512
1512
1512
1514
1514
1515
1516
1517
1517
1518
1520
1524
1528
1529
1529
1530
1531
1531
1532
1532
1534
1535
1535
1536
1537
1539
1540
1540
1541
1541
1543
1544
1545
1547
1547
1547
1550
1550
1551
1551
1551
1554
1557
1558
1559
1560
1561
1562
1562
1562
1562
1563
1564
1566
1567
1567
1568
1569
1570
1570
1570
1571
1571
1572
1575
1575
1575
1575
1577
1577
1577
1582
1582
1582
1586
1588
1588
1588
1588
1588
1589
1590
1590
1591
1591
1591
1593
1594
1595
1595
1596
1597
1598
1598
1600
1601
1602
1602
1604
1605
1606
1607
1608
1609
1610
1610
1610
1611
1614
1615
1618
1618
1620
1621
1621
1621
1621
1622
1622
1622
1622
1623
1625
1625
1625
1625
1625
1627
1627
1629
1630
1632
1638
1639
1639
1642
1643
1643
1645
1645
1646
1646
1647
1647
1648
1649
1650
1651
1651
1652
1653
1653
1654
1654
1654
1654
1655
1657
1657
1658
1660
1660
1661
1661
1662
1662
1662
1663
1664
1665
1667
1667
1668
1669
1671
1671
1671
1672
1672
1675
1676
1677
1677
1679
1679
1679
1680
1681
1681
1681
1684
1689
1689
1690
1690
1691
1691
1691
1691
1693
1693
1693
1694
1694
1696
1696
1696
1697
1697
1699
1699
1702
1703
1710
1711
1712
1712
1713
1718
1719
1719
1719
1720
1720
1720
1720
1721
1722
1723
1724
1725
1727
1728
1728
1729
1731
1731
1732
1734
1735
1735
1738
1738
1743
1743
1743
1744
1744
1750
1757
1758
1758
1765
1766
1769
1773
1779
1779
1797
1827
1828
1836
1840
1920
1925
1960
1960
2008
2019
2019
2035
2055
2077
2078
2215
2271
2426
2571
2571
2591
2600
2604
2604
2605
2605
2605
2636
2851
2864
2864
2867
2868
2875
2876
2922
2939
2955
2979
2983
2989
2999
2999
3010
3011
3011
3026
3049
3055
3059
3061
3061
3062
3062
3067
3067
3068
3070
3070
3071
3073
3076
3079
3080
3087
3093
3101
3106
3107
3113
3114
3117
3118
3123
3128
3129
3134
3135
3135
3135
3136
3138
3138
3140
3140
3141
3142
3142
3143
3153
3154
3154
3155
3161
3162
3162
3164
3164
3165
3167
3169
3170
3171
3171
3171
3175
3175
3175
3178
3181
3182
3182
3182
3182
3182
3182
3182
3182
3182
3182
3182
3182
3182
3184
3185
3186
3189
3191
3192
3192
3194
3194
3194
3199
3199
3200
3201
3201
3202
3202
3202
3202
3202
3202
3202
3202
3202
3202
3205
3206
3206
3206
3207
3210
3217
3218
3218
3220
3220
3223
3223
3223
3231
3238
3238
3239
3241
3241
3241
3241
3246
3249
3252
3252
3262
3269
3284
3286
3288
3292
3295
3304
3304
3305
3340
3342
3346
3369
3377
3377
3378
3386
3387
3434
3434
3440
3442
3444
3451
3452
3465
3465
3490
3499
3499
3499
3499
3500
3502
3502
3502
3502
3504
3504
3504
3504
3513
3514
3518
3582
3583
3584
3588
3588
3604
3615
3615
3620
3649
3744
3745
4010
4013
4039
4064
4064
4065
4107
4170
4170
4171
4190
4190
4200
4200
4200
4201
4210
4214
4214
4218
4218
4221
4221
4225
4240
4240
4240
4245
4245
4246
4246
4246
4246
4247
4247
4330
4333
4376
4452
4517
4607
4611
4616
4616
4616
4616
4616
4617
4617
4617
4617
4635
4635
4636
4636
4638
4656
4656
4672
4679
4680
4682
4684
4684
4690
4690
4692
4692
4695
4695
4698
4699
4699
4699
4699
4699
4700
4700
4703
4703
4715
4731
4731
4731
4739
4741
4741
4742
4743
4747
4747
4758
4758
4764
4767
4767
4771
4771
4786
4793
4795
4797
4800
4814
4815
4820
4831
4839
4839
4839
4839
4840
4845
4859
4860
4860
4862
4866
4885
4896
4972
4993
5072
5072
5074
5074
5108
5127
5127
5140
5140
5141
5141
5141
5142
5152
5218
5273
5438
5527
5527
5615
5628
5628
5628
5628
5628
5654
5654
5656
5656
5695
5712
5832
5884
5884
5884
5884
