0
0
3
3
4
4
4
4
5
5
6
6
6
7
7
8
8
8
8
8
8
8
9
9
9
9
10
10
11
11
11
11
11
12
12
12
12
12
13
13
14
14
14
15
15
15
15
15
16
16
16
16
16
16
17
17
18
18
18
18
18
18
18
19
19
19
19
20
20
20
20
20
21
21
21
21
21
21
21
22
22
22
22
22
22
22
22
22
22
22
22
22
22
22
22
23
23
23
23
23
23
23
23
23
23
23
23
23
23
23
23
24
24
24
24
24
24
24
24
24
24
24
24
25
25
25
25
25
26
26
26
26
26
26
26
26
26
26
27
27
27
27
27
27
27
28
28
28
28
28
28
28
28
28
28
28
28
28
28
28
29
29
29
29
29
29
29
29
29
29
29
29
29
29
29
29
30
30
30
30
30
30
30
31
31
31
31
31
31
31
31
31
32
32
33
33
33
33
33
33
33
33
34
34
34
34
34
34
34
35
35
35
35
35
35
35
35
35
35
35
35
36
36
36
36
36
37
37
37
37
37
37
37
37
37
37
38
38
38
38
38
38
38
38
38
38
39
39
39
40
40
40
41
42
42
42
42
42
42
43
43
43
43
43
43
43
43
44
44
44
44
44
44
44
45
45
45
45
45
46
46
46
46
46
47
47
48
48
48
48
49
49
49
49
49
49
49
50
50
50
50
50
50
50
51
51
51
51
51
51
51
51
52
52
52
52
52
53
53
53
53
54
54
54
54
54
54
54
54
54
54
54
54
55
55
55
55
55
55
56
56
56
56
56
56
56
57
58
58
58
58
59
59
59
59
59
60
60
60
60
60
60
60
60
60
60
60
60
61
61
61
61
61
61
61
61
61
61
62
62
62
62
62
62
62
62
62
63
64
64
64
64
65
65
65
65
65
65
66
66
66
67
67
67
68
68
68
68
69
69
70
70
70
70
70
70
71
71
72
72
72
73
73
73
73
73
74
74
74
74
74
75
75
75
75
75
75
76
76
76
76
76
76
76
77
77
77
77
78
78
78
78
78
78
79
79
80
80
80
80
80
81
81
81
81
82
82
82
82
83
83
83
83
83
83
83
83
83
83
84
84
84
84
84
84
84
85
86
87
87
88
88
89
89
89
89
89
89
90
90
90
90
91
91
91
91
91
91
91
91
91
91
91
91
92
92
92
92
92
92
92
92
92
92
92
92
92
92
92
92
92
93
93
93
93
93
93
93
93
93
93
93
93
94
94
94
94
94
94
94
94
94
94
94
94
95
95
95
95
95
95
95
95
95
95
95
95
95
95
95
96
96
96
96
97
97
97
97
97
97
98
100
100
100
100
100
101
101
101
101
101
101
101
101
101
101
101
101
101
101
101
101
101
102
102
102
102
102
102
102
102
103
103
103
103
103
103
103
103
103
103
103
103
104
104
104
105
105
105
106
106
106
106
106
107
107
107
107
107
107
107
107
108
108
108
108
108
108
108
109
109
109
109
109
109
109
109
109
109
110
110
110
110
110
110
110
110
110
110
110
110
110
111
111
111
111
111
111
111
111
111
111
112
112
112
112
113
114
114
114
114
115
115
115
116
116
116
116
117
117
117
117
117
118
118
118
118
118
118
118
119
120
120
120
121
121
121
121
121
121
122
122
122
123
124
124
124
124
124
126
126
126
127
127
127
127
128
128
128
128
128
128
129
129
129
129
130
130
130
130
130
130
130
130
130
130
131
131
131
131
131
132
132
132
132
133
133
133
133
133
134
134
134
134
135
135
135
135
135
135
135
135
135
135
135
136
136
136
136
136
137
137
137
138
138
138
138
138
138
138
138
139
139
139
139
139
140
140
140
140
140
140
140
140
140
140
140
140
140
141
141
141
141
141
141
141
141
141
141
142
142
142
142
143
143
143
143
143
143
143
143
143
143
144
144
144
144
144
144
144
144
145
145
145
145
145
145
146
146
146
146
146
146
147
147
148
148
148
149
149
149
150
150
150
150
151
151
151
151
152
152
152
152
153
154
154
154
155
155
155
155
155
155
156
156
157
157
158
158
158
158
158
158
158
158
159
159
159
160
161
161
161
161
161
162
162
162
162
162
162
163
163
163
163
163
163
163
163
164
164
164
164
164
165
165
165
165
165
166
166
166
166
166
166
166
166
167
167
167
167
167
167
167
168
168
168
168
168
168
168
168
168
168
168
168
169
169
169
169
169
170
170
170
170
170
170
170
170
170
171
171
171
171
172
172
172
172
172
173
173
173
173
173
173
174
174
174
174
174
174
174
174
174
175
175
175
175
175
175
176
176
176
176
176
176
176
177
177
177
177
177
177
178
178
178
179
179
179
179
179
179
179
179
180
180
180
181
181
181
181
181
181
181
181
181
182
182
182
182
182
183
183
183
183
183
184
184
184
184
184
184
184
184
184
184
185
185
186
186
186
186
186
186
186
186
186
186
188
188
188
188
188
188
188
189
189
189
189
189
189
190
190
190
190
190
190
190
191
191
192
192
192
192
193
193
193
193
193
193
193
193
193
194
194
194
194
194
194
195
195
195
195
196
196
196
196
196
196
196
196
197
197
197
197
197
197
197
197
198
198
199
199
199
199
199
199
199
199
200
200
200
200
200
200
201
201
201
201
201
201
201
201
202
202
202
202
202
202
202
202
203
204
205
205
205
206
206
206
207
207
207
207
207
207
207
208
208
208
208
208
208
208
209
209
209
209
209
210
211
211
211
212
212
212
212
212
212
212
212
212
212
212
213
213
213
214
214
214
214
215
216
216
216
217
217
217
217
217
217
218
218
218
218
218
218
219
219
219
219
220
220
220
220
221
221
221
223
223
223
223
223
224
224
224
224
224
224
225
225
225
225
225
225
225
225
226
226
226
227
227
227
227
227
228
228
228
228
228
228
228
229
229
230
230
230
230
230
231
231
231
231
231
232
232
232
232
234
235
236
237
238
239
239
239
239
240
240
240
240
240
240
240
240
241
241
241
241
241
241
241
241
242
242
242
242
242
242
242
243
243
243
243
244
245
245
245
246
246
246
246
246
246
246
246
247
247
247
247
248
248
248
248
249
249
249
249
250
250
251
251
251
252
255
255
255
256
256
257
257
257
258
259
259
259
259
260
260
261
261
261
262
263
263
263
264
264
264
265
266
268
268
269
269
269
270
272
272
273
273
273
274
275
275
275
276
276
277
278
279
280
280
280
281
281
281
282
282
283
283
283
284
284
285
285
286
286
287
287
287
287
287
288
288
289
289
289
289
290
290
290
290
291
291
292
293
294
294
295
296
296
296
297
297
298
298
298
299
300
300
300
300
301
303
303
304
305
306
311
312
312
313
313
314
316
318
320
322
324
324
325
325
325
328
328
328
328
330
336
338
339
340
344
347
348
360
367
367
384
385
392
393
397
399
401
402
402
403
403
404
404
406
406
407
408
408
409
409
410
410
410
411
412
414
414
414
414
415
416
421
421
422
424
424
427
427
427
430
430
430
431
431
432
432
432
433
435
437
437
438
440
442
442
443
443
443
443
443
444
444
444
444
449
449
450
452
452
452
452
454
454
458
458
459
459
459
460
461
461
462
462
462
463
465
466
466
467
468
472
473
476
477
479
480
480
481
482
483
484
484
485
485
485
487
492
494
496
497
497
498
498
498
499
500
501
501
502
502
502
503
504
506
507
507
508
511
511
515
517
519
529
529
530
530
530
531
534
536
537
537
537
542
550
553
553
554
555
562
563
569
570
587
597
602
603
606
612
612
612
612
612
613
614
616
619
623
627
628
628
628
628
630
630
635
636
636
636
640
642
642
643
643
643
644
647
649
663
667
667
667
667
667
668
669
669
669
670
670
670
671
672
675
675
675
676
678
679
680
685
686
686
686
686
686
687
689
689
693
694
696
696
697
697
697
698
699
704
707
708
709
719
720
721
724
724
727
728
729
731
734
736
739
739
739
739
739
739
740
741
741
741
742
743
746
749
750
750
750
750
750
751
754
755
758
759
769
770
771
774
782
786
786
786
786
786
786
786
786
786
787
787
787
787
787
788
788
788
788
789
791
795
798
799
799
803
804
815
815
820
827
845
855
858
870
876
882
887
890
892
893
895
896
896
897
897
898
900
904
906
906
907
913
915
920
922
924
935
936
938
953
956
963
967
979
986
986
991
998
1000
1003
1004
1006
1009
1010
1010
1027
1036
1038
1038
1044
1048
1049
1050
1050
1051
1054
1056
1056
1057
1058
1059
1060
1061
1061
1064
1064
1067
1071
1072
1074
1075
1076
1076
1076
1076
1076
1076
1077
1077
1077
1077
1077
1077
1078
1078
1079
1079
1079
1086
1086
1086
1086
1086
1086
1089
1092
1093
1095
1103
1103
1105
1106
1107
1107
1108
1110
1112
1112
1112
1113
1118
1120
1131
1131
1131
1131
1134
1138
1141
1145
1146
1165
1175
1188
1188
1193
1197
1197
1198
1198
1198
1198
1198
1199
1199
1199
1199
1199
1199
1199
1203
1204
1204
1204
1206
1207
1208
1209
1209
1209
1210
1217
1217
1217
1217
1217
1218
1218
1218
1218
1218
1218
1219
1220
1221
1221
1222
1222
1222
1222
1222
1222
1222
1222
1222
1222
1223
1223
1223
1223
1223
1224
1230
1230
1231
1232
1233
1233
1234
1237
1240
1240
1242
1249
1249
1250
1252
1252
1254
1254
1254
1254
1255
1257
1257
1258
1260
1260
1263
1267
1269
1271
1274
1274
1281
1283
1284
1290
1290
1291
1293
1293
1294
1294
1296
1297
1298
1301
1302
1303
1304
1305
1306
1306
1307
1314
1314
1314
1322
1322
1323
1325
1325
1325
1326
1328
1328
1332
1332
1333
1333
1333
1334
1335
1335
1335
1335
1336
1338
1338
1339
1339
1339
1340
1340
1341
1343
1347
1347
1348
1348
1349
1350
1352
1352
1353
1353
1354
1361
1370
1374
1374
1375
1375
1376
1378
1382
1383
1385
1385
1385
1388
1389
1392
1393
1393
1394
1394
1400
1404
1406
1407
1407
1408
1409
1409
1418
1419
1422
1422
1424
1424
1425
1430
1431
1431
1432
1432
1432
1434
1436
1437
1437
1437
1439
1439
1439
1440
1441
1446
1447
1448
1450
1451
1452
1456
1456
1458
1459
1463
1465
1468
1471
1475
1476
1476
1481
1482
1482
1482
1483
1483
1484
1484
1484
1488
1489
1490
1493
1496
1504
1506
1507
1507
1514
1515
1515
1515
1515
1515
1519
1519
1520
1521
1522
1522
1523
1523
1523
1524
1525
1525
1528
1529
1529
1531
1534
1534
1535
1535
1535
1536
1538
1539
1539
1543
1544
1545
1545
1547
1547
1549
1550
1550
1551
1551
1552
1552
1553
1554
1554
1555
1555
1556
1556
1556
1556
1556
1557
1558
1561
1562
1562
1562
1563
1563
1565
1565
1565
1566
1567
1568
1568
1568
1568
1568
1572
1573
1573
1573
1574
1574
1574
1575
1576
1578
1579
1579
1580
1580
1581
1585
1585
1587
1587
1588
1589
1590
1591
1592
1592
1592
1593
1593
1593
1593
1593
1593
1593
1594
1594
1596
1596
1597
1598
1599
1599
1599
1599
1599
1599
1600
1601
1602
1603
1603
1603
1605
1605
1605
1605
1605
1605
1605
1605
1605
1605
1605
1605
1605
1605
1605
1605
1605
1609
1609
1609
1611
1612
1613
1613
1613
1614
1614
1614
1618
1618
1619
1626
1626
1626
1626
1626
1627
1627
1627
1627
1627
1627
1628
1628
1628
1628
1628
1629
1632
1633
1633
1635
1636
1636
1637
1637
1637
1638
1638
1638
1639
1639
1639
1639
1639
1639
1640
1640
1640
1640
1641
1641
1641
1641
1641
1642
1642
1643
1643
1643
1646
1648
1648
1649
1651
1651
1651
1657
1657
1658
1660
1660
1660
1661
1664
1665
1665
1665
1665
1669
1670
1670
1671
1671
1674
1677
1679
1679
1685
1685
1685
1685
1685
1685
1685
1685
1685
1685
1685
1686
1686
1686
1686
1686
1686
1686
1686
1686
1686
1686
1686
1687
1687
1687
1687
1687
1690
1690
1691
1691
1692
1692
1694
1694
1702
1703
1703
1703
1703
1704
1704
1704
1704
1704
1704
1719
1724
1724
1725
1725
1725
1732
1733
1737
1740
1740
1741
1741
1744
1745
1745
1752
1756
1757
1759
1759
1764
1765
1766
1768
1772
1773
1775
1775
1777
1778
1778
1781
1782
1782
1789
1790
1796
1797
1802
1803
1804
1805
1807
1807
1809
1809
1813
1813
1813
1820
1821
1821
1821
1822
1822
1822
1822
1822
1824
1826
1830
1831
1842
1845
1848
1850
1854
1856
1857
1858
1858
1866
1866
1885
1892
1897
1915
1939
1944
1944
1945
1950
1950
1950
1950
1950
1950
1959
1963
1965
1965
1973
1975
1975
1989
1989
1994
1998
2000
2006
2006
2008
2023
2027
2027
2037
2042
2071
2072
2083
2133
2198
2209
2210
2210
2211
2214
2218
2221
2223
2223
2227
2232
2246
2258
2266
2266
2266
2334
2368
2371
2391
2395
2404
2409
2410
2422
2422
2424
2424
2426
2426
2427
2440
2443
2454
2457
2464
2466
2468
2468
2471
2481
2481
2491
2491
2491
2491
2512
2577
2584
2585
2585
2590
