3
4
4
4
5
6
6
6
7
7
8
8
8
9
10
10
10
11
12
13
13
14
14
15
15
15
15
15
15
16
16
16
16
16
16
16
17
17
17
17
18
18
18
19
19
20
20
20
20
20
20
20
20
20
21
21
21
21
21
21
21
21
21
21
21
21
21
22
22
22
23
23
23
23
23
24
24
25
25
25
26
26
26
26
26
26
27
27
27
27
27
27
27
27
27
28
28
28
28
28
28
28
28
28
28
28
28
28
29
29
29
29
29
29
29
29
29
29
29
29
29
29
29
29
29
29
29
29
30
30
30
30
30
30
30
30
30
30
30
31
31
31
31
31
31
31
31
31
31
31
31
31
31
32
32
32
32
32
32
32
32
32
32
32
32
32
32
32
33
33
33
33
33
34
34
34
34
34
35
35
35
35
35
35
35
35
36
36
36
36
36
36
37
37
37
37
37
37
37
38
38
38
38
38
38
38
38
38
38
38
38
39
39
39
39
40
40
40
40
40
41
41
41
42
42
42
42
43
43
43
43
43
43
43
43
44
44
44
44
45
45
45
46
46
46
47
47
47
47
47
47
48
48
48
48
48
48
49
50
51
52
52
52
53
54
54
54
55
55
56
56
57
59
59
59
59
59
60
60
60
60
60
61
61
61
61
61
61
61
62
63
63
64
64
65
65
65
65
66
66
66
66
68
68
68
68
69
69
70
71
72
72
72
72
72
73
73
74
74
74
76
76
76
76
77
77
77
77
78
79
79
80
81
81
82
82
83
84
85
85
85
85
86
88
89
89
89
89
89
89
90
90
90
90
91
91
91
91
91
91
91
92
92
93
93
94
94
94
94
94
94
95
96
96
96
97
97
97
97
98
98
98
98
100
100
101
101
101
101
102
103
103
103
103
103
104
104
104
104
104
104
105
105
105
105
105
105
106
106
106
106
107
108
109
109
109
109
109
109
110
111
111
111
111
111
111
111
111
111
112
112
112
112
113
113
113
113
114
114
114
114
115
115
116
116
117
117
117
117
118
118
118
118
119
119
119
119
119
119
120
120
120
120
120
120
120
120
121
121
122
122
122
123
124
124
124
125
125
125
126
126
126
126
128
128
128
128
128
129
129
131
131
131
131
131
131
131
132
132
133
133
133
133
133
134
134
134
135
135
135
135
136
136
137
137
137
138
138
138
139
140
140
141
141
142
143
143
144
144
144
144
144
144
145
145
145
145
147
147
147
147
147
147
148
149
149
150
150
150
151
151
151
151
152
152
153
154
154
154
154
154
155
155
156
156
156
157
157
157
157
157
158
158
158
158
158
159
159
159
159
160
160
160
160
160
161
161
161
161
161
161
161
161
161
161
161
161
162
162
162
162
162
162
163
164
164
166
166
166
167
167
167
167
167
168
168
169
169
169
170
171
171
171
172
172
172
172
172
172
172
172
173
173
173
173
173
173
174
174
174
175
175
175
176
176
176
176
176
176
176
176
176
176
177
177
177
178
178
178
179
180
180
180
180
180
181
182
182
182
182
184
185
185
186
187
187
187
187
187
188
188
189
189
189
190
190
192
192
192
193
194
194
195
195
195
195
196
196
197
198
198
198
198
198
199
199
199
199
199
199
199
199
200
200
200
201
201
203
204
204
204
205
205
205
205
205
205
206
206
206
210
210
211
211
211
211
211
211
212
212
212
212
212
213
215
215
215
216
216
216
217
217
218
218
219
220
220
220
220
220
221
222
223
224
224
224
224
225
225
226
227
227
227
228
229
229
230
230
231
232
233
234
235
235
235
238
239
239
239
240
240
240
240
240
240
240
241
241
242
243
244
244
244
246
246
247
247
248
249
249
249
250
250
251
252
252
252
253
254
254
254
254
254
254
254
255
255
255
255
255
255
255
255
255
255
256
256
256
256
256
256
257
258
258
258
259
259
259
260
261
261
262
262
263
263
263
263
263
263
263
264
264
265
266
266
266
267
267
267
268
268
270
270
270
271
271
271
271
271
272
272
272
272
273
273
273
273
273
273
273
274
274
274
274
274
274
274
274
275
276
278
278
279
279
279
280
280
280
280
280
283
284
284
285
286
286
287
289
290
290
291
291
291
292
292
292
293
293
293
293
293
293
294
294
296
296
296
296
296
296
297
297
298
298
299
299
301
303
304
304
304
305
305
308
308
309
309
309
309
310
311
313
315
320
321
323
326
338
341
368
368
368
368
370
373
373
375
375
375
377
382
392
401
403
412
417
418
418
422
424
425
426
434
439
445
445
447
451
454
456
458
459
463
464
464
467
469
472
472
474
474
474
475
477
477
478
478
481
484
484
484
487
492
493
494
496
501
517
520
524
527
540
542
542
544
544
549
549
549
550
550
550
550
551
552
558
559
559
560
560
560
561
561
562
562
562
564
567
568
569
577
582
588
605
605
607
608
608
609
611
617
617
620
621
622
624
626
627
628
628
634
634
634
634
641
641
641
641
644
646
648
649
651
651
652
653
654
655
655
655
658
660
660
660
660
660
660
660
660
660
660
660
661
661
661
661
661
661
666
674
683
687
691
693
695
697
698
709
718
723
724
733
736
737
737
737
737
744
745
745
745
745
746
746
747
749
752
759
760
761
763
763
764
765
766
768
772
774
774
776
777
777
778
783
783
784
784
784
785
788
789
790
792
797
839
841
848
850
853
854
868
868
871
872
876
887
887
889
893
904
907
911
913
917
917
918
920
921
923
929
932
934
934
940
942
946
949
952
958
964
964
964
965
965
967
974
974
975
976
977
978
978
981
982
984
984
985
989
989
990
990
994
996
996
997
997
999
1000
1000
1002
1003
1004
1006
1006
1007
1012
1012
1012
1012
1013
1013
1016
1016
1016
1019
1020
1020
1021
1021
1021
1021
1021
1022
1022
1022
1022
1023
1024
1027
1027
1028
1028
1029
1036
1040
1040
1040
1040
1044
1053
1053
1053
1055
1056
1056
1056
1059
1065
1069
1070
1072
1103
1106
1115
1125
1125
1126
1126
1127
1128
1128
1129
1129
1129
1130
1130
1147
1193
1193
1194
1204
1205
1207
1207
1207
1222
1227
1230
1235
1244
1250
1252
1254
1254
1299
1299
1332
1332
1338
1342
1344
1346
1348
1348
1348
1349
1351
1355
1355
1356
1360
1362
1377
1395
1400
1411
1411
1411
1411
1412
1423
1425
1425
1425
1425
1425
1426
1426
1426
1426
1427
1427
1427
1427
1428
1428
1429
1429
1429
1429
1430
1430
1433
1434
1435
1435
1435
1436
1436
1437
1438
1439
1445
1445
1445
1445
1445
1446
1447
1447
1447
1448
1448
1451
1452
1453
1456
1456
1457
1458
1458
1458
1459
1460
1462
1462
1462
1463
1463
1463
1463
1464
1464
1465
1465
1466
1466
1467
1467
1476
1476
1476
1477
1478
1479
1481
1483
1485
1486
1486
1487
1487
1488
1488
1488
1488
1488
1488
1489
1489
1489
1489
1489
1490
1490
1491
1491
1492
1492
1492
1494
1494
1495
1495
1496
1496
1497
1497
1498
1498
1499
1501
1501
1503
1505
1510
1516
1520
1522
1522
1523
1523
1523
1523
1525
1528
1529
1532
1533
1538
1538
1538
1539
1540
1541
1543
1545
1545
1545
1546
1548
1550
1550
1552
1553
1554
1554
1554
1556
1557
1563
1564
1564
1566
1567
1567
1568
1569
1569
1570
1573
1576
1581
1582
1583
1584
1584
1584
1585
1589
1589
1590
1591
1591
1591
1594
1597
1598
1598
1599
1600
1600
1600
1600
1600
1600
1602
1604
1613
1623
1623
1623
1623
1623
1623
1623
1623
1624
1624
1624
1624
1624
1624
1624
1624
1624
1626
1627
1627
1629
1629
1630
1630
1631
1632
1632
1632
1632
1634
1635
1636
1636
1638
1640
1646
1646
1646
1647
1647
1647
1647
1647
1648
1649
1649
1649
1649
1649
1649
1649
1649
1649
1650
1651
1654
1654
1656
1657
1659
1660
1660
1663
1664
1664
1664
1665
1665
1665
1666
1666
1666
1667
1667
1668
1670
1670
1671
1671
1672
1673
1674
1674
1674
1674
1674
1674
1674
1675
1675
1675
1677
1678
1678
1681
1681
1681
1681
1682
1683
1685
1685
1685
1686
1687
1688
1689
1691
1693
1694
1696
1697
1697
1698
1698
1698
1698
1698
1698
1698
1699
1699
1699
1699
1699
1699
1699
1700
1700
1701
1701
1701
1702
1702
1702
1702
1702
1702
1702
1703
1703
1703
1703
1703
1704
1704
1704
1705
1705
1705
1706
1706
1706
1706
1709
1709
1709
1714
1715
1715
1716
1716
1716
1716
1716
1718
1718
1718
1720
1720
1723
1723
1723
1723
1724
1724
1725
1726
1727
1727
1727
1730
1730
1730
1730
1731
1731
1732
1732
1733
1734
1736
1738
1738
1745
1745
1745
1746
1746
1747
1749
1750
1751
1754
1761
1765
1766
1768
1769
1771
1772
1772
1773
1773
1777
1777
1778
1780
1781
1781
1783
1783
1783
1784
1784
1784
1784
1784
1784
1787
1787
1788
1789
1789
1797
1797
1798
1801
1807
1807
1808
1809
1810
1814
1820
1821
1821
1823
1825
1828
1829
1835
1836
1837
1851
1854
1859
1862
1864
1864
1864
1865
1868
1884
1885
1898
1899
1905
1906
1907
1907
1908
1911
1914
1916
1922
1928
1934
1934
1935
1936
1936
1937
1939
1947
1957
1960
1961
1966
1971
1984
1987
1987
1995
1996
1999
2002
2003
2003
2004
2005
2015
2015
2020
2020
2026
2027
2027
2028
2028
2029
2031
2031
2047
2048
2049
2060
2063
2064
2064
2064
2064
2064
2068
2069
2071
2077
2099
2102
2102
2102
2103
2127
2136
2137
2141
2145
2158
2178
2183
2199
2208
2230
2230
2230
2230
2230
2230
2230
2230
2231
2231
2231
2231
2231
2231
2232
2233
2234
2237
2237
2237
2238
2238
2238
2238
2238
2239
2239
2239
2239
2256
2256
2257
2258
2260
2262
2262
2273
2273
2274
2289
2309
2309
2309
2312
2314
2315
2315
2317
2318
2319
2323
2344
2346
2348
2351
2365
2368
2382
2390
2406
2413
2420
2450
2451
2476
2483
2484
2487
2562
2600
2608
2626
2627
2627
2659
2698
2710
2743
2750
2760
2761
2763
2766
2772
2783
2787
2793
2793
2796
2813
2814
2814
2852
2860
2861
2861
2864
2882
2884
2892
2908
2909
2914
2952
2954
2958
2958
2968
2970
2970
2972
2972
2980
2982
2985
3012
3021
3024
3025
3033
3050
3056
3058
3076
3076
3077
3081
3082
3086
3086
3098
3102
3113
3129
3130
3141
3144
3147
3147
3151
3153
3155
3155
3155
3161
3161
3162
3163
3165
3169
3170
3170
3173
3177
3180
3182
3184
3185
3186
3187
3189
3192
3193
3197
3204
3205
3208
3209
3211
3217
3219
3226
3227
3228
3232
3234
3235
3236
3238
3238
3239
3239
3239
3240
3244
3244
3246
3246
3247
3247
3247
3248
3252
3259
3259
3261
3262
3262
3262
3263
3263
3264
3265
3265
3267
3267
3271
3271
3276
3276
3276
3276
3276
3281
3286
3287
3289
3289
3290
3291
3291
3294
3298
3298
3298
3299
3299
3300
3300
3300
3300
3300
3300
3301
3316
3317
3320
3332
3333
3333
3333
3333
3333
3333
3333
3341
3345
3383
3387
3393
3393
3393
3394
3397
3398
3430
3437
3442
3466
3485
3485
3485
3486
3492
3507
3512
3514
3515
3518
3526
3558
3558
3597
3609
3613
3728
3775
3822
3823
3829
3829
3830
3849
3910
3919
3943
3946
4015
4164
4194
4196
4209
4209
4211
4217
4235
4240
4240
4244
4249
4249
4295
4297
4561
4572
4577
4578
4579
4579
4579
4585
4596
4598
4598
4611
4613
4633
4638
4650
4652
4655
4656
4656
4663
4663
4663
4666
4666
4667
4669
4671
4673
4675
4682
4682
4684
4689
4689
4689
4690
4691
4698
4722
4727
4732
4733
4734
4734
4734
4734
4735
4735
4735
4747
4755
4755
4758
4763
4763
4763
4763
4765
4765
4765
4765
4778
4779
4781
4781
4781
4786
4788
4789
4789
4789
4789
4789
4793
4793
4793
4798
4798
4798
4798
4805
4810
4810
4810
4810
4815
4818
4819
4819
4819
4819
4819
4819
4820
4820
4820
4824
4826
4834
4834
4835
4837
4838
4838
4838
4838
4838
4838
4839
4839
4840
4842
4842
4843
4844
4848
4848
4848
4848
4848
4848
4849
4849
4849
4858
4858
4858
4858
4858
4858
4858
4858
4858
4858
4858
4858
4858
4858
4858
4858
4858
4858
4858
4858
4858
4858
4858
4858
4859
4859
4859
4860
4860
4860
4872
4878
4882
4882
4882
4883
4883
4883
4883
4883
4883
4887
4891
4901
4901
4901
4901
4901
4901
4901
4901
4901
4901
4901
4901
4901
4901
4901
4901
4901
4901
4901
4901
4901
4902
4902
4902
4902
4902
4902
4902
4902
4902
4902
4902
4902
4902
4902
4902
4902
4902
4902
4904
4904
4904
4904
4904
4904
4904
4904
4904
4906
4906
4906
4906
4906
4906
4906
4906
4906
4906
4906
4906
4945
4946
4953
4953
4960
4960
4960
4960
4960
4962
4962
4962
4963
4966
4966
4976
4976
4978
4978
4990
4991
4992
5018
5018
5031
5036
5041
5042
5045
5059
5065
5138
5149
5149
5153
5156
5157
5165
5168
5182
5237
5292
5292
5294
5304
5322
5333
5344
5367
5373
5377
5379
5382
5383
5383
5383
5383
5383
5385
5385
5385
5487
5487
5489
5517
5576
5576
5576
5649
5650
5650
5651
5651
5651
5659
5682
5687
5693
5697
5707
5708
5720
5732
5733
5747
5752
5757
6015
6015
6023
6023
6023
6023
6023
6023
6032
6032
6115
6117
6136
6157
6157
6157
6163
6168
6187
6196
6201
6201
6207
6207
6207
6207
6207
6208
6215
6216
6217
6217
6219
6219
6222
6242
6243
6244
6244
6250
6251
6251
6252
6260
6264
6265
6277
6287
6294
6299
6299
6303
6305
6310
6312
6333
6334
6350
6358
6358
6363
6363
