3
3
3
3
3
4
4
4
6
6
7
7
7
8
9
9
9
10
10
10
12
12
12
12
13
13
14
14
14
14
14
15
16
16
16
17
17
18
18
19
19
19
20
20
20
20
20
20
20
20
21
21
21
21
21
21
21
21
21
21
21
21
21
22
22
22
22
22
22
22
22
22
22
22
22
22
22
22
22
22
22
22
23
23
23
23
23
23
23
23
23
23
23
23
23
23
24
24
25
25
25
25
25
25
25
26
26
26
26
26
26
26
26
27
27
27
27
27
27
27
27
28
28
28
29
29
29
29
29
29
30
30
30
30
30
30
30
30
30
31
31
31
31
31
31
31
32
32
33
33
33
33
34
34
34
34
35
35
35
36
36
36
36
36
36
37
37
37
37
37
37
37
37
37
37
38
38
39
39
39
39
40
40
40
40
41
42
42
43
43
43
43
44
44
44
44
44
44
45
45
46
46
46
47
47
47
47
48
48
48
48
49
49
49
49
49
50
51
51
51
52
52
52
52
53
53
53
53
53
55
56
56
56
56
57
57
57
57
58
58
58
59
59
59
59
59
60
61
61
61
61
62
62
63
64
65
67
68
68
68
70
71
71
71
73
73
74
74
74
74
75
75
75
75
75
75
76
76
76
76
76
76
77
78
78
78
79
79
80
80
80
80
80
80
80
82
82
82
82
83
83
83
83
84
84
84
84
84
85
85
85
86
86
87
87
88
88
90
90
90
92
92
92
92
92
92
93
93
93
93
94
94
95
95
95
95
96
96
96
96
96
96
97
98
98
98
98
98
98
99
99
100
100
101
101
101
101
101
101
101
102
102
102
102
102
102
102
102
103
103
103
103
103
103
103
104
104
104
104
104
105
105
106
106
106
106
106
107
107
107
108
108
109
109
109
109
110
111
111
111
112
113
114
114
114
114
114
115
115
115
116
117
117
117
118
118
118
119
119
120
120
121
121
122
122
122
122
123
123
123
124
124
124
124
126
126
127
127
127
127
128
128
128
128
128
128
129
129
129
130
131
131
131
131
132
132
132
132
132
133
133
133
133
134
134
134
134
134
134
134
135
135
135
135
135
135
136
136
137
137
137
137
138
138
139
139
139
139
140
141
141
141
141
141
142
142
142
142
142
142
142
143
143
144
144
144
144
144
144
144
145
145
145
145
145
145
145
145
146
146
146
146
146
146
146
147
147
147
147
147
147
147
147
148
148
148
148
149
149
149
149
149
149
149
150
150
150
150
150
150
150
150
150
150
151
151
151
151
151
151
151
151
152
152
152
152
153
153
153
154
154
154
154
154
154
155
155
155
156
156
156
156
157
157
157
157
157
158
158
158
158
158
158
158
159
159
159
159
159
160
160
160
160
160
160
160
160
161
161
161
161
161
162
162
162
162
162
162
162
163
164
164
164
164
164
164
165
165
165
165
165
165
165
165
165
165
166
166
166
166
166
166
166
166
166
166
166
167
167
168
168
169
169
169
169
170
170
171
171
172
172
172
172
172
173
173
173
173
173
174
174
174
174
176
176
176
176
177
177
179
179
180
180
180
181
182
183
183
183
184
185
187
187
188
189
189
189
189
191
192
193
193
193
193
194
194
195
195
195
196
196
196
197
197
198
198
199
199
199
200
200
201
201
201
201
201
202
202
202
203
203
203
203
203
204
204
205
205
205
205
206
207
207
207
207
207
207
208
208
208
208
208
209
209
209
209
209
209
209
210
210
210
210
211
211
211
211
212
212
212
213
213
213
213
214
214
214
214
214
214
215
215
215
215
215
215
215
216
216
216
216
216
217
217
218
218
220
220
220
220
220
220
221
221
221
221
221
222
222
222
222
223
224
224
225
225
227
228
228
229
229
229
230
230
230
231
231
231
232
232
233
233
233
233
233
234
235
236
237
237
237
237
238
238
239
239
240
240
240
241
242
243
243
243
244
245
246
247
247
247
248
248
248
248
248
248
249
250
250
250
251
252
252
252
252
253
253
255
255
255
256
257
258
258
259
259
259
260
260
260
261
261
261
262
263
263
264
265
265
265
265
265
266
266
267
269
269
269
269
269
269
269
269
269
270
270
270
270
270
270
270
271
271
271
271
272
273
273
273
273
273
274
274
274
275
275
275
275
275
276
276
276
277
277
277
277
278
279
280
283
283
284
284
285
287
288
288
288
289
289
289
289
289
289
290
290
290
290
290
290
290
291
292
292
293
293
294
294
294
294
294
295
295
296
296
296
297
297
298
298
298
299
299
300
301
303
303
303
304
305
305
307
307
307
308
308
309
309
309
309
309
309
310
310
311
318
318
321
322
322
324
324
324
327
328
328
329
332
332
332
334
343
343
343
344
345
347
347
348
356
357
357
361
362
362
362
363
364
365
366
369
371
373
373
377
378
381
384
385
386
388
389
398
398
398
402
408
417
421
424
430
433
436
447
459
463
467
469
470
470
470
474
479
479
485
485
485
491
494
494
497
500
503
503
504
506
507
509
513
514
514
515
517
522
524
525
527
528
529
529
530
542
547
548
552
555
560
561
564
566
566
566
566
567
573
573
573
577
578
578
582
583
619
623
623
628
634
638
640
650
653
654
656
656
661
663
663
663
665
665
674
681
681
688
689
690
690
690
690
691
692
697
701
701
706
708
708
709
719
731
732
732
733
736
736
736
737
737
737
743
747
749
750
750
750
756
758
763
763
767
779
785
785
787
789
791
791
793
797
798
799
804
806
812
816
820
823
825
835
850
850
852
853
855
879
885
885
885
894
895
898
906
906
906
906
906
906
906
907
907
907
907
907
907
907
907
908
908
909
909
910
910
929
937
942
943
945
945
946
949
949
952
956
958
958
959
959
959
959
960
960
960
960
960
961
962
964
967
970
971
971
974
983
989
994
995
996
997
1003
1006
1007
1008
1012
1019
1020
1020
1020
1020
1020
1021
1021
1021
1021
1022
1022
1022
1022
1022
1022
1023
1034
1035
1036
1049
1064
1066
1129
1132
1136
1141
1153
1156
1157
1160
1173
1173
1174
1186
1204
1205
1231
1232
1285
1288
1293
1318
1320
1320
1322
1325
1325
1326
1327
1327
1329
1329
1330
1332
1334
1336
1352
1355
1358
1358
1359
1361
1361
1362
1367
1367
1367
1367
1368
1368
1378
1378
1393
1399
1402
1403
1405
1405
1406
1411
1412
1419
1424
1424
1424
1424
1425
1425
1425
1425
1425
1425
1425
1425
1425
1425
1425
1426
1426
1426
1426
1426
1426
1427
1427
1427
1428
1428
1429
1429
1430
1430
1430
1432
1434
1436
1436
1437
1438
1439
1439
1439
1440
1440
1440
1440
1441
1441
1443
1444
1444
1449
1449
1449
1449
1450
1450
1450
1451
1451
1451
1451
1453
1454
1454
1455
1455
1455
1457
1461
1462
1463
1463
1464
1465
1466
1467
1467
1467
1469
1469
1469
1471
1471
1471
1472
1473
1477
1478
1478
1478
1479
1481
1481
1481
1482
1482
1482
1482
1483
1483
1483
1484
1485
1485
1486
1486
1487
1488
1488
1489
1489
1490
1492
1492
1492
1494
1497
1498
1499
1500
1500
1501
1501
1501
1502
1502
1503
1505
1507
1511
1511
1511
1511
1511
1511
1511
1511
1511
1512
1512
1518
1518
1518
1519
1520
1521
1523
1524
1526
1527
1527
1528
1529
1530
1530
1531
1533
1534
1538
1539
1542
1545
1547
1548
1549
1550
1550
1554
1559
1560
1560
1562
1563
1563
1564
1565
1565
1566
1568
1569
1576
1577
1577
1580
1583
1586
1588
1588
1590
1591
1591
1591
1591
1591
1592
1593
1594
1594
1594
1596
1597
1597
1601
1604
1607
1607
1608
1612
1612
1612
1612
1612
1612
1614
1614
1614
1615
1616
1616
1616
1616
1617
1617
1618
1618
1618
1619
1619
1620
1620
1621
1621
1622
1622
1624
1624
1624
1624
1624
1625
1625
1626
1626
1626
1627
1627
1627
1627
1627
1627
1627
1628
1628
1628
1628
1628
1628
1628
1629
1631
1632
1633
1633
1633
1633
1633
1633
1633
1633
1633
1636
1637
1637
1638
1639
1639
1639
1639
1639
1639
1639
1639
1639
1639
1641
1641
1641
1642
1642
1643
1644
1644
1645
1645
1645
1645
1646
1646
1646
1646
1647
1648
1649
1650
1650
1651
1652
1655
1655
1655
1656
1657
1657
1659
1659
1660
1660
1660
1661
1661
1662
1662
1666
1672
1674
1675
1675
1675
1677
1679
1681
1684
1685
1688
1691
1691
1695
1696
1696
1696
1697
1698
1699
1702
1702
1702
1703
1706
1707
1707
1707
1707
1707
1707
1707
1707
1708
1708
1708
1709
1709
1709
1710
1710
1712
1712
1714
1718
1720
1723
1724
1727
1727
1727
1729
1734
1736
1737
1739
1740
1744
1746
1749
1752
1767
1770
1775
1790
1817
1829
1830
1830
1831
1849
1849
1851
1864
1866
1869
1872
1873
1874
1875
1876
1877
1877
1890
1890
1894
1926
1926
1929
1936
1937
1937
1947
1968
1970
1987
2004
2046
2046
2046
2047
2047
2047
2047
2047
2048
2079
2089
2089
2089
2089
2089
2090
2090
2091
2091
2091
2092
2092
2092
2094
2109
2114
2115
2115
2116
2126
2130
2132
2152
2159
2162
2181
2182
2182
2191
2222
2224
2251
2260
2359
2363
2363
2364
2365
2365
2372
2378
2382
2385
2388
2414
2415
2416
2416
2416
2420
2428
2435
2437
2439
2446
2446
2449
2474
2474
2474
2475
2475
2475
2481
2482
2487
2489
2494
2495
2496
2500
2500
2501
2501
2508
2519
2522
2523
2533
2550
2550
2562
2562
2578
2581
2581
2583
2589
2589
2643
2696
2703
2703
2704
2705
2719
2727
2729
2732
2736
2746
2749
2752
2762
2762
2762
2783
2786
2807
2809
2809
2812
2825
2831
2835
2836
2840
2851
2853
2853
2854
2856
2862
2870
2872
2879
2887
2899
2922
2951
2953
2961
2964
2965
2970
2973
2975
2983
2984
2989
2996
3000
3015
3015
3017
3018
3020
3026
3039
3040
3041
3042
3048
3050
3050
3051
3057
3057
3057
3057
3057
3058
3061
3062
3062
3066
3068
3071
3072
3072
3076
3077
3079
3079
3082
3084
3085
3086
3087
3087
3089
3090
3091
3092
3092
3097
3098
3099
3099
3099
3099
3101
3101
3101
3101
3105
3106
3107
3109
3111
3131
3147
3147
3148
3152
3152
3152
3156
3156
3156
3158
3158
3158
3158
3170
3171
3173
3174
3177
3179
3186
3186
3187
3188
3188
3188
3189
3190
3191
3191
3193
3193
3194
3197
3198
3200
3201
3202
3202
3203
3203
3204
3205
3207
3207
3208
3208
3208
3210
3210
3211
3211
3211
3211
3212
3212
3212
3212
3212
3212
3217
3222
3223
3223
3225
3226
3226
3226
3226
3226
3226
3226
3227
3228
3228
3231
3232
3232
3232
3232
3233
3245
3246
3263
3273
3278
3285
3285
3286
3286
3286
3292
3292
3293
3293
3300
3318
3325
3327
3328
3345
3349
3359
3373
3380
3404
3406
3406
3410
3415
3417
3434
3439
3440
3449
3508
3529
3550
3601
3622
3622
3652
3662
3663
3695
3740
3773
3774
3774
3797
3798
3892
4019
4102
4103
4172
4177
4202
4272
4278
4301
4496
4497
4501
4515
4518
4518
4522
4530
4548
4557
4557
4560
4560
4560
4600
4603
4604
4611
4615
4639
4640
4647
4651
4661
4662
4663
4670
4670
4675
4677
4678
4694
4694
4695
4695
4695
4695
4699
4699
4700
4701
4706
4714
4717
4730
4730
4730
4730
4730
4730
4737
4740
4740
4746
4747
4747
4747
4751
4754
4754
4754
4763
4764
4765
4766
4766
4767
4773
4774
4791
4791
4791
4800
4806
4808
4809
4809
4820
4820
4820
4820
4820
4820
4820
4821
4821
4821
4821
4821
4832
4850
4854
4862
4862
4865
4880
4881
4917
4918
4919
4920
4920
4920
4920
4920
4921
4921
4921
4921
4922
4964
4984
4985
4986
4990
4990
4996
4996
4996
4998
4998
5001
5005
5005
5007
5007
5021
5026
5026
5029
5029
5035
5035
5035
5035
5045
5052
5053
5053
5054
5058
5058
5058
5059
5059
5059
5059
5059
5059
5060
5060
5065
5073
5080
5095
5103
5118
5127
5127
5127
5131
5139
5139
5145
5154
5160
5176
5182
5189
5189
5193
5206
5214
5216
5219
5222
5237
5237
5238
5247
5247
5260
5279
5279
5314
5341
5342
5343
5347
5348
5350
5467
5513
5527
5544
5544
5584
5592
5690
5704
5705
5715
5726
5733
5738
5742
5791
5849
5857
5857
5857
5930
5939
5943
5945
5959
5961
5982
5994
6023
6092
6104
6104
6109
6109
6110
6121
6130
6148
6158
6158
6181
6233
6234
6236
6243
6244
6245
6245
6254
6257
6258
6258
6258
6260
6263
6264
6264
6264
6271
6271
6271
6273
6273
6278
6279
6279
6281
6284
6289
6289
6294
6295
6295
6297
6297
6299
6299
6299
6299
6299
6299
6313
6313
6330
6336
6340
6362
6376
6384
6384
6384
6384
6384
6384
6384
6384
6384
6384
6384
6384
6384
6389
6394
6402
6417
6417
6431
6448
6450
6450
6451
6451
6454
6455
6455
6455
6455
6455
6455
6455
6455
6455
6455
6456
6456
6456
6462
6462
6462
6462
6462
6462
6466
6466
6466
6468
6468
6473
6473
6483
6483
6487
6487
6487
6490
6490
6491
6491
6491
6492
6492
6492
6492
6492
6492
6493
6493
6493
6493
6493
6493
6493
6494
6494
6494
6494
6494
6494
6494
6494
6494
6494
6494
6494
6498
6498
6499
6499
6499
6499
6499
6499
6499
6499
6499
6499
6499
6499
6499
6499
6506
6510
6510
6510
6511
6511
6511
6511
6513
6513
6513
6513
6513
6513
6513
6513
6513
6513
6513
6513
6513
6518
6521
6549
6550
6550
6551
6551
6551
6592
6592
6592
6602
6611
6611
6611
6612
6612
6612
6612
6612
6612
6633
6633
6633
6634
6634
6634
6634
6637
6637
6637
