3
4
5
5
6
8
8
8
8
9
10
10
11
11
12
12
13
16
17
18
18
21
21
21
21
21
21
22
22
22
22
22
22
22
22
22
22
22
22
22
22
22
23
23
23
23
23
23
23
23
23
23
23
24
24
24
25
25
26
26
26
26
26
27
27
28
28
29
29
29
29
30
30
30
30
30
30
31
31
31
31
32
32
32
32
32
32
33
33
33
33
33
33
33
33
33
33
34
35
35
35
36
36
38
38
39
40
41
41
41
42
42
42
42
42
42
42
42
42
42
42
42
42
43
43
43
43
43
43
43
43
43
43
43
43
43
43
44
44
44
44
44
44
44
44
44
44
45
45
45
47
48
48
49
51
53
55
56
56
56
59
59
61
61
63
63
66
68
70
70
72
73
73
74
75
76
76
76
77
80
81
81
82
83
84
86
86
87
87
87
88
89
89
90
91
91
91
91
91
91
93
93
93
93
93
93
94
94
94
97
97
99
99
100
100
100
103
103
105
105
106
107
109
109
109
110
112
113
113
114
116
117
117
118
119
119
119
119
119
119
119
119
119
120
120
120
120
120
120
120
120
120
120
120
120
120
121
121
121
121
121
122
122
122
122
123
123
124
126
127
127
129
129
132
132
133
133
134
134
135
135
137
137
138
138
139
139
139
140
141
142
143
144
144
144
144
145
145
146
147
148
150
150
151
152
152
152
152
152
152
154
154
155
155
155
156
157
157
157
157
158
159
159
160
160
160
161
161
162
162
162
162
162
162
162
163
163
163
165
166
166
167
169
169
170
171
171
172
172
173
173
173
174
174
175
175
175
176
176
177
177
178
180
180
180
181
181
182
182
183
183
184
184
185
186
186
186
188
188
189
189
189
189
189
189
189
190
191
192
192
193
194
195
195
195
196
196
197
198
199
199
200
200
201
203
204
205
205
206
206
206
206
206
206
207
207
207
207
207
209
209
209
209
211
211
214
214
214
215
215
216
219
221
222
223
225
226
228
229
233
233
233
233
234
234
234
234
234
235
235
235
235
235
235
235
236
236
238
239
241
241
241
247
249
249
250
252
252
253
253
254
256
263
268
270
274
276
277
282
287
288
289
290
290
294
297
297
301
302
306
307
307
307
310
310
311
311
312
312
312
313
313
313
319
320
321
322
324
324
328
329
335
349
358
376
384
399
403
413
414
414
415
415
417
417
418
418
427
428
430
431
433
437
438
439
442
448
448
449
449
449
449
449
450
450
450
453
454
455
455
456
456
458
460
461
463
464
466
466
467
467
469
470
471
472
472
473
475
475
479
479
479
483
485
487
489
492
492
492
493
493
493
494
494
494
494
494
498
499
500
500
500
503
503
503
504
504
504
509
510
510
513
513
513
513
513
517
521
521
522
524
526
529
530
531
532
532
533
535
536
538
539
539
540
542
545
545
558
561
562
563
563
563
563
563
564
564
564
564
564
565
565
567
570
572
574
575
576
576
578
578
580
580
583
591
592
592
592
593
594
594
597
601
603
604
606
614
618
619
619
619
619
619
619
619
619
620
620
620
620
620
621
621
621
621
621
621
621
621
622
622
622
622
622
622
624
624
624
624
624
624
624
624
625
625
625
625
628
632
635
646
646
653
654
658
658
659
660
664
669
673
673
673
674
674
674
674
675
675
675
675
680
682
682
684
696
702
708
708
708
709
712
713
714
715
715
721
726
737
741
759
761
761
767
769
770
771
771
771
772
772
772
772
772
773
776
778
780
781
794
816
820
831
831
833
833
838
845
861
889
894
895
896
898
900
900
900
900
903
940
946
947
947
953
954
966
966
968
968
969
970
971
971
972
1006
1012
1015
1017
1019
1059
1062
1103
1104
1112
1117
1119
1120
1124
1130
1145
1151
1205
1205
1217
1218
1223
1223
1226
1229
1229
1236
1236
1238
1241
1241
1244
1245
1256
1260
1265
1274
1276
1278
1281
1288
1288
1289
1289
1290
1290
1290
1291
1291
1291
1292
1297
1298
1305
1306
1314
1316
1318
1319
1319
1320
1320
1331
1331
1332
1333
1337
1339
1340
1370
1381
1383
1388
1390
1390
1392
1394
1414
1416
1419
1420
1423
1425
1427
1427
1427
1428
1428
1428
1428
1428
1428
1428
1428
1428
1428
1429
1429
1429
1429
1429
1430
1430
1432
1432
1433
1433
1439
1440
1442
1446
1446
1450
1452
1453
1455
1456
1460
1461
1462
1463
1464
1465
1466
1467
1467
1468
1473
1474
1475
1476
1477
1479
1480
1481
1481
1482
1482
1482
1482
1484
1484
1485
1486
1489
1489
1490
1492
1492
1493
1495
1495
1497
1498
1498
1499
1499
1499
1499
1499
1499
1499
1499
1500
1500
1500
1500
1500
1500
1500
1500
1502
1502
1502
1502
1503
1503
1506
1506
1509
1509
1509
1512
1514
1519
1521
1525
1527
1530
1532
1532
1533
1533
1539
1540
1540
1540
1545
1545
1545
1546
1547
1548
1550
1551
1552
1555
1558
1559
1559
1564
1565
1569
1569
1572
1574
1574
1575
1575
1576
1579
1580
1581
1583
1583
1583
1583
1583
1583
1583
1583
1583
1583
1584
1584
1584
1584
1585
1590
1594
1597
1598
1598
1601
1601
1603
1604
1606
1621
1623
1625
1626
1628
1630
1636
1637
1638
1639
1639
1639
1641
1641
1644
1648
1652
1652
1652
1652
1652
1652
1652
1652
1652
1652
1652
1652
1652
1652
1652
1653
1653
1653
1653
1653
1654
1654
1654
1657
1657
1659
1660
1663
1669
1670
1673
1679
1679
1679
1680
1680
1680
1680
1680
1680
1680
1680
1683
1683
1686
1686
1690
1691
1692
1702
1702
1703
1706
1717
1717
1718
1726
1726
1736
1741
1741
1742
1744
1749
1749
1749
1749
1750
1750
1751
1751
1751
1751
1751
1752
1752
1752
1752
1752
1752
1752
1753
1753
1753
1754
1754
1754
1754
1754
1754
1755
1755
1774
1804
1805
1831
1831
1831
1831
1832
1832
1832
1832
1834
1834
1860
1863
1865
1865
1869
1872
1886
1886
1886
1886
1886
1886
1887
1887
1887
1887
1887
1888
1891
1893
1896
1896
1896
1896
1927
1928
1929
1929
1938
1946
1946
1946
1946
1947
1947
1948
1950
1953
1954
1958
1958
1965
1971
1974
1974
1974
1976
1979
1980
1982
1985
1986
1990
1999
1999
2000
2000
2000
2000
2000
2000
2001
2001
2001
2001
2001
2001
2002
2010
2010
2011
2011
2018
2023
2025
2025
2025
2027
2030
2036
2043
2047
2052
2053
2054
2056
2056
2056
2056
2074
2074
2075
2081
2081
2081
2081
2096
2097
2099
2106
2117
2117
2118
2118
2118
2118
2121
2122
2132
2133
2135
2135
2135
2147
2166
2170
2172
2179
2180
2182
2186
2187
2198
2198
2198
2198
2287
2287
2298
2299
2299
2354
2369
2383
2384
2384
2388
2391
2394
2395
2396
2399
2400
2403
2405
2406
2406
2421
2421
2428
2430
2435
2443
2444
2444
2444
2446
2448
2451
2452
2458
2467
2470
2482
2483
2485
2488
2495
2502
2507
2512
2516
2520
2521
2521
2521
2526
2527
2528
2528
2529
2530
2540
2547
2549
2551
2554
2557
2560
2571
2583
2584
2584
2592
2592
2597
2613
2621
2632
2661
2664
2675
2701
2702
2750
2805
2813
2818
2850
2850
2858
2863
2865
2866
2867
2887
2903
2907
2908
2908
2910
2920
2920
2926
2927
2928
2929
2930
2942
2944
2945
2948
2951
2953
2957
2957
2960
2961
2966
2969
2971
2971
2973
2974
2975
2976
2977
2977
2978
2980
2980
2988
2993
2997
3001
3002
3004
3005
3006
3036
3037
3044
3052
3052
3055
3057
3060
3062
3064
3064
3072
3076
3097
3109
3118
3118
3118
3120
3122
3135
3135
3137
3148
3148
3152
3154
3160
3161
3163
3165
3166
3168
3169
3171
3171
3173
3173
3173
3174
3174
3177
3179
3181
3182
3186
3187
3188
3189
3192
3192
3192
3194
3194
3196
3197
3198
3199
3203
3204
3218
3223
3230
3238
3238
3248
3249
3253
3262
3269
3270
3271
3273
3274
3274
3275
3276
3276
3279
3279
3281
3285
3288
3291
3305
3317
3322
3373
3379
3379
3383
3384
3388
3388
3392
3394
3396
3399
3406
3408
3408
3409
3416
3416
3416
3419
3425
3428
3445
3464
3468
3469
3469
3482
3485
3492
3495
3497
3498
3509
3510
3510
3513
3536
3549
3549
3561
3566
3574
3575
3576
3579
3580
3588
3588
3598
3604
3605
3605
3606
3611
3618
3619
3626
3626
3628
3633
3643
3647
3648
3648
3649
3649
3650
3650
3650
3650
3651
3651
3651
3653
3656
3656
3657
3663
3666
3668
3697
3697
3706
3706
3717
3722
3734
3734
3734
3735
3748
3756
3756
3759
3765
3769
3770
3772
3773
3779
3783
3790
3842
3845
3845
3851
3853
3854
3870
3870
3871
3889
3901
3913
3914
3922
3927
3936
3939
3942
3942
3948
3955
3962
3963
3969
3971
3975
3977
4008
4009
4012
4024
4031
4049
4072
4074
4074
4078
4094
4095
4110
4114
4128
4132
4133
4139
4141
4141
4142
4144
4153
4153
4159
4166
4174
4174
4175
4180
4180
4193
4193
4193
4194
4194
4194
4200
4200
4205
4206
4207
4210
4211
4212
4212
4217
4219
4220
4221
4221
4221
4221
4222
4224
4224
4229
4230
4231
4234
4234
4235
4235
4236
4243
4243
4246
4247
4260
4261
4261
4275
4276
4286
4296
4296
4297
4308
4331
4371
4377
4398
4400
4428
4431
4449
4455
4455
4456
4458
4467
4467
4471
4472
4475
4488
4499
4502
4512
4512
4513
4513
4514
4514
4522
4522
4524
4538
4542
4543
4544
4549
4552
4570
4579
4580
4582
4586
4589
4593
4593
4594
4599
4599
4600
4601
4602
4602
4603
4607
4608
4608
4617
4622
4667
4669
4677
4689
4689
4690
4690
4693
4693
4693
4695
4702
4703
4704
4706
4706
4712
4723
4729
4740
4740
4741
4743
4746
4793
4796
4798
4802
4807
4809
4817
4818
4818
4819
4819
4822
4823
4823
4823
4824
4830
4832
4834
4834
4842
4845
4845
4845
4851
4857
4876
4884
4884
4913
4915
4996
5000
5000
5001
5001
5008
5008
5008
5008
5030
5033
5033
5033
5033
5033
5033
5033
5037
5037
5039
5039
5039
5039
5039
5039
5039
5040
5042
5056
5059
5059
5061
5062
5074
5089
5089
5089
5089
5089
5090
5090
5092
5097
5099
5102
5102
5128
5130
5131
5131
5138
5139
5142
5142
5144
5146
5146
5149
5149
5150
5163
5163
5166
5174
5182
5182
5183
5211
5227
5244
5265
5310
5341
5356
5366
5382
5382
5447
5450
5451
5452
5452
5462
5463
5464
5473
5483
5486
5492
5495
5512
5516
5517
5517
5517
5517
5526
5526
5527
5530
5530
5538
5538
5538
5544
5544
5544
5544
5544
5545
5545
5547
5547
5548
5548
5550
5550
5550
5551
5551
5555
5556
5556
5557
5559
5560
5560
5560
5562
5565
5573
5575
5575
5576
5583
5584
5587
5589
5603
5606
5606
5606
5607
5607
5607
5609
5616
5616
5617
5620
5621
5628
5630
5630
5633
5634
5635
5636
5636
5640
5641
5642
5644
5649
5653
5661
5661
5664
5671
5677
5678
5684
5686
5689
5702
5704
5705
5712
5724
5724
5733
5734
5735
5735
5741
5749
5751
5760
5762
5766
5766
5772
5774
5774
5823
5823
5835
5835
5835
5835
5835
5835
5835
5835
5835
5835
5835
5879
5886
5890
5900
5900
5901
5901
5901
5905
5920
5922
5922
5923
5928
5929
5929
5930
5931
5932
5943
5946
5948
5955
5955
5960
6000
6006
6025
6036
6038
6038
6046
6046
6047
6047
6048
6050
6050
6051
6053
6058
6058
6059
6064
6065
6069
6070
6072
6072
6073
6083
6087
6128
6155
6155
6157
6158
6158
6160
6169
6170
6181
6215
6215
6218
6219
6220
6220
6229
6229
6230
6233
6234
6235
6250
6250
6257
6257
6258
6264
6293
6307
6307
6308
6322
6380
6384
6387
6390
6403
6405
6407
6408
6420
6431
6435
6436
6437
6447
6451
6453
6453
6453
6454
6454
6454
6465
6469
6473
6476
6476
6479
6493
6497
6505
6505
6505
6516
6521
6521
6529
6533
6533
6535
6536
6536
6539
6542
6542
6552
6555
6561
6573
6573
6573
6578
6578
6578
6578
6581
6581
6581
6583
6586
6587
6595
6596
6601
6605
6606
6607
6608
6609
6610
6612
6621
6632
6637
6637
6638
6642
6644
6650
6650
6658
6660
6674
6677
6689
6689
6691
6692
6692
6693
6694
6715
6736
6736
6739
6741
6750
6751
6751
6754
6755
6759
6762
6768
6768
6768
6769
6770
6770
6771
6777
6781
6781
6782
6784
6785
6785
6785
6786
6786
6786
6786
6786
6786
6787
6790
6790
6794
6794
6821
6825
6826
6827
6828
6834
6843
6848
6848
6848
6850
6854
6854
6854
6854
6854
6855
6855
6855
6860
6860
6861
6867
6868
6868
6869
6869
6869
6869
6869
6869
6869
6872
6872
6873
6873
6873
6874
6878
6880
6883
6885
6889
6894
6896
6904
6909
6910
6912
6912
6915
6923
6931
6945
6946
6946
6953
6968
6968
6978
6978
6978
6979
7013
7023
7111
7115
7116
7129
7137
7139
7142
7159
7210
7221
7222
7227
7230
7230
7246
7247
7251
7251
7251
7253
7253
7253
7254
7254
7254
7257
7272
7275
7282
7284
7293
7293
7293
7293
7296
7296
7296
7296
7296
7296
7296
7296
7302
7302
7309
7309
7309
7311
7314
7319
7319
7319
7319
7319
7331
7331
7332
7332
7332
7332
7333
7334
7337
7339
7339
7339
7340
7340
7356
7369
7369
7369
7369
7370
7371
7371
7371
7371
7371
7371
7371
7371
7371
7371
7371
7371
7371
7371
7371
7371
7371
7371
7371
7371
7372
7373
7373
7373
7373
7375
7375
7375
7376
7376
7376
7376
7376
7382
7382
7382
7382
7386
7386
7387
7387
7387
7387
7388
7392
7393
7394
7395
7395
7398
7398
7399
7399
7400
7400
7401
7401
7401
7402
7402
7402
7402
7404
7404
7404
7404
7404
7404
7407
7407
7408
7408
7410
7410
7410
7411
7411
7411
7415
7417
7418
7419
7424
7427
7427
7427
7427
7437
7437
7437
7437
7449
7452
7453
7455
7462
7469
7469
7469
7469
7471
7471
7471
7471
7474
7476
7476
7476
7476
7477
7477
7477
7477
7477
7479
7480
7482
7484
7484
7484
7489
7499
7499
7519
7526
7535
7535
7535
7535
7535
7536
7538
7546
7546
7573
7584
7584
7584
7584
7584
7584
7584
7595
7595
7595
7602
7603
7620
7627
7627
7635
7642
7656
7656
7656
7660
7660
7660
7669
7673
7676
7687
7694
7694
7696
7697
7697
7697
7698
7706
7746
7762
7765
7788
7800
7804
7804
7805
