0
4
7
9
11
12
12
14
15
16
16
17
17
17
20
20
20
20
21
21
21
21
22
22
22
22
22
22
22
22
22
22
23
23
24
25
26
28
29
29
29
29
29
29
30
30
30
30
30
30
31
31
31
31
31
31
32
32
32
33
33
33
33
33
34
34
34
35
37
37
38
39
40
41
41
41
42
42
42
42
42
42
43
43
43
44
45
45
46
47
48
49
52
55
55
55
56
57
61
63
64
64
64
64
65
65
66
66
66
68
68
69
69
70
73
74
78
79
80
81
81
82
82
84
87
89
89
90
92
93
98
100
102
106
107
108
111
113
113
113
113
116
117
121
127
129
129
129
129
129
130
130
130
131
133
133
135
135
135
135
135
137
138
140
140
141
144
144
144
144
145
145
146
146
146
147
147
147
147
148
148
148
149
149
153
154
154
154
155
155
155
155
156
157
160
160
160
161
162
163
165
166
167
167
167
167
171
171
172
180
180
180
190
191
192
193
201
202
209
212
214
219
223
223
228
231
232
235
235
235
235
235
235
235
236
236
236
236
236
237
239
240
240
242
242
249
252
253
257
257
258
259
260
260
262
266
266
267
267
267
267
267
268
268
271
272
273
273
274
275
275
275
275
275
275
275
275
276
276
277
277
278
278
283
284
286
289
292
293
294
294
295
295
296
298
298
302
303
303
304
304
306
307
307
308
309
309
310
310
311
313
315
315
319
319
319
320
321
322
322
323
324
325
325
325
326
326
329
330
332
333
334
334
335
335
335
335
335
336
338
340
340
340
341
344
344
345
349
350
352
352
352
352
353
353
354
354
355
357
358
358
358
358
359
362
364
366
367
367
368
371
378
379
383
384
386
386
387
387
388
390
393
394
403
406
406
411
413
420
421
421
423
428
444
445
446
447
447
449
450
453
460
461
463
463
464
467
469
470
481
482
486
487
488
490
502
502
504
505
508
509
511
511
519
521
522
523
523
523
523
524
525
526
526
526
527
527
527
527
528
528
528
530
535
536
540
540
540
540
551
551
551
551
551
552
555
555
563
575
576
576
576
576
576
579
601
601
619
628
637
639
641
642
645
654
655
656
657
658
661
668
679
685
685
690
697
703
704
705
706
706
707
707
707
707
709
710
711
713
716
716
723
730
731
744
745
746
761
778
786
787
815
839
842
842
842
849
855
857
862
879
884
884
892
893
893
895
895
895
897
900
904
906
907
911
912
914
925
927
927
927
928
928
929
932
937
937
937
953
972
984
984
984
1000
1002
1003
1004
1008
1013
1024
1025
1027
1031
1034
1035
1036
1039
1059
1064
1065
1076
1081
1081
1087
1095
1107
1112
1113
1113
1113
1114
1114
1115
1118
1177
