0
10
11
11
13
15
15
15
17
18
19
22
22
22
23
23
26
26
28
29
32
33
34
36
37
37
37
37
37
38
39
41
43
45
45
48
50
50
53
57
57
59
59
59
61
61
64
64
64
64
65
65
65
65
65
65
66
66
66
67
71
74
75
75
75
75
75
75
75
76
79
82
82
82
82
82
82
86
86
86
87
88
88
88
88
88
88
89
89
89
94
94
94
94
94
94
94
94
94
94
95
96
96
101
101
104
108
108
109
110
111
111
111
111
112
113
114
114
115
116
118
118
122
123
123
123
123
123
124
124
124
124
124
125
125
125
126
127
128
128
128
128
129
129
130
133
134
135
135
136
136
136
137
138
138
138
139
140
143
147
152
154
154
158
158
161
162
162
162
163
164
166
169
169
169
172
174
175
176
180
186
187
190
191
196
197
198
199
200
200
200
200
201
203
203
206
210
213
215
217
217
217
219
222
223
223
225
226
226
226
228
228
230
230
234
236
237
238
239
240
240
241
251
252
252
253
253
257
258
265
265
282
282
283
283
285
285
286
287
288
288
289
291
293
293
293
293
298
299
301
304
304
304
304
304
305
305
305
307
309
309
309
309
309
311
311
311
311
311
312
312
316
321
333
333
333
333
333
335
338
339
340
340
342
343
343
344
345
347
347
351
351
354
359
362
362
363
363
366
367
370
372
375
375
376
376
376
376
376
376
376
376
377
377
378
378
378
380
388
392
413
415
417
419
419
420
420
420
421
422
426
433
443
449
450
472
479
492
492
500
510
511
522
524
526
527
528
535
544
545
563
565
567
569
575
578
579
580
581
590
592
593
599
612
621
621
622
622
622
622
622
626
626
652
656
659
663
676
680
684
684
684
686
688
688
691
691
693
693
694
697
698
707
708
710
711
722
730
737
738
738
738
738
738
739
739
739
740
740
741
743
745
746
747
747
747
747
755
758
765
769
769
769
770
782
782
783
787
791
791
791
791
791
791
792
792
797
802
806
812
816
818
829
830
830
839
864
875
883
886
887
888
894
894
894
900
911
911
943
943
956
962
970
979
979
984
984
985
985
987
988
999
1008
1014
1019
1028
1030
1035
1042
1043
1050
1052
1052
1052
1055
1055
1059
1062
1078
1084
1084
1084
1084
1085
1085
1086
1086
1118
1121
1122
1123
1125
1125
1131
1135
1137
1138
1139
1162
1167
1172
1175
1178
1181
1181
1181
1183
1184
1185
1185
1188
1189
1193
1203
1217
1219
1219
1229
1229
1233
1234
1235
1237
1253
1265
1265
1269
1269
1270
1270
1271
1298
1321
1331
1333
1371
1392
1393
1394
1420
1420
1453
1491
1514
1534
1534
1534
1539
1563
1570
1574
1576
1597
1597
1608
1620
1622
1645
1664
1669
1682
1684
1694
1699
1732
1760
1773
1816
1819
1844
1844
1845
1908
1916
1917
1918
