0
4
8
9
10
12
12
13
14
14
14
15
16
17
18
18
18
19
19
19
19
20
20
20
20
20
21
23
23
23
24
24
24
24
24
25
25
25
26
26
27
27
27
28
28
28
28
28
29
29
29
31
31
33
33
33
33
33
34
34
35
36
36
38
38
39
39
43
44
49
53
54
62
62
64
64
64
67
67
68
68
68
68
69
70
70
70
70
70
71
71
71
72
72
72
73
73
74
74
76
83
84
84
84
84
84
85
85
86
87
89
89
92
93
94
97
99
101
102
103
103
104
105
105
106
112
123
124
124
125
126
126
127
128
129
133
134
138
139
140
141
142
143
148
158
170
172
174
175
176
176
177
179
179
179
180
181
181
183
186
186
187
187
187
188
188
189
191
193
193
194
194
196
198
198
198
199
199
205
205
210
211
214
214
216
219
221
223
225
237
239
246
251
254
255
259
278
279
279
286
290
290
290
290
290
290
291
291
291
291
291
292
293
294
294
294
298
298
313
319
333
337
342
345
350
350
351
354
360
361
362
364
366
366
378
386
408
415
415
417
421
431
441
442
444
446
447
448
449
449
449
451
455
467
472
472
479
479
486
501
503
504
516
519
531
531
531
531
532
533
538
538
541
542
543
543
544
545
545
548
552
554
558
563
568
570
571
571
571
571
572
599
599
600
600
600
601
601
602
602
604
605
605
605
605
606
606
606
607
608
619
626
629
633
634
635
635
643
644
651
653
666
667
670
670
670
670
670
670
670
670
670
670
676
676
676
683
691
705
709
715
721
732
739
740
753
757
758
768
771
771
791
832
837
840
841
843
843
843
843
847
849
849
853
854
860
861
861
861
864
864
865
865
866
882
888
894
898
898
902
903
917
927
929
932
935
937
939
969
974
982
983
990
990
991
992
1006
1028
1028
1030
1049
1054
1056
1060
1070
1071
1075
1076
1077
1081
1084
1090
1092
1094
1095
1095
1095
1095
1096
1105
1105
1118
1119
1120
1127
1127
1131
1140
1143
1161
1188
1198
1200
1201
1201
1201
1204
1243
1245
1250
1256
1262
1270
1277
1291
1291
1292
1301
1305
1305
1306
1307
1308
1324
1361
1361
1386
1386
1386
1386
1387
1387
1387
1387
1394
1416
1423
1425
1427
1429
1431
1435
1436
1437
1438
1438
1438
1441
1442
1449
1451
1462
1462
1462
1462
1467
1467
1475
1475
1479
1492
1493
1494
1495
1496
1500
1501
1504
1504
1506
1507
1508
1508
1508
1509
1509
1510
1588
1623
1624
1628
1639
1640
1642
1643
1653
1686
1719
1719
1727
1732
1736
1737
1755
1757
1759
1778
1790
1800
1800
1801
1801
1801
1805
1827
1828
1829
1880
1881
1916
1923
1923
1923
1958
1977
2018
2020
2023
2032
2041
2076
2082
2087
2087
2087
2087
2087
2087
2110
2111
2111
2111
2111
2112
2112
2112
2145
2173
2210
2227
2276
2304
2328
2375
2375
2376
2396
2431
2486
2500
2502
2504
2510
2557
2557
2557
