0
5
10
11
12
13
13
14
14
15
15
16
18
20
22
22
25
29
30
33
35
39
41
44
53
54
55
55
55
56
57
60
61
62
63
63
63
63
63
63
64
67
71
72
72
73
73
73
75
76
78
78
78
79
79
85
85
86
86
86
86
94
99
99
99
100
101
102
104
105
107
108
109
116
121
123
123
123
123
123
124
124
124
125
125
125
126
127
127
132
142
147
148
148
152
154
157
158
159
160
170
173
173
175
176
179
181
181
182
182
182
182
183
190
193
194
195
195
197
198
199
200
200
203
206
206
207
208
209
210
210
210
210
210
210
212
213
215
216
217
217
217
217
217
217
217
217
217
224
234
235
236
236
238
243
250
250
250
250
251
251
254
254
254
254
254
255
256
260
262
262
262
263
263
263
263
263
264
267
268
270
270
271
271
271
279
280
281
282
282
284
285
287
287
288
288
290
291
292
292
293
293
301
302
309
309
310
310
310
312
314
314
315
315
316
317
362
374
375
381
383
385
405
406
409
410
410
411
413
416
417
418
425
426
430
433
433
435
445
455
465
478
482
482
484
493
496
496
499
500
500
500
503
504
504
504
504
505
506
506
510
514
514
514
514
514
522
525
530
533
545
550
550
552
565
565
566
566
566
574
578
583
586
593
594
596
618
618
619
621
622
624
625
625
627
627
629
631
643
653
654
655
657
658
659
662
665
674
681
688
697
699
702
702
703
707
707
714
720
729
736
742
746
751
751
761
765
765
772
775
775
775
775
776
801
805
805
806
813
816
817
822
833
846
846
850
850
850
851
852
853
854
855
856
859
870
874
877
885
886
886
887
889
891
891
891
893
896
910
912
919
923
929
932
932
932
933
933
937
946
949
950
962
963
969
978
979
979
979
979
980
982
984
985
985
985
985
985
986
988
989
989
991
992
997
999
1003
1012
1016
1019
1021
1045
1051
1051
1051
1051
1054
1056
1056
1056
1058
1058
1061
1065
1066
1066
1083
1083
1087
1087
1087
1088
1088
1088
1088
1088
1090
1104
1104
1105
1106
1106
1107
1107
1107
1107
1108
1108
1109
1110
1114
1123
1126
1138
1140
1142
1149
1149
1153
1155
1157
1165
1172
1177
1177
1182
1183
1183
1184
1192
1208
1224
1235
1235
1235
1249
1255
1266
1281
1283
1285
1298
1299
1337
1341
1341
1342
1345
1354
1403
1403
1408
1411
1414
1414
1414
1415
1415
1420
1424
1425
1427
1435
1435
1435
1436
1436
1439
1439
1442
1443
1446
1452
1452
1478
1520
1527
1527
1527
1529
1566
1586
1640
1656
1656
1661
1662
1668
1677
1687
1715
1774
1779
1786
1806
1818
1831
1835
1835
1836
1836
1836
1836
1837
1837
1837
1840
1840
1875
1879
1879
1879
1886
1904
1968
2029
2029
2031
2031
2045
2045
2050
2052
2056
2056
2057
2057
2057
2057
2083
2142
2154
2173
2189
2189
2233
2248
2251
2256
2256
2260
2305
2398
2410
2423
