0
4
10
10
11
11
17
17
17
17
18
19
19
20
21
21
21
22
24
24
25
25
25
25
25
25
28
29
29
32
33
33
34
37
39
40
40
40
41
41
43
44
44
44
49
51
54
55
56
59
60
63
64
64
64
66
66
66
67
69
74
74
74
75
78
78
78
78
81
83
83
83
83
83
83
83
83
84
84
87
87
89
89
90
90
90
90
90
91
91
92
92
93
93
93
93
93
93
93
94
94
99
100
104
105
105
106
106
106
107
107
107
111
113
114
114
115
115
117
117
120
121
135
139
141
142
143
143
149
149
150
150
150
150
150
151
151
151
151
151
151
151
152
152
152
152
152
152
152
152
163
168
170
171
178
179
194
200
216
216
217
222
222
222
223
223
223
224
230
231
253
255
258
258
259
260
261
275
276
294
308
326
330
332
334
346
349
351
353
358
361
361
362
362
362
362
362
362
362
363
363
363
363
363
364
364
364
364
364
371
374
387
401
408
412
424
428
428
429
429
429
429
430
430
430
431
431
439
440
440
442
445
448
450
450
450
452
453
454
455
455
458
462
464
464
464
466
466
466
468
468
470
473
474
475
475
475
476
477
477
480
483
484
485
486
490
496
496
496
496
496
498
498
503
503
507
508
509
510
510
512
512
513
514
516
520
525
537
539
542
542
546
549
560
562
563
563
563
565
572
573
576
581
581
582
583
584
584
584
586
587
594
595
597
621
636
637
649
663
665
667
676
683
684
685
685
686
698
736
759
764
770
771
772
773
773
775
781
820
837
837
837
838
839
839
847
852
856
857
862
867
870
871
871
875
875
875
876
876
878
879
879
880
880
880
880
881
882
883
885
889
890
893
894
895
901
902
905
911
913
913
914
919
925
932
934
935
935
947
959
959
959
959
959
960
960
961
964
964
965
965
970
973
983
1000
1002
1005
1030
1034
1036
1059
1070
1083
1083
1084
1108
1114
1153
1153
1155
1155
1156
1159
1159
1183
1184
1184
1200
1203
1204
1204
1204
1205
1218
1235
1239
1239
1307
1313
1317
1330
1331
1331
1331
1331
1331
1334
1335
1344
1352
1356
1359
1359
1364
1364
1369
1380
1380
1380
1380
1380
1380
1381
1381
1381
1381
1405
1453
1465
1525
1525
1529
1537
1546
1550
1556
1581
1609
1609
1609
1640
1640
1640
1640
1641
1655
1661
1662
1663
1663
1663
1663
1664
1696
1696
1706
1707
1707
1707
1711
1712
1719
1758
1878
2020
2394
2433
2477
2549
2625
2711
2801
2812
2812
2812
2812
2812
2812
2813
2815
2817
2817
2818
2818
2828
2832
2832
2862
2863
2864
2865
2866
2869
2870
2871
2901
3040
3106
3118
3166
3180
3186
3187
3195
3202
3254
3266
3282
3288
3288
3290
3291
3292
3314
3349
3349
3366
3366
3406
3418
3460
3463
3465
3467
3467
3468
3659
3664
3664
3664
3672
3711
3719
3727
3728
3729
4019
4242
4280
4295
4295
4321
4376
4394
4405
