0
6
7
10
10
11
11
12
12
14
17
18
18
18
18
18
19
19
19
19
19
20
20
20
20
20
21
23
23
23
24
24
25
26
26
26
26
26
27
27
27
28
28
29
29
29
29
29
30
30
30
30
31
32
33
34
35
35
36
36
36
37
37
38
38
39
39
39
39
41
41
43
43
44
44
45
46
46
47
48
48
49
50
51
52
54
54
55
57
57
60
60
60
60
60
68
69
69
70
70
71
71
71
71
72
73
76
76
76
76
76
77
77
78
80
81
81
84
89
90
90
91
91
91
92
94
94
96
98
98
100
107
114
116
117
117
117
117
117
118
119
119
119
119
119
119
121
122
125
126
126
126
132
138
139
140
141
143
147
149
155
155
156
156
156
156
157
158
158
158
159
159
161
163
163
163
163
164
164
164
165
165
165
165
165
166
166
166
168
173
174
175
175
175
175
175
175
175
176
176
176
176
176
177
177
179
179
179
180
180
180
180
184
184
186
186
187
187
187
187
193
194
194
195
196
198
200
200
200
200
202
204
205
209
209
211
217
218
218
218
225
225
225
226
226
227
227
228
228
239
241
249
257
269
270
315
316
316
316
316
316
316
316
316
316
317
317
320
320
323
327
328
333
334
334
335
335
335
368
368
368
368
368
368
369
369
369
371
373
378
379
379
379
380
380
383
388
389
389
390
390
391
391
392
393
393
395
406
406
407
407
408
408
410
414
415
415
417
418
419
419
419
420
420
421
421
421
421
421
423
423
424
424
424
425
426
427
430
430
432
433
436
436
437
440
440
442
442
443
444
446
448
449
449
450
451
452
454
454
455
456
456
457
458
459
460
460
462
463
463
464
466
466
466
467
469
469
470
472
474
477
482
483
484
484
485
487
488
489
489
490
491
492
498
501
502
506
508
509
512
512
513
517
524
526
529
530
531
532
533
533
533
533
534
537
537
539
539
539
540
541
541
542
545
546
550
550
550
551
553
554
554
555
557
558
559
564
564
565
566
567
570
571
572
573
573
573
574
575
576
579
581
581
585
586
587
588
588
588
589
589
592
594
599
600
603
607
607
607
607
608
608
609
609
609
611
611
612
613
614
616
622
624
625
626
626
628
639
640
644
644
645
645
648
649
649
650
651
655
659
659
670
675
684
688
695
696
697
698
700
703
703
703
704
712
743
759
760
765
765
765
765
766
766
766
769
770
783
788
789
792
793
794
795
800
801
804
806
806
815
815
816
816
816
824
829
831
835
854
857
858
858
860
860
866
866
877
893
900
900
902
902
928
930
951
960
964
1001
1001
1009
1036
1043
1043
1043
1053
1059
1062
1083
1096
1098
1099
1135
1141
1145
1184
