0
4
11
14
14
14
14
14
14
15
15
15
16
16
16
16
17
17
17
17
18
18
18
18
18
19
19
19
19
20
20
20
20
20
20
20
20
21
21
21
21
21
21
21
21
22
22
22
24
25
25
25
25
27
27
27
27
27
27
28
28
28
29
29
29
30
30
31
31
31
31
31
32
32
32
32
32
33
33
33
33
33
33
33
34
34
34
34
35
36
36
39
39
39
40
40
41
41
42
42
42
43
44
44
44
44
45
45
45
46
47
47
47
48
48
48
48
49
49
49
49
49
49
49
49
49
49
49
49
49
49
50
50
50
50
50
50
50
52
53
53
54
54
54
56
58
59
59
59
61
64
66
67
69
69
69
69
70
70
70
70
70
70
70
71
71
71
71
72
72
72
72
73
74
74
75
75
75
75
75
76
76
76
77
77
77
77
77
77
78
78
78
80
80
80
87
90
90
91
91
91
91
100
108
111
111
116
116
119
121
122
122
122
124
125
125
125
128
129
129
131
134
136
136
136
136
142
145
146
151
153
154
155
156
158
158
158
163
164
165
171
174
178
185
188
189
190
191
192
194
195
196
198
201
205
206
207
208
209
209
209
210
210
210
210
210
210
211
211
211
212
212
212
213
213
213
213
213
214
214
214
214
215
215
216
216
220
220
221
221
223
223
223
223
224
225
226
226
226
227
228
229
229
229
230
230
230
231
231
231
231
232
233
234
239
240
240
240
241
241
241
242
242
242
243
243
243
245
245
245
246
247
248
253
253
254
256
256
257
258
259
259
260
260
261
263
263
264
264
264
265
266
266
267
267
267
267
268
269
271
272
273
275
278
281
281
281
284
285
285
286
287
290
291
291
292
292
292
295
297
298
299
300
300
302
304
304
306
306
306
307
308
308
308
309
309
309
311
315
316
316
316
317
321
323
323
323
323
323
324
324
325
325
325
325
326
326
327
328
330
330
331
331
331
331
332
332
333
333
333
333
333
333
334
334
334
334
334
335
335
336
337
338
338
339
341
345
346
346
346
346
347
347
354
356
366
367
369
393
397
400
402
405
408
411
420
424
425
426
427
427
428
435
441
450
451
451
451
454
457
464
470
474
474
478
479
487
487
488
497
498
498
498
498
502
502
503
507
509
510
511
521
523
526
531
532
534
535
538
539
552
559
565
568
571
572
574
574
575
577
579
582
583
584
587
595
597
637
655
656
658
658
659
659
665
674
674
681
697
704
706
708
712
714
714
714
714
714
714
730
731
731
731
736
736
736
736
736
739
739
740
740
741
741
745
766
775
776
776
776
777
777
777
782
855
864
909
910
910
911
912
917
917
917
927
