0
4
7
8
11
11
13
14
15
16
19
20
20
20
20
20
21
21
21
21
23
23
23
23
23
24
24
24
24
24
24
25
25
25
25
25
26
27
27
27
28
28
28
28
28
28
28
29
29
29
29
29
29
29
29
30
30
32
32
33
33
33
34
34
35
35
35
36
37
38
38
38
39
39
39
39
39
40
41
41
41
41
42
42
42
42
43
43
44
44
44
44
45
45
46
46
47
48
49
50
52
52
53
53
54
54
55
56
56
56
56
57
58
59
59
59
60
60
60
60
60
62
64
64
64
64
65
67
67
68
70
71
72
73
73
74
74
75
75
76
76
76
76
77
77
78
78
81
82
82
82
83
83
83
84
86
87
89
89
89
89
89
89
89
89
89
90
91
91
91
92
95
95
95
95
95
96
96
96
96
96
96
97
98
99
101
101
101
101
102
102
103
103
104
105
107
108
108
108
108
108
108
109
109
109
109
110
110
111
113
113
114
114
114
114
115
115
116
116
116
116
116
116
116
116
116
117
117
119
122
123
125
126
126
126
127
127
128
128
128
128
129
130
130
130
130
131
132
132
132
132
132
132
134
135
137
137
138
138
138
139
139
139
139
139
142
142
142
142
143
144
144
144
144
144
145
145
147
147
148
148
150
151
151
152
152
160
161
161
162
162
162
162
163
163
163
163
163
163
164
164
164
164
165
165
165
167
168
168
168
168
170
171
173
173
174
175
176
177
182
183
185
186
189
189
189
189
190
190
191
191
193
194
194
194
194
194
195
195
195
195
195
196
196
196
196
196
196
197
197
197
197
197
199
201
202
202
203
204
206
206
206
206
207
208
208
210
211
212
217
219
220
220
224
226
229
229
231
232
235
238
240
240
241
242
244
245
246
248
255
257
259
259
260
260
262
266
267
268
271
271
278
280
280
280
282
283
283
283
290
293
293
301
302
303
303
307
310
312
315
316
319
320
326
329
330
330
333
334
334
336
336
338
343
346
350
350
351
352
352
353
353
353
353
354
361
362
364
365
365
366
366
367
368
368
368
368
369
383
386
386
388
392
397
398
403
404
404
407
408
408
413
418
425
426
438
438
449
450
450
453
454
455
460
462
462
463
463
464
475
484
485
488
500
507
517
527
530
536
546
548
550
550
554
555
555
555
555
556
571
591
604
604
604
604
616
622
624
625
626
627
629
631
636
641
644
649
649
649
651
659
659
663
684
685
686
686
686
686
694
698
713
717
727
733
733
747
751
754
755
755
757
757
758
814
814
814
814
814
817
818
818
828
856
884
893
897
898
904
906
908
911
918
931
944
944
948
952
959
966
970
1023
1060
1074
1120
