0
4
10
10
11
13
13
16
17
17
17
19
19
20
20
20
20
21
22
22
22
22
23
23
23
26
30
30
30
31
32
34
36
40
40
40
40
42
43
43
44
45
46
49
52
53
54
55
55
55
55
56
57
58
60
60
60
60
61
61
61
65
65
67
67
69
69
70
70
70
70
70
70
70
71
71
79
79
79
80
80
80
81
82
83
83
84
84
84
85
96
97
97
104
106
108
108
109
131
136
136
138
143
152
161
161
163
166
168
168
169
174
175
175
175
175
176
176
176
178
180
180
180
180
180
180
181
182
183
183
183
187
188
191
198
198
199
203
205
206
206
206
213
213
215
217
220
221
225
229
234
235
235
237
237
240
241
242
242
242
242
243
243
243
243
243
243
244
244
244
245
245
246
246
246
248
248
249
251
251
252
254
254
254
254
258
258
259
260
260
260
260
260
260
264
266
271
271
271
272
272
272
272
272
281
281
282
283
284
285
286
291
293
300
304
304
306
306
322
322
323
324
329
330
332
332
334
343
343
343
344
347
348
348
348
349
349
349
350
350
351
351
351
351
351
355
355
355
355
356
358
360
360
360
361
361
361
361
361
361
362
362
363
363
363
363
363
363
364
364
364
364
364
365
365
365
365
365
365
365
366
366
366
366
366
367
367
367
367
367
367
368
368
368
369
370
376
376
377
377
381
381
381
382
382
383
383
384
384
384
386
386
386
387
387
387
387
389
395
395
396
397
400
401
405
410
412
412
414
415
416
420
421
423
427
427
434
436
440
446
451
451
451
456
456
456
457
458
458
475
480
482
494
498
507
508
512
526
534
535
535
541
553
555
560
565
566
571
578
578
582
590
592
604
605
617
619
620
629
629
630
631
631
636
636
636
636
637
637
638
638
640
641
642
642
642
645
647
647
649
649
650
651
651
651
652
653
653
653
653
655
656
657
657
657
657
657
657
658
658
658
658
659
659
659
660
660
661
663
664
664
672
672
672
678
693
696
699
710
750
759
759
759
767
767
767
771
779
782
788
788
789
789
789
791
795
799
800
801
801
801
801
802
802
802
802
803
803
806
806
806
806
809
809
814
814
815
815
816
818
819
820
820
820
820
823
824
827
828
830
831
835
836
839
841
846
854
859
862
863
864
865
868
868
870
870
871
872
882
904
905
916
931
931
937
939
940
940
940
940
940
941
947
949
950
953
954
955
958
959
960
960
963
971
989
992
992
992
997
1028
1032
1033
1033
1035
1037
1046
1046
1054
1056
1057
1113
1114
1116
1116
1121
1123
1129
1132
1133
1134
1145
1154
1156
1158
1168
1170
1170
1170
1171
1172
1175
1193
1194
1195
1202
1203
1208
1210
1218
1368
1371
1514
1514
1520
1520
