0
5
9
9
11
13
13
14
14
15
15
15
16
17
17
17
18
18
19
20
22
24
24
25
25
25
25
26
26
26
27
27
27
28
30
30
30
31
31
32
33
34
34
34
34
35
35
35
35
35
36
36
36
36
37
38
39
39
39
40
40
40
40
40
41
41
41
42
43
44
45
46
46
46
47
47
47
47
47
48
49
50
51
51
51
51
51
51
52
52
53
53
53
53
54
56
60
60
60
60
61
61
62
62
63
63
64
64
64
65
65
65
65
65
65
66
66
67
67
67
68
68
68
68
69
69
69
69
70
71
71
75
76
76
76
77
78
78
80
81
81
81
82
85
85
86
88
88
89
89
90
90
90
90
90
93
95
97
97
97
97
98
98
98
98
98
98
98
98
99
99
99
99
100
100
100
100
100
100
101
101
102
102
102
102
102
102
103
103
104
104
104
104
104
105
105
105
106
107
108
109
109
110
111
113
114
117
119
119
124
131
131
131
131
142
143
154
158
158
160
160
162
164
165
165
165
175
181
182
182
182
182
182
184
188
188
188
189
203
250
251
253
259
260
269
279
282
289
295
295
296
296
297
307
308
308
308
309
310
314
317
324
329
332
337
338
342
343
343
345
347
348
349
349
352
356
356
358
358
359
364
365
365
366
370
370
371
371
373
374
375
378
380
390
390
393
393
398
400
401
401
403
406
408
409
409
411
412
414
415
418
419
419
419
433
434
441
441
442
442
442
442
443
451
454
455
459
459
466
467
470
471
471
476
476
476
476
476
478
478
478
479
481
482
483
483
485
486
486
486
486
486
486
487
487
489
502
502
503
504
506
507
514
514
517
518
518
518
519
519
519
519
520
521
524
525
525
526
527
528
529
530
531
532
532
532
533
533
533
535
535
536
537
537
540
540
541
543
543
544
545
546
547
548
549
551
551
551
551
551
552
552
552
552
553
553
555
556
557
558
561
561
561
564
566
569
569
570
570
572
572
574
574
576
576
581
582
583
584
586
586
586
586
587
587
587
588
588
588
589
589
590
590
590
592
592
594
596
597
598
600
601
601
602
602
603
604
605
605
606
606
608
609
610
612
613
615
615
617
618
619
623
623
623
623
629
630
633
633
634
635
635
639
644
647
648
652
656
663
663
663
663
663
665
665
667
667
672
682
694
696
698
698
698
702
703
703
703
704
706
707
707
708
708
710
721
727
728
732
733
749
771
773
774
777
780
788
789
791
791
811
818
818
834
838
840
857
871
872
879
897
903
904
916
936
937
956
963
969
977
983
990
990
990
992
992
994
994
998
1006
1011
1013
1017
1019
1020
1021
1022
1023
1024
1032
1039
1042
1070
1072
1078
