0
7
7
8
9
9
13
14
15
15
15
16
17
17
17
17
18
19
19
20
20
20
20
21
21
21
22
23
23
23
24
24
24
25
26
27
27
27
27
29
29
31
32
32
32
32
32
32
33
33
33
33
34
34
34
34
34
36
37
37
37
40
41
41
41
42
42
42
42
42
42
42
42
43
44
44
45
45
45
45
46
46
46
46
46
47
48
51
52
55
56
57
57
58
58
58
58
58
58
58
59
59
60
60
61
61
61
63
64
64
64
64
64
64
65
65
65
65
65
65
65
65
66
67
67
67
67
67
67
67
67
68
68
68
69
69
69
69
70
70
71
71
72
73
73
74
74
74
74
75
75
75
76
77
77
78
78
78
80
81
82
84
84
84
84
85
85
94
100
102
104
105
108
112
121
121
132
143
144
144
145
145
145
145
145
145
147
148
151
161
161
161
162
166
170
170
170
170
171
171
171
171
172
175
178
179
180
180
180
182
184
184
185
188
188
189
190
191
201
205
209
226
228
228
229
230
230
231
232
234
244
244
244
245
246
247
248
249
249
250
253
254
256
256
258
263
264
265
269
272
272
275
275
275
276
276
277
277
279
280
287
287
296
296
297
298
299
300
302
302
303
305
306
306
306
308
311
311
311
311
311
311
311
312
313
313
317
320
321
321
335
339
339
350
352
363
363
373
373
374
387
391
397
402
403
406
410
410
410
413
415
416
416
416
416
417
417
417
420
422
423
423
424
425
426
430
431
431
432
436
437
438
439
439
439
440
441
444
445
445
445
446
446
446
446
446
446
447
449
449
450
450
450
450
450
451
451
452
452
453
453
453
453
454
454
455
460
461
462
466
466
467
467
468
471
473
477
486
493
495
496
497
497
498
500
503
510
513
513
514
514
514
515
520
521
522
523
526
529
530
531
531
554
555
555
564
564
567
569
570
571
572
574
574
585
586
590
591
592
595
595
596
601
601
602
602
603
605
605
606
606
607
607
607
608
608
609
610
610
611
613
613
614
614
616
616
618
622
623
624
624
627
630
635
636
640
641
642
648
653
658
659
659
662
662
668
692
692
692
692
693
693
704
708
708
712
723
729
730
730
730
731
734
734
739
739
739
740
742
743
743
743
747
748
752
752
755
763
763
763
767
771
773
775
779
779
779
779
782
783
784
784
785
785
786
789
790
797
799
809
836
852
863
863
867
867
868
872
874
875
875
875
882
885
885
887
887
891
895
901
907
909
914
920
941
949
949
949
952
986
989
1009
1009
1012
1015
1017
1017
1021
1025
1030
1046
1046
1046
1046
1059
1100
1101
1108
1121
1146
1150
1159
1162
1171
1190
1259
1262
1270
1275
1283
1299
1301
1306
1309
1309
