0
5
9
10
11
12
15
15
16
16
16
17
17
18
18
19
19
20
20
20
20
20
21
21
21
22
23
24
26
27
27
27
27
28
29
30
30
30
30
31
31
31
32
33
33
33
36
36
36
37
37
37
38
38
38
39
40
40
40
40
41
41
41
41
41
42
42
42
43
44
44
44
44
44
44
45
45
45
45
45
46
46
47
47
48
48
49
49
49
49
49
51
52
52
52
53
53
53
53
54
55
55
55
55
55
55
55
55
55
55
55
55
55
55
55
56
56
56
56
56
56
56
57
57
61
61
61
62
62
63
63
63
64
65
66
68
70
70
70
70
70
71
71
71
71
72
73
73
73
74
74
74
77
78
82
82
83
83
84
84
85
85
85
85
85
85
85
85
85
85
91
91
92
92
92
92
92
92
92
94
94
94
94
94
95
95
96
96
96
97
97
98
99
99
99
99
100
100
100
100
100
100
100
100
101
101
101
101
102
102
102
102
103
103
103
103
103
103
105
106
108
111
113
113
115
115
116
116
116
116
117
119
121
122
122
122
123
123
123
124
125
126
127
128
128
128
128
139
145
147
148
149
153
154
155
155
157
163
168
187
189
193
194
200
201
202
202
202
202
202
209
210
210
210
211
213
213
222
225
227
228
228
228
228
228
229
229
230
234
234
235
235
235
236
237
237
237
240
240
240
240
241
241
242
242
242
242
242
242
243
243
243
244
246
247
248
248
250
254
259
261
262
262
265
268
268
268
269
269
269
270
270
270
271
271
272
273
274
275
278
279
279
280
281
281
282
282
284
284
285
285
285
285
285
286
286
286
287
287
288
289
289
293
293
293
294
294
295
295
295
295
296
296
297
299
299
299
299
299
299
300
300
300
301
301
301
301
301
302
303
303
303
304
305
305
305
305
309
310
311
311
311
313
313
313
313
314
314
317
318
318
320
320
320
320
320
321
321
321
321
321
321
322
322
323
323
325
326
328
329
329
330
330
331
331
332
333
334
336
336
339
340
342
342
342
343
343
344
344
345
345
347
351
351
352
354
354
355
355
356
357
357
357
357
359
359
368
371
374
374
375
381
387
397
397
401
403
417
422
424
426
426
428
428
429
431
432
434
434
434
435
440
441
441
441
445
445
453
453
453
453
458
494
497
501
505
508
508
514
514
514
519
519
520
530
531
534
537
538
539
539
548
548
550
554
554
556
562
563
571
571
571
574
576
580
582
586
589
601
603
614
621
623
623
632
635
639
641
646
646
652
656
664
667
689
689
708
715
727
728
728
729
736
741
743
747
750
753
756
758
761
762
764
765
767
769
769
769
771
777
782
787
788
797
797
