0
4
10
11
11
12
15
16
16
17
19
19
19
19
20
20
22
22
22
22
23
23
25
26
26
26
27
27
27
27
27
28
29
29
29
29
29
31
31
32
32
32
32
32
33
33
33
33
33
33
33
33
34
34
34
34
35
35
35
36
36
36
36
36
39
39
39
39
40
40
40
40
41
41
42
42
42
42
43
43
43
43
43
43
44
45
45
46
46
46
46
46
47
47
47
51
52
53
54
54
56
56
56
57
57
58
59
59
61
61
61
63
63
63
63
63
63
63
63
64
64
65
66
66
66
66
67
67
67
67
67
68
68
68
68
68
69
69
70
70
70
70
70
71
71
71
72
72
72
73
73
73
74
76
76
77
78
78
81
84
84
84
84
85
85
86
86
86
86
88
88
89
90
91
92
93
94
95
97
97
97
98
99
101
102
102
103
105
106
107
107
108
108
110
111
112
113
114
114
115
115
117
119
119
119
120
120
120
120
121
124
128
129
129
129
134
134
137
138
139
140
140
141
147
147
148
151
152
153
159
160
160
160
161
161
162
162
162
164
166
166
167
169
169
170
171
171
173
173
173
174
174
174
174
174
174
174
175
176
178
178
178
178
178
179
179
179
179
180
180
180
180
180
180
180
181
182
182
184
184
187
188
188
191
193
194
196
200
200
200
200
200
201
201
201
202
202
202
203
203
203
204
204
204
204
204
205
205
205
206
206
206
206
208
208
208
209
211
212
212
212
212
212
213
214
214
215
215
216
216
216
217
217
217
217
217
217
218
218
218
218
219
219
219
220
220
220
220
221
225
225
225
227
230
234
234
241
243
248
249
249
249
254
255
256
257
258
263
266
268
270
276
276
277
280
280
282
287
289
293
296
299
299
307
311
313
327
328
328
328
328
328
328
330
333
334
334
341
341
350
391
399
402
407
409
409
413
414
414
421
432
433
433
437
438
438
444
446
446
459
460
460
461
471
473
473
474
474
474
480
481
481
482
482
482
483
483
483
484
485
486
490
491
491
491
491
497
497
499
500
500
500
502
503
503
505
508
509
510
510
512
512
513
513
513
514
514
515
515
515
518
519
519
519
519
520
521
522
522
523
524
526
527
528
529
529
530
531
531
532
533
540
541
543
544
544
544
547
548
549
556
557
557
570
580
581
582
582
584
590
590
591
591
591
592
592
592
596
598
599
599
601
601
602
603
603
604
606
606
606
606
608
609
615
616
618
619
619
619
623
625
640
647
649
651
657
662
668
674
743
744
745
745
765
767
767
768
769
770
772
773
773
776
780
786
788
789
796
801
803
812
815
819
819
821
822
823
824
824
826
833
893
898
924
929
