0
4
8
10
11
13
13
15
15
16
16
16
17
17
17
18
19
19
21
21
21
21
21
21
21
21
21
21
21
21
22
22
22
24
24
24
24
24
24
25
25
25
25
25
25
25
25
25
25
25
25
25
26
26
26
26
27
28
28
28
29
29
30
30
30
30
33
33
33
33
33
33
33
34
34
34
34
34
34
34
35
35
35
35
36
37
37
39
40
42
42
42
43
43
43
43
43
43
44
44
44
44
44
45
45
46
47
47
49
49
49
50
52
52
53
53
55
55
60
60
60
61
61
61
63
64
65
65
65
68
68
69
69
69
70
70
70
70
70
70
71
71
71
71
71
71
72
72
73
73
75
77
77
77
77
78
78
80
80
80
80
80
80
80
81
81
81
82
82
83
86
86
86
86
86
87
87
87
87
88
88
89
89
89
89
90
91
91
91
92
92
92
92
92
94
97
97
97
98
98
99
99
99
99
99
99
99
99
99
100
100
101
110
113
117
119
121
121
122
122
131
131
131
134
138
140
147
161
166
166
166
166
167
168
170
170
170
170
170
170
170
172
176
185
185
189
190
190
190
190
191
191
191
191
191
192
192
194
195
197
197
200
202
203
204
204
204
205
205
205
206
206
206
209
212
213
214
214
214
215
220
221
221
223
234
236
236
237
239
241
241
242
243
244
247
250
261
267
267
267
268
269
273
274
287
290
291
293
297
298
300
301
301
304
305
305
306
306
307
307
307
307
307
308
311
312
313
314
314
315
315
317
319
319
324
324
326
328
329
329
330
333
334
335
336
337
337
337
338
339
343
343
344
345
345
346
347
348
348
349
349
349
350
351
351
351
352
352
353
354
355
355
355
355
356
356
357
357
358
359
359
359
360
361
361
361
361
361
362
362
362
363
363
364
365
366
368
368
368
369
370
370
371
372
372
372
373
373
375
375
375
375
376
377
377
378
379
380
380
381
381
382
382
384
384
384
385
385
385
386
387
387
388
388
388
389
389
389
389
389
392
397
398
398
400
401
402
404
405
405
405
406
406
406
406
406
407
407
410
411
412
412
412
415
415
418
418
422
428
431
434
435
435
435
437
443
446
447
460
461
466
505
510
513
514
516
522
523
526
550
552
569
569
569
569
569
571
572
572
573
576
582
585
586
592
593
603
611
611
611
612
612
613
614
614
616
617
617
618
621
624
626
626
627
631
633
634
636
638
639
641
649
652
655
660
661
662
665
665
665
666
666
671
672
672
674
682
682
684
690
702
703
705
705
706
709
731
747
798
801
801
801
801
804
809
809
814
835
835
843
885
893
897
898
920
925
926
927
936
937
940
943
946
948
953
