0
3
9
10
11
11
13
13
17
18
18
19
20
20
21
21
21
21
21
22
24
24
24
25
25
25
25
25
26
26
26
28
28
28
28
29
29
29
30
30
30
30
32
32
32
33
33
33
33
33
33
33
33
34
34
35
36
37
37
37
38
38
38
39
39
39
39
40
40
41
42
43
43
43
43
43
43
44
45
46
47
47
47
47
47
48
48
48
48
48
48
48
48
48
50
51
51
52
52
52
52
52
53
53
54
54
55
55
55
56
56
56
57
57
58
59
59
60
60
60
60
61
61
62
62
66
67
70
70
71
72
72
74
76
76
77
77
77
77
77
77
77
77
78
78
78
79
79
79
79
79
80
80
80
80
80
81
81
83
83
85
86
87
88
91
91
93
93
93
93
93
93
93
93
94
97
98
99
99
99
99
99
99
100
100
101
104
105
105
107
107
107
107
107
109
109
110
112
112
113
114
114
115
117
118
118
118
119
120
121
121
122
122
124
127
127
129
130
131
137
140
140
141
141
141
141
142
142
142
142
142
142
142
142
146
147
149
151
151
152
152
152
153
155
158
158
162
165
167
168
178
187
192
205
207
207
208
208
208
208
208
209
209
209
209
210
210
210
210
210
210
211
211
213
213
214
217
218
218
220
220
222
222
223
223
229
229
230
230
231
234
235
239
240
242
242
247
248
248
249
253
255
258
258
258
258
258
259
260
260
260
260
260
260
260
260
262
262
265
265
265
265
266
266
267
271
271
271
271
272
272
274
275
282
291
291
292
293
293
297
297
298
298
300
300
300
303
304
308
309
309
309
315
317
319
319
321
322
325
326
327
328
328
340
341
341
341
341
346
347
352
354
354
354
354
355
355
355
355
356
358
358
359
359
360
360
361
361
361
362
362
366
368
368
369
370
371
371
372
373
374
376
376
376
378
379
380
380
383
387
388
398
401
403
418
419
420
420
420
421
421
422
422
425
426
426
426
426
427
431
431
434
441
442
445
446
460
470
470
474
475
478
479
489
497
505
520
520
520
520
523
523
539
540
540
541
541
541
543
544
545
546
546
546
547
547
548
549
549
549
550
553
553
554
555
562
568
569
570
570
570
571
571
572
572
573
579
581
581
582
582
582
584
585
585
588
589
592
592
596
603
606
610
612
613
614
620
622
624
624
634
639
639
639
641
643
644
644
644
645
646
646
647
647
648
648
650
651
654
655
657
659
661
668
671
674
677
681
682
692
696
705
706
710
731
736
742
743
794
797
797
802
802
803
804
805
806
809
812
812
815
818
819
819
819
819
822
824
826
826
835
837
837
837
838
841
853
864
878
921
1010
1015
1028
1030
1043
