0
5
10
11
11
14
15
20
21
23
23
25
25
26
26
27
27
33
35
35
35
36
37
37
37
41
41
42
42
42
42
42
42
43
45
47
49
52
52
53
57
61
62
63
63
63
63
64
64
65
67
67
67
68
68
68
68
70
72
74
76
78
78
80
80
80
82
82
82
82
83
83
85
86
86
88
88
90
91
91
92
93
93
93
93
93
93
93
94
94
94
94
94
95
95
95
95
95
96
96
96
98
98
99
100
100
100
100
101
101
101
101
102
102
102
102
102
103
107
107
107
110
110
111
114
115
115
115
120
120
121
121
121
123
123
125
125
126
126
126
126
127
127
127
127
127
127
129
129
130
130
133
134
134
134
135
135
138
138
138
139
139
140
141
141
142
142
143
143
145
146
148
151
152
152
154
155
156
157
157
158
158
158
162
162
163
163
164
164
164
164
164
166
166
167
167
168
168
169
169
169
170
170
170
171
172
172
177
177
177
177
177
179
179
179
180
180
180
180
181
182
185
186
186
186
191
195
197
198
199
199
202
203
206
208
209
210
210
210
210
210
210
211
211
211
211
211
211
212
213
213
214
216
218
220
220
220
223
223
224
226
228
229
229
229
230
231
231
235
237
237
237
237
241
241
245
245
246
246
250
251
253
253
254
254
254
254
256
260
260
262
262
262
262
262
263
263
264
268
268
268
268
269
271
271
271
271
272
272
275
276
276
276
277
277
277
278
279
279
283
286
287
287
288
288
288
288
288
288
288
288
289
289
290
291
291
294
294
301
301
301
301
302
302
302
302
302
307
309
315
323
333
357
358
360
364
371
373
373
373
374
376
376
376
376
376
380
380
380
381
381
386
387
388
389
389
389
390
391
392
404
405
412
418
418
418
419
421
421
422
428
432
435
444
444
446
449
449
450
450
450
450
451
451
451
455
455
455
459
460
462
468
475
475
476
476
478
486
489
489
489
490
491
493
497
497
498
498
498
498
502
503
510
517
521
523
525
530
534
535
540
541
542
545
550
557
558
558
559
561
563
564
570
578
580
590
593
598
606
620
622
627
627
629
630
631
633
633
633
634
635
636
636
638
641
644
645
650
650
650
650
651
652
652
655
658
660
665
668
669
669
683
690
692
698
698
700
703
707
737
740
741
742
742
743
777
783
783
786
788
793
793
795
796
798
799
802
803
824
828
830
832
839
855
865
865
865
865
874
877
878
878
900
902
905
910
928
928
935
954
954
1041
1044
1048
1048
1079
1151
1151
1154
1163
1168
1169
1172
1173
1175
1176
1179
1179
1182
1183
1183
1184
1184
1184
1184
1185
1186
1189
1194
1196
1196
1210
1307
1328
1343
1343
1344
1344
1442
1547
1560
1583
1599
1616
1653
