0
4
8
9
9
19
19
20
20
20
21
21
21
21
22
22
24
25
25
25
25
26
26
26
26
27
27
27
28
28
29
29
30
30
30
30
30
30
32
33
37
39
40
40
41
41
41
41
41
42
43
44
44
44
44
44
45
45
45
45
46
46
48
48
49
51
51
52
52
54
54
54
54
54
57
58
59
61
61
61
62
64
66
66
68
69
69
71
71
72
72
72
72
72
72
72
72
72
72
72
73
73
73
73
73
74
74
75
75
75
78
83
83
83
85
85
85
85
86
89
90
90
90
90
90
90
91
91
91
91
91
91
91
91
92
92
92
92
92
92
93
95
96
96
96
96
97
98
98
101
103
104
104
104
104
104
105
106
106
106
106
108
109
111
113
118
119
119
119
120
120
120
120
122
122
122
123
124
125
126
127
128
129
129
130
132
133
133
133
133
133
133
134
134
134
134
134
134
134
134
134
135
136
138
138
140
140
141
141
141
142
150
151
155
155
156
156
157
157
157
159
159
159
162
164
164
168
169
174
177
179
179
179
180
180
181
182
182
184
185
185
185
185
186
186
186
186
187
187
187
187
187
187
188
188
188
192
192
195
204
205
213
222
225
225
226
226
227
227
228
230
231
231
231
232
232
232
233
234
234
235
235
237
240
240
241
243
244
244
244
244
248
248
252
253
254
255
255
256
256
273
278
278
279
279
281
282
282
287
299
302
305
306
307
310
311
314
318
319
319
323
326
326
328
328
328
329
330
331
332
332
333
340
346
346
346
346
346
357
360
365
374
375
378
379
382
387
389
392
392
394
396
397
398
399
401
401
404
405
405
410
410
417
434
436
439
442
442
443
443
446
448
453
453
455
455
456
457
457
459
461
464
464
464
464
464
464
465
466
467
467
469
470
472
472
472
472
474
475
475
475
475
475
475
476
476
477
477
484
485
486
488
491
494
494
495
495
495
501
506
511
519
519
525
531
532
540
542
543
549
550
559
574
576
576
585
586
616
618
622
627
640
644
644
644
645
646
648
655
657
660
660
683
701
702
702
709
710
711
711
711
712
712
713
713
713
715
715
716
716
717
718
723
730
740
796
799
803
804
804
808
810
814
815
815
815
815
815
815
816
829
831
831
835
835
835
841
845
846
848
849
853
854
855
863
869
870
874
876
882
882
883
883
886
896
897
899
901
901
903
905
911
912
914
914
915
925
948
956
959
963
967
969
969
984
991
999
1004
1006
1014
1016
1017
1024
1026
1027
1074
1075
1075
1080
1089
1092
1092
1104
1106
1108
1117
1125
1126
1126
1135
1143
1160
1218
1225
1239
1240
1246
1248
1253
1258
1260
1273
1277
1278
1283
1285
1339
1398
1443
1524
1576
1589
1591
1593
1594
1594
1595
1595
1595
