0
5
11
12
13
13
15
16
16
17
17
18
19
19
19
19
20
20
20
20
20
21
21
21
22
22
22
23
23
23
23
23
23
23
23
24
24
25
25
25
25
25
25
26
27
27
27
27
27
28
28
28
28
28
29
30
30
30
31
31
32
32
32
35
35
36
40
41
43
45
48
49
51
52
52
54
54
55
55
55
58
59
59
61
61
61
61
61
61
62
62
62
62
62
62
62
63
65
65
65
65
65
65
65
65
66
66
66
66
66
66
66
67
67
70
70
72
72
72
73
74
77
77
79
79
80
81
82
82
82
82
83
83
85
86
87
88
90
90
91
91
91
92
92
92
93
93
93
94
94
95
95
95
95
95
95
96
96
96
97
98
104
105
105
109
110
110
115
116
117
126
126
126
139
139
142
142
143
144
151
151
156
157
157
157
157
157
158
158
158
158
158
159
159
159
159
159
162
166
168
178
191
200
201
202
204
209
215
218
220
221
226
226
229
230
231
232
233
234
235
235
235
236
236
238
239
242
250
253
253
253
254
255
255
257
258
263
264
264
264
266
267
267
267
267
267
268
269
269
271
272
272
273
273
273
274
274
274
274
275
279
281
281
282
282
282
282
282
282
283
284
285
286
287
295
295
295
295
295
295
296
296
299
300
300
300
300
301
301
303
303
305
305
311
314
317
318
320
323
325
329
329
329
331
331
333
333
334
335
338
339
341
343
343
344
344
344
359
372
374
380
382
390
397
398
399
399
399
399
401
401
406
411
411
415
419
424
433
446
447
448
449
453
453
456
458
458
460
460
461
463
464
464
465
466
466
466
467
468
470
470
470
470
471
471
471
475
477
485
485
497
497
498
498
500
501
501
501
501
515
515
516
516
518
518
519
519
519
520
520
521
522
530
533
536
537
537
538
538
538
538
544
544
547
549
555
557
563
566
567
568
600
600
604
606
606
612
615
618
629
637
637
638
638
640
641
643
644
647
648
649
650
651
652
652
652
652
652
652
652
652
653
665
668
670
675
675
677
678
682
684
685
692
693
699
699
701
707
716
726
728
736
738
743
744
745
747
747
748
767
785
826
827
836
893
923
931
936
937
941
941
949
950
958
984
984
984
986
994
999
1000
1009
1010
1010
1011
1013
1013
1013
1013
1014
1015
1017
1020
1020
1021
1021
1026
1026
1028
1029
1030
1030
1031
1032
1032
1033
1033
1037
1037
1040
1043
1050
1055
1055
1056
1061
1061
1064
1066
1074
1077
1079
1082
1084
1087
1091
1094
1094
1094
1097
1114
1131
1137
1143
1144
1157
1157
1159
1161
1161
1162
1162
1165
1168
1174
1179
1185
1188
1192
1209
1209
1209
1210
1210
1212
1234
1234
1235
1252
1255
1274
1290
1305
1315
1327
1365
1383
1417
1417
1418
1419
1422
1432
1433
1446
