0
7
9
10
12
15
15
15
15
15
16
16
17
19
19
19
21
21
21
21
22
22
22
22
22
22
22
22
22
22
23
23
23
23
24
25
25
25
26
26
26
26
28
28
28
29
29
29
29
29
29
29
31
31
31
32
32
32
33
33
33
33
33
34
34
34
35
35
35
35
35
36
36
36
36
36
36
36
36
36
36
36
36
36
37
37
37
37
38
39
39
39
39
40
40
40
40
40
40
40
40
40
40
41
41
41
41
42
42
42
42
42
43
44
44
45
46
46
47
48
48
49
50
50
51
51
52
52
53
53
53
54
54
54
54
54
54
54
55
56
57
57
57
57
58
58
58
58
61
61
61
61
61
61
62
62
62
62
62
62
62
62
62
63
63
63
64
66
67
67
70
76
76
77
77
77
77
77
77
78
78
78
78
78
78
81
85
85
89
98
99
100
101
101
102
103
103
105
105
109
109
109
112
112
112
112
112
113
113
113
113
115
122
126
129
129
130
130
134
137
138
138
139
141
141
141
142
143
145
145
146
147
148
148
149
149
149
158
162
166
166
168
168
168
168
179
179
180
180
180
192
193
193
193
193
198
198
199
199
199
200
200
202
204
215
215
228
231
242
242
243
244
250
254
257
257
258
259
259
270
274
274
274
279
279
280
281
281
281
282
282
282
282
282
282
282
282
284
284
284
293
298
299
302
304
311
311
311
315
316
316
318
319
320
322
326
327
327
331
332
332
334
335
335
335
337
337
337
338
345
345
345
349
349
349
351
352
352
352
353
353
353
353
354
361
362
362
364
366
368
370
378
382
383
390
391
391
392
392
393
393
402
415
427
429
430
434
435
436
454
460
467
470
490
490
490
490
490
490
494
501
501
504
504
504
505
506
507
508
508
508
508
509
509
510
510
510
510
510
510
521
554
561
567
568
568
568
568
570
571
571
573
574
574
575
575
576
579
579
579
579
580
580
583
588
588
597
599
603
606
609
617
630
630
634
635
637
643
656
658
660
669
669
669
672
674
675
675
675
676
683
685
688
696
696
698
704
705
742
742
743
743
743
743
744
754
794
795
799
800
800
813
815
815
819
820
825
825
826
826
827
832
833
838
844
845
846
859
862
862
865
876
877
895
898
900
909
924
929
936
937
937
943
943
948
952
954
978
986
991
993
1008
1015
1035
1050
1077
1077
1083
1086
1091
1093
1108
1125
1129
1134
1134
1135
1135
1135
1135
1136
1136
1136
1136
1149
1150
1153
1158
1163
1170
1179
1188
1192
1198
1211
1224
1230
1232
1241
1251
1258
1263
1264
1268
1272
1280
1282
1291
1310
1330
1331
1367
1378
1388
1389
1391
1394
1402
1417
1423
1424
1426
1429
1432
1445
1456
1459
1466
1466
1467
1479
1480
1482
1487
1497
