0
4
8
9
15
15
16
16
17
17
17
18
18
18
19
19
19
20
20
22
22
22
23
24
24
29
30
30
30
30
30
31
31
31
31
31
31
32
32
32
32
32
32
32
33
33
33
33
33
34
34
34
34
34
34
34
34
34
35
35
35
36
36
36
37
37
37
37
37
37
37
37
37
37
38
38
39
39
39
39
41
41
42
43
43
43
43
43
43
44
44
44
44
45
46
46
48
49
49
49
51
52
52
52
52
53
56
56
57
58
58
59
61
61
61
61
63
64
71
73
74
76
76
76
76
77
77
77
77
77
77
77
78
78
78
78
78
78
78
78
78
78
78
78
79
79
79
79
79
80
80
80
81
81
81
82
82
82
83
83
83
84
85
86
87
89
90
90
90
91
91
92
92
92
92
92
93
93
93
93
93
93
94
94
94
94
95
96
97
98
98
99
101
103
104
104
104
104
105
106
106
107
110
110
110
111
111
111
112
113
114
117
117
119
120
121
121
123
124
125
135
136
137
137
139
141
141
142
144
144
144
144
145
146
147
149
151
152
154
154
154
155
155
160
161
170
171
171
172
172
173
173
174
177
178
181
183
183
184
186
190
191
199
199
201
202
206
212
213
215
221
224
225
231
231
231
232
233
233
233
234
236
237
237
239
240
252
253
253
255
256
257
276
277
279
281
286
288
294
296
296
301
303
305
310
315
316
322
322
323
323
327
328
331
332
332
335
335
336
337
337
338
338
338
338
339
339
341
341
342
342
342
342
342
343
343
343
343
344
346
346
348
348
349
351
351
352
352
352
353
354
358
358
359
360
360
360
360
360
361
361
361
361
361
388
389
390
422
433
433
433
436
436
436
443
444
444
444
445
445
456
477
485
486
487
487
487
491
492
492
492
492
492
492
492
493
493
494
501
502
502
503
504
507
507
507
508
508
511
511
511
511
512
512
513
514
514
514
514
515
515
516
516
517
517
517
518
519
520
521
522
524
526
530
532
532
533
533
536
543
543
543
546
547
548
550
550
552
554
554
566
566
566
567
567
574
577
588
588
589
595
596
596
596
596
597
597
598
598
598
598
598
598
599
599
599
599
602
603
603
604
609
609
610
614
617
617
624
624
625
627
634
637
642
644
646
646
655
655
698
713
713
721
721
724
724
724
725
725
725
726
727
728
728
729
731
732
734
738
740
741
742
742
743
746
747
747
752
754
759
760
762
766
767
768
774
774
777
780
782
783
783
784
792
792
798
802
804
804
804
808
809
809
810
811
812
815
815
815
819
824
830
833
837
904
904
907
907
918
948
976
983
993
995
995
1016
1025
1025
1029
1032
1088
1088
1091
1092
1093
