0
10
13
17
18
18
19
19
19
21
22
24
25
26
26
27
27
28
28
28
29
30
30
31
31
31
32
32
33
33
40
41
44
47
47
47
47
48
48
56
56
56
57
58
60
61
61
61
61
61
61
61
61
61
61
61
61
62
62
63
63
63
65
65
66
66
67
67
70
71
72
75
76
78
78
81
82
83
84
85
85
88
88
88
88
88
88
88
88
89
89
89
89
90
90
90
94
95
103
103
103
103
103
103
104
104
105
105
105
108
108
113
114
115
120
131
131
143
144
144
147
150
155
158
161
164
174
188
196
198
200
200
201
202
209
214
214
230
230
230
230
230
230
231
234
235
236
237
238
239
240
241
241
241
245
251
252
255
258
261
273
273
273
277
277
278
278
279
279
280
285
285
286
294
304
307
309
309
310
312
314
316
322
323
323
324
324
324
324
334
339
344
347
348
349
353
354
358
358
359
359
359
360
360
360
360
360
361
361
362
363
365
365
369
370
371
371
376
378
384
384
387
387
388
388
388
390
397
397
401
404
404
409
412
413
419
420
423
433
438
439
439
439
441
441
442
443
444
444
445
447
447
454
455
457
459
460
460
461
462
462
462
462
462
462
465
467
471
473
488
493
497
499
500
501
503
505
512
513
513
514
516
520
520
521
527
528
529
529
530
530
534
534
535
535
536
536
537
538
538
538
540
541
541
541
541
541
541
543
545
554
556
559
559
560
562
562
578
587
599
626
628
639
646
652
652
653
654
658
659
659
660
661
662
662
663
668
671
672
672
672
673
674
674
674
675
676
676
677
677
679
680
681
681
682
682
682
683
683
683
689
693
696
701
701
704
707
714
714
723
724
727
731
731
736
746
747
747
752
763
763
766
768
776
776
777
777
779
779
786
792
792
792
792
793
799
800
800
800
805
805
806
817
818
828
829
829
830
852
853
854
858
859
865
869
869
869
877
879
880
884
886
895
895
896
897
898
898
902
905
911
911
911
911
912
912
913
913
914
924
924
925
927
928
928
928
928
929
929
929
929
933
934
937
940
941
947
947
949
960
961
961
989
990
991
992
993
994
994
994
996
997
997
999
999
999
1002
1003
1003
1003
1004
1004
1004
1005
1005
1006
1014
1015
1015
1030
1035
1036
1053
1069
1104
1125
1125
1126
1127
1129
1129
1129
1130
1130
1130
1130
1153
1160
1183
1183
1184
1184
1184
1209
1210
1215
1215
1217
1233
1250
1252
1256
1286
1298
1302
1305
1307
1307
1312
1318
1319
1319
1319
1320
1337
1337
1338
1338
1338
1408
1410
1425
1431
1461
1484
1511
1578
1646
1667
1710
1711
1711
1713
1718
1728
1728
1728
1750
1750
1822
1825
1832
1834
1837
1853
1869
1871
1884
1891
1892
1895
1911
1916
1920
2094
2113
2125
2128
2128
2209
2210
2251
2255
2258
2262
