0
4
11
13
16
16
17
17
17
17
18
18
19
19
20
21
21
26
26
26
30
31
31
31
32
32
32
32
32
33
33
33
33
33
33
34
34
36
36
36
36
36
38
40
41
41
41
42
42
42
42
46
46
46
46
47
47
47
48
50
50
50
50
51
51
52
54
55
55
58
58
59
59
59
61
61
61
61
61
61
62
62
62
63
63
63
63
63
63
63
63
63
63
64
64
64
64
64
64
66
66
66
68
69
73
73
74
75
75
75
75
76
76
76
77
77
77
78
78
78
78
79
79
79
79
80
80
81
81
83
83
83
83
85
85
86
87
87
87
89
90
90
91
91
91
92
92
92
92
92
93
93
93
94
94
95
95
95
95
96
96
96
97
98
98
99
100
100
101
102
102
103
103
104
105
105
105
106
106
107
107
110
110
112
112
113
116
117
124
125
125
126
126
126
127
130
134
136
137
138
139
139
139
140
140
140
145
145
147
149
150
150
151
151
154
155
156
156
157
157
157
158
158
158
159
159
159
160
160
160
161
161
161
161
161
162
162
162
162
162
163
164
166
167
168
168
179
179
180
182
183
184
188
191
195
195
196
203
204
204
205
211
211
212
213
214
214
218
218
218
218
218
219
222
222
222
223
226
227
228
230
231
231
231
232
233
234
235
235
239
239
240
245
245
246
246
246
247
251
252
256
256
256
256
268
275
275
276
276
276
278
278
278
281
283
284
287
293
296
304
305
305
305
307
310
313
313
314
314
315
315
315
316
316
316
318
318
321
322
326
326
326
326
329
329
330
336
337
337
337
337
337
337
338
341
342
342
348
350
352
352
352
352
353
353
354
356
358
359
359
359
359
359
359
360
364
365
368
370
371
372
379
379
385
385
387
391
391
391
392
392
393
393
393
394
396
397
398
401
401
401
403
404
411
412
412
418
420
429
433
433
433
437
437
438
445
445
446
453
456
480
488
493
495
495
501
502
502
504
516
522
533
553
554
555
555
557
558
558
559
560
570
571
572
572
572
585
586
592
597
597
597
598
604
605
608
609
615
616
618
618
619
619
619
621
622
622
625
627
629
629
629
629
629
630
630
630
631
631
631
633
636
637
639
641
642
642
646
650
650
651
652
652
654
654
656
657
657
668
687
687
692
692
733
741
773
799
806
811
814
819
822
823
823
824
824
824
829
832
867
927
935
938
938
943
946
950
951
951
952
952
953
954
954
955
957
958
963
970
972
973
977
982
992
1028
1029
1062
1093
1093
1095
1095
1096
1097
1111
1120
1122
1161
1167
1181
1183
1185
1193
1193
1197
1198
1202
1202
1203
1212
1224
1230
1302
1303
1314
1333
1336
1338
1339
1339
1345
1348
1427
1561
1602
1626
