0
7
8
8
12
13
18
19
19
20
20
21
22
22
22
22
22
22
22
23
23
23
24
24
25
29
31
34
34
37
37
37
38
39
39
39
39
39
40
42
43
43
43
51
51
51
52
53
53
54
57
58
61
63
67
67
71
71
72
73
74
75
77
79
81
81
84
84
85
85
87
87
90
90
91
93
94
94
98
99
100
101
101
104
104
104
105
107
107
107
107
107
107
109
109
109
110
110
110
111
112
113
114
115
117
123
125
125
125
126
129
129
140
152
154
154
155
155
155
156
158
160
160
161
161
161
161
162
163
165
170
172
179
179
179
179
181
181
182
182
182
182
182
182
183
190
192
195
195
196
217
218
226
234
235
235
235
235
235
237
238
244
244
265
269
274
277
281
285
297
297
297
300
301
301
303
305
305
305
307
307
308
313
316
318
319
322
322
326
326
327
327
327
328
328
329
329
330
330
330
330
331
331
331
331
331
332
333
337
338
338
339
340
341
343
347
347
350
351
354
355
355
356
356
356
356
356
356
356
357
358
359
368
369
373
373
373
373
373
384
386
387
388
389
396
397
398
399
402
404
405
412
413
429
433
434
438
449
450
456
457
458
460
461
461
462
462
463
463
463
468
472
479
479
479
483
483
488
492
493
496
500
511
512
512
518
530
534
535
537
537
537
537
538
538
538
539
539
539
539
539
539
539
540
550
555
555
556
556
556
556
564
566
571
572
572
573
579
584
585
590
591
592
606
639
639
639
640
641
648
657
657
664
664
665
667
675
676
678
680
681
681
681
682
682
684
687
689
691
692
693
697
699
700
707
713
727
731
741
750
751
755
761
773
775
779
779
781
781
781
783
783
784
784
784
792
793
794
795
795
796
796
801
802
803
803
804
804
804
810
810
810
810
811
814
817
822
823
824
824
824
825
833
834
839
842
846
856
857
858
859
860
864
869
877
879
880
886
888
889
889
895
895
900
900
903
908
909
914
924
928
932
933
934
945
945
953
958
959
964
964
964
965
969
970
970
970
970
983
994
1033
1035
1037
1037
1038
1046
1047
1047
1049
1050
1050
1050
1053
1053
1055
1055
1055
1055
1056
1056
1057
1064
1068
1070
1073
1077
1078
1083
1093
1101
1101
1102
1103
1103
1110
1123
1135
1136
1139
1139
1159
1163
1173
1177
1178
1178
1181
1195
1217
1220
1229
1238
1254
1261
1268
1268
1269
1270
1274
1282
1287
1287
1288
1289
1290
1290
1290
1294
1295
1295
1298
1301
1303
1303
1307
1311
1322
1324
1324
1324
1338
1364
1364
1364
1364
1364
1365
1365
1365
1366
1367
1370
1381
1387
1387
1387
1392
1392
1392
1393
1393
1413
1414
1436
1437
1458
1458
1473
1473
1473
1474
1476
1495
1500
1509
1528
1529
1529
1530
1545
1571
1572
1577
1578
1578
1578
1601
1623
1659
1683
1684
1684
1684
1697
1718
