0
4
9
10
14
15
19
19
20
21
22
24
24
24
25
25
25
26
26
26
26
27
27
28
28
28
29
30
31
32
32
33
34
34
34
35
37
38
38
39
39
40
40
40
40
40
41
41
42
42
42
42
44
44
46
48
50
51
51
51
51
51
55
55
56
58
58
58
59
59
59
59
59
59
60
60
60
60
61
61
61
61
62
62
63
63
64
64
64
64
64
64
64
68
68
68
68
70
71
72
72
73
73
73
73
73
74
74
75
76
77
77
77
79
79
79
80
80
80
81
81
81
82
82
83
83
83
83
83
84
84
84
85
85
86
87
87
87
88
88
88
88
89
89
89
91
92
94
95
95
97
99
101
101
101
102
102
103
104
104
104
104
104
104
105
105
105
105
105
106
106
106
106
106
106
106
106
107
107
107
109
110
110
110
111
111
111
111
111
112
112
112
112
112
112
112
113
113
113
113
113
113
114
115
115
119
122
127
130
133
135
137
138
138
138
140
140
142
143
143
143
143
143
145
146
147
147
147
148
148
148
149
150
150
150
150
151
151
151
152
152
152
152
152
153
153
153
153
154
154
155
155
155
159
159
161
161
161
162
162
162
162
162
163
163
163
163
165
166
166
167
167
167
167
168
168
170
173
173
175
175
176
177
177
180
181
182
189
189
193
193
194
195
196
196
196
198
199
203
205
207
209
210
210
210
211
211
212
213
213
213
216
216
217
217
218
219
221
222
222
223
223
223
225
226
226
227
228
229
230
230
234
235
235
237
238
239
240
240
243
243
245
245
246
248
249
257
257
258
259
261
261
261
261
261
262
262
262
262
262
266
266
268
275
282
282
282
282
282
286
293
296
299
300
304
304
305
305
308
309
310
312
313
313
314
314
322
324
329
329
329
334
335
335
342
345
351
352
354
355
356
361
363
363
364
364
366
368
378
381
384
384
392
393
399
402
409
409
412
421
422
425
425
425
430
432
433
434
439
439
441
441
441
441
443
443
443
444
444
444
446
448
451
454
456
457
458
462
463
463
464
465
469
476
476
478
480
480
480
481
481
482
484
487
487
489
499
505
505
506
526
533
535
536
537
538
542
542
546
551
552
552
552
553
554
554
555
556
556
560
561
565
566
567
569
571
571
572
572
573
575
579
582
583
585
585
586
589
591
595
595
597
600
604
606
611
611
611
611
612
614
615
615
615
616
616
616
617
617
622
624
625
626
627
627
627
628
628
629
630
630
631
637
637
641
647
648
679
685
686
690
692
693
695
696
703
709
710
710
711
712
713
719
720
721
723
744
751
760
774
804
809
823
826
840
842
842
843
850
854
881
882
884
884
901
901
