0
4
7
9
12
12
13
16
16
16
17
18
18
18
18
19
19
19
19
19
19
19
19
20
20
20
20
22
22
23
23
23
23
24
24
24
25
25
25
27
30
30
30
31
33
34
34
34
35
35
35
35
35
35
36
36
36
36
36
36
36
36
37
40
40
43
43
43
43
44
44
46
47
47
47
51
54
54
55
57
57
57
57
57
58
58
59
60
61
61
62
65
66
70
70
71
71
73
77
77
80
80
81
81
81
82
82
83
83
84
88
90
90
92
93
94
94
96
96
98
99
99
100
100
100
100
100
101
101
101
103
103
105
106
106
107
107
107
107
108
108
109
109
109
110
110
112
113
114
114
114
114
115
115
116
116
117
120
120
120
120
120
121
121
121
122
123
123
124
125
126
127
127
130
131
131
132
133
133
134
135
135
135
136
136
136
136
137
137
139
139
139
139
139
140
140
140
141
141
141
142
142
142
142
143
143
143
144
144
145
145
145
145
146
146
147
151
151
151
151
151
152
154
156
156
158
159
160
161
161
161
161
161
161
161
161
161
161
161
161
161
162
162
164
170
175
179
181
183
186
187
188
188
188
195
195
196
196
196
196
196
197
197
199
200
201
201
201
201
201
201
201
203
203
204
206
206
207
207
208
209
209
209
210
210
225
228
234
235
239
239
240
240
240
241
241
241
242
244
244
245
246
246
247
247
247
247
247
248
248
248
248
248
249
252
254
255
255
256
259
262
263
265
272
285
294
294
295
296
296
297
300
300
301
305
307
307
308
308
308
308
308
309
309
309
310
311
313
313
313
313
313
315
315
317
318
319
327
328
332
332
332
332
334
335
335
335
336
337
337
337
338
339
340
340
340
341
341
342
343
343
343
344
344
344
344
346
346
347
350
354
356
364
371
373
373
377
380
384
385
394
396
399
400
403
405
406
406
406
407
408
409
412
412
412
413
414
420
421
422
422
423
423
423
423
423
423
424
425
428
428
430
431
432
432
432
433
434
436
436
436
437
437
437
439
440
441
442
442
444
445
447
447
447
448
448
448
450
450
454
454
455
456
458
458
460
462
462
462
463
463
463
463
465
466
467
467
467
467
467
468
468
469
469
469
469
472
473
478
478
478
479
480
481
482
487
487
496
496
496
497
498
508
510
511
512
523
526
535
540
557
561
561
562
563
567
570
573
575
577
577
578
578
579
580
582
584
586
587
588
591
592
592
597
599
602
605
606
607
607
607
608
609
612
621
622
634
635
640
640
642
644
645
663
674
700
707
710
716
719
721
728
732
742
743
751
754
756
768
773
784
827
828
830
839
839
844
849
852
871
881
881
886
888
898
