0
7
14
15
17
18
23
28
29
32
32
34
34
36
36
37
37
37
39
39
39
47
47
49
50
55
57
63
65
66
69
70
70
72
72
73
75
77
78
79
79
81
82
82
83
83
84
84
86
86
91
94
94
94
95
95
96
98
103
105
105
105
105
106
106
106
106
110
111
111
111
112
112
112
112
112
113
113
113
113
113
114
114
114
114
114
115
115
115
116
117
117
117
118
118
118
118
118
118
118
118
119
119
119
119
119
119
120
121
121
122
125
125
125
125
125
130
139
139
139
152
157
158
165
167
171
171
171
171
172
172
172
172
172
172
172
173
173
173
173
173
173
173
173
174
174
174
174
176
176
176
179
180
181
182
185
185
186
186
186
187
187
187
187
187
187
187
189
189
190
191
191
191
191
193
193
194
194
194
194
194
194
194
195
195
195
195
196
196
196
196
196
196
197
197
197
197
198
198
198
199
200
200
201
202
203
205
205
207
207
210
210
216
222
224
225
227
227
228
228
228
228
228
229
231
232
234
234
234
235
235
235
236
236
236
236
236
237
240
242
242
243
243
243
245
245
246
247
249
249
249
249
250
250
250
251
251
251
255
255
255
261
262
264
267
274
281
292
295
300
301
304
304
304
304
304
304
304
305
309
334
334
335
335
336
336
336
337
337
337
341
342
342
346
346
347
348
348
350
351
352
353
354
360
361
362
375
375
377
387
388
390
397
398
401
402
403
405
405
405
406
406
407
407
407
410
411
411
413
415
415
416
416
416
418
419
440
449
450
453
455
455
459
459
460
462
466
469
475
476
477
478
479
480
480
482
482
484
492
494
495
495
496
497
498
500
505
519
529
539
543
557
557
557
563
564
570
573
573
573
582
600
604
611
628
635
642
652
663
688
700
704
705
706
709
712
716
724
729
741
752
753
756
758
763
785
788
789
790
790
790
790
797
797
797
797
797
798
799
803
804
805
807
808
812
812
818
821
825
842
843
848
858
865
865
871
871
873
876
877
884
942
942
942
942
942
943
944
947
947
947
954
959
964
980
980
983
985
989
1010
1010
1010
1010
1010
1012
1012
1013
1013
1013
1013
1015
1015
1016
1018
1024
1024
1024
1024
1025
1025
1025
1025
1026
1026
1026
1026
1027
1027
1027
1028
1029
1029
1035
1038
1040
1042
1044
1051
1052
1056
1057
1065
1066
1067
1070
1070
1075
1076
1078
1078
1082
1099
1100
1101
1103
1103
1103
1185
1202
1210
1214
1219
1258
1267
1271
1276
1285
1285
1285
1291
1334
1334
1334
1334
1334
1334
1339
1340
1350
1368
1382
1384
1386
1387
1400
1426
1446
1485
1525
1554
1555
1558
1559
1559
1560
1560
1562
1564
1572
1585
1655
1664
1665
1694
1697
1700
1706
1707
1711
1766
1795
1795
1795
1795
1795
1796
1796
1796
1800
1815
1887
1891
1933
1940
1940
1941
