0
5
10
10
11
14
15
15
15
16
16
16
18
18
18
19
19
19
20
20
20
20
20
20
21
21
21
21
21
21
21
21
21
22
22
22
22
22
22
22
23
23
23
23
23
23
23
23
24
27
28
28
29
29
31
31
32
33
33
33
33
34
34
35
35
35
35
35
35
36
36
38
39
39
40
41
42
44
44
46
47
47
48
48
50
50
51
52
53
53
53
54
54
54
55
55
55
55
56
56
56
56
57
57
57
57
57
57
58
58
60
60
60
61
66
67
67
67
68
68
69
71
72
72
72
72
72
73
73
74
76
76
79
80
80
82
83
86
86
88
89
89
89
90
91
91
91
92
92
92
92
92
92
92
92
93
93
93
93
93
93
93
93
93
93
94
94
94
96
96
96
99
100
100
101
101
101
101
101
102
102
102
106
106
106
107
107
110
111
111
113
113
113
115
116
117
118
119
119
119
119
120
120
120
121
122
123
123
125
125
126
126
126
126
126
126
127
127
128
129
129
129
130
130
130
132
133
133
133
134
134
136
136
137
138
138
138
138
139
139
139
139
140
141
141
141
141
146
147
147
147
148
152
152
153
153
155
155
159
161
161
163
164
166
168
168
168
168
168
169
173
174
175
177
183
184
184
184
184
184
184
185
190
190
192
192
192
193
196
200
201
204
204
205
205
207
207
207
207
208
208
209
209
209
210
210
210
210
210
210
211
211
211
211
211
211
211
212
215
216
217
217
221
222
222
223
224
226
227
230
231
235
235
236
237
237
238
240
242
242
243
244
244
246
247
248
248
253
257
258
259
260
261
261
262
262
264
266
267
268
270
271
272
272
274
274
275
275
276
276
276
276
276
276
276
276
276
277
277
277
277
277
278
278
278
279
279
280
280
281
281
282
282
284
285
285
285
285
286
286
286
287
287
287
288
288
292
292
294
295
297
298
300
301
304
305
319
323
323
327
340
341
341
350
351
371
371
372
374
376
377
377
378
378
378
379
379
380
380
380
381
381
385
393
395
396
396
401
404
404
418
418
426
427
428
428
434
434
441
441
446
446
447
447
448
459
464
465
477
487
487
487
487
487
487
487
488
493
494
496
499
500
501
505
509
516
525
532
536
538
545
546
547
555
557
557
563
564
566
567
577
578
583
586
592
592
597
618
632
633
637
637
637
637
638
638
641
648
648
648
649
652
664
670
670
680
689
696
707
724
731
733
738
740
751
763
777
790
802
815
816
816
818
819
824
826
828
828
828
834
835
836
837
838
838
842
848
849
849
853
853
854
882
903
909
910
928
954
967
972
976
978
978
985
1006
1037
1044
1047
1057
1057
1059
1061
1068
1074
1076
