0
4
14
16
17
17
18
18
18
18
18
23
24
24
24
24
25
25
25
26
26
26
26
26
27
27
29
31
34
34
34
34
35
35
35
35
35
35
36
36
36
36
36
37
37
37
37
39
39
45
46
47
47
48
50
50
51
53
54
55
55
57
58
58
58
59
59
59
60
60
60
60
60
61
61
61
61
61
61
62
62
62
62
62
63
64
64
65
65
65
65
65
65
65
66
66
66
66
67
68
70
70
75
75
75
75
75
75
75
76
76
78
82
83
85
85
86
87
87
87
87
87
87
88
88
88
89
89
89
93
94
94
94
96
96
96
96
96
96
97
97
98
99
103
103
103
103
103
103
103
103
104
104
104
104
104
104
107
107
107
107
107
107
109
111
111
112
113
113
113
113
113
113
113
114
114
114
114
114
114
114
115
115
118
118
118
118
118
118
118
119
121
121
122
122
125
125
126
126
126
127
128
129
132
132
134
134
134
135
136
138
138
139
148
150
152
159
160
160
167
170
179
180
180
180
180
181
187
194
235
241
241
242
243
243
244
244
244
246
246
246
248
249
251
251
256
258
258
259
259
259
265
267
267
269
270
271
281
284
288
293
303
303
304
304
305
312
312
312
313
314
314
315
317
324
325
325
325
325
328
329
329
335
343
347
351
357
361
365
365
366
366
369
373
387
390
390
390
390
391
392
393
393
393
394
394
394
394
395
395
395
398
406
407
412
413
413
414
415
417
420
420
421
421
422
422
426
426
427
427
427
428
429
431
434
437
439
442
442
444
445
445
446
447
449
450
450
451
451
453
453
453
454
459
459
463
463
464
464
464
465
465
468
476
478
479
485
486
492
494
496
497
498
500
502
507
510
522
522
526
534
534
536
542
542
542
542
542
544
546
550
550
550
550
551
551
552
552
553
553
553
553
553
553
553
553
554
556
557
557
557
560
560
562
562
564
566
594
602
602
613
614
616
616
616
620
635
639
649
655
656
659
661
674
677
679
679
681
684
686
689
694
702
703
705
705
706
706
708
709
724
727
730
731
731
734
738
740
747
747
749
751
754
755
756
756
758
760
761
761
763
764
764
766
766
766
768
768
768
771
772
777
789
790
790
798
804
804
808
809
825
846
853
856
859
861
861
865
866
868
868
879
884
885
889
894
895
897
902
902
912
923
927
928
928
962
962
965
965
965
967
968
973
990
991
994
999
1001
1002
1004
1018
1019
1021
1038
1039
1044
1045
1047
1051
1053
1059
1061
1062
1062
1064
1072
1072
1077
1082
1086
1086
1087
1090
1091
1092
1093
1093
1101
1104
1115
1117
1117
1118
1118
1126
1128
1128
1131
1133
1136
1148
1151
1164
1177
1181
1181
1182
1183
1184
1185
1202
1211
1214
1215
1226
1226
