0
5
7
10
11
12
12
13
17
17
18
18
20
22
22
22
22
23
23
23
23
23
24
24
24
24
25
25
25
25
25
25
26
26
26
27
27
28
29
29
32
35
35
36
36
37
38
41
42
42
42
42
43
43
44
44
44
44
44
44
44
44
44
45
45
46
46
46
47
48
49
50
51
52
53
53
54
56
58
59
59
61
62
62
63
66
69
71
73
73
73
74
75
76
78
78
78
78
79
79
80
80
84
86
87
90
90
90
90
90
91
93
96
96
96
96
96
97
97
97
98
104
104
109
109
109
111
111
113
115
116
116
119
119
120
122
122
124
127
129
131
132
136
136
139
140
142
144
148
153
157
159
164
164
165
166
166
166
166
167
168
169
171
172
180
180
180
182
185
189
190
196
196
197
198
199
203
207
207
210
211
214
214
216
220
226
235
235
236
236
236
237
238
241
244
245
245
247
254
254
259
260
261
261
261
261
261
261
262
262
263
264
264
264
273
274
274
274
280
296
309
310
318
320
328
328
329
330
339
345
348
360
362
364
368
369
369
369
369
370
370
370
370
370
375
376
376
376
387
390
397
398
398
399
400
400
401
402
402
402
403
403
404
404
409
410
413
428
465
465
465
465
465
466
466
466
466
468
470
470
477
481
489
489
493
504
505
505
505
506
507
507
509
511
516
535
538
538
541
545
546
546
547
549
555
557
559
570
576
576
576
588
595
595
603
606
607
609
609
613
615
617
617
617
617
621
626
626
627
631
632
633
636
638
638
640
642
643
644
644
645
652
655
655
660
660
660
663
664
665
665
666
666
671
671
682
682
682
683
683
683
683
683
686
687
688
695
696
701
705
705
709
714
714
714
715
716
717
721
724
724
725
728
731
742
745
745
746
746
749
752
752
752
752
754
765
769
769
770
775
794
802
808
808
808
808
809
820
821
822
822
824
826
826
859
865
870
870
870
870
884
891
896
897
897
899
899
900
900
900
900
901
901
905
909
909
910
938
941
958
985
1001
1026
1029
1032
1032
1061
1066
1084
1084
1090
1090
1090
1090
1094
1095
1129
1132
1163
1169
1179
1203
1247
1248
1257
1305
1326
1327
1328
1329
1339
1358
1358
1358
1360
1360
1360
1365
1373
1417
1424
1424
1424
1425
1425
1425
1426
1426
1426
1427
1427
1429
1443
1445
1446
1449
1455
1471
1523
1533
1536
1567
1570
1587
1588
1592
1597
1607
1609
1611
1611
1615
1633
1645
1660
1666
1671
1675
1678
1692
1692
1692
1692
1692
1706
1709
1724
1796
1801
1824
1831
1927
1928
1928
1929
1929
2039
2040
2044
2084
2094
2102
2108
2112
2116
2116
2116
2117
2117
2118
2119
2119
2120
2121
2122
2125
2130
2168
2224
2230
2242
2246
2246
2249
2253
2259
2260
2267
2275
2278
2283
2305
2305
2307
2307
2308
2309
2309
2309
2310
2310
2311
2311
2312
2312
2312
2312
2312
