0
0
2
2
2
3
3
3
3
4
4
4
5
5
6
7
7
7
7
7
7
7
8
9
9
9
9
9
9
9
10
10
10
10
10
11
11
12
12
12
13
13
13
13
14
14
14
14
15
15
15
16
16
16
16
16
16
16
17
17
17
17
17
17
18
18
18
18
18
18
18
19
19
19
19
19
19
19
20
20
21
21
21
21
21
21
21
21
21
21
22
22
22
22
22
22
22
22
23
23
23
23
23
23
23
23
23
23
23
23
23
23
23
23
23
23
23
23
24
24
24
24
24
24
24
24
24
24
24
24
24
24
24
24
24
24
24
24
24
24
24
24
24
25
25
25
25
25
25
25
25
25
25
25
25
25
25
25
25
25
25
25
25
25
25
25
25
25
25
25
25
25
25
25
26
26
26
26
26
26
26
26
27
27
27
27
27
27
27
27
27
28
28
28
28
28
28
28
28
29
29
29
29
29
29
29
29
29
29
29
29
30
30
30
30
30
30
30
30
30
30
31
31
31
31
31
31
31
31
31
31
31
32
32
32
32
32
32
32
32
32
32
33
33
33
33
33
33
33
34
34
34
34
34
34
34
34
35
35
35
35
35
35
36
36
36
36
36
36
36
36
36
36
36
37
37
37
37
37
37
37
38
38
38
38
38
38
38
38
39
39
39
39
39
39
39
39
40
40
40
40
40
40
40
41
41
41
41
41
41
41
42
42
42
42
42
42
42
42
42
42
43
43
43
43
43
43
43
43
43
43
43
43
43
43
43
43
43
43
43
43
44
44
44
44
44
44
44
45
45
45
45
45
45
45
45
45
46
46
46
46
46
46
46
46
46
46
46
46
47
47
47
47
47
47
47
47
47
48
48
48
48
48
48
48
48
49
49
49
49
49
50
50
50
50
51
51
51
51
51
51
51
52
52
52
52
52
52
53
53
53
53
53
54
54
54
54
54
54
54
54
54
54
54
55
55
55
55
55
55
55
55
56
56
57
57
57
57
57
57
58
58
58
58
58
58
58
58
58
59
59
59
59
60
60
60
60
60
61
61
61
62
62
62
62
62
62
62
62
62
63
63
63
63
63
63
64
64
64
65
65
65
65
65
65
65
65
66
66
66
66
66
66
66
66
66
67
67
67
67
68
69
69
69
69
70
70
71
71
71
72
72
72
72
72
72
73
73
73
73
73
73
73
74
74
74
75
75
75
75
76
76
76
76
76
76
77
77
77
77
77
78
78
79
79
79
79
79
79
80
80
81
81
81
81
81
82
82
83
83
83
83
85
85
85
86
86
86
86
87
89
89
90
90
90
91
91
92
92
92
92
93
93
94
94
94
94
96
97
99
99
99
99
99
99
101
101
102
102
102
102
103
104
104
105
105
106
106
106
106
106
106
106
107
107
107
107
107
107
107
107
107
108
108
108
108
108
108
108
108
108
108
108
108
109
109
109
109
109
111
111
111
111
112
112
112
112
112
112
113
114
115
115
115
115
116
118
118
118
119
119
121
121
122
122
122
122
123
123
124
128
128
129
129
129
130
130
132
132
133
133
133
134
134
135
135
136
137
139
139
139
139
140
141
141
142
142
142
143
143
144
144
145
146
147
147
147
148
148
148
149
150
150
152
154
154
154
155
155
156
158
158
160
160
161
161
161
162
163
164
164
164
165
166
167
167
167
167
167
168
168
169
169
169
170
171
172
173
173
177
177
178
180
180
180
180
182
183
183
183
183
184
184
185
186
187
187
190
190
190
191
192
192
192
193
194
194
196
197
198
198
198
199
199
200
200
200
201
201
201
201
203
204
204
205
205
206
206
206
206
208
209
210
212
212
213
213
214
214
214
215
217
217
219
219
222
223
223
224
224
225
226
226
228
229
229
230
230
231
231
231
231
233
233
233
235
235
236
236
236
236
236
237
238
238
238
238
238
239
239
240
241
241
241
241
242
242
242
242
242
242
242
242
242
243
243
244
244
244
245
245
245
245
246
248
249
249
251
253
253
253
253
253
253
253
254
254
254
254
254
254
255
255
255
255
255
255
256
256
256
256
256
259
262
263
264
264
264
265
266
269
269
270
275
275
277
280
281
282
284
284
284
285
285
287
289
291
292
304
305
306
307
310
312
313
313
313
314
316
319
320
322
322
324
325
328
328
330
333
338
340
340
341
342
348
349
349
349
355
358
360
363
363
364
371
373
373
374
376
379
379
381
381
381
383
383
384
386
386
388
388
388
388
388
390
392
392
392
393
394
394
394
396
398
400
403
403
405
408
414
414
415
416
416
417
417
417
418
418
421
422
422
423
424
424
425
425
426
429
430
433
437
439
445
449
453
453
453
456
467
470
473
475
475
476
478
479
480
480
481
481
482
484
484
485
487
487
488
488
489
489
489
490
490
491
492
494
494
495
496
499
499
499
499
499
499
499
500
500
500
500
500
502
502
504
506
506
507
507
507
508
508
508
508
508
509
510
511
511
511
512
512
512
513
514
514
516
517
517
517
518
518
518
518
519
519
519
519
519
522
522
525
526
526
527
529
531
531
533
534
534
542
543
544
544
546
547
548
548
548
548
548
548
549
549
549
549
549
551
556
557
562
563
566
567
568
568
569
573
573
574
574
574
575
575
575
575
575
575
575
575
575
575
575
575
576
578
578
578
578
578
578
579
579
579
579
579
580
580
580
580
581
581
581
582
582
582
583
583
583
583
584
584
584
584
584
584
584
585
585
585
585
585
586
586
586
586
586
586
588
589
590
594
594
596
597
597
598
599
603
604
604
607
611
611
614
617
617
619
621
622
626
627
629
630
630
631
632
636
637
638
638
638
639
640
640
641
641
642
642
643
643
646
647
647
648
648
648
650
650
651
651
652
652
652
652
652
652
652
652
652
653
653
653
653
653
653
653
653
653
653
653
653
653
654
654
654
654
654
654
654
654
656
656
656
656
658
659
659
660
660
663
663
664
664
664
665
665
666
666
668
669
670
672
672
673
673
675
677
678
679
682
683
684
685
685
686
686
689
690
690
691
692
693
693
693
694
694
695
696
702
702
703
705
706
706
706
709
716
720
722
722
724
724
732
734
735
736
749
753
753
754
754
754
755
755
755
755
755
755
755
758
760
761
761
763
763
764
765
767
767
768
769
770
772
772
774
779
781
781
781
782
782
783
784
785
787
789
795
795
795
795
795
796
797
798
800
804
805
809
809
809
811
818
818
819
820
822
825
826
828
829
830
832
836
838
839
846
866
867
875
892
893
893
894
895
895
899
904
907
907
914
920
921
924
925
925
926
927
928
928
928
929
929
930
930
930
931
932
932
935
946
946
949
950
951
951
952
953
954
958
960
968
970
971
972
972
973
974
977
977
980
981
983
983
995
996
996
998
998
999
999
1000
1000
1003
1005
1006
1007
1010
1010
1017
1019
1021
1022
1024
1025
1026
1027
1027
1027
1028
1028
1028
1029
1031
1032
1032
1033
1033
1033
1033
1033
1034
1034
1034
1034
1035
1036
1036
1041
1041
1041
1042
1044
1048
1049
1050
1050
1051
1053
1054
1057
1061
1067
1078
1082
1089
1089
1090
1090
1090
1092
1092
1092
1092
1093
1093
1094
1094
1094
1094
1101
1102
1102
1104
1110
1110
1111
1113
1114
1116
1121
1124
1126
1127
1128
1128
1130
1133
1133
1133
1135
1142
1143
1143
1145
1145
1145
1149
1150
1151
1151
1154
1155
1157
1158
1161
1161
1162
1169
1170
1170
1170
1170
1179
1180
1182
1182
1183
1187
1194
1198
1198
1199
1199
1199
1200
1200
1200
1201
1201
1202
1202
1202
1202
1207
1209
1210
1210
1211
1211
1212
1213
1214
1215
1215
1216
1216
1217
1218
1226
1228
1244
1245
1246
1246
1246
1248
1250
1251
1251
1257
1260
1261
1269
1274
1276
1282
1285
1285
1291
1295
1297
1299
1305
1318
1318
1325
1330
1338
1339
1342
1344
1346
1359
1363
1363
1363
1363
1365
1367
1371
1375
1383
1385
1389
1394
1395
1400
1405
1407
1407
1409
1409
1414
1414
1415
1417
1418
1418
1419
1421
1422
1423
1423
1423
1424
1424
1424
1426
1426
1426
1428
1428
1428
1428
1429
1429
1429
1429
1430
1430
1430
1430
1430
1430
1431
1431
1431
1431
1431
1432
1432
1432
1432
1433
1433
1433
1433
1434
1434
1435
1435
1435
1436
1436
1437
1437
1438
1438
1439
1440
1440
1440
1440
1441
1442
1442
1442
1442
1442
1443
1443
1443
1444
1444
1444
1444
1445
1445
1445
1446
1446
1447
1447
1448
1449
1450
1451
1451
1451
1452
1452
1453
1454
1455
1456
1456
1457
1457
1457
1458
1458
1458
1458
1458
1458
1459
1459
1459
1459
1459
1459
1459
1459
1459
1459
1459
1460
1460
1460
1460
1460
1460
1461
1461
1462
1464
1466
1466
1467
1467
1467
1467
1467
1468
1468
1468
1469
1469
1469
1469
1469
1470
1470
1470
1470
1471
1471
1471
1471
1472
1472
1472
1472
1473
1473
1473
1473
1475
1476
1476
1476
1477
1477
1477
1478
1478
1478
1478
1478
1478
1478
1478
1478
1478
1478
1480
1480
1480
1480
1481
1484
1484
1484
1484
1484
1485
1485
1486
1487
1490
1490
1492
1493
1494
1495
1496
1497
1497
1497
1499
1500
1501
1502
1502
1502
1502
1502
1504
1504
1505
1505
1505
1506
1507
1508
1508
1511
1511
1512
1513
1514
1518
1519
1520
1521
1521
1523
1525
1525
1525
1525
1526
1528
1529
1529
1529
1529
1529
1530
1530
1530
1530
1531
1531
1531
1532
1534
1535
1535
1537
1537
1537
1539
1539
1540
1541
1541
1543
1544
1544
1544
1545
1546
1546
1548
1549
1550
1552
1552
1552
1553
1554
1555
1556
1568
1572
1577
1586
1587
1588
1590
1591
1602
1603
1604
1604
1605
1606
1609
1610
1611
1612
1612
1613
1613
1613
1613
1614
1615
1618
1619
1621
1621
1624
1624
1625
1625
1625
1629
1636
1637
1638
1639
1639
1640
1640
1641
1642
1642
1642
1642
1644
1645
1646
1650
1651
1651
1651
1651
1652
1653
1653
1654
1656
1656
1656
1656
1657
1657
1660
1661
1663
1665
1665
1665
1666
1666
1667
1667
1670
1672
1673
1673
1675
1675
1675
1677
1678
1679
1682
1683
1683
1683
1685
1688
1688
1689
1691
1691
1693
1698
1702
1704
1716
1717
1718
1719
1720
1723
1724
1726
1726
1743
1744
1744
1745
1748
1751
1752
1753
1754
1757
1758
1781
1782
1787
1800
1801
1801
1807
1808
1816
1820
1822
1828
1829
1830
1838
1846
1847
1848
1851
1852
1853
1865
1865
1865
1869
1869
1869
1870
1879
1881
1882
1901
1902
1902
1906
1906
1910
1916
1916
1917
1920
1929
1945
1946
1946
1957
1968
1998
2000
2006
2011
2015
2021
2023
2024
2025
2026
2026
2035
2035
2038
2043
2044
2044
2045
2045
2046
2046
2053
2054
2057
2058
2064
2067
2071
2075
2076
2077
2079
2079
2085
2087
2107
2116
2142
2147
2147
2147
2147
2148
2148
2148
2148
2149
2150
2154
2154
2154
2158
2159
2159
2171
2178
2180
2189
2189
2190
2190
2190
2190
2192
2194
2198
2208
2215
2216
2230
2262
2273
2275
2282
2286
2302
2310
2311
2312
2315
2316
2321
2321
2323
2323
2342
2343
2360
2386
2414
2423
2425
2444
2459
2489
2506
2509
2509
2522
2548
2549
2552
2552
2552
2552
2616
2620
2697
2710
2710
2711
2716
2720
2732
2733
2734
2739
2743
2748
2749
2749
2752
2803
2828
2829
2837
2873
2890
2891
2897
2897
2897
2900
2900
2900
2900
2900
2906
2906
2910
2910
2910
2915
2921
2924
2927
2935
2935
2935
2937
2939
2942
2943
2943
2943
2944
2944
2944
2944
2944
2944
2944
2945
2945
2948
2949
2951
2952
2956
2965
2971
2972
2974
2976
2978
2980
2981
2982
2985
2985
2985
2985
2986
2989
2990
2994
3004
3004
3004
3013
3016
3020
3025
3027
3027
3027
3028
3030
3031
3032
3039
3042
3044
3044
3046
3046
3046
3046
3046
3046
3046
3047
3047
3055
3058
3061
3067
3072
3072
3073
3095
3104
3104
3104
3109
3111
