0
0
2
2
2
3
3
4
4
5
5
5
6
6
6
7
8
8
8
8
8
9
10
10
10
11
11
11
11
11
11
12
13
13
13
14
14
14
15
15
15
15
16
16
16
16
16
16
16
17
17
18
18
18
19
19
19
20
20
20
21
22
22
22
22
22
22
23
23
23
24
24
24
24
25
25
25
25
26
26
26
26
26
26
26
26
27
27
27
27
27
27
27
27
27
27
27
27
27
27
27
27
27
27
28
28
28
28
28
28
28
28
28
28
28
28
29
29
29
29
29
30
30
30
30
30
30
30
31
31
31
31
31
31
31
32
32
32
33
33
33
33
33
33
33
34
34
34
34
34
34
34
34
35
35
35
35
35
35
35
35
35
36
36
36
36
36
36
36
36
36
37
37
37
37
37
37
38
38
38
38
39
39
39
40
40
40
40
41
42
42
42
42
42
42
42
43
43
43
43
43
43
44
44
44
45
45
46
46
46
46
46
47
47
47
47
47
48
48
48
48
49
49
49
50
50
50
50
50
51
51
51
52
52
53
53
54
54
54
54
56
56
56
56
57
57
57
57
57
58
58
58
58
58
59
59
59
59
59
60
60
60
61
61
61
61
61
61
62
62
62
63
64
64
64
65
65
65
65
66
66
66
66
66
66
66
67
67
67
67
67
68
68
68
68
68
68
68
68
68
68
68
69
69
69
69
69
69
69
69
69
69
69
69
69
69
70
70
70
70
70
70
70
70
71
71
72
72
73
74
74
74
74
74
75
75
75
75
75
75
76
76
76
76
77
78
79
79
79
80
80
80
80
81
81
82
82
82
82
82
83
84
84
84
84
84
85
86
86
86
86
87
87
87
87
87
87
87
88
88
88
88
89
89
89
89
89
89
90
90
90
90
90
90
90
90
90
91
91
91
91
91
91
91
91
91
91
91
92
92
92
93
93
93
93
94
95
95
95
96
96
96
96
96
97
97
97
97
97
97
97
97
97
97
98
98
98
98
98
98
98
98
98
98
99
99
99
99
99
99
99
99
99
99
99
100
100
100
101
101
102
102
102
103
103
103
103
103
104
104
105
105
105
105
105
106
106
106
106
107
107
107
107
107
107
107
108
108
108
108
108
108
109
109
109
109
110
110
110
110
110
110
110
110
110
110
111
111
112
112
112
112
112
112
113
113
114
115
115
115
115
115
115
115
116
116
116
116
116
116
116
117
117
117
117
117
118
118
118
118
118
118
120
120
121
121
122
122
122
122
123
123
123
123
123
124
124
125
125
126
127
127
127
127
127
127
127
127
128
128
128
128
129
129
129
129
129
130
130
130
131
131
132
132
132
132
132
133
133
133
133
133
133
133
134
135
135
135
135
136
136
137
137
138
138
138
138
139
139
139
140
140
140
141
141
142
142
142
143
143
143
143
143
144
144
144
145
145
145
146
146
147
147
147
148
149
149
151
151
151
151
152
153
153
153
153
153
154
154
154
154
155
155
155
155
155
155
156
156
156
156
156
156
157
157
157
157
157
157
158
158
158
158
158
159
159
159
160
160
161
161
161
161
162
162
162
162
162
163
163
163
163
164
164
164
164
164
164
164
164
164
165
165
165
165
165
166
166
166
166
167
167
168
168
169
169
169
169
169
169
170
170
170
170
171
171
171
172
172
172
172
173
173
174
174
174
174
174
175
175
175
175
175
175
175
175
175
175
175
175
176
176
176
176
176
176
176
177
177
177
177
178
178
179
180
180
180
180
180
181
181
182
182
183
183
183
183
184
185
185
185
185
185
185
185
185
185
185
185
186
186
186
186
186
186
186
186
186
186
186
187
187
187
187
187
187
188
188
188
188
189
189
189
190
191
191
191
192
192
192
193
193
193
194
194
194
195
195
196
196
196
196
196
196
197
197
198
199
200
200
200
200
200
200
201
201
201
201
201
201
202
204
204
204
204
204
204
204
204
204
205
205
205
205
207
207
207
208
209
209
209
209
210
210
211
213
214
214
214
215
215
215
215
215
215
216
216
216
216
216
216
216
217
217
217
217
217
217
217
217
218
218
219
219
219
220
220
220
220
221
223
223
224
224
224
225
225
225
226
226
226
227
227
229
229
229
229
229
229
230
232
232
233
233
233
233
233
233
233
234
234
234
234
235
235
236
236
236
236
236
237
237
238
238
238
238
239
239
239
239
240
240
241
241
242
243
243
243
244
244
245
246
246
247
247
247
247
247
247
248
248
249
249
250
250
251
251
252
252
253
255
255
255
255
256
257
257
260
262
263
265
266
266
266
267
270
272
272
273
274
274
276
277
280
283
283
283
285
285
288
288
288
292
293
295
298
301
302
302
303
306
307
308
308
309
311
311
312
313
313
315
316
319
321
321
323
323
325
325
325
326
326
326
327
327
327
327
327
327
327
328
328
328
328
328
328
329
329
329
329
329
329
330
330
330
332
332
332
332
335
336
336
336
337
337
337
338
338
339
340
340
341
342
343
343
343
344
344
347
347
347
348
348
349
350
350
351
354
355
355
356
357
357
358
358
358
358
359
360
361
362
362
362
362
363
363
364
364
364
365
365
366
366
366
368
368
368
369
369
369
369
369
369
369
369
370
371
372
372
372
372
372
373
373
374
374
374
374
374
374
375
375
375
375
375
375
375
375
376
376
376
376
376
376
377
377
377
377
377
377
378
378
378
378
379
379
379
380
380
380
381
381
381
381
382
382
382
382
382
382
382
382
382
382
382
383
383
383
384
384
384
384
384
384
384
384
384
384
384
384
384
384
384
385
385
385
385
385
385
385
385
385
385
385
385
385
386
386
386
386
386
386
387
387
387
387
388
388
388
389
389
391
391
392
392
393
393
394
394
396
398
398
400
400
403
403
404
405
405
405
405
405
405
405
405
405
405
405
406
406
406
406
406
407
407
407
407
408
409
409
410
411
411
412
412
413
414
414
414
415
415
415
415
415
415
415
415
416
416
416
417
417
418
418
419
420
420
420
420
420
420
423
423
425
425
427
428
428
428
428
428
428
428
429
429
429
430
430
431
431
431
433
435
439
439
439
439
440
440
441
441
441
441
441
441
442
442
442
443
443
445
445
445
448
448
449
450
451
451
455
457
457
458
458
458
459
460
460
460
462
464
465
465
466
466
469
469
473
473
473
477
477
477
478
478
479
479
479
480
482
490
493
494
494
494
495
495
495
495
495
495
496
497
506
508
509
510
511
511
512
513
519
521
523
530
536
547
553
559
559
559
560
561
562
562
563
568
570
570
572
576
578
578
579
581
582
584
586
587
588
589
594
595
595
597
597
598
598
598
598
599
602
602
604
607
610
616
616
617
618
618
619
619
620
620
621
621
623
625
628
629
631
631
632
632
634
635
636
637
639
640
641
647
650
651
653
658
659
666
669
670
671
671
672
677
680
683
683
685
689
690
690
694
694
695
695
695
696
702
702
709
710
714
737
739
740
741
741
745
748
772
779
781
788
789
792
792
793
796
806
806
808
809
811
811
811
812
813
816
823
838
840
843
845
865
875
878
881
881
882
884
892
893
899
903
903
903
912
913
913
914
915
925
926
927
927
927
928
937
946
962
967
978
992
1003
1011
1011
1017
1018
1018
1019
1019
1031
1034
1048
1068
1070
1070
1070
1072
1073
1077
1081
1084
1103
1109
1119
1123
1124
1126
1127
1134
1136
1139
1141
1144
1146
1146
1146
1175
1179
1183
1191
1199
1213
1215
1222
1227
1229
1245
1245
1247
1247
1264
1269
1270
1274
1275
1275
1275
1275
1280
1280
1281
1283
1286
1295
1334
1347
1366
1392
1404
1408
1416
1422
1422
1424
1424
1424
1425
1427
1428
1429
1429
1429
1432
1434
1435
1436
1436
1436
1436
1437
1437
1437
1437
1437
1437
1438
1438
1438
1438
1438
1439
1441
1441
1441
1444
1445
1446
1446
1447
1448
1448
1449
1449
1450
1450
1450
1451
1451
1451
1452
1453
1453
1453
1453
1454
1454
1454
1454
1454
1454
1454
1455
1455
1455
1456
1456
1458
1459
1459
1460
1460
1460
1461
1461
1461
1461
1461
1462
1462
1462
1462
1463
1463
1464
1464
1467
1468
1469
1470
1470
1470
1470
1470
1471
1472
1472
1472
1472
1474
1474
1474
1476
1478
1478
1478
1478
1479
1479
1480
1481
1483
1488
1492
1493
1493
1494
1494
1496
1498
1507
1508
1524
1525
1548
1549
1551
1551
1555
1555
1557
1561
1563
1566
1567
1567
1567
1567
1567
1568
1570
1572
1576
1576
1577
1580
1581
1581
1582
1583
1593
1603
1608
1611
1612
1615
1616
1621
1621
1627
1628
1636
1638
1641
1642
1643
1645
1648
1650
1650
1659
1659
1659
1660
1660
1660
1663
1663
1664
1666
1668
1669
1669
1670
1674
1676
1681
1683
1684
1688
1689
1691
1692
1693
1693
1695
1696
1696
1701
1702
1702
1704
1705
1706
1706
1706
1707
1709
1709
1711
1714
1714
1714
1715
1720
1720
1725
1730
1736
1742
1747
1747
1748
1754
1754
1754
1754
1755
1755
1755
1755
1755
1756
1756
1756
1756
1756
1756
1757
1761
1761
1762
1770
1771
1771
1774
1775
1775
1775
1776
1776
1777
1778
1780
1785
1794
1795
1795
1795
1797
1800
1801
1801
1809
1810
1812
1813
1814
1816
1817
1818
1821
1822
1822
1822
1823
1823
1824
1824
1827
1834
1834
1836
1846
1847
1866
1867
1868
1869
1871
1876
1877
1877
1883
1883
1886
1889
1890
1890
1890
1890
1891
1891
1891
1891
1892
1900
1913
1929
1938
1938
1947
1947
1947
1947
1947
1947
1948
1948
1948
1948
1948
1948
1948
1948
1948
1949
1949
1950
1951
1953
1955
1960
1960
1962
1964
1968
1969
1970
1970
1970
1976
1978
1980
1982
1984
1985
1986
1988
1989
1989
1990
1990
1993
1994
1999
2022
2023
2047
2048
2048
2049
2068
2073
2121
2146
2152
2152
2153
2185
2191
2191
2196
2197
2197
2197
2197
2197
2197
2197
2198
2198
2198
2198
2198
2308
2309
2339
2340
2374
2422
2439
2462
2462
2500
2500
2516
2517
2517
2530
2532
2533
2560
2561
2584
2585
2591
2594
2621
2629
2645
2663
2665
2668
2673
2681
2700
2716
2731
2824
2845
2875
2876
2929
2929
2949
2965
2969
2969
2971
2978
2979
2980
2981
2981
2981
2982
2990
2992
2992
3002
3098
3105
3112
3112
3118
3119
3119
3119
3120
3120
3120
3121
3121
3121
3121
3121
3121
3123
3123
3124
3130
3140
3142
3150
3152
3154
3154
3155
3155
3156
3163
3163
3166
3166
3167
3167
3168
3169
3171
3175
3178
3181
3185
3188
3188
3203
3203
3206
3206
3206
3207
3230
3231
3233
3233
3235
3236
3237
3253
3257
3278
3278
3279
3284
3288
3288
3291
3314
3323
3338
3339
3341
3343
3349
3350
3359
3359
3363
3363
3363
3365
3365
3365
3366
3368
3369
3369
3400
3407
3465
3497
3498
3557
3569
3570
3573
3584
3592
3594
3595
3597
3598
3598
3612
3695
3706
3727
3732
3736
3746
3754
3756
3780
3788
3798
3802
3804
3805
3819
3819
3824
3825
3826
3826
3830
3833
3845
3847
3848
3849
3852
3852
3852
3859
3860
3861
3864
3865
3876
3927
3932
3935
3937
3951
3951
3987
3987
3988
4010
4018
4025
4033
4057
4061
4070
4129
4147
4148
4150
4152
4153
4162
4178
4188
4191
4193
4196
4205
4207
4209
4209
4209
4210
4211
4211
4215
4216
4217
4217
4217
4218
4218
4218
4219
4220
4223
4227
4227
4233
4236
4243
4243
4243
4249
4250
4278
4281
4281
4288
4288
4289
4289
4291
4324
4324
4349
4350
4351
4352
4353
4353
4356
4360
4361
4362
4362
4364
4367
4368
4369
4370
4376
4376
4377
4386
4386
4386
4386
4386
4386
4388
4400
4402
4423
4440
4442
4461
4465
4477
4501
4505
4505
4505
4562
4564
4571
4572
4573
4581
4584
4586
4589
4591
4595
4614
4616
4618
4627
4628
4628
4628
4646
4651
4653
4656
