3
5
5
5
10
10
14
14
14
17
19
19
19
20
21
21
21
21
22
22
22
23
23
24
24
26
26
26
34
35
35
35
35
35
35
35
35
35
36
36
37
39
39
39
39
39
40
41
41
42
42
42
42
43
43
45
45
45
46
46
48
48
50
51
51
51
51
51
51
51
51
51
52
52
52
52
52
52
52
52
52
55
57
57
57
57
58
58
60
62
63
65
67
68
70
75
75
76
76
81
84
85
85
87
87
88
91
92
94
94
94
97
97
98
100
100
100
101
101
101
102
105
106
110
113
114
114
115
116
120
120
120
120
120
121
121
123
125
131
132
132
132
132
133
135
139
139
141
141
142
142
143
145
145
146
147
149
149
149
150
153
153
163
166
168
174
180
184
185
187
192
202
205
212
214
222
223
233
237
262
268
269
281
287
289
289
293
293
295
295
299
300
305
306
307
309
311
313
315
318
319
320
320
324
333
343
344
349
350
360
360
362
362
366
369
372
406
407
415
416
421
432
439
442
450
457
468
469
469
471
477
478
479
480
483
488
491
491
491
491
491
491
491
491
491
491
491
493
508
530
538
540
542
542
542
542
543
543
543
543
543
543
543
543
547
548
549
549
549
549
549
549
549
549
549
549
549
549
550
550
550
550
550
550
550
550
550
551
553
554
554
554
556
560
560
560
561
577
580
603
605
606
606
609
613
614
626
630
633
638
641
647
651
653
659
661
662
669
669
675
683
706
708
708
708
708
708
708
708
708
708
709
709
709
709
709
709
709
709
709
709
709
710
710
710
710
710
710
710
711
711
711
711
712
712
712
712
712
712
712
713
713
713
713
713
713
714
714
714
714
714
714
714
714
714
719
730
739
748
752
753
757
757
757
757
757
757
758
781
781
782
795
799
801
805
811
812
812
814
818
819
819
819
820
820
820
820
824
824
825
825
837
837
840
840
841
857
862
864
864
865
865
865
866
866
866
866
866
867
867
867
867
867
868
868
868
874
875
878
886
889
889
896
901
905
908
909
913
915
919
924
927
929
931
932
934
935
942
943
944
947
950
952
953
955
966
966
966
966
966
966
966
966
967
968
975
978
980
980
980
980
982
984
992
997
997
997
999
999
1002
1008
1014
1016
1016
1016
1025
1025
1038
1039
1045
1055
1057
1058
1061
1063
1063
1064
1069
1073
1075
1079
1082
1090
1092
1105
1106
1110
1137
1139
1148
1162
1169
1176
1183
1184
1194
1199
1204
1224
1224
1225
1225
1225
1226
1226
1257
1281
1322
1347
1347
1347
1348
1348
1382
1383
1399
1568
1569
1575
1589
1663
1663
1663
1663
1663
1664
1664
1664
1664
1664
1664
1664
1664
1664
1664
1664
1664
1664
1664
1664
1664
1664
1664
1664
1664
1664
1664
1664
1664
1664
1664
1665
1665
1665
1665
1665
