3
4
5
5
6
8
9
9
10
10
10
12
13
15
16
16
18
19
20
20
20
20
20
20
20
21
21
21
21
23
23
23
23
23
23
23
23
23
23
23
24
24
24
24
24
24
24
24
24
24
25
25
25
25
26
26
26
27
27
27
27
27
28
29
30
32
32
32
32
32
32
33
33
34
34
34
34
34
34
35
36
37
38
41
41
41
42
44
44
44
44
46
46
46
46
47
48
51
51
51
52
53
54
54
54
55
56
57
57
58
59
60
62
62
65
66
67
67
68
68
69
70
70
72
72
72
72
74
74
75
77
78
78
78
80
80
88
88
89
90
90
90
91
91
91
91
92
94
95
96
97
97
97
97
100
101
104
105
105
106
106
106
106
106
106
106
106
106
107
107
108
108
108
108
109
109
109
109
109
110
110
111
111
111
111
112
112
114
114
114
114
114
114
114
114
115
115
115
115
115
115
115
115
116
116
117
117
118
119
119
119
120
122
123
124
126
131
131
132
132
134
137
138
141
144
147
148
153
163
163
174
176
177
177
180
181
182
183
185
188
193
194
195
197
199
202
203
206
209
211
220
223
226
256
260
269
284
306
307
333
342
343
355
372
374
377
385
388
399
410
414
414
416
419
426
439
447
448
448
448
448
449
449
449
449
450
451
452
458
464
468
469
469
469
469
470
470
470
483
499
503
504
508
508
508
508
508
509
509
509
509
510
510
510
510
510
510
511
514
518
519
521
521
521
521
522
522
522
522
522
525
526
526
526
526
526
526
530
533
539
539
539
539
539
539
539
539
539
539
539
540
540
540
540
541
542
542
542
542
543
543
543
543
543
543
543
544
544
544
544
544
544
544
545
545
552
560
573
591
598
599
600
601
602
612
612
612
612
613
613
613
613
613
613
613
613
613
613
613
613
613
613
613
613
613
613
613
613
613
613
613
613
613
613
613
613
613
613
613
613
613
613
613
613
614
614
614
614
614
614
614
614
614
614
614
614
614
614
614
614
614
615
616
616
616
617
617
617
619
620
620
621
621
621
621
624
624
627
628
630
630
633
634
641
641
644
648
649
655
658
660
661
664
694
694
695
704
704
707
709
729
733
734
741
746
747
754
754
755
755
755
755
755
755
755
755
755
755
755
755
755
755
765
766
767
775
784
786
804
804
805
806
806
813
814
830
832
832
833
836
843
848
849
854
855
857
864
871
886
887
890
890
893
909
910
914
914
918
936
937
937
947
955
960
970
971
973
974
977
977
980
980
997
1003
1011
1013
1013
1013
1017
1028
1031
1031
1031
1031
1057
1058
1058
1058
1059
1061
1065
1074
1079
1100
1112
1121
1121
1123
1123
1129
1129
1138
1140
1152
1155
1155
1155
