4
5
5
5
7
9
12
14
16
18
18
18
18
18
18
19
19
19
19
19
20
20
20
21
21
23
23
25
25
26
26
26
27
27
28
30
30
31
32
32
32
32
32
33
33
33
33
33
33
34
36
37
38
40
40
42
43
43
44
44
45
45
45
45
45
46
46
48
49
49
50
51
51
51
52
52
52
52
52
52
52
53
53
54
55
57
60
64
64
64
65
66
68
69
71
72
73
73
74
75
75
76
77
77
78
79
79
80
80
82
83
85
85
86
86
87
87
87
88
88
88
90
91
91
91
91
91
92
92
93
93
93
93
93
93
93
93
94
94
94
94
95
99
100
101
101
101
101
102
103
103
104
104
106
108
108
108
109
109
109
109
109
109
109
109
109
110
114
114
114
115
115
119
120
124
125
133
139
140
141
142
143
147
158
158
158
158
158
158
158
158
158
158
158
162
171
173
176
180
180
180
180
180
180
180
188
189
195
202
204
219
240
241
243
268
279
305
324
325
329
333
333
339
339
341
345
348
351
352
354
355
358
361
375
376
379
391
392
396
396
396
396
397
397
397
397
397
404
406
407
408
409
409
410
412
412
418
419
429
431
431
431
431
437
437
438
438
438
438
441
453
467
470
470
472
472
472
472
472
472
472
472
472
472
472
472
472
472
472
475
475
475
475
475
475
475
475
476
476
477
479
480
480
481
481
481
481
481
481
482
482
482
482
482
482
482
483
483
484
484
484
484
484
484
484
484
484
485
485
485
485
485
485
485
485
485
485
485
485
485
485
485
485
485
485
485
485
485
485
485
485
486
486
486
486
486
486
486
486
487
487
487
487
487
488
488
488
488
488
488
488
488
488
488
488
490
490
494
495
496
498
502
502
502
502
502
502
502
502
502
502
502
503
503
503
503
503
503
503
503
503
503
503
503
510
512
518
519
521
526
538
547
548
553
561
566
568
569
585
585
585
585
585
585
589
595
599
602
612
615
619
619
623
631
637
639
650
651
655
655
662
665
665
665
665
665
668
669
669
669
671
676
678
683
684
685
695
697
701
704
712
721
721
721
721
721
721
722
723
723
726
732
733
743
747
756
773
776
788
792
794
795
797
800
802
803
803
803
807
807
808
808
809
816
816
816
816
816
816
816
816
818
821
821
821
821
821
821
822
822
822
822
822
822
822
824
828
830
830
834
834
835
838
838
838
840
840
841
842
843
843
844
846
848
851
852
852
856
871
871
871
871
883
883
883
883
886
887
892
893
900
900
900
906
906
916
916
916
916
919
919
921
921
923
923
930
935
936
937
938
940
952
952
956
957
957
960
962
962
963
966
968
969
972
974
