4
5
6
9
10
12
12
15
15
15
15
15
15
16
17
17
19
19
20
20
20
21
23
24
25
25
26
29
29
32
32
33
34
36
38
38
38
38
39
40
40
42
43
44
46
46
46
46
46
47
47
47
48
49
49
50
52
54
54
55
55
61
63
65
66
67
67
67
67
68
69
70
71
72
74
74
78
80
83
83
87
88
88
88
88
88
88
88
88
89
89
89
89
89
89
89
89
89
89
89
89
89
89
89
89
89
89
89
89
89
89
89
89
89
89
90
90
91
91
91
91
92
92
92
93
93
93
94
94
98
99
99
99
99
99
100
100
100
100
100
100
100
100
101
101
101
101
101
101
101
101
101
101
101
102
102
102
102
102
103
105
106
106
107
107
107
109
111
113
113
113
113
113
114
114
114
114
114
114
115
116
117
119
119
122
126
127
127
128
129
130
131
132
139
140
140
145
146
148
151
152
159
163
167
180
181
185
185
188
188
189
191
191
191
193
195
196
197
198
205
206
210
216
218
219
220
224
227
227
231
232
232
232
232
233
237
237
237
237
239
242
242
242
242
243
248
259
264
276
278
280
288
288
289
303
305
307
308
309
309
309
310
314
317
320
320
323
324
324
324
328
328
328
329
329
332
334
336
337
339
342
344
345
345
361
366
385
395
395
400
407
410
411
414
416
418
419
436
446
447
448
454
455
458
466
471
471
473
475
480
482
487
488
490
490
498
509
510
513
514
514
516
516
520
522
522
522
522
522
522
522
524
524
525
526
531
534
534
536
539
542
543
547
549
558
559
572
575
577
581
589
591
601
604
604
604
605
605
605
605
609
609
622
625
626
631
631
631
635
642
643
649
652
660
661
662
663
663
665
666
669
681
683
683
683
693
693
695
696
711
720
723
731
736
738
739
769
775
783
784
807
807
813
816
817
818
820
821
827
835
841
844
849
855
856
860
875
886
890
891
891
891
891
891
891
900
911
915
923
923
923
923
923
927
928
928
929
938
939
939
939
946
949
951
954
964
971
972
974
974
985
985
985
995
1003
1006
1011
1016
1025
1028
1029
1030
1032
1041
1055
1064
1068
1069
1081
1084
1086
1088
1100
1105
1109
1116
1118
1135
1141
1147
1150
1152
1183
1186
1193
1197
1213
1214
1220
1233
1234
1237
1275
1288
1298
1313
1317
1321
1345
1360
1380
1408
1410
1411
1424
1425
1425
1425
1425
1425
1425
1425
1427
1427
1427
1427
1428
1428
1428
1428
1428
1428
1428
1428
1428
1428
1428
1428
1428
1428
1429
1430
1430
1430
1430
1430
1431
1431
1431
1431
1431
1431
1431
1431
1432
1432
1432
1433
1433
1433
1433
1433
1433
1433
1433
1433
1434
1434
1434
1434
1434
1434
1436
1436
1436
1436
1436
1436
1436
1436
1436
1437
1437
1437
1437
1438
1438
1438
1438
1438
1438
1438
1438
1438
1438
1438
1438
1438
1438
1438
1438
1438
1438
1439
1439
1439
1439
1439
1439
1439
1439
1439
1439
1439
1439
1439
1439
1439
1439
1439
1439
