3
4
6
9
19
20
22
22
22
22
22
22
22
23
23
23
23
23
30
30
30
30
30
32
32
34
40
41
42
42
42
42
42
42
44
48
49
49
50
54
55
55
55
55
56
58
62
62
62
63
65
66
68
70
70
70
70
70
71
71
72
72
77
78
82
86
89
91
92
95
99
100
103
106
106
107
107
107
110
110
110
110
110
114
115
117
118
119
119
121
121
121
124
124
125
125
125
125
126
129
130
130
130
130
131
131
131
132
132
133
133
134
134
135
135
135
136
138
140
143
145
157
165
171
187
195
224
237
240
242
256
284
305
324
324
331
337
340
351
360
399
403
420
422
431
431
432
433
437
437
437
438
456
465
467
469
474
494
498
509
509
509
520
543
548
548
572
587
590
593
593
597
598
605
607
617
620
631
632
632
633
641
645
645
658
658
658
658
658
659
659
660
661
661
662
671
675
675
676
689
694
701
701
701
701
701
701
716
718
721
723
730
732
733
733
733
733
733
733
733
733
733
733
733
733
733
733
733
733
733
733
733
733
733
733
733
733
733
736
739
739
739
739
739
739
739
742
743
744
748
752
753
757
761
761
764
765
765
765
765
765
766
766
766
766
766
766
766
766
767
767
767
767
767
767
767
767
767
767
768
768
768
768
768
768
769
769
770
770
770
770
770
770
770
770
770
771
771
771
771
771
771
772
776
776
776
776
776
776
776
776
776
776
776
776
776
778
779
779
779
779
779
779
779
779
779
779
779
779
779
780
780
780
780
780
780
780
780
780
780
780
780
780
780
780
780
780
780
780
780
780
780
780
780
781
784
791
793
798
814
826
826
827
832
833
833
851
853
854
855
856
858
858
858
858
858
858
859
867
871
874
874
876
877
884
886
887
888
888
888
888
891
892
892
892
892
893
893
898
902
908
910
912
918
931
944
951
962
981
1005
1010
1012
1018
1019
1021
1025
1030
1035
1045
1048
1049
1060
1098
1114
1115
1131
1133
1143
1143
1143
1143
1153
1154
1155
1156
1168
1173
1175
1176
1176
1176
1203
1205
1206
1220
1254
1258
1264
1264
1272
1296
1296
1312
1313
1315
1318
1325
1340
1355
1359
1370
1385
1389
1410
1415
1417
1423
1433
1530
1531
1531
1535
1557
1571
1571
1572
1574
1578
1584
1604
1608
1609
1621
1626
1627
1667
1677
1690
1699
1702
1713
1723
1727
1759
1759
1759
1760
1794
1795
1796
1799
1799
1799
1851
1851
1856
1876
1902
1915
1921
1937
1961
1963
1964
2007
2009
2013
2014
2022
2022
2025
2029
2031
2033
2033
2036
2037
2049
2049
2050
2050
2050
2050
2050
2050
2050
2050
2050
2051
2078
2089
2102
2103
2106
2117
2118
2119
2120
2125
2129
2137
2138
2139
2143
2143
2157
2175
2182
2185
2191
2203
2216
2218
2224
2235
2248
2248
2290
2309
2315
2316
2326
2339
2391
2391
2391
2391
2391
2391
2391
2391
2391
2400
2474
2475
