3
5
5
7
8
9
9
16
18
18
18
19
19
19
19
19
19
20
21
22
23
24
25
26
26
26
29
31
32
32
32
34
35
36
36
36
37
37
37
37
37
38
39
39
39
40
41
43
44
44
46
47
47
48
48
49
50
56
57
58
58
58
59
62
62
65
66
67
67
69
70
75
76
77
78
80
81
82
84
87
87
87
89
91
95
97
97
97
97
97
98
99
100
102
102
103
105
105
105
105
105
105
106
106
107
107
108
108
109
111
111
111
111
111
111
112
112
112
112
113
113
114
115
115
115
116
116
116
116
116
116
116
116
116
117
118
121
121
121
121
122
122
122
122
123
127
129
134
134
137
139
148
151
151
157
182
183
184
194
202
205
206
209
212
215
216
223
224
228
237
249
249
266
268
269
270
272
272
273
278
279
288
290
291
296
300
304
304
308
309
314
316
317
317
318
320
323
327
328
328
328
328
329
329
329
329
329
331
331
331
331
331
331
331
331
331
331
331
331
331
331
331
332
333
336
336
338
338
338
339
339
339
342
343
343
343
345
346
349
355
359
374
374
381
383
383
383
383
383
383
383
383
383
384
384
384
384
384
384
384
385
389
390
392
393
394
399
400
409
412
414
414
415
415
415
415
415
415
415
415
415
422
423
428
434
434
436
436
442
445
446
448
449
450
455
472
474
474
475
483
508
518
519
520
524
525
528
533
549
551
556
556
556
556
556
556
557
557
557
565
565
573
583
597
598
602
620
620
620
620
620
620
620
620
628
630
630
643
646
653
662
679
686
701
704
718
732
746
750
750
752
752
767
769
772
772
772
772
772
773
773
773
774
775
775
775
775
793
795
804
806
846
852
858
859
860
865
868
880
885
889
903
905
906
926
927
928
950
960
982
1003
1011
1011
1011
1011
1011
1018
1019
1022
1028
1029
1054
1054
1054
1057
1059
1059
1059
1059
1060
1060
1060
1060
1060
1060
1060
1060
1060
1060
1060
1060
1060
1060
1060
1060
1061
1061
1061
1061
1061
1061
1061
1061
1061
1061
1061
1061
1061
1061
1061
1061
1061
1061
1061
1061
1061
1061
1061
1061
1061
1061
1061
1061
1061
1061
1062
1062
1065
1066
1066
1066
1066
1067
1067
1068
1068
1068
1068
1069
1070
1070
1071
1071
1078
1078
1084
1092
1093
1095
1101
1101
1102
1103
1104
1104
1125
1125
1125
1125
1125
1126
1126
1127
1127
1127
1129
1135
1138
1138
1139
1139
1139
1139
1139
1142
1160
1163
1163
1169
1174
1192
1193
1197
1198
1198
1198
1199
1209
1211
1211
1214
1215
1216
1235
1245
1248
1249
1249
1257
1261
1266
1268
1274
1302
1310
1315
1319
1321
1322
1322
1323
1323
1323
1323
1329
1330
1339
1340
1340
1344
1344
1348
1353
1359
1361
1362
1363
1368
1368
1369
1387
1390
1390
1391
1392
1427
1432
1437
1441
1441
1442
1442
1442
1442
1448
1457
1476
1480
1515
1560
1574
1592
1593
1601
1603
