4
4
7
7
9
10
11
11
11
11
12
13
14
14
15
16
16
17
18
19
20
20
21
22
22
23
26
26
27
27
27
27
28
28
28
30
30
30
31
32
32
32
32
33
33
33
34
35
35
36
36
37
37
38
38
39
41
41
44
45
46
49
51
52
52
54
54
54
55
59
59
59
59
59
59
59
59
59
59
59
59
59
59
59
60
63
63
63
64
64
66
66
66
66
66
66
66
66
66
66
66
66
66
66
66
66
66
66
66
66
66
66
66
66
66
66
66
66
66
66
66
66
66
66
66
66
66
66
66
66
67
67
67
67
67
67
67
67
67
67
67
67
67
67
67
67
67
67
67
67
67
67
67
67
67
67
67
73
73
76
78
81
83
83
83
84
84
84
84
86
88
89
89
90
98
103
105
105
105
106
106
108
109
109
109
109
109
109
109
110
112
112
113
113
114
114
114
114
114
114
115
115
119
121
121
121
121
122
125
126
126
127
136
136
137
137
137
137
139
141
141
141
142
142
142
149
149
151
151
154
158
165
170
172
172
174
187
189
195
196
200
200
203
205
206
207
223
249
282
282
282
283
283
283
283
283
283
292
319
334
341
377
402
404
409
413
413
414
418
420
422
422
423
425
425
425
425
426
428
431
432
432
432
433
433
433
433
433
433
440
447
449
451
466
466
474
478
484
490
495
496
499
501
501
501
504
505
511
513
523
539
570
582
597
631
633
639
639
639
683
696
699
737
744
760
789
797
800
804
808
808
814
827
830
839
842
866
872
888
895
918
933
938
942
959
963
977
994
998
1032
1043
1062
1062
1080
1089
1090
1096
1102
1136
1143
1146
1151
1180
1185
1192
1237
1268
1285
1306
1306
1306
1348
1352
1352
1352
1361
1361
1361
1361
1361
1361
1361
1361
1361
1362
1362
1362
1362
1364
1387
1388
1402
1402
1407
1408
1408
1417
1417
1419
1420
1422
1423
1425
1437
1438
1446
1449
1450
1452
1457
1457
1466
1471
1477
1482
1483
1488
1488
1488
1489
1490
1490
1490
1493
1493
1493
1493
1493
1493
1493
1493
1493
1493
1493
1494
1494
1494
1494
1496
1496
1496
1496
1496
1496
1496
1496
1496
1496
1496
1497
1497
1498
1500
1500
1500
1500
1500
1500
1500
1500
1500
1501
1501
1501
1501
1501
1501
1501
1501
1501
1501
1501
1501
1501
1502
1502
1502
1506
1514
1517
1518
1527
1528
1529
1533
1538
1539
1571
1588
1592
1613
1627
1628
1647
1653
1665
1696
1769
1786
1804
1825
1829
1833
1886
1946
1948
1948
1962
1963
1967
1972
1998
2010
2032
2037
2038
2048
2057
2066
2181
2228
2252
2257
2263
2276
2425
2444
2445
2485
2523
2524
2525
2526
2527
2532
2564
2564
2588
2664
2664
2664
2664
2665
2665
2694
2701
2723
2723
2723
2723
2723
2723
2724
2725
2731
2731
2731
2731
2731
2753
2783
2785
2792
2796
2796
2797
2803
2806
2806
2835
2884
2902
2914
2930
2987
2998
2999
3000
3024
3034
3038
3051
3075
3076
3087
