4
5
5
7
9
11
11
11
16
17
19
22
22
22
22
23
23
25
26
26
26
27
27
27
27
27
28
28
28
30
31
32
33
36
36
37
39
39
39
42
43
43
43
44
44
44
44
45
46
50
51
51
53
57
60
60
60
60
61
62
64
64
65
67
68
68
68
69
70
71
74
75
75
77
79
83
84
87
93
96
96
96
96
96
96
96
96
97
97
97
97
97
97
98
98
98
98
98
99
100
100
101
101
102
102
102
103
103
104
104
104
104
104
104
104
105
105
106
109
113
120
124
127
129
133
135
136
137
141
144
152
155
158
215
225
243
256
280
324
366
366
369
370
372
376
377
381
391
392
394
437
453
454
455
458
459
467
478
488
500
500
513
526
563
574
589
617
627
629
632
651
657
669
672
672
678
682
698
701
702
703
703
706
709
714
718
721
726
735
740
747
755
760
761
762
763
763
764
766
773
777
782
785
787
790
790
791
796
818
824
826
828
843
846
846
846
846
846
846
846
847
847
847
847
847
847
851
854
858
863
863
873
880
884
884
884
884
884
884
884
884
884
884
884
888
890
890
890
890
890
890
890
890
890
890
890
890
890
890
890
890
890
890
891
891
891
891
891
891
891
891
891
891
891
891
892
892
893
893
893
895
895
895
895
895
895
895
895
895
895
895
896
896
896
896
896
896
896
896
897
897
897
900
902
908
908
915
915
916
916
918
921
921
923
924
924
924
924
924
924
924
924
925
925
925
926
926
926
926
927
927
927
927
927
927
927
927
927
936
936
962
963
968
974
980
1007
1008
1009
1026
1041
1041
1041
1041
1041
1041
1041
1041
1041
1041
1041
1041
1041
1041
1041
1041
1041
1041
1041
1041
1047
1047
1048
1048
1048
1048
1048
1048
1048
1048
1048
1048
1048
1048
1048
1048
1048
1049
1049
1049
1049
1049
1049
1049
1049
1053
1053
1053
1057
1057
1058
1058
1058
1058
1058
1058
1058
1058
1059
1059
1059
1059
1060
1070
1076
1078
1080
1081
1100
1102
1109
1111
1113
1117
1123
1123
1123
1124
1124
1124
1124
1124
1124
1124
1124
1124
1124
1124
1124
1125
1130
1144
1144
1144
1144
1154
1155
1157
1163
1164
1166
1172
1174
1184
1184
1219
1237
1255
1256
1256
1259
1260
1274
1279
1279
1287
1288
1289
1291
1293
1297
1300
1313
1322
1327
1327
1328
1354
1364
1364
1364
1364
1365
1365
1365
1365
1367
1376
1376
1388
1393
1398
1401
1410
1411
1412
1414
1416
1416
1416
1416
1416
1417
1418
1505
1519
1524
1525
1577
1595
1652
1667
1668
1678
1694
1697
1709
1713
1728
1729
1729
1740
1741
1747
1750
1752
1760
1763
1764
1774
1784
1793
1798
1818
1826
1835
1841
1845
1875
1881
1883
1883
1883
1883
1883
1883
1885
1885
1885
1885
1885
1887
1894
1896
1896
1902
1912
1938
1943
1947
1949
1949
1954
1954
1990
1992
1996
2005
2007
2013
2014
2018
2019
2020
2025
2033
2036
2040
2042
2049
2049
2052
2058
2059
2060
2060
