4
4
4
6
6
11
11
12
13
13
14
16
17
18
18
18
18
18
18
18
19
19
19
19
19
19
20
21
21
21
23
26
26
26
26
27
27
28
28
29
29
30
33
33
33
34
34
34
37
37
37
37
38
38
38
38
38
41
41
42
42
47
48
49
50
51
52
53
54
54
55
55
56
57
58
59
61
63
64
66
66
67
69
71
72
74
75
76
78
79
81
85
85
87
88
88
88
88
90
91
92
93
95
95
95
95
95
95
95
95
95
95
95
98
99
99
100
100
101
102
102
102
104
106
107
108
111
111
115
116
116
117
117
117
117
117
117
117
118
118
119
120
124
128
130
134
134
134
134
135
142
143
143
146
149
149
149
154
155
161
172
172
172
173
173
174
177
182
214
221
235
242
244
247
248
249
259
259
275
279
281
286
287
289
297
300
300
303
304
304
306
308
309
323
335
341
344
346
350
357
357
379
379
379
379
379
379
390
395
408
411
412
416
418
426
435
453
453
453
453
453
454
454
454
454
454
454
454
454
454
454
454
454
454
454
454
454
454
454
454
454
454
454
454
454
454
455
455
456
456
456
456
457
478
478
485
528
538
539
545
561
562
568
568
569
570
583
586
586
587
587
588
602
602
602
603
604
612
617
627
627
636
636
636
636
639
639
646
646
646
646
647
648
658
665
666
666
677
681
681
681
682
682
682
682
682
690
691
691
692
700
704
706
707
707
707
707
707
707
707
707
707
707
707
707
710
711
713
713
713
713
713
713
714
714
714
714
714
723
727
727
727
728
728
728
728
728
728
728
729
729
729
729
729
729
729
729
729
729
729
729
729
729
729
729
729
729
729
729
729
729
729
729
733
733
733
733
733
733
733
733
734
734
734
734
734
734
734
734
734
734
734
734
734
734
734
734
734
735
735
735
737
737
737
737
739
741
742
742
742
742
743
743
743
743
743
743
746
746
746
746
746
746
746
747
749
757
758
758
761
763
766
772
772
783
783
783
783
785
785
785
785
785
785
785
785
785
785
785
785
785
786
786
786
786
786
786
787
787
788
790
793
793
796
802
805
806
806
807
807
807
807
807
807
807
807
807
807
807
807
808
808
808
809
809
809
809
810
810
811
811
812
813
817
822
825
825
825
826
828
828
831
832
833
834
840
841
843
843
844
844
845
847
848
854
858
859
871
874
875
875
876
878
879
881
881
882
882
883
888
896
897
899
900
900
901
903
905
909
913
914
919
919
925
934
934
939
945
948
951
951
951
951
951
951
952
952
958
958
961
965
968
969
969
970
970
983
984
987
991
1000
1000
1000
1001
1002
1004
1009
1011
1011
1013
1019
1024
1025
1026
1026
