4
5
9
12
12
12
13
14
16
18
18
18
19
19
19
19
22
22
23
23
23
23
23
23
23
25
26
27
27
28
28
30
30
31
32
32
33
33
33
34
35
36
37
37
37
37
37
41
41
41
41
41
43
54
55
56
56
56
61
63
67
69
73
76
83
84
86
87
88
88
89
91
96
98
101
103
110
111
112
115
116
116
117
118
124
124
124
127
128
129
130
130
130
131
132
132
134
145
147
147
148
149
152
153
153
153
153
153
154
159
164
167
169
172
176
176
176
176
176
178
181
181
181
181
181
181
181
181
196
197
197
198
199
202
214
216
219
225
259
260
268
272
273
279
280
282
283
284
284
286
290
291
297
301
301
302
310
310
310
311
318
335
356
364
364
368
372
372
372
372
372
372
372
372
372
373
373
373
377
377
377
377
377
377
377
377
377
377
377
377
377
377
377
377
378
378
378
378
378
378
378
378
378
378
378
378
378
378
378
378
379
379
379
379
379
379
380
382
382
382
383
387
388
393
396
400
401
402
415
422
429
432
432
435
435
436
438
451
454
460
462
482
484
484
484
484
485
485
486
488
493
497
497
497
497
498
498
498
502
502
502
503
509
510
513
516
517
520
520
521
531
546
550
565
567
569
570
573
579
579
587
588
599
603
608
613
616
622
628
630
630
632
637
641
661
672
673
681
683
684
691
692
698
707
708
709
710
710
711
720
721
725
730
736
740
740
745
746
748
756
760
761
761
761
761
761
761
761
761
761
761
761
761
762
762
762
762
768
768
769
774
779
786
787
792
803
806
810
811
811
811
811
811
811
811
812
821
823
827
829
829
830
832
838
847
847
847
848
848
848
848
848
848
850
852
854
861
867
867
868
868
868
868
872
874
874
874
874
874
874
874
879
888
892
892
892
893
893
902
907
911
912
913
915
915
916
917
919
925
940
967
976
988
1008
1010
1011
1021
1022
1027
1033
1039
1051
1052
1068
1072
1075
1078
1080
1109
1111
1119
1155
1163
1170
1178
1186
1193
1193
1194
1194
1194
1211
1213
1216
1216
1216
1216
1216
1216
1216
1216
1216
1216
1216
1217
1217
1217
1217
1217
1217
1217
1217
1217
1217
1217
1217
1217
1217
1217
1217
1217
1217
1217
1218
1218
1218
1221
1226
1235
1238
1244
1245
1247
1255
1260
1265
1267
1279
1286
1290
1294
1299
1302
1304
1304
1313
1313
1316
1319
1324
1326
1326
1328
1330
1340
1350
1356
1358
1360
1372
1405
1406
1406
1406
1406
1406
1406
1406
1406
1406
1407
1422
1424
1451
1547
1570
1596
1596
1596
1596
1596
1596
1596
1597
1597
1597
1597
1621
1770
1770
1770
1770
1823
1826
1886
1908
1960
2241
2242
2250
2261
2273
2275
2280
2286
2286
2286
2287
2287
2287
2287
2287
2380
2406
2451
2533
2561
2562
2562
2562
2562
2562
2562
2562
2562
2562
2562
2562
2563
2674
2711
2725
2727
2810
2815
2816
2816
