4
6
9
12
13
14
16
17
20
20
21
21
21
21
21
21
22
23
25
28
29
29
33
35
38
39
39
42
42
45
46
46
47
47
48
48
48
48
48
49
50
52
52
54
55
55
61
64
64
64
64
67
67
70
71
73
73
75
75
76
78
80
80
82
83
84
84
85
89
89
90
90
90
92
93
93
93
93
93
94
95
95
96
96
96
96
97
97
97
100
103
105
107
111
113
113
113
117
119
119
119
119
119
119
120
120
120
120
120
123
128
128
129
133
138
139
143
145
165
175
178
193
200
202
209
217
224
279
287
288
318
341
346
354
354
354
394
405
414
436
451
454
455
467
473
474
474
475
475
475
475
475
475
475
476
484
485
507
507
515
517
567
582
630
648
648
656
656
659
668
672
692
695
698
699
706
711
713
729
730
735
741
744
749
751
761
767
772
774
775
777
778
781
784
784
784
785
793
796
800
801
804
806
806
806
808
809
809
809
812
814
814
814
815
816
818
819
819
819
819
819
819
819
820
820
821
822
823
823
823
824
824
824
824
824
824
824
824
824
824
824
824
824
824
824
824
825
825
825
825
825
825
825
825
825
825
825
826
827
827
827
827
827
829
829
829
829
829
829
829
829
829
830
830
830
830
830
830
831
831
834
834
834
834
834
834
834
834
834
834
834
834
834
834
835
835
835
835
835
835
835
835
835
835
835
837
838
838
847
847
847
848
849
849
849
849
849
850
853
854
856
857
857
859
859
859
862
863
865
866
880
880
880
880
880
883
890
890
890
890
890
890
890
890
890
890
890
890
891
891
891
891
891
891
896
896
896
896
896
896
896
896
896
896
896
896
897
897
897
897
897
897
897
897
897
897
897
897
897
898
898
898
898
898
898
898
898
898
898
898
898
898
898
898
899
899
899
899
901
911
921
922
922
923
925
930
946
949
960
967
967
967
967
968
968
974
974
974
974
974
974
975
975
975
980
981
981
981
990
996
996
996
996
996
997
997
1015
1016
1024
1046
1047
1048
1048
1048
1048
1049
1052
1075
1078
1088
1088
1089
1090
1092
1092
1092
1092
1102
1103
1104
1106
1118
1124
1124
1124
1124
1127
1128
1128
1130
1131
1133
1135
1135
1135
1137
1143
1146
1148
1148
1149
1149
1154
1156
1156
1156
1156
1156
1156
1163
1163
1164
1166
1167
1169
1170
1173
1174
1175
1188
1188
1191
1194
1197
1201
1202
1203
1204
1204
1209
1212
1224
1236
1238
1242
1243
1245
1245
1248
1260
1264
1267
1273
1277
1281
1287
1287
1288
1288
1290
1293
1296
1298
1303
1306
1308
1308
1309
1311
1314
1315
1316
1316
1316
1316
1316
1317
1317
1317
1317
1319
1324
1324
1328
1329
1330
1330
1332
1334
1336
1336
1339
1351
1355
1356
1356
1361
1365
1374
1377
1378
1381
1382
1382
1385
1386
1387
1398
1399
1401
1401
1403
1403
1406
1407
1408
1408
