4
4
9
12
13
14
15
17
18
18
19
19
20
20
21
21
22
22
24
24
24
25
25
25
25
25
26
27
27
27
27
27
27
27
27
27
27
29
29
30
31
33
33
33
34
41
43
43
43
43
44
47
51
51
52
52
57
57
58
59
60
67
67
71
72
76
80
83
85
86
89
90
97
98
99
101
107
108
108
108
108
108
108
108
108
108
108
113
113
113
115
115
115
116
116
120
120
121
122
122
122
123
123
123
124
124
125
125
126
126
127
129
133
133
133
137
138
143
144
144
145
147
148
151
153
154
158
160
160
160
160
160
160
160
160
162
162
162
162
162
162
163
166
168
172
172
172
172
172
172
183
187
188
193
194
196
241
252
254
264
266
277
293
299
328
349
350
350
352
359
360
363
364
366
395
403
411
424
435
436
443
444
445
445
446
446
451
457
458
458
458
465
466
469
471
480
486
486
491
503
516
527
527
531
531
532
532
535
546
566
582
597
621
635
641
646
650
669
674
693
732
735
746
748
753
756
764
768
773
777
777
892
899
901
913
917
919
925
933
947
986
992
1010
1015
1029
1031
1066
1101
1108
1111
1167
1169
1187
1203
1234
1293
1297
1297
1297
1297
1355
1358
1366
1383
1404
1424
1424
1433
1436
1438
1439
1440
1440
1440
1440
1441
1441
1441
1471
1500
1504
1512
1543
1543
1543
1547
1551
1554
1568
1570
1573
1641
1641
1641
1641
1978
1997
2010
2059
2059
2067
2138
2156
2177
2178
2204
2233
2242
2255
2294
2298
2527
2741
2792
2833
2857
2860
2879
2889
2890
2890
2917
2918
3040
3057
3064
3074
3074
3075
3075
3075
3076
3093
3093
3093
3093
3093
3093
3093
3093
3093
3093
3101
3114
3115
3119
3120
3134
3135
3138
3143
3148
3152
3153
3157
3160
3165
3172
3177
3185
3188
3206
3208
3210
3250
3253
3303
3308
3322
3349
3351
3351
3374
3376
3378
3378
3378
3407
3410
3502
3505
3507
3507
3507
3569
3593
3615
3617
3618
3630
3642
3643
3647
3679
3685
3697
3715
3738
3751
3779
3793
3820
3825
3850
3943
3952
4060
4060
4060
4060
4060
4060
4061
4061
4061
4061
4061
4061
4061
4061
4061
4062
4062
4062
4062
4062
4062
4062
4062
4062
4062
4062
4062
4062
4062
4062
4062
4062
4063
4063
4063
4063
4063
4063
4063
4063
4063
4063
4063
4117
4118
4118
4118
4118
4118
4118
4118
4118
4118
4119
4119
4126
4126
4126
4140
4163
4163
4170
4173
4190
4191
4191
4191
4191
4191
4193
4193
4193
4194
4194
4196
4196
4196
4196
4196
4196
4196
4197
4197
4197
4197
4197
4210
4210
4210
4210
4210
4210
4210
4210
4210
4210
4210
4210
4210
4210
4211
4218
4218
4218
4218
4218
4218
4218
4218
4218
4218
4219
4219
4219
4219
4219
4219
4219
4219
4219
4219
4219
4219
4219
4219
4219
4219
4219
4219
4219
4219
4219
4219
4219
4219
4219
4219
4219
4219
4219
4219
4219
4219
4219
4219
4219
4219
4219
4220
4220
4220
4220
4220
4220
4220
4220
4220
4643
4643
4655
4657
4729
4764
4796
4796
4825
4891
4892
4904
4917
4930
4969
4990
5012
5028
5061
5065
5080
5118
