4
4
9
10
11
13
14
14
19
19
19
19
19
19
19
20
20
20
20
20
20
21
24
25
25
25
26
29
30
31
31
33
33
34
35
36
39
39
40
40
41
42
43
44
44
45
45
45
51
52
52
55
55
56
57
58
59
59
59
59
59
59
59
59
59
59
59
59
59
59
59
59
59
60
63
64
64
65
65
65
66
66
66
69
72
72
73
74
74
75
75
75
75
82
83
87
89
91
99
103
107
109
109
109
109
110
110
110
112
114
114
114
115
115
115
115
116
116
116
116
116
116
116
116
117
118
122
129
132
132
133
133
133
133
149
152
152
155
155
161
166
172
174
175
178
185
185
185
185
215
225
245
352
364
400
594
639
657
657
681
686
734
789
818
842
976
987
1009
1104
1165
1422
1434
1435
1446
1447
1449
1452
1475
1486
1486
1496
1501
1537
1539
1539
1539
1599
1600
1600
1623
1627
1680
1687
1744
1846
1846
1846
1847
1847
1848
1848
1849
1849
1849
1849
1849
1851
1854
1872
1973
1974
1998
2360
2432
2462
2487
2695
2795
2829
2833
2840
2845
2849
2860
2876
2880
2881
2885
2900
2924
2936
2940
3001
3006
3006
3055
3056
3057
3059
3061
3089
3092
3104
3107
3122
3135
3143
3148
3153
3206
3266
3302
3303
3312
3366
3366
3369
3371
3913
3918
3922
3939
3940
4019
4042
4072
4076
4079
4083
4097
4372
4378
4381
4382
4394
4421
4547
4552
4553
4554
4559
4559
4559
4559
4559
4559
4559
4559
4559
4560
4562
4563
4563
4564
4572
4572
4572
4572
4572
4572
4572
4572
4572
4572
4572
4572
4572
4572
4573
4573
4573
4573
4573
4573
4573
4573
4573
4573
4573
4573
4573
4573
4573
4573
4573
4573
4573
4574
4575
4575
4575
4575
4575
4576
4576
4578
4578
4578
4578
4581
4582
4582
4582
4582
4582
4582
4582
4583
4583
4583
4583
4583
4583
4583
4583
4589
4589
4589
4589
4590
4590
4590
4590
4590
4590
4590
4590
4590
4590
4590
4590
4590
4590
4590
4591
4591
4591
4591
4591
4591
4591
4591
4591
4591
4592
4601
4601
4601
4601
4601
4601
4601
4601
4601
4601
4601
4601
4601
4601
4601
4601
4602
4602
4602
4602
4602
4602
4602
4602
4602
4602
4604
4622
4622
4622
4622
4622
4622
4622
4622
4622
4622
4622
4622
4632
4632
4632
4632
4632
4632
4632
4632
4632
4632
4632
4633
4634
4757
4763
4914
4922
4923
4924
4925
4938
4938
4940
4940
4940
4940
4940
4940
4946
4952
4983
5044
5046
5076
5155
5220
5220
5256
5257
5267
5279
5285
5340
5342
5343
5394
5565
5588
5588
5588
5588
5593
5593
5593
5593
5593
5593
5598
5682
5682
5761
6218
6240
6246
6253
6254
6262
6392
6399
6512
6750
6753
6753
6753
6771
6866
6883
6912
6912
6921
6921
7034
7153
7226
7226
7229
7236
7238
7241
7254
7265
7271
7271
7282
7286
7293
7596
7843
7852
7897
7898
7909
7931
7976
7981
8003
8015
8022
8128
8148
8153
8166
8167
8173
8240
8257
8267
8369
8436
8452
8489
8617
8638
8643
8646
8660
8663
8678
8791
8800
9149
9164
9169
9173
9465
9490
9490
9501
9503
9524
9524
9555
9581
9585
9622
9660
9666
9667
9685
9802
9809
9893
9893
9926
9978
10018
10032
10083
10088
10104
10156
