4
5
5
8
8
14
15
19
19
22
22
22
23
23
24
26
27
28
30
30
31
32
32
32
32
32
32
32
33
35
36
36
36
38
39
39
41
42
42
43
46
46
47
47
47
47
47
48
48
48
49
49
51
53
53
55
57
58
60
61
62
64
67
69
69
71
74
74
76
76
76
77
77
83
85
91
93
93
93
95
96
99
101
101
101
102
104
105
105
105
105
106
106
106
107
108
108
108
108
109
109
109
109
109
111
111
111
111
111
111
112
112
116
116
117
121
121
121
123
126
127
128
129
130
132
133
133
133
133
133
133
133
142
148
166
170
174
181
206
223
236
262
266
275
284
284
295
308
314
317
320
325
326
333
334
335
335
335
349
374
384
387
396
398
398
398
398
398
398
398
398
398
399
399
399
399
399
399
404
405
405
405
405
411
420
438
465
473
476
481
485
487
489
491
493
493
495
503
507
509
509
509
509
509
509
509
509
509
509
509
509
509
509
509
509
511
519
528
528
528
528
528
529
529
534
534
535
535
536
536
536
536
536
536
536
536
536
536
536
536
536
536
536
537
537
537
539
539
540
540
540
540
540
540
540
540
540
540
540
540
541
541
541
541
541
541
541
541
541
541
541
541
541
541
541
541
541
541
541
541
541
541
541
541
541
541
541
541
541
541
542
542
542
542
542
560
564
565
569
571
571
571
605
617
618
619
628
629
637
639
642
649
651
651
655
659
664
675
677
677
686
687
689
690
691
691
694
702
703
704
711
730
730
734
736
744
745
749
752
757
762
765
771
774
777
783
785
785
795
796
797
799
800
801
802
803
806
806
806
807
813
813
813
814
817
817
817
817
817
817
817
821
830
830
834
835
836
839
842
846
856
857
858
859
861
867
869
869
870
870
870
877
880
885
891
895
909
909
909
909
909
909
910
912
913
913
913
914
915
915
915
915
915
915
915
915
915
915
915
915
915
915
915
915
915
915
915
915
915
916
916
916
916
916
916
916
916
916
916
916
916
916
916
916
916
916
916
916
916
920
920
927
927
928
928
928
928
928
929
936
954
958
965
969
971
973
974
978
979
979
979
979
979
993
994
994
995
995
996
1001
1001
1008
1008
1010
1011
1011
1013
1013
1014
1016
1016
1016
1016
1016
1016
1027
1030
1032
1033
1033
1033
1033
1033
1034
1034
1035
1036
1036
1040
1040
1041
1041
1041
1042
1043
1044
1044
1049
1068
1076
1080
1086
1090
1099
1100
1114
1122
1129
1130
1130
1136
1136
1137
1141
1141
1142
1148
1150
1151
1151
1156
1157
1172
1178
1184
1188
1189
1192
1202
1206
1206
1206
1219
1242
1248
1248
1248
1248
1249
1252
1253
1255
1256
1256
1258
1285
1289
1291
1303
1303
1304
1305
1306
1309
1309
1313
1332
1338
1346
1349
1357
1363
1373
1377
1381
