4
4
6
12
15
16
17
17
18
18
20
22
23
27
28
28
29
30
31
31
31
32
32
33
33
33
33
33
33
33
33
33
33
33
33
33
35
37
39
39
40
40
41
41
42
42
42
42
42
42
43
43
43
44
45
48
48
48
48
49
51
53
53
54
55
56
57
57
63
63
63
64
64
68
69
70
70
71
71
71
72
72
73
73
73
75
76
76
78
79
80
81
83
88
88
89
90
90
90
90
92
93
93
93
93
93
93
94
94
97
97
97
97
98
98
98
98
98
98
98
98
99
99
99
99
101
101
102
102
104
105
105
106
107
111
112
114
114
116
117
118
118
124
126
126
126
126
126
127
127
130
130
131
133
138
139
153
154
158
166
166
170
171
182
183
206
206
215
224
227
229
233
236
239
244
246
247
259
269
271
294
300
307
308
333
336
357
368
374
380
381
384
394
394
394
394
394
394
394
394
394
394
394
394
394
394
394
394
394
394
394
394
394
395
395
395
395
395
395
395
399
400
400
400
401
403
404
404
404
404
404
404
404
405
405
405
405
405
405
406
406
420
420
420
420
420
421
421
421
421
421
421
421
421
421
421
421
421
421
421
421
421
421
421
421
421
421
421
421
424
424
425
425
425
425
425
425
425
425
425
426
426
426
427
427
427
428
429
429
429
429
429
429
429
430
430
430
430
430
430
430
430
430
430
430
430
430
430
431
439
449
458
458
464
469
476
478
481
483
483
488
495
497
505
515
525
528
532
532
532
532
532
537
537
537
537
537
537
537
537
544
549
557
557
557
557
557
557
557
557
557
557
557
557
557
557
557
557
557
557
558
558
559
560
561
563
563
563
563
563
563
564
564
564
564
564
564
564
564
564
564
564
565
565
565
565
565
565
565
565
577
578
578
581
586
591
600
607
622
638
639
640
642
644
647
663
663
663
663
663
663
664
666
682
700
701
702
705
713
716
726
733
734
737
747
750
755
756
768
768
773
783
791
791
794
797
803
809
811
812
819
821
822
823
834
835
835
837
838
842
843
846
847
848
849
859
859
859
860
860
863
863
863
863
863
864
865
865
866
866
866
866
868
868
870
871
874
889
891
896
913
920
927
927
930
930
930
930
930
930
930
930
932
932
932
940
947
973
975
981
984
984
984
989
997
999
1001
1006
1012
1050
1052
1053
1053
1056
1073
1078
1083
1087
1088
1099
1107
1129
1136
1138
1142
1143
1153
1164
1180
1184
1194
1200
1220
1224
1227
1243
1264
1271
1271
1272
1275
1285
1286
1287
1289
1289
1292
1302
1304
1307
1311
1327
1327
1328
1348
1360
1364
1364
1368
1373
1374
1385
1385
1386
1387
1393
1394
1398
1401
1483
1510
1587
1590
1593
1594
1606
1656
1662
1669
1675
1677
1679
1688
1693
1713
