5
5
8
10
12
13
14
16
16
17
17
17
19
20
21
22
23
23
24
24
25
26
26
26
26
27
27
27
27
27
27
28
28
31
31
32
32
32
34
35
35
36
36
37
40
40
41
42
43
43
43
45
45
45
50
62
62
63
64
64
64
66
69
70
70
73
75
77
77
77
80
83
87
87
88
88
88
88
88
88
88
89
95
98
100
101
108
108
108
108
108
110
117
123
131
131
134
141
142
142
142
142
142
143
150
154
159
166
190
193
196
196
196
200
201
202
202
202
203
204
205
205
205
206
208
209
209
209
209
213
215
216
216
225
226
229
235
242
244
246
249
249
249
249
249
249
269
269
272
277
278
280
282
292
301
302
304
305
306
308
312
314
360
373
383
385
406
408
414
415
416
422
473
565
605
606
611
611
611
622
622
622
622
622
632
632
633
633
635
645
655
656
656
656
677
682
692
692
697
712
825
834
839
862
881
1001
1028
1052
1060
1128
1198
1230
1242
1310
1346
1419
1427
1434
1436
1455
1462
1462
1470
1475
1491
1492
1495
1501
1504
1510
1513
1518
1522
1524
1529
1529
1529
1529
1529
1529
1529
1529
1529
1529
1529
1529
1538
1538
1541
1542
1544
1555
1555
1555
1555
1572
1591
1591
1592
1610
1613
1620
1621
1630
1640
1643
1645
1650
1662
1714
1767
1808
1922
1997
2016
2020
2094
2191
2198
2243
2352
2358
2468
2478
2494
2661
2663
2754
2824
2871
2991
3003
3013
3015
3016
3021
3057
3061
3077
3088
3099
3114
3115
3121
3135
3135
3135
3142
3143
3146
3152
3155
3157
3163
3164
3172
3185
3185
3185
3185
3185
3185
3186
3186
3186
3186
3186
3186
3186
3186
3186
3186
3186
3186
3190
3191
3191
3191
3191
3191
3192
3192
3192
3202
3203
3212
3214
3237
3237
3240
3241
3243
3246
3257
3259
3260
3284
3284
3303
3319
3323
3323
3345
3372
3442
3451
3460
3460
3468
3470
3481
3484
3497
3503
3515
3539
3539
3539
3540
3540
3540
3540
3540
3540
3540
3540
3540
3540
3540
3540
3540
3540
3540
3540
3540
3540
3540
3540
3540
3540
3540
3540
3540
3541
3543
3545
3545
3545
3545
3545
3545
3545
3546
3546
3546
3546
3546
3546
3563
3570
3572
3582
3587
3621
3625
3662
3667
3676
3710
3719
3722
3740
3751
3849
3849
3849
3849
3866
3884
3908
3921
3921
3921
3921
3921
3921
3921
3921
3921
3921
3921
3932
3935
3935
3935
3935
3935
3936
3936
3936
3936
3936
3936
3936
3936
3936
3936
3936
3936
3936
3936
3936
3936
3936
3937
3937
3941
3941
3941
3941
3942
3950
3950
3950
3950
3951
3951
3951
3951
3951
3959
3959
3959
3959
3959
3959
3959
3959
3959
3959
3959
3959
3959
3959
3960
3966
3966
3966
3966
3966
3966
3966
3966
3966
3966
3966
3967
3967
3967
3967
3967
3967
3967
3967
3967
3967
3967
3967
4039
4052
4147
4183
4296
4296
4396
4676
4676
4683
4716
4797
4822
4830
5004
5142
5182
5249
5256
5260
5271
5354
5356
5357
5359
5449
5454
5456
5463
5474
5496
5503
5517
5653
5710
5714
5730
5864
6201
6272
6301
6304
6359
6392
6426
6464
6473
6474
6474
6474
6474
6474
6474
6474
6474
6482
6490
