0
3
8
8
9
10
13
15
18
19
20
22
22
22
25
26
26
28
28
28
29
30
30
30
30
30
30
32
32
32
32
32
32
32
32
32
33
33
33
33
33
35
38
38
39
41
47
51
52
52
54
55
56
61
62
63
64
68
70
72
72
80
83
87
89
95
99
99
100
100
102
105
105
106
106
106
107
108
108
108
108
112
113
113
113
113
113
113
113
113
114
114
114
114
115
117
121
126
128
130
130
130
130
130
130
130
131
131
132
139
140
144
148
154
154
161
165
166
167
169
169
169
170
170
170
170
176
185
189
191
198
218
221
223
224
225
229
251
301
305
308
309
310
311
311
317
331
337
338
339
344
344
344
344
344
344
344
345
345
345
345
345
345
348
348
348
348
348
352
353
353
353
353
353
354
354
354
354
357
371
372
373
379
380
383
383
383
385
386
387
398
399
407
411
417
419
423
423
423
424
427
427
431
439
442
446
449
452
461
474
476
485
518
543
558
592
593
607
618
618
620
624
624
632
633
647
648
661
666
689
696
714
715
741
741
741
741
741
741
741
741
741
741
741
741
741
741
741
741
741
741
741
741
741
741
742
742
742
742
744
747
747
747
747
747
748
748
748
748
748
748
748
748
748
748
748
748
748
749
749
749
749
749
749
749
749
749
749
749
749
749
749
750
750
750
750
750
750
750
750
750
750
750
750
750
750
750
751
751
751
751
751
751
751
751
751
751
751
751
751
751
751
751
752
753
753
753
753
753
753
753
753
753
753
753
753
753
754
754
754
754
754
756
756
756
757
757
757
757
757
757
757
757
757
757
757
757
757
758
758
758
758
758
758
758
758
758
758
758
758
758
758
758
758
758
758
758
758
758
758
758
758
758
770
807
819
821
823
833
852
899
899
899
899
899
900
956
996
1022
1043
1048
1053
1079
1216
1294
1334
1383
1444
1457
1496
1506
1519
1521
1532
1536
1538
1539
1542
1542
1542
1542
1542
1542
1548
1554
1568
1568
1568
1574
1574
1584
1586
1586
1587
1587
1587
1587
1603
1604
1615
1637
1641
1647
1649
1655
1663
1668
1670
1672
1673
1688
1689
1691
1708
1710
1710
1712
1723
1728
1733
1734
1737
1740
1742
1747
1747
1758
1762
1768
1768
1783
1784
1789
1864
1889
1896
1907
1915
1917
1931
1947
1977
1977
1978
1979
2006
2018
2019
2035
2051
2078
2078
2078
2078
2078
2078
2079
2106
2146
2155
2157
2171
2174
2174
2174
2186
2229
2295
2339
2352
2356
2372
2372
2372
2405
2418
2436
2453
2475
2475
2475
2475
2475
2476
2509
2667
2678
2691
2734
3011
3013
3043
3043
3047
3121
3124
3139
3141
3143
3212
3215
3222
3229
3256
3256
3256
3256
3360
3364
3393
3583
3597
3677
3684
3696
3729
3768
3803
3833
4086
4176
4328
4362
4363
4376
4389
4390
4391
4481
4498
4541
4562
4586
4588
4592
4627
4641
4669
4727
4776
4816
5043
5062
5091
5110
