4
6
9
18
20
20
20
22
29
29
29
29
30
30
30
30
30
30
34
42
44
44
45
47
48
49
50
51
53
53
53
54
55
55
55
55
55
55
56
61
61
61
61
63
65
67
69
72
73
74
76
76
80
80
81
81
81
81
81
81
81
81
81
81
82
82
83
83
83
83
83
87
89
92
94
101
101
103
104
129
136
139
145
148
156
157
157
157
157
159
169
172
176
179
179
183
187
190
205
206
213
240
247
259
259
259
260
261
263
265
266
289
289
302
307
346
375
378
378
387
389
391
414
416
417
436
439
444
452
459
460
468
470
479
483
497
512
527
554
588
596
598
599
602
604
607
612
620
636
639
643
653
661
667
668
669
678
679
682
686
702
703
716
738
748
756
761
764
764
770
770
770
770
770
770
770
770
770
770
771
771
771
775
776
776
776
776
776
776
776
776
776
776
776
776
776
776
776
776
776
776
776
776
776
776
776
776
776
776
777
777
777
777
777
777
777
777
777
777
777
777
777
777
777
777
777
777
777
777
778
778
778
778
778
778
778
778
778
778
778
778
778
778
778
778
778
778
778
779
779
780
790
793
795
795
816
816
817
826
831
833
837
844
846
865
883
885
885
886
895
916
917
923
926
946
950
951
956
961
978
978
986
997
1007
1020
1024
1029
1045
1073
1079
1082
1085
1089
1089
1107
1144
1153
1181
1181
1200
1201
1202
1203
1204
1206
1211
1212
1218
1240
1240
1241
1246
1250
1252
1252
1252
1252
1252
1253
1253
1255
1255
1260
1260
1270
1282
1282
1288
1290
1307
1316
1356
1356
1356
1361
1365
1370
1378
1393
1393
1393
1393
1393
1394
1394
1409
1428
1428
1428
1429
1434
1437
1438
1460
1460
1460
1460
1460
1460
1460
1460
1460
1461
1461
1527
1530
1550
1550
1552
1556
1582
1615
1632
1633
1640
1646
1648
1649
1657
1711
1737
1739
1739
1742
1742
1742
1742
1744
1744
1744
1745
1755
1775
1775
1775
1775
1775
1775
1775
1775
1775
1776
1783
1795
1795
1795
1795
1795
1795
1807
1809
1809
1809
1809
1819
1820
1821
1832
1848
1858
1858
1858
1876
1876
1876
1876
1910
1926
1928
1929
1932
1936
1950
1951
1951
1951
1962
1975
1980
1981
1982
1982
1988
1999
1999
1999
1999
1999
1999
1999
1999
1999
1999
1999
1999
1999
1999
1999
1999
1999
1999
1999
2000
2000
2001
2002
2005
2005
2006
2006
2006
2006
2006
2006
2006
2006
2006
2006
2006
2006
2006
2006
2006
2006
2007
2007
2007
2007
2007
2007
2007
2007
2007
2007
2007
2007
2007
2007
2008
2008
2008
2016
2022
2048
2053
2135
2143
2146
2160
2179
2181
2182
2183
2193
2193
2193
2200
2201
2202
2203
2204
2204
2204
2204
2225
2244
2246
2251
2260
2293
2306
2327
2334
2343
2349
2373
2378
2408
2411
2412
2416
2424
2424
2424
2433
2438
2446
2497
2522
2565
2570
2605
2628
2699
2704
2723
2727
2787
2800
2800
2827
2829
2868
2869
2910
2955
2955
2961
2961
2961
2961
2961
2961
2961
2961
2961
2962
3021
3105
3139
3161
3200
3218
3247
3247
