4
5
8
12
15
18
20
20
20
21
22
22
22
22
23
23
23
23
23
26
27
29
29
29
29
30
30
30
30
30
30
30
30
32
33
34
34
42
43
44
46
47
48
48
49
49
53
53
53
58
58
60
61
62
63
64
65
65
65
65
65
66
66
67
67
67
67
67
68
73
76
76
76
77
77
77
78
78
80
81
83
83
83
84
84
84
84
84
84
84
84
84
84
84
84
84
84
84
84
84
84
84
88
88
90
90
90
90
90
90
90
90
90
90
90
91
91
91
91
91
91
91
91
91
91
91
91
91
91
91
91
91
91
91
91
91
91
91
91
91
91
91
91
91
93
93
93
93
93
93
93
94
94
94
94
94
94
94
94
94
94
94
94
94
94
94
94
95
95
95
95
95
95
95
95
95
95
95
95
95
95
95
95
95
95
95
95
95
95
95
95
95
95
95
95
95
95
95
95
95
96
96
96
96
96
96
96
96
96
96
96
96
96
96
96
96
96
96
96
96
96
96
96
97
101
101
102
103
103
103
103
103
103
104
104
104
104
104
104
104
104
104
106
106
106
107
107
108
108
108
109
111
111
111
112
112
112
112
113
113
113
114
117
120
121
121
122
122
122
123
123
123
123
124
127
128
128
131
137
138
140
147
147
149
167
167
179
207
215
218
220
235
243
258
259
261
278
284
290
290
291
297
312
316
318
318
337
357
362
366
370
389
399
403
403
403
403
403
404
404
404
404
404
404
404
404
404
404
405
405
405
408
413
414
415
421
424
430
432
434
435
437
439
447
447
456
461
473
485
501
501
501
501
501
501
501
501
501
501
501
501
516
516
537
544
544
544
544
548
551
553
554
562
562
567
572
579
582
587
590
605
609
611
613
628
632
637
638
639
667
710
711
715
732
733
747
757
758
758
759
771
776
779
780
791
793
802
802
806
811
811
817
819
821
821
838
839
845
846
846
846
847
851
857
867
876
878
879
901
909
911
919
928
929
929
930
934
939
940
941
942
944
951
953
960
964
970
970
971
973
973
973
975
976
976
977
977
980
980
982
988
988
989
991
997
1000
1002
1011
1014
1014
1014
1014
1016
1020
1020
1020
1020
1020
1020
1023
1023
1023
1028
1033
1037
1037
1037
1037
1039
1042
1042
1044
1044
1044
1053
1073
1079
1087
1091
1094
1096
1096
1097
1112
1124
1127
1133
1133
1140
1147
1148
1150
1153
1160
1161
1162
1165
1169
1173
1178
1183
1183
1183
1183
1183
1183
1183
1183
1183
1187
1189
1190
1193
1193
1193
1202
1214
1214
1225
1234
1235
1236
1241
1248
1249
1251
1258
1259
1263
1267
1268
1270
1272
1273
1275
1280
1281
1281
1282
1288
1290
1293
1295
1295
1304
1305
1306
1306
1306
1307
1307
1310
1314
1322
1324
1327
1327
1340
1342
1348
1351
1352
1367
1381
1381
