5
5
8
11
12
13
14
15
16
17
17
18
18
18
18
18
18
19
20
21
21
21
21
21
22
22
22
22
23
23
23
23
24
25
25
25
25
25
25
26
26
26
26
26
26
29
30
31
33
33
34
34
35
37
37
37
37
37
38
38
40
47
49
49
49
53
54
56
58
58
59
59
60
62
63
63
64
66
69
74
74
74
75
75
75
82
84
84
84
86
89
90
90
91
97
99
106
106
109
109
109
110
110
110
110
111
112
114
114
114
114
114
115
115
116
116
121
121
121
121
122
122
122
130
130
130
130
131
131
131
132
134
138
138
138
138
138
139
139
139
140
140
140
141
141
141
142
143
143
145
147
150
150
150
151
151
151
152
154
154
156
159
163
167
167
169
170
171
177
179
180
181
181
184
185
190
195
197
197
203
208
209
215
216
224
240
259
261
262
274
274
274
275
300
308
308
308
311
311
311
311
317
322
322
322
340
348
351
357
359
360
368
369
371
371
372
372
372
372
372
373
374
374
375
377
378
383
384
387
387
388
389
391
393
395
402
405
407
413
414
417
424
427
443
455
461
464
496
496
496
508
512
527
557
563
569
659
665
706
718
720
750
764
764
776
793
847
848
855
855
860
860
860
860
860
860
861
861
864
867
885
886
886
886
886
886
886
887
887
895
900
906
909
918
924
947
961
962
963
965
972
980
992
1054
1120
1163
1168
1181
1190
1194
1249
1280
1281
1281
1281
1281
1282
1282
1282
1282
1297
1298
1312
1314
1314
1314
1314
1314
1314
1314
1314
1314
1315
1315
1315
1315
1315
1315
1315
1315
1315
1316
1317
1317
1317
1317
1319
1320
1320
1321
1321
1321
1321
1321
1321
1321
1321
1322
1322
1322
1322
1322
1322
1322
1322
1322
1322
1322
1322
1322
1322
1323
1323
1323
1323
1323
1323
1323
1323
1323
1323
1323
1323
1323
1326
1327
1327
1327
1327
1327
1327
1327
1327
1327
1327
1327
1327
1327
1328
1328
1328
1328
1328
1328
1328
1328
1328
1328
1328
1328
1328
1329
1329
1329
1329
1329
1329
1329
1329
1330
1330
1330
1330
1330
1330
1330
1330
1330
1330
1331
1331
1331
1331
1331
1331
1331
1331
1331
1331
1331
1332
1332
1332
1332
1332
1332
1332
1332
1332
1332
1332
1332
1332
1332
1332
1332
1332
1332
1332
1332
1333
1333
1333
1333
1333
1333
1333
1333
1333
1333
1333
1333
1347
1364
1369
1372
1373
1380
1380
1385
1391
1400
1400
1405
1425
1425
1430
1434
1436
1443
1443
1449
1450
1464
1493
1498
1502
1503
1503
1503
1503
1503
1504
1536
1551
1551
1551
1551
1551
1551
1551
1551
1567
1570
1581
1603
1603
1610
1621
1626
1628
1635
1663
1664
1683
1683
1683
1699
1740
1741
1744
1761
1764
1772
1772
1815
1824
1826
1826
1830
1838
1872
1887
1887
1887
1887
1902
1905
1957
1969
1969
1974
1974
1984
1990
1992
2000
2008
2014
2054
2063
2070
2071
2073
2074
2075
2080
2121
2127
2135
2143
2147
2149
2150
2156
2172
2173
2185
2199
2209
2263
2273
2343
2364
2374
