4
4
10
12
16
16
18
19
19
19
19
20
20
20
23
24
24
26
26
28
28
28
31
31
32
32
32
32
35
37
37
37
38
39
39
39
39
40
40
40
41
43
43
44
45
46
46
46
46
47
48
48
49
50
52
57
57
59
59
60
61
61
63
64
66
67
67
68
71
72
72
74
76
80
84
88
92
95
96
96
97
97
97
97
97
97
97
97
98
98
98
98
99
99
99
99
100
101
102
103
103
103
103
104
104
104
111
112
113
118
118
118
119
119
119
119
120
120
120
120
120
121
121
121
121
121
121
121
121
121
121
121
121
121
121
121
121
121
121
121
121
122
122
122
122
122
122
122
122
122
122
122
122
122
122
122
122
122
122
122
122
122
122
122
122
123
123
124
126
126
126
126
126
127
127
127
127
127
127
128
128
130
130
130
130
130
131
131
131
131
131
131
131
131
131
131
131
132
132
132
133
133
134
137
137
137
137
137
137
137
137
137
137
137
137
137
137
138
138
140
148
149
151
155
156
157
161
163
165
170
176
176
180
187
192
196
198
200
200
200
206
218
221
227
236
237
239
246
246
246
250
250
251
251
251
251
251
251
251
251
260
260
260
261
261
261
261
261
261
261
261
261
261
261
261
261
261
261
263
274
274
275
275
275
275
275
275
276
276
276
276
276
276
276
276
278
281
284
287
290
291
292
298
303
306
317
317
325
330
341
354
378
381
399
419
419
433
440
440
443
446
446
446
446
446
446
446
446
446
446
450
462
464
480
488
490
510
511
518
522
522
522
522
522
522
523
523
523
523
523
523
523
523
523
523
530
532
537
555
566
566
580
586
588
593
597
598
601
621
648
650
658
668
678
719
733
736
754
754
828
846
871
872
876
876
876
876
876
876
877
880
893
905
905
910
911
914
917
918
927
930
1001
1058
1058
1058
1058
1058
1058
1058
1058
1058
1058
1063
1063
1095
1096
1096
1116
1117
1128
1137
1139
1146
1155
1159
1168
1168
1221
1247
1247
1247
1247
1254
1260
1313
1317
1320
1344
1373
1396
1417
1431
1435
1445
1453
1454
1456
1461
1467
1467
1468
1468
1508
1511
1513
1547
1548
1581
1598
1598
1599
1599
1605
1633
1653
1653
1654
1658
1658
1660
1671
1790
1790
1790
1790
1790
1792
1828
1832
1902
1960
1982
2006
2017
2026
2039
2063
2076
2088
2107
2112
2117
2139
2139
2145
2155
2156
2158
2187
2203
2278
2295
2315
2348
2427
2461
2468
2468
2468
2469
2508
2568
2622
2636
2697
2794
2807
2844
2849
2861
2865
2879
2882
2919
2934
2952
2952
2965
2978
3022
3027
3078
3081
3081
3086
3086
3086
3086
3086
3087
3087
3087
3087
3135
3204
3236
3239
3272
3277
3277
3277
3284
3284
3297
3297
3300
3321
3387
3401
3402
3523
3602
3616
3648
3654
3698
3736
3738
3782
3783
3877
3879
3925
3973
4275
4610
4662
4669
4669
4800
4820
4855
4866
5157
5178
