4
4
6
9
11
11
12
15
15
16
17
17
18
19
19
20
20
20
21
21
21
21
22
22
23
23
23
27
27
27
28
28
28
28
30
30
31
31
31
31
31
31
32
32
32
32
33
33
33
33
33
33
34
34
34
34
35
35
35
35
35
35
35
36
36
37
38
38
39
41
41
41
41
42
43
43
43
43
44
44
45
45
45
46
46
46
48
48
48
49
51
52
53
53
55
58
58
59
59
61
65
65
66
66
67
67
68
68
68
68
69
69
69
70
70
70
70
70
70
70
71
71
71
71
71
71
71
71
71
71
71
73
73
76
77
77
77
77
81
81
81
82
83
83
84
85
89
89
91
93
95
96
96
97
97
97
98
98
99
100
100
100
100
100
100
101
101
101
101
102
103
103
103
103
105
105
106
109
109
109
110
110
111
112
113
113
117
118
120
122
125
126
126
129
133
135
135
135
139
141
142
145
146
146
146
149
150
152
152
152
152
152
153
153
153
153
153
153
154
154
154
154
156
156
156
157
157
157
157
157
158
158
158
158
159
160
160
160
160
160
163
163
164
164
165
165
166
167
172
176
183
184
185
192
198
198
202
205
209
211
212
218
221
240
245
248
250
257
258
261
268
270
270
272
274
274
274
278
279
284
301
302
306
317
319
324
325
328
328
334
353
353
354
354
355
362
376
379
379
383
384
386
393
399
401
405
406
411
412
420
425
426
426
431
435
445
454
461
461
467
469
472
473
477
484
485
497
498
501
503
505
507
507
515
515
520
520
521
525
529
534
540
540
541
542
542
542
542
542
542
542
542
542
542
542
542
542
542
542
542
542
542
542
542
542
542
542
542
542
542
542
542
542
542
542
543
543
543
543
543
544
544
544
544
544
545
545
546
547
547
547
547
547
547
547
547
547
550
550
550
550
550
550
550
550
550
550
550
550
550
555
567
569
576
580
581
585
589
590
594
595
598
603
608
609
623
629
629
629
629
629
632
636
640
645
650
652
657
661
673
676
687
705
708
719
721
730
733
748
749
762
773
784
786
787
788
798
799
800
815
816
822
824
829
839
842
850
857
858
872
872
873
873
885
895
895
896
901
939
946
950
960
960
986
992
1012
1020
1021
1023
1024
1028
1035
1042
1050
1056
1056
1056
1056
1056
1056
1056
1056
1056
1057
1057
1057
1057
1057
1068
1069
1071
1072
1074
1096
1098
1099
1116
1118
1138
1151
1158
1163
1178
1178
1178
1180
1181
1188
1226
1244
1266
1266
1266
1269
1271
1278
1280
1285
1289
1300
1300
1301
1301
1301
1301
1305
1318
1321
1324
1334
1351
1360
1361
1412
1413
1419
1419
1437
1451
1451
1451
1451
1451
1452
1457
1457
1457
1460
1460
1460
1460
1460
1460
1460
1461
1461
1461
1463
1463
1463
1463
1463
1463
1463
1464
1464
1464
1464
1466
