4
4
10
15
17
17
17
18
18
19
19
19
30
30
30
30
33
34
34
38
42
43
43
48
48
51
51
53
56
56
59
66
66
67
74
79
84
90
90
97
99
100
104
104
104
105
112
113
115
117
118
118
118
118
118
118
118
119
119
120
122
122
123
123
123
123
124
124
124
131
131
131
133
133
133
133
133
133
134
135
158
159
177
185
210
212
216
219
260
276
277
321
403
459
519
574
577
577
577
717
719
747
779
789
841
865
869
875
889
922
932
934
945
995
1021
1029
1037
1060
1060
1061
1063
1068
1103
1106
1112
1126
1152
1153
1162
1168
1184
1195
1205
1207
1209
1228
1228
1234
1235
1238
1249
1255
1264
1272
1296
1424
1426
1428
1462
1463
1463
1464
1475
1475
1475
1476
1476
1479
1481
1481
1481
1481
1483
1483
1483
1483
1487
1511
1511
1516
1521
1522
1533
1536
1537
1537
1538
1539
1540
1549
1551
1556
1556
1559
1573
1576
1576
1595
1604
1608
1611
1628
1630
1646
1647
1649
1653
1655
1667
1680
1687
1688
1690
1691
1693
1710
1717
1725
1726
1737
1775
1775
1798
1805
1806
1847
1848
1848
1859
1862
1882
1892
1896
1900
1917
1926
1943
1974
1976
1976
1976
1978
1983
1983
1983
2057
2060
2074
2076
2095
2100
2109
2111
2138
2141
2141
2146
2147
2151
2170
2171
2174
2187
2191
2194
2204
2213
2230
2238
2239
2243
2252
2255
2255
2256
2259
2263
2263
2263
2263
2266
2267
2270
2271
2297
2297
2298
2298
2298
2298
2298
2298
2298
2298
2298
2298
2298
2299
2299
2329
2374
2392
2407
2408
2411
2414
2419
2421
2421
2421
2422
2422
2422
2422
2422
2422
2422
2425
2433
2436
2437
2437
2437
2437
2437
2437
2437
2437
2437
2437
2437
2437
2437
2437
2437
2437
2437
2437
2437
2437
2437
2437
2437
2437
2437
2437
2437
2437
2438
2438
2438
2438
2438
2438
2438
2438
2438
2438
2438
2438
2439
2443
2444
2444
2444
2444
2444
2444
2444
2444
2444
2444
2444
2444
2444
2444
2445
2445
2445
2445
2445
2449
2450
2450
2450
2451
2455
2456
2466
2467
2468
2468
2468
2468
2468
2468
2468
2468
2468
2468
2468
2468
2468
2468
2468
2468
2468
2468
2468
2469
2469
2469
2469
2471
2471
2471
2471
2479
2479
2480
2495
2498
2562
2570
2575
2599
2600
2640
2652
2657
2661
2662
2663
2674
2674
2674
2675
2675
2675
2675
2675
2675
2675
2675
2678
2678
2679
2679
2679
2679
2679
2679
2680
2680
2680
2680
2680
2680
2680
2681
2681
2686
2686
2686
2686
2686
2686
2686
2686
2686
2686
2686
2686
2686
2686
2687
2687
2687
2687
2687
2687
2687
2687
2687
2687
2687
2687
2688
2688
2688
2688
2688
2689
2694
2703
2704
2715
2722
2722
2731
2739
2769
2772
2775
2782
2785
2808
2814
2819
2819
2826
2836
2840
2940
2959
2960
2961
2962
3028
3080
3090
3091
3091
3091
3091
3091
3126
3152
3153
3155
3156
3158
3160
3161
3165
3165
3173
3173
3173
3174
3174
3174
3174
3176
3188
3193
3206
3208
3213
3214
3263
3271
3277
3288
3288
3289
3303
3310
3319
3341
3359
3368
3379
3384
3390
3391
3394
3396
3400
3404
3414
3519
3543
3546
3551
3551
3561
3572
3578
3589
3652
3682
3722
3724
3737
3763
3786
3792
3793
3794
3912
3923
3926
3931
3931
3931
3931
3931
3932
