4
6
20
20
20
22
23
23
23
23
23
23
23
24
24
26
26
26
27
30
32
33
33
36
37
37
38
46
46
47
52
56
63
66
66
67
68
75
77
80
83
83
96
98
102
105
105
105
105
105
112
112
112
112
112
113
113
114
114
114
115
117
117
117
119
119
120
120
120
122
124
125
128
130
130
132
143
151
151
151
158
158
158
159
177
185
194
225
230
235
241
256
256
411
421
428
449
468
470
476
495
503
534
534
534
602
621
635
647
655
664
665
673
685
692
698
706
707
722
751
752
755
760
760
797
809
824
824
835
849
863
865
886
911
911
927
927
928
928
928
929
930
931
931
931
932
932
954
956
956
958
958
959
962
963
965
968
973
974
998
1001
1005
1026
1026
1028
1041
1042
1071
1075
1077
1085
1090
1105
1123
1128
1130
1145
1146
1146
1146
1146
1146
1146
1146
1148
1148
1148
1148
1148
1148
1148
1148
1148
1148
1148
1148
1152
1153
1153
1153
1153
1153
1153
1153
1153
1153
1153
1153
1154
1154
1154
1154
1154
1154
1154
1154
1154
1154
1154
1154
1154
1154
1154
1154
1155
1155
1155
1155
1155
1155
1155
1155
1155
1155
1155
1155
1155
1155
1156
1156
1156
1156
1156
1156
1162
1167
1167
1170
1174
1176
1178
1191
1213
1213
1213
1240
1243
1243
1246
1246
1247
1247
1247
1247
1247
1248
1248
1248
1248
1248
1248
1248
1248
1248
1248
1248
1248
1248
1248
1248
1248
1248
1248
1248
1248
1248
1248
1248
1248
1248
1249
1249
1249
1249
1249
1249
1249
1249
1249
1249
1249
1249
1249
1249
1249
1249
1249
1249
1249
1249
1249
1249
1249
1249
1250
1250
1250
1250
1250
1250
1250
1250
1250
1250
1250
1250
1250
1250
1250
1250
1250
1250
1250
1251
1251
1252
1260
1275
1275
1276
1292
1296
1309
1310
1312
1365
1365
1365
1365
1366
1376
1376
1376
1376
1381
1404
1404
1419
1425
1440
1446
1475
1511
1513
1515
1520
1527
1527
1528
1533
1544
1544
1548
1549
1555
1566
1568
1572
1573
1576
1580
1587
1591
1594
1598
1620
1684
1795
1872
1947
1993
2052
2057
2067
2072
2138
2163
2198
2201
2221
2227
2255
2278
2283
2290
2300
2300
2300
2300
2301
2301
2301
2301
2301
2301
2301
2302
2302
2334
2359
2362
2381
2459
2459
2459
2467
2469
2473
2506
2512
2512
2513
2539
2571
2618
2619
2620
2702
2707
2707
2754
2759
2764
2769
2770
2771
2773
2773
2773
2774
2777
2777
2779
2779
2780
2782
2782
2783
2783
2804
2808
2808
2812
2817
2828
2835
2858
2863
3024
3025
3037
3086
3133
3134
3140
3152
3171
3177
3180
3181
3185
3188
3190
3193
3193
3194
3227
3230
3233
3233
3235
3237
3267
3284
3295
3295
3295
3295
3296
3296
3301
3310
3310
3314
3314
3316
3319
3331
3331
3342
3345
3356
3380
3418
3467
3482
3483
3485
3491
3497
3551
3569
3571
3582
3654
3662
3667
3694
3702
3703
3707
3713
3715
3762
3786
3808
3850
3927
3940
3969
3976
3990
3991
3994
4002
4046
4061
4064
4067
4068
4073
4073
4087
4092
4097
4097
4137
4146
4156
4163
4163
4164
4194
4197
4207
4210
4239
4242
4242
4242
4242
4242
4242
4242
4242
4264
4286
4413
4526
4555
4582
4699
4702
4706
4712
