4
5
6
9
15
16
17
17
19
19
21
22
23
23
23
28
29
30
31
31
34
40
41
41
41
42
42
44
46
47
50
50
50
50
50
50
53
53
56
56
61
67
85
89
94
98
105
107
108
110
112
112
118
119
122
123
123
131
142
145
146
147
149
157
157
171
174
180
181
181
181
181
181
182
185
185
185
186
186
187
187
188
188
192
192
192
192
192
198
198
198
199
200
200
211
232
233
233
233
234
235
235
235
235
251
251
252
252
252
252
252
253
255
264
303
442
444
445
450
481
513
529
535
567
757
757
757
758
777
791
792
805
860
868
1066
1427
1470
1488
1490
1491
1513
1516
1523
1524
1527
1529
1551
1551
1551
1551
1551
1551
1551
1551
1551
1570
1660
1660
1660
1660
1660
1665
1665
1665
1665
1665
1665
1665
1681
1751
1754
1754
1755
2092
2092
2096
2100
2102
2107
2112
2117
2121
2129
2138
2176
2178
2211
2228
2282
2289
2333
2338
2342
2384
2435
2456
2460
2462
2464
2468
2471
2471
2474
2475
2488
2496
2496
2496
2496
2496
2496
2496
2496
2496
2496
2496
2496
2497
2497
2497
2497
2497
2497
2497
2497
2497
2497
2497
2497
2497
2497
2497
2497
2497
2497
2499
2499
2499
2499
2499
2499
2500
2504
2504
2504
2504
2504
2504
2504
2520
2529
2567
2577
2583
2648
2662
2670
2712
2728
2744
2763
2783
2953
2961
2982
2982
3014
3024
3025
3032
3032
3042
3051
3053
3056
3072
3081
3143
3538
3790
3819
3827
3850
3851
3854
3857
3857
3857
3857
3863
3863
3863
3863
3867
3867
3969
3979
3984
3998
4004
4008
4015
4081
4195
4200
4208
4231
4244
4261
4275
4370
4372
4519
4520
4525
4544
4551
4551
4567
4608
4617
4631
4632
4713
4730
4751
4754
4765
4774
4809
4883
4883
4972
4976
4976
4976
4976
4976
4976
4976
4976
4976
4976
4976
4976
4976
4976
4977
4977
4977
4977
4977
4977
4977
4984
5006
5006
5006
5014
5030
5051
5063
5075
5110
5110
5110
5110
5110
5110
5111
5111
5111
5111
5111
5116
5116
5118
5118
5118
5118
5119
5119
5119
5119
5120
5120
5120
5120
5120
5120
5120
5120
5120
5120
5120
5120
5121
5121
5121
5121
5121
5121
5121
5121
5121
5121
5121
5122
5122
5123
5124
5124
5125
5125
5125
5125
5125
5125
5125
5126
5126
5126
5126
5126
5126
5126
5127
5132
5132
5132
5132
5132
5132
5132
5132
5132
5132
5132
5132
5132
5133
5133
5133
5133
5169
5173
5173
5173
5173
5173
5174
5174
5246
5249
5251
5254
5262
5279
5279
5279
5286
5429
5432
5461
5461
5505
5521
5525
5553
5553
5660
5677
5677
5772
5792
5815
5842
5843
6026
6035
6036
6060
6089
6094
6116
6155
6227
6468
6941
6941
6943
6948
6953
6984
6990
7051
7052
7064
7141
7147
7169
7176
7180
7197
7198
7460
7519
7519
7520
7540
7556
7561
7564
7565
7606
7632
7661
7667
7669
7687
7706
7708
7724
7732
7779
7780
7786
7808
7810
7811
7816
7816
7822
7823
7828
7840
7891
7904
7938
7940
7952
7961
7965
8003
8008
8014
8024
8076
8094
8102
8109
8110
8125
8140
8200
8208
8212
8217
8218
8219
8220
8249
8254
8279
8329
8338
8346
8351
8353
8435
8443
8448
8457
8469
8492
8493
8525
8563
8570
8619
8634
8641
8645
8650
8657
8658
