0
4
7
9
10
11
14
18
20
20
20
20
21
21
21
22
22
24
24
24
24
24
25
25
25
26
26
27
27
29
30
33
33
33
33
33
33
34
34
35
35
36
38
40
41
41
41
41
41
43
43
46
46
48
49
50
50
51
53
53
53
54
54
54
54
54
56
57
58
58
58
59
59
60
61
63
64
65
65
68
68
69
71
72
72
73
73
73
76
76
76
76
76
76
81
81
81
81
81
82
82
83
85
86
87
88
90
90
91
91
91
91
91
91
92
93
94
94
95
95
95
96
96
97
97
98
100
101
102
102
103
105
106
106
106
106
107
107
109
109
112
113
116
116
117
118
118
118
118
118
118
118
118
118
118
118
118
120
120
120
120
121
124
134
138
147
156
160
166
167
168
179
192
196
199
204
206
215
223
225
235
252
255
260
266
266
282
290
312
318
328
329
332
334
334
334
334
334
334
334
334
334
334
334
334
335
335
339
339
339
339
339
339
339
340
340
343
343
343
343
343
343
343
343
344
344
344
344
344
344
344
344
344
344
345
345
345
345
347
348
352
357
359
387
410
412
412
412
423
454
461
479
489
491
494
500
509
513
513
514
517
517
517
517
517
517
518
518
518
518
518
518
518
518
518
522
525
525
526
526
526
526
526
526
526
526
526
526
526
526
527
528
530
532
533
534
534
535
535
535
535
535
535
535
535
535
536
538
538
545
546
549
550
557
558
558
558
558
558
558
558
558
559
559
562
564
565
565
565
565
565
565
565
565
565
565
565
565
566
566
566
566
566
566
566
566
566
566
566
566
566
566
566
566
566
566
567
567
567
567
576
589
591
597
599
599
600
601
603
603
603
603
611
616
618
621
629
634
636
638
638
651
651
651
651
652
652
653
663
663
669
673
679
681
684
693
700
701
701
702
703
705
706
707
708
708
711
717
721
721
721
726
728
732
732
732
733
733
736
736
738
739
745
747
749
751
751
756
758
763
799
801
805
818
827
841
850
854
863
870
872
873
878
883
885
901
902
904
910
911
912
916
916
917
919
919
927
933
934
937
938
952
955
960
961
961
961
961
961
961
961
961
961
961
961
962
964
967
967
967
967
967
967
971
976
976
977
977
977
977
977
977
977
978
978
978
978
986
997
999
1000
1000
1000
1000
1001
1001
1001
1001
1001
1001
1001
1001
1007
1008
1009
1012
1012
1012
1012
1012
1012
1012
1012
1014
1030
1044
1045
1050
1052
1058
1062
1066
1066
1070
1070
1071
1073
1087
1089
1097
1100
1103
1107
1119
1121
1123
1129
1130
1132
1132
1133
1135
1143
1143
1144
1149
1152
1161
1180
1200
1205
1209
1212
1212
1212
1215
1218
1233
1238
1238
1239
1241
1245
1250
1252
1257
1260
1273
1275
1276
1276
1279
1283
1284
1286
