0
3
9
10
15
16
16
20
22
22
22
22
28
28
28
28
28
28
28
29
29
29
29
29
31
31
33
34
34
35
36
38
40
41
41
42
43
47
48
48
48
49
49
49
52
52
52
52
55
55
57
58
59
60
60
61
65
67
67
67
68
68
69
70
70
71
74
75
75
75
75
75
75
75
75
75
75
75
75
75
75
75
75
75
75
75
76
76
76
76
77
77
81
81
81
81
81
81
81
81
82
82
82
82
82
82
82
83
84
84
84
84
84
84
84
90
90
91
98
102
118
120
120
120
120
120
120
121
121
121
122
126
126
126
126
126
126
126
126
126
126
127
127
127
127
128
128
128
129
130
132
140
142
144
146
153
158
168
169
183
188
190
193
195
195
196
196
197
197
197
198
198
198
199
199
199
199
199
199
199
200
202
208
208
208
210
220
225
225
246
271
297
300
300
309
311
311
312
315
317
317
323
345
350
361
362
364
371
390
415
418
443
450
481
490
509
520
526
536
539
542
542
547
555
560
561
567
585
589
597
600
638
638
645
658
661
684
695
697
700
705
713
720
732
736
743
747
752
753
755
756
760
762
762
764
779
780
798
799
804
806
817
818
818
824
827
829
831
832
840
840
844
844
849
853
857
887
891
892
921
930
935
935
945
962
962
964
964
998
1001
1012
1021
1022
1022
1133
1133
1133
1133
1133
1133
1150
1160
1165
1175
1175
1181
1184
1187
1190
1190
1190
1190
1190
1190
1190
1221
1240
1244
1263
1268
1271
1313
1335
1349
1357
1360
1380
1381
1422
1426
1428
1431
1431
1434
1434
1434
1434
1434
1435
1435
1435
1435
1435
1435
1436
1437
1437
1437
1438
1438
1439
1440
1444
1444
1444
1444
1444
1444
1445
1445
1445
1445
1445
1445
1445
1446
1446
1446
1447
1447
1447
1447
1447
1447
1448
1453
1466
1467
1468
1471
1491
1503
1519
1578
1587
1591
1591
1597
1601
1604
1606
1607
1613
1613
1626
1630
1640
1644
1644
1644
1644
1646
1667
1669
1690
1729
1729
1729
1736
1736
1737
1737
1737
1858
1880
2059
2059
2059
2059
2059
2059
2059
2059
2059
2059
2060
2060
2060
2063
2098
2124
2155
2162
2162
2162
2202
2204
2317
2341
2343
2343
2350
2386
2398
2398
2398
2398
2399
2399
2399
2399
2399
2399
2399
2399
2399
2399
2399
2399
2399
2399
2399
2399
2399
2399
2399
2399
2399
2399
2399
2400
2401
2401
2401
2402
2402
2402
2402
2404
2404
2404
2404
2404
2404
2404
2404
2404
2404
2404
2405
2405
2405
2424
2436
2440
2443
2448
2451
2458
2640
2677
2680
2682
2682
2691
2751
2812
2887
2914
2914
2915
2925
2928
2933
2933
2952
2952
2953
2981
2986
2989
3006
3007
3009
3012
3024
3040
3057
3133
3145
3145
3220
3249
3280
3313
3317
3317
3336
3337
3337
3338
3338
3339
3353
3355
3365
3396
3400
3401
3401
3401
3401
3403
3403
3405
3405
3405
3405
3406
3406
3406
3406
3406
3409
3411
3414
3414
3421
3421
3429
3441
3442
3445
3474
3479
3482
3533
3543
3548
3622
3639
3647
3648
3727
3738
