6
7
9
10
14
16
17
17
18
20
22
23
25
27
27
27
27
27
27
30
31
31
35
35
35
35
35
35
36
36
37
38
38
38
39
41
41
42
43
43
45
45
47
48
54
56
65
74
78
79
82
86
106
106
109
110
127
130
130
130
130
137
140
148
151
151
151
151
152
152
155
179
180
223
340
547
551
551
551
551
551
551
551
551
551
552
552
552
552
552
552
552
553
553
555
559
559
560
561
563
575
575
576
582
583
586
586
588
588
591
591
593
593
593
594
594
594
594
594
596
596
596
596
603
605
607
612
613
621
622
628
628
628
639
644
649
649
649
650
653
654
655
655
661
661
669
671
674
674
675
682
682
689
689
691
695
699
719
722
730
753
753
795
799
800
809
841
849
876
876
878
900
903
904
911
922
935
941
942
942
942
942
942
942
942
943
943
967
967
967
970
971
972
982
983
989
1055
1087
1090
1102
1106
1106
1119
1122
1199
1202
1217
1222
1230
1230
1230
1230
1230
1230
1230
1230
1236
1236
1255
1274
1282
1323
1347
1354
1356
1360
1365
1371
1373
1381
1382
1383
1416
1419
1420
1432
1433
1482
1520
1521
1522
1522
1522
1522
1524
1525
1526
1528
1528
1529
1558
1562
1564
1569
1570
1570
1570
1570
1571
1571
1575
1575
1578
1578
1578
1578
1578
1578
1578
1579
1579
1579
1579
1579
1579
1579
1579
1579
1579
1579
1579
1579
1579
1579
1579
1580
1580
1580
1580
1580
1580
1580
1580
1580
1580
1580
1580
1580
1580
1580
1580
1581
1581
1582
1582
1582
1583
1583
1583
1583
1583
1583
1590
1591
1593
1594
1594
1596
1596
1597
1613
1614
1615
1622
1622
1622
1624
1624
1625
1625
1625
1625
1626
1626
1641
1651
1652
1661
1720
1722
1760
1781
1806
1845
1845
1850
1951
1958
2033
2033
2034
2034
2034
2035
2052
2059
2062
2067
2102
2128
2128
2128
2128
2128
2128
2128
2128
2128
2128
2128
2128
2128
2128
2128
2128
2128
2128
2128
2128
2128
2128
2129
2129
2129
2129
2129
2129
2129
2129
2129
2129
2129
2130
2130
2132
2132
2133
2133
2133
2134
2134
2135
2135
2153
2194
2227
2244
2249
2268
2360
2384
2423
2730
2887
3001
3014
3025
3028
3046
3060
3061
3065
3067
3077
3088
3128
3129
3130
3132
3133
3134
3139
3139
3139
3139
3139
3139
3139
3139
3139
3150
3169
3185
3201
3201
3222
3237
3265
3280
3293
3294
3303
3303
3310
3316
3334
3343
3349
3350
3354
3358
3570
3574
3577
3577
3577
3586
3606
3609
3618
3635
3643
3643
3643
3644
3703
3712
3767
3814
4056
4066
4224
4239
4272
4378
4398
4576
4633
4654
4724
4724
4724
4725
4725
4726
4727
4758
4767
4768
4768
4837
4846
5131
5257
5312
5376
5417
5417
5467
5875
6119
6125
6132
6133
6186
6235
6264
6272
6274
6288
6542
6544
6676
6690
6691
6705
6750
6804
7028
7110
7110
7110
7110
7111
7111
7111
7111
7111
7117
7117
7140
7479
7487
7487
8573
8935
8976
8976
8976
8976
8976
9002
9018
9022
9035
9092
9093
9093
9093
9093
9093
9093
9093
9093
9093
9093
9093
9093
9093
9333
9334
9337
9422
9487
9487
9666
9666
9666
9666
9666
9667
9668
9669
9669
9669
