4
6
7
9
10
12
14
15
16
16
21
21
21
22
23
23
23
25
26
26
26
27
27
28
28
28
29
29
29
29
29
30
30
30
32
32
32
32
33
34
37
37
38
39
42
45
46
46
46
46
46
47
47
47
48
50
54
56
57
57
57
60
61
64
65
68
70
74
74
77
81
88
89
91
92
95
96
96
98
100
101
101
101
101
101
101
101
101
101
101
101
101
103
103
104
104
105
105
105
105
106
106
107
107
108
108
108
108
108
110
110
110
111
113
113
114
114
114
115
115
115
115
115
115
117
117
120
123
124
125
126
130
134
140
147
147
147
147
150
157
160
162
164
165
168
171
181
182
188
189
189
192
193
193
196
213
216
217
220
228
250
252
258
260
262
264
279
279
279
279
279
283
285
285
285
285
286
293
295
295
298
298
298
298
298
298
298
298
298
298
298
299
299
299
299
299
299
304
305
314
315
315
316
325
349
349
350
354
400
401
410
412
419
420
420
421
421
422
422
422
422
423
423
429
430
430
431
433
434
435
435
435
435
435
435
435
435
435
435
436
445
445
445
446
456
460
467
474
477
481
481
482
484
496
499
505
553
553
578
600
618
623
635
645
686
716
737
738
739
739
739
739
739
739
739
739
739
739
739
739
739
741
742
742
742
742
742
742
742
742
751
755
758
762
778
784
785
786
789
806
810
815
819
829
829
853
871
871
871
871
872
872
903
903
904
906
920
947
972
1015
1015
1027
1043
1076
1081
1084
1084
1091
1097
1108
1114
1119
1131
1137
1156
1193
1207
1209
1215
1223
1226
1227
1227
1227
1265
1267
1282
1283
1287
1290
1313
1340
1343
1345
1360
1409
1415
1415
1434
1434
1434
1434
1438
1438
1438
1439
1439
1447
1452
1464
1466
1467
1467
1467
1495
1528
1536
1554
1613
1627
1639
1650
1650
1651
1651
1651
1651
1651
1651
1651
1651
1651
1651
1651
1651
1651
1651
1652
1652
1652
1652
1652
1652
1652
1652
1652
1652
1653
1653
1653
1654
1654
1656
1656
1656
1656
1656
1657
1659
1659
1659
1659
1660
1660
1667
1678
1679
1681
1685
1691
1775
1784
1807
1816
1827
1830
1956
2054
2207
2246
2258
2370
2388
2388
2388
2389
2389
2392
2410
2459
2553
2677
2689
2696
2705
2710
2715
2881
2886
2894
2924
2926
2932
3053
3088
3145
3154
3166
3181
3205
3209
3217
3218
3255
3268
3269
3328
3351
3364
3365
3371
3378
3378
3394
3409
3418
3426
3437
3493
3495
3510
3514
3529
3585
3639
3648
3662
3672
3680
3696
3710
3711
3743
3763
3779
3786
3815
3843
3887
3897
3917
3947
3947
3947
3947
3947
3947
3948
3950
3950
3951
3951
3951
3951
3952
3952
3952
3955
3955
3955
3955
3955
3955
3955
3955
3955
3955
3955
3955
3955
3956
3956
3956
3956
3956
3956
3956
3956
3956
3956
3956
3956
3956
3956
3956
3956
3956
3956
3956
3956
3956
3956
3956
3956
3956
3956
3956
3974
3974
4037
4038
4040
4040
4040
4040
4041
4052
4053
4056
4171
4190
4213
4248
4253
4312
