5
5
6
9
10
14
15
15
16
16
17
17
17
17
17
17
17
18
18
18
19
19
19
19
20
23
23
23
23
23
23
24
25
26
26
26
26
26
27
27
27
27
27
27
27
27
27
27
27
27
27
27
28
28
28
28
28
28
28
28
29
30
33
33
34
35
37
37
37
37
37
38
38
38
38
38
38
38
38
39
41
41
41
42
42
43
46
46
46
46
46
46
46
46
47
47
47
47
48
48
49
50
51
53
54
58
58
60
62
63
65
66
67
71
73
74
74
76
78
79
81
82
86
86
86
86
87
88
90
91
91
91
96
96
98
99
99
100
100
100
100
100
100
100
101
101
101
101
103
106
106
108
111
112
113
114
115
115
115
116
116
116
117
118
119
119
121
121
122
122
122
124
124
125
126
130
132
133
134
137
138
138
141
145
149
149
150
150
153
156
158
159
159
159
160
160
161
165
166
166
166
166
166
166
170
170
170
170
170
171
171
172
173
174
175
175
175
176
176
176
176
176
176
176
176
178
181
182
183
183
185
185
187
188
191
200
200
201
205
206
209
210
210
210
210
215
216
217
228
229
233
234
235
238
240
242
250
250
251
254
256
257
261
261
261
261
261
261
261
264
264
266
266
267
267
267
274
274
274
285
289
292
293
296
298
298
301
301
303
304
306
308
308
308
308
308
309
309
314
314
314
315
315
315
315
315
315
317
321
325
326
326
327
329
345
349
349
353
358
360
363
363
372
372
374
377
377
401
428
428
430
432
434
440
455
458
461
467
472
474
474
480
482
488
496
501
502
503
520
528
529
529
529
547
549
551
562
571
571
571
571
571
571
571
571
571
571
571
571
571
571
571
571
571
571
571
572
572
572
572
572
572
572
572
572
572
572
572
572
572
572
572
572
573
574
574
574
602
618
621
624
624
625
627
628
630
630
635
642
645
650
658
660
672
674
682
684
743
762
763
764
773
773
773
788
802
817
834
842
845
847
872
873
898
919
972
990
991
995
1026
1035
1045
1087
1101
1113
1113
1121
1170
1175
1176
1179
1182
1182
1182
1182
1182
1182
1182
1188
1189
1189
1189
1189
1189
1189
1189
1189
1189
1189
1189
1189
1189
1189
1189
1194
1194
1194
1194
1194
1196
1225
1228
1238
1239
1243
1245
1254
1255
1256
1256
1260
1263
1263
1265
1270
1270
1302
1308
1309
1311
1362
1364
1366
1389
1430
1434
1438
1440
1449
1451
1469
1470
1481
1487
1487
1487
1488
1488
1488
1488
1488
1488
1488
1489
1492
1494
1513
1515
1516
1549
1564
1575
1586
1597
1602
1604
1604
1604
1604
1605
1642
1728
1731
1731
1731
1731
1731
1731
1731
1731
1731
1731
1731
1731
1731
1731
1731
1731
1731
1731
1731
1731
1731
1731
1731
1731
1731
1735
1736
1736
1736
1736
1736
1736
1736
1736
1736
1736
1736
1736
1736
1736
1736
1736
1736
1737
1737
