6
8
15
18
19
19
20
20
20
25
27
27
28
28
28
29
29
30
32
32
32
34
35
35
40
40
41
47
47
52
54
64
70
73
73
89
89
89
94
102
106
107
107
107
107
107
112
112
112
115
116
128
132
167
214
215
215
215
215
215
215
216
216
218
219
220
221
221
222
225
227
228
228
236
236
236
237
362
370
376
384
435
459
466
493
531
547
590
590
590
646
667
668
668
668
668
668
712
712
742
750
754
792
816
816
816
817
818
818
879
985
999
1133
1144
1176
1178
1179
1202
1209
1310
1335
1405
1411
1434
1438
1458
1471
1475
1477
1477
1498
1511
1511
1511
1511
1511
1512
1538
1542
1542
1551
1561
1561
1563
1564
1569
1589
1590
1590
1590
1590
1591
1591
1591
1591
1592
1593
1595
1628
1629
1633
1643
1643
1643
1643
1643
1643
1643
1643
1643
1643
1643
1643
1643
1643
1643
1643
1645
1651
1660
1667
1712
1748
1796
1883
1887
1915
1934
1935
1938
1938
1938
1938
1940
1948
1963
1975
1980
1982
2092
2214
2234
2251
2279
2289
2294
2323
2328
2355
2444
2470
2485
2489
2498
2499
2502
2506
2508
2520
2520
2528
2529
2536
2536
2536
2539
2549
2553
2553
2568
2571
2571
2579
2579
2637
2637
2654
2654
2658
2673
2678
2683
2683
2684
2699
2718
2741
2745
2779
2782
2785
2793
2807
2848
2883
2925
2932
2932
2942
2949
2966
2976
2982
2982
3062
3063
3105
3106
3121
3144
3149
3151
3152
3152
3152
3152
3152
3152
3153
3171
3185
3203
3207
3214
3214
3214
3216
3216
3216
3217
3219
3222
3271
3283
3293
3293
3298
3298
3422
3456
3476
3492
3501
3502
3509
3512
3514
3539
3565
3659
3847
3850
3871
3882
3891
3926
3938
4015
4017
4023
4028
4047
4047
4047
4048
4060
4101
4108
4122
4122
4122
4123
4123
4123
4125
4126
4127
4147
4211
4211
4211
4239
4239
4239
4252
4254
4254
4254
4254
4254
4254
4255
4255
4255
4255
4256
4258
4258
4258
4258
4258
4259
4259
4259
4260
4260
4260
4260
4261
4261
4261
4265
4265
4269
4269
4278
4278
4279
4279
4279
4280
4280
4281
4281
4281
4281
4281
4281
4281
4281
4281
4282
4282
4282
4282
4282
4282
4283
4283
4283
4283
4283
4283
4283
4283
4284
4284
4284
4284
4284
4285
4285
4285
4285
4286
4286
4287
4287
4287
4287
4287
4287
4287
4287
4287
4287
4288
4288
4288
4288
4288
4288
4288
4288
4288
4288
4289
4289
4289
4289
4289
4290
4290
4290
4290
4290
4290
4290
4290
4290
4290
4293
4294
4294
4294
4294
4294
4295
4295
4295
4295
4295
4295
4295
4295
4296
4296
4296
4296
4296
4296
4296
4296
4297
4301
4314
4315
4353
4353
4353
4353
4353
4353
4353
4353
4353
4353
4353
4354
4354
4354
4354
4354
4354
4354
4354
4354
4680
4704
4704
4716
4781
4835
4861
4951
4954
5301
5324
5357
5503
5511
5514
5526
5527
5699
5701
5702
5704
5721
5735
5741
5751
5762
5775
5899
6111
6283
6298
6324
6327
6364
6424
6526
6534
6644
6714
6725
6731
6780
6796
6798
6816
6821
6821
6850
6876
6881
6911
6913
6913
6913
6913
6913
6913
6914
6914
6914
6935
7035
7055
7059
7060
7065
7084
7119
7120
7136
7145
7154
7160
7175
7301
7384
7402
7404
7410
7428
7435
7543
7639
7658
7671
7680
7684
7693
