7
8
9
10
13
14
15
18
18
18
18
20
21
22
23
24
24
24
26
27
27
28
29
29
30
33
33
35
35
37
38
39
39
44
47
47
52
52
53
54
56
56
58
64
66
66
66
66
66
70
72
73
73
75
76
79
91
95
96
103
108
108
108
109
109
109
110
110
111
111
111
111
112
112
116
117
117
119
119
119
119
119
119
119
119
119
119
119
119
120
121
121
123
127
129
136
136
136
140
140
141
178
182
182
184
186
186
189
189
189
189
190
190
191
196
197
255
296
426
430
441
466
474
484
511
521
570
574
576
577
583
584
587
588
589
589
589
589
591
592
592
592
592
592
593
594
594
598
598
600
600
601
603
604
606
607
625
635
636
636
636
645
660
660
664
664
669
669
675
677
677
677
679
680
680
681
681
681
681
681
690
700
700
701
701
705
709
710
713
715
722
723
723
724
724
724
728
733
740
762
762
772
779
791
795
816
833
878
879
880
882
891
926
935
954
992
1153
1154
1181
1199
1208
1216
1226
1230
1231
1235
1245
1250
1250
1258
1258
1258
1258
1258
1258
1258
1258
1258
1258
1258
1258
1258
1258
1258
1258
1259
1259
1259
1259
1259
1259
1260
1263
1263
1264
1267
1267
1267
1267
1267
1267
1267
1267
1267
1267
1267
1267
1267
1267
1267
1267
1267
1267
1267
1267
1267
1267
1267
1267
1267
1267
1267
1267
1267
1267
1268
1268
1268
1268
1268
1268
1268
1268
1268
1268
1268
1268
1268
1268
1268
1268
1268
1268
1279
1283
1291
1309
1310
1316
1335
1336
1337
1338
1349
1359
1362
1388
1403
1407
1408
1413
1419
1419
1422
1431
1438
1440
1450
1451
1458
1458
1458
1460
1461
1465
1467
1467
1467
1468
1468
1471
1472
1472
1472
1472
1473
1485
1493
1503
1503
1503
1503
1503
1503
1505
1536
1538
1538
1545
1576
1577
1577
1578
1578
1578
1578
1578
1588
1604
1616
1621
1625
1625
1679
1710
1713
1713
1726
1728
1730
1736
1757
1773
1788
1793
1876
1899
1952
1958
1988
2073
2073
2073
2073
2137
2140
2141
2177
2186
2207
2221
2222
2236
2280
2335
2335
2392
2395
2396
2488
2522
2549
2603
2604
2636
2641
2642
2642
2645
2654
2686
2688
2721
2726
2738
2742
2759
2768
2786
2913
2913
2919
3104
3158
3158
3174
3180
3259
3292
3312
3345
3358
3435
3579
3590
3609
3638
3638
3638
3638
3638
3638
3638
3638
3638
3638
3643
3643
3644
3644
3644
3644
3644
3644
3644
3644
3644
3644
3644
3644
3644
3644
3644
3644
3644
3644
3644
3645
3645
3645
3645
3645
3645
3645
3645
3645
3645
3645
3645
3645
3645
3646
3646
3646
3646
3646
3646
3646
3646
3646
3646
3646
3646
3646
3647
3647
3647
3647
3658
3658
3658
3664
3711
3722
3738
3741
3748
3749
3749
3770
3807
3824
3830
3885
3901
3901
3902
3902
3902
3902
3902
3902
3902
3902
3902
3902
3902
3902
3902
3902
3910
3923
3938
3959
3992
3994
4007
4010
4057
4062
4063
4082
4083
4089
4094
4105
4118
4128
4133
4133
4133
4134
4143
4147
4227
4228
4263
4280
4316
4331
4336
4375
4413
4443
4443
4584
4637
4637
4638
4655
4664
4747
4829
4834
4835
