7
8
16
16
18
20
20
20
20
20
20
20
20
20
20
21
22
24
25
25
25
25
26
26
26
27
27
28
28
29
29
30
32
32
33
36
36
36
39
42
43
44
44
45
45
47
48
48
48
49
49
50
50
53
54
55
56
56
59
59
59
60
63
65
67
67
67
68
69
70
70
70
70
70
70
70
71
71
71
71
71
72
76
76
78
78
78
78
78
80
81
82
83
85
85
85
86
87
87
88
88
88
88
88
88
88
89
90
90
91
91
91
91
92
92
92
92
92
93
93
93
93
93
93
93
94
94
94
94
95
97
97
97
97
97
97
97
98
98
98
98
98
98
99
99
100
106
108
109
109
109
109
109
112
115
117
120
120
125
125
132
133
133
135
135
140
142
143
156
159
159
174
179
181
183
185
187
194
207
220
222
291
294
295
320
324
351
361
365
370
370
370
370
389
400
403
416
416
416
416
416
420
423
423
424
436
438
440
440
440
440
440
440
440
440
455
455
455
455
455
455
455
455
455
455
456
456
456
456
458
466
467
468
470
528
537
572
587
624
655
699
729
742
834
939
946
1025
1103
1129
1155
1157
1161
1173
1175
1189
1270
1338
1353
1366
1401
1493
1495
1502
1505
1507
1510
1512
1520
1524
1524
1547
1555
1558
1570
1575
1575
1578
1578
1587
1604
1604
1626
1627
1627
1627
1627
1627
1627
1627
1632
1632
1632
1632
1632
1633
1633
1633
1633
1633
1633
1633
1633
1633
1633
1633
1633
1633
1633
1633
1633
1633
1633
1633
1633
1634
1634
1634
1634
1634
1634
1634
1634
1634
1634
1634
1634
1634
1634
1634
1634
1634
1635
1635
1655
1669
1670
1681
1686
1692
1692
1695
1695
1695
1695
1695
1695
1695
1695
1695
1695
1696
1696
1696
1696
1696
1696
1696
1696
1696
1696
1696
1696
1696
1696
1696
1696
1697
1697
1708
1711
1715
1727
1730
1737
1751
1765
1778
1792
1805
1812
1812
1813
1818
1827
1834
1839
1844
1850
1857
1878
1880
1881
1883
1889
1890
1893
1911
1911
1911
1911
1930
1932
1977
1982
2009
2016
2020
2021
2021
2025
2031
2036
2058
2058
2059
2086
2101
2105
2130
2148
2150
2151
2161
2174
2243
2285
2286
2286
2286
2286
2286
2286
2286
2286
2286
2286
2286
2286
2286
2286
2286
2286
2286
2288
2292
2292
2292
2292
2292
2292
2292
2292
2292
2292
2292
2292
2292
2293
2293
2293
2293
2293
2293
2293
2293
2293
2293
2293
2293
2293
2293
2293
2293
2294
2294
2294
2294
2294
2294
2294
2294
2294
2294
2294
2294
2334
2334
2334
2341
2436
2445
2494
2495
2495
2495
2506
2542
2552
2619
2654
2688
2740
2741
2758
2800
2805
2805
2859
2964
2973
2989
2989
2989
2989
2989
2989
2989
2989
2989
2990
2991
3002
3007
3007
3032
3037
3037
3037
3037
3043
3097
3139
3139
3139
3139
3139
3140
3166
3199
3266
3295
3301
3336
3344
3360
3370
3379
3383
3404
3412
3415
3441
3445
3447
3447
3448
3453
3454
3455
3458
3464
3484
3494
3498
3501
3520
3552
3579
3583
3584
3586
3589
3596
3598
3598
3608
3627
3637
3647
3659
3668
3682
3706
3707
3735
