4
5
9
15
17
18
18
18
19
19
19
19
19
20
21
23
23
25
25
25
25
25
25
28
29
30
34
34
34
39
39
39
42
43
43
46
52
54
56
56
56
57
57
58
59
63
63
66
66
72
81
83
89
95
99
105
106
109
109
109
109
110
110
110
110
110
110
112
112
112
112
113
114
116
116
117
118
123
125
125
126
126
126
126
126
127
127
127
128
131
131
140
140
148
150
152
152
155
228
236
242
243
254
254
254
257
257
257
263
291
304
335
343
354
516
671
676
713
723
723
788
833
835
993
1017
1019
1152
1160
1182
1264
1341
1371
1388
1411
1414
1427
1428
1435
1437
1438
1445
1454
1454
1463
1463
1466
1479
1486
1486
1501
1502
1526
1531
1536
1539
1544
1550
1553
1557
1575
1586
1589
1589
1590
1592
1595
1595
1602
1606
1609
1612
1612
1613
1613
1613
1613
1614
1615
1619
1620
1632
1647
1656
1657
1667
1686
1692
1759
1766
1770
1777
1789
1791
1831
1831
1831
1831
1834
1842
1870
1870
1870
1870
1870
1870
1870
1870
1870
1870
1870
1870
1870
1870
1870
1870
1870
1870
1870
1870
1870
1870
1870
1870
1871
1871
1871
1871
1871
1871
1871
1872
1873
1873
1877
1877
1877
1877
1877
1877
1877
1877
1877
1878
1878
1878
1878
1878
1878
1878
1878
1878
1878
1878
1878
1878
1878
1878
1878
1878
1878
1878
1878
1878
1878
1878
1879
1879
1879
1879
1879
1879
1879
1879
1879
1879
1902
1928
1981
2004
2009
2020
2026
2183
2421
2435
2479
2503
2525
2677
2680
2688
2715
2718
2752
2791
2792
2792
2898
2898
2923
2927
2977
2996
3019
3020
3021
3022
3045
3070
3075
3077
3081
3085
3085
3109
3126
3131
3138
3139
3140
3141
3143
3172
3189
3192
3193
3197
3197
3197
3200
3200
3201
3203
3203
3204
3204
3204
3205
3205
3205
3210
3211
3211
3214
3415
3441
3456
3758
3760
4029
4084
4085
4111
4115
4609
4653
4653
4668
4707
4707
4711
4711
4711
4711
4711
4711
4711
4717
4717
4717
4717
4717
4717
4717
4717
4717
4717
4717
4717
4717
4717
4718
4718
4718
4718
4718
4718
4718
4718
4718
4718
4718
4718
4718
4718
4718
4718
4718
4718
4718
4718
4718
4718
4718
4718
4718
4718
4718
4718
4718
4718
4718
4718
4718
4719
4719
4719
4719
4719
4719
4719
4719
4719
4722
4726
4727
4960
4973
4973
4974
5002
5003
5007
5085
5261
5262
5272
5273
5273
5273
5273
5273
5273
5274
5325
5364
5565
5621
6024
6039
6039
6291
6291
6291
6291
6291
6291
6292
6452
6509
6519
6519
6626
6626
6636
6640
6654
6710
6717
6717
6893
6901
6903
6905
6906
6906
6906
6906
6906
6906
6906
6906
6906
6906
6906
6907
6912
6920
6920
6928
6944
6946
7035
7056
7062
7533
7538
7552
7704
7729
7755
7766
7803
7815
7849
7850
7900
7930
7935
8039
8055
8066
8114
8128
8206
8206
8206
8206
8236
8276
8282
8295
8428
8527
8537
8547
8593
8598
8765
8766
9286
9293
9293
9299
9406
9406
9443
9444
9445
9445
9445
9445
9445
9445
9445
9445
9483
9489
9494
9497
9537
9606
9704
9711
9820
9825
9844
9845
9870
9873
9916
9979
10065
10075
10112
10199
10215
10306
10308
10371
10582
10648
10658
10799
10804
10805
10892
10918
10959
10977
10980
10981
11053
11056
11183
