4
9
14
15
18
24
24
24
24
24
24
24
24
29
29
29
34
34
34
35
38
39
40
40
40
41
46
48
48
50
51
51
51
52
52
59
60
62
67
67
71
75
76
86
89
89
91
95
96
97
97
97
98
98
98
98
102
102
102
102
107
113
114
117
119
121
121
128
136
139
145
150
158
158
158
162
164
167
173
175
184
185
187
193
202
203
203
203
205
211
211
211
212
212
212
212
212
233
274
282
289
291
295
308
363
363
363
364
382
413
434
482
543
641
759
759
819
828
857
863
865
896
952
1034
1036
1055
1071
1226
1228
1234
1333
1417
1449
1456
1456
1456
1456
1456
1464
1467
1477
1479
1479
1490
1501
1501
1501
1501
1501
1502
1503
1503
1503
1503
1508
1515
1519
1520
1523
1535
1537
1540
1546
1605
1610
1634
1653
1653
1669
1669
1685
1685
1690
1709
1709
1709
1709
1709
1709
1709
1709
1709
1709
1709
1713
1713
1713
1713
1714
1714
1714
1714
1715
1715
1715
1715
1715
1715
1715
1715
1716
1716
1716
1717
1732
1743
1745
1785
1898
1936
1959
1990
2136
2165
2169
2174
2218
2219
2270
2301
2303
2310
2356
2373
2430
2433
2446
2446
2471
2490
2506
2518
2521
2522
2531
2532
2536
2541
2547
2553
2564
2564
2564
2565
2585
2585
2590
2593
2607
2608
2608
2613
2627
2630
2655
2754
2799
2806
2806
2859
2877
2942
3008
3114
3172
3172
3174
3180
3182
3195
3252
3257
3259
3270
3314
3314
3315
3315
3315
3315
3315
3315
3315
3315
3315
3315
3315
3315
3315
3315
3322
3328
3330
3330
3330
3330
3330
3355
3361
3361
3361
3361
3366
3366
3366
3373
3377
3381
3381
3381
3381
3381
3381
3381
3381
3381
3381
3382
3382
3382
3382
3382
3382
3382
3382
3382
3382
3382
3382
3382
3382
3382
3382
3382
3382
3382
3382
3382
3382
3382
3382
3382
3382
3382
3382
3382
3382
3384
3388
3388
3389
3389
3389
3389
3389
3401
3410
3411
3411
3411
3413
3415
3422
3437
3437
3485
3488
3494
3509
3516
3516
3516
3516
3516
3517
3517
3517
3517
3517
3522
3522
3525
3526
3526
3526
3542
3542
3542
3542
3542
3542
3542
3542
3542
3542
3543
3543
3543
3543
3543
3543
3543
3543
3543
3543
3543
3543
3543
3543
3543
3543
3637
3637
3637
3637
3638
3638
3681
3690
3708
3714
3716
3716
3732
3732
3732
3732
3732
3732
3733
3738
3739
3739
3739
3739
3739
3739
3739
3739
3739
3739
3739
3739
3739
3740
3740
3740
3740
3740
3740
3740
3740
3740
3740
3740
3759
3784
3840
3851
3855
3879
3912
3915
3936
3937
3938
3939
3939
3939
3939
3939
3940
3943
4007
4008
4128
4133
4206
4209
4216
4218
4220
4233
4238
4248
4260
4266
4278
4290
4291
4291
4299
4311
4311
4333
4342
4366
4446
4447
4571
4607
4624
4628
4636
4643
4644
4692
4692
4694
4707
4716
4717
4722
4729
4730
4730
4733
4738
4776
4803
4815
4860
4914
4926
4930
5031
5116
5116
5185
5240
5241
5246
5265
5288
5295
5301
5304
5304
5325
5342
5344
5370
5405
5410
5410
5413
5444
5459
5460
5466
5467
5474
5482
5507
5544
5546
5552
5560
5572
5573
5575
5575
5575
5575
5575
5575
5579
5580
5581
5582
5587
5592
5598
5602
5627
5628
5634
5645
5650
5653
5664
5687
5704
5712
5730
