4
4
5
7
13
15
16
19
19
19
22
22
22
22
24
25
25
25
25
25
26
26
26
26
26
26
26
26
26
28
31
32
32
34
34
34
35
37
37
38
40
42
42
42
42
44
45
46
46
47
47
48
48
48
50
51
53
55
56
59
63
63
63
63
64
64
65
67
67
67
68
68
69
73
77
78
79
84
85
86
86
89
91
92
92
92
95
96
97
98
102
103
103
103
103
103
103
103
103
104
104
105
106
106
112
117
117
117
118
118
120
121
122
122
122
123
123
125
126
126
126
126
127
127
131
131
134
138
138
139
146
156
161
170
230
248
255
263
265
274
278
280
285
285
287
289
305
305
315
328
328
347
348
351
352
352
352
352
352
352
352
353
353
353
357
358
358
358
358
358
358
358
358
359
359
359
359
359
359
359
359
359
359
359
359
361
361
362
362
362
362
362
362
362
363
363
363
363
363
364
368
370
371
378
389
389
389
389
389
389
389
389
389
389
389
389
389
389
389
389
394
399
401
404
404
405
410
410
411
422
436
444
452
453
467
478
480
493
495
499
500
500
504
505
505
542
543
561
562
563
567
567
567
578
588
591
603
608
644
656
657
663
666
668
729
746
747
747
747
747
747
747
747
747
806
831
840
840
846
848
852
892
925
938
940
949
950
952
956
957
977
983
986
986
1009
1026
1040
1047
1093
1094
1097
1120
1150
1158
1165
1299
1299
1299
1299
1299
1299
1311
1321
1323
1349
1431
1433
1448
1454
1458
1475
1478
1484
1486
1487
1487
1487
1492
1493
1493
1493
1494
1494
1504
1526
1526
1526
1526
1526
1526
1526
1526
1526
1526
1526
1526
1526
1526
1527
1527
1537
1561
1570
1589
1598
1602
1609
1621
1621
1627
1634
1638
1641
1654
1654
1659
1667
1708
1715
1716
1718
1721
1723
1729
1739
1739
1739
1742
1746
1746
1747
1747
1747
1747
1747
1747
1747
1747
1747
1748
1767
1767
1767
1767
1768
1768
1768
1768
1768
1768
1872
1881
1882
1896
1899
1904
1905
1909
1919
1927
1981
1985
2032
2044
2060
2075
2077
2080
2080
2085
2116
2121
2129
2129
2130
2130
2136
2169
2174
2196
2203
2220
2226
2277
2429
2432
2442
2474
2519
2530
2536
2537
2537
2593
2593
2601
2602
2605
2607
2629
2644
2750
2755
2758
2760
2767
2768
2875
2928
2928
2930
2942
2952
2977
2987
2992
2998
2998
3025
3036
3036
3036
3036
3036
3036
3036
3036
3036
3036
3036
3036
3036
3036
3036
3037
3037
3037
3037
3037
3041
3041
3042
3042
3042
3042
3042
3042
3043
3043
3050
3050
3050
3050
3050
3050
3050
3050
3050
3050
3050
3050
3051
3051
3051
3051
3051
3051
3051
3051
3051
3119
3131
3140
3167
3177
3178
3253
3254
3259
3259
3284
3287
3287
3287
3287
3287
3287
3287
3287
3287
3287
3287
3287
3287
3287
3287
3288
3288
3288
3288
3292
3294
3294
3294
3294
3294
3295
3295
3295
3295
3329
3370
3603
3643
3670
3678
3701
3713
3745
3753
3787
3836
3898
4004
4049
4056
4056
4056
4058
4071
4071
4071
4071
4073
4080
