4
5
8
9
12
15
15
17
18
18
18
21
22
23
23
23
23
24
25
25
25
25
25
28
28
28
28
29
29
29
29
29
29
31
31
31
31
32
32
34
34
34
37
39
41
42
44
46
47
47
51
52
55
55
56
56
57
60
62
62
65
66
66
66
67
67
67
67
68
68
69
70
72
73
73
73
74
76
78
78
79
80
82
83
84
86
87
90
91
93
93
93
93
93
93
93
93
93
93
94
94
94
94
94
95
99
99
101
102
103
103
103
103
103
103
103
103
103
103
107
107
109
109
109
110
111
111
111
112
112
113
113
114
114
114
114
114
114
115
115
115
115
116
116
119
121
122
123
126
129
130
130
130
130
131
131
131
131
134
137
140
141
142
165
165
165
170
170
171
172
175
178
186
208
215
219
220
223
229
232
232
250
251
257
258
261
263
269
272
279
280
283
285
287
295
309
309
322
335
335
335
335
335
335
335
335
335
335
335
335
335
335
336
336
336
336
336
343
343
345
345
345
345
345
345
345
349
351
362
362
362
365
368
368
368
368
368
368
368
369
369
369
369
369
369
369
369
369
369
369
369
369
369
369
369
369
369
369
369
369
369
369
370
370
370
371
372
372
372
372
372
373
373
385
394
399
400
408
422
430
482
483
483
502
509
513
522
527
529
532
534
534
534
534
538
539
541
541
541
541
541
541
541
541
541
541
541
542
542
545
547
547
547
547
547
547
547
547
547
547
547
547
547
547
547
547
548
548
548
548
548
548
548
548
548
548
548
548
548
548
548
548
548
548
548
548
548
552
560
563
565
568
575
575
575
575
575
581
584
589
594
596
604
604
606
606
606
606
612
613
613
618
622
625
639
639
647
649
649
650
662
664
664
664
664
665
677
679
682
684
687
687
691
691
693
693
693
693
693
696
699
699
699
699
700
702
705
705
705
712
715
716
726
730
734
734
738
739
740
740
740
740
741
741
741
741
741
742
746
763
764
765
771
772
777
778
792
800
801
802
805
805
811
813
813
813
813
813
814
818
820
837
838
838
838
843
843
855
855
856
856
856
856
856
857
857
857
862
868
869
869
869
875
890
891
893
895
896
902
916
918
918
919
921
921
921
921
921
921
921
921
921
921
921
921
921
921
921
921
921
921
921
921
921
921
921
921
921
922
922
923
925
930
930
936
938
939
940
942
943
944
949
950
952
956
969
969
974
975
977
979
980
981
982
984
985
987
987
989
989
989
992
995
997
998
998
998
1000
1000
1000
1001
1002
1005
1006
1006
1006
1006
1009
1009
1014
1014
1019
1023
1032
1035
1035
1040
1041
1042
1043
1052
1059
1062
1065
1070
1074
1092
1093
1103
1112
1120
1123
1132
1133
1135
