4
4
7
11
12
12
12
13
13
16
16
16
16
16
18
19
20
23
24
25
25
25
25
25
26
26
26
28
29
29
31
32
32
34
34
36
36
36
36
37
39
39
40
41
41
43
43
44
44
44
44
44
45
45
45
45
52
52
52
52
53
55
55
55
56
56
57
58
58
59
59
60
61
61
65
66
66
66
67
70
70
71
71
71
74
74
76
77
78
79
80
80
80
81
81
82
82
83
85
86
86
86
87
89
89
89
90
90
91
93
93
95
96
97
98
98
98
98
98
99
100
102
103
103
103
103
103
103
103
103
103
103
103
103
103
103
103
103
103
103
103
103
103
103
103
103
103
103
103
103
103
103
103
104
104
104
104
104
104
104
104
104
105
106
106
107
107
108
109
109
109
109
109
109
109
110
110
110
110
110
110
110
110
110
110
110
110
111
112
113
114
118
121
125
132
135
150
151
151
151
151
154
154
154
154
154
154
154
154
154
154
154
154
154
154
154
154
154
154
154
154
157
158
159
160
160
162
162
173
180
180
186
188
188
188
190
190
191
193
193
193
193
193
193
193
193
194
198
199
215
227
232
233
235
235
267
269
274
277
278
279
280
286
288
290
291
292
292
292
292
292
292
292
292
292
292
292
293
293
294
294
294
295
296
296
296
296
296
296
296
296
296
296
296
296
296
296
297
297
297
297
297
297
297
297
297
297
297
299
299
299
299
299
299
299
299
300
300
300
300
300
300
300
300
300
300
300
300
300
300
300
300
300
300
302
303
303
303
303
303
308
310
314
315
317
319
320
321
322
323
323
323
324
326
332
332
333
333
338
343
344
344
345
345
347
349
362
362
363
364
364
365
373
374
375
382
383
383
383
384
384
391
392
394
394
396
398
400
400
400
403
406
408
408
409
411
412
413
413
414
415
415
417
418
421
422
422
422
425
426
426
427
430
430
430
430
431
432
433
435
436
439
441
441
442
442
442
443
444
445
445
445
445
446
446
446
451
451
455
455
455
455
455
455
456
456
456
460
460
461
461
461
461
461
461
462
462
462
462
462
462
463
463
463
464
464
464
464
466
472
472
472
472
473
473
474
476
476
476
479
479
482
482
484
486
486
486
491
491
494
498
498
498
499
499
500
500
500
500
500
500
501
501
501
501
501
501
504
504
506
508
508
508
509
510
510
511
512
512
514
515
517
517
518
519
520
528
528
529
529
532
532
536
547
550
552
556
556
557
561
562
563
565
567
567
568
568
576
579
579
580
580
582
582
583
583
584
586
593
593
594
595
596
598
599
600
608
609
610
610
613
615
615
616
623
625
625
625
625
625
626
626
626
626
630
631
