4
8
12
15
15
20
23
27
28
29
30
31
44
45
45
51
51
54
65
67
67
68
68
68
71
71
72
74
104
104
104
130
162
174
174
175
175
175
179
179
179
179
179
179
180
195
195
195
195
195
195
195
196
196
196
206
210
213
238
251
257
406
419
447
459
460
496
525
532
532
570
575
626
670
698
802
865
865
865
954
955
956
959
959
959
960
983
988
988
989
989
993
1005
1005
1005
1009
1014
1028
1034
1039
1060
1062
1089
1109
1109
1114
1180
1180
1192
1200
1217
1249
1332
1360
1367
1404
1428
1435
1437
1438
1438
1438
1448
1451
1453
1460
1464
1470
1473
1477
1494
1503
1526
1584
1589
1593
1604
1604
1604
1604
1604
1604
1604
1605
1605
1605
1605
1605
1606
1606
1607
1607
1608
1622
1628
1632
1633
1634
1649
1653
1665
1665
1665
1665
1667
1788
1891
1899
1913
1964
1996
2354
2362
2363
2367
2369
2369
2369
2485
2539
2541
2552
2558
2663
2806
2808
2822
2856
2857
2926
3021
3022
3041
3043
3043
3044
3045
3047
3048
3050
3051
3055
3070
3071
3121
3146
3152
3153
3155
3156
3161
3162
3177
3194
3194
3194
3194
3194
3195
3195
3195
3195
3195
3195
3197
3201
3229
3241
3258
3297
3304
3358
3426
3433
3434
3446
3905
3924
3991
3999
4000
4010
4019
4035
4069
4118
4123
4132
4139
4205
4264
4264
4284
4285
4313
4370
4374
4378
4380
4392
4409
4416
4420
4429
4430
4432
4473
4494
4495
4602
4602
4602
4633
4671
4672
4691
4699
4713
4766
4797
5369
5370
5370
5370
5974
6794
6795
6830
6831
6834
6835
6835
6835
6837
6838
6838
6838
6838
6840
6840
6840
6840
6841
6841
6841
6842
6842
6845
6847
6847
6849
6850
6851
6852
6911
7254
7522
7530
7764
7775
7796
7802
7809
7836
7836
7836
7836
7837
7837
7837
7837
7837
7837
7837
7837
7837
7837
7837
7837
7837
7837
7837
7837
7837
7837
7837
7837
7837
7837
7837
7838
7839
7839
7839
7841
7842
7842
7842
7842
7842
7842
7842
7842
7842
7843
7843
7843
7843
7844
8272
8474
8474
8474
8474
8474
8474
8474
8474
8474
8474
8474
8474
8474
8474
8474
8474
8474
8474
8474
8474
8474
8479
8479
8479
8479
8480
8480
8480
8480
8480
8480
8480
8480
8480
8480
8480
8480
8480
8480
8480
8480
8480
8480
8480
8480
8480
8480
8480
8480
8480
8480
8480
8480
8480
8480
8480
8480
8480
8480
8481
8489
8513
8564
8721
8822
8845
8851
8873
8948
8963
8970
8970
8987
8996
8996
8997
9303
9303
9303
9303
9303
9303
9303
9303
9303
9303
9309
9309
9309
9310
9484
9484
9506
10391
10425
10516
10535
10583
10583
10583
10583
10650
10672
11555
11555
11555
11559
11560
11560
11560
11578
11592
11593
11621
11758
11773
11791
11888
12012
12083
12089
12167
12209
12209
12217
12223
12223
12228
12228
12245
12246
12249
12251
12253
12255
12258
12273
12304
12338
12392
12454
12460
12469
12496
12508
12531
12558
12697
12697
12697
12738
12738
12746
12752
12765
12782
12785
12823
12856
12864
12904
12906
12925
12967
12977
12980
12998
13000
13026
13067
13067
13069
13069
13082
13083
13086
13088
13109
13134
13195
13203
13203
13216
13224
13224
13283
13301
13352
13386
13394
13406
13407
13431
13441
13450
13454
13462
13471
13474
13477
13477
13477
13485
13485
13488
13493
13504
13506
13514
13517
13542
13545
13592
13626
13638
