0
3
7
9
10
10
12
12
13
15
16
16
17
17
20
22
22
22
23
23
23
23
23
23
23
26
27
27
28
28
30
30
30
30
30
32
32
36
37
38
38
39
39
39
39
42
42
42
43
43
43
44
44
44
45
46
51
51
53
53
53
53
53
53
59
60
66
68
68
68
68
68
68
68
69
69
69
69
69
69
70
70
70
70
70
71
73
74
74
75
75
75
75
75
75
75
77
78
84
84
84
86
95
96
97
99
99
99
102
102
103
106
107
107
109
109
110
111
113
125
130
134
142
144
145
155
166
175
175
175
176
201
211
220
227
227
227
227
228
228
228
228
228
232
233
235
248
248
249
249
249
249
249
250
250
275
275
276
352
352
363
364
364
384
414
415
416
416
417
417
417
417
419
426
428
434
440
491
517
520
520
546
550
602
624
633
642
644
657
671
677
686
700
713
720
725
726
757
764
776
776
777
783
785
785
785
785
785
785
785
785
785
785
785
785
786
787
787
787
790
790
791
791
791
791
791
791
791
791
791
791
791
791
791
791
791
792
792
792
792
792
792
792
792
792
792
792
792
793
793
794
794
795
795
797
797
799
804
815
820
860
888
1015
1024
1032
1047
1194
1207
1208
1209
1273
1298
1315
1323
1327
1356
1378
1390
1402
1409
1422
1464
1484
1503
1515
1523
1544
1562
1563
1563
1578
1580
1580
1580
1580
1580
1580
1585
1596
1611
1619
1655
1667
1686
1712
1742
1761
1767
1900
1902
1912
1915
1920
1922
1923
1960
1960
1960
1960
1960
1960
1960
1960
1960
1960
1961
1961
1961
1961
1961
1961
1961
1961
1961
1961
1961
1961
1961
1961
1962
1962
1962
1962
1962
1962
1962
1963
1963
1963
1963
1963
1963
1963
1963
1963
1964
1964
1964
1964
1964
1964
1964
1964
1965
1965
1965
1965
1965
1965
1965
1965
1965
1966
1966
1966
1966
1966
1966
1966
1966
1966
1966
1966
1966
1966
1966
1966
1966
1967
1967
1967
1967
1967
1967
1967
1967
1967
1967
1967
1968
1968
1968
1968
1968
1991
2003
2003
2003
2014
2062
2293
2308
2310
2313
2362
2422
2439
2446
2625
2651
2656
2675
2681
2746
2766
2869
2903
2988
2992
2992
2993
2993
2993
2993
2993
2993
2999
3000
3000
3000
3000
3001
3001
3001
3043
3052
3056
3056
3056
3056
3056
3056
3092
3142
3164
3317
3807
3813
3820
3903
3904
3925
3978
3980
4022
4040
4048
4059
4181
4250
4263
4512
4518
4525
4525
4525
4526
4526
4526
4526
4526
4568
4570
4584
4590
4614
4614
4618
4632
4655
4699
4699
4703
4709
4724
4724
4746
4753
4800
4817
4825
4848
4848
4848
4848
4850
4852
4852
4852
4852
4853
4864
4864
4866
4889
4891
4898
4931
4934
4952
5004
5014
5031
5057
5160
5300
5302
5405
5412
5417
5427
5430
5434
5444
5507
5519
5548
5550
5561
5570
5674
5674
5698
5720
5752
5772
5774
5787
5797
5805
5807
5832
5896
6012
6226
6235
6236
6241
6251
6432
6571
6573
6625
6630
6639
6647
6661
6683
6823
6856
6892
6952
6953
6972
6987
7089
7089
7092
7094
7094
7098
7117
7150
7164
7166
