0
4
7
7
8
10
10
13
15
23
23
24
25
26
26
26
26
26
26
26
26
26
26
26
26
27
29
29
30
31
32
32
33
33
33
35
36
36
36
38
39
39
40
40
41
41
41
42
43
43
43
43
43
43
43
44
45
50
51
54
56
58
59
59
59
59
60
60
60
61
62
63
67
69
76
78
78
82
83
89
93
95
96
97
98
100
104
105
111
112
120
125
127
131
132
132
139
139
139
139
139
139
140
140
142
142
144
144
144
145
145
145
145
146
146
147
148
158
167
174
176
176
176
184
187
192
194
201
205
205
205
205
205
205
208
210
211
213
213
213
213
213
213
214
214
226
239
251
251
254
268
276
290
294
302
306
315
334
335
335
337
339
438
438
439
439
439
439
492
498
508
513
516
519
524
525
528
530
547
547
551
554
565
570
577
578
596
600
609
611
626
627
632
655
655
655
655
655
713
721
734
734
735
741
754
755
767
827
852
875
877
885
891
892
898
913
919
920
938
956
967
973
980
1006
1065
1066
1101
1120
1167
1172
1202
1232
1240
1247
1251
1254
1255
1257
1271
1278
1284
1286
1289
1292
1302
1308
1322
1325
1326
1326
1326
1326
1326
1326
1326
1326
1326
1326
1326
1326
1327
1327
1327
1327
1327
1327
1328
1328
1328
1329
1330
1334
1334
1334
1334
1334
1334
1334
1334
1335
1338
1341
1341
1341
1341
1341
1342
1342
1343
1343
1343
1343
1344
1344
1344
1344
1344
1344
1344
1363
1390
1390
1390
1390
1390
1390
1390
1390
1399
1402
1405
1447
1447
1447
1447
1448
1449
1449
1449
1459
1477
1485
1485
1490
1555
1555
1568
1570
1609
1619
1622
1624
1630
1643
1652
1690
1697
1697
1697
1697
1697
1708
1708
1708
1708
1708
1708
1708
1708
1755
1761
1814
1829
1849
1850
1855
1865
1907
1914
1914
1915
1922
1922
1930
1937
1969
1976
1989
2011
2017
2018
2032
2036
2038
2107
2107
2108
2115
2182
2190
2190
2190
2190
2190
2190
2190
2190
2190
2190
2190
2190
2190
2190
2190
2190
2192
2192
2193
2193
2193
2194
2194
2195
2195
2195
2195
2196
2196
2196
2196
2196
2197
2197
2197
2197
2205
2281
2289
2295
2334
2382
2410
2426
2436
2531
2683
2694
2704
2900
2969
3001
3002
3062
3098
3120
3238
3240
3256
3288
3301
3301
3301
3301
3301
3302
3302
3302
3302
3302
3303
3303
3303
3303
3303
3303
3303
3303
3303
3303
3303
3303
3303
3304
3304
3313
3313
3314
3314
3314
3314
3314
3315
3315
3315
3315
3316
3316
3316
3316
3325
3325
3325
3325
3326
3326
3326
3343
3343
3349
3352
3359
3378
3389
3392
3397
3397
3397
3397
3397
3397
3414
3414
3439
3463
3620
3634
3643
3981
3985
4003
4035
4099
4115
4117
4132
4359
4633
4676
4676
4676
4676
4676
4676
4676
4676
4676
4712
4713
4713
4713
4727
4727
4818
4960
5289
5289
5289
5289
5289
5289
5289
5289
5289
5295
5295
5773
6173
6208
6215
6221
6390
6581
6588
6605
6605
6607
6723
6753
6761
6838
6876
6876
6891
6895
6970
6970
6993
7012
7016
7019
7039
7043
7058
7063
7063
7075
7084
7131
7188
7191
7275
7514
7638
7639
7812
