0
3
7
7
14
16
16
16
18
18
18
18
20
20
21
22
23
23
23
23
23
24
24
25
27
27
27
27
27
28
28
28
28
28
28
28
28
30
30
30
30
31
32
33
33
33
34
34
35
35
35
36
37
38
38
38
38
38
38
38
38
38
38
38
38
38
38
38
38
39
41
43
43
44
44
45
45
45
45
46
46
46
46
46
47
47
47
48
48
49
49
49
49
49
49
49
49
49
49
49
50
50
50
51
52
53
53
54
55
56
56
56
56
56
57
57
57
57
57
57
57
57
57
58
59
60
62
63
65
65
66
66
66
67
68
68
68
69
70
70
72
74
75
77
78
78
79
79
80
80
81
82
82
84
84
85
85
85
85
85
85
85
85
85
85
86
88
88
89
90
90
90
90
90
91
91
91
91
91
91
91
91
91
91
91
91
91
91
91
91
91
91
91
91
91
91
91
91
91
91
92
92
92
92
92
93
93
93
93
93
93
94
98
99
100
100
100
100
100
100
100
101
101
102
103
105
105
105
105
105
106
106
106
106
107
107
107
107
107
108
108
108
108
109
110
111
112
122
123
123
125
125
126
129
131
133
133
134
135
135
136
152
152
160
160
160
161
171
180
183
183
195
200
200
202
206
212
224
238
238
238
238
238
238
238
238
238
238
238
238
238
238
239
239
239
239
239
239
239
239
239
239
239
239
239
239
239
248
255
259
274
284
288
297
311
326
342
342
342
342
344
344
360
360
360
360
360
369
370
371
373
373
376
377
380
386
387
391
392
397
404
420
420
424
427
429
436
436
440
441
442
444
445
446
451
454
466
468
469
470
470
472
480
480
481
486
489
491
492
493
497
497
506
528
531
537
540
544
545
553
554
584
591
599
607
611
616
618
621
624
632
633
635
636
636
636
636
636
636
636
636
637
637
637
637
637
637
637
637
637
637
637
637
638
638
638
638
638
639
640
643
648
653
653
653
653
653
653
653
653
653
654
657
658
669
669
669
669
669
669
669
669
669
669
669
669
669
669
669
669
669
669
669
669
669
669
669
669
669
669
669
669
669
669
669
669
669
669
670
670
670
672
673
675
675
676
677
677
678
678
678
678
678
678
678
678
678
678
679
679
679
679
679
679
679
682
683
683
683
695
695
696
696
697
697
698
700
705
706
709
709
712
715
717
725
728
730
731
740
741
741
741
744
747
747
747
748
748
748
750
750
760
763
763
764
770
776
776
777
782
784
784
787
789
790
791
800
807
808
814
818
819
823
823
840
842
842
842
842
843
848
849
856
857
858
861
862
872
873
875
876
877
878
878
890
890
891
893
896
898
898
899
905
905
911
