0
4
8
11
15
17
17
19
19
19
19
19
19
19
24
24
25
25
26
26
27
27
27
27
27
27
27
27
37
38
39
42
44
49
53
62
81
90
101
101
101
107
107
107
107
108
108
111
111
112
112
112
113
114
119
119
119
119
119
120
120
123
127
127
127
128
128
128
128
137
138
138
138
138
138
146
150
157
160
163
163
181
201
202
214
252
260
351
394
436
447
474
487
490
495
503
504
511
522
526
531
552
552
552
557
567
577
598
598
660
705
711
748
777
778
782
811
826
843
858
869
871
901
901
966
969
974
995
999
1004
1021
1030
1030
1032
1037
1038
1045
1088
1096
1099
1108
1109
1114
1130
1155
1161
1199
1261
1282
1286
1293
1302
1329
1332
1356
1356
1361
1366
1374
1395
1400
1415
1419
1420
1424
1428
1429
1431
1447
1461
1480
1483
1490
1490
1490
1490
1508
1527
1548
1555
1561
1561
1568
1584
1585
1603
1603
1603
1603
1603
1604
1605
1614
1616
1618
1636
1636
1636
1636
1636
1636
1636
1636
1637
1638
1638
1638
1638
1638
1638
1638
1638
1638
1638
1638
1638
1638
1638
1638
1638
1638
1638
1638
1638
1638
1638
1638
1638
1642
1643
1643
1647
1652
1667
1669
1669
1669
1669
1669
1669
1669
1669
1669
1669
1669
1669
1669
1669
1669
1670
1674
1678
1688
1690
1693
1708
1709
1715
1715
1717
1740
1757
1771
1773
1775
1779
1788
1790
1793
1803
1805
1805
1805
1805
1805
1806
1806
1810
1813
1818
1823
1826
1828
1829
1831
1852
1856
1858
1860
1885
1890
1892
1902
1909
2070
2095
2130
2136
2137
2164
2216
2216
2217
2218
2218
2218
2218
2218
2218
2218
2219
2223
2224
2224
2224
2224
2224
2233
2234
2274
2282
2321
2344
2347
2352
2482
2530
2532
2545
2565
2582
2585
2611
2630
2651
2686
2766
2770
2815
2815
2815
2815
2815
2815
2815
2815
2815
2815
2815
2815
2815
2815
2816
2816
2829
2829
2829
2873
2882
2907
2954
2959
3013
3017
3023
3057
3058
3072
3095
3124
3125
3125
3131
3131
3131
3131
3131
3131
3132
3132
3132
3132
3132
3132
3132
3132
3132
3132
3132
3132
3132
3132
3132
3132
3132
3132
3132
3132
3132
3132
3132
3132
3132
3132
3132
3132
3137
3140
3140
3141
3155
3158
3159
3161
3161
3161
3161
3161
3161
3163
3163
3163
3163
3163
3163
3164
3164
3164
3169
3188
3193
3193
3194
3194
3194
3195
3199
3201
3202
3202
3216
3225
3228
3230
3232
3234
3246
3248
3250
3269
3274
3284
3285
3285
3285
3295
3296
3297
3297
3297
3297
3297
3298
3298
3298
3298
3298
3298
3298
3298
3298
3298
3298
3298
3298
3298
3298
3298
3298
3298
3298
3298
3298
3298
3298
3298
3298
3298
3298
3298
3298
3298
3298
3298
3298
3299
3299
3299
3299
3299
3334
3334
3334
3336
3410
3446
3454
3468
3486
3560
3560
3621
3643
3650
3660
3663
3663
3664
3685
3685
3730
3731
3735
3737
3771
3788
3815
3835
3887
3895
3913
3974
3986
3995
4048
4048
4156
4167
4168
4185
4195
4212
4387
4388
4494
4536
4536
4557
4597
4610
4611
4633
4650
4668
4669
4672
4676
4680
4690
4692
4705
4713
4730
4733
4748
4748
4748
4748
4748
4748
4748
4748
4748
4760
4763
4776
4783
4807
4815
4817
4820
4830
4838
4846
4846
4847
