0
5
5
9
15
15
15
15
15
15
15
15
16
16
18
19
20
20
21
22
23
24
24
24
26
26
26
26
26
26
26
26
28
30
31
45
48
57
57
58
61
63
64
64
64
65
67
79
81
94
96
96
96
97
97
99
100
105
107
112
112
112
113
113
113
113
113
113
114
114
114
114
117
127
127
127
128
128
128
128
128
128
128
129
130
145
157
166
217
240
244
247
274
302
322
362
362
362
362
363
363
363
366
405
425
439
463
475
498
503
506
520
553
553
554
615
624
644
648
649
650
656
690
751
773
773
795
841
856
876
890
906
914
918
924
924
924
924
924
925
928
933
935
938
966
969
971
971
985
1069
1100
1116
1138
1250
1259
1263
1272
1278
1285
1287
1287
1288
1294
1300
1305
1319
1323
1328
1432
1435
1440
1441
1442
1456
1469
1481
1482
1483
1485
1488
1496
1507
1515
1538
1538
1545
1547
1557
1558
1561
1568
1570
1571
1576
1577
1578
1585
1587
1590
1613
1626
1630
1654
1656
1674
1685
1736
1782
1788
1790
1793
1793
1794
1860
1869
1883
1886
1887
1996
2027
2034
2034
2034
2034
2034
2034
2034
2034
2034
2034
2034
2035
2035
2035
2035
2035
2047
2049
2108
2126
2188
2246
2256
2281
2286
2287
2297
2317
2331
2336
2338
2363
2364
2371
2377
2379
2383
2394
2395
2401
2408
2425
2430
2430
2432
2438
2443
2454
2456
2471
2482
2482
2496
2506
2528
2530
2531
2540
2548
2556
2559
2563
2563
2563
2563
2563
2564
2564
2564
2564
2564
2564
2566
2566
2566
2572
2572
2572
2572
2572
2572
2572
2572
2572
2572
2572
2572
2572
2572
2572
2572
2572
2572
2573
2573
2573
2573
2573
2573
2573
2573
2573
2573
2573
2573
2573
2573
2573
2573
2573
2573
2573
2573
2573
2573
2573
2573
2573
2573
2573
2574
2574
2574
2574
2574
2574
2574
2574
2574
2574
2574
2574
2574
2574
2574
2574
2574
2574
2574
2574
2574
2574
2574
2574
2574
2574
2574
2575
2575
2580
2580
2580
2580
2580
2580
2580
2580
2580
2580
2580
2580
2580
2580
2580
2580
2581
2582
2584
2585
2587
2597
2599
2599
2608
2608
2638
2639
2649
2663
2671
2676
2682
2684
2693
2696
2697
2712
2756
2770
2785
2818
2821
2830
2832
2845
2847
2855
2890
2892
2892
2899
2899
2900
2901
2901
2901
2901
2902
2902
2902
2902
2902
2902
2902
2909
2912
2912
2912
2912
2917
3047
3048
3048
3048
3053
3053
3053
3053
3053
3053
3053
3053
3053
3054
3054
3054
3054
3054
3054
3054
3054
3054
3054
3054
3054
3054
3054
3054
3054
3054
3054
3054
3055
3055
3064
3064
3064
3064
3064
3064
3064
3065
3065
3065
3065
3066
3066
3078
3080
3081
3122
3125
3157
3257
3258
3277
3277
3325
3372
3384
3384
3484
3484
3516
3523
3527
3543
3552
3599
3672
3685
3710
3731
3790
3792
3795
3803
3819
3892
3917
3924
3925
3937
3937
3937
3937
3954
3954
3954
3954
3979
3993
3996
3998
4012
4016
4048
4059
4067
4069
4070
4071
4072
4072
4077
4099
4109
4110
4112
4161
4225
4293
4355
4365
4386
4389
4390
4412
4591
4618
4619
4639
4639
4639
4639
4640
4644
4644
4704
4712
4730
4731
4731
4741
4749
4760
4763
4767
4780
4782
4794
4799
4808
4822
4850
4851
