0
3
6
7
7
9
9
13
20
22
22
24
24
24
24
24
24
24
24
24
27
30
31
35
38
38
38
40
40
40
41
41
47
52
54
54
54
55
59
60
62
62
62
62
63
63
63
63
63
63
69
73
79
80
81
81
85
87
87
92
94
95
96
96
96
96
96
97
99
100
100
101
101
101
101
102
103
106
107
108
108
108
108
108
108
108
108
108
109
113
117
117
117
117
118
118
118
119
120
127
128
128
130
132
146
154
155
166
229
239
287
303
310
311
336
423
481
482
515
530
538
549
571
575
578
581
599
614
615
628
632
694
694
698
709
732
738
761
773
776
776
776
776
776
778
780
782
782
782
800
803
811
836
836
884
888
892
894
894
897
913
915
918
927
927
928
941
941
941
941
942
942
943
943
943
943
943
943
943
943
943
943
943
943
943
943
943
943
943
943
943
943
943
947
947
948
948
948
950
952
961
974
982
995
1003
1003
1005
1006
1010
1011
1013
1024
1035
1036
1036
1052
1052
1055
1057
1062
1067
1073
1077
1083
1102
1166
1230
1244
1265
1265
1265
1313
1314
1314
1315
1315
1315
1315
1316
1318
1318
1318
1318
1318
1318
1318
1319
1319
1319
1319
1319
1319
1319
1319
1319
1319
1319
1319
1319
1319
1319
1319
1319
1319
1319
1319
1319
1319
1319
1319
1319
1319
1319
1319
1320
1320
1320
1320
1320
1415
1415
1416
1416
1416
1416
1417
1438
1438
1438
1438
1438
1452
1493
1496
1508
1508
1508
1509
1509
1515
1515
1518
1525
1525
1560
1560
1560
1567
1568
1568
1568
1568
1568
1568
1568
1568
1568
1568
1568
1568
1568
1568
1568
1568
1569
1569
1569
1569
1575
1576
1576
1576
1576
1576
1576
1576
1576
1576
1576
1577
1577
1577
1577
1577
1577
1577
1577
1577
1577
1577
1577
1577
1577
1577
1577
1577
1577
1577
1577
1577
1577
1577
1577
1577
1577
1578
1578
1578
1578
1578
1578
1582
1600
1632
1638
1641
1649
1650
1666
1672
1673
1680
1687
1695
1720
1729
1752
1792
1808
1808
1843
1849
1853
1866
1909
1925
1961
1966
1992
2003
2043
2117
2132
2145
2152
2218
2222
2232
2241
2241
2241
2241
2249
2253
2258
2262
2275
2276
2288
2312
2338
2340
2495
2502
2513
2527
2527
2528
2528
2528
2529
2530
2530
2530
2530
2530
2531
2531
2536
2537
2539
2539
2539
2539
2539
2540
2540
2540
2540
2540
2540
2540
2540
2540
2540
2541
2544
2578
2583
2587
2587
2587
2588
2589
2597
2611
2620
2630
2664
2709
2730
2736
2737
2742
2742
2752
2770
2779
2781
2802
2821
2827
2835
2835
2856
2884
2956
2958
2962
2963
2975
2975
2975
2975
2975
2975
3000
3050
3055
3095
3096
3096
3100
3106
3122
3122
3125
3126
3128
3128
3129
3130
3132
3133
3133
3140
3143
3164
3164
3170
3191
3198
3210
3230
3260
3267
3281
3290
3290
3291
3312
3312
3318
3342
3351
3357
3361
3406
3412
3432
3439
3454
3469
3483
3597
3610
3613
3621
3635
3678
3685
3689
3689
3698
3716
3720
3728
3730
3733
3734
3736
3740
3743
3758
3759
3761
3768
3772
3778
3778
3778
3778
3778
3779
3779
3779
3779
3780
3782
3784
3804
3813
3813
3818
3818
