0
3
6
7
7
9
10
14
14
20
22
24
24
24
24
24
24
24
25
25
25
26
30
30
30
36
37
39
40
43
50
50
50
51
51
51
52
52
53
56
59
64
65
66
66
68
69
69
74
74
77
78
80
82
85
89
89
91
93
93
95
97
97
97
97
97
97
97
98
98
98
99
99
101
102
102
102
102
106
111
115
117
117
117
117
117
117
117
118
118
118
120
144
144
147
147
148
148
148
149
155
155
172
172
185
200
226
236
267
275
312
313
314
315
316
330
330
330
330
330
330
331
331
332
332
332
336
336
336
338
357
357
361
371
376
383
391
393
404
416
419
423
436
440
450
451
459
465
465
471
472
479
482
491
510
520
521
522
522
522
531
532
535
573
576
600
606
618
639
662
662
662
662
662
701
703
716
722
733
746
762
775
784
785
785
791
799
810
820
829
846
846
849
851
856
866
866
874
874
874
875
875
888
888
899
902
906
906
906
906
906
906
906
906
906
906
913
915
915
915
916
916
917
917
917
917
917
917
917
917
917
917
917
917
917
917
917
917
917
917
917
918
918
918
918
918
918
918
918
918
918
918
918
918
918
918
918
918
918
918
918
918
919
919
919
922
922
922
922
922
922
922
922
922
922
922
922
923
923
923
923
923
923
923
923
923
923
923
923
923
923
923
923
923
923
923
923
923
923
924
924
924
924
924
924
924
924
924
924
924
924
924
924
924
924
924
924
925
925
925
925
925
925
925
925
925
925
925
925
925
925
925
925
925
925
925
925
925
925
925
925
925
925
926
926
926
926
926
926
926
926
926
926
926
972
980
991
1001
1003
1012
1013
1018
1025
1027
1069
1073
1073
1073
1073
1073
1092
1099
1099
1099
1109
1109
1109
1109
1110
1112
1112
1116
1118
1120
1121
1127
1130
1135
1142
1144
1144
1144
1146
1165
1167
1169
1170
1216
1238
1250
1285
1325
1338
1341
1442
1444
1448
1492
1508
1508
1629
1629
1630
1631
1640
1644
1714
1732
1758
1766
1798
1806
1806
1806
1806
1806
1806
1807
1807
1807
1807
1808
1808
1808
1809
1809
1809
1825
1826
1878
1878
1935
1946
1972
1972
1972
1973
1973
1995
1995
2020
2037
2048
2050
2050
2052
2067
2071
2079
2081
2082
2093
2096
2105
2105
2114
2124
2124
2124
2124
2124
2124
2140
2141
2158
2158
2159
2161
2162
2168
2187
2195
2195
2195
2201
2203
2203
2212
2214
2214
2214
2214
2223
2223
2223
2230
2241
2246
2255
2264
2276
2280
2290
2308
2343
2363
2367
2367
2371
2373
2377
2393
2406
2442
2442
2445
2454
2465
2474
2478
2486
2491
2504
2509
2512
2514
2521
2522
2523
2536
2538
2546
2547
2553
2555
2556
2556
2560
2564
2565
2575
2576
2576
2584
2597
2610
2612
2614
2627
2646
2658
2668
2668
2670
2670
2699
2699
2699
2699
2699
2699
2699
2699
2699
2699
2702
2711
2714
2716
2722
2725
2727
2728
2744
2766
2769
2789
2793
2794
2794
2796
2797
2813
2814
2825
