7
10
12
16
20
21
21
21
22
22
23
23
25
25
25
25
25
25
26
26
26
26
27
27
28
29
29
30
31
31
32
33
35
36
36
37
39
39
40
41
41
41
42
42
43
43
43
48
49
50
51
51
52
53
53
55
55
55
56
57
58
59
60
62
62
63
64
66
66
66
67
67
68
70
70
71
74
76
76
76
77
77
77
78
78
78
79
79
79
80
81
81
82
83
86
93
97
103
107
107
107
108
111
113
115
115
115
117
117
117
117
119
121
126
127
130
134
136
139
149
149
149
150
150
150
150
150
150
151
151
152
153
153
153
153
164
166
166
167
175
175
175
175
177
181
190
196
216
226
227
232
234
235
243
252
253
254
268
268
268
270
270
278
278
281
281
281
282
288
290
292
295
311
323
324
331
331
331
331
331
335
345
350
388
430
432
437
439
477
477
477
477
477
477
477
477
477
477
478
478
478
478
478
478
478
478
478
478
478
478
478
478
479
482
483
483
483
483
483
483
483
483
483
484
484
484
484
484
485
485
485
490
490
490
490
490
490
490
490
490
490
490
491
491
491
491
491
491
491
491
491
491
491
491
491
491
491
491
491
491
491
491
492
492
492
492
492
492
492
492
492
492
492
492
492
493
493
493
493
493
493
493
501
506
512
512
521
523
532
547
547
553
554
581
599
600
609
609
609
609
615
617
627
662
684
714
772
785
785
791
791
791
791
791
791
791
791
791
791
791
791
791
791
792
792
792
792
792
792
792
792
792
792
792
792
794
807
812
812
812
812
813
813
813
813
813
817
818
818
818
822
823
824
826
827
831
835
841
842
849
849
855
855
867
870
875
877
878
880
881
881
882
888
897
904
905
907
912
918
927
929
929
929
929
941
946
956
957
962
965
967
967
967
968
969
969
969
980
981
985
985
991
992
997
1000
1010
1011
1011
1011
1024
1026
1027
1028
1028
1028
1028
1028
1028
1028
1028
1028
1028
1029
1029
1029
1029
1029
1029
1029
1029
1029
1029
1029
1029
1029
1029
1029
1029
1029
1029
1029
1029
1029
1029
1029
1029
1032
1038
1039
1039
1053
1062
1066
1066
1066
1069
1069
1075
1075
1084
1091
1091
1091
1097
1102
1102
1102
1102
1102
1102
1110
1111
1112
1112
1112
1112
1112
1112
1122
1122
1122
1135
1140
1142
1145
1151
1151
1157
1157
1157
1157
1181
1181
1181
1181
1186
1186
1186
1186
1186
1186
1187
1187
1187
1187
1187
1187
1187
1189
1189
1189
1189
1189
1189
1189
1196
1200
1224
1225
1235
1236
1243
1251
1257
1265
1283
1309
1315
1362
1391
1398
1408
1409
1409
1410
1410
1410
1410
1428
1459
1467
1467
1474
1516
1522
1528
1624
1632
1641
1655
1669
1673
1724
1724
1832
1985
1987
2034
2034
2048
2073
2144
2189
2189
2200
2200
2200
2200
2200
2200
2210
2210
2210
2211
2252
2253
2259
2264
2264
2273
2277
2300
2312
2312
2320
2325
2325
2401
2411
2421
2439
2452
2452
2454
2458
2470
2479
2492
2534
2536
2561
2561
2561
2567
2567
2580
2595
2595
2595
2595
2595
2596
2598
2598
2603
2603
2603
2603
2603
2603
2604
2604
2613
2614
2616
2618
2618
2638
2638
2638
2653
2653
2675
2675
2675
2675
2675
2676
2688
2688
2688
2688
2688
2688
2688
2688
2688
2689
