7
7
8
8
10
11
11
14
16
16
17
19
20
20
20
21
23
26
29
29
29
29
29
29
29
30
30
30
30
30
30
30
30
30
31
32
33
34
34
34
37
37
39
40
40
41
42
42
42
43
43
44
46
52
53
53
54
55
56
56
56
57
60
60
63
64
64
65
65
66
67
67
68
70
70
70
71
73
73
74
75
76
76
76
76
76
76
76
76
77
77
77
77
77
77
79
79
79
80
83
84
84
88
90
93
94
95
95
95
95
95
95
95
95
95
95
100
100
103
104
105
112
119
120
126
126
126
127
127
129
131
131
132
132
132
132
132
133
152
156
164
164
164
164
164
167
168
172
194
194
194
194
194
194
194
194
194
194
194
194
194
194
194
194
194
194
208
238
241
248
258
273
281
287
290
291
300
301
307
309
313
314
322
324
337
338
338
342
344
355
363
365
373
374
388
388
388
397
402
419
424
431
436
443
444
444
446
450
458
459
459
459
459
459
459
459
459
459
459
459
459
459
459
459
459
459
459
459
459
459
459
459
459
459
459
460
460
460
460
460
460
460
461
461
461
461
462
462
462
464
464
464
464
465
465
465
466
466
467
467
467
467
467
467
467
467
471
478
501
512
541
554
560
587
592
602
607
607
609
647
648
649
650
669
669
672
672
678
686
689
699
710
751
755
769
769
769
769
777
777
789
794
797
809
818
847
848
872
908
908
919
930
936
938
943
944
947
948
948
948
951
957
957
957
957
958
958
959
959
961
978
979
980
981
984
984
985
985
985
990
992
992
992
1001
1001
1001
1001
1006
1016
1025
1029
1030
1030
1030
1030
1031
1031
1031
1031
1031
1031
1031
1031
1031
1031
1031
1031
1031
1031
1031
1031
1031
1031
1031
1031
1031
1031
1031
1031
1032
1042
1052
1052
1052
1052
1052
1052
1056
1059
1067
1081
1081
1087
1088
1088
1088
1091
1092
1094
1101
1105
1105
1105
1107
1107
1124
1125
1125
1125
1127
1127
1127
1139
1141
1141
1148
1149
1150
1158
1177
1215
1216
1224
1232
1233
1243
1246
1249
1323
1338
1338
1338
1340
1358
1358
1358
1361
1362
1377
1377
1377
1377
1384
1408
1413
1423
1430
1434
1434
1435
1439
1443
1444
1444
1444
1444
1445
1445
1445
1445
1446
1448
1463
1463
1463
1467
1467
1467
1470
1470
1470
1470
1474
1474
1474
1474
1474
1474
1474
1474
1474
1474
1474
1474
1474
1475
1475
1475
1475
1475
1475
1476
1486
1488
1495
1506
1523
1528
1556
1569
1616
1616
1616
1619
1632
1650
1698
1704
1719
1728
1736
1736
1736
1736
1736
1739
1739
1739
1739
1739
1739
1739
1739
1739
1745
1745
1747
1747
1747
1752
1764
1770
1770
1785
1789
1798
1803
1809
1809
1809
1838
1845
1851
1851
1851
1851
1857
2017
2067
2093
2159
2159
2162
2162
2181
2181
2188
2215
2254
2257
2295
2406
2424
2425
2482
2507
2595
2595
2595
2610
2621
2621
2621
2621
2621
2621
2621
2621
2643
2643
2643
2643
2643
2643
2643
2643
2643
2643
2643
2643
2671
2697
2697
2697
2697
2697
2697
2815
2820
2820
2820
2821
2821
2821
2821
2821
2821
2852
2858
2858
2858
2858
2858
2878
2899
2907
2907
2908
2908
2908
2908
2908
2908
2908
2908
2908
2908
2908
2908
2908
2908
2908
2917
2917
2917
2917
2917
2917
2917
2917
2917
2917
2917
2917
2917
2918
2918
2918
2918
2918
2918
2918
2919
2919
2919
2919
2919
2977
3055
3081
3122
3131
3171
3179
3199
3318
3320
3321
3377
3377
3406
3406
3409
3409
3409
3409
3409
3409
3409
3410
3410
3410
