7
9
11
17
23
24
24
24
24
24
24
24
26
31
34
35
35
36
44
45
45
45
45
45
46
46
46
46
46
46
47
48
48
49
52
52
56
58
59
60
62
67
70
78
81
81
86
88
88
93
93
97
101
109
109
109
109
109
109
110
110
110
110
110
110
111
115
115
115
115
115
116
116
116
116
116
116
116
116
116
116
116
116
116
116
116
116
116
116
116
116
116
116
116
116
116
116
116
116
116
117
117
117
117
117
117
117
117
117
117
117
117
117
117
117
118
118
119
119
119
119
119
120
120
120
121
125
126
126
126
126
126
127
127
127
127
127
127
129
129
129
129
129
133
135
135
135
136
136
136
136
136
137
139
142
145
158
159
168
195
202
202
206
207
222
224
233
272
273
278
279
279
281
314
350
353
438
446
471
476
507
572
574
623
640
640
652
658
660
661
663
663
663
664
682
683
688
691
691
691
698
698
704
707
707
708
708
708
709
709
709
709
709
709
709
709
709
709
709
709
709
710
714
716
716
716
716
727
731
745
745
746
753
762
764
765
767
778
783
794
799
814
816
816
817
829
835
835
837
853
858
860
867
871
872
872
902
911
916
917
919
924
929
947
960
963
970
972
981
982
983
989
995
1004
1038
1052
1082
1087
1087
1088
1107
1146
1147
1152
1163
1166
1170
1171
1188
1222
1234
1261
1262
1284
1294
1294
1311
1315
1342
1348
1357
1357
1362
1367
1376
1391
1409
1416
1423
1425
1429
1429
1430
1430
1433
1441
1441
1441
1442
1443
1464
1465
1466
1467
1467
1469
1469
1469
1469
1469
1469
1469
1469
1469
1475
1484
1492
1492
1509
1510
1524
1524
1524
1524
1531
1531
1532
1536
1556
1556
1558
1560
1566
1573
1575
1575
1577
1579
1584
1587
1593
1595
1595
1595
1595
1595
1595
1595
1595
1595
1596
1596
1596
1596
1596
1596
1596
1596
1596
1596
1600
1604
1605
1607
1611
1611
1617
1621
1622
1627
1627
1634
1658
1672
1674
1689
1692
1732
1769
1825
1838
1840
1848
1879
1897
1933
1935
1949
1986
2016
2050
2073
2076
2076
2076
2080
2196
2197
2202
2279
2287
2289
2296
2296
2296
2296
2296
2296
2296
2296
2296
2296
2296
2296
2296
2296
2296
2296
2296
2297
2297
2298
2298
2301
2301
2301
2301
2301
2302
2302
2302
2302
2302
2303
2303
2303
2304
2324
2324
2324
2324
2324
2324
2324
2324
2324
2324
2324
2324
2324
2324
2324
2324
2324
2325
2325
2325
2325
2325
2325
2325
2325
2325
2325
2325
2325
2325
2325
2326
2326
2326
2326
2326
2326
2326
2327
2327
2327
2327
2327
2328
2328
2328
2328
2329
2330
2334
2354
2358
2362
2365
2365
2365
2370
2371
2371
2371
2372
2374
2385
2390
2393
2393
2394
2394
2394
2396
2433
2436
2464
2472
2482
2488
2490
2491
2499
2507
2512
2514
2547
2550
2560
2561
2566
2566
2566
2566
2577
2587
2609
2611
2612
2613
2614
2617
2618
2619
2621
2675
2675
2690
2691
2733
2744
2748
2765
2765
2765
2766
2766
2782
2783
2783
2801
2801
2801
2806
2837
2839
2857
2858
2862
2872
2894
2909
2915
2939
2942
2942
2942
2942
2942
2942
2944
2948
2949
2949
2950
2950
2987
2988
2996
3028
3028
3032
3034
3034
3035
3086
3129
3133
3187
3187
3189
3204
3205
3207
3214
3216
3263
3270
3270
3271
3297
3363
3365
3415
3453
3468
3490
3511
3513
3560
3560
3606
3633
3635
