6
7
10
12
13
17
18
18
19
19
20
21
21
23
24
24
24
24
26
26
26
26
26
26
27
27
27
27
27
27
28
29
29
31
31
31
33
33
33
33
33
33
33
33
33
33
33
34
34
34
34
34
34
34
35
35
35
36
36
37
38
39
39
39
39
39
39
40
40
40
40
40
42
43
44
44
44
44
44
45
45
45
46
46
46
46
46
46
46
47
47
49
49
49
49
49
49
49
54
55
57
57
58
60
60
60
60
60
63
65
66
67
68
69
69
69
69
69
69
69
69
69
69
70
70
73
74
74
74
74
75
75
75
75
75
75
75
76
76
76
76
77
77
77
77
77
77
77
77
77
77
77
77
77
77
77
77
77
77
77
77
77
78
78
78
78
78
78
78
78
78
78
78
78
78
78
78
78
78
78
78
78
78
78
78
78
79
79
79
79
79
79
79
79
79
79
79
79
79
79
79
79
79
79
79
79
79
79
79
79
79
79
79
79
79
79
79
79
79
79
79
79
79
79
79
79
79
79
79
79
79
79
80
80
81
81
81
82
83
83
84
84
84
85
85
85
86
87
90
90
94
100
100
100
102
102
107
109
109
113
113
115
115
117
121
126
127
137
137
138
140
140
140
140
141
142
143
143
144
147
148
150
152
153
157
158
162
164
168
177
186
186
186
190
195
195
198
199
199
199
200
200
200
200
201
203
209
210
223
225
229
229
234
247
248
249
255
258
265
265
265
275
276
278
278
282
288
295
296
297
301
301
303
314
314
327
333
333
334
334
337
338
338
342
357
357
357
358
358
358
360
367
369
369
377
383
383
396
398
404
408
409
416
423
424
429
430
433
436
447
452
458
463
463
466
469
474
480
483
483
489
489
493
496
497
497
497
497
497
497
498
498
498
498
498
505
506
506
520
526
526
534
568
591
591
593
597
602
602
602
602
606
612
614
620
628
631
638
650
650
650
656
657
657
659
666
677
717
718
731
743
763
774
777
813
815
820
827
829
831
846
856
863
873
888
889
893
893
897
897
897
910
910
911
914
916
916
933
940
945
946
965
976
1002
1009
1020
1021
1021
1037
1047
1060
1096
1119
1125
1125
1125
1125
1125
1125
1125
1125
1140
1140
1140
1140
1140
1140
1140
1140
1140
1140
1140
1140
1140
1140
1140
1141
1141
1141
1141
1141
1141
1141
1141
1141
1141
1141
1141
1141
1141
1141
1141
1141
1141
1141
1141
1141
1141
1141
1141
1150
1152
1152
1176
1193
1212
1216
1220
1222
1285
1291
1295
1310
1327
1335
1335
1336
1347
1347
1347
1347
1355
1418
1430
1430
1432
1432
1432
1432
1432
1432
1437
1439
1439
1439
1440
1444
1450
1453
1453
1454
1456
1457
1460
1462
1462
1468
1468
1468
1468
1468
1469
1469
1469
1520
1520
1522
1529
1529
1576
1579
1610
1610
1610
1610
1610
1610
1615
1693
1695
1700
1727
1727
1752
1781
1781
1805
1885
1890
1892
1932
1932
1963
1964
1998
1998
1998
1998
2049
2068
2106
2127
2127
2151
2151
2151
2151
2151
2151
2151
2151
2151
2151
2195
2201
2226
2226
2231
2232
2232
2249
2282
2282
2282
2282
2282
2284
2284
2291
2292
2313
2354
2358
2394
2394
2394
2394
2394
2394
2394
2394
2478
2518
2518
2566
2571
2571
