5
7
8
9
9
9
12
12
15
16
19
19
20
20
20
20
25
25
25
30
33
33
34
36
39
41
42
42
42
45
50
52
52
57
71
73
75
83
88
95
95
96
98
99
99
99
99
99
99
99
100
100
101
107
115
116
118
123
126
145
150
174
174
174
174
174
174
174
175
175
175
175
175
179
183
184
184
187
187
192
195
198
211
213
232
238
239
239
239
239
239
239
251
251
251
251
252
252
252
252
252
252
261
263
267
268
281
287
290
294
294
324
328
331
544
567
580
587
587
587
587
596
614
617
641
686
686
686
687
697
704
707
739
741
756
763
767
769
771
771
778
784
801
825
827
830
831
838
845
853
853
853
869
870
871
871
871
872
872
872
872
872
873
874
877
877
877
877
879
879
879
880
881
881
881
881
881
881
881
881
882
882
882
883
883
883
883
883
883
884
884
884
884
884
884
884
884
884
885
885
885
885
885
885
885
886
886
886
886
886
886
886
886
887
887
887
887
887
888
895
896
903
904
907
908
913
915
919
927
930
934
940
944
944
944
944
945
945
945
945
945
945
973
985
1007
1041
1060
1066
1068
1078
1095
1107
1129
1130
1130
1137
1139
1150
1154
1156
1164
1172
1172
1172
1172
1172
1172
1173
1173
1173
1173
1173
1173
1173
1173
1173
1174
1174
1174
1175
1187
1214
1273
1276
1283
1283
1283
1283
1283
1283
1283
1283
1284
1284
1284
1284
1284
1284
1284
1284
1286
1286
1286
1286
1288
1293
1298
1301
1304
1305
1321
1323
1340
1342
1358
1367
1385
1385
1405
1436
1449
1449
1453
1454
1455
1456
1460
1463
1464
1464
1464
1471
1472
1473
1473
1473
1474
1474
1474
1474
1475
1475
1475
1475
1479
1491
1494
1563
1684
1787
1800
1821
1821
1821
1821
1829
1829
1856
1879
1892
1905
1921
1990
1998
2006
2015
2019
2052
2080
2080
2082
2110
2116
2121
2129
2147
2148
2168
2212
2219
2242
2270
2277
2287
2287
2292
2305
2305
2306
2311
2312
2313
2313
2324
2330
2330
2331
2334
2340
2342
2351
2354
2358
2359
2359
2360
2372
2380
2388
2399
2407
2447
2449
2497
2499
2543
2544
2554
2628
2638
2682
2682
2682
2682
2683
2684
2685
2688
2688
2688
2689
2689
2689
2689
2689
2689
2689
2689
2689
2689
2689
2689
2689
2690
2690
2690
2690
2690
2690
2690
2690
2690
2690
2690
2690
2690
2690
2690
2690
2690
2690
2690
2690
2690
2690
2691
2691
2697
2700
2701
2701
2701
2701
2701
2746
2747
2751
2758
2782
2827
2843
2859
2867
2910
2925
2926
2926
2926
2926
2926
2933
2941
2969
2991
3038
3047
3092
3092
3102
3150
3153
3163
3167
3172
3192
3194
3195
3196
3204
3213
3222
3227
3227
3227
3242
3245
3249
3257
3281
3281
3287
3287
3287
3302
3302
3302
3306
3311
3319
3344
3376
3443
3474
3484
3484
3484
3486
3492
3494
3495
3520
3525
3536
3548
3549
3549
3557
3557
3571
3609
3609
3609
3610
3612
3614
3616
3619
3619
3620
3634
3637
3644
3646
3648
3649
3657
3660
3668
3676
3676
3681
3693
3693
3704
3725
3736
3740
3743
3744
3752
3752
3752
3752
3815
3825
3874
3876
3876
3881
3882
3886
3890
3896
3896
3897
3903
3922
3953
3965
3981
3986
4003
4004
4006
4013
4022
4025
4026
4026
4034
4058
4068
4069
4140
4177
4181
4192
4222
4224
4244
4245
4259
4271
4282
4285
4288
4297
4297
4297
4297
4297
4297
4297
4297
4297
4297
4297
4297
4297
4297
4303
4306
4326
