3
5
8
9
9
11
12
12
12
13
13
14
14
15
17
18
18
18
18
19
19
19
19
19
19
21
21
21
23
24
24
24
24
24
25
25
25
26
28
28
29
29
30
30
31
31
31
31
31
32
32
32
32
34
34
35
36
36
37
37
37
40
40
40
43
44
45
45
46
47
47
47
47
47
47
47
47
47
47
47
48
48
50
50
51
51
51
52
52
52
52
52
53
54
58
59
60
60
62
63
64
64
64
66
67
69
71
71
72
73
73
75
76
76
79
81
82
82
82
82
82
82
83
83
85
85
86
86
86
87
88
88
88
88
88
89
89
93
94
94
94
94
94
94
94
94
95
96
97
97
100
102
104
106
107
108
110
110
110
111
111
115
115
116
116
116
116
116
117
117
118
118
119
119
120
121
121
121
121
121
121
122
122
122
122
122
123
123
123
123
123
123
123
123
124
124
124
124
124
124
124
124
124
125
125
125
125
125
125
126
126
126
126
126
126
127
127
127
128
131
132
132
133
135
141
145
147
148
152
153
154
154
154
154
154
155
162
164
164
164
164
164
172
179
186
196
196
197
202
207
207
207
207
210
210
210
210
210
210
210
210
210
210
210
210
210
210
210
210
210
210
211
212
212
212
212
212
212
212
212
212
212
213
213
213
213
213
213
213
213
213
213
213
213
213
213
214
214
214
214
214
214
215
215
215
215
215
215
215
215
215
215
215
215
215
215
215
215
215
215
215
215
215
215
215
215
215
216
216
216
219
219
222
223
226
226
227
228
231
232
235
235
242
242
249
256
259
260
266
266
267
267
269
271
271
273
274
276
276
277
288
289
289
290
293
296
297
303
304
305
307
307
309
313
314
316
316
319
323
324
329
329
331
331
340
346
351
353
355
355
356
359
368
369
369
369
369
369
369
372
381
398
398
403
404
413
421
422
423
426
435
437
438
444
446
447
447
449
451
473
480
486
488
489
490
491
493
498
501
503
504
507
511
513
517
524
525
526
528
529
533
544
544
546
551
551
551
556
565
574
575
575
577
579
581
588
591
593
593
598
600
601
609
610
610
612
614
617
623
623
623
624
624
624
624
624
624
636
636
646
652
656
657
657
658
662
665
667
669
672
677
677
678
679
684
684
684
684
684
684
687
690
692
693
700
703
709
709
716
718
719
725
730
738
739
739
739
739
739
740
740
740
740
740
740
740
742
744
745
746
747
748
748
749
754
755
755
756
756
758
759
759
759
762
764
766
766
766
766
766
766
766
766
766
767
769
769
769
769
770
770
771
771
771
786
793
795
798
798
804
807
812
816
821
824
824
832
836
837
844
847
854
864
866
872
876
881
882
891
891
896
899
901
904
906
906
906
906
906
906
906
907
907
907
907
907
907
907
907
907
907
907
907
916
925
926
926
927
927
936
937
943
943
943
943
943
943
943
943
943
946
947
947
947
947
947
947
950
952
959
962
965
965
965
967
969
971
972
972
973
975
980
981
986
991
992
995
1011
1016
1018
1018
1019
1019
1022
1027
1028
1031
1032
1054
1056
1056
1056
