6
6
6
6
8
8
8
8
9
9
9
9
9
9
9
9
12
12
12
12
12
12
12
12
13
13
13
13
14
14
14
14
14
14
14
14
15
15
15
15
17
17
17
17
19
19
19
19
19
19
19
19
20
20
20
20
20
20
20
20
22
22
22
22
22
22
22
22
22
22
22
22
22
22
22
22
22
22
22
22
23
23
23
23
23
23
23
23
24
24
24
24
24
24
24
24
27
27
27
27
27
27
27
27
27
27
27
27
27
27
27
27
27
27
27
27
27
27
27
27
28
28
28
28
28
28
28
28
28
28
28
28
28
28
28
28
30
30
30
30
31
31
31
31
31
31
31
31
31
31
31
31
32
32
32
32
32
32
32
32
34
34
34
34
34
34
34
34
34
34
34
34
35
35
35
35
36
36
36
36
36
36
36
36
36
36
36
36
36
36
36
36
39
39
39
39
41
41
41
41
41
41
41
41
41
41
41
41
42
42
42
42
45
45
45
45
45
45
45
45
45
45
45
45
46
46
46
46
46
46
46
46
46
46
46
46
47
47
47
47
48
48
48
48
49
49
49
49
52
52
52
52
53
53
53
53
53
53
53
53
53
53
53
53
54
54
54
54
54
54
54
54
55
55
55
55
58
58
58
58
58
58
58
58
59
59
59
59
59
59
59
59
60
60
60
60
60
60
60
60
63
63
63
63
65
65
65
65
65
65
65
65
66
66
66
66
67
67
67
67
70
70
70
70
73
73
73
73
73
73
73
73
74
74
74
74
74
74
74
74
76
76
76
76
76
76
76
76
78
78
78
78
78
78
78
78
78
78
78
78
79
79
79
79
80
80
80
80
80
80
80
80
83
83
83
83
83
83
83
83
83
83
83
83
84
84
84
84
84
84
84
84
85
85
85
85
86
86
86
86
87
87
87
87
88
88
88
88
89
89
89
89
90
90
90
90
93
93
93
93
93
93
93
93
94
94
94
94
94
94
94
94
94
94
94
94
97
97
97
97
98
98
98
98
100
100
100
100
101
101
101
101
102
102
102
102
103
103
103
103
104
104
104
104
105
105
105
105
106
106
106
106
106
106
106
106
106
106
106
106
108
108
108
108
108
108
108
108
111
111
111
111
111
111
111
111
111
111
111
111
111
111
111
111
111
111
111
111
118
118
118
118
118
118
118
118
119
119
119
119
119
119
119
119
122
122
122
122
122
122
122
122
123
123
123
123
123
123
123
123
123
123
123
123
124
124
124
124
124
124
124
124
127
127
127
127
128
128
128
128
129
129
129
129
131
131
131
131
134
134
134
134
135
135
135
135
137
137
137
137
138
138
138
138
138
138
138
138
141
141
141
141
141
141
141
141
143
143
143
143
144
144
144
144
144
144
144
144
144
144
144
144
144
144
144
144
145
145
145
145
148
148
148
148
148
148
148
148
150
150
150
150
156
156
156
156
157
157
157
157
160
160
160
160
161
161
161
161
161
161
161
161
162
162
162
162
163
163
163
163
163
163
163
163
164
164
164
164
164
164
164
164
164
164
164
164
165
165
165
165
165
165
165
165
165
165
165
165
166
166
166
166
166
166
166
166
167
167
167
167
169
169
169
169
169
169
169
169
169
169
169
169
170
170
170
170
170
170
170
170
171
171
171
171
173
173
173
173
177
177
177
177
177
177
177
177
184
184
184
184
184
184
184
184
184
184
184
184
186
186
186
186
187
187
187
187
188
188
188
188
190
190
190
190
193
193
193
193
194
194
194
194
195
195
195
195
195
195
195
195
197
197
197
197
198
198
198
198
198
198
198
198
198
198
198
198
199
199
199
199
199
199
199
199
199
199
199
199
199
199
199
199
200
200
200
200
200
200
200
200
201
201
201
201
201
201
201
201
201
201
201
201
201
201
201
201
201
201
201
201
203
203
203
203
204
204
204
204
204
204
204
204
205
205
205
205
206
206
206
206
207
207
207
207
207
207
207
207
207
207
207
207
207
207
207
207
211
211
211
211
212
212
212
212
214
214
214
214
216
216
216
216
218
218
218
218
218
218
218
218
218
218
218
218
218
218
218
218
218
218
218
218
218
218
218
218
218
218
218
218
219
219
219
219
219
219
219
219
219
219
219
219
220
220
220
220
225
225
225
225
229
229
229
229
231
231
231
231
234
234
234
234
243
243
243
243
244
244
244
244
244
244
244
244
244
244
244
244
244
244
244
244
244
244
244
244
244
244
244
244
244
244
244
244
244
244
244
244
244
244
244
244
244
244
244
244
244
244
244
244
245
245
245
245
245
245
245
245
245
245
245
245
245
245
245
245
245
245
245
245
248
248
248
248
249
249
249
249
252
252
252
252
258
258
258
258
259
259
259
259
260
260
260
260
261
261
261
261
266
266
266
266
268
268
268
268
270
270
270
270
274
274
274
274
283
283
283
283
283
283
283
283
285
285
285
285
286
286
286
286
287
287
287
287
287
287
287
287
294
294
294
294
301
301
301
301
309
309
309
309
345
345
345
345
365
365
365
365
365
365
365
365
369
369
369
369
369
369
369
369
371
371
371
371
372
372
372
372
458
458
458
458
464
464
464
464
468
468
468
468
475
475
475
475
475
475
475
475
475
475
475
475
475
475
475
475
475
475
475
475
475
475
475
475
475
475
475
475
475
475
475
475
475
475
475
475
475
475
475
475
475
475
475
475
475
475
475
475
475
475
475
475
475
475
475
475
475
475
475
475
475
475
475
475
475
475
475
475
475
475
475
475
475
475
475
475
475
475
475
475
475
475
475
475
475
475
475
475
475
475
475
475
475
475
475
475
476
476
476
476
476
476
476
476
476
476
476
476
476
476
476
476
476
476
476
476
476
476
476
476
476
476
476
476
476
476
476
476
477
477
477
477
477
477
477
477
477
477
477
477
477
477
477
477
477
477
477
477
477
477
477
477
478
478
478
478
478
478
478
478
478
478
478
478
478
478
478
478
478
478
478
478
479
479
479
479
479
479
479
479
479
479
479
479
479
479
479
479
479
479
479
479
479
479
479
479
479
479
479
479
479
479
479
479
480
480
480
480
480
480
480
480
480
480
480
480
483
483
483
483
483
483
483
483
484
484
484
484
494
494
494
494
494
494
494
494
495
495
495
495
495
495
495
495
495
495
495
495
495
495
495
495
495
495
495
495
495
495
495
495
495
495
495
495
495
495
495
495
495
495
495
495
495
495
495
495
495
495
495
495
495
495
495
495
495
495
495
495
495
495
495
495
495
495
495
495
495
495
495
495
495
495
495
495
495
495
495
495
496
496
496
496
496
496
496
496
496
496
496
496
496
496
496
496
497
497
497
497
499
499
499
499
499
499
499
499
499
499
499
499
499
499
499
499
499
499
499
499
499
499
499
499
499
499
499
499
500
500
500
500
517
517
517
517
520
520
520
520
526
526
526
526
529
529
529
529
534
534
534
534
535
535
535
535
567
567
567
567
582
582
582
582
591
591
591
591
595
595
595
595
602
602
602
602
608
608
608
608
612
612
612
612
657
657
657
657
669
669
669
669
687
687
687
687
698
698
698
698
712
712
712
712
713
713
713
713
716
716
716
716
717
717
717
717
717
717
717
717
727
727
727
727
728
728
728
728
736
736
736
736
736
736
736
736
739
739
739
739
741
741
741
741
742
742
742
742
749
749
749
749
753
753
753
753
756
756
756
756
758
758
758
758
766
766
766
766
767
767
767
767
769
769
769
769
772
772
772
772
777
777
777
777
794
794
794
794
812
812
812
812
818
818
818
818
819
819
819
819
822
822
822
822
826
826
826
826
827
827
827
827
828
828
828
828
832
832
832
832
836
836
836
836
837
837
837
837
841
841
841
841
841
841
841
841
845
845
845
845
846
846
846
846
846
846
846
846
846
846
846
846
846
846
846
846
847
847
847
847
847
847
847
847
847
847
847
847
847
847
847
847
847
847
847
847
860
860
860
860
860
860
860
860
867
867
867
867
870
870
870
870
870
870
870
870
870
870
870
870
880
880
880
880
882
882
882
882
885
885
885
885
888
888
888
888
888
888
888
888
889
889
889
889
892
892
892
892
894
894
894
894
897
897
897
897
897
897
897
897
898
898
898
898
898
898
898
898
898
898
898
898
905
905
905
905
906
906
906
906
906
906
906
906
906
906
906
906
906
906
906
906
907
907
907
907
907
907
907
907
907
907
907
907
907
907
907
907
907
907
907
907
907
907
907
907
907
907
907
907
907
907
907
907
914
914
914
914
914
914
914
914
917
917
917
917
923
923
923
923
929
929
929
929
931
931
931
931
931
931
931
931
932
932
932
932
933
933
933
933
933
933
933
933
933
933
933
933
933
933
933
933
934
934
934
934
941
941
941
941
942
942
942
942
943
943
943
943
943
943
943
943
946
946
946
946
947
947
947
947
948
948
948
948
949
949
949
949
949
949
949
949
952
952
952
952
952
952
952
952
956
956
956
956
959
959
959
959
959
959
959
959
959
959
959
959
959
959
959
959
959
959
959
959
959
959
959
959
959
959
959
959
959
959
959
959
961
961
961
961
965
965
965
965
965
965
965
965
966
966
966
966
968
968
968
968
968
968
968
968
968
968
968
968
968
968
968
968
968
968
968
968
969
969
969
969
969
969
969
969
969
969
969
969
969
969
969
969
969
969
969
969
969
969
969
969
969
969
969
969
969
969
969
969
969
969
969
969
969
969
969
969
969
969
969
969
969
969
969
969
969
969
969
969
969
969
969
969
969
969
969
969
969
969
969
969
969
969
969
969
969
969
969
969
969
969
969
969
969
969
969
969
969
969
969
969
969
969
969
969
970
970
970
970
970
970
970
970
970
970
970
970
970
970
970
970
970
970
970
970
970
970
970
970
971
971
971
971
973
973
973
973
974
974
974
974
976
976
976
976
977
977
977
977
978
978
978
978
980
980
980
980
981
981
981
981
982
982
982
982
987
987
987
987
988
988
988
988
988
988
988
988
988
988
988
988
990
990
990
990
991
991
991
991
991
991
991
991
993
993
993
993
993
993
993
993
997
997
997
997
998
998
998
998
1000
1000
1000
1000
1000
1000
1000
1000
1000
1000
1000
1000
1001
1001
1001
1001
1003
1003
1003
1003
1010
1010
1010
1010
1010
1010
1010
1010
1011
1011
1011
1011
1019
1019
1019
1019
1025
1025
1025
1025
1028
1028
1028
1028
1038
1038
1038
1038
1040
1040
1040
1040
1043
1043
1043
1043
1046
1046
1046
1046
1048
1048
1048
1048
1054
1054
1054
1054
1054
1054
1054
1054
1054
1054
1054
1054
1055
1055
1055
1055
1055
1055
1055
1055
1055
1055
1055
1055
1055
1055
1055
1055
1055
1055
1055
1055
1055
1055
1055
1055
1056
1056
1056
1056
1056
1056
1056
1056
