9
9
10
14
18
22
22
23
23
24
26
26
26
26
26
27
28
28
28
28
29
29
29
29
30
31
31
31
31
32
32
32
32
32
32
32
32
32
33
33
33
33
35
35
37
38
38
39
39
41
41
41
41
41
45
46
47
47
48
48
49
49
49
50
50
51
51
53
54
55
55
56
58
58
59
64
65
65
67
73
74
75
77
77
78
78
81
81
81
81
84
85
92
95
96
96
99
99
102
103
103
103
103
104
104
104
104
104
104
104
105
105
106
106
112
112
113
113
113
113
113
113
113
113
113
115
115
117
117
118
119
120
120
120
120
120
120
120
121
123
128
131
142
147
149
149
172
185
192
203
204
205
209
216
280
288
310
311
321
323
323
323
323
326
336
345
345
347
362
369
370
370
373
380
384
387
388
390
392
392
404
405
406
412
412
412
417
423
424
425
437
437
437
437
437
437
437
437
437
437
437
437
437
437
437
437
437
437
437
437
437
437
437
437
437
437
437
437
437
437
437
437
437
437
443
443
443
443
443
443
443
443
443
443
443
443
443
443
444
444
444
444
444
444
444
444
444
447
450
450
454
456
459
464
464
466
474
474
475
490
492
494
495
501
502
506
518
520
521
522
522
530
532
532
536
544
546
546
551
555
559
572
572
573
575
576
582
593
603
607
607
607
610
628
633
633
638
640
644
645
647
648
649
649
650
651
651
653
661
665
665
669
669
670
670
677
677
677
698
705
706
708
711
720
759
768
775
776
777
777
791
791
792
792
792
792
792
793
802
803
812
812
812
812
812
813
813
817
817
817
817
817
817
817
817
817
817
817
817
817
817
817
817
818
819
819
821
821
821
821
821
822
822
822
822
822
822
822
822
822
822
823
823
823
823
823
823
823
823
823
823
823
823
823
823
825
825
825
826
826
826
826
826
826
827
827
827
827
828
828
828
828
828
828
834
835
836
838
843
843
843
844
850
852
852
852
852
852
852
852
852
852
852
852
852
853
853
853
853
853
853
853
853
853
853
853
853
853
853
853
853
853
853
853
853
853
853
853
853
853
854
854
854
854
854
854
854
854
855
857
861
862
862
862
862
862
864
873
874
885
887
896
899
904
919
921
921
921
921
921
921
921
921
921
921
950
958
958
959
980
980
982
983
984
984
984
985
986
988
989
990
991
992
993
1002
1003
1006
1010
1010
1010
1011
1017
1018
1018
1018
1018
1024
1026
1029
1029
1029
1036
1045
1045
1046
1048
1059
1059
1067
1069
1070
1075
1076
1076
1078
1078
1078
1078
1078
1079
1100
1100
1100
1100
1106
1106
1106
1106
1107
1119
1119
1124
1137
1159
1162
1162
1163
1163
1163
1163
1163
1163
1163
1163
1163
1163
1163
1163
1163
1163
1163
1163
1163
1163
1180
1180
1205
1217
1217
1222
1230
1251
1253
1253
1271
1271
1271
1271
1271
1272
1272
1272
1272
1272
1272
1272
1272
1272
1272
1274
1274
1274
1286
1288
1288
1288
1288
1288
1288
1292
1298
1299
1299
1299
1299
1299
1299
1299
1299
1299
1299
1321
1353
1366
1370
1370
1370
1370
1370
1377
1382
1382
1382
1384
1384
1385
1385
1385
1385
1385
1386
1386
1386
1386
1386
