9
10
10
10
10
12
12
14
15
16
16
16
16
16
18
18
18
19
19
19
19
20
21
24
27
29
30
33
34
34
36
36
36
36
36
37
37
37
38
38
39
40
41
41
42
42
42
42
43
43
43
43
43
43
43
43
44
45
46
47
48
48
51
53
55
56
56
57
57
59
59
64
64
65
66
66
67
68
68
68
68
68
68
68
69
69
69
69
69
69
69
69
72
76
79
81
83
83
84
84
84
84
84
84
84
84
84
87
88
88
88
88
88
88
88
88
88
88
88
89
89
89
89
89
89
89
89
89
89
89
89
89
89
89
89
89
89
89
89
89
89
89
89
90
90
91
91
92
92
93
95
95
95
95
95
95
95
95
96
96
96
96
96
96
96
96
96
96
96
96
96
96
96
96
96
96
96
96
96
96
96
96
96
96
97
97
97
99
99
99
99
101
102
102
103
106
106
107
107
107
107
107
108
110
110
110
112
112
112
115
117
118
119
119
120
120
121
121
126
126
126
127
129
133
137
139
139
144
174
176
184
187
197
199
209
209
211
243
254
255
259
259
262
266
268
280
285
310
315
329
400
400
401
402
409
409
463
473
502
522
526
527
536
546
547
547
548
549
549
549
549
549
585
604
624
625
640
642
642
658
661
684
685
688
693
700
712
718
730
734
742
760
766
773
787
796
801
801
801
808
808
809
812
817
823
824
833
833
834
834
834
834
834
834
834
834
834
834
834
834
834
834
839
859
876
894
894
895
895
895
896
896
897
912
919
927
937
937
937
938
953
971
991
993
995
995
1011
1020
1028
1046
1048
1065
1103
1103
1104
1108
1109
1109
1109
1111
1111
1124
1130
1135
1135
1141
1141
1145
1148
1148
1148
1159
1166
1170
1174
1174
1176
1179
1182
1190
1190
1191
1192
1222
1222
1222
1222
1232
1232
1237
1239
1240
1242
1242
1248
1248
1248
1248
1257
1265
1266
1280
1280
1283
1285
1285
1294
1298
1315
1326
1327
1338
1343
1344
1348
1351
1351
1353
1356
1360
1361
1363
1364
1365
1367
1367
1370
1370
1370
1370
1370
1370
1371
1371
1371
1371
1371
1371
1371
1371
1371
1371
1371
1371
1371
1371
1371
1373
1374
1375
1375
1375
1375
1375
1375
1376
1376
1376
1376
1377
1377
1377
1380
1380
1380
1381
1381
1381
1381
1381
1381
1381
1381
1383
1383
1383
1383
1383
1383
1383
1383
1383
1386
1386
1386
1386
1386
1386
1386
1386
1387
1387
1387
1387
1387
1387
1387
1388
1388
1388
1388
1389
1389
1389
1390
1390
1390
1391
1391
1392
1392
1393
1393
1393
1393
1393
1393
1393
1394
1402
1402
1403
1403
1403
1403
1403
1403
1403
1403
1403
1403
1403
1403
1410
1430
1434
1438
1439
1441
1462
1471
1472
1581
1588
1590
1600
1618
1630
1634
1636
1637
1656
1670
1693
1693
1693
1693
1722
1757
1762
1766
1767
1767
1789
1800
1800
1800
1800
1803
1808
1839
1852
1852
1852
1874
1878
1878
1878
1878
1878
1878
1878
1878
1878
1878
1878
1878
1919
1946
1946
1957
1968
1984
1984
1984
1984
1984
1984
1984
1984
1994
1994
1999
2004
2015
2015
2059
2059
2081
2085
2151
2192
2198
2207
2213
2221
2230
2243
2276
2276
2276
2276
2302
2316
2316
2316
2316
2316
2316
2322
2322
2322
2322
2322
2322
2322
2322
2322
2322
2322
2322
2322
