6
7
8
12
12
13
14
15
15
16
19
19
19
20
24
24
25
25
25
25
26
26
28
30
30
31
31
31
31
32
33
33
33
34
34
35
36
36
36
37
37
38
38
40
40
41
41
42
42
42
43
44
44
45
46
46
47
48
48
49
49
49
49
49
49
49
50
50
50
51
52
53
53
54
55
56
57
57
57
58
60
60
60
60
60
60
61
62
63
63
64
64
65
65
68
70
70
75
78
83
83
85
87
87
89
94
96
117
118
118
118
122
122
130
131
132
138
142
142
142
142
144
144
144
144
146
147
147
148
149
150
152
152
153
153
154
158
161
162
162
163
163
163
163
164
164
164
169
169
171
172
175
175
175
179
179
183
184
184
184
185
187
189
194
195
196
196
196
198
198
198
198
200
202
204
204
204
204
205
205
209
209
209
209
209
212
213
218
219
220
220
220
223
223
233
234
234
234
234
234
234
235
237
239
239
239
239
245
258
258
260
261
264
267
272
278
283
296
299
304
309
324
324
330
363
371
382
382
382
383
383
397
397
397
397
397
403
404
404
421
425
427
431
439
439
439
445
447
458
458
458
458
458
458
458
458
458
458
465
471
474
484
488
488
488
488
488
488
488
488
488
488
488
488
492
499
505
505
505
505
507
516
521
521
523
523
523
523
524
527
529
538
538
538
539
539
540
540
540
543
543
546
547
549
549
552
569
578
578
578
585
593
594
595
596
596
608
610
614
618
631
631
631
631
631
631
636
638
641
641
641
650
656
656
656
656
675
677
677
680
683
700
704
710
710
720
721
728
739
744
744
744
749
773
776
783
824
831
845
870
882
887
936
936
944
944
975
978
978
978
978
978
978
978
978
978
984
1006
1012
1014
1014
1027
1029
1029
1037
1040
1040
1049
1061
1065
1066
1066
1081
1081
1086
1088
1100
1111
1111
1125
1125
1125
1125
1125
1125
1130
1136
1143
1145
1155
1169
1179
1179
1179
1179
1179
1179
1182
1182
1183
1183
1188
1198
1198
1236
1236
1250
1250
1250
1250
1264
1264
1268
1268
1268
1268
1268
1268
1283
1295
1329
1330
1340
1340
1340
1340
1340
1340
1342
1342
1342
1342
1342
1342
1343
1347
1347
1347
1347
1347
1347
1347
1348
1350
1366
1366
1373
1384
1387
1389
1389
1404
1415
1415
1415
1415
1415
1415
1418
1424
1424
1424
1424
1424
1424
1429
1434
1439
1439
1457
1457
1457
1457
1457
1457
1459
1468
1474
1474
1478
1480
1480
1485
1485
1485
1485
1497
1498
1527
1527
1528
1528
1541
1543
1543
1543
1543
1543
1543
1543
1543
1543
1543
1543
1543
1544
1544
1544
1544
1544
1544
1544
1544
1544
1544
1544
1544
1544
1544
1544
1544
1544
1544
1544
1544
1544
1544
1544
1544
1544
1544
1544
1544
1544
1544
1545
1550
1550
1550
1550
1551
1565
1570
1570
1573
1574
1574
1578
1578
1588
1592
1599
1599
1608
1616
1627
1627
1627
1627
1627
1627
1627
1627
1627
1627
1627
1627
1627
1627
1628
1628
1631
1631
1631
1631
1631
1631
1631
1631
1632
1632
1632
1632
1632
1632
1632
1632
1632
1632
1632
1632
1632
1633
1633
1633
1633
1633
1633
1633
1633
1634
1634
1634
1634
1634
1635
1635
1635
1635
1635
1635
1636
1636
1636
1636
1636
1636
1643
1644
1644
1644
1644
1644
1644
1644
1644
1644
1644
1644
1644
1644
1644
1644
1644
1644
1645
1645
1645
1645
1645
1645
1645
1645
1645
1645
1645
1651
1652
1674
1685
1685
1738
1742
