5
6
11
14
17
17
17
21
21
22
22
23
23
23
25
25
25
27
27
27
27
28
28
28
28
30
30
30
31
31
31
31
31
31
32
33
35
36
36
36
36
38
38
45
48
48
48
52
52
52
53
58
58
61
61
61
62
62
62
65
66
66
66
66
69
72
77
77
78
79
79
82
82
82
83
86
89
91
92
93
94
96
101
102
103
104
104
105
105
109
110
110
110
110
110
110
110
110
111
111
112
112
113
117
119
124
125
125
125
126
126
127
128
132
132
135
145
150
161
173
173
174
174
175
180
182
183
183
189
198
232
284
287
298
304
320
320
322
334
336
336
337
337
338
344
348
348
359
359
360
361
361
362
362
362
364
364
364
372
373
373
374
374
375
375
375
375
375
375
375
376
383
391
412
434
435
440
444
450
455
455
460
465
487
490
490
495
500
502
504
506
508
508
508
508
512
528
555
579
579
580
593
596
658
682
688
709
716
722
724
726
728
731
733
750
752
758
771
782
789
828
868
869
881
899
901
904
905
913
913
915
920
921
934
936
944
949
949
969
973
1013
1014
1032
1047
1055
1058
1166
1194
1216
1260
1331
1378
1395
1395
1404
1412
1420
1425
1433
1433
1433
1433
1433
1439
1442
1443
1449
1468
1483
1486
1487
1489
1500
1506
1519
1524
1530
1537
1540
1548
1548
1549
1550
1554
1556
1559
1562
1563
1565
1567
1579
1589
1593
1594
1596
1609
1609
1638
1656
1677
1707
1714
1729
1736
1736
1736
1736
1736
1736
1736
1736
1740
1746
1753
1757
1762
1778
1829
1881
1983
1985
2003
2065
2082
2176
2202
2224
2224
2263
2263
2263
2270
2280
2280
2281
2309
2314
2335
2352
2355
2357
2360
2364
2364
2364
2372
2380
2380
2382
2383
2386
2392
2397
2400
2401
2403
2405
2408
2409
2419
2420
2429
2429
2435
2441
2458
2470
2475
2485
2494
2496
2497
2499
2503
2513
2519
2526
2532
2540
2548
2561
2565
2573
2574
2576
2590
2591
2593
2595
2596
2604
2620
2625
2641
2731
2752
2758
2786
2787
2793
2803
2804
2823
2825
2826
2829
2835
2838
2838
2854
2865
2873
2876
2876
2876
2876
2878
2879
2880
2900
2911
2914
2914
2914
2917
2918
2968
2990
2990
3021
3126
3436
3439
3439
3439
3439
3439
3439
3439
3439
3439
3439
3439
3439
3482
3482
3482
3482
3482
3482
3482
3482
3482
3597
3598
3598
3598
3599
3599
3599
3599
3599
3606
3607
3616
3637
3637
3637
3637
3637
3637
3637
3637
3637
3637
3637
3637
3637
3637
3637
3637
3637
3637
3638
3638
3638
3638
3638
3638
3638
3638
3638
3638
3638
3638
3638
3638
3638
3638
3638
3638
3638
3642
3642
3642
3642
3642
3642
3642
3642
3642
3642
3642
3643
3643
3643
3643
3643
3643
3643
3644
3644
3644
3644
3644
3644
3644
3644
3645
3645
3645
3646
3648
3648
3649
3649
3649
3649
3649
3649
3649
3649
3649
3649
3649
3649
3649
3650
3650
3650
3650
3650
3650
3650
3650
3650
3651
3651
3651
3651
3651
3651
3651
3651
3651
3651
3651
3652
3652
3652
3652
3652
3652
3655
3656
3656
3656
3656
3657
3657
3657
3657
3657
3657
3657
3657
3657
3657
3657
3657
3657
3657
3657
3657
3657
3657
3657
3657
3658
3669
3697
3717
3738
3740
3742
3767
3775
3776
3778
3780
3780
3791
3794
3794
3796
3802
3837
3871
3871
3871
3871
3871
3871
3871
3874
3875
3878
3886
3887
3899
3908
3926
3937
3941
3941
3968
3969
4003
4021
4022
4053
4057
4063
4065
4074
4074
4078
4090
4092
4163
4191
4203
4203
4206
4328
4329
4339
4386
4387
4389
4392
4392
4394
4395
4395
4395
4399
4399
4399
4399
4399
4399
4399
4399
4399
4399
4399
4399
4399
4399
4399
4399
4399
4399
4399
4399
4399
4413
4431
4431
4431
4431
4431
4431
4431
4433
4434
4454
4455
4458
4462
4589
4589
4589
4589
4590
4590
4591
4594
4594
4595
4596
4600
4601
4602
