5
5
10
11
11
11
12
12
12
13
16
16
16
18
19
20
21
22
22
22
24
24
24
25
26
26
26
26
26
26
27
27
27
27
27
27
28
29
29
30
30
30
30
30
30
31
31
31
31
31
31
31
32
32
32
33
33
33
33
33
34
34
35
36
36
36
37
37
39
39
39
40
40
40
40
41
41
43
43
43
43
44
44
45
46
46
48
49
49
50
50
50
50
50
50
50
51
51
51
51
51
51
51
51
51
51
51
51
51
51
52
52
53
53
54
55
56
56
56
57
59
59
59
60
60
60
60
60
60
62
62
63
64
65
67
67
67
67
67
67
67
67
67
67
67
67
67
67
67
69
69
69
69
69
69
71
72
75
76
76
76
80
80
80
81
81
82
83
85
87
87
87
90
91
91
91
93
93
93
93
94
94
94
94
94
94
96
96
97
98
98
98
98
98
98
99
99
99
99
99
99
99
99
99
100
100
101
102
103
103
105
108
109
110
111
111
112
112
116
121
125
126
129
129
137
140
140
146
151
151
152
155
158
159
160
160
160
161
161
161
172
174
175
178
185
190
191
198
198
200
212
216
217
217
218
223
233
240
252
266
271
271
273
275
275
283
290
299
306
308
337
338
339
339
339
339
339
339
339
343
344
351
354
357
359
359
377
379
380
388
400
402
413
413
433
434
445
463
466
470
470
481
490
495
504
505
509
513
524
526
531
531
559
561
563
563
564
580
583
584
585
585
586
587
587
589
592
596
597
597
597
598
598
598
598
608
611
614
614
614
618
621
623
625
627
630
631
633
634
636
638
639
639
646
651
679
680
687
691
700
701
709
714
714
748
749
750
757
762
764
768
773
775
775
778
779
783
787
790
802
806
808
847
853
875
879
880
891
896
917
920
928
941
941
945
947
950
954
959
963
971
972
972
981
982
984
995
997
998
1002
1005
1011
1013
1017
1020
1032
1035
1036
1038
1039
1040
1040
1046
1051
1057
1063
1065
1072
1072
1083
1086
1092
1092
1093
1099
1101
1104
1119
1120
1120
1120
1120
1129
1140
1140
1141
1141
1165
1166
1167
1176
1190
1191
1200
1205
1205
1210
1225
1226
1230
1233
1248
1250
1255
1255
1256
1270
1284
1289
1296
1299
1303
1303
1355
1357
1358
1369
1391
1400
1402
1404
1406
1420
1420
1424
1427
1430
1431
1434
1436
1436
1436
1436
1437
1437
1437
1437
1437
1437
1438
1438
1438
1438
1438
1441
1441
1441
1442
1443
1447
1448
1448
1448
1448
1451
1456
1457
1461
1462
1462
1466
1467
1467
1467
1468
1469
1469
1469
1469
1469
1469
1469
1469
1469
1469
1469
1469
1469
1469
1470
1470
1476
1476
1476
1476
1476
1500
1512
1515
1518
1534
1547
1562
1562
1592
1595
1602
1628
1649
1680
1681
1695
1695
1695
1695
1695
1695
1695
1695
1695
1695
1695
1695
1695
1695
1695
1695
1695
1696
1696
1696
1696
1696
1696
1696
1696
1696
1696
1696
1696
1696
1696
1696
1696
1696
1696
1696
1696
1696
1696
1696
1696
1696
1696
1696
1697
1697
1697
1708
1708
1711
1717
1717
1717
1717
1717
1717
1717
1717
1717
1717
1717
1717
1717
1717
1717
1718
1720
1726
1735
1742
1743
1743
1743
1743
1743
1743
1743
1743
1743
1743
1743
1743
1743
1743
1743
1743
1743
1743
1743
1743
1743
1744
1744
1744
1744
