6
9
11
12
12
16
17
19
19
20
21
22
22
22
22
22
22
23
24
24
24
24
24
24
24
27
27
28
30
30
30
30
33
33
34
35
35
37
38
38
39
40
40
41
41
41
41
42
43
44
44
45
46
46
47
47
47
47
47
47
47
48
49
49
50
50
51
52
53
54
54
54
54
55
59
59
61
63
63
64
64
64
65
65
65
65
66
66
66
66
67
67
68
68
72
73
73
74
74
76
76
77
77
79
80
80
80
80
80
80
80
80
80
80
80
80
80
80
80
80
80
81
81
81
81
84
84
84
85
86
86
89
90
90
91
91
91
91
91
94
96
96
96
96
96
97
99
99
100
100
100
100
100
100
101
101
101
101
101
101
104
105
106
108
108
108
108
110
111
111
111
112
112
112
112
112
113
114
114
124
126
126
133
135
136
140
144
145
149
163
164
168
168
171
180
183
187
188
192
207
215
244
252
255
259
312
313
326
354
355
376
391
412
472
502
550
557
557
557
557
579
583
585
589
590
597
613
618
621
650
654
655
681
690
691
698
699
710
726
728
731
779
787
791
797
798
808
809
812
813
814
842
843
844
856
856
859
861
869
870
876
876
876
883
885
885
886
887
887
887
887
887
887
888
888
888
889
889
889
889
889
889
889
889
889
889
889
889
889
889
890
890
890
890
891
892
892
892
892
892
892
892
892
892
892
892
892
892
892
892
892
892
892
894
895
897
897
897
897
897
897
897
899
899
899
899
900
900
900
900
901
901
901
901
901
901
901
901
901
901
901
901
901
902
902
902
902
902
902
902
902
902
903
903
903
904
904
905
907
907
907
907
907
907
908
908
908
908
909
909
909
909
909
909
909
909
909
909
909
910
910
910
910
910
911
912
912
913
913
913
913
914
914
915
918
919
920
920
922
929
930
933
934
935
936
936
936
936
936
937
937
938
938
938
938
939
940
943
944
944
945
945
946
949
958
966
966
966
967
967
971
972
973
973
974
974
975
975
975
975
975
976
978
978
978
978
978
980
981
981
981
981
981
981
982
983
983
984
984
987
990
992
992
994
995
996
998
999
1000
1000
1003
1003
1004
1004
1004
1005
1006
1007
1008
1009
1009
1013
1015
1015
1017
1022
1028
1035
1040
1045
1045
1053
1055
1058
1058
1059
1059
1060
1062
1068
1068
1068
1068
1073
1086
1086
1086
1086
1086
1086
1087
1087
1087
1087
1087
1087
1087
1087
1087
1087
1087
1087
1087
1087
1087
1088
1088
1088
1088
1088
1089
1091
1098
1099
1106
1116
1124
1142
1143
1143
1150
1151
1155
1157
1162
1176
1179
1181
1182
1185
1185
1191
1192
1195
1196
1199
1200
1203
1207
1211
1216
1217
1220
1221
1224
1228
1228
1230
1231
1236
1240
1240
1240
1240
1240
1241
1241
1241
1241
1241
1242
1244
1247
1247
1253
1253
1258
1258
1261
1263
1270
1274
1279
1281
1284
1284
1284
1286
1287
1287
1290
1290
1290
1297
1299
1299
1300
1303
1304
1304
1304
1305
1305
1305
1306
1308
1311
1317
1318
1321
1323
1325
1326
1326
1326
1326
1328
1330
1331
1333
1333
1334
1335
1335
1335
1335
1335
1335
1336
1336
1337
1338
1338
1338
1339
1339
