1
9
10
12
15
17
17
19
19
19
19
19
19
19
20
20
20
20
20
20
20
21
22
23
24
24
24
26
26
26
26
26
27
28
28
29
29
30
31
31
31
31
32
32
32
33
33
34
34
34
34
34
34
35
35
35
36
36
37
37
37
37
37
37
38
38
39
39
39
39
39
39
39
40
42
44
44
44
44
44
46
46
50
50
51
51
51
51
51
51
51
51
51
51
51
51
51
51
52
52
52
53
54
55
55
55
55
55
55
55
56
56
56
58
58
59
59
59
61
62
62
62
63
63
65
66
67
68
69
69
69
69
69
69
70
70
70
71
71
71
72
72
72
72
72
73
73
73
73
73
73
73
73
73
73
73
74
74
74
74
76
76
77
77
77
77
77
78
78
80
80
81
85
86
87
87
88
90
91
91
92
92
93
94
95
96
96
96
96
97
97
99
100
100
100
100
100
100
100
101
101
101
102
104
105
107
107
107
109
112
112
117
118
124
125
125
125
125
125
125
125
125
125
126
126
126
127
129
132
145
149
152
154
155
160
163
168
170
171
172
173
173
180
180
189
235
242
242
244
244
244
245
245
250
252
253
262
269
276
278
290
290
290
296
338
353
355
365
539
559
560
561
570
575
576
576
579
580
580
587
588
588
589
592
593
595
596
596
596
598
600
600
600
600
600
600
600
600
600
600
600
600
600
600
600
600
600
601
601
601
601
601
604
606
607
607
607
607
608
608
608
608
608
611
613
615
616
616
626
626
626
627
627
627
630
631
633
633
633
633
633
634
634
634
634
634
634
634
634
634
634
634
634
638
643
657
659
659
659
660
660
660
660
660
661
662
662
699
720
721
727
731
738
740
741
748
759
761
761
767
772
773
776
777
777
777
784
785
795
795
807
810
817
818
829
937
938
941
947
947
949
953
953
953
953
953
953
954
954
954
954
954
954
954
954
954
954
954
954
954
957
957
962
964
965
972
978
979
980
981
983
984
985
986
987
987
990
991
991
992
992
994
997
998
999
999
999
999
999
999
999
999
999
999
999
999
999
999
999
999
999
999
999
999
999
999
999
999
999
999
999
999
999
999
999
999
999
999
999
999
999
999
999
999
1000
1000
1002
1002
1002
1003
1003
1004
1004
1005
1005
1006
1006
1006
1006
1006
1006
1006
1009
1010
1011
1014
1018
1018
1022
1024
1026
1026
1027
1027
1027
1027
1031
1031
1032
1032
1032
1032
1032
1032
1032
1032
1032
1033
1033
1033
1037
1037
1039
1041
1041
1041
1042
1044
1047
1047
1048
1048
1052
1052
1054
1055
1055
1056
1058
1058
1059
1060
1061
1064
1068
1069
1069
1069
1069
1069
1069
1069
1069
1070
1071
1071
1073
1074
1074
1074
1077
1077
1079
1080
1080
1106
1112
1113
1114
1115
1116
1122
1131
1134
1143
1143
1143
1143
1143
1144
1144
1145
1147
1148
1148
1150
1150
1150
1155
1156
1158
1161
1161
1161
1161
1161
1161
1161
1161
1164
1165
1165
1172
1173
1173
1173
1173
1173
1173
1174
1181
