2
8
8
8
11
14
16
16
19
20
20
20
20
20
20
21
21
21
21
21
23
23
24
24
24
24
24
24
26
27
27
28
28
28
28
28
28
28
28
28
28
28
28
29
30
34
35
35
35
36
36
37
38
38
40
40
43
44
44
44
44
44
45
45
45
45
45
46
47
47
48
48
50
52
52
53
54
55
55
55
56
56
58
58
58
59
59
59
59
59
59
59
59
60
60
60
61
61
63
63
63
65
65
65
68
68
68
69
69
70
70
71
71
71
72
72
72
73
75
76
77
78
78
79
80
80
80
81
81
82
82
83
84
84
84
85
85
86
88
88
89
90
90
90
90
93
93
95
95
96
97
98
99
99
101
102
103
104
105
105
105
106
106
106
106
106
106
106
107
108
109
110
110
111
111
112
112
113
114
114
114
116
117
117
118
118
118
118
123
123
126
127
128
130
131
131
131
131
132
133
133
135
150
153
154
158
159
167
179
184
193
199
203
212
223
244
267
272
280
294
297
302
308
309
310
311
316
352
359
366
371
376
378
381
404
405
405
409
409
411
414
418
418
419
437
443
444
445
449
455
459
463
481
486
494
497
501
503
503
503
503
503
503
503
503
504
504
516
518
518
518
518
519
519
519
519
519
519
519
519
519
519
519
519
519
519
525
525
527
534
535
536
537
540
540
541
541
541
541
541
541
541
541
541
541
541
541
541
541
541
541
541
541
541
541
541
541
542
542
542
542
542
542
542
542
542
542
542
542
542
542
542
542
542
542
542
542
542
542
543
543
543
543
543
543
543
543
543
543
543
544
546
546
546
546
546
546
548
553
554
557
559
560
560
560
572
578
579
579
579
579
579
579
579
579
579
579
579
579
579
579
585
585
585
585
585
585
585
585
585
586
586
587
589
589
589
590
590
590
590
590
590
595
595
595
595
598
604
604
606
607
611
612
612
613
613
616
617
617
617
617
618
618
618
619
619
619
619
621
623
624
627
627
627
629
629
631
632
633
633
636
636
636
644
645
645
647
649
649
649
649
650
650
650
650
651
651
652
654
654
654
655
655
655
655
655
655
655
655
655
655
656
656
657
659
659
660
661
662
662
664
664
664
667
668
671
672
676
677
678
678
678
679
679
679
679
679
679
679
679
679
679
679
679
679
679
679
679
679
681
684
684
685
686
686
686
689
691
691
692
692
692
692
695
696
697
697
715
718
719
719
719
719
720
720
720
720
720
724
730
741
745
746
746
755
756
763
765
776
780
783
783
785
795
796
798
800
800
800
801
802
804
812
813
817
819
819
820
823
823
826
833
834
834
839
842
842
844
844
844
844
844
844
844
844
844
844
844
844
844
845
846
846
847
847
847
847
847
847
851
852
852
855
855
858
860
866
867
867
875
875
878
878
879
881
881
882
882
886
886
