1
2
2
3
6
7
10
11
16
16
18
18
19
20
20
20
20
21
21
23
25
28
28
28
28
29
29
29
29
29
31
32
33
33
33
33
33
33
33
33
33
33
33
34
34
34
34
35
35
35
36
36
37
39
41
43
45
46
46
48
49
49
50
51
52
53
53
54
55
56
58
60
61
62
64
66
67
67
71
71
74
74
74
74
75
75
75
76
77
77
79
79
81
81
82
82
83
84
85
86
88
88
88
88
88
89
89
90
93
95
96
97
101
101
101
101
102
102
104
104
104
104
105
106
108
110
111
111
111
112
112
112
115
118
118
118
118
119
119
119
119
121
125
130
136
137
138
138
138
139
140
142
142
144
144
145
145
148
154
156
156
157
162
166
171
171
171
171
171
171
176
182
183
184
191
199
200
202
211
217
217
217
217
217
221
221
223
223
223
223
223
223
226
227
227
235
244
250
252
254
254
257
266
269
277
281
283
284
286
287
297
302
314
314
318
321
325
326
327
328
336
336
339
343
344
345
354
359
362
367
368
380
382
383
384
384
391
394
395
395
401
402
405
407
411
411
412
413
414
419
421
421
433
450
451
451
452
454
456
460
461
461
464
465
469
484
485
486
493
502
502
503
505
505
508
510
510
511
521
522
523
529
530
530
531
532
533
535
535
538
538
538
538
538
538
538
538
538
538
538
538
538
538
538
538
538
539
539
539
539
539
539
539
544
544
544
544
544
544
544
544
544
544
544
544
544
544
544
544
544
544
544
544
544
544
544
544
544
545
545
545
545
545
545
545
546
546
547
547
547
547
547
547
547
548
548
548
548
548
548
548
548
548
548
548
548
549
549
549
549
549
549
550
550
550
551
551
552
552
552
552
552
552
552
552
552
553
553
554
555
558
559
559
559
560
560
565
566
566
566
566
566
566
566
567
567
567
567
567
567
568
568
570
571
573
582
585
586
586
586
586
586
586
586
587
587
588
589
595
600
601
601
601
601
602
602
603
604
604
605
606
607
607
608
608
608
608
608
608
608
608
609
613
613
614
614
614
615
616
617
617
617
619
619
622
625
625
625
625
629
629
629
629
629
629
629
629
629
635
636
636
636
636
636
636
636
636
636
636
636
637
638
638
638
638
638
638
638
640
641
641
641
647
647
647
647
647
649
650
651
651
651
651
651
651
653
653
655
657
657
658
659
660
666
666
666
666
666
666
666
666
666
666
666
666
666
666
666
666
666
666
666
666
666
666
667
669
673
674
677
678
678
678
679
680
683
684
687
689
689
689
690
692
696
696
697
697
697
697
697
697
697
697
698
698
698
698
698
698
698
698
698
698
698
698
698
698
699
699
699
699
699
699
699
699
699
699
699
699
699
699
701
702
704
707
708
711
713
713
713
714
727
730
731
732
732
734
740
744
745
747
748
750
753
755
761
762
763
764
765
768
768
770
772
772
773
773
776
777
783
783
787
790
790
791
791
791
791
793
793
793
