2
2
2
3
5
5
6
6
7
7
8
10
14
15
15
16
16
20
20
20
21
22
23
23
23
23
24
24
24
24
24
24
25
25
25
25
25
27
27
28
28
29
29
29
32
38
39
46
50
53
53
55
61
61
61
62
62
62
62
62
62
63
65
66
66
68
68
69
69
69
72
76
77
77
80
80
81
81
81
81
84
84
85
85
86
87
88
88
89
92
94
95
95
96
96
96
97
97
99
100
100
101
102
102
103
104
105
105
105
105
106
106
106
106
106
106
107
108
108
108
109
109
110
112
113
115
116
117
118
119
119
120
124
127
127
128
129
136
136
136
137
137
137
137
144
145
148
148
157
157
164
165
167
169
172
173
181
189
191
194
194
195
201
202
223
238
247
250
250
250
251
251
251
266
279
282
283
283
296
297
298
299
299
300
304
304
305
305
307
307
307
307
307
307
307
307
307
307
307
307
307
307
308
308
308
308
308
308
308
308
308
308
308
308
308
308
308
308
309
309
309
310
311
311
311
311
312
313
313
313
314
314
314
314
314
314
314
314
314
315
315
315
316
316
317
317
317
317
317
317
317
317
317
317
317
318
318
318
322
340
366
367
375
378
380
394
394
394
401
406
429
431
438
439
486
498
498
502
504
506
506
507
514
518
523
524
526
526
528
531
536
573
582
586
592
604
608
619
622
622
622
622
622
634
634
634
639
646
646
649
654
664
670
684
687
689
697
708
709
714
714
725
735
739
740
740
740
741
741
741
742
742
743
752
755
756
764
770
772
773
776
780
824
826
833
836
842
844
844
845
846
870
874
882
890
890
891
891
891
892
895
899
906
912
912
912
912
912
912
915
915
916
916
929
929
930
930
943
956
960
966
985
988
993
994
998
998
998
998
999
1000
1002
1002
1013
1016
1018
1023
1024
1025
1028
1030
1030
1030
1030
1030
1030
1030
1030
1030
1030
1031
1050
1050
1052
1053
1059
1065
1066
1068
1068
1077
1086
1086
1087
1087
1088
1089
1089
1089
1089
1089
1089
1089
1089
1093
1093
1093
1094
1094
1094
1094
1094
1094
1094
1094
1094
1094
1095
1097
1103
1103
1104
1106
1108
1117
1117
1117
1118
1118
1118
1118
1123
1125
1127
1127
1127
1127
1127
1127
1127
1127
1127
1127
1127
1127
1127
1127
1127
1127
1128
1128
1130
1136
1136
1137
1143
1144
1149
1151
1158
1160
1164
1168
1168
1168
1168
1168
1168
1168
1168
1168
1168
1168
1168
1168
1168
1169
1170
1177
1177
1177
1177
1180
1180
1182
1184
1184
1184
1184
1184
1184
1184
1184
1185
1185
1187
1187
1190
1192
1193
1194
1198
1209
1228
1232
1235
1236
1238
1241
1241
1244
1244
1245
1247
1247
1247
1266
1273
1276
1278
1285
1285
1290
1292
1292
1317
1331
1331
1331
1334
1341
1373
1374
1378
1378
1387
1387
1393
1396
1403
1404
1409
1416
1418
1421
1425
1450
1573
1582
1583
1673
1680
1681
1698
1702
1704
1706
1706
1707
1718
1740
1762
1764
1770
1770
1779
1780
1781
1782
1788
1788
1790
1794
1794
1803
1804
1804
1804
1804
1807
1807
1807
1807
1807
