3
5
5
11
13
17
19
19
19
20
20
20
22
22
22
22
22
22
22
23
24
24
25
25
26
29
31
31
31
34
34
35
35
37
39
42
43
47
48
48
48
48
48
49
49
52
52
55
55
55
55
55
57
57
58
58
59
62
62
63
64
64
66
66
68
69
69
70
70
70
70
71
72
76
77
82
83
85
85
86
88
89
89
90
91
92
92
93
96
96
102
103
106
109
110
111
111
113
113
114
114
114
114
114
114
115
115
115
117
118
119
120
120
123
124
124
125
125
125
125
125
126
126
127
129
131
131
133
137
137
138
138
138
138
139
141
158
158
173
178
179
193
193
218
523
524
525
533
543
571
581
632
635
637
664
664
676
679
708
711
717
725
725
734
735
743
745
763
765
776
782
794
798
811
824
825
830
832
838
841
841
849
849
851
853
853
865
866
872
876
879
879
883
883
889
902
903
905
906
913
924
927
928
932
932
939
940
940
940
941
941
943
954
954
954
955
964
964
964
964
965
975
991
992
993
996
998
998
1000
1001
1007
1007
1013
1024
1026
1028
1028
1028
1028
1028
1028
1029
1029
1029
1029
1029
1029
1029
1029
1032
1032
1032
1032
1032
1033
1033
1033
1033
1046
1064
1069
1070
1078
1079
1081
1082
1093
1093
1095
1101
1104
1108
1111
1119
1120
1120
1120
1120
1120
1120
1120
1120
1120
1120
1120
1120
1120
1120
1121
1121
1121
1121
1125
1126
1135
1138
1143
1156
1156
1156
1156
1156
1156
1156
1156
1160
1160
1161
1161
1163
1163
1164
1165
1165
1165
1165
1166
1166
1166
1166
1166
1167
1167
1167
1167
1167
1167
1167
1167
1167
1167
1167
1167
1167
1167
1167
1168
1168
1168
1168
1168
1168
1168
1173
1177
1177
1178
1179
1186
1195
1196
1196
1196
1196
1196
1196
1196
1196
1196
1196
1196
1196
1196
1199
1200
1203
1203
1203
1203
1203
1203
1204
1204
1204
1204
1207
1207
1207
1207
1207
1207
1207
1207
1208
1208
1208
1208
1208
1208
1208
1208
1208
1208
1208
1208
1208
1208
1208
1208
1208
1208
1208
1208
1208
1208
1208
1208
1208
1208
1208
1208
1209
1209
1209
1209
1209
1210
1210
1210
1210
1211
1211
1211
1211
1217
1217
1218
1218
1218
1218
1218
1218
1219
1221
1222
1222
1222
1222
1222
1232
1232
1232
1232
1243
1244
1244
1244
1244
1244
1245
1247
1258
1258
1259
1284
1284
1292
1296
1296
1313
1322
1324
1326
1329
1329
1329
1331
1333
1337
1338
1343
1361
1361
1366
1366
1366
1369
1371
1376
1378
1379
1383
1387
1389
1389
1394
1395
1395
1422
1524
1528
1541
1541
1541
1541
1543
1549
1556
1559
1563
1563
1579
1581
1611
1611
1624
1626
1636
1647
1652
1658
1660
1671
1673
1676
1676
1676
1676
1676
1682
1682
1682
1682
1682
1683
1683
1683
1683
1683
1683
1683
1683
1687
1687
1689
1690
1690
1692
1692
1692
1692
1692
1692
1692
1692
1692
1692
1692
1692
1692
1692
1692
1692
1697
1697
1697
1702
1708
1709
1710
1711
1711
1711
1715
1719
1720
1720
1723
1724
1727
1732
1732
1733
1736
1742
1750
1754
1755
1755
1755
1763
1764
1765
1765
1766
1767
1775
1777
1780
1782
1784
1786
1787
1787
1788
1789
1792
1793
1794
1795
1796
1806
1808
1808
1809
1819
1822
1825
1825
1830
1832
1840
1858
1859
1862
1864
1865
1867
1871
1871
1872
1872
1876
1894
1898
1899
1900
1903
1904
1905
1906
1907
1908
1909
1914
1918
1918
1921
1921
1921
1921
1921
1922
1922
1922
1922
1934
1943
1950
1951
1955
1958
1958
1958
1959
1960
1963
1964
1968
1972
1977
1984
1984
1984
1988
1990
1991
1991
1991
