0
1
5
6
7
8
8
9
9
12
13
13
13
13
13
15
15
16
16
16
16
16
16
16
17
17
17
18
18
19
19
20
20
21
21
21
21
21
21
22
22
22
22
22
23
24
24
25
25
25
25
25
25
26
26
26
28
30
31
33
36
36
37
38
39
40
40
41
41
41
41
41
41
41
42
42
42
43
43
44
45
46
46
46
46
48
48
49
50
52
52
52
52
52
52
52
53
53
53
53
53
53
53
53
53
53
54
54
55
56
57
58
58
59
59
60
61
62
63
63
64
64
65
65
65
65
65
65
66
66
69
69
70
71
71
72
72
72
72
72
73
74
74
74
75
75
75
75
75
75
75
75
76
79
79
80
81
81
81
81
81
81
81
81
81
81
82
82
82
82
83
83
83
83
84
84
85
85
85
85
86
87
89
89
90
90
91
91
91
93
94
96
96
96
96
97
97
97
98
98
99
100
102
103
104
104
105
105
105
105
105
105
105
106
107
107
107
108
108
108
108
108
108
109
109
110
110
110
111
112
118
119
122
122
122
123
123
123
123
123
124
124
124
124
124
124
124
124
124
125
125
125
126
126
126
126
126
126
126
126
126
126
126
130
132
135
136
137
137
141
141
141
142
145
146
146
146
147
147
147
148
149
149
153
156
162
164
165
165
171
171
175
178
179
183
184
188
190
191
191
192
193
196
197
198
199
207
210
213
219
222
226
226
233
235
238
238
244
245
248
249
267
269
269
269
291
292
292
294
296
303
307
308
310
320
320
320
340
359
371
382
382
384
386
387
389
389
390
391
392
394
395
401
411
419
421
422
422
424
434
434
435
435
435
435
435
435
438
438
438
438
438
438
438
438
438
438
438
452
458
465
465
465
465
465
466
466
466
466
466
470
470
473
473
473
473
473
474
474
474
474
474
474
474
474
474
474
474
474
474
474
474
474
474
474
474
474
475
475
475
475
475
475
475
475
475
475
475
475
475
475
475
480
483
490
492
497
502
507
507
515
515
519
519
519
528
541
545
552
558
559
584
604
613
614
615
620
621
630
635
637
645
656
680
682
684
686
695
697
701
703
703
704
710
713
720
734
752
757
765
774
778
779
794
794
794
797
800
801
803
803
808
817
825
828
829
852
853
860
862
868
868
871
871
871
871
871
874
882
890
906
912
913
914
914
914
914
914
918
924
928
931
934
985
1003
1004
1014
1014
1018
1018
1028
1031
1036
1041
1041
1048
1049
1051
1052
1055
1064
1072
1074
1075
1076
1076
1077
1078
1079
1079
1079
1079
1079
1079
1079
1080
1092
1094
1095
1095
1095
1095
1095
1095
1096
1096
1096
1096
1096
1097
1097
1097
1101
1102
1106
1116
1117
1117
1117
1117
1117
1117
1117
1117
1117
1117
1117
1117
1118
1118
1118
1118
1120
1125
1125
1125
1125
1125
1125
1125
1125
1125
1125
1125
1125
1126
1134
1137
1150
1152
1152
1154
1163
1163
1167
1167
1168
1168
1168
1168
1168
1169
1169
1169
1170
1170
1170
1170
1170
1170
1170
1170
1170
1170
1170
1170
1171
1171
1171
1171
1171
1171
1171
1171
1171
1171
1171
1171
1172
1172
