0
3
3
3
3
6
6
6
7
7
7
7
7
7
7
7
7
7
8
8
8
8
9
9
9
9
9
9
9
9
9
9
9
9
10
10
10
10
10
10
11
11
11
12
12
12
12
13
13
13
14
14
15
15
15
16
16
16
16
16
16
16
17
17
17
17
18
18
18
18
18
19
19
19
19
20
20
20
20
21
21
21
21
21
22
22
22
22
22
22
22
22
23
23
23
24
24
24
25
25
25
25
26
26
26
26
27
27
27
27
27
27
27
27
27
27
28
28
29
30
30
31
31
31
31
31
32
32
32
32
32
32
32
33
34
34
34
34
34
34
35
35
35
35
35
36
36
36
36
37
37
37
37
37
37
38
39
39
39
39
39
39
40
40
40
40
40
41
42
42
42
42
42
42
43
43
43
43
43
44
44
45
45
45
45
46
46
46
47
47
47
48
49
49
49
50
51
51
51
51
51
52
52
52
52
53
53
53
54
54
55
55
55
55
56
56
56
57
58
58
58
58
58
59
59
60
60
60
60
60
61
61
61
61
61
62
62
63
63
63
63
63
63
63
64
64
64
64
64
64
64
64
65
66
66
66
66
66
66
67
67
67
67
68
68
68
69
69
69
69
70
70
70
71
71
71
71
71
71
72
72
72
72
72
73
73
73
73
74
74
74
74
74
74
75
75
75
76
76
76
76
76
77
77
77
77
77
77
77
78
78
78
78
78
79
79
79
79
80
80
81
81
81
81
81
82
83
83
84
84
84
84
85
85
85
85
85
86
86
86
86
86
86
87
87
87
87
87
87
87
88
88
88
88
88
88
88
89
89
89
90
90
90
90
90
90
90
90
90
90
91
91
91
91
92
92
92
93
93
94
94
95
95
95
95
96
96
96
97
97
97
97
97
98
98
98
98
98
99
99
99
100
100
100
100
101
101
102
102
102
102
103
103
103
103
104
104
104
104
104
104
105
105
106
106
106
106
106
106
107
107
107
107
107
108
108
109
109
109
109
109
111
111
111
111
111
112
113
113
113
113
113
114
114
115
116
116
116
117
117
117
119
119
119
120
121
121
121
121
122
122
122
122
122
122
123
123
123
123
124
124
125
125
125
125
125
125
125
125
126
127
127
127
127
127
127
128
128
129
129
129
129
129
130
130
130
131
132
132
132
132
133
133
133
134
135
135
136
136
136
137
137
137
137
137
137
137
138
138
138
138
138
138
139
139
139
139
139
139
139
139
139
139
140
140
140
140
140
140
140
140
140
141
141
141
141
141
141
141
141
141
141
141
141
141
141
142
142
142
142
142
142
143
143
143
143
143
144
144
144
144
144
144
144
145
145
145
145
146
146
146
146
147
147
147
147
148
148
148
148
149
149
150
150
151
151
151
151
152
152
152
152
152
152
152
152
152
153
153
153
153
153
153
153
153
153
154
154
154
155
155
155
155
155
155
156
156
156
156
156
156
157
157
157
157
157
157
157
157
157
158
158
158
158
158
158
158
158
158
158
159
159
159
159
159
159
159
159
159
159
160
160
160
160
160
160
160
160
160
160
160
161
161
161
161
161
161
161
161
161
162
162
162
162
162
162
162
162
162
162
162
162
163
163
163
163
163
163
164
164
164
164
164
165
165
165
165
166
166
166
166
166
167
167
167
168
168
168
168
169
169
169
169
169
169
170
170
171
171
172
172
172
173
173
173
173
173
174
174
174
174
174
174
174
174
174
175
175
175
175
175
175
177
177
177
177
177
177
178
178
178
178
179
179
179
179
179
179
180
180
180
180
180
180
180
180
181
181
181
181
181
182
182
183
183
184
184
184
184
184
185
185
185
186
186
186
186
187
187
187
187
187
187
188
188
190
191
191
191
192
192
192
192
192
192
192
192
192
193
193
193
193
194
194
195
195
196
196
197
197
197
197
198
199
199
199
199
200
200
200
200
200
200
201
201
201
201
202
202
202
202
203
203
204
204
205
206
207
207
207
207
208
208
209
209
210
211
211
211
212
212
212
212
216
216
217
222
224
228
230
231
233
235
236
238
241
246
254
305
306
311
320
326
334
345
354
354
358
359
366
370
370
372
372
375
375
375
376
377
377
379
380
380
380
381
381
382
382
382
390
391
391
391
391
392
392
393
393
394
399
399
400
400
400
404
405
408
408
409
410
410
412
413
414
414
414
417
418
418
418
418
419
421
421
421
422
422
424
425
425
425
427
428
428
428
429
432
432
433
433
435
438
438
439
440
441
442
444
444
444
445
446
447
447
447
448
448
449
450
451
452
459
459
459
459
459
460
460
461
461
464
465
465
465
466
472
473
475
475
476
480
481
486
487
487
487
488
488
489
489
490
491
491
496
497
497
497
497
498
499
500
501
501
503
508
511
514
526
573
574
576
576
577
578
582
583
592
595
599
601
604
605
609
612
613
614
615
617
617
618
619
620
620
621
622
622
622
622
623
625
626
627
630
630
630
631
632
632
632
633
635
637
638
639
639
641
641
641
641
642
643
645
646
647
647
647
648
648
650
651
651
651
652
653
654
654
655
655
656
656
656
656
658
658
658
659
659
660
662
662
663
663
663
663
664
664
664
665
666
666
666
667
669
671
678
678
678
678
678
678
682
682
684
685
685
685
686
688
688
694
695
695
696
700
700
700
701
702
703
703
705
705
706
706
707
709
714
714
715
715
729
734
738
739
740
744
749
750
759
759
769
769
788
788
804
805
805
821
822
822
824
825
828
831
837
839
840
840
841
844
846
847
848
853
860
861
862
865
866
868
868
870
872
872
872
872
873
874
876
876
877
878
881
882
886
888
889
889
891
891
892
897
901
901
901
903
903
906
906
907
910
921
925
929
929
939
940
943
943
944
945
945
950
953
956
966
978
982
983
986
986
991
991
992
993
994
996
999
1001
1006
1007
1007
1009
1010
1010
1012
1012
1012
1012
1019
1020
1021
1021
1021
1021
1021
1022
1025
1025
1025
1026
1026
1026
1027
1027
1029
1029
1031
1031
1032
1034
1036
1036
1036
1036
1039
1041
1042
1045
1046
1047
1047
1050
1050
1051
1051
1056
1058
1058
1058
1059
1059
1059
1059
1060
1061
1062
1063
1063
1064
1064
1064
1064
1065
1065
1066
1066
1069
1070
1071
1075
1077
1082
1087
1088
1090
1090
1091
1093
1094
1094
1094
1095
1095
1096
1097
1101
1101
1101
1102
1102
1103
1104
1104
1105
1105
1105
1106
1106
1106
1106
1107
1107
1107
1109
1111
1114
1116
1118
1119
1119
1120
1120
1122
1122
1123
1127
1127
1128
1128
1128
1130
1131
1132
1132
1132
1133
1136
1136
1137
1138
1139
1145
1150
1161
1165
1169
1171
1178
1184
1192
1197
1197
1208
1208
1208
1209
1209
1210
1214
1214
1215
1215
1216
1216
1216
1218
1219
1219
1219
1220
1220
1222
1222
1222
1227
1234
1235
1235
1236
1236
1236
1237
1237
1237
1237
1238
1238
1238
1243
1245
1247
1248
1254
1262
1262
1265
1266
1267
1267
1267
1270
1270
1271
1271
1272
1272
1273
1273
1274
1275
1275
1276
1277
1277
1278
1280
1281
1282
1284
1287
1288
1289
1289
1290
1291
1292
1293
1294
1295
1295
1296
1296
1301
1301
1301
1301
1305
1306
1307
1308
1311
1313
1315
1320
1320
1322
1324
1324
1324
1325
1325
1326
1327
1327
1327
1329
1330
1330
1331
1331
1331
1331
1332
1332
1332
1332
1333
1333
1334
1334
1339
1341
1342
1342
1342
1342
1345
1347
1347
1347
1352
1353
1355
1356
1361
1362
1363
1376
1377
1377
1380
1380
1390
1392
1395
1405
1411
1411
1411
1417
1421
1423
1424
1428
1431
1431
1431
1431
1431
1432
1433
1433
1434
1435
1435
1435
1436
1436
1437
1440
1442
1443
1443
1445
1445
1445
1445
1450
1456
1457
1458
1465
1465
1465
1466
1466
1466
1470
1474
1474
1475
1477
1480
1483
1484
1485
1485
1486
1489
1490
1490
1490
1491
1492
1492
1493
1497
1498
1499
1499
1499
1500
1500
1501
1502
1502
1503
1504
1505
1507
1507
1508
1508
1515
1517
1518
1518
1519
1520
1520
1520
1524
1525
1525
1525
1528
1529
1533
1535
1535
1538
1538
1538
1539
1540
1540
1541
1542
1542
1542
1544
1545
1546
1547
1547
1548
1549
1550
1551
1552
1552
1555
1561
1562
1562
1562
1566
1569
1570
1570
1575
1577
1578
1579
1580
1582
1583
1584
1584
1585
1585
1585
1585
1586
1586
1587
1587
1587
1589
1593
1593
1595
1595
1596
1599
1600
1606
1608
1611
1613
1613
1613
1614
1614
1614
1614
1616
1616
1617
1619
1621
1625
1625
1626
1627
1630
1630
1630
1630
1631
1631
1631
1631
1632
1632
1632
1632
1632
1634
1634
1634
1635
1636
1637
1637
1637
1638
1639
1640
1640
1640
1641
1641
1643
1643
1643
1644
1644
1644
1645
1645
1647
1648
1649
1649
1651
1651
1651
1651
1652
1654
1654
1655
1656
1660
1660
1660
1661
1662
1662
1663
1663
1663
1664
1665
1671
1671
1671
1682
1688
1688
1692
1817
1820
1820
1835
1838
1846
1846
1847
1859
1859
1866
1866
1866
1867
1867
1872
1873
1873
1873
1878
1880
1880
1883
1883
1883
1884
1885
1890
1892
1898
1899
1899
1900
1901
1901
1902
1902
1903
1903
1905
1905
1905
1906
1907
1910
1911
1914
1915
1916
1916
1919
1920
1920
1925
1925
1929
1929
1929
1930
1930
1930
1931
1931
1932
1932
1932
1933
1935
1935
1940
1941
1942
1943
1946
1949
1950
1951
1951
1951
1951
1952
1953
1958
1961
1963
1969
1969
1969
1972
1972
1973
1984
1987
1988
1989
1989
2000
2001
2025
2028
2029
2030
2030
2035
2037
2038
2038
2039
2061
2062
2063
2063
2064
2092
2094
2096
2135
2178
2186
2190
2190
2191
2191
2191
2192
2192
2195
2195
2202
2204
2215
2216
2219
2219
2222
2225
2227
2231
2234
2234
2237
2248
2249
2249
2252
2254
2255
2256
2264
2264
2268
2275
2278
2286
2296
2299
2304
2313
2337
2338
2340
2341
2342
2351
2355
2355
2356
2356
2393
2393
2394
2418
2502
2548
2586
2595
2595
2596
2599
2601
2602
2603
2605
2605
2609
2610
2611
2614
2614
2616
2617
2617
2619
2621
2782
2814
2814
2815
2815
2830
2832
2835
2837
2842
2848
2849
2850
2850
2851
2851
2851
2856
2857
2857
2862
2868
2870
2871
2872
2873
2874
2876
2877
2877
2877
2879
2879
2887
2890
2891
2893
2895
2896
2897
2897
2898
2899
2902
2903
2904
2904
2905
2906
2910
2911
2913
2914
2918
2919
2920
2923
2924
2927
2929
2930
2935
2936
2936
2937
2937
2937
2939
2939
2940
2945
2947
2952
2952
2958
2959
2962
2962
2964
2966
2966
2966
2967
2967
2967
2970
2970
2971
2972
2978
2980
2981
2982
2983
2983
2984
2984
2985
2986
2988
2988
2991
2992
2992
2993
2993
2994
2994
2994
2995
2997
2998
2998
2999
3000
3003
3003
3004
3004
3010
3011
3011
3013
3013
3013
3017
3020
3020
3021
3024
3026
3026
3034
3036
3036
3038
3045
3045
3061
3066
3068
3072
3073
3077
3077
3077
3083
3084
3091
3092
3095
3097
3098
3099
3101
3106
3108
3108
3109
3109
3109
3110
3110
3111
3111
3112
3112
3113
3113
3116
3117
3117
3118
3119
3122
3122
3122
3124
3125
3126
3126
3143
3147
3147
3148
3156
3157
3157
3157
3158
3165
3167
3175
3176
3176
3177
3178
3182
3182
3182
3182
3185
3185
3185
3185
3192
3213
3232
3241
3291
3332
3342
3344
3345
3350
3351
3355
3474
3478
3483
3485
3500
3508
3546
3551
3551
3553
3554
3560
3563
3573
3575
3581
3583
3588
3590
3603
3606
3633
3634
3635
3648
3651
3691
3698
3704
3713
3713
3714
3729
3733
3756
3759
3762
3764
3766
3766
3770
3783
3785
3785
3797
3801
3801
3801
3801
3802
3810
3810
3812
3821
3822
3823
3835
3868
3877
3877
3880
3880
3887
3899
3905
3907
3907
3910
3913
3913
3914
3917
3919
3921
3921
3926
3927
3928
3930
3930
3932
3933
3937
3941
3945
3946
3946
3949
3953
3954
3954
3955
3957
3960
3961
3966
3968
3981
3983
3984
3986
3995
3996
3996
4016
4038
4045
4048
4129
4143
4149
4151
4156
4161
4161
4162
4247
4280
4292
4308
4309
4310
4311
4314
4320
4332
4353
4354
4357
4372
4373
4376
4405
4415
4418
4419
4426
4426
4446
4447
4453
4463
4473
4498
4498
