0
1
2
3
3
3
4
5
5
6
7
7
7
7
8
8
8
8
8
8
9
9
9
9
9
10
10
10
10
10
10
10
10
11
11
11
11
11
11
11
11
11
11
12
12
12
12
12
12
12
12
12
12
12
13
13
13
14
14
14
14
15
15
15
15
16
16
16
17
18
18
18
18
18
18
19
19
19
19
19
19
19
19
19
19
20
20
20
20
20
20
20
20
21
21
22
22
22
22
22
22
23
23
23
24
24
24
25
26
26
26
26
27
27
27
28
28
28
29
29
30
31
31
31
32
33
33
33
34
34
36
36
36
36
37
37
37
38
39
39
39
40
41
41
41
41
42
42
42
42
42
42
43
43
43
43
43
44
44
44
45
46
46
46
47
47
48
48
48
48
48
49
49
49
50
50
50
51
52
52
52
52
53
53
53
53
54
54
54
54
54
55
56
56
56
57
57
57
57
58
58
58
59
60
60
61
62
62
63
63
63
63
63
63
64
64
65
65
65
65
66
66
66
66
66
67
67
68
68
68
68
68
68
69
69
70
70
70
70
72
73
73
73
74
74
75
75
75
76
77
78
78
78
80
80
80
81
81
81
81
82
83
84
85
85
86
87
87
87
88
88
88
88
88
89
90
90
90
90
91
91
91
92
92
92
92
92
93
94
94
94
95
95
97
97
98
98
99
100
100
101
101
101
101
102
102
102
103
104
105
105
105
105
106
106
106
107
107
107
107
108
108
108
109
109
109
109
109
111
111
112
112
112
112
112
112
113
113
113
113
114
114
114
115
115
115
115
115
115
115
116
116
116
116
116
117
118
118
118
119
119
120
120
120
120
120
121
121
122
122
123
123
123
124
125
125
125
126
127
127
127
127
128
128
128
129
129
130
130
131
131
131
133
133
133
133
133
134
135
135
135
135
136
136
138
138
138
138
138
138
138
139
139
139
139
140
140
141
141
142
143
143
143
143
144
145
145
145
145
146
147
147
147
148
148
149
149
150
150
150
152
152
153
153
154
155
155
156
158
158
158
158
159
160
161
161
161
162
162
163
163
163
164
164
164
164
164
164
165
165
165
165
165
166
166
167
168
168
168
168
168
169
169
169
169
170
170
170
170
170
170
172
172
172
172
172
172
173
173
174
175
175
175
176
178
178
178
180
181
181
182
184
184
185
186
186
188
188
188
189
189
189
190
191
192
193
193
193
194
194
195
195
195
195
196
196
196
196
196
197
197
198
198
199
200
200
201
201
201
201
202
203
204
204
204
204
204
205
205
205
205
206
206
206
206
207
207
207
208
209
209
209
210
211
212
212
213
213
213
213
213
214
215
216
216
217
217
217
217
218
219
219
220
220
220
221
221
222
222
223
223
223
224
224
224
225
225
226
226
227
228
228
228
228
229
229
230
231
231
231
232
232
232
233
233
233
233
234
234
234
234
234
235
235
235
236
237
237
237
237
238
238
238
238
238
238
241
241
241
246
246
247
247
249
252
252
253
254
256
257
260
262
263
264
269
271
271
271
272
274
275
275
275
275
276
278
279
280
281
281
283
284
285
285
286
287
288
288
289
294
297
297
297
298
298
299
307
318
319
319
322
340
340
340
347
360
416
422
441
442
445
454
473
533
534
568
575
576
580
584
585
586
589
592
594
594
596
599
599
602
604
608
609
610
612
612
614
616
619
620
622
624
625
628
630
632
634
634
636
636
637
637
640
641
643
645
646
655
663
664
665
666
667
672
672
675
680
682
685
694
697
697
700
701
705
705
720
720
721
723
726
734
734
734
734
742
743
749
757
762
762
765
768
770
776
776
777
777
778
779
786
787
789
789
812
819
819
825
849
852
868
870
878
880
881
891
893
900
900
901
904
904
905
907
907
908
908
908
910
913
920
920
921
921
921
921
921
922
923
928
928
928
929
929
930
931
932
933
934
935
947
951
953
954
957
957
958
973
978
982
983
986
986
987
987
988
988
989
989
989
991
1026
1029
1048
1059
1067
1077
1084
1086
1087
1087
1096
1105
1106
1106
1108
1111
1125
1125
1126
1127
1127
1129
1129
1131
1141
1142
1146
1147
1158
1158
1159
1159
1161
1168
1170
1172
1174
1175
1186
1186
1187
1187
1187
1211
1213
1231
1236
1236
1237
1237
1239
1243
1247
1250
1250
1250
1250
1251
1251
1251
1252
1252
1252
1252
1252
1252
1272
1280
1281
1281
1283
1286
1291
1295
1297
1303
1359
1359
1364
1365
1365
1377
1380
1381
1383
1390
1394
1395
1397
1399
1399
1400
1417
1422
1422
1423
1423
1423
1423
1424
1426
1428
1430
1433
1433
1433
1433
1433
1433
1433
1434
1434
1434
1434
1434
1434
1434
1435
1435
1435
1435
1435
1435
1436
1436
1436
1436
1436
1436
1437
1437
1437
1437
1438
1438
1438
1438
1438
1438
1438
1438
1439
1440
1440
1440
1441
1441
1441
1441
1441
1441
1441
1441
1441
1442
1442
1442
1442
1443
1443
1443
1443
1443
1444
1444
1444
1444
1444
1444
1445
1445
1446
1446
1446
1448
1448
1449
1449
1449
1449
1449
1450
1450
1450
1451
1451
1451
1451
1452
1452
1455
1455
1455
1455
1456
1456
1456
1458
1460
1460
1460
1460
1460
1460
1460
1461
1461
1461
1461
1461
1461
1461
1461
1462
1462
1463
1463
1463
1463
1463
1464
1465
1465
1465
1466
1467
1469
1469
1470
1470
1470
1470
1471
1471
1472
1472
1472
1473
1474
1474
1474
1475
1475
1476
1476
1476
1476
1477
1478
1478
1478
1479
1479
1480
1480
1480
1480
1480
1482
1483
1484
1484
1484
1485
1485
1486
1486
1488
1488
1488
1489
1489
1489
1489
1490
1490
1491
1493
1493
1494
1494
1494
1494
1494
1495
1497
1499
1499
1500
1500
1501
1501
1501
1501
1502
1502
1502
1502
1503
1504
1504
1505
1505
1505
1505
1506
1507
1507
1507
1507
1507
1507
1508
1509
1511
1513
1513
1513
1515
1515
1516
1517
1518
1518
1519
1521
1524
1525
1527
1528
1528
1529
1529
1531
1532
1532
1536
1536
1537
1537
1538
1543
1550
1554
1554
1555
1556
1558
1560
1560
1560
1562
1563
1566
1566
1566
1567
1568
1568
1569
1570
1571
1571
1571
1572
1576
1576
1580
1581
1582
1582
1582
1583
1583
1583
1585
1585
1586
1586
1586
1587
1588
1588
1588
1588
1589
1590
1591
1591
1591
1592
1592
1594
1596
1596
1597
1597
1597
1598
1598
1599
1599
1600
1600
1600
1601
1601
1602
1602
1603
1604
1604
1604
1604
1605
1605
1605
1606
1606
1606
1606
1608
1608
1608
1608
1609
1610
1611
1611
1611
1611
1612
1613
1613
1615
1618
1618
1618
1619
1619
1620
1620
1620
1621
1621
1621
1622
1622
1623
1623
1624
1625
1625
1626
1627
1627
1628
1628
1629
1629
1630
1631
1632
1632
1633
1635
1635
1637
1638
1639
1640
1640
1640
1641
1641
1642
1642
1642
1643
1643
1644
1647
1649
1649
1649
1649
1651
1651
1653
1653
1653
1654
1654
1655
1656
1656
1658
1660
1663
1663
1667
1667
1668
1668
1668
1668
1669
1669
1672
1673
1674
1674
1674
1676
1680
1680
1682
1682
1683
1683
1687
1693
1694
1695
1695
1696
1698
1698
1699
1701
1702
1703
1705
1708
1709
1710
1711
1711
1712
1713
1715
1723
1724
1725
1725
1728
1730
1735
1736
1738
1738
1738
1739
1739
1742
1742
1742
1746
1751
1751
1759
1781
1783
1784
1784
1787
1793
1794
1797
1797
1798
1802
1818
1818
1818
1818
1826
1828
1833
1836
1840
1851
1851
1853
1858
1859
1860
1864
1865
1875
1879
1880
1880
1881
1882
1882
1883
1884
1884
1884
1885
1886
1896
1896
1896
1902
1907
1911
1927
1933
1935
1984
1984
1990
1992
1993
1994
2025
2025
2026
2043
2043
2044
2044
2044
2046
2046
2047
2047
2052
2053
2060
2067
2068
2069
2069
2070
2070
2070
2073
2073
2073
2074
2074
2074
2074
2074
2075
2075
2081
2082
2086
2086
2090
2093
2094
2094
2098
2101
2108
2114
2115
2116
2116
2117
2117
2120
2121
2137
2164
2171
2214
2235
2254
2266
2267
2267
2295
2296
2313
2317
2318
2320
2322
2323
2324
2329
2329
2331
2331
2334
2416
2416
2419
2419
2420
2420
2424
2424
2428
2429
2430
2431
2432
2442
2453
2459
2459
2462
2507
2612
2612
2619
2621
2621
2621
2628
2629
2636
2636
2637
2679
2732
2734
2737
2738
2740
2741
2741
2742
2744
2745
2746
2749
2756
2773
2793
2827
2830
2845
2861
2869
2872
2873
2874
2874
2875
2885
2895
2901
2912
2930
2935
2936
2936
2941
2947
2948
2948
2950
2957
2958
2962
2975
2977
2981
2981
2981
2985
2987
2988
2991
2993
2993
2994
2996
2996
2998
2999
3000
3000
3001
3002
3002
3003
3003
3003
3007
3007
3008
3008
3008
3008
3008
3009
3009
3009
3009
3009
3009
3010
3014
3015
3015
3015
3015
3015
3015
3016
3016
3016
3017
3017
3017
3017
3019
3022
3022
3022
3023
3023
3023
3025
3025
3025
3025
3025
3026
3027
3028
3041
3049
3057
3060
3061
3064
3064
3065
3069
3071
3074
3075
3075
3076
3076
3079
3079
3080
3081
3082
3083
3084
3085
3089
3090
3091
3091
3096
3097
3098
3099
3103
3105
3106
3106
3106
3113
3116
3117
3120
3122
3126
3131
3135
3136
3140
3141
3141
3141
3146
3147
3149
3150
3150
3153
3153
3155
3156
3156
3157
3157
3162
3163
3163
3164
3165
3165
3165
3165
3165
3166
3166
3169
3170
3174
3174
3174
3174
3175
3176
3176
3176
3178
3179
3179
3179
3183
3184
3185
3186
3186
3187
3187
3187
3188
3191
3192
3193
3193
3194
3194
3194
3195
3201
3203
3203
3203
3204
3206
3209
3210
3211
3212
3219
3226
3227
3229
3230
3231
3231
3233
3235
3235
3240
3240
3241
3242
3243
3243
3243
3244
3244
3246
3249
3251
3251
3251
3252
3252
3254
3254
3256
3256
3256
3257
3260
3270
3271
3272
3273
3276
3278
3278
3279
3288
3293
3295
3297
3297
3297
3299
3300
3305
3306
3307
3309
3309
3313
3316
3316
3326
3336
3343
3398
3410
3413
3413
3413
3424
3424
3432
3433
3433
3448
3466
3490
3490
3493
3510
3514
3528
3530
3535
3538
3538
3539
3542
3603
3610
3623
3626
3628
3631
3643
3656
3671
3673
3823
3827
3865
3872
3885
3888
3889
3890
3890
3890
3892
3949
3954
3958
3966
3973
3973
3974
3983
3983
3983
3984
3986
4003
4003
4008
4009
4009
4009
4032
4036
4039
4039
4041
4042
4043
4043
4043
4098
4099
4101
4102
4102
4115
4125
4125
4125
4125
4126
4126
4126
4127
4127
4128
4128
4132
4133
4155
4156
4162
4194
4198
4213
4216
4218
4218
4219
4291
4302
4302
4303
4322
4326
4365
4424
4443
4443
4445
4448
4485
4501
4503
4508
4512
4515
4516
4517
4517
4518
4518
4520
4522
4522
4523
4531
4540
4541
4543
4544
4544
4556
4557
4557
4562
4562
4562
4595
4599
4623
4625
4633
4651
4660
4660
4660
4661
4661
4674
4682
4683
4683
4691
4691
4714
4729
4729
4735
4740
4741
4745
4748
4752
4752
4753
4754
4755
4761
4763
4764
4765
4767
4768
4769
4771
4772
4790
4790
4797
4798
4808
4816
4818
4818
4818
4819
4820
4822
4823
4825
4825
4830
4830
4831
4833
4833
4836
4836
4837
4839
4842
4848
4848
4849
4850
4851
4858
4869
4875
4875
4891
4893
4896
4896
4931
4931
4964
4965
4988
4988
4991
5014
5021
5023
5121
5134
5192
5277
5286
5308
5477
5478
5487
5487
5487
5581
5594
5601
5679
5692
5695
5710
5713
5724
5728
5744
5863
5908
5965
5965
5965
5966
5984
5985
5985
5985
6032
6039
6041
6045
6054
6061
6062
6064
6065
6071
6073
6077
6123
6127
6128
6133
6141
6167
6170
6173
6174
6174
6175
6177
6178
6188
6188
6193
6201
6202
6206
6207
6208
6214
6216
6216
6220
6222
6225
6227
6233
6233
6239
6242
6243
6275
6278
6278
6280
6285
6293
6297
6299
6300
6303
6305
6309
6320
6325
6360
6364
6366
6372
6375
6403
6408
6414
6419
6420
6428
6441
6447
6447
6456
6460
6460
6461
6462
6475
6488
6494
6499
6530
6530
6534
6545
6546
6661
6687
6688
6699
6714
6722
6722
6726
6733
6734
6735
6735
6789
6790
6794
6794
6945
6966
7030
7033
7038
7048
7048
7050
7059
7065
7070
7073
7074
7076
7077
7080
7082
7087
7095
7096
7100
7111
7159
7161
7162
7244
7303
7386
7395
7397
7418
7419
7525
7535
7535
7595
7609
7643
7643
7646
7651
7662
7663
7716
7728
7744
7749
7750
7751
7751
7752
7752
7752
7752
7753
7758
7763
7763
7768
7769
7770
7775
7780
7782
7783
7786
7794
7822
7826
7836
7838
7844
7846
7860
7861
7869
7875
7882
7895
7961
7963
7977
8007
8008
8013
8016
8020
8031
8037
8040
8192
8220
8220
8220
8233
8235
8235
8236
8236
8236
8238
8240
8243
8271
8277
8278
8288
8289
8291
8292
8299
8299
8301
8303
8304
8304
8309
8312
8312
8313
8321
8323
8323
