0
1
2
2
3
3
4
5
5
5
5
5
6
6
6
6
6
7
7
7
7
7
7
7
8
8
8
8
8
9
9
10
10
10
10
10
10
10
10
11
11
11
11
11
11
11
11
11
11
11
11
11
12
12
12
12
12
12
12
12
12
12
12
13
13
13
13
13
13
13
13
13
13
14
14
14
14
14
14
14
14
15
15
15
15
15
16
16
16
16
16
16
16
16
16
16
16
17
17
17
17
17
17
18
18
18
18
18
19
19
19
19
19
19
19
19
20
20
20
20
21
21
21
21
21
21
21
21
21
22
22
22
22
22
22
22
22
22
23
23
23
23
23
24
24
24
24
24
25
25
25
26
26
26
26
27
27
27
27
28
28
29
29
29
30
31
31
31
32
32
32
32
32
32
32
33
33
33
33
33
33
33
34
34
34
34
34
34
35
35
35
35
35
35
35
35
36
36
36
37
37
37
37
37
38
38
39
39
40
40
40
40
40
40
40
41
41
41
41
41
42
42
42
42
43
43
43
43
43
43
43
43
44
44
44
44
45
45
45
45
45
46
46
46
47
47
47
47
48
48
48
49
49
49
49
49
50
50
50
50
50
51
51
52
52
52
52
53
53
53
54
54
54
54
54
55
56
56
56
56
57
57
57
57
58
59
59
60
60
60
61
62
62
63
63
63
63
64
64
64
64
64
64
64
64
65
65
65
66
66
66
67
68
68
68
68
69
69
69
70
70
70
70
70
71
71
71
71
71
71
71
71
71
72
72
72
72
73
73
74
75
76
76
77
77
77
78
79
79
79
79
79
79
81
81
81
82
82
82
82
82
82
83
83
83
83
83
83
83
83
83
83
84
84
84
85
85
85
85
86
86
86
86
86
87
87
87
87
88
88
88
88
88
89
89
89
89
89
89
89
90
90
90
90
91
91
91
91
91
91
91
91
91
92
92
92
93
93
93
94
94
94
95
95
95
96
96
97
97
97
97
97
97
98
98
98
98
98
98
99
99
100
100
100
101
101
101
101
101
101
102
102
102
102
102
102
103
103
103
103
103
105
105
105
105
105
106
106
106
106
107
107
107
107
108
108
108
108
108
108
109
109
110
110
111
111
111
111
111
111
111
112
113
113
113
113
113
114
114
114
115
115
115
115
116
116
116
116
116
116
116
117
117
118
118
118
118
119
120
121
121
121
121
122
122
123
123
123
124
124
125
125
125
125
125
125
125
125
126
126
126
126
126
126
127
127
127
127
128
128
128
128
128
129
129
130
130
130
130
130
130
130
131
131
131
132
132
132
132
132
133
133
134
134
135
135
135
136
136
136
137
137
138
138
138
138
138
138
138
139
139
139
139
140
140
140
141
142
142
142
143
143
143
143
143
143
143
144
145
146
146
146
146
146
146
146
146
147
148
148
148
149
150
151
151
151
152
152
152
153
153
153
155
157
157
158
159
159
159
160
160
160
161
161
161
161
161
161
162
162
162
163
163
164
164
164
164
165
166
166
166
166
166
167
167
168
168
169
170
170
170
170
171
171
171
172
172
172
172
172
172
172
172
173
173
173
173
174
174
174
174
174
174
174
174
175
175
176
176
176
176
176
176
176
177
177
177
177
177
178
178
178
178
178
178
179
179
179
179
179
180
180
180
180
180
180
180
180
181
181
181
181
181
182
182
182
182
183
183
183
183
183
183
184
184
185
185
186
186
186
186
187
188
188
188
188
188
188
189
189
189
190
190
191
191
191
191
192
192
192
192
192
192
192
193
193
193
194
194
194
194
194
194
194
195
196
196
196
197
197
198
199
199
199
199
199
199
200
200
201
201
201
202
203
205
205
206
206
206
207
207
207
207
207
208
208
208
209
209
210
212
213
213
214
214
215
218
219
219
221
221
221
221
221
222
222
224
225
225
226
227
228
230
230
230
230
232
233
233
234
234
235
235
235
237
238
238
238
239
239
240
241
242
243
243
243
243
243
244
246
247
247
248
249
249
250
250
251
251
252
252
252
253
253
253
253
253
253
253
254
254
255
256
257
258
259
261
262
262
262
263
264
264
265
266
266
267
267
267
267
268
268
268
268
268
268
269
270
270
270
271
272
273
273
274
274
275
275
275
275
277
277
278
279
280
281
282
283
283
283
284
284
285
285
285
285
286
287
288
290
290
290
290
290
290
291
291
293
293
294
294
294
295
296
297
297
298
298
300
300
300
300
301
301
301
301
302
302
302
303
303
303
303
303
303
304
304
304
305
305
305
306
306
307
309
309
309
310
310
311
311
314
314
316
317
317
318
318
318
319
319
320
320
321
321
321
321
324
324
324
325
325
326
326
326
326
326
326
326
327
328
328
328
330
331
331
332
333
333
333
333
333
334
334
335
336
336
336
339
341
343
343
343
345
345
346
347
347
347
347
348
349
349
349
349
350
350
350
351
351
352
354
354
354
356
358
359
359
360
360
361
362
362
362
362
363
364
364
364
367
367
367
368
371
373
374
375
378
380
382
382
382
384
386
388
389
392
394
396
396
399
400
403
405
405
406
406
408
408
411
411
411
412
413
413
413
416
422
423
424
425
432
433
436
439
440
442
443
443
443
444
445
447
455
456
457
463
463
464
468
472
476
482
483
484
484
485
485
485
485
486
486
486
487
503
515
519
520
522
525
525
525
527
528
528
529
530
531
531
531
533
534
535
535
536
537
537
539
540
540
541
542
544
547
549
550
552
554
555
557
558
564
565
566
566
567
567
569
569
570
570
573
575
576
577
580
581
581
584
585
585
586
588
588
590
591
593
593
593
593
594
595
596
596
597
597
597
597
597
598
598
598
598
599
599
599
600
600
600
600
601
601
601
601
602
602
603
605
606
606
606
610
612
613
615
615
615
615
615
615
616
617
617
618
618
618
618
618
619
626
628
628
628
628
629
629
630
631
633
634
636
644
645
646
651
654
654
655
656
656
658
658
659
664
665
668
669
675
676
677
677
680
690
693
694
697
698
698
698
698
698
699
699
700
700
700
700
700
700
700
706
709
715
718
722
725
727
728
731
732
732
733
735
737
737
738
738
740
741
743
744
746
746
747
748
748
756
756
757
759
760
761
762
762
763
768
769
773
774
784
784
792
799
804
804
804
827
831
845
845
845
846
849
850
858
865
865
866
870
876
878
880
881
890
890
893
896
897
898
900
900
901
902
902
903
904
906
906
908
911
918
929
934
941
943
944
945
946
954
956
956
957
957
959
960
960
991
996
1005
1056
1059
1064
1065
1065
1065
1066
1067
1071
1078
1078
1079
1081
1081
1081
1081
1082
1082
1083
1083
1084
1085
1085
1087
1087
1087
1089
1089
1091
1097
1098
1098
1099
1100
1100
1105
1113
1117
1117
1117
1117
1117
1123
1123
1128
1134
1134
1139
1139
1141
1143
1143
1144
1144
1145
1147
1148
1149
1151
1152
1159
1165
1167
1171
1172
1173
1175
1187
1191
1197
1240
1241
1254
1261
1292
1296
1302
1302
1304
1309
1309
1309
1310
1313
1314
1319
1328
1328
1329
1330
1338
1343
1347
1348
1358
1363
1372
1373
1377
1380
1386
1391
1420
1422
1423
1424
1427
1430
1431
1434
1434
1434
1434
1434
1435
1435
1435
1435
1435
1436
1436
1436
1436
1439
1440
1440
1441
1441
1441
1443
1443
1444
1446
1447
1447
1448
1448
1448
1448
1449
1449
1450
1451
1451
1451
1451
1452
1452
1453
1455
1456
1456
1456
1457
1457
1457
1457
1457
1458
1459
1459
1460
1461
1461
1462
1462
1462
1462
1462
1462
1462
1462
1463
1463
1464
1464
1464
1464
1465
1465
1466
1468
1469
1470
1472
1472
1472
1472
1472
1472
1473
1473
1476
1476
1477
1477
1477
1477
1477
1478
1478
1478
1478
1479
1479
1479
1479
1480
1480
1480
1480
1481
1481
1481
1481
1481
1482
1482
1482
1482
1482
1482
1483
1484
1484
1484
1485
1485
1486
1486
1486
1486
1486
1486
1487
1487
1487
1487
1487
1487
1488
1488
1488
1488
1488
1488
1490
1490
1490
1491
1491
1491
1491
1492
1492
1492
1492
1493
1493
1493
1493
1493
1493
1493
1494
1494
1494
1494
1494
1496
1497
1497
1498
1498
1498
1500
1500
1501
1501
1503
1503
1503
1504
1504
1505
1506
1506
1507
1509
1512
1512
1514
1516
1520
1520
1520
1523
1524
1533
1533
1533
1538
1543
1544
1546
1547
1548
1550
1551
1553
1553
1554
1554
1557
1561
1562
1563
1565
1567
1568
1568
1570
1572
1572
1574
1576
1576
1578
1578
1578
1578
1579
1579
1580
1581
1582
1584
1585
1585
1585
1588
1588
1589
1590
1591
1591
1591
1593
1593
1594
1594
1597
1601
1602
1602
1602
1603
1604
1604
1605
1607
1608
1609
1609
1609
1610
1610
1611
1612
1615
1615
1617
1617
1618
1619
1626
1628
1629
1629
1629
1629
1629
1629
1633
1633
1634
1634
1634
1634
1635
1637
1637
1637
1638
1638
1639
1639
1646
1652
1652
1654
1655
1656
1656
1657
1657
1657
1658
1663
1663
1663
1667
1667
1667
1668
1668
1668
1670
1671
1672
1682
1683
1684
1686
1691
1692
1692
1702
1716
1718
1721
1721
1729
1735
1741
1741
1741
1746
1747
1752
1757
1759
1762
1763
1768
1775
1775
1785
1796
1799
1803
1809
1816
1817
1819
1821
1822
1823
1823
1824
1825
1827
1828
1828
1829
1832
1837
1841
1841
1843
1856
1862
1874
1875
1875
1876
1881
1912
1912
1915
1917
1920
1930
1953
1956
1976
2041
2065
2073
2074
2075
2075
2087
2104
2104
2113
2120
2121
2123
2123
2123
2124
2125
2130
2133
2155
2155
2157
2157
2159
2169
2170
2170
2170
2177
2179
2182
2182
2182
2183
2183
2183
2183
2183
2184
2186
2187
2187
2188
2189
2191
2198
2202
2202
2203
2207
2207
2208
2210
2219
2219
2242
2242
2243
2249
2250
2250
2250
2250
2251
2251
2256
2266
2296
2296
2298
2299
2301
2302
2313
2314
2315
2316
2318
2318
2319
2320
2322
2330
2334
2357
2370
2371
2376
2377
2380
2386
2393
2405
2411
2431
2441
2443
2459
2459
2466
2469
2470
2486
2492
2493
2494
2499
2515
2519
2519
2528
2528
2530
2530
2530
2548
2549
2552
2553
2553
2561
2563
2567
2574
2581
2583
2584
2587
2588
2594
2596
2597
2597
2614
2617
2617
2622
2679
2722
2725
2733
2734
2759
2766
2769
2770
2771
2771
2801
2811
2819
2820
2824
2890
2891
2891
2902
2924
2926
2934
2966
2966
2985
2986
2987
2989
2992
2993
2998
2998
2998
2998
2998
2998
3001
3012
3014
3030
3031
3031
3036
3040
3040
3041
3041
3045
3054
3057
3063
3068
3073
3093
3099
3106
3111
3112
3120
3120
3121
3121
3122
3135
3137
3138
3139
3139
3139
3145
3147
3147
3152
3155
3156
3160
3160
3160
3162
3165
3168
3169
3169
3169
3170
3171
3171
3171
3172
3175
3175
3175
3190
3197
3198
3201
3201
3202
3203
3204
3205
3207
3211
3211
3212
3214
3214
3216
3217
3218
3220
3220
3220
3224
3226
3228
3229
3230
3231
3233
3233
3234
3236
3241
3242
3244
3245
3247
3247
3249
3249
3249
3250
3252
3252
3255
3255
3256
3260
3260
3265
3268
3270
3273
3277
3277
3278
3281
3281
3282
3283
3295
3295
3296
3300
3303
3306
3308
3326
3329
3330
3357
3378
3382
3384
3401
3406
3407
3407
3411
3412
3424
3433
3434
3436
3439
3440
3444
3445
3462
3464
3466
3485
3486
3518
3520
3520
3521
3529
3530
3535
3545
3561
3563
3564
3564
3569
3570
3570
3573
3574
3574
3574
3574
3587
3598
3651
3652
3681
3684
3727
3730
3738
3738
3738
3739
3743
3744
3745
3750
3756
3771
3778
3778
3783
3783
3783
3784
3816
3830
3847
3856
3874
3874
3878
3931
3945
3985
3985
3986
4029
4043
4088
4095
4167
4201
4245
4269
4291
4360
4361
4403
4403
4411
4629
4630
4638
4639
4641
4642
4643
4644
4646
4659
4669
4673
4690
4701
4708
4708
4708
4719
4756
4764
4786
4790
4794
4795
4795
4795
4795
4796
4796
4800
4801
4804
4805
4807
4808
4810
4818
4841
4844
4888
4921
4924
4929
4931
4938
4940
4941
4952
4957
4958
4964
4965
