0
1
2
2
3
4
4
5
5
5
6
6
6
6
6
6
6
7
7
7
7
7
7
7
7
7
7
8
8
8
8
8
8
8
8
9
9
9
9
9
9
9
9
9
9
9
9
9
10
10
10
10
10
10
10
10
10
10
10
11
11
11
11
11
11
12
12
12
12
12
12
12
12
12
12
12
12
12
12
12
13
13
13
13
13
13
13
13
13
13
14
14
14
14
14
14
14
14
15
15
15
15
15
15
15
16
16
16
16
16
16
16
17
17
17
17
17
18
18
18
18
18
19
19
19
20
20
20
20
20
20
20
20
21
21
21
21
21
21
22
22
22
22
22
22
22
22
22
23
23
23
23
23
23
23
23
23
23
24
24
24
24
24
24
25
25
25
25
25
26
26
26
26
26
26
26
26
26
26
26
27
27
27
27
27
28
28
28
28
28
28
28
28
28
28
28
28
28
28
29
29
29
29
29
29
30
30
30
30
30
31
31
31
31
31
31
31
31
31
31
32
32
32
32
32
33
33
33
33
33
34
34
34
35
35
35
35
36
36
36
36
36
36
37
37
37
37
37
38
38
38
38
38
38
39
39
39
39
39
39
39
40
40
40
40
41
41
41
41
41
42
42
42
42
42
42
42
42
42
42
42
42
42
42
43
43
43
43
43
44
44
44
45
45
45
45
45
45
45
45
46
46
46
46
47
47
47
48
48
48
48
49
50
50
50
50
50
50
50
51
51
51
52
52
52
52
53
53
53
53
53
53
54
54
55
55
55
55
55
56
56
56
56
56
56
56
56
56
56
56
56
57
57
57
57
57
57
57
57
57
57
58
59
59
59
60
60
60
61
61
61
61
62
62
63
63
63
63
63
64
64
64
64
64
65
65
65
65
65
65
65
65
65
65
65
65
66
66
66
66
66
67
67
67
68
68
68
68
68
69
69
69
70
70
70
70
70
70
70
70
70
71
71
72
72
72
72
72
72
72
73
73
73
73
73
74
74
74
74
75
75
75
75
75
75
75
76
76
76
77
77
77
77
77
77
77
78
78
78
78
78
79
79
79
79
79
79
79
79
80
80
81
81
81
81
81
82
82
82
82
82
82
83
83
83
83
83
84
84
85
85
85
85
85
86
86
87
87
87
88
88
88
88
88
89
89
89
89
89
89
89
89
90
90
90
90
90
90
90
90
91
91
91
91
91
91
91
91
92
92
92
92
92
92
93
93
93
93
93
93
93
93
94
94
94
94
94
94
95
95
95
95
95
96
96
96
97
97
97
97
97
97
97
98
98
98
98
98
98
98
98
99
99
99
100
100
100
100
101
101
101
101
101
101
101
101
101
101
102
102
102
102
102
102
102
102
103
103
103
103
103
103
103
103
103
104
104
104
104
104
105
105
105
105
105
105
106
106
106
106
107
107
107
107
107
107
107
107
108
108
108
108
108
109
109
109
110
110
110
110
110
111
111
112
113
113
113
114
114
115
115
115
115
115
115
115
116
116
116
116
116
116
116
116
116
116
116
117
117
117
117
117
117
117
118
118
118
118
118
119
119
119
120
120
120
120
120
120
120
120
121
121
121
121
122
122
122
122
122
122
122
122
123
123
123
123
124
124
124
124
124
126
128
128
128
128
128
129
129
130
130
130
131
132
132
133
133
133
134
134
134
134
134
135
135
135
135
135
135
136
136
137
137
137
137
137
137
137
137
137
138
138
138
138
138
138
139
139
139
139
140
140
140
140
141
141
142
142
142
142
143
143
143
143
143
144
144
144
145
145
145
145
145
146
147
147
147
147
148
148
149
149
149
149
149
149
149
150
150
150
151
151
151
152
152
153
153
153
154
154
154
154
155
155
155
157
158
158
158
158
159
159
159
159
160
160
160
160
160
161
161
161
161
162
162
162
163
163
163
163
163
164
164
164
164
164
165
165
165
165
165
166
166
166
166
166
166
167
167
167
167
167
168
168
168
168
169
169
169
170
170
170
171
171
171
171
171
172
172
172
172
173
173
173
174
174
174
174
174
174
174
174
174
174
174
174
174
175
175
175
175
175
175
175
175
175
176
176
176
176
176
176
177
177
177
177
178
178
178
178
179
179
179
180
180
181
181
181
181
182
182
182
182
182
183
183
183
183
183
183
183
183
184
184
185
185
185
185
185
185
185
185
185
185
186
186
186
186
186
186
186
186
187
187
187
187
187
187
187
188
188
188
188
188
188
188
188
188
188
189
189
189
189
190
190
190
190
190
190
190
190
191
191
191
191
191
191
191
192
192
192
192
192
192
192
193
193
193
193
193
194
194
194
194
194
194
195
195
195
195
196
196
196
196
196
197
197
197
197
197
197
198
198
198
198
198
199
199
199
199
199
200
200
200
200
200
200
200
200
201
201
202
203
203
203
205
206
207
207
207
207
207
208
208
208
208
209
209
209
209
210
210
210
210
210
210
210
210
211
211
211
211
212
212
212
212
212
213
213
213
213
214
215
215
215
216
216
216
216
216
216
217
218
218
219
219
219
219
219
219
219
220
220
220
220
221
221
221
221
221
222
222
222
222
223
223
223
224
224
224
225
226
228
228
228
229
229
229
229
230
230
230
231
231
232
232
232
233
233
233
233
233
233
234
235
236
236
236
237
237
237
238
238
239
240
240
240
241
241
242
244
244
244
244
245
245
247
247
248
248
248
249
250
250
251
251
251
252
252
253
253
254
254
254
255
255
255
255
255
255
256
256
257
257
257
257
258
259
259
260
260
260
260
260
261
261
261
261
261
262
262
263
263
264
267
268
268
268
269
270
270
271
271
272
272
272
272
273
273
274
275
275
277
277
277
277
277
277
278
280
281
281
281
283
283
283
284
284
284
284
284
284
285
285
286
287
288
288
288
289
289
289
290
290
290
290
291
293
293
293
293
295
295
295
295
296
296
296
296
297
297
298
299
300
300
300
300
300
301
301
301
301
302
302
303
303
303
304
305
305
305
306
307
307
309
310
310
310
311
311
311
311
311
313
313
313
314
315
315
315
315
316
316
316
316
317
317
317
317
319
319
319
320
320
320
321
321
321
322
323
323
323
323
323
324
324
324
324
324
325
325
325
325
326
326
326
327
327
328
328
329
329
329
330
330
330
331
331
331
331
332
333
333
334
334
335
336
336
337
337
337
337
337
338
338
338
338
338
338
338
339
339
339
339
339
339
339
340
340
340
340
340
341
341
341
341
341
341
341
342
342
343
343
343
343
343
343
343
343
344
344
344
345
345
347
347
348
349
349
349
349
350
350
350
351
351
351
352
352
352
352
352
352
352
352
352
352
352
353
353
353
353
353
354
354
355
355
356
356
356
357
357
357
357
358
359
361
364
364
365
365
365
365
366
366
366
367
367
367
367
368
368
368
369
371
371
371
371
371
373
373
374
374
374
374
375
376
377
377
377
378
378
379
379
379
379
380
382
382
382
382
383
384
385
385
386
386
387
388
389
389
389
391
392
392
392
392
393
393
393
393
394
394
395
395
396
396
396
397
397
398
398
398
398
398
399
400
400
400
401
402
403
403
404
404
406
407
407
407
408
409
409
409
409
409
411
412
412
412
412
413
413
414
414
417
418
418
419
419
420
420
421
421
421
421
421
422
422
422
422
422
422
424
424
424
424
426
426
426
427
428
429
431
431
431
433
433
435
436
437
437
437
438
439
440
440
443
445
445
446
446
447
447
447
448
448
449
449
449
449
449
450
450
451
452
452
453
453
453
453
454
454
454
455
455
456
456
456
457
458
458
459
459
459
460
460
461
461
461
461
461
462
462
462
463
464
466
467
467
468
468
470
470
471
471
472
473
473
474
474
475
479
480
480
480
481
481
482
485
485
488
489
490
490
493
494
495
495
496
496
497
497
498
498
499
499
499
501
501
502
502
502
502
503
503
503
503
503
504
506
506
506
507
507
507
507
508
508
511
511
511
512
512
512
513
513
514
514
514
514
514
514
515
516
516
517
518
518
519
520
521
521
521
522
522
522
523
524
524
524
525
525
526
528
529
530
530
531
531
532
533
534
534
535
536
536
536
536
536
537
538
538
538
538
539
539
541
542
543
543
543
544
545
546
548
551
552
554
556
557
558
558
560
560
560
561
562
565
567
568
568
568
568
569
570
570
571
571
572
573
573
575
576
577
578
579
579
579
580
580
580
581
582
582
583
583
584
585
588
588
589
590
592
592
593
593
593
593
593
593
594
594
595
596
598
598
600
600
601
601
602
602
603
603
604
605
605
607
608
610
614
614
616
616
616
617
617
617
617
617
618
618
619
619
620
621
621
624
624
626
626
627
628
630
631
631
631
631
631
632
632
633
634
635
635
637
638
638
639
640
641
642
644
648
649
649
658
659
659
659
659
659
662
663
664
666
670
671
671
673
674
674
675
675
675
676
676
677
677
678
678
678
680
680
681
681
682
682
684
684
684
684
686
687
687
689
689
689
691
695
696
699
701
701
701
702
702
702
703
704
704
710
711
711
711
711
712
712
714
717
717
717
719
719
719
719
723
726
727
728
728
730
730
730
731
731
732
733
735
735
736
736
736
737
737
738
738
738
738
739
739
739
741
743
744
744
744
744
746
751
752
755
756
757
757
757
757
757
757
757
757
758
761
761
764
764
764
766
772
773
778
778
780
781
782
783
784
785
786
788
796
800
800
802
803
803
803
806
809
813
814
815
815
816
817
817
820
821
825
825
826
826
826
827
828
828
828
828
829
830
830
836
839
839
840
841
842
843
844
849
852
859
860
860
860
866
866
868
868
868
871
872
872
873
877
883
883
883
884
884
885
885
886
891
901
902
906
910
920
920
925
932
937
954
957
961
962
962
964
966
979
980
980
981
981
982
983
989
993
993
999
1001
1001
1001
1002
1002
1004
1004
1017
1021
1025
1026
1027
1031
1031
1033
1033
1033
1034
1045
1045
1047
1049
1049
1050
1052
1053
1054
1054
1054
1054
1055
1055
1066
1066
1066
1067
1070
1070
1071
1073
1076
1080
1082
1084
1084
1097
1097
1097
1098
1098
1098
1102
1103
1104
1106
1106
1107
1108
1108
1111
1111
1121
1125
1126
1126
1127
1145
1145
1149
1150
1170
1173
1173
1181
1182
1182
1190
1200
1201
1238
1244
1246
1246
1249
1253
1275
1275
1278
1279
1310
1310
1313
1315
1334
1335
1359
1367
1377
1386
1389
1391
1411
1421
1421
1422
1423
1432
1432
1433
1433
1436
1440
1441
1456
1457
1459
1459
1460
1460
1462
1462
1464
1466
1468
1468
1469
1469
1469
1477
1484
1484
1487
1487
1487
1492
1493
1499
1499
1506
1510
1511
1513
1518
1526
1526
1527
1530
1531
1531
1538
1538
1551
1553
1553
1558
1561
1562
1563
1566
1567
1568
1569
1570
1571
1575
1576
1577
1577
1582
1583
1586
1587
1590
1591
1591
1593
1596
1597
1597
1599
1601
1607
1608
1609
1609
1614
1615
1621
1628
1629
1630
1630
1645
1645
1649
1655
1662
1662
1662
1665
1666
1666
1666
1666
1666
1667
1669
