0
0
6
7
10
13
13
18
18
18
18
18
18
18
18
18
18
19
19
19
19
21
21
22
24
27
27
28
28
28
28
29
31
31
32
32
32
33
34
34
35
35
35
35
36
37
38
38
39
40
41
42
42
43
43
43
43
43
45
47
47
48
53
53
56
58
58
59
63
64
66
66
68
69
72
72
72
73
73
73
74
74
74
75
76
79
79
80
80
80
81
83
86
87
87
87
91
92
93
93
93
95
95
99
101
103
103
103
103
106
108
108
109
109
109
109
110
116
119
119
126
128
128
128
128
128
129
129
129
129
130
131
132
134
134
134
134
134
135
135
136
138
142
143
143
144
146
147
150
150
150
151
151
151
151
151
152
157
158
163
165
165
166
170
182
182
182
183
194
207
211
217
217
217
218
220
224
232
233
234
249
250
256
274
277
305
309
320
324
326
329
333
376
379
394
394
398
407
413
414
415
418
429
429
430
436
443
444
454
458
465
468
471
471
485
494
498
503
509
514
516
521
522
522
522
530
534
534
534
534
534
535
535
535
535
535
535
535
535
544
551
570
573
574
579
589
599
604
633
635
635
641
647
653
653
667
669
674
679
687
693
701
713
730
750
753
753
755
772
772
772
779
786
807
808
808
808
808
808
820
832
832
832
832
833
833
833
833
833
833
833
833
842
849
853
853
853
853
853
858
873
874
904
904
909
914
952
956
960
978
1028
1028
1028
1028
1028
1028
1028
1029
1029
1030
1030
1030
1030
1030
1030
1030
1030
1030
1030
1030
1030
1030
1030
1030
1030
1030
1030
1030
1036
1036
1036
1036
1036
1036
1036
1036
1036
1036
1036
1036
1036
1037
1037
1037
1037
1037
1037
1037
1037
1037
1037
1037
1037
1037
1037
1037
1037
1037
1037
1037
1037
1037
1037
1037
1038
1042
1052
1055
1072
1083
1221
1296
1323
1357
1378
1397
1428
1442
1468
1468
1468
1469
1500
1510
1513
1520
1544
1546
1554
1577
1586
1613
1620
1620
1629
1643
1643
1643
1643
1643
1643
1643
1643
1643
1643
1643
1643
1643
1643
1643
1643
1643
1643
1643
1643
1643
1643
1643
1643
1643
1645
1645
1646
1646
1648
1648
1648
1648
1648
1648
1648
1649
1649
1649
1649
1678
1678
1678
1678
1678
1678
1678
1678
1678
1678
1678
1678
1678
1678
1678
1683
1683
1683
1684
1684
1684
1684
1684
1684
1693
1701
1702
1711
1725
1729
1770
1782
1815
1818
1819
1828
1834
1834
1869
1869
1871
1924
1975
1976
1976
2023
2023
2025
2051
2088
2088
2088
2088
2088
2088
2088
2088
2088
2089
2089
2089
2089
2089
2112
2112
2112
2112
2112
2117
2171
2178
2196
2196
2199
2225
2231
2258
2321
2334
2344
2346
2369
2430
2680
2680
2729
2741
2823
2854
2908
2910
2929
3013
3025
3027
3036
3048
3050
3053
3081
3084
3087
3153
3166
3169
3185
3188
3189
3193
3213
3222
3239
3265
3276
3310
3332
3332
3386
3417
3419
3461
3671
4006
4011
4011
4019
4069
4204
4220
4221
4243
4245
4310
4313
4317
4324
4349
4358
4403
4479
