0
0
7
10
10
11
13
14
15
16
17
17
17
17
17
18
18
26
26
26
28
28
29
30
30
30
30
30
30
30
30
31
31
31
31
32
32
33
33
34
35
35
36
36
40
43
45
46
55
55
57
58
59
61
63
65
67
69
72
73
84
89
93
94
100
101
102
102
102
102
102
102
102
102
102
103
108
108
110
115
116
116
116
116
116
118
118
118
121
125
129
129
129
138
149
149
151
161
161
161
170
170
177
182
190
211
227
262
288
289
295
303
313
314
320
320
321
321
347
368
376
394
395
395
397
402
403
403
403
436
470
520
539
542
567
607
710
733
761
816
1008
1031
1034
1114
1114
1132
1136
1146
1169
1176
1180
1182
1185
1185
1195
1201
1203
1207
1217
1217
1233
1262
1272
1292
1316
1360
1360
1361
1361
1362
1362
1368
1415
1416
1428
1434
1438
1438
1441
1443
1443
1447
1453
1458
1458
1459
1460
1461
1461
1461
1462
1466
1467
1475
1480
1483
1487
1491
1497
1505
1534
1536
1539
1542
1545
1556
1561
1572
1580
1606
1613
1620
1636
1645
1668
1672
1698
1846
1978
1990
2031
2082
2222
2303
2338
2343
2346
2361
2397
2402
2403
2407
2431
2457
2632
2682
2845
2983
2986
2986
2986
2987
2987
2987
2987
2987
2987
2987
2987
2987
2987
2987
2987
2990
3003
3003
3003
3003
3037
3039
3055
3060
3067
3069
3071
3072
3072
3074
3074
3076
3082
3084
3087
3088
3089
3092
3094
3094
3100
3100
3105
3105
3116
3116
3116
3117
3117
3117
3117
3117
3117
3117
3117
3117
3117
3117
3117
3117
3117
3117
3117
3117
3117
3117
3117
3117
3117
3117
3122
3122
3122
3122
3122
3122
3122
3122
3122
3123
3123
3123
3123
3123
3123
3123
3123
3123
3123
3123
3123
3123
3123
3123
3123
3123
3123
3123
3124
3124
3124
3124
3124
3124
3124
3124
3138
3139
3157
3166
3172
3188
3199
3210
3210
3210
3210
3210
3213
3213
3218
3220
3226
3226
3232
3238
3239
3245
3246
3247
3251
3259
3259
3259
3259
3259
3259
3363
3369
3372
3383
3394
3395
3424
3436
3436
3471
3547
3547
3621
3640
3649
3654
3655
3659
3660
3660
3660
3660
3660
3660
3660
3660
3660
3660
3660
3660
3660
3660
3660
3660
3660
3660
3660
3660
3660
3660
3660
3660
3660
3660
3660
3661
3661
3661
3661
3661
3661
3661
3661
3661
3661
3661
3661
3661
3661
3661
3661
3661
3662
3662
3663
3667
3667
3667
3667
3667
3667
3667
3667
3667
3667
3667
3667
3667
3667
3667
3667
3668
3668
3668
3668
3668
3668
3668
3668
3668
3668
3669
3669
3669
3669
3669
3669
3669
3670
3684
3684
3684
3718
3767
3778
3778
3778
3779
3780
3781
3817
3866
3899
3902
3913
3995
4134
4136
4181
4190
4193
4215
4215
4242
4279
4279
4280
4378
4382
4458
4557
4571
4807
4808
4809
4817
4826
4875
4881
4893
4896
4961
5114
5124
5157
5186
5193
5213
5229
5230
5230
5230
5230
5241
5479
5572
5689
5690
5719
5727
5728
5730
5743
5753
5764
5774
5800
5872
5874
5879
5882
5887
5890
5928
6382
6609
6637
6713
6744
6760
6767
6768
6787
6867
6883
6883
6883
6883
6884
6902
6910
6929
6945
6954
7025
7034
7038
7041
7042
7065
7090
7091
7091
7099
7100
7100
7111
7130
7148
7148
7148
7148
7148
7148
