0
0
7
8
10
10
12
13
14
14
15
15
17
20
22
23
23
23
23
24
26
26
26
26
28
28
28
28
28
29
29
29
29
29
29
29
30
31
31
33
34
34
34
35
35
35
35
35
36
36
36
37
37
38
39
39
39
40
40
40
41
42
43
44
44
44
44
44
45
45
45
45
46
46
47
47
47
48
49
49
50
51
51
51
51
51
52
52
58
59
60
61
63
69
69
70
72
74
75
76
77
78
80
81
82
83
84
85
90
91
92
92
92
92
92
95
96
97
97
97
99
99
101
101
103
105
105
107
109
110
111
112
114
114
114
116
116
116
117
117
118
119
120
125
125
130
131
131
131
134
136
136
136
136
137
138
140
143
144
145
145
145
148
150
152
153
153
153
154
154
154
155
155
156
156
156
156
156
156
156
160
160
161
161
162
162
163
168
168
170
172
175
178
180
182
185
185
193
198
200
201
203
203
204
205
206
206
210
218
227
230
232
232
240
249
251
255
262
283
285
289
300
300
309
310
315
317
319
321
335
339
341
345
345
349
350
351
360
362
367
371
374
376
378
402
404
411
416
419
420
468
484
491
492
493
495
521
521
521
521
521
521
521
521
521
545
559
584
612
612
624
626
630
662
666
679
680
682
689
695
705
710
712
712
724
736
739
740
740
759
764
765
765
765
766
774
774
776
779
785
813
814
818
824
834
868
910
938
941
944
961
961
961
961
961
961
961
961
961
961
961
965
967
967
967
967
967
967
967
967
967
967
968
968
968
968
968
968
968
968
968
968
968
968
968
968
968
968
968
968
968
968
968
968
968
968
968
969
969
969
969
969
969
969
969
969
969
969
969
969
969
969
969
969
969
969
969
969
969
969
969
969
970
970
970
970
970
970
970
970
970
970
970
970
970
970
970
970
970
970
970
971
971
972
972
972
972
972
972
972
972
972
972
972
972
972
972
972
972
972
972
972
975
975
975
975
976
976
976
976
976
976
976
976
976
976
976
976
977
995
998
998
998
998
998
998
998
998
998
998
998
998
998
998
998
998
998
998
998
998
998
998
998
998
998
1003
1005
1051
1055
1066
1070
1073
1073
1080
1080
1083
1089
1100
1124
1143
1148
1162
1250
1320
1340
1348
1348
1349
1349
1349
1349
1349
1349
1349
1349
1349
1354
1390
1391
1394
1394
1394
1395
1408
1410
1422
1432
1437
1454
1459
1482
1482
1482
1484
1484
1486
1490
1504
1517
1521
1537
1565
1567
1589
1592
1595
1605
1611
1612
1614
1616
1621
1626
1626
1633
1642
1644
1644
1644
1644
1644
1644
1644
1644
1648
1667
1689
1725
1725
1725
1726
1750
1770
1798
1800
1802
1803
1804
1807
1810
1814
1827
1852
1858
1882
1915
1927
1967
1975
1982
2002
2007
2016
2046
2047
2105
2182
2215
2219
2310
2312
2366
2378
2452
2472
