0
0
8
15
20
20
22
23
25
27
29
30
30
30
31
32
32
32
33
33
33
34
34
34
34
34
34
34
35
35
35
35
35
42
42
43
45
45
47
47
49
51
52
52
52
52
53
53
53
53
56
63
65
66
67
68
68
70
72
72
80
87
106
110
113
119
131
133
135
137
142
147
152
152
159
161
161
161
161
161
165
165
165
165
165
166
166
168
172
179
179
181
185
186
186
186
186
187
187
187
188
188
196
198
225
226
235
237
252
257
265
284
286
287
287
288
288
288
387
388
390
402
409
409
409
409
410
427
437
458
462
648
656
678
727
728
995
995
995
995
995
999
1000
1001
1002
1020
1049
1049
1049
1050
1085
1105
1159
1307
1349
1420
1423
1441
1444
1445
1450
1451
1453
1467
1471
1481
1490
1520
1534
1571
1591
1591
1595
1600
1604
1615
1620
1620
1627
1631
1639
1654
1669
1679
1686
1738
1906
1907
1907
1910
2134
2137
2151
2161
2162
2162
2162
2165
2174
2198
2271
2398
2532
2532
2532
2532
2532
2532
2532
2532
2533
2533
2533
2533
2533
2533
2533
2534
2551
2560
2563
2568
2589
2617
2865
2875
2997
2997
2997
2998
2998
3013
3014
3014
3059
3066
3068
3113
3116
3120
3123
3135
3135
3136
3138
3142
3144
3150
3167
3198
3400
3402
3406
3452
3454
3465
3487
3507
3511
3688
3739
3739
3862
3898
3928
4144
4451
4565
4576
4580
4582
4665
4674
4682
4682
4684
4690
4816
5418
5611
5927
6037
6038
6040
6076
6082
6174
6178
6191
6193
6209
6209
6209
6209
6209
6209
6209
6209
6210
6210
6210
6215
6255
6386
6386
6386
6386
6386
6386
6386
6386
6386
6386
6392
6392
6392
6392
6392
6392
6392
6393
6393
6393
6393
6393
6393
6393
6393
6393
6393
6393
6393
6393
6393
6394
6394
6394
6394
6394
6394
6394
6394
6394
6394
6394
6394
6394
6395
6395
6395
6395
6395
6395
6395
6395
6397
6397
6397
6397
6397
6397
6397
6397
6397
6397
6397
6397
6397
6397
6397
6397
6397
6398
6398
6398
6398
6398
6398
6398
6398
6398
6398
6425
6489
6557
6751
6793
6807
6817
6962
7330
7517
7583
7608
7608
7609
7609
7609
7609
7609
7609
7610
7610
7633
8143
8193
8366
8416
8434
8438
8568
8585
8606
8656
8660
9108
9198
9205
9225
9230
9248
9680
9694
9738
9840
9894
9934
9936
9984
10101
10101
10101
10101
10101
10101
10102
10102
10102
10102
10102
10102
10102
10107
10107
10107
10107
10108
10116
10218
10235
10235
10240
10268
10269
10269
10451
10464
10485
10491
10508
10509
10510
10605
10763
10789
10789
10789
10790
10790
10791
10791
10791
10791
10791
10791
10791
10791
10791
10795
10796
10799
10815
10815
10815
10815
10815
10816
10816
10816
10816
10816
10816
10816
10816
10816
10816
10817
10819
10819
10820
10820
10820
11191
11311
11311
11312
11312
11509
11509
11510
11510
11510
11510
11510
11510
11541
11543
11549
11588
11600
11602
11622
11623
11635
11638
11646
11736
11737
11762
11783
11795
11862
11886
11990
12001
12006
12011
12188
12205
12206
12208
12222
12222
12222
12222
12222
12222
12222
12222
12222
12225
12225
12323
12331
12369
12376
12377
12378
12387
12408
12414
12424
12437
12455
12467
12491
12515
12538
12539
12559
12572
12584
12587
12630
12631
12631
12636
12636
12646
12656
12657
12705
12720
12727
12728
12728
