0
0
8
8
21
22
23
23
24
24
24
24
24
24
26
26
26
27
31
32
32
32
34
39
40
40
46
50
53
56
60
64
64
82
88
89
91
97
102
103
103
103
103
103
103
103
104
104
104
105
116
119
119
119
119
119
119
120
120
120
128
151
166
172
192
192
196
196
196
196
196
197
198
265
309
310
327
331
331
342
347
357
381
385
392
433
434
439
446
447
457
458
476
489
530
530
530
546
564
573
586
606
613
643
672
724
751
753
758
760
762
793
798
801
807
884
996
1035
1043
1051
1051
1073
1089
1102
1133
1136
1141
1144
1165
1174
1179
1184
1185
1185
1185
1192
1193
1196
1196
1196
1199
1210
1223
1349
1367
1394
1397
1434
1439
1445
1449
1453
1457
1464
1466
1505
1506
1516
1519
1522
1528
1529
1538
1538
1538
1566
1571
1590
1590
1590
1590
1590
1594
1596
1597
1598
1624
1627
1634
1646
1654
1657
1662
1666
1667
1672
1685
1685
1685
1685
1686
1690
1696
1710
1710
1711
1711
1711
1711
1711
1711
1711
1711
1711
1711
1711
1711
1711
1711
1711
1711
1711
1711
1711
1711
1712
1712
1712
1712
1712
1712
1712
1712
1717
1717
1717
1717
1717
1717
1717
1717
1717
1717
1717
1718
1718
1718
1718
1718
1718
1718
1718
1718
1718
1718
1718
1718
1718
1718
1719
1719
1719
1719
1719
1719
1719
1719
1719
1719
1719
1719
1719
1719
1719
1719
1719
1719
1729
1738
1747
1753
1768
1772
1772
1779
1781
1782
1784
1784
1807
1812
1834
1846
1846
1860
1868
1927
2030
2050
2085
2096
2102
2118
2160
2162
2162
2172
2202
2242
2243
2243
2243
2243
2243
2243
2243
2243
2244
2244
2244
2252
2252
2252
2253
2260
2267
2269
2269
2269
2269
2269
2269
2270
2270
2270
2270
2270
2270
2277
2277
2282
2292
2292
2292
2292
2293
2293
2303
2319
2328
2331
2333
2337
2499
2504
2506
2532
2533
2564
2576
2601
2617
2674
2674
2678
2680
2682
2692
2692
2714
2792
2796
2825
2829
2829
2829
2829
2829
2829
2829
2829
2829
2829
2829
2829
2829
2829
2829
2830
2830
2830
2836
2836
2837
2837
2837
2837
2838
2844
2844
2864
2888
2944
2949
2967
3008
3030
3031
3033
3033
3036
3044
3044
3044
3044
3060
3104
3104
3104
3104
3104
3104
3105
3105
3105
3105
3105
3111
3111
3111
3111
3111
3111
3111
3111
3111
3112
3112
3112
3112
3112
3112
3112
3112
3112
3112
3112
3112
3112
3112
3112
3112
3112
3112
3115
3138
3147
3147
3171
3238
3265
3266
3270
3279
3279
3279
3332
3335
3360
3381
3381
3381
3381
3381
3381
3382
3382
3382
3384
3384
3403
3403
3403
3403
3403
3410
3418
3574
3576
3581
3586
3662
3662
3690
3730
3742
3750
3796
3806
3811
3822
3822
3835
3840
3846
3847
3898
3904
3905
3905
3917
3964
3984
3991
4021
4038
4039
4045
4056
4066
4094
4108
4128
4142
4240
4240
4241
4268
4299
4300
4300
4381
4544
4587
4624
4632
4638
4648
4649
4650
4669
4677
4682
4704
4707
4714
4716
4716
4717
4742
4759
4767
4775
4780
4806
4807
4827
4827
4845
4852
4864
4874
4874
4886
4891
4951
4953
4968
4972
5005
5008
5009
5013
5016
5050
5074
5126
5139
5148
5151
5151
5151
5169
5169
5175
5175
5204
5230
5242
5251
5252
5253
5253
5273
5292
