0
0
6
8
11
11
12
13
14
15
15
16
16
17
17
18
18
18
20
21
22
22
23
23
23
23
23
24
24
24
24
25
27
27
28
29
30
32
32
33
33
35
35
35
35
35
36
36
36
37
38
38
38
38
38
39
39
39
39
39
40
44
44
46
46
46
46
47
47
47
47
48
48
49
49
49
49
49
49
53
53
53
54
54
54
55
55
55
55
55
56
56
57
57
57
57
58
59
60
60
60
63
64
65
69
70
70
72
72
78
78
79
80
81
83
84
84
85
87
88
89
90
92
93
93
93
95
98
98
98
98
98
99
100
101
103
104
105
106
106
106
106
107
107
107
108
108
108
108
108
109
109
109
110
110
110
111
111
111
118
119
122
122
123
123
123
123
124
126
126
128
128
131
135
138
138
140
141
142
146
156
157
162
165
165
165
168
169
172
173
177
177
177
177
177
178
183
186
186
189
203
239
241
249
258
282
298
301
307
307
308
308
317
331
342
346
355
386
399
409
415
434
438
439
440
445
449
454
471
472
472
472
474
478
488
491
505
518
539
555
559
568
574
592
592
592
592
611
611
613
614
614
614
614
614
614
614
614
614
614
622
628
668
668
670
670
670
670
696
709
730
732
741
748
755
758
765
766
774
783
792
792
814
815
815
815
815
815
815
815
815
815
815
815
815
815
815
815
815
815
815
815
815
829
830
830
830
830
830
830
836
870
880
880
880
883
921
921
929
933
935
947
953
953
954
955
989
991
997
1008
1011
1034
1069
1075
1094
1128
1143
1149
1172
1172
1187
1193
1193
1193
1193
1193
1193
1193
1193
1193
1194
1194
1194
1194
1194
1197
1197
1197
1197
1198
1198
1198
1199
1199
1200
1200
1200
1200
1200
1200
1201
1228
1229
1230
1242
1258
1274
1274
1274
1275
1275
1275
1275
1275
1275
1275
1275
1275
1275
1275
1275
1275
1275
1275
1275
1275
1275
1276
1311
1313
1320
1322
1329
1341
1350
1359
1360
1360
1370
1371
1379
1387
1390
1390
1390
1390
1390
1390
1390
1390
1390
1391
1391
1391
1391
1391
1391
1391
1391
1391
1391
1395
1396
1396
1396
1396
1396
1396
1396
1396
1396
1396
1396
1396
1396
1396
1397
1397
1397
1397
1397
1423
1425
1425
1426
1426
1426
1426
1426
1426
1426
1474
1479
1511
1518
1544
1553
1556
1557
1558
1559
1562
1565
1565
1568
1570
1573
1581
1591
1591
1601
1601
1603
1603
1604
1604
1604
1604
1604
1605
1605
1605
1605
1605
1605
1606
1606
1608
1612
1612
1612
1612
1612
1612
1612
1617
1619
1620
1632
1633
1635
1652
1656
1656
1667
1674
1676
1704
1711
1756
1763
1816
1894
1904
2052
2131
2153
2166
2226
2226
2227
2262
2267
2285
2357
2389
2390
2390
2390
2413
2414
2475
2478
2491
2493
2493
2496
2497
2501
2510
2516
2519
2522
2523
2557
2567
2577
2613
2619
2627
2631
2686
2688
2693
2698
2736
2766
2789
2795
2798
2798
2823
2894
2930
2934
2939
2949
2968
2997
3009
3013
3013
3025
3149
3161
