0
3
5
7
8
8
9
9
10
10
11
13
14
14
15
16
16
16
16
18
21
23
23
23
23
23
23
23
23
23
24
27
28
28
28
28
31
32
32
32
32
32
34
39
40
40
41
41
41
41
41
41
42
42
44
44
44
45
45
47
47
47
48
49
50
51
52
52
53
54
54
54
56
57
57
57
58
59
60
60
61
61
61
63
63
63
65
66
67
67
70
72
73
73
75
75
76
76
77
77
78
78
80
80
81
82
82
82
85
88
88
88
90
90
90
90
92
92
93
93
96
96
97
97
99
100
100
100
100
101
101
101
101
101
101
102
102
105
105
106
106
106
108
109
110
111
112
112
112
113
116
118
121
122
126
127
128
132
142
146
146
146
146
147
149
150
151
151
151
151
151
153
154
157
161
164
165
165
165
176
177
178
184
185
188
192
195
208
211
225
226
226
227
233
241
245
255
257
260
263
265
268
269
277
279
281
284
289
290
290
291
297
303
315
317
317
317
334
343
343
356
356
358
361
369
373
388
403
449
464
464
464
466
468
472
485
485
486
488
495
498
498
498
498
498
498
501
509
512
516
517
521
522
526
526
540
545
548
549
552
565
565
572
575
575
580
601
607
623
627
627
631
637
651
651
666
670
673
683
696
711
719
721
738
738
742
744
745
747
758
760
761
763
772
782
786
794
795
795
797
798
805
805
810
814
815
816
816
816
816
817
821
823
828
833
836
837
839
839
839
839
839
839
839
839
844
844
844
844
844
844
844
845
845
845
845
845
845
845
845
845
845
845
845
845
845
845
845
845
846
847
858
858
858
859
860
861
861
862
862
862
863
864
864
864
864
864
865
865
865
865
865
865
866
866
866
866
866
866
866
867
867
867
868
870
870
874
874
874
880
880
880
881
881
881
881
881
881
881
881
881
881
881
881
889
889
889
902
911
913
915
917
917
917
926
928
928
928
929
929
929
929
929
929
929
929
929
929
929
930
930
931
931
931
932
933
935
935
935
935
935
935
935
935
936
936
936
936
936
936
936
936
936
936
936
936
936
936
936
936
937
937
949
961
972
972
972
972
972
972
972
972
973
977
977
977
977
977
977
977
977
977
977
978
978
978
978
978
978
978
978
978
978
978
978
978
978
978
978
979
979
986
987
992
993
996
1001
1001
1002
1002
1002
1002
1002
1002
1003
1003
1029
1030
1032
1041
1044
1045
1054
1054
1054
1059
1063
1064
1067
1073
1080
1082
1082
1082
1083
1084
1085
1086
1093
1100
1100
1105
1121
1122
1124
1128
1135
1137
1140
1141
1143
1155
1169
1188
1199
1208
1209
1211
1216
1222
1228
1228
1239
1254
1271
1282
1298
1307
1311
1411
1420
1422
1452
1454
1656
1657
1671
1672
1684
1685
1689
1689
1689
1690
1690
1690
1690
1690
1690
1690
1691
