0
8
23
23
23
23
32
42
42
59
152
174
185
185
185
186
186
190
190
190
190
190
190
191
206
206
206
206
206
206
206
207
207
207
214
260
308
315
339
342
356
368
369
369
369
370
370
370
370
431
433
442
443
463
475
486
488
499
500
510
513
516
519
526
542
542
553
578
587
590
590
600
640
675
717
719
724
727
728
733
733
734
744
752
786
819
828
835
873
882
898
902
902
903
911
930
932
940
943
947
953
954
958
958
959
959
959
960
969
1023
1031
1118
1129
1149
1152
1159
1159
1159
1159
1163
1164
1170
1171
1188
1189
1216
1231
1237
1252
1267
1292
1323
1332
1352
1355
1378
1400
1401
1418
1453
1470
1497
1501
1531
1533
1569
1572
1589
1621
1625
1658
1663
1673
1710
1744
1814
1837
1841
1842
1842
1849
1853
1927
1932
1956
2013
2051
2059
2061
2103
2103
2107
2107
2134
2142
2150
2154
2177
2192
2218
2276
2278
2285
2285
2285
2285
2285
2285
2285
2286
2292
2293
2370
2375
2404
2417
2424
2453
2456
2458
2460
2525
2526
2535
2574
2619
2639
2642
2651
2658
2661
2674
2674
2678
2707
2751
2751
2830
2837
2846
2853
2853
2853
2861
2942
2947
2949
2950
2951
2952
2960
2962
2970
2971
2971
2981
2981
2982
2982
2982
2982
2982
2982
2982
2982
2982
2982
2982
2982
2983
2990
2990
2990
2990
2990
2990
2990
2991
2991
2991
2991
2991
2991
2991
2991
2991
2991
2991
2991
2991
2991
2991
2991
2991
2991
2991
2991
2991
2991
2991
2991
2991
2991
2991
2991
2992
2992
2992
2992
2992
2992
2992
2992
2992
2992
2992
2992
2992
2992
2992
2992
2992
2992
2992
2992
2992
2992
2992
2992
2992
2992
2993
2993
2993
2993
2993
2993
2993
2993
2993
2993
2993
2998
2998
2998
2998
2998
2998
2998
2998
2999
2999
2999
2999
3005
3005
3005
3006
3006
3007
3017
3017
3018
3018
3018
3018
3018
3018
3018
3018
3018
3019
3019
3019
3043
3048
3048
3048
3054
3064
3076
3094
3158
3158
3159
3159
3159
3159
3159
3159
3159
3159
3177
3198
3198
3198
3198
3198
3198
3198
3198
3198
3199
3199
3214
3215
3221
3229
3232
3233
3312
3326
3345
3357
3433
3436
3467
3469
3502
3515
3522
3529
3529
3563
3589
3596
3605
3624
3632
3636
3636
3688
3695
3695
3730
3742
3746
3786
3809
3817
3818
3831
3843
3852
3858
3954
4044
4045
4052
4053
4065
4066
4087
4129
4149
4186
4191
4232
4251
4260
4288
4298
4365
4365
4401
4401
4401
4401
4401
4503
4503
4503
4504
4596
4614
4631
4645
4647
4649
4661
4674
4680
4680
4699
4780
4788
4788
4901
4931
4964
4967
4996
5000
5016
5029
5031
5044
5052
5083
5088
5088
5122
5125
5148
5150
5158
5158
5164
5181
5184
5190
5201
5235
5299
5308
5311
5313
5316
5394
5400
5403
5446
5469
5495
5527
5534
5552
5563
5570
5589
5590
5603
5604
5613
5632
5638
5647
5653
5654
5728
5774
5774
5774
5775
5946
6211
6244
6542
7223
7369
7397
9036
9036
9037
9067
9067
9067
9067
9067
9067
9067
9067
9067
9067
9067
9067
9068
9068
9068
9068
9068
9068
9068
9068
9068
9068
9068
9068
9068
9068
9068
9215
9217
9231
10367
10373
10388
10388
10446
13271
13710
