0
3
5
7
9
10
12
14
16
16
16
16
17
17
17
17
18
18
20
20
20
20
21
21
21
21
21
22
22
23
24
24
24
24
24
24
24
24
24
25
25
25
26
27
27
27
28
28
28
29
29
29
29
30
30
30
30
31
31
31
31
31
32
32
32
33
33
33
33
33
33
34
35
37
37
37
39
39
41
41
43
44
45
46
46
46
46
46
46
47
47
47
47
49
51
52
52
56
57
57
58
60
61
63
63
67
67
67
67
67
70
70
71
71
73
73
73
83
83
84
88
88
90
90
91
91
92
92
94
96
98
101
101
101
103
105
105
106
109
110
110
110
112
112
112
112
113
113
114
114
114
114
115
115
115
115
115
118
118
119
119
123
126
126
128
128
129
129
129
129
129
129
131
131
131
131
131
132
132
135
135
135
135
136
136
136
136
140
142
142
145
146
153
153
154
157
157
157
157
157
158
158
158
158
158
160
161
161
162
162
162
163
164
165
165
165
165
166
166
166
166
166
167
167
167
167
170
170
170
170
173
182
182
182
182
183
183
183
183
183
183
183
183
183
183
183
183
183
183
183
183
183
183
183
183
183
183
183
183
183
184
184
184
184
184
184
184
191
200
200
213
231
235
244
246
251
252
262
264
273
274
279
282
285
323
331
346
362
371
377
388
392
392
392
392
392
392
392
392
392
393
393
393
393
393
393
393
393
393
393
394
401
406
407
407
407
407
407
407
407
412
414
444
454
459
459
472
479
479
485
489
492
526
549
565
573
574
574
584
586
593
594
609
614
616
621
626
631
631
661
661
668
689
722
730
731
739
741
746
761
777
778
825
868
870
874
931
943
955
970
975
993
1031
1040
1047
1050
1089
1090
1091
1118
1121
1123
1123
1132
1144
1145
1145
1165
1169
1171
1181
1202
1210
1219
1227
1234
1253
1254
1255
1281
1290
1354
1360
1382
1382
1382
1390
1408
1428
1431
1432
1433
1436
1438
1438
1439
1448
1448
1449
1450
1457
1457
1458
1458
1458
1458
1458
1458
1458
1458
1458
1458
1458
1458
1458
1459
1459
1459
1459
1459
1459
1459
1459
1459
1460
1460
1460
1460
1460
1460
1460
1460
1460
1460
1460
1473
1482
1492
1502
1530
1530
1530
1531
1543
1544
1552
1555
1555
1564
1569
1570
1576
1584
1586
1587
1590
1591
1593
1594
1606
1607
1608
1614
1625
1628
1672
1773
1879
1880
1880
1880
1880
1880
1880
1880
1880
1882
1893
1893
1893
1893
1893
1893
1893
1893
1893
1893
1893
1893
1893
1893
1893
1894
1902
1902
1902
1903
1903
1903
1913
1932
1938
1939
1961
1972
1977
2002
2089
2112
2114
2127
2152
2156
2170
2192
2206
2207
2217
2220
2292
2328
2330
2347
2395
2404
2404
2405
2419
2422
2423
2440
2450
2498
2515
2516
2558
2653
2656
2687
2709
2738
2806
2839
2852
2872
2894
2904
2906
2919
2935
2959
2986
3034
3047
3050
3050
3050
3083
3103
3104
3137
3184
3188
3194
3218
