8
24
24
24
24
24
24
24
24
37
46
47
64
160
182
193
193
193
193
193
198
198
198
198
198
198
198
213
214
214
214
214
214
214
215
215
215
222
267
316
323
347
350
364
376
377
377
377
377
378
378
378
439
440
450
470
483
493
495
506
507
517
521
523
526
533
550
550
561
586
595
597
598
608
647
683
725
727
732
735
736
741
741
741
752
760
793
827
836
843
881
890
906
910
910
910
919
938
940
948
951
955
961
961
965
965
977
1031
1038
1126
1136
1157
1159
1167
1167
1167
1167
1170
1172
1177
1179
1196
1196
1224
1238
1244
1260
1275
1299
1330
1339
1360
1362
1385
1408
1409
1420
1430
1505
1519
1580
1582
1587
1590
1607
1639
1643
1676
1681
1691
1728
1762
1817
1832
1855
1859
1860
1860
1860
1866
1870
1932
1945
1950
1974
2031
2058
2069
2077
2079
2121
2121
2125
2125
2152
2160
2168
2172
2195
2210
2236
2294
2296
2303
2303
2303
2303
2303
2303
2303
2303
2310
2311
2388
2393
2422
2434
2442
2471
2474
2475
2478
2543
2544
2553
2592
2637
2657
2659
2669
2676
2679
2692
2692
2696
2725
2769
2769
2848
2855
2865
2907
2908
2910
2910
2910
2910
2910
2910
3029
3031
3036
3037
3039
3044
3056
3056
3056
3056
3056
3064
3075
3075
3075
3075
3075
3075
3075
3075
3075
3075
3075
3081
3081
3081
3081
3081
3081
3081
3081
3081
3081
3081
3081
3081
3081
3081
3081
3081
3081
3082
3082
3082
3082
3082
3082
3082
3082
3082
3082
3082
3082
3082
3082
3082
3082
3082
3082
3082
3082
3083
3091
3091
3091
3091
3091
3092
3092
3092
3092
3092
3093
3093
3096
3189
3189
3195
3196
3241
3242
3261
3261
3261
3261
3261
3262
3262
3262
3263
3263
3263
3269
3281
3301
3301
3302
3302
3302
3312
3317
3318
3324
3332
3334
3336
3412
3446
3458
3535
3537
3569
3570
3603
3616
3623
3630
3631
3665
3690
3698
3706
3725
3733
3737
3737
3790
3797
3797
3831
3843
3847
3886
3909
3917
3931
3943
3952
3958
4054
4144
4145
4152
4153
4165
4166
4187
4229
4248
4286
4291
4331
4350
4360
4384
4457
4472
4478
4482
4488
4488
4488
4488
4488
4488
4488
4488
4488
4491
4491
4567
4582
4582
4605
4622
4639
4640
4643
4655
4668
4720
4754
4805
4812
4813
4926
4956
4988
4992
5020
5025
5041
5054
5056
5068
5076
5107
5112
5113
5147
5150
5172
5175
5193
5210
5214
5219
5264
5289
5328
5337
5340
5342
5345
5424
5430
5433
5475
5499
5525
5556
5563
5581
5592
5600
5618
5619
5633
5633
5642
5662
5668
5676
5683
5683
5757
5803
5803
5803
5805
6088
7067
7212
7422
8678
8678
8678
8678
8678
8701
8701
8701
8701
8701
8701
8793
8852
8852
8852
9057
9127
9174
9174
9174
9174
9175
9175
9175
9175
9175
9175
9175
9175
9175
9175
9175
9175
9200
9202
9235
10291
10351
10606
10652
10753
11211
11212
12203
12422
13713
