0
8
23
24
24
24
30
40
40
57
149
172
182
182
183
183
183
187
187
187
187
187
187
188
203
203
203
203
203
203
203
204
204
204
211
257
306
312
336
339
353
354
354
355
355
355
367
368
368
428
430
440
460
473
483
485
496
497
507
510
513
516
523
539
539
551
575
584
587
588
597
637
672
715
717
721
724
725
731
731
731
741
750
783
817
825
832
870
879
895
899
900
900
909
927
929
937
941
944
950
951
955
955
956
956
956
957
966
1020
1028
1115
1126
1146
1148
1156
1156
1156
1156
1160
1161
1167
1168
1185
1186
1213
1228
1234
1249
1264
1288
1319
1329
1349
1351
1375
1397
1398
1455
1472
1499
1503
1528
1533
1535
1574
1591
1623
1627
1660
1665
1675
1712
1746
1816
1839
1843
1844
1844
1844
1850
1854
1860
1929
1934
1958
2014
2053
2061
2063
2105
2105
2109
2109
2136
2144
2152
2156
2179
2194
2219
2278
2280
2287
2287
2287
2287
2287
2287
2287
2287
2294
2294
2372
2377
2406
2418
2426
2455
2458
2459
2462
2527
2528
2537
2576
2621
2641
2643
2653
2660
2663
2675
2676
2680
2709
2753
2753
2830
2837
2852
2853
2853
2853
2853
2853
2853
2853
2853
2853
2854
2854
2854
2854
2855
2855
2856
2856
2856
2856
2856
2856
2857
2865
2949
2953
2954
2955
2957
2958
2958
2966
2969
2977
2978
2978
2988
2988
2988
2988
2988
2989
2989
2989
2989
2989
2989
2989
2989
2989
2990
2997
2997
2997
2997
2997
2997
2997
2997
2997
2997
2997
2997
2997
2997
2997
2998
2998
2998
2998
2998
2998
2998
2998
2998
2998
2998
2998
2998
2998
2998
2998
2998
2998
2998
2998
2998
2998
2998
2998
2998
2998
2998
2999
2999
2999
2999
2999
2999
2999
2999
2999
2999
2999
2999
2999
2999
2999
2999
2999
2999
2999
2999
2999
2999
2999
2999
3000
3000
3000
3000
3003
3003
3004
3004
3004
3004
3004
3004
3004
3004
3004
3004
3012
3012
3012
3012
3013
3013
3013
3014
3023
3023
3024
3024
3024
3024
3024
3024
3024
3024
3035
3050
3054
3054
3054
3060
3070
3099
3100
3164
3164
3165
3165
3165
3165
3165
3165
3165
3165
3184
3204
3204
3204
3204
3204
3204
3204
3204
3204
3205
3220
3227
3235
3238
3239
3316
3331
3350
3362
3438
3441
3472
3474
3507
3520
3526
3534
3534
3568
3594
3601
3610
3629
3637
3640
3641
3693
3700
3700
3735
3747
3750
3790
3813
3821
3835
3847
3856
3862
3957
4048
4048
4056
4057
4068
4069
4090
4132
4152
4189
4194
4235
4254
4263
4291
4301
4412
4412
4412
4412
4412
4412
4514
4514
4514
4514
4514
4611
4628
4645
4660
4662
4664
4675
4688
4694
4694
4714
4795
4802
4803
4916
4946
4978
4982
5011
5015
5031
5044
5046
5058
5066
5097
5102
5103
5137
5140
5162
5165
5183
5200
5204
5209
5254
5279
5318
5327
5330
5332
5335
5414
5420
5423
5465
5489
5515
5546
5552
5553
5571
5582
5589
5608
5609
5622
5623
5632
5651
5657
5666
5673
5673
5747
5793
5793
5793
5794
6515
7197
7342
7370
7384
8940
8940
8940
8940
8941
9077
9108
9108
9108
9108
9108
9108
9108
9108
9305
11204
11204
12156
12189
13527
