7
9
23
23
23
23
23
23
23
23
35
45
45
62
155
177
188
188
189
189
189
193
193
193
193
193
193
194
209
209
209
209
209
209
209
210
210
210
218
263
312
318
343
346
368
368
369
370
370
370
431
433
443
463
475
486
488
499
500
510
513
516
519
526
543
543
554
579
588
590
591
601
640
676
718
720
724
728
728
734
734
734
745
753
786
820
829
835
874
883
898
903
903
903
912
931
933
941
944
948
953
954
957
957
969
1024
1031
1118
1129
1150
1152
1159
1159
1160
1160
1163
1165
1170
1171
1189
1189
1216
1231
1237
1253
1268
1292
1323
1332
1353
1355
1378
1401
1402
1449
1467
1493
1497
1527
1529
1566
1568
1585
1617
1621
1654
1660
1670
1707
1740
1810
1833
1837
1838
1838
1839
1845
1849
1923
1929
1952
2009
2047
2055
2057
2099
2099
2104
2104
2130
2139
2146
2150
2174
2188
2214
2265
2272
2274
2281
2281
2281
2281
2281
2281
2282
2282
2288
2289
2366
2371
2401
2413
2420
2449
2453
2454
2456
2521
2522
2531
2570
2615
2635
2638
2647
2654
2657
2670
2670
2675
2703
2747
2747
2825
2831
2847
2847
2847
2847
2847
2847
2847
2847
2847
2847
2848
2849
2849
2849
2850
2850
2850
2850
2850
2850
2850
2851
2859
2941
2945
2947
2948
2950
2950
2951
2959
2961
2969
2970
2970
2981
2981
2981
2981
2981
2981
2981
2981
2981
2981
2981
2982
2982
2982
2985
2985
2986
2986
2988
2988
2988
2988
2988
2988
2988
2988
2988
2988
2988
2988
2988
2988
2988
2989
2989
2989
2989
2989
2989
2989
2989
2989
2989
2989
2989
2989
2989
2989
2989
2989
2989
2989
2989
2989
2989
2989
2989
2989
2989
2989
2989
2989
2990
2990
2990
2990
2990
2990
2990
2995
2995
2996
2996
2997
3002
3002
3002
3002
3002
3003
3003
3003
3003
3003
3003
3003
3003
3003
3003
3003
3003
3003
3003
3003
3003
3003
3003
3003
3003
3003
3003
3003
3003
3003
3003
3003
3003
3003
3003
3004
3013
3013
3013
3013
3013
3013
3013
3013
3013
3013
3013
3013
3013
3013
3013
3013
3013
3014
3026
3045
3045
3045
3051
3061
3090
3091
3136
3137
3239
3239
3239
3239
3239
3241
3241
3241
3241
3241
3241
3241
3241
3241
3241
3241
3241
3241
3241
3242
3242
3288
3304
3314
3315
3327
3392
3406
3425
3437
3513
3516
3547
3549
3582
3595
3601
3609
3609
3643
3669
3676
3685
3704
3712
3715
3716
3768
3775
3775
3810
3822
3825
3865
3888
3896
3910
3922
3931
3937
4032
4123
4123
4131
4132
4144
4144
4165
4207
4227
4264
4270
4310
4329
4339
4362
4434
4450
4456
4460
4465
4465
4465
4465
4465
4465
4465
4465
4466
4468
4468
4544
4559
4559
4582
4600
4616
4617
4621
4633
4646
4696
4731
4782
4789
4790
4903
4933
4965
4968
4997
5002
5018
5031
5033
5045
5053
5084
5089
5090
5124
5127
5149
5151
5159
5159
5165
5183
5186
5191
5202
5236
5300
5309
5312
5314
5317
5394
5400
5403
5445
5469
5495
5526
5533
5533
5551
5562
5570
5588
5589
5603
5603
5612
5632
5637
5646
5653
5653
5727
5773
5773
5773
5774
5837
6073
6179
6180
6180
7052
7197
7224
7239
8843
8942
8944
8949
8949
8950
8950
8950
8951
10136
10196
10330
10454
10565
11745
12292
13633
