4
6
10
10
11
11
13
14
16
16
17
19
21
21
22
22
22
22
22
22
23
23
23
23
23
23
24
25
26
27
27
29
29
29
30
30
30
30
30
30
30
30
30
31
32
32
32
33
33
33
34
36
36
37
37
38
39
40
40
42
42
42
43
44
44
44
46
46
47
48
50
51
54
56
61
63
67
68
71
73
73
78
79
83
87
90
90
92
93
96
97
98
98
98
98
99
99
99
100
101
102
103
103
105
106
107
108
109
109
109
110
111
112
113
114
114
114
114
114
116
119
120
121
121
122
138
138
139
140
141
141
141
141
141
142
143
146
149
149
150
150
150
152
154
155
155
155
155
155
155
156
160
160
161
170
172
179
181
192
192
216
218
219
232
233
236
239
242
245
246
249
251
254
261
264
266
268
269
272
276
294
299
328
348
372
373
390
393
406
410
413
416
432
432
445
467
467
467
467
467
467
467
467
474
475
476
477
479
479
487
494
499
506
506
510
510
514
517
519
524
525
526
526
526
527
528
532
535
546
554
555
556
564
568
572
572
572
577
581
582
586
587
600
600
606
611
613
613
615
615
616
619
628
628
634
643
681
689
697
707
710
714
719
723
723
724
738
743
759
763
804
807
812
813
813
815
816
818
818
819
820
835
838
857
858
865
928
982
987
989
1011
1012
1013
1016
1018
1018
1023
1048
1053
1061
1070
1102
1112
1153
1154
1209
1210
1221
1227
1244
1246
1248
1258
1279
1309
1322
1330
1331
1364
1370
1375
1415
1415
1415
1415
1415
1415
1415
1415
1415
1415
1415
1415
1415
1415
1416
1416
1416
1417
1420
1420
1421
1421
1421
1421
1421
1421
1421
1421
1421
1421
1421
1421
1421
1421
1421
1422
1422
1422
1422
1422
1422
1422
1422
1422
1422
1422
1422
1422
1422
1422
1423
1423
1423
1423
1423
1423
1423
1423
1423
1423
1423
1423
1423
1423
1423
1424
1424
1424
1424
1424
1424
1424
1424
1424
1424
1424
1424
1424
1424
1424
1424
1424
1424
1424
1424
1424
1424
1424
1424
1424
1425
1425
1425
1427
1427
1427
1427
1427
1427
1427
1427
1427
1427
1427
1428
1428
1428
1428
1428
1431
1431
1431
1431
1431
1431
1431
1431
1431
1431
1431
1431
1431
1431
1431
1431
1431
1431
1431
1431
1431
1431
1431
1431
1432
1432
1432
1432
1432
1432
1432
1432
1432
1432
1432
1432
1432
1438
1440
1442
1442
1443
1448
1450
1451
1452
1455
1463
1468
1474
1475
1475
1487
1488
1488
1493
1493
1493
1493
1493
1510
1515
1520
1524
1535
1541
1550
1555
1565
1569
1578
1601
1618
1635
1656
1708
1714
1714
1714
1714
1719
1719
1719
1719
1719
1719
1719
1719
1756
1756
1756
1756
1756
1774
1779
1794
1959
1966
1980
2000
2027
2031
2052
2073
2078
2092
2092
2092
2104
2112
2157
2181
2213
2230
2255
2279
2288
2289
2289
2289
2305
2329
2330
2333
2341
2412
2428
2450
2482
2509
2546
2556
2561
2583
2598
2688
2690
2691
2691
2790
2791
2791
2791
2791
2800
2808
2817
2818
2818
2818
2820
2827
2869
2877
2899
