3
11
11
11
12
12
14
14
15
15
19
20
20
22
22
22
24
24
25
26
26
26
26
27
28
31
31
31
33
33
33
33
34
34
34
34
36
37
38
38
38
38
38
38
38
38
38
38
39
39
39
40
40
41
41
41
41
42
42
42
42
42
42
43
44
45
48
48
52
54
54
55
56
56
56
59
60
60
60
64
64
69
72
73
75
75
76
77
77
78
78
79
79
79
79
80
83
83
86
86
87
87
87
87
87
88
89
90
91
91
92
92
92
92
92
93
94
95
95
95
97
97
98
99
99
100
100
100
101
102
103
103
103
104
104
104
106
107
107
107
107
107
107
107
108
109
110
110
110
113
113
113
114
116
117
117
117
117
117
117
117
117
117
118
121
122
125
125
127
128
132
135
136
136
141
143
145
152
153
154
157
161
163
165
166
175
199
215
244
261
269
272
289
291
301
301
302
303
304
305
312
318
324
326
331
332
338
346
358
367
368
378
384
387
388
388
398
402
418
425
438
447
447
449
451
461
463
468
470
470
472
472
473
477
479
486
487
487
488
497
498
501
503
503
510
511
511
514
514
514
514
514
514
514
514
514
514
514
514
514
514
514
515
523
524
527
529
529
530
530
532
533
541
545
549
550
551
551
551
551
551
551
551
551
551
551
551
551
551
551
552
554
555
557
559
571
571
572
573
573
573
573
573
573
573
573
573
573
573
573
574
574
574
574
574
575
575
575
575
575
575
575
575
575
575
575
575
575
575
579
579
579
579
579
579
582
585
589
590
590
590
591
592
593
595
599
602
605
613
613
613
614
620
623
623
623
623
623
623
624
624
624
624
631
631
631
631
631
631
632
632
632
632
632
632
632
632
632
632
632
632
632
632
632
632
632
633
638
638
638
638
638
638
638
638
638
638
638
638
638
639
639
639
639
639
639
639
639
639
639
639
639
639
639
642
643
646
647
647
647
649
650
651
652
653
653
654
654
656
658
662
665
666
668
668
673
674
679
690
690
690
690
690
690
690
690
690
690
690
690
690
690
690
690
690
690
693
695
695
695
695
695
695
695
695
695
695
695
695
695
695
695
695
696
696
696
696
696
696
696
696
696
696
696
696
696
696
696
696
697
697
697
697
700
702
702
702
702
705
706
717
720
720
720
720
721
721
731
732
756
763
766
769
770
773
774
779
791
792
798
798
799
801
804
804
804
806
806
807
815
816
816
817
817
817
817
817
818
821
821
821
821
821
821
822
822
822
822
824
825
825
833
836
836
837
847
851
852
864
868
870
871
872
877
886
890
891
894
896
898
901
903
910
916
917
928
928
932
942
984
987
988
988
988
990
991
991
992
992
