6
7
8
10
11
12
14
17
18
18
20
20
20
20
20
20
20
20
20
20
21
21
21
22
22
22
22
22
22
22
22
22
23
23
24
26
26
26
26
26
26
27
28
28
28
29
29
30
30
31
32
33
34
35
36
37
38
38
38
38
39
40
40
40
41
45
45
46
47
47
48
48
48
48
48
49
49
49
50
50
52
52
54
59
60
63
65
65
66
66
66
66
67
67
67
68
68
72
72
74
75
76
77
79
84
84
90
93
93
93
93
94
94
96
96
97
97
98
98
98
98
99
103
105
106
108
108
108
108
110
110
110
112
112
112
112
114
114
114
114
114
114
115
115
115
116
120
120
123
125
125
128
133
139
139
140
140
141
145
146
147
147
148
155
156
156
160
163
171
172
179
179
179
179
180
180
180
182
183
183
185
187
188
190
190
190
190
193
193
193
195
196
198
203
226
226
227
231
235
237
242
251
252
252
252
252
254
255
256
257
257
257
257
257
257
261
262
266
267
274
279
281
281
283
285
288
295
299
304
305
308
319
319
321
325
331
336
337
353
353
357
358
359
359
363
368
368
372
376
380
417
421
421
429
429
429
429
433
433
439
441
441
442
442
443
443
443
443
443
443
443
443
459
463
527
546
551
551
557
599
613
625
638
640
640
642
649
649
649
649
650
651
658
663
665
672
672
705
712
761
768
768
769
769
769
774
774
789
809
814
826
848
848
860
861
883
883
883
888
902
903
906
916
919
923
924
926
927
929
929
929
929
929
929
929
930
930
930
930
930
930
930
930
930
930
932
932
932
932
934
938
940
943
945
947
947
950
950
962
962
962
963
963
963
963
963
963
963
963
963
963
963
963
969
969
970
972
972
977
979
980
980
980
981
988
994
995
996
996
996
996
996
996
996
996
997
997
997
997
1002
1002
1002
1002
1002
1002
1002
1002
1002
1002
1002
1002
1002
1002
1002
1002
1002
1002
1003
1003
1003
1003
1003
1003
1003
1003
1003
1003
1003
1003
1003
1003
1004
1004
1007
1008
1009
1009
1009
1009
1009
1009
1009
1009
1009
1009
1010
1010
1010
1010
1010
1012
1015
1017
1019
1019
1024
1025
1025
1025
1025
1025
1025
1025
1025
1025
1025
1025
1025
1025
1025
1025
1025
1025
1025
1025
1032
1033
1033
1034
1034
1034
1034
1035
1035
1035
1035
1035
1035
1035
1035
1035
1035
1035
1035
1036
1036
1036
1037
1037
1037
1037
1037
1037
1037
1037
1037
1037
1038
1038
1038
1038
1038
1038
1038
1038
1038
1038
1038
1039
1039
1039
1039
1040
1041
1042
1042
1042
1042
1042
1042
1043
1043
1043
1043
1043
1043
1043
1043
1043
1043
1045
1046
1046
1050
1054
1054
1062
1065
1072
1073
1080
1128
1128
1129
1137
1175
1175
1175
1175
1189
1190
1190
1190
1190
1193
1197
1205
1212
1217
1239
1240
1260
1261
1271
1273
1286
1308
1320
1321
1324
1338
1338
1338
1346
1352
1369
1370
1375
1375
1383
1387
1387
1387
1387
1387
1387
1389
1389
1389
1393
1393
1395
1395
1395
1396
1405
1415
1415
1418
1419
1419
1419
1420
1420
1435
1444
1444
1444
1453
1455
1455
1455
1455
1458
1458
1460
1460
1471
1583
1591
1662
1668
1668
1668
1668
