8
10
11
16
21
23
28
34
37
40
40
41
42
43
43
45
45
45
45
46
47
52
62
63
65
66
73
78
87
101
120
122
127
129
137
151
158
159
160
160
160
160
160
163
164
165
165
167
168
171
171
171
171
172
173
177
177
177
177
177
178
181
181
181
181
181
181
182
285
297
297
318
334
346
366
370
373
382
382
412
444
445
447
450
454
456
466
476
479
482
490
492
492
493
496
496
499
499
499
500
500
512
514
514
518
519
520
528
529
592
594
662
678
678
698
711
712
718
735
736
769
772
775
781
873
881
945
949
949
950
950
950
950
950
950
951
951
965
1053
1090
1124
1125
1144
1146
1147
1147
1147
1208
1210
1210
1213
1213
1223
1273
1327
1361
1388
1417
1417
1418
1418
1418
1418
1418
1423
1424
1424
1424
1427
1431
1431
1431
1431
1432
1432
1435
1441
1442
1448
1450
1453
1454
1459
1459
1525
1527
1541
1548
1566
1571
1576
1594
1599
1599
1599
1599
1599
1599
1600
1605
1605
1605
1605
1605
1605
1605
1605
1605
1605
1605
1605
1605
1605
1605
1606
1606
1606
1606
1606
1606
1606
1606
1606
1606
1606
1606
1606
1606
1606
1606
1606
1606
1606
1606
1606
1606
1606
1606
1606
1606
1606
1606
1606
1606
1606
1606
1606
1606
1607
1607
1607
1629
1629
1635
1636
1647
1650
1660
1664
1885
2064
2072
2080
2252
2290
2361
2361
2364
2382
2382
2382
2384
2391
2412
2413
2413
2413
2437
2444
2464
2539
2558
2559
2577
2589
2602
2620
2620
2637
2637
2643
2645
2646
2747
2760
2760
2766
2775
2805
2820
2828
2828
2842
2870
2872
2874
2878
2920
2937
2954
2973
2994
2998
3004
3006
3006
3006
3006
3018
3025
3027
3027
3027
3028
3050
3052
3064
3076
3079
3099
3116
3120
3129
3132
3142
3196
3247
3290
3291
3294
3300
3307
3318
3321
3332
3332
3332
3332
3332
3332
3332
3332
3332
3332
3332
3332
3332
3332
3332
3332
3332
3332
3332
3332
3332
3332
3332
3332
3332
3332
3332
3332
3332
3332
3332
3332
3332
3332
3332
3332
3332
3332
3332
3332
3332
3332
3332
3334
3334
3334
3334
3334
3334
3334
3334
3334
3334
3334
3334
3334
3334
3334
3334
3334
3334
3334
3334
3334
3334
3334
3334
3334
3334
3334
3334
3334
3334
3349
3362
3362
3362
3364
3405
3409
3419
3420
3423
3424
3438
3468
3474
3512
3516
3516
3516
3516
3522
3527
3546
3551
3558
3565
3566
3571
3582
3592
3606
3615
3622
3673
3673
3692
3692
3692
3692
3692
3693
3693
3693
3693
3693
3693
3693
3693
3693
3693
3698
3708
3796
3800
3834
3868
3868
3868
3868
3868
3868
3868
3868
3868
3868
3868
3868
3868
3868
3868
3868
3869
3869
3869
3870
3888
3888
3901
3947
3949
3949
3953
3954
3995
4003
4029
4038
4044
4048
4059
4065
4073
4078
4089
4125
4161
4164
4214
4214
4214
4255
4255
4256
4257
4276
4284
4304
4311
4311
4311
4311
4357
4369
4410
4411
4435
4444
4458
4463
4475
4476
4476
4476
4480
4567
4586
4598
4619
4619
4638
4638
4689
4704
4760
4760
4760
4760
4760
4760
4760
4802
4817
4819
4822
4853
4855
4943
4943
4943
4943
4943
4943
4943
4943
4943
4974
4981
4981
4981
4981
4981
4981
4981
5005
5022
5031
5037
5037
5044
5044
5071
5084
5127
5127
5127
5127
5127
5127
5127
5127
5127
5127
5127
5127
5127
5127
5127
5127
5127
5127
5127
5127
5127
5127
5127
5127
5127
5127
5127
5127
5143
5143
5143
5143
5143
5143
5148
5148
5148
5148
5148
5148
5148
5148
5148
5148
5148
5148
5148
5148
5148
5148
5148
5148
5148
5148
5148
5148
5148
5148
5148
5148
5148
5148
5148
5148
5148
5148
5148
5148
5150
5150
5150
5150
5150
5150
5164
5164
5164
5164
5164
5164
5164
5164
5164
5164
5164
5164
5164
5164
5164
5164
5164
5164
5164
5164
5164
5164
5164
5164
5164
5164
5164
5164
5164
5164
5164
5164
5164
5164
5164
5164
5164
5164
5164
5164
5164
5164
5164
5181
5181
5181
5181
5203
5222
5239
5239
5239
5239
5239
5239
5239
5239
5239
5268
5395
5426
5442
5458
5458
5458
5464
5617
5617
5617
5617
5617
5617
5617
5617
5617
5617
5617
5617
5617
5617
5617
5619
5619
5619
5619
5619
5619
5619
5619
5624
5702
5721
5721
5721
5721
5724
5724
5726
5726
5726
5808
5808
5808
5846
5847
5847
5847
5847
5994
5994
6013
6013
6013
6013
6013
6017
6017
6017
6017
6017
6058
6058
6058
6058
6058
6058
6074
6095
6095
6110
6110
6110
6168
6168
6168
6168
6168
6168
6168
6168
6168
6168
6168
6168
6168
6168
6168
6168
6168
6168
6168
6168
6168
6168
6168
6168
6168
6168
6168
6168
6168
6168
6168
6168
6168
6168
6206
6206
6206
6206
6206
6206
6235
6235
6235
6242
6242
6242
6476
6476
6557
6557
6557
6557
6557
6557
6557
6557
6557
6557
6557
6557
6557
6557
6585
6683
6689
6689
6689
6689
6689
6689
6689
6689
6689
6689
6694
6694
6694
6694
6694
6694
6694
6694
6694
6694
6739
6817
6820
6847
6847
6847
6847
6847
6847
6847
6847
6847
6847
6847
6847
6847
6847
6847
6847
6847
6847
6847
6847
6847
6847
6847
6847
6847
6847
6847
6847
6847
6847
6847
6847
6847
6847
6847
6847
6847
6847
6847
6847
6847
6847
6847
7524
7604
8848
9227
9228
9228
9228
9228
9228
9228
9228
9228
9228
9228
9229
9229
9229
9229
9233
9233
9233
9233
9233
9233
9233
9233
9233
9233
9233
9233
9233
9233
9234
9234
9234
9234
9234
9234
9321
9738
9862
9862
