6
6
10
12
13
16
16
16
18
22
22
24
24
24
25
26
26
27
27
27
27
27
28
29
29
30
31
31
31
31
32
32
32
32
32
33
34
34
34
38
38
38
38
38
38
38
38
39
39
39
42
42
42
42
42
42
43
43
44
44
44
44
45
46
47
47
51
53
54
57
59
59
60
63
64
67
76
76
76
76
78
79
81
81
83
91
94
98
103
110
112
113
113
113
113
114
118
118
118
118
118
118
119
119
119
119
120
120
120
120
120
120
124
124
128
128
129
129
130
134
134
135
136
146
157
168
177
361
377
384
385
386
386
386
404
406
411
419
419
421
430
431
433
438
450
452
453
456
460
464
465
473
476
483
485
486
486
488
489
491
493
497
498
500
505
506
522
522
530
533
538
542
552
555
556
556
556
556
556
580
588
592
605
607
610
659
682
697
739
739
739
739
739
740
740
740
764
771
784
784
787
787
791
792
792
792
792
797
797
797
797
797
797
797
797
849
861
926
956
971
971
973
980
1026
1049
1084
1084
1190
1197
1201
1222
1233
1235
1255
1331
1339
1392
1408
1417
1418
1446
1470
1476
1490
1493
1538
1548
1548
1552
1560
1562
1575
1581
1592
1602
1610
1623
1623
1627
1636
1640
1642
1645
1649
1660
1663
1666
1670
1685
1687
1887
1902
1908
1910
1916
1916
1916
1916
1916
1916
1916
1916
1916
1917
1917
1923
1927
1937
1967
2034
2034
2034
2056
2073
2127
2136
2140
2149
2166
2167
2193
2246
2246
2247
2302
2302
2302
2303
2303
2303
2303
2303
2308
2309
2309
2309
2309
2309
2309
2310
2320
2351
2359
2375
2380
2396
2404
2421
2427
2427
2427
2427
2427
2427
2427
2427
2427
2427
2428
2428
2428
2428
2428
2428
2428
2428
2428
2428
2428
2428
2428
2428
2428
2428
2428
2428
2428
2428
2428
2428
2429
2429
2430
2432
2432
2432
2432
2432
2432
2432
2432
2432
2433
2433
2440
2440
2440
2440
2458
2464
2503
2509
2517
2530
2530
2548
2557
2563
2583
2625
2641
2649
2658
2713
2721
2746
2749
2771
2774
2879
2900
2900
2905
2998
3013
3027
3035
3035
3035
3036
3036
3036
3036
3036
3036
3047
3059
3065
3066
3066
3068
3068
3068
3068
3084
3188
3197
3197
3249
3249
3250
3250
3250
3274
3274
3274
3276
3279
3285
3286
3286
3294
3303
3332
3342
3342
3347
3348
3370
3373
3385
3386
3414
3414
3414
3414
3414
3414
3415
3415
3415
3415
3415
3415
3416
3416
3416
3416
3417
3419
3420
3420
3420
3420
3421
3421
3421
3421
3421
3422
3423
3423
3424
3425
3425
3425
3425
3425
3425
3425
3425
3426
3427
3428
3428
3428
3428
3428
3428
3428
3428
3429
3429
3429
3429
3429
3429
3429
3429
3429
3429
3429
3429
3429
3429
3429
3429
3430
3430
3430
3430
3453
3531
3531
3533
3533
3547
3557
3557
3557
3579
3589
3623
3624
3624
3636
3639
3640
3640
3643
3643
3643
3643
3704
3711
3711
3711
3711
3753
3756
3777
3846
3907
3908
3938
3986
3987
3997
4127
4177
4203
4207
4211
4212
4212
4222
4229
4237
4269
4269
4269
4269
4270
4270
4270
4270
4271
4275
4275
4275
4275
4275
4275
4321
4337
4408
4580
4580
4585
4665
4679
4679
4679
4679
4687
4726
4748
4857
4965
4968
4973
4974
4974
4982
5003
5003
5003
5003
5003
5003
5003
5003
5003
5003
5003
5003
5003
5003
5003
5003
5009
5009
5009
5009
5009
5009
5009
5009
5009
5009
5010
5010
5010
5010
5010
5010
5010
5010
5010
5010
5015
5015
5033
5059
