5
11
15
18
18
20
20
21
21
21
21
21
21
21
23
23
24
25
25
26
26
26
29
30
36
37
39
42
42
42
46
48
55
57
60
60
68
68
79
80
82
87
95
104
115
116
123
124
124
124
124
124
124
125
125
125
126
131
131
131
131
131
131
131
131
131
131
132
132
132
132
132
142
148
148
150
152
152
156
174
209
210
219
223
224
228
231
239
240
289
305
357
363
506
509
516
551
552
558
559
566
569
569
575
596
608
610
624
627
628
629
633
638
638
639
646
649
649
650
651
652
654
659
683
733
744
744
745
745
751
761
767
784
851
889
890
899
923
925
1002
1004
1014
1045
1045
1108
1108
1108
1109
1111
1115
1137
1245
1282
1334
1345
1345
1406
1420
1432
1432
1432
1434
1435
1435
1435
1435
1435
1435
1435
1435
1440
1440
1440
1440
1440
1440
1464
1475
1486
1487
1487
1487
1488
1488
1504
1511
1511
1513
1514
1514
1519
1520
1521
1523
1529
1534
1539
1542
1542
1542
1542
1542
1546
1546
1548
1551
1552
1555
1556
1558
1568
1570
1576
1577
1582
1589
1590
1590
1591
1592
1611
1613
1614
1620
1634
1637
1638
1644
1644
1646
1648
1650
1662
1662
1662
1662
1697
1705
1717
1748
1758
1766
1811
1824
1842
1846
1915
1917
1961
2000
2027
2097
2130
2154
2159
2180
2184
2185
2198
2198
2207
2229
2330
2332
2347
2351
2351
2385
2385
2409
2429
2455
2455
2457
2460
2476
2514
2556
2566
2580
2634
2653
2660
2669
2682
2790
2791
2801
2816
2816
2817
2858
2858
2859
2859
2859
2859
2859
2859
2859
2859
2859
2859
2859
2859
2859
2859
2860
2880
2880
2884
2897
2901
2909
2911
2918
2977
2980
3003
3003
3004
3004
3009
3022
3025
3029
3029
3029
3029
3029
3029
3029
3029
3029
3029
3029
3031
3034
3038
3044
3058
3086
3091
3091
3099
3100
3107
3110
3112
3117
3134
3134
3149
3162
3162
3173
3262
3262
3262
3262
3262
3262
3262
3262
3262
3262
3262
3262
3262
3262
3262
3262
3262
3262
3269
3269
3269
3269
3269
3269
3269
3269
3269
3270
3270
3270
3270
3270
3270
3270
3270
3271
3271
3271
3271
3272
3272
3272
3272
3272
3272
3272
3273
3273
3273
3273
3273
3274
3274
3274
3274
3274
3274
3274
3275
3286
3292
3294
3299
3305
3323
3323
3323
3330
3370
3371
3371
3371
3371
3371
3371
3371
3371
3371
3371
3371
3374
3376
3376
3376
3377
3377
3377
3377
3377
3377
3377
3377
3377
3377
3377
3377
3377
3377
3377
3377
3377
3377
3378
3378
3378
3378
3378
3378
3378
3378
3378
3378
3378
3378
3378
3378
3379
3379
3379
3379
3380
3380
3381
3381
3381
3381
3381
3381
3404
3404
3404
3404
3410
3411
3411
3411
3411
3411
3411
3411
3411
3411
3411
3411
3411
3411
3411
3505
3505
3506
3508
3508
3509
3509
3509
3509
3509
3509
3509
3509
3509
3509
3510
3511
3511
3511
3512
3518
3518
3521
3602
3609
3740
3740
3740
3786
3816
4019
4020
4041
4044
4044
4044
4047
4050
4055
4057
4060
4075
4076
4095
4122
4212
4253
4264
4285
4308
4368
4377
4384
4384
4386
4392
4401
4410
4426
4427
4523
4545
4545
4556
4556
4556
4565
4615
4615
4636
4650
4650
4650
4650
4650
4661
4661
4669
4669
4669
4670
4670
4670
4674
4674
4674
4716
4788
4788
4788
4788
4788
4788
4791
4791
4791
4791
4791
4791
4817
4817
4817
4817
4817
4817
4817
4826
4826
4826
4826
4826
4826
4826
4859
4882
4882
4889
4892
4896
4897
4936
4936
4936
4936
4954
5091
5100
5134
5160
5182
5182
5216
5314
5314
5314
5340
5340
5340
5340
5340
5346
5346
5346
5356
5356
5380
5380
5380
