10
21
21
22
24
25
25
26
26
26
27
29
32
36
39
39
39
40
40
40
40
41
47
47
48
48
51
52
52
52
52
52
52
52
53
54
55
55
57
58
59
61
65
67
67
67
67
70
70
72
72
73
73
81
82
82
83
85
85
85
85
86
86
86
86
86
86
86
86
88
88
89
91
91
94
95
96
96
97
99
100
102
104
104
105
105
106
106
106
106
106
110
111
111
111
111
112
112
112
113
113
113
114
114
114
114
114
114
114
115
115
124
124
131
131
134
135
139
142
142
142
142
142
148
150
151
151
151
151
152
156
175
180
182
183
188
190
191
201
209
234
237
237
239
248
255
260
268
283
283
284
286
286
286
288
288
288
289
290
290
291
291
291
291
291
295
296
297
298
298
298
300
304
305
307
309
312
315
318
324
325
326
332
343
343
343
343
343
343
343
343
343
343
343
343
343
343
343
344
344
349
351
357
358
360
360
361
362
362
367
367
367
367
367
367
367
367
367
367
367
368
368
368
368
368
372
372
372
372
372
372
372
372
372
372
372
372
372
372
372
372
372
373
373
373
373
373
373
373
373
373
373
373
373
373
373
375
375
376
376
376
376
376
376
376
376
376
376
377
377
377
380
382
382
390
402
408
410
412
414
421
431
431
433
441
446
458
461
464
466
469
469
469
475
481
481
481
482
493
495
499
507
508
510
510
510
516
516
516
522
529
529
531
540
553
560
569
571
571
572
574
578
579
581
583
586
586
586
612
623
627
631
633
633
633
633
638
646
647
647
648
648
648
648
648
648
649
649
649
649
649
650
650
650
650
650
650
650
650
650
650
650
650
650
650
650
650
650
650
650
651
651
651
651
658
658
658
658
659
659
659
671
674
678
681
681
682
682
683
687
689
697
706
709
711
712
712
724
729
730
730
731
734
738
746
748
748
748
748
749
757
762
766
766
766
766
768
777
783
786
794
795
803
803
803
805
815
823
823
823
825
828
828
828
828
828
828
828
828
828
828
828
828
828
828
828
828
828
828
828
829
829
829
829
829
832
832
833
833
833
833
833
846
846
846
846
846
846
846
847
868
869
878
882
882
886
886
892
895
895
896
896
899
912
923
923
923
923
923
929
933
935
935
943
943
943
946
950
951
956
956
956
956
956
956
956
956
956
956
956
956
956
956
956
957
957
957
957
957
957
959
966
966
967
968
977
978
982
982
982
984
984
996
1013
1013
1013
1015
1016
1019
1019
1021
1025
1025
1026
1026
1026
1027
1027
1028
1029
1029
1032
1035
1050
1054
1054
1056
1058
1060
1066
1070
1075
1075
1075
1075
1075
1075
1075
1075
1076
1076
1081
1081
1084
1090
1092
1094
1094
1094
1094
1100
1105
1105
1105
1105
1108
1112
1117
1117
1129
1129
1142
1146
1146
1146
1146
1147
1148
1152
1157
1158
1161
1171
1171
1171
1171
1171
1171
1171
1171
1171
1177
1177
1177
1195
1201
1206
1206
1206
1206
1206
1206
1206
1206
1206
1206
1207
1207
1222
1225
1230
1232
1232
1232
1237
1237
1237
1237
1237
1237
1237
1243
1260
1266
1266
1266
1266
1266
1266
1270
1275
1280
1280
1280
1280
1283
1286
1291
1291
1294
1294
