7
11
13
16
18
19
24
24
24
24
24
24
24
24
24
24
32
33
33
33
33
33
33
34
34
34
34
34
34
34
34
34
34
35
36
38
41
41
41
42
42
42
42
42
42
43
43
43
43
44
45
48
49
49
52
53
54
55
56
63
67
67
76
77
78
79
88
97
98
98
98
99
100
100
100
100
100
101
101
101
101
102
110
110
110
110
111
123
125
127
128
131
140
141
153
157
172
176
178
179
179
179
180
181
192
210
214
229
230
233
243
244
245
245
268
272
285
295
301
319
320
332
333
333
333
334
334
334
342
351
359
361
393
393
393
399
400
403
411
458
474
568
605
608
705
731
766
782
784
786
795
799
807
822
861
865
865
934
948
953
963
964
981
1009
1047
1067
1087
1122
1130
1141
1143
1146
1200
1202
1205
1220
1245
1265
1273
1292
1293
1293
1327
1342
1351
1353
1367
1404
1408
1417
1439
1448
1451
1458
1468
1470
1472
1480
1481
1482
1488
1493
1494
1507
1538
1543
1568
1577
1580
1581
1606
1625
1626
1642
1643
1644
1652
1667
1677
1684
1704
1721
1727
1727
1727
1727
1743
1743
1744
1748
1751
1759
1762
1777
1782
1786
1788
1805
1817
1830
1830
1843
1848
1851
1892
1917
1921
1926
2006
2026
2074
2093
2137
2166
2166
2167
2285
2297
2300
2343
2345
2348
2354
2366
2366
2367
2367
2369
2369
2369
2370
2374
2374
2393
2398
2424
2441
2442
2446
2462
2469
2470
2470
2484
2484
2488
2497
2499
2499
2499
2500
2500
2500
2500
2500
2500
2500
2500
2505
2506
2506
2506
2506
2506
2506
2506
2506
2506
2506
2506
2506
2507
2507
2507
2507
2507
2507
2507
2507
2507
2507
2510
2511
2511
2511
2511
2511
2511
2511
2511
2511
2511
2512
2512
2512
2512
2512
2512
2512
2512
2512
2512
2512
2512
2513
2513
2537
2538
2538
2538
2538
2538
2538
2539
2539
2539
2539
2539
2539
2539
2540
2540
2542
2543
2543
2543
2543
2543
2543
2543
2543
2543
2543
2543
2544
2544
2544
2544
2544
2565
2625
2629
2635
2649
2649
2649
2649
2650
2650
2650
2650
2650
2651
2651
2651
2745
2779
2797
2797
2797
2797
2798
2798
2798
2798
2798
2798
2798
2798
2798
2798
2798
2798
2798
2798
2804
2804
2805
2805
2805
2805
2805
2805
2806
2831
2833
2833
2833
2858
2858
2876
2879
2886
2889
2889
2900
2918
2925
2998
2999
3011
3016
3016
3023
3055
3055
3055
3055
3055
3066
3072
3072
3081
3081
3088
3088
3088
3088
3105
3107
3107
3112
3112
3112
3112
3112
3112
3112
3129
3132
3132
3132
3136
3136
3136
3142
3142
3142
3142
3142
3142
3142
3142
3142
3142
3142
3142
3142
3142
3142
3142
3142
3142
3146
3146
3146
3146
3146
3146
3146
3146
3146
3146
3146
3147
3147
3147
3147
3147
3152
3171
3171
3237
3238
3239
3252
3258
3259
3267
3267
3267
3267
3267
3267
3267
3267
3267
3267
3267
3267
3277
3277
3279
3279
3279
3279
3279
3279
3279
3279
3279
3279
3279
3279
3279
3279
3279
3279
3279
3279
3280
3284
3291
3291
3291
3291
3291
3291
3291
3291
3291
3291
3291
3291
3291
3291
3291
3291
3291
3291
3291
3291
3291
3291
3291
3291
3291
3291
3291
3291
3291
3292
3292
3292
3292
3292
3292
3292
3292
3292
3292
3292
3292
3292
3292
3292
3292
3292
3292
3292
3292
3292
3292
3292
3292
3292
3292
3292
3292
3292
3297
3297
3297
3297
3297
3297
3300
3301
3314
3314
3314
3314
3314
3316
3329
3359
3363
3374
3382
3389
3495
3496
3497
3499
3502
3509
3511
3520
3544
3549
3566
3567
3573
3573
3573
3573
3581
3586
3622
3629
3656
3665
3676
3676
3684
3695
3702
3727
3743
3743
3754
3771
3778
3778
3778
3778
3778
3778
3778
3798
3798
3798
3798
3798
3807
3812
3815
3826
3831
3835
3844
3849
3852
3854
3857
3858
3882
3882
3885
3885
3885
3885
3885
3885
3885
3885
3885
3885
3885
3885
3885
3885
3885
3885
3885
3885
3885
3885
3885
3885
3897
3897
3897
3897
3897
3897
3897
3937
3937
3937
3937
3937
3937
3937
3937
3937
3937
3943
3955
3955
3969
3971
3971
3971
3973
3973
3973
3976
3976
3990
3990
3990
3990
4006
4019
4019
4019
4019
4019
4019
4019
4019
4033
4033
4033
4033
4033
4033
4033
4033
4033
4033
4033
4033
4033
4033
4033
