7
9
10
14
19
19
19
19
22
26
26
26
27
28
31
32
32
35
36
36
38
39
39
43
45
47
47
49
50
50
51
52
52
52
53
53
53
53
53
55
56
56
57
57
57
58
58
58
58
58
58
59
59
59
61
62
63
64
68
70
71
72
72
73
73
73
75
75
76
79
79
80
83
83
83
85
87
89
90
93
93
96
96
97
97
97
97
97
97
102
103
105
106
107
108
109
110
114
114
115
115
116
117
119
121
122
122
122
122
123
124
125
125
125
130
130
138
138
140
154
159
162
171
195
203
204
204
204
204
204
204
205
211
211
211
216
217
238
284
293
317
325
339
339
340
355
372
393
394
394
394
395
396
396
396
462
476
503
509
525
527
541
541
544
545
566
600
609
682
795
803
974
1115
1115
1115
1115
1115
1116
1117
1117
1117
1152
1199
1209
1215
1272
1282
1352
1366
1414
1455
1459
1478
1482
1482
1483
1495
1517
1549
1550
1552
1555
1560
1562
1562
1564
1567
1567
1569
1569
1569
1569
1570
1570
1570
1571
1572
1594
1597
1607
1618
1631
1676
1699
1902
1903
2078
2102
2114
2347
2349
2351
2483
2483
2488
2495
2514
2633
2658
2659
2659
2702
2752
2773
2809
2833
2837
2939
2981
3009
3011
3064
3071
3074
3077
3123
3123
3123
3123
3123
3123
3129
3129
3129
3129
3129
3129
3129
3129
3129
3129
3129
3129
3129
3130
3130
3130
3130
3130
3130
3130
3130
3130
3130
3130
3130
3130
3130
3130
3130
3130
3130
3130
3130
3130
3130
3130
3130
3131
3131
3138
3139
3140
3140
3140
3140
3140
3140
3140
3141
3141
3141
3141
3141
3141
3141
3141
3144
3166
3172
3273
3273
3273
3276
3276
3276
3277
3279
3279
3279
3279
3281
3313
3329
3353
3458
3471
3503
3603
3631
3661
3664
3675
3786
3792
3793
3803
3905
3907
3925
3932
3933
3933
3933
3933
3933
3933
3933
3933
3973
3984
3984
3984
3994
3997
4007
4008
4010
4010
4011
4011
4011
4011
4011
4011
4011
4011
4011
4012
4012
4012
4012
4012
4012
4012
4012
4013
4013
4013
4013
4013
4013
4013
4013
4013
4013
4013
4013
4013
4013
4013
4013
4013
4013
4013
4013
4013
4014
4014
4015
4015
4016
4016
4016
4016
4016
4017
4017
4017
4017
4017
4017
4017
4017
4017
4017
4017
4017
4018
4018
4018
4018
4018
4018
4018
4018
4018
4018
4018
4021
4031
4031
4031
4031
4031
4032
4032
4032
4034
4056
4056
4056
4069
4072
4075
4085
4090
4095
4095
4095
4096
4096
4096
4096
4096
4105
4107
4154
4163
4163
4163
4200
4215
4255
4255
4255
4269
4279
4284
4288
4291
4291
4314
4324
4325
4336
4343
4359
4397
4403
4411
4426
4537
4537
4551
4572
4578
4582
4583
4583
4608
4614
4619
4625
4628
4646
4663
4664
4686
4753
4759
4763
4803
4833
4833
4850
4904
4904
4914
4979
4985
5064
5078
5122
5122
5217
5272
5275
5286
5290
5315
5316
5318
5318
5318
5367
5380
5383
5406
5407
5427
5427
5427
5427
5427
5427
5427
5427
5427
5445
5458
5463
5466
5467
5470
5473
5475
5478
5483
5564
5570
5577
5577
5577
5577
5668
5669
5709
5780
5802
5829
5834
5834
5834
5834
5835
5864
5891
6036
6042
6044
6048
6048
6053
6172
6222
6222
6222
6231
6248
6269
6334
6358
6358
6358
6358
6358
6364
6364
6364
6403
6403
6403
6403
6403
