5
17
18
19
19
19
20
20
20
20
21
23
23
24
24
24
25
25
25
25
25
27
28
28
28
28
28
29
31
32
32
33
33
33
33
33
35
36
36
36
36
36
36
36
37
37
37
37
38
38
39
40
40
40
40
40
42
43
44
44
45
47
49
51
51
53
53
53
54
56
57
60
60
60
61
62
62
62
65
66
66
71
71
71
73
76
80
82
84
86
88
88
90
91
91
91
91
91
91
91
93
95
96
96
96
96
97
97
98
98
104
104
105
108
109
110
111
111
111
111
111
112
112
113
115
116
116
116
117
122
125
128
133
133
134
136
136
136
136
136
136
137
137
138
139
139
144
146
148
155
169
175
177
200
203
206
212
224
243
243
245
245
249
259
259
265
288
292
298
299
299
300
308
330
352
444
465
493
545
551
563
564
566
582
582
686
686
694
725
772
773
774
797
833
937
943
998
1083
1095
1095
1095
1099
1231
1251
1422
1526
1548
1548
1550
1562
1565
1568
1569
1573
1575
1575
1579
1580
1582
1591
1591
1591
1591
1591
1591
1591
1591
1591
1591
1591
1591
1591
1591
1591
1591
1607
1607
1607
1607
1612
1614
1620
1786
1800
1808
1821
1831
1833
1834
1852
1893
1975
1976
1984
1991
2002
2020
2025
2031
2043
2091
2099
2143
2168
2169
2248
2306
2325
2328
2328
2330
2346
2349
2350
2353
2353
2358
2385
2386
2386
2386
2386
2386
2387
2387
2387
2387
2388
2388
2388
2388
2390
2390
2390
2391
2391
2391
2391
2391
2391
2391
2391
2391
2391
2391
2392
2392
2392
2392
2392
2392
2393
2395
2395
2395
2395
2395
2395
2396
2396
2396
2396
2396
2396
2396
2396
2396
2396
2396
2396
2396
2396
2396
2396
2396
2397
2397
2397
2397
2397
2397
2397
2397
2422
2422
2422
2423
2423
2423
2423
2423
2423
2423
2424
2424
2427
2427
2427
2427
2428
2428
2428
2428
2428
2428
2428
2428
2429
2501
2501
2501
2501
2501
2501
2501
2501
2501
2501
2501
2501
2501
2502
2502
2502
2502
2502
2502
2502
2506
2597
2598
2598
2598
2598
2598
2598
2672
2682
2691
2691
2794
2807
2857
2857
2857
2857
2858
2858
2867
2874
2874
2874
2874
2875
2875
2875
2875
2875
2875
2875
2875
2885
2885
2885
2886
2886
2886
2886
2886
2897
2898
2976
3068
3074
3101
3113
3114
3117
3120
3141
3146
3150
3152
3156
3161
3178
3183
3232
3249
3291
3310
3310
3310
3311
3311
3315
3315
3316
3316
3316
3316
3316
3316
3316
3316
3316
3317
3317
3317
3317
3317
3317
3317
3317
3317
3337
3447
3469
3478
3517
3521
3532
3542
3555
3556
3557
3579
3601
3617
3622
3642
3649
3649
3690
3692
3692
3702
3753
3892
3892
3893
3893
3893
3893
3896
4002
4024
4058
4084
4092
4097
4099
4106
4127
4138
4141
4189
4202
4227
4242
4269
4271
4371
4390
4390
4391
4391
4391
4391
4391
4391
4391
4391
4391
4391
4405
4411
4416
4427
4458
4579
4670
4770
4772
4849
4865
4998
5006
5021
5025
5054
5288
5306
5313
5315
5332
5355
5355
5363
5371
5403
5413
5413
5498
5505
5535
5546
5553
5553
5555
5555
5630
5630
5630
5630
5648
5655
5655
5655
5655
5655
5655
5676
5677
5678
5681
5685
5695
5699
5702
5722
5736
5758
5759
5788
5788
5797
5811
5812
5812
5829
5851
