6
7
9
12
13
14
15
17
18
18
20
20
21
21
21
22
24
24
24
27
27
27
27
27
27
27
30
30
30
31
33
34
35
38
40
42
43
45
45
48
49
50
50
50
50
53
54
54
55
56
58
59
65
67
67
67
67
67
68
71
71
73
74
74
74
74
76
76
76
76
76
77
77
77
77
77
78
79
79
80
80
80
80
81
83
83
85
86
86
87
87
87
88
88
90
92
93
93
93
93
93
93
93
93
93
97
98
98
98
98
99
100
101
101
101
101
101
101
101
101
101
101
102
102
102
102
102
102
102
104
104
104
105
106
107
109
109
112
118
119
119
123
123
124
124
134
139
142
142
144
144
145
157
222
227
231
232
232
232
241
241
274
297
299
350
351
353
359
374
378
382
397
435
474
476
478
479
483
499
499
504
504
515
536
539
584
585
585
596
599
603
619
619
629
639
639
639
639
639
639
639
640
640
644
645
645
645
645
645
645
662
668
672
672
679
679
680
681
683
684
687
688
689
693
693
703
717
727
728
728
732
733
733
733
733
733
733
733
733
733
733
734
734
739
739
739
740
740
740
740
740
740
740
740
740
740
740
740
740
740
740
740
740
740
740
740
740
740
740
740
740
740
740
740
740
740
740
740
740
740
740
740
740
741
741
741
741
741
741
741
741
741
741
741
743
749
759
765
767
771
771
779
779
780
784
784
786
789
795
806
814
814
815
816
820
823
828
828
834
834
838
840
846
846
846
847
847
847
857
865
865
865
865
868
869
879
884
886
887
888
888
889
889
892
892
892
892
892
892
893
893
893
893
893
893
903
905
905
913
913
917
920
921
921
931
932
933
933
935
937
940
953
954
959
964
972
974
977
978
980
981
997
998
1002
1008
1008
1008
1008
1008
1008
1009
1009
1011
1011
1011
1011
1011
1012
1014
1014
1014
1014
1015
1017
1018
1018
1018
1018
1018
1018
1018
1018
1018
1019
1019
1019
1019
1019
1019
1019
1019
1020
1020
1020
1020
1020
1020
1020
1020
1020
1020
1021
1021
1021
1022
1024
1024
1024
1024
1024
1024
1024
1024
1024
1024
1024
1024
1025
1025
1025
1025
1025
1025
1025
1025
1025
1025
1025
1025
1026
1026
1026
1026
1026
1026
1026
1027
1027
1028
1034
1035
1039
1044
1049
1049
1051
1051
1055
1055
1058
1068
1069
1073
1075
1079
1079
1080
1083
1083
1083
1085
1097
1100
1105
1106
1106
1106
1106
1106
1106
1106
1113
1118
1120
1123
1129
1130
1131
1136
1136
1142
1144
1144
1152
1154
1154
1155
1155
1155
1156
1168
1171
1175
1180
1182
1183
1183
1186
1186
1193
1193
1207
1207
1208
1211
1211
1213
1224
1224
1224
1224
1245
1245
1248
1248
1249
1258
1258
1261
1263
1264
1266
1266
1266
1266
1267
1267
1267
1267
1267
1273
1282
1302
1314
1319
1331
1331
1353
1355
1355
1359
1373
1374
1375
1379
1544
1557
1566
1572
1573
1591
1591
1591
1591
1591
1591
1591
1591
1591
1622
1633
1635
1635
1652
1652
1652
1652
1652
1652
1668
1677
1715
1717
1719
1739
1750
1763
1763
1766
1773
1776
1776
1781
1781
1781
1786
1788
