6
7
9
15
15
16
17
17
17
18
18
18
22
22
22
23
23
23
23
24
24
24
24
24
24
25
25
25
27
28
33
34
34
35
35
35
35
35
35
35
35
35
35
36
36
38
39
39
40
40
41
42
42
43
43
43
43
43
43
43
43
44
44
44
45
45
45
47
49
50
50
51
52
52
53
53
53
57
58
58
58
59
60
60
61
61
62
62
62
63
63
64
65
65
65
66
66
66
67
68
69
69
69
71
72
73
73
73
74
78
80
81
82
82
82
83
84
84
87
90
91
92
92
92
93
94
94
95
95
95
96
96
97
98
99
99
100
100
100
100
100
107
107
108
108
108
112
112
112
112
113
113
113
113
114
119
119
119
119
119
119
120
120
120
120
120
120
125
129
137
142
142
144
160
170
174
198
201
214
217
219
219
219
219
220
220
220
220
221
224
224
224
227
228
241
247
254
260
260
263
264
273
275
277
294
299
308
317
320
326
327
333
334
398
424
490
497
576
582
587
654
671
685
700
710
729
760
786
856
866
895
1043
1049
1050
1054
1065
1065
1076
1076
1282
1325
1342
1367
1523
1529
1529
1531
1531
1535
1536
1545
1545
1545
1545
1545
1553
1567
1570
1590
1611
1624
1640
1640
1640
1640
1640
1640
1643
1644
1678
2106
2110
2169
2195
2206
2257
2273
2273
2280
2280
2280
2307
2343
2344
2344
2354
2356
2550
2567
2598
2621
2637
2652
2659
2990
3059
3059
3059
3070
3076
3090
3090
3090
3091
3091
3091
3091
3091
3091
3091
3091
3091
3091
3091
3091
3091
3098
3098
3099
3100
3100
3100
3101
3101
3101
3101
3101
3101
3101
3101
3101
3101
3101
3101
3101
3101
3101
3101
3101
3102
3102
3102
3102
3102
3102
3102
3102
3102
3102
3102
3102
3102
3102
3102
3102
3102
3102
3102
3103
3103
3103
3103
3116
3144
3195
3285
3287
3296
3360
3371
3371
3371
3371
3382
3382
3382
3382
3384
3405
3415
3415
3460
3460
3464
3464
3464
3464
3464
3464
3464
3465
3465
3465
3523
3523
3523
3523
3523
3523
3523
3523
3523
3523
3523
3523
3523
3523
3523
3523
3523
3523
3528
3529
3529
3529
3529
3529
3529
3529
3529
3529
3529
3529
3529
3529
3529
3546
3558
3582
3584
3600
3612
3618
3619
3626
3649
3649
3653
3653
3653
3653
3653
3653
3653
3654
3654
3654
3654
3654
3654
3654
3654
3654
3654
3654
3655
3655
3655
3655
3655
3655
3655
3655
3655
3655
3655
3655
3655
3665
3666
3670
3675
3676
3676
3676
3676
3676
3676
3676
3704
3989
3996
3996
4009
4313
4550
4570
4574
4579
4580
4584
4607
4607
4607
4607
4607
4607
4607
4607
4607
4607
4607
4607
4607
4608
4608
4609
4612
4657
4835
5105
5161
5161
5245
5248
5270
5350
5363
5369
5369
5380
5384
5401
5407
5433
5444
5503
5507
5516
5535
5574
6216
6304
6502
6504
6671
6694
6715
6759
6760
6760
6761
6761
6784
6917
7017
7209
7342
7347
7533
7641
7648
7648
7649
7649
7693
7693
7709
7847
7851
7851
7851
7851
7854
7854
7956
7960
7969
7971
7976
7981
7984
8017
8034
8049
8050
8055
8055
8058
8058
8172
8190
8191
8196
8196
8247
8262
8354
8354
8354
8354
8363
8365
8365
8371
8371
8378
8378
8378
8378
8382
8390
8390
8391
8391
8391
8391
