5
17
20
20
21
21
21
21
22
25
26
26
26
27
27
27
27
27
27
27
27
28
28
30
30
31
32
33
33
36
36
36
37
37
37
42
43
44
44
47
47
47
47
47
48
49
49
49
50
50
52
54
54
56
56
57
60
60
61
61
62
64
65
65
65
70
70
71
71
71
75
75
76
77
78
78
78
81
81
88
90
90
93
97
97
99
99
100
100
102
102
102
103
104
104
106
107
107
107
107
107
108
109
110
111
111
113
113
114
115
116
116
117
118
118
119
119
124
124
124
128
128
128
128
128
128
128
128
129
130
130
131
131
131
131
132
132
133
135
140
140
142
142
148
152
153
153
162
205
220
231
259
266
269
273
276
277
290
295
301
318
327
333
336
419
421
426
426
427
430
442
459
462
462
464
464
465
466
469
472
472
472
473
473
473
473
473
473
473
473
473
473
473
473
484
485
486
487
489
489
494
501
501
504
509
513
514
515
516
523
523
523
527
528
530
539
540
545
555
555
556
561
562
562
564
566
574
576
582
582
582
582
582
584
586
590
593
599
600
600
600
600
600
600
600
605
605
606
606
606
606
606
606
606
606
606
606
606
606
606
606
606
606
606
606
607
607
607
607
607
607
607
607
607
607
607
608
608
609
610
610
611
611
611
611
611
611
611
611
611
611
611
611
611
611
612
612
612
612
612
612
612
613
618
622
626
627
627
627
627
627
628
628
628
633
633
633
640
641
646
654
656
658
661
662
662
662
662
662
662
662
662
663
665
669
669
670
672
684
684
684
684
686
687
687
692
694
694
694
694
694
694
694
694
694
694
694
694
694
694
694
694
695
695
695
696
698
698
701
702
704
705
716
741
744
752
754
761
764
767
768
768
775
776
779
794
806
821
822
822
822
832
836
836
836
837
837
837
837
843
875
887
887
888
888
888
893
893
905
907
907
907
926
943
955
957
964
965
965
972
972
975
979
988
988
992
995
997
997
997
998
998
998
999
1006
1008
1012
1012
1012
1023
1035
1036
1036
1036
1036
1037
1037
1037
1037
1037
1038
1039
1046
1047
1049
1051
1054
1056
1072
1086
1092
1094
1100
1109
1113
1119
1123
1123
1123
1125
1127
1127
1127
1127
1127
1127
1129
1129
1139
1143
1143
1156
1163
1164
1164
1164
1164
1164
1164
1172
1176
1194
1194
1194
1202
1206
1206
1206
1208
1208
1208
1208
1208
1208
1208
1211
1211
1214
1214
1214
1214
1215
1215
1215
1215
1215
1215
1215
1215
1215
1215
1215
1215
1215
1215
1215
1215
1215
1215
1215
1216
1216
1216
1216
1216
1216
1216
1216
1216
1216
1216
1216
1216
1216
1216
1216
1225
1226
1226
1226
1226
1226
1226
1226
1226
1226
1226
1226
1226
1226
1226
1226
1231
1231
1231
1244
1260
1268
1276
1283
1284
1307
1307
1311
1338
1341
1342
1346
1346
1346
1346
1346
1347
1347
1347
1353
1354
1368
1368
1368
1373
1373
1388
1388
1423
1432
1432
1432
1433
1433
1434
1434
1434
1434
1437
1442
1452
1452
1452
1455
1456
1475
1477
1480
1480
1489
1493
1493
1502
1502
1502
1502
1543
1548
1567
1569
1574
1574
1575
1575
1579
1579
1586
1596
1597
1602
1602
1602
1605
