12
12
12
12
14
14
14
14
14
14
14
14
18
18
18
18
20
20
20
20
24
24
24
24
25
25
25
25
25
25
25
25
25
25
25
25
25
25
25
25
26
26
26
26
26
26
26
26
26
26
26
26
26
26
26
26
26
26
26
26
26
26
26
26
27
27
27
27
27
27
27
27
28
28
28
28
30
30
30
30
30
30
30
30
30
30
30
30
30
30
30
30
30
30
30
30
30
30
30
30
31
31
31
31
31
31
31
31
31
31
31
31
31
31
31
31
31
31
31
31
32
32
32
32
32
32
32
32
35
35
35
35
37
37
37
37
38
38
38
38
39
39
39
39
39
39
39
39
54
54
54
54
54
54
54
54
54
54
54
54
54
54
54
54
54
54
54
54
55
55
55
55
56
56
56
56
58
58
58
58
58
58
58
58
58
58
58
58
60
60
60
60
60
60
60
60
69
69
69
69
77
77
77
77
82
82
82
82
83
83
83
83
87
87
87
87
88
88
88
88
89
89
89
89
90
90
90
90
92
92
92
92
99
99
99
99
101
101
101
101
103
103
103
103
104
104
104
104
106
106
106
106
109
109
109
109
111
111
111
111
111
111
111
111
117
117
117
117
118
118
118
118
123
123
123
123
126
126
126
126
126
126
126
126
126
126
126
126
126
126
126
126
127
127
127
127
128
128
128
128
128
128
128
128
129
129
129
129
130
130
130
130
131
131
131
131
132
132
132
132
134
134
134
134
135
135
135
135
135
135
135
135
135
135
135
135
135
135
135
135
139
139
139
139
139
139
139
139
139
139
139
139
142
142
142
142
146
146
146
146
148
148
148
148
149
149
149
149
152
152
152
152
159
159
159
159
160
160
160
160
160
160
160
160
160
160
160
160
162
162
162
162
179
179
179
179
180
180
180
180
181
181
181
181
189
189
189
189
190
190
190
190
191
191
191
191
195
195
195
195
200
200
200
200
202
202
202
202
213
213
213
213
216
216
216
216
226
226
226
226
227
227
227
227
232
232
232
232
234
234
234
234
234
234
234
234
234
234
234
234
234
234
234
234
235
235
235
235
235
235
235
235
240
240
240
240
240
240
240
240
240
240
240
240
241
241
241
241
245
245
245
245
245
245
245
245
246
246
246
246
246
246
246
246
246
246
246
246
246
246
246
246
246
246
246
246
246
246
246
246
247
247
247
247
247
247
247
247
251
251
251
251
252
252
252
252
252
252
252
252
266
266
266
266
278
278
278
278
304
304
304
304
313
313
313
313
323
323
323
323
326
326
326
326
335
335
335
335
347
347
347
347
361
361
361
361
397
397
397
397
399
399
399
399
413
413
413
413
414
414
414
414
423
423
423
423
425
425
425
425
434
434
434
434
448
448
448
448
470
470
470
470
472
472
472
472
492
492
492
492
546
546
546
546
569
569
569
569
576
576
576
576
587
587
587
587
589
589
589
589
591
591
591
591
601
601
601
601
611
611
611
611
641
641
641
641
671
671
671
671
671
671
671
671
672
672
672
672
672
672
672
672
672
672
672
672
672
672
672
672
674
674
674
674
683
683
683
683
684
684
684
684
712
712
712
712
715
715
715
715
719
719
719
719
724
724
724
724
725
725
725
725
727
727
727
727
729
729
729
729
729
729
729
729
738
738
738
738
740
740
740
740
742
742
742
742
751
751
751
751
752
752
752
752
754
754
754
754
782
782
782
782
792
792
792
792
797
797
797
797
797
797
797
797
801
801
801
801
801
801
801
801
827
827
827
827
830
830
830
830
839
839
839
839
839
839
839
839
845
845
845
845
932
932
932
932
933
933
933
933
941
941
941
941
983
983
983
983
1021
1021
1021
1021
1024
1024
1024
1024
1139
1139
1139
1139
1156
1156
1156
1156
1161
1161
1161
1161
1162
1162
1162
1162
1178
1178
1178
1178
1182
1182
1182
1182
1182
1182
1182
1182
1184
1184
1184
1184
1186
1186
1186
1186
1187
1187
1187
1187
1189
1189
1189
1189
1189
1189
1189
1189
1189
1189
1189
1189
1189
1189
1189
1189
1189
1189
1189
1189
1189
1189
1189
1189
1189
1189
1189
1189
1189
1189
1189
1189
1189
1189
1189
1189
1189
1189
1189
1189
1189
1189
1189
1189
1189
1189
1189
1189
1189
1189
1189
1189
1189
1189
1189
1189
1189
1189
1189
1189
1189
1189
1189
1189
1189
1189
1189
1189
1189
1189
1189
1189
1190
1190
1190
1190
1190
1190
1190
1190
1190
1190
1190
1190
1193
1193
1193
1193
1193
1193
1193
1193
1193
1193
1193
1193
1194
1194
1194
1194
1196
1196
1196
1196
1196
1196
1196
1196
1196
1196
1196
1196
1200
1200
1200
1200
1205
1205
1205
1205
1219
1219
1219
1219
1222
1222
1222
1222
1223
1223
1223
1223
1223
1223
1223
1223
1229
1229
1229
1229
1240
1240
1240
1240
1248
1248
1248
1248
1252
1252
1252
1252
1259
1259
1259
1259
1264
1264
1264
1264
1268
1268
1268
1268
1274
1274
1274
1274
1360
1360
1360
1360
1401
1401
1401
1401
1419
1419
1419
1419
1444
1444
1444
1444
1448
1448
1448
1448
1448
1448
1448
1448
1448
1448
1448
1448
1450
1450
1450
1450
1452
1452
1452
1452
1464
1464
1464
1464
1466
1466
1466
1466
1468
1468
1468
1468
1472
1472
1472
1472
1486
1486
1486
1486
1486
1486
1486
1486
1486
1486
1486
1486
1487
1487
1487
1487
1487
1487
1487
1487
1492
1492
1492
1492
1492
1492
1492
1492
1492
1492
1492
1492
1493
1493
1493
1493
1504
1504
1504
1504
1504
1504
1504
1504
1504
1504
1504
1504
1505
1505
1505
1505
1569
1569
1569
1569
1571
1571
1571
1571
1576
1576
1576
1576
1596
1596
1596
1596
1596
1596
1596
1596
1607
1607
1607
1607
1613
1613
1613
1613
1625
1625
1625
1625
1639
1639
1639
1639
1647
1647
1647
1647
1657
1657
1657
1657
1665
1665
1665
1665
1684
1684
1684
1684
1685
1685
1685
1685
1693
1693
1693
1693
1703
1703
1703
1703
1721
1721
1721
1721
1779
1779
1779
1779
1780
1780
1780
1780
1780
1780
1780
1780
1788
1788
1788
1788
1798
1798
1798
1798
1803
1803
1803
1803
1824
1824
1824
1824
1883
1883
1883
1883
1923
1923
1923
1923
1923
1923
1923
1923
1954
1954
1954
1954
1960
1960
1960
1960
1979
1979
1979
1979
2005
2005
2005
2005
2032
2032
2032
2032
2051
2051
2051
2051
2051
2051
2051
2051
2051
2051
2051
2051
2051
2051
2051
2051
2051
2051
2051
2051
2051
2051
2051
2051
2051
2051
2051
2051
2051
2051
2051
2051
2051
2051
2051
2051
2083
2083
2083
2083
2112
2112
2112
2112
2128
2128
2128
2128
2134
2134
2134
2134
2146
2146
2146
2146
2146
2146
2146
2146
2170
2170
2170
2170
2170
2170
2170
2170
2170
2170
2170
2170
2170
2170
2170
2170
2171
2171
2171
2171
2171
2171
2171
2171
2171
2171
2171
2171
2172
2172
2172
2172
2178
2178
2178
2178
2185
2185
2185
2185
2186
2186
2186
2186
2186
2186
2186
2186
2186
2186
2186
2186
2186
2186
2186
2186
2187
2187
2187
2187
2190
2190
2190
2190
2190
2190
2190
2190
2190
2190
2190
2190
2190
2190
2190
2190
2190
2190
2190
2190
2190
2190
2190
2190
2190
2190
2190
2190
2190
2190
2190
2190
2190
2190
2190
2190
2190
2190
2190
2190
2190
2190
2190
2190
2190
2190
2190
2190
2190
2190
2190
2190
2190
2190
2190
2190
2190
2190
2190
2190
2190
2190
2190
2190
2190
2190
2190
2190
2190
2190
2190
2190
2190
2190
2190
2190
2190
2190
2190
2190
2191
2191
2191
2191
2191
2191
2191
2191
2205
2205
2205
2205
2213
2213
2213
2213
2363
2363
2363
2363
2417
2417
2417
2417
2479
2479
2479
2479
2483
2483
2483
2483
2563
2563
2563
2563
2634
2634
2634
2634
2646
2646
2646
2646
2649
2649
2649
2649
2672
2672
2672
2672
2687
2687
2687
2687
2702
2702
2702
2702
2723
2723
2723
2723
2724
2724
2724
2724
2752
2752
2752
2752
2752
2752
2752
2752
2752
2752
2752
2752
2752
2752
2752
2752
2755
2755
2755
2755
2755
2755
2755
2755
2756
2756
2756
2756
2775
2775
2775
2775
2803
2803
2803
2803
2805
2805
2805
2805
2836
2836
2836
2836
2836
2836
2836
2836
2841
2841
2841
2841
2861
2861
2861
2861
2884
2884
2884
2884
2906
2906
2906
2906
2940
2940
2940
2940
2941
2941
2941
2941
2941
2941
2941
2941
2949
2949
2949
2949
2954
2954
2954
2954
2983
2983
2983
2983
2988
2988
2988
2988
2998
2998
2998
2998
2998
2998
2998
2998
2998
2998
2998
2998
2999
2999
2999
2999
2999
2999
2999
2999
2999
2999
2999
2999
3000
3000
3000
3000
3006
3006
3006
3006
3006
3006
3006
3006
3007
3007
3007
3007
3007
3007
3007
3007
3007
3007
3007
3007
3007
3007
3007
3007
3011
3011
3011
3011
3018
3018
3018
3018
3019
3019
3019
3019
3019
3019
3019
3019
3019
3019
3019
3019
3019
3019
3019
3019
3019
3019
3019
3019
3019
3019
3019
3019
3019
3019
3019
3019
3019
3019
3019
3019
3019
3019
3019
3019
3019
3019
3019
3019
3020
3020
3020
3020
3020
3020
3020
3020
3020
3020
3020
3020
3020
3020
3020
3020
3020
3020
3020
3020
3020
3020
3020
3020
3020
3020
3020
3020
3020
3020
3020
3020
3020
3020
3020
3020
3020
3020
3020
3020
3020
3020
3020
3020
3020
3020
3020
3020
3020
3020
3020
3020
3020
3020
3020
3020
3020
3020
3020
3020
3020
3020
3020
3020
3020
3020
3020
3020
3020
3020
3020
3020
3020
3020
3020
3020
3020
3020
3020
3020
3020
3020
3020
3020
3020
3020
3020
3020
3020
3020
3020
3020
3020
3020
3020
3020
3020
3020
3020
3020
3020
3020
3020
3020
3020
3020
3020
3020
3020
3020
3020
3020
3020
3020
3020
3020
3020
3020
3020
3020
3020
3020
3020
3020
3020
3020
3020
3020
3020
3020
3020
3020
3020
3020
3020
3020
3020
3020
3020
3020
3020
3020
3020
3020
3020
3020
3020
3020
3020
3020
3020
3020
3025
3025
3025
3025
3025
3025
3025
3025
3027
3027
3027
3027
3027
3027
3027
3027
3027
3027
3027
3027
3027
3027
3027
3027
3027
3027
3027
3027
3027
3027
3027
3027
3027
3027
3027
3027
3027
3027
3027
3027
3027
3027
3027
3027
3027
3027
3027
3027
3027
3027
3027
3027
3027
3027
3027
3027
3027
3027
3027
3027
3027
3027
3027
3027
3027
3027
3027
3027
3027
3027
3027
3027
3028
3028
3028
3028
3028
3028
3028
3028
3028
3028
3028
3028
3028
3028
3028
3028
3028
3028
3028
3028
3028
3028
3028
3028
3028
3028
3028
3028
3028
3028
3028
3028
3028
3028
3028
3028
3028
3028
3028
3028
3028
3028
3028
3028
3028
3028
3028
3028
3028
3028
3028
3028
3028
3028
3028
3028
3028
3028
3028
3028
3028
3028
3028
3028
3028
3028
3028
3028
3028
3028
3028
3028
3028
3028
3028
3028
3028
3028
3028
3028
3028
3028
3028
3028
3028
3028
3028
3028
3028
3028
3028
3028
3028
3028
3028
3028
3028
3028
3028
3028
3028
3028
3028
3028
3028
3028
3028
3028
3028
3028
3028
3028
3028
3028
3028
3028
3028
3028
3028
3028
3028
3028
3028
3028
3028
3028
3028
3028
3033
3033
3033
3033
3042
3042
3042
3042
3042
3042
3042
3042
3050
3050
3050
3050
3051
3051
3051
3051
3051
3051
3051
3051
3051
3051
3051
3051
3051
3051
3051
3051
3051
3051
3051
3051
3052
3052
3052
3052
3065
3065
3065
3065
3080
3080
3080
3080
3086
3086
3086
3086
3105
3105
3105
3105
3137
3137
3137
3137
3158
3158
3158
3158
3160
3160
3160
3160
3183
3183
3183
3183
3194
3194
3194
3194
3214
3214
3214
3214
3219
3219
3219
3219
3280
3280
3280
3280
3283
3283
3283
3283
3283
3283
3283
3283
3292
3292
3292
3292
3293
3293
3293
3293
3309
3309
3309
3309
3318
3318
3318
3318
3318
3318
3318
3318
3318
3318
3318
3318
3318
3318
3318
3318
3328
3328
3328
3328
3344
3344
3344
3344
3382
3382
3382
3382
3394
3394
3394
3394
3395
3395
3395
3395
3407
3407
3407
3407
3432
3432
3432
3432
3452
3452
3452
3452
3452
3452
3452
3452
3452
3452
3452
3452
3453
3453
3453
3453
3521
3521
3521
3521
3584
3584
3584
3584
3688
3688
3688
3688
3688
3688
3688
3688
3696
3696
3696
3696
3821
3821
3821
3821
3828
3828
3828
3828
3832
3832
3832
3832
3870
3870
3870
3870
3880
3880
3880
3880
3891
3891
3891
3891
3894
3894
3894
3894
3895
3895
3895
3895
3897
3897
3897
3897
3898
3898
3898
3898
3906
3906
3906
3906
3906
3906
3906
3906
3940
3940
3940
3940
3941
3941
3941
3941
3959
3959
3959
3959
4000
4000
4000
4000
4043
4043
4043
4043
4243
4243
4243
4243
4248
4248
4248
4248
4253
4253
4253
4253
4293
4293
4293
4293
4294
4294
4294
4294
