5
11
11
12
16
16
17
17
17
17
17
17
17
17
17
17
17
17
20
21
22
22
23
25
25
25
26
26
26
27
28
28
31
32
32
33
33
34
35
39
42
42
44
44
46
48
51
53
55
59
60
65
66
71
79
80
86
87
88
88
89
89
91
91
91
91
91
91
91
91
91
95
100
101
105
119
119
123
124
131
138
140
141
275
275
275
275
280
280
280
280
280
280
280
281
295
295
295
296
296
296
296
296
296
300
302
304
330
342
354
360
360
360
369
375
393
393
397
403
424
441
443
444
452
459
535
598
598
598
598
598
598
598
598
598
604
613
615
615
616
620
621
624
628
630
637
638
638
638
639
641
644
647
681
697
706
724
739
741
747
748
748
748
748
748
748
755
830
832
912
923
925
931
931
1085
1103
1107
1140
1167
1170
1177
1199
1204
1208
1212
1213
1217
1217
1218
1219
1221
1227
1233
1254
1261
1262
1273
1274
1314
1332
1338
1348
1349
1406
1406
1418
1420
1420
1424
1426
1434
1445
1446
1446
1458
1474
1475
1477
1481
1494
1499
1499
1499
1501
1501
1501
1501
1502
1507
1508
1509
1516
1518
1540
1547
1553
1553
1553
1553
1553
1553
1553
1553
1553
1553
1553
1553
1553
1553
1553
1553
1553
1554
1554
1554
1554
1554
1554
1554
1554
1554
1554
1554
1554
1554
1554
1554
1554
1554
1554
1555
1555
1555
1555
1556
1556
1557
1558
1558
1558
1558
1558
1559
1559
1559
1559
1563
1565
1565
1567
1571
1577
1580
1580
1580
1583
1583
1594
1594
1594
1594
1594
1594
1594
1594
1594
1594
1594
1594
1594
1594
1594
1594
1594
1594
1597
1599
1601
1607
1608
1612
1612
1614
1614
1614
1614
1614
1615
1619
1620
1621
1621
1622
1628
1630
1634
1634
1638
1639
1644
1645
1648
1650
1652
1661
1661
1674
1678
1691
1691
1711
1719
1729
1733
1742
1745
1757
1761
1769
1771
1781
1789
1791
1796
1800
1822
1822
1826
1829
1832
1833
1835
1840
1851
1858
1862
1872
1881
1883
1908
1930
2013
2094
2359
2370
2378
2387
2389
2457
2457
2457
2457
2457
2457
2457
2457
2457
2457
2457
2457
2457
2457
2457
2457
2463
2463
2463
2463
2463
2464
2464
2464
2464
2481
2506
2508
2550
2591
2611
2619
2627
2654
2669
2669
2669
2753
2774
2880
2883
2892
2892
2892
2892
2893
2893
2893
2893
2893
2893
2893
2898
2898
2899
2899
2899
2899
2899
2899
2899
2899
2899
2899
2900
2903
2903
2903
2903
2903
2903
2903
2903
2903
2904
2904
2904
2904
2904
2904
2904
2904
2937
2959
2959
2983
2984
2985
2986
3023
3068
3075
3088
3088
3089
3090
3090
3094
3099
3102
3118
3119
3119
3130
3130
3138
3138
3138
3138
3138
3138
3138
3138
3149
3149
3152
3159
3163
3163
3163
3163
3163
3163
3163
3163
3163
3171
3180
3180
3185
3197
3218
3298
3327
3588
3588
3588
3588
3588
3588
3589
3589
3599
3599
3600
3600
3601
3601
3601
3601
3601
3601
3602
3603
3613
3613
3613
3614
3614
3614
3615
3616
3632
3707
3724
3754
3767
3872
3915
3916
3916
3916
3933
3960
3965
3973
3973
3973
3973
4035
4035
4079
4080
4087
4101
4119
4151
4259
4284
4284
4284
4284
4418
4422
4442
4452
4536
4546
4547
4568
4629
4629
4634
4634
4634
4634
4634
4634
4634
4634
4634
4634
4639
4643
4671
4671
4671
4671
4671
4715
4765
4768
4782
4784
4811
4811
4811
4820
4822
4822
4824
4824
4825
4825
4878
4884
4966
4966
4966
4967
5007
5035
5035
5035
5068
5243
