5
7
13
13
14
14
14
17
17
18
20
21
21
21
21
21
21
24
24
26
26
27
27
27
27
28
29
30
31
31
34
34
34
34
34
34
34
34
34
34
35
35
35
35
35
36
37
38
38
38
38
38
43
43
44
45
45
51
51
51
51
51
52
52
52
52
57
58
58
58
63
65
65
66
67
67
67
67
67
68
68
68
68
68
68
68
68
68
68
68
68
69
69
70
73
73
73
73
73
74
74
74
75
75
76
76
76
79
80
84
84
85
85
88
88
88
88
88
88
88
88
88
88
88
90
91
92
96
96
98
99
100
105
108
108
110
111
111
114
114
115
116
116
118
118
120
122
122
125
125
125
125
126
127
129
129
130
134
135
135
135
136
136
137
137
137
137
137
137
137
138
138
138
140
141
143
145
147
148
149
151
152
153
153
153
159
165
165
173
186
186
191
194
196
198
198
198
205
208
211
215
222
228
228
228
231
231
231
231
231
233
256
257
258
259
266
284
297
297
297
297
297
304
324
330
340
347
348
364
383
386
390
392
404
412
414
430
432
435
435
438
443
443
445
445
448
457
464
464
464
464
464
464
464
464
465
465
465
465
465
465
470
479
479
479
480
480
488
489
489
489
489
489
490
506
506
506
506
506
506
506
506
506
506
506
506
506
506
506
511
514
524
529
536
539
539
539
540
540
541
542
542
542
542
543
543
543
543
547
558
558
558
561
565
582
584
584
584
584
584
588
588
590
590
590
595
603
603
603
603
603
603
628
651
653
653
653
654
654
654
654
654
654
654
654
654
654
654
654
654
655
655
655
655
659
659
659
659
659
659
659
660
660
660
660
660
660
660
660
660
660
660
660
660
660
663
670
700
700
700
700
701
703
705
705
705
705
705
705
706
711
712
715
715
715
715
715
715
717
717
717
717
717
717
722
726
728
738
744
747
747
757
761
765
765
785
785
785
785
787
790
795
796
809
815
825
832
832
832
832
832
839
839
844
851
888
888
889
895
896
896
896
896
896
899
900
908
911
921
922
929
930
933
935
936
937
938
938
938
938
938
940
940
940
952
956
962
964
974
974
974
974
974
975
975
975
975
975
977
979
983
994
994
994
994
994
1008
1012
1014
1016
1017
1017
1017
1018
1018
1018
1018
1018
1022
1025
1025
1032
1035
1039
1039
1039
1039
1039
1040
1041
1046
1047
1047
1053
1054
1058
1064
1071
1074
1075
1080
1088
1095
1105
1107
1110
1114
1114
1114
1114
1114
1114
1114
1114
1114
1114
1114
1114
1114
1114
1114
1114
1115
1115
1115
1115
1115
1119
1119
1120
1120
1120
1120
1120
1120
1120
1120
1120
1121
1121
1121
1121
1121
1121
1121
1121
1121
1121
1121
1121
1121
1122
1122
1122
1122
1122
1122
1122
1122
1122
1122
1122
1122
1122
1122
1122
1123
1123
1123
1123
1126
1130
1132
1136
1139
1139
1139
1139
1139
1140
1140
1140
1140
1140
1140
1140
1140
1140
1140
1140
1140
1140
1140
1140
1156
1158
1160
1162
1162
1163
1163
1163
1163
1163
1163
1163
1163
1163
1163
1163
1163
1164
1164
1164
1164
1168
1168
1168
1168
1168
1168
1168
1168
1168
1168
1185
1201
1215
1215
1215
1215
1215
1221
1238
1238
1238
1238
1238
1239
1239
1239
1239
1239
1240
1240
1240
1240
1240
1255
1255
1257
1293
1294
1303
1303
1303
1303
1303
1305
1305
1305
1305
1305
1306
1306
1306
1306
1306
1310
1310
1310
1310
1310
1311
1313
1313
1313
1313
1313
1315
1315
1315
1315
1315
1319
1322
1322
1322
1322
1322
1329
1351
1363
1363
1365
1369
1386
