19
39
41
41
41
46
46
47
50
54
56
58
59
62
68
69
69
70
73
79
99
101
109
122
125
126
128
130
136
138
140
145
148
166
167
172
187
197
197
197
197
198
198
198
199
200
200
200
201
201
201
203
205
206
206
206
212
212
213
228
239
242
250
250
251
251
251
251
251
251
251
255
257
260
266
273
281
307
331
350
352
355
359
365
366
367
384
389
397
399
401
411
414
419
423
424
425
425
425
425
431
433
433
434
439
441
442
450
454
454
455
456
464
464
465
465
465
466
466
467
470
478
488
488
495
497
516
516
517
517
521
521
521
521
522
527
527
528
553
564
610
612
626
633
635
645
647
651
656
656
661
661
661
661
661
661
661
661
661
661
662
662
662
662
662
662
662
662
662
662
662
662
662
662
662
663
664
664
664
664
665
665
665
665
665
665
665
665
665
665
665
665
665
666
666
666
666
666
666
666
666
666
666
666
666
666
666
666
666
666
666
666
666
666
666
667
667
667
667
667
667
667
667
667
667
667
667
667
667
667
667
667
667
667
667
667
667
669
669
669
669
669
669
669
669
669
669
669
669
670
670
670
670
670
697
710
710
727
813
814
814
873
885
891
939
981
1044
1083
1083
1128
1143
1147
1148
1161
1161
1161
1162
1163
1163
1169
1169
1170
1175
1192
1193
1193
1213
1231
1252
1270
1345
1346
1357
1364
1379
1381
1420
1455
1464
1509
1521
1527
1536
1536
1537
1538
1539
1541
1554
1559
1587
1588
1589
1589
1590
1590
1593
1621
1654
1659
1662
1667
1668
1669
1669
1669
1669
1674
1684
1684
1689
1692
1705
1716
1720
1794
1808
1811
1898
1927
1929
1933
1939
1941
2198
2201
2252
2296
2331
2346
2353
2383
2437
2455
2489
2508
2508
2508
2508
2508
2508
2508
2508
2508
2508
2508
2508
2508
2508
2508
2508
2508
2508
2508
2508
2508
2514
2514
2515
2515
2515
2515
2515
2515
2515
2515
2515
2515
2515
2516
2516
2516
2516
2516
2522
2528
2540
2543
2543
2549
2567
2571
2594
2625
2630
2659
2671
2689
2699
2707
2722
2778
2805
2806
2806
2815
2825
2827
2831
2842
2844
2844
2848
2851
2854
2895
2981
3000
3003
3088
3143
3144
3144
3152
3154
3175
3206
3224
3226
3243
3243
3243
3243
3247
3247
3247
3247
3247
3247
3247
3247
3247
3247
3248
3255
3256
3266
3266
3321
3353
3370
3412
3429
3475
3476
3482
3504
3505
3505
3505
3505
3505
3505
3508
3524
3528
3530
3541
3541
3541
3541
3541
3541
3542
3549
3553
3607
3620
3626
3627
3627
3627
3627
3628
3654
3660
3661
3662
3666
3690
3704
3738
3738
3738
3738
3743
3743
3743
3743
3751
3755
3755
3814
3883
3889
3916
3921
3921
3921
3921
3921
3921
3921
3921
3922
3922
3922
3922
3923
3936
3941
3943
3944
3946
3946
3946
3949
3955
3958
3958
3961
3964
3966
3968
3968
4016
4046
4094
4094
4094
4094
4106
4106
4106
4143
4143
4143
4143
4146
4146
4146
4146
4149
4149
4149
4149
4163
4163
4163
4163
4163
4163
4163
4163
4198
4259
4259
4281
4299
4299
4316
4342
4388
4388
4388
4388
4396
4397
4397
4417
4417
4419
4422
4427
4450
4519
4579
4623
4641
4655
4677
4702
4706
4706
4710
4710
4710
4712
4713
4727
4803
4803
4803
4828
4883
4897
4897
4905
4944
4948
4948
4956
5005
5005
5006
5023
5023
5031
5031
5031
5031
5031
5031
5031
5039
5039
5039
5039
5039
5039
5039
5039
5039
5039
5039
5039
5039
5039
5042
5042
5042
5042
5042
5042
5042
5042
5042
5042
5042
5042
5042
5042
5045
5050
5050
5050
5050
5050
5050
5050
5050
5050
5050
5050
5050
5050
5050
5052
5079
5079
5079
5079
5079
5079
5079
5079
5079
5079
5079
5079
5079
5079
5079
5079
5079
5134
