9
11
13
15
17
20
20
20
20
21
21
21
27
28
28
28
30
32
32
35
35
35
35
36
36
36
36
36
36
36
37
37
37
39
46
46
46
48
48
50
51
51
54
54
55
60
66
69
71
72
73
76
76
76
77
77
77
77
78
78
78
78
79
82
84
84
88
89
89
92
92
93
93
94
95
95
95
98
99
99
100
100
100
100
101
101
101
101
101
101
101
101
101
102
102
102
102
103
103
103
105
106
106
106
107
107
109
110
115
115
116
116
116
116
116
116
116
117
117
117
117
118
118
119
121
122
129
135
144
145
149
157
166
173
173
182
208
224
230
254
260
264
272
273
277
280
300
312
318
326
327
329
330
330
331
362
366
367
396
456
694
783
795
807
831
869
884
928
945
956
959
1426
1442
1463
1488
1489
1510
1511
1525
1528
1530
1558
1603
1626
1628
1628
1629
1631
1631
1633
1641
1641
1642
1643
1653
1656
1687
1688
1689
1691
1703
1730
1736
1736
1736
1758
1966
1966
1968
1973
1984
1986
1989
1994
2012
2015
2038
2156
2391
2400
2431
2447
2524
2556
2561
2585
2846
2861
2866
2869
2888
2889
2889
2889
2890
2890
2890
2890
2891
2918
2922
2922
2923
2925
2926
2926
2930
2931
2946
2947
2957
2974
2974
2974
2974
2974
2974
2974
2975
2975
2987
2987
2987
2993
2995
2996
2997
3005
3009
3009
3009
3009
3009
3009
3010
3010
3010
3010
3024
3034
3046
3055
3059
3065
3081
3087
3103
3138
3139
3142
3145
3154
3155
3157
3164
3282
3317
3342
3371
3373
3385
3392
3398
3398
3406
3419
3422
3445
3445
3449
3449
3449
3449
3454
3460
3461
3467
3487
3487
3487
3487
3493
3514
3528
3542
3552
3592
3596
3700
3914
3951
4209
4239
4239
4246
4249
4264
4278
4280
4291
4376
4547
4550
4550
4586
4588
4601
4616
4623
4625
4639
4641
4642
4642
4780
4785
4785
4785
4785
4785
4785
4785
4785
4785
4785
4791
4791
4791
4791
4791
4791
4791
4791
4791
4791
4791
4791
4791
4791
4791
4791
4791
4791
4791
4791
4791
4791
4791
4791
4791
4791
4791
4791
4791
4792
4792
4792
4792
4792
4792
4792
4792
4792
4792
4792
4792
4792
4792
4792
4792
4792
4792
4792
4792
4792
4792
4792
4792
4792
4805
4811
4811
4811
4811
4811
4811
4812
4812
4812
4813
4813
4813
4814
4840
4841
4842
4843
4843
4843
4843
4843
4843
4843
4843
4843
4843
4843
4844
4844
4844
4844
4844
4844
4844
4844
4844
4844
4844
4844
4844
4845
4845
4845
4846
4847
4847
4847
4847
4847
4847
4847
4847
4848
4848
4848
4848
4848
4848
4848
4848
4848
4849
4849
4849
4850
4850
4851
4851
4851
4851
4851
4851
4851
4851
4851
4851
4852
4857
4864
4977
5094
5096
5099
5105
5124
5149
5154
5155
5156
5160
5166
5251
5259
5261
5308
5308
5336
5345
5347
5347
5347
5350
5352
5367
5367
5372
5372
5375
5375
5375
5380
5398
5407
5423
5432
5432
5434
5453
5455
5464
5464
5464
5465
5472
5476
5476
5488
5493
5495
5521
5532
5584
5636
5668
5669
5672
5682
5708
5714
5730
5742
5749
5761
5798
5802
5874
6072
6164
6172
6182
6404
6428
6511
6546
6622
6744
6745
6745
6745
6745
6745
6745
6745
6745
6745
6745
6745
6745
6745
6745
6745
6745
6748
6755
6755
6755
6755
6755
6755
6756
6756
6756
6756
6756
6756
6756
6756
6756
6756
6756
6756
6776
6776
6781
6781
6781
6781
6781
6781
6781
6781
6781
6781
6781
6781
6781
6781
6787
6787
6787
6787
6809
6809
6809
6809
6809
6809
6987
7285
7318
7318
7318
7318
7318
7318
7318
7318
7318
7318
7328
7328
7328
7344
7943
8003
