5
8
8
12
13
17
17
17
17
19
19
20
20
21
22
22
22
22
23
23
23
23
23
27
28
28
28
29
29
32
35
35
35
36
37
38
43
43
45
45
47
47
49
49
49
51
53
56
61
62
63
63
63
65
65
65
65
65
66
68
70
70
73
75
75
77
79
79
82
82
84
86
88
89
89
89
89
91
92
93
93
95
96
97
98
98
101
103
103
103
103
105
105
105
105
105
105
107
107
108
109
109
109
110
110
110
114
115
116
116
117
117
117
117
117
117
117
119
119
119
120
120
120
121
121
122
123
124
125
125
125
128
128
129
132
135
135
136
144
144
145
145
145
152
153
157
159
162
163
175
175
186
186
186
187
187
187
187
187
187
187
187
187
188
188
189
191
268
269
271
310
311
326
344
372
399
402
407
417
424
434
450
456
482
496
724
730
817
865
1136
1151
1156
1215
1265
1308
1313
1402
1445
1449
1469
1478
1507
1516
1516
1516
1516
1516
1518
1519
1520
1521
1521
1522
1540
1540
1575
1576
1576
1591
1611
1620
1639
1641
1655
1655
1655
1655
1656
1656
1656
1657
1657
1657
1657
1657
1657
1657
1657
1657
1657
1657
1657
1657
1657
1657
1657
1657
1657
1657
1657
1657
1657
1657
1661
1663
1669
1680
1725
1740
1748
1757
1757
1794
1896
1899
1900
1931
1957
1962
2289
2289
2293
2337
2344
2409
2463
2476
2503
2549
2755
2784
2880
2995
3012
3013
3017
3020
3039
3055
3060
3063
3064
3070
3075
3106
3106
3106
3106
3106
3106
3106
3106
3106
3107
3107
3107
3107
3107
3107
3107
3107
3107
3107
3107
3107
3107
3107
3107
3107
3107
3107
3107
3107
3107
3107
3107
3108
3108
3108
3108
3109
3109
3109
3110
3110
3110
3110
3110
3110
3110
3111
3111
3111
3112
3113
3113
3113
3113
3113
3113
3113
3124
3135
3152
3200
3200
3219
3219
3219
3220
3235
3235
3254
3254
3278
3278
3282
3283
3283
3285
3300
3329
3387
3388
3405
3428
3428
3428
3428
3431
3444
3444
3444
3445
3445
3445
3449
3449
3449
3449
3452
3459
3459
3534
3556
3560
3562
3563
3869
3900
3931
3945
3966
3993
3999
4006
4033
4033
4399
4405
4410
4421
4440
4440
4520
4530
4545
4546
4616
4635
4667
4674
4697
4699
4702
4778
4790
4790
4791
4791
4791
4791
4791
4791
4792
4793
4796
4796
4796
4796
4796
4796
4796
4796
4796
4796
4797
4797
4797
4804
4804
4814
4819
4819
4819
4820
4820
4820
4820
4820
4820
4820
4824
4987
5120
5120
5120
5120
5120
5120
5120
5120
5120
5120
5123
5126
5126
5127
5127
5127
5127
5127
5127
5127
5127
5128
5162
5165
5169
5175
5277
5284
5329
5374
5375
5378
5378
5379
5379
5379
5379
5379
5383
5383
5383
5405
5575
5832
5834
5839
6159
6169
6169
6189
6192
6199
6207
6209
6216
6226
6226
6226
6230
6231
6236
6266
6270
6270
6270
6270
6270
6270
6273
6314
6338
6339
6375
6482
6561
6577
6636
6640
6836
6864
6880
6885
6886
6912
6915
6935
6956
7024
7024
7024
7024
7024
7024
7048
7052
7056
7068
7068
7068
7068
7068
7069
7069
7069
7113
7119
7128
7128
7128
7128
7128
7128
7130
7130
7130
7130
7130
7130
7133
7133
7133
7133
7133
7133
7133
7133
7133
7133
7133
7133
7133
7133
7133
7133
7133
7133
7133
7133
7133
7133
7138
7144
7162
7162
7162
7174
7200
7237
7252
7261
7786
7830
7830
7891
7891
7891
7894
7894
7894
7908
7909
7917
7917
7917
7917
7932
7932
7932
8004
8005
8005
8006
8009
8009
8009
8009
8009
8009
8009
8009
8009
8009
8009
8019
8020
8028
8028
8028
8028
8028
8028
8037
8037
8037
8037
8068
8108
8130
8135
8136
8136
8140
8154
8154
8154
8154
8166
8235
8287
