9
22
22
22
23
25
26
27
27
28
28
28
28
28
29
29
29
29
29
29
29
29
30
31
32
32
32
33
33
33
33
34
34
34
34
34
34
34
34
34
34
35
35
35
38
38
38
39
43
43
44
45
47
51
56
81
81
81
96
105
114
122
125
125
125
133
177
184
185
215
227
235
236
239
245
245
246
248
249
258
301
327
402
429
452
482
494
505
527
538
540
541
541
541
541
545
545
545
545
545
546
546
546
546
546
546
546
549
549
549
549
555
556
561
561
562
697
729
796
797
827
933
958
964
964
965
969
969
969
970
982
993
998
998
1002
1019
1024
1046
1108
1426
1433
1441
1442
1447
1448
1460
1461
1462
1463
1466
1466
1483
1498
1499
1507
1509
1523
1536
1573
1580
1582
1667
1766
1808
1814
1815
1919
1948
2235
2239
2254
2256
2279
2284
2287
2299
2312
2363
2373
2404
2468
2469
2469
2469
2469
2935
2964
2970
2972
2975
2976
3004
3005
3005
3056
3079
3080
3104
3107
3107
3107
3107
3116
3118
3130
3130
3130
3130
3131
3131
3149
3149
3149
3149
3149
3149
3149
3167
3188
3204
3217
3235
3254
3295
3309
3324
3328
3720
3778
3782
3820
4251
4479
4497
4511
4512
4531
4570
4576
4595
4600
4600
4601
4601
4603
4662
4712
4738
4762
4771
4781
4788
5227
5458
6014
6021
6061
6071
6192
6232
6266
6266
6267
6571
6576
6593
6603
6905
6967
7040
7288
7348
7585
7625
7630
7655
7659
7659
7662
7670
7677
7678
7819
8051
8054
8074
8111
9059
9091
9115
9129
9138
9138
9138
9138
9142
9143
9148
9159
9159
9159
9162
9175
9230
9230
9230
9230
9232
9233
9237
9237
9271
9316
9320
9321
9321
9321
9321
10030
10564
10564
10564
10564
10564
10564
10564
10564
10564
10564
10564
10569
10569
10569
10569
10569
10569
10569
10569
10569
10569
10569
10569
10569
10570
10570
10570
10570
10570
10570
10570
10570
10570
10570
10570
10570
10570
10570
10570
10570
10570
10571
10571
10571
10571
10571
10571
10571
10571
10571
10571
10571
10571
10571
10571
10571
10571
10581
10653
10653
10653
10666
10666
10666
10666
10666
10812
10831
10831
10875
11113
11181
11383
11465
11651
11701
12046
12138
12327
12327
12338
12338
12338
12338
12338
12338
12339
12339
12339
12342
12342
12342
12362
12362
12583
12958
12964
12979
12979
12989
13020
13056
13056
13056
13056
13056
13056
13056
13056
13056
13056
13056
13056
13056
13056
13056
13056
13056
13056
13056
13056
13056
13057
13057
13057
13057
13057
13057
13057
13057
13061
13061
13062
13062
13062
13062
13062
13062
13062
13062
13062
13062
13062
13062
13062
13062
13062
13062
13062
13062
13062
13062
13062
13062
13063
13063
13063
13063
13063
13063
13063
13063
13063
13063
13063
13063
13063
13063
13063
13063
13063
13065
13065
13065
13065
13066
13066
13066
13066
13066
13066
13066
13066
13066
13066
13066
13066
13066
13066
13066
13066
13066
13066
13067
13067
13067
13067
13067
13067
13067
13067
13067
13067
13068
13068
13068
13068
13068
13095
13095
13095
13095
13095
13096
13096
13096
13096
13096
13096
13097
13097
13098
13098
13099
13099
13100
13100
13100
13100
13100
13100
13100
13100
13543
13562
13563
13569
13569
13573
13574
13642
13688
13688
13690
13690
13708
13801
13813
13844
13850
13850
13850
13850
13850
13850
13850
13850
13850
13850
13865
13865
13865
13865
13865
13865
13865
13891
13891
13899
13899
13899
13899
13899
