10
11
13
15
18
20
23
23
23
25
26
27
27
27
27
28
28
29
29
29
29
29
30
31
31
32
33
33
36
36
40
41
41
41
41
41
41
41
42
42
43
43
44
44
44
45
48
49
49
50
51
51
54
54
54
54
55
55
55
56
59
60
61
61
62
62
64
64
65
67
69
69
73
74
76
77
77
78
78
78
79
81
81
85
86
88
91
91
94
95
96
97
97
99
100
101
101
101
101
101
102
103
103
103
103
103
103
103
104
105
105
105
105
105
106
106
106
107
107
107
108
108
108
108
108
110
110
110
110
110
111
111
111
111
111
112
113
114
116
116
117
118
118
119
128
133
141
146
151
158
172
194
233
248
306
326
334
334
334
334
334
334
334
335
335
335
335
336
337
337
338
338
338
338
338
338
338
339
339
339
339
340
340
340
340
340
340
340
340
340
340
340
340
340
340
340
340
340
340
341
341
341
341
341
342
342
342
342
342
342
342
343
343
343
344
344
344
344
344
344
344
344
344
345
345
345
346
353
353
354
354
354
354
354
354
355
355
356
356
358
359
359
372
373
373
388
388
390
390
390
391
391
391
391
391
391
394
396
396
397
397
397
397
400
400
411
420
420
425
425
425
425
434
460
462
482
486
504
505
510
510
514
541
549
565
567
575
641
659
672
676
680
680
786
790
795
797
797
803
838
845
857
868
875
889
974
1043
1047
1050
1061
1085
1227
1227
1262
1269
1272
1272
1274
1280
1287
1310
1327
1337
1363
1447
1463
1465
1514
1521
1534
1554
1561
1564
1564
1564
1564
1567
1571
1571
1572
1590
1592
1596
1621
1653
1653
1656
1661
1661
1662
1662
1662
1662
1662
1662
1662
1662
1662
1662
1671
1674
1692
1693
1695
1695
1700
1704
1705
1705
1705
1705
1705
1705
1705
1705
1705
1705
1709
1709
1709
1709
1709
1709
1709
1709
1710
1710
1710
1710
1710
1710
1711
1711
1711
1711
1711
1711
1712
1712
1712
1712
1712
1712
1712
1725
1761
1801
1801
1839
1862
1868
1986
2034
2056
2068
2086
2112
2112
2119
2120
2120
2120
2121
2121
2121
2121
2121
2121
2121
2121
2126
2126
2159
2174
2245
2245
2245
2245
2245
2245
2245
2245
2245
2245
2245
2245
2245
2245
2245
2246
2246
2246
2246
2246
2246
2246
2246
2246
2246
2319
2366
2429
2438
2455
2523
2666
2666
2666
2667
2668
2674
2675
2810
2913
2952
2988
2991
3019
3019
3019
3019
3019
3019
3030
3036
3036
3036
3036
3036
3036
3036
3036
3036
3069
3082
3100
3100
3117
3153
3158
3173
3178
3179
3181
3181
3181
3181
3181
3183
3184
3184
3184
3184
3195
3215
3215
3226
3226
3226
3227
3242
3244
3250
3250
3250
3250
3252
3254
3254
3255
3266
3272
3275
3275
3275
3277
3283
3287
3293
3310
3340
3340
3349
3379
3379
3379
3408
3408
3409
3433
3437
3462
3462
3464
3474
3475
3508
3516
3526
3537
3572
3611
3611
3626
3703
3704
3733
3771
3771
3774
3853
3857
3863
3902
3902
3912
3913
3925
3931
3931
3951
3951
3969
3971
3972
3985
3985
3985
3998
3998
3998
4001
4001
4001
4001
4001
4001
4001
4001
4028
4035
4040
4077
4077
4077
4081
4116
4138
4152
4152
4199
4199
4357
4408
4428
4566
4620
4646
4646
4646
4646
4647
4714
4714
4714
4714
4714
4714
4714
4714
4724
4724
4724
4724
4724
4724
4724
4724
4724
4732
4761
4761
