5
6
7
10
11
13
15
15
15
15
16
16
16
16
16
16
16
16
16
16
16
17
17
18
19
20
20
21
21
21
21
22
22
22
22
22
22
22
22
23
23
23
23
23
23
24
24
24
24
26
26
27
27
29
29
30
30
31
31
33
33
34
34
34
34
35
36
37
37
37
37
38
38
38
39
39
41
41
41
41
41
41
42
42
42
43
44
45
45
45
45
46
49
49
49
50
51
52
52
53
54
58
58
59
59
61
61
63
64
64
64
64
66
67
68
70
70
71
71
72
72
75
77
77
78
78
81
82
83
83
83
87
87
87
88
90
90
90
91
92
93
93
93
93
93
93
93
93
93
93
95
95
95
95
96
96
96
96
98
99
99
101
102
102
102
102
102
102
103
103
105
105
106
107
107
107
107
109
110
112
112
112
113
114
115
120
122
126
127
130
130
130
131
134
142
143
143
143
143
145
145
145
145
145
145
145
145
145
147
149
149
149
149
151
154
159
160
160
161
164
164
164
165
165
167
167
170
170
173
176
179
182
184
184
184
186
187
189
191
192
192
192
193
193
193
193
196
196
197
198
202
206
211
211
211
221
232
238
246
260
276
277
294
294
294
299
303
304
313
313
313
329
331
343
344
344
346
347
350
350
350
350
350
350
350
350
350
350
351
351
351
351
351
351
351
351
351
354
356
356
357
357
357
357
357
357
357
357
357
357
357
357
357
357
357
357
357
357
357
357
357
358
358
359
360
360
360
360
365
371
375
387
390
390
390
390
392
395
400
405
409
411
423
427
442
443
447
447
447
447
448
448
448
449
449
452
452
453
453
455
456
457
459
459
461
463
463
464
468
474
481
481
482
482
482
482
482
482
482
482
482
482
483
483
483
483
483
483
483
483
483
483
483
483
483
484
484
484
484
484
484
484
484
485
487
488
489
489
489
489
489
489
490
491
491
491
491
491
491
492
492
492
495
495
496
496
496
496
501
501
501
501
502
502
502
502
502
502
502
503
503
503
503
504
504
504
504
504
504
505
505
505
505
505
505
505
505
505
505
505
505
505
505
506
506
506
506
506
506
506
506
506
506
506
506
506
506
506
506
506
506
506
506
510
510
516
518
518
519
519
525
531
532
534
536
538
538
538
538
543
544
553
553
557
558
559
562
563
564
564
564
564
564
565
579
579
581
581
595
597
599
602
603
612
613
629
632
633
638
640
640
644
644
647
650
673
675
676
679
679
679
680
680
684
684
684
684
684
688
690
692
693
693
694
694
694
694
694
694
694
694
694
694
698
698
700
701
702
704
720
720
731
734
734
737
739
739
739
742
752
752
752
752
757
757
759
760
764
767
773
774
774
774
774
774
774
774
774
774
774
774
776
776
788
789
789
789
789
800
803
821
829
837
845
845
846
846
846
846
846
846
846
846
846
846
852
852
855
858
860
866
868
868
869
869
872
873
884
886
888
888
890
891
891
