7
8
12
13
14
14
15
16
16
17
19
19
20
21
22
24
25
26
27
27
28
31
31
31
33
33
34
34
34
34
34
34
34
34
34
34
34
35
35
35
36
38
38
39
39
40
41
42
42
43
43
43
44
44
45
46
46
47
47
48
51
51
52
53
53
54
54
54
55
56
57
58
58
58
58
60
60
60
62
62
64
66
67
71
73
73
73
74
75
76
76
76
76
78
79
80
80
82
82
84
84
85
85
85
86
86
87
88
90
91
92
92
94
95
97
102
102
103
106
106
107
108
108
110
111
113
113
113
114
114
114
114
114
114
114
114
114
114
115
115
115
116
120
121
122
123
126
128
130
131
132
136
136
137
137
137
137
138
138
138
138
139
140
141
143
146
146
152
152
155
155
155
155
155
155
155
155
155
155
155
155
155
155
155
155
155
155
155
155
155
155
155
155
155
155
155
155
155
155
155
155
155
155
156
156
156
156
157
157
159
159
159
159
159
159
159
160
160
160
161
163
181
187
191
192
220
229
229
229
229
230
230
231
231
231
231
232
232
234
240
240
241
251
251
253
263
269
269
269
269
269
270
270
270
270
270
270
270
274
274
274
274
274
276
276
276
276
277
277
277
277
278
279
279
279
279
279
280
280
280
280
280
280
280
280
280
280
280
280
280
280
280
280
280
280
281
281
281
281
281
281
281
281
281
281
281
281
281
281
281
281
281
283
284
284
284
284
284
284
291
294
295
298
299
301
301
306
307
307
311
319
336
343
344
344
367
370
382
384
405
408
412
419
428
430
435
439
440
454
463
468
468
469
470
473
478
480
481
485
488
490
492
502
502
502
504
504
504
505
514
530
539
542
542
544
547
549
550
552
553
554
560
562
563
567
567
567
567
572
573
573
573
574
575
577
580
580
580
582
585
585
585
585
596
596
605
611
613
615
616
617
617
617
622
623
625
625
629
632
632
633
636
636
637
641
645
648
657
661
662
665
665
665
669
669
673
676
676
676
682
682
682
683
683
683
687
687
689
698
699
700
700
700
700
702
703
707
708
708
708
719
719
720
721
722
722
722
724
729
732
732
732
732
732
732
732
733
733
734
734
734
735
739
740
747
751
752
755
755
755
755
755
755
755
755
755
755
755
755
756
756
756
756
756
756
757
762
762
770
770
770
771
771
771
771
771
771
771
771
771
771
771
771
772
772
772
772
772
772
773
774
774
775
775
776
777
777
777
777
777
777
777
777
778
778
778
778
778
780
780
782
782
788
791
791
791
792
793
795
798
809
815
817
818
824
826
832
832
837
837
837
837
837
837
837
837
838
838
838
838
838
838
838
840
841
842
842
842
842
845
845
845
845
851
851
851
851
851
852
852
854
854
863
866
868
873
873
878
880
887
889
890
909
913
917
944
955
956
956
959
969
969
976
976
976
976
976
976
976
977
977
977
977
977
977
977
977
977
977
