5
6
7
9
11
13
14
16
17
17
17
18
18
19
21
22
22
22
22
23
23
23
24
25
25
25
25
27
29
29
30
31
31
31
32
32
34
35
35
35
35
36
36
36
39
39
41
41
43
43
43
43
44
44
45
45
47
47
47
47
47
48
48
50
50
51
52
52
54
55
58
58
59
60
60
60
60
60
60
60
60
63
63
63
64
64
66
66
69
69
70
71
72
74
74
75
78
79
81
81
81
82
82
83
85
87
87
88
89
89
90
90
91
91
91
91
92
92
92
92
93
93
93
93
93
94
94
94
95
95
96
96
96
96
96
97
97
97
97
97
97
97
97
97
97
97
97
98
98
98
99
105
105
105
108
110
110
113
114
118
121
123
127
127
128
135
146
151
154
155
158
161
177
177
201
221
223
223
236
237
243
244
253
255
291
291
292
292
292
292
292
292
292
292
292
293
293
294
295
299
299
300
315
316
316
319
319
322
328
330
338
343
345
350
353
357
357
357
358
358
359
368
372
372
374
375
375
376
377
379
379
379
382
384
385
387
387
391
393
393
393
393
394
394
395
396
396
402
407
408
409
412
418
422
422
429
429
429
429
434
439
443
450
451
454
456
456
456
459
460
467
468
474
488
489
490
491
495
501
501
502
507
509
511
514
515
523
525
526
530
530
541
545
552
552
552
552
552
552
554
555
555
555
555
555
555
556
556
556
556
556
556
564
568
572
576
581
581
581
581
587
596
599
603
603
603
604
604
605
605
605
609
613
615
615
615
615
615
615
615
621
629
629
633
636
640
644
647
647
649
660
662
674
674
675
675
675
677
678
678
684
684
688
692
693
693
698
702
702
707
710
711
715
715
719
719
721
722
728
733
737
742
742
749
757
757
757
758
760
761
763
765
765
767
767
769
769
769
769
769
769
769
769
769
769
769
769
769
769
769
769
769
769
769
770
770
770
770
770
770
770
770
770
770
770
770
770
770
770
770
770
770
770
770
770
770
770
770
770
770
770
772
777
777
792
792
793
793
796
796
796
796
796
797
797
797
797
797
797
797
797
797
797
797
800
800
801
802
802
802
802
802
802
802
803
803
803
803
809
810
810
810
810
810
813
816
816
816
817
817
817
817
818
819
819
819
819
820
820
820
820
822
825
832
833
833
833
833
833
835
837
837
837
837
838
838
839
839
839
839
843
843
844
844
844
846
847
848
850
850
850
850
851
851
851
851
851
856
856
856
856
856
856
856
856
856
856
856
856
856
856
856
856
856
856
856
856
856
857
857
857
857
857
857
857
857
857
857
857
857
857
857
857
857
862
863
864
868
868
868
868
868
872
873
878
878
878
882
882
882
891
909
914
914
919
923
943
944
944
944
949
950
956
956
957
957
960
960
964
968
968
969
969
969
969
969
969
970
972
973
995
999
999
1021
1021
1021
1021
1024
1024
1024
1024
1024
1024
1024
1024
1024
1024
1024
1024
1024
1024
1024
1024
1024
1024
1024
1024
1024
1024
1028
1028
1028
1028
1028
1028
1028
1028
1028
1028
1028
1037
1038
1054
1054
1070
1080
1080
1080
1103
1103
1103
1103
1103
1103
1103
1103
1103
1103
1103
1103
1103
1103
1103
1103
1103
1103
1103
1103
1103
1103
1103
1121
1121
1121
1121
1121
1121
1121
1121
1121
1121
1126
