6
7
11
12
14
15
16
17
19
19
19
19
19
21
22
23
23
23
25
27
27
27
27
27
27
28
28
28
30
30
31
32
32
32
32
32
33
33
33
33
33
34
34
36
36
36
36
37
38
39
40
40
41
41
41
41
41
42
43
43
43
43
43
43
43
44
45
45
46
46
46
47
47
48
48
48
49
49
49
49
49
49
49
49
49
52
53
53
53
54
54
54
55
56
56
58
58
60
62
62
62
62
63
63
64
65
66
68
69
69
70
71
72
74
75
75
75
76
76
78
78
78
78
78
78
78
78
78
78
78
78
78
78
78
78
78
79
79
82
83
84
85
87
87
88
88
90
90
90
91
91
91
91
91
91
91
92
92
92
94
96
98
98
101
103
103
103
103
105
106
108
108
108
108
108
108
108
108
109
109
109
109
111
112
112
112
112
112
112
112
112
112
112
112
112
112
113
113
113
113
113
113
113
113
113
114
118
119
119
123
123
125
126
127
128
128
138
138
140
141
141
143
143
143
143
144
145
145
145
145
145
145
145
145
145
145
145
146
146
148
152
152
152
152
152
153
153
153
153
153
153
153
154
154
154
154
154
154
154
154
154
154
154
154
154
154
154
154
154
154
154
154
154
154
154
154
154
155
155
155
155
155
155
155
155
155
156
156
157
157
177
181
184
188
188
198
220
221
221
222
222
223
223
223
223
223
223
223
223
223
223
223
227
227
228
228
229
230
231
231
231
231
231
231
231
231
231
231
231
231
231
231
232
234
248
254
265
275
276
303
306
322
325
327
332
333
333
334
338
340
342
342
365
377
379
381
386
413
415
417
435
449
457
480
510
510
519
525
526
536
543
544
548
574
577
678
681
695
700
727
730
744
744
748
748
749
750
750
752
753
754
759
760
760
761
765
767
768
774
779
781
788
795
843
847
894
894
895
899
901
902
903
927
970
1027
1047
1060
1086
1111
1115
1138
1140
1222
1228
1229
1242
1274
1297
1311
1323
1324
1352
1355
1387
1411
1420
1422
1424
1426
1433
1435
1441
1441
1468
1469
1469
1513
1516
1516
1518
1520
1520
1520
1521
1522
1523
1530
1530
1549
1549
1551
1551
1554
1554
1554
1555
1555
1555
1555
1555
1555
1555
1555
1555
1555
1555
1555
1555
1555
1558
1571
1573
1582
1584
1584
1589
1593
1604
1608
1613
1613
1613
1614
1614
1614
1614
1614
1614
1617
1618
1618
1618
1618
1618
1618
1618
1618
1618
1618
1618
1618
1618
1618
1618
1618
1618
1618
1618
1618
1618
1618
1618
1618
1625
1626
1626
1641
1641
1641
1641
1641
1641
1641
1641
1641
1641
1642
1642
1642
1642
1645
1651
1660
1699
1699
1699
1699
1708
1708
1723
1723
1723
1728
1735
1739
1764
1770
1770
1773
1774
1774
1774
1778
1781
1786
1793
1794
1805
1817
1822
1842
1842
1879
1879
1902
1903
1906
1938
1938
1938
1939
1939
1939
1970
1970
1977
1977
1977
1977
1980
1990
1998
1998
1998
1998
1998
1999
2009
2009
2014
2014
2019
2022
2025
2025
2025
2028
2031
2032
2033
2040
2040
2040
2053
2062
2067
2071
2077
2077
2077
2105
2105
2105
2105
2105
2105
2105
2105
2105
2106
2115
2118
2123
2123
2131
2131
2131
2135
