5
7
9
10
18
18
18
19
20
22
24
25
25
25
25
25
27
27
27
27
27
27
27
28
28
29
32
33
33
34
34
34
34
34
34
35
36
36
36
36
36
39
41
42
43
43
43
43
43
44
44
47
48
48
48
49
50
50
50
52
55
57
58
58
59
61
61
62
66
66
66
66
66
68
68
70
70
70
70
70
70
71
71
71
71
71
71
71
73
73
73
74
74
75
77
79
80
80
80
80
80
80
80
80
80
80
80
80
80
80
80
80
80
80
80
80
81
81
81
81
81
81
81
81
83
83
84
84
85
87
87
87
87
87
87
87
87
87
87
87
87
87
87
87
87
87
87
87
87
87
87
87
88
88
88
88
88
88
88
88
88
88
88
88
88
88
88
88
88
88
88
89
89
90
90
90
91
91
91
92
92
92
92
92
92
92
92
92
92
92
92
92
93
93
93
93
93
94
94
95
95
96
99
99
99
100
100
100
100
100
100
100
100
100
100
101
102
102
102
103
105
107
107
107
108
111
111
112
112
112
113
113
114
115
115
115
115
115
118
120
123
124
124
125
126
127
127
127
129
129
130
130
130
130
130
130
132
132
132
135
136
136
136
136
137
137
139
139
140
142
142
142
142
142
143
143
143
146
146
163
169
169
169
174
174
176
176
177
178
179
184
184
193
196
196
198
208
211
211
218
219
246
246
249
259
265
265
265
266
268
270
273
274
277
279
279
279
280
280
282
282
282
282
282
282
282
283
283
283
283
286
291
308
309
312
321
322
322
322
322
322
322
322
322
322
322
322
322
322
323
323
323
323
323
323
326
328
328
328
328
328
328
328
328
328
328
328
328
329
329
330
330
330
330
331
331
331
338
341
342
342
343
348
352
357
358
365
365
365
365
365
365
365
365
365
366
374
375
376
377
381
383
383
384
386
387
391
391
392
393
394
400
402
403
404
422
422
425
427
429
430
437
447
450
451
452
455
462
462
463
465
465
483
483
488
489
491
498
505
505
505
505
507
510
519
523
533
533
533
533
533
534
534
534
534
534
534
534
534
534
534
534
534
534
537
537
538
538
538
538
538
538
538
538
539
539
539
541
541
543
543
544
545
559
560
560
563
566
570
571
577
583
601
603
603
603
606
627
637
641
641
647
647
649
664
668
678
678
678
686
687
689
691
691
691
691
692
696
696
696
696
716
723
723
730
733
736
753
765
765
767
774
774
776
776
777
777
777
778
779
779
782
782
782
782
787
787
788
793
796
796
796
796
797
798
802
814
821
822
822
832
837
839
839
840
844
846
848
849
851
861
873
874
878
878
883
883
883
887
888
889
892
892
892
892
892
892
892
892
893
893
893
893
894
897
897
897
898
898
898
898
898
898
898
899
899
901
903
908
910
915
915
916
926
926
931
936
937
949
951
951
951
951
951
953
956
974
974
975
980
980
995
1007
1020
1020
1020
1020
1020
1020
1022
