5
6
7
9
13
15
17
17
17
17
17
18
20
21
23
23
23
23
24
24
24
24
24
24
29
30
30
30
31
32
33
34
35
35
35
37
38
39
39
39
39
40
40
44
44
45
48
49
51
54
56
56
56
57
58
59
60
61
65
65
67
67
68
69
70
70
74
74
74
74
75
76
76
77
80
81
81
82
84
84
88
90
91
91
91
92
94
95
96
100
100
100
101
101
101
102
103
104
104
104
104
105
105
105
106
107
107
107
108
109
109
109
109
109
109
109
110
113
114
115
119
121
130
131
135
136
141
141
141
141
144
147
147
148
148
148
148
148
148
148
148
148
158
161
161
161
171
171
171
171
171
171
171
171
171
171
171
171
171
171
172
178
182
191
197
201
211
212
212
221
228
233
235
236
239
245
248
259
261
269
272
276
277
286
289
298
329
332
342
364
394
394
394
395
400
437
437
437
438
438
438
438
438
438
438
438
438
439
439
440
440
441
441
441
441
442
442
443
443
443
443
443
443
443
443
443
443
443
443
444
444
444
444
444
444
445
445
445
445
445
446
446
446
446
446
446
447
448
448
448
448
459
459
465
466
485
491
492
507
510
510
510
510
510
510
510
510
510
511
512
512
519
519
519
519
519
519
522
522
529
530
530
533
540
540
541
543
546
551
552
552
552
553
553
553
553
553
553
553
553
553
554
554
554
571
576
577
577
579
590
592
596
604
604
604
604
604
604
604
604
604
604
604
604
604
606
612
613
617
618
618
621
624
634
634
635
635
635
635
635
635
635
635
635
635
635
635
635
635
635
636
638
638
638
638
638
638
638
639
639
639
639
639
639
657
657
657
657
657
657
657
657
657
657
657
657
658
658
658
658
658
658
658
658
658
658
658
664
665
667
667
667
677
677
677
680
680
682
689
692
694
695
697
698
699
703
704
704
705
705
705
709
717
718
719
722
722
722
725
733
735
735
737
737
746
748
756
757
758
765
771
772
773
774
779
808
814
821
824
824
824
827
835
836
836
838
839
839
840
840
842
846
850
851
856
864
865
869
872
882
886
889
891
892
893
895
895
902
902
905
906
906
907
907
907
908
908
910
910
911
914
914
917
918
918
918
918
918
918
918
918
918
919
919
919
919
919
924
932
933
938
939
939
939
947
954
955
955
958
961
963
966
967
967
980
980
980
980
980
980
980
981
982
982
984
988
989
991
992
992
992
992
992
996
998
1006
1006
1006
1006
1006
1006
1007
1010
1011
1012
1030
1030
1030
1030
1030
1030
1030
1030
1030
1032
1035
1035
1036
1037
1042
1044
1048
1054
1055
1056
1057
1061
1065
1070
1073
1074
1078
1081
1082
1087
1087
1087
1088
1088
1088
1088
1088
1088
1088
1088
1088
1096
1096
1099
1104
1106
1110
1113
1113
1122
1122
1122
1122
1122
1122
1125
1129
1130
1130
1130
1130
1145
1149
1149
1154
1154
1156
1156
1156
1156
1159
1165
1165
1168
1168
1178
1179
1181
1184
1184
1184
1184
1202
1202
1202
1202
1202
1202
1202
1202
1202
1202
1202
1202
1202
1202
1202
1202
1202
1204
1205
1205
1205
1205
1205
1205
1205
1209
1210
1214
1214
1217
1217
1217
1218
1218
1218
1218
1218
1218
1218
1218
1218
1218
1218
1218
1218
1218
1218
1218
1218
1218
1218
1218
1219
1219
1219
1220
1220
1222
1222
1223
