7
8
9
10
11
13
14
15
16
18
19
19
19
20
21
22
23
23
23
24
25
25
27
27
28
28
28
29
29
29
29
30
30
31
31
31
31
31
31
31
31
31
31
31
32
32
33
34
35
36
37
37
37
39
39
39
39
39
39
39
40
40
40
40
40
40
40
40
42
43
44
44
45
45
45
45
45
45
45
45
45
46
46
48
49
49
49
50
50
51
51
51
52
52
52
53
53
53
54
54
54
57
57
58
58
59
59
59
60
60
60
61
61
63
64
65
65
67
67
67
67
67
67
68
69
70
71
72
72
72
73
74
74
75
75
77
78
80
81
82
82
83
84
84
84
85
87
89
89
89
90
90
92
92
93
94
96
98
99
100
102
103
103
103
103
103
104
106
106
106
106
106
107
107
107
109
110
110
110
113
114
116
119
119
119
119
119
121
123
124
124
124
124
124
124
124
125
125
125
127
129
131
133
146
148
149
151
152
153
153
157
164
165
174
176
176
178
179
187
189
190
192
203
203
203
204
204
204
204
204
204
205
212
225
243
248
248
248
249
283
297
309
321
322
334
336
341
345
345
345
347
352
357
358
362
365
370
378
380
386
388
405
413
413
413
413
414
414
414
414
414
414
414
414
430
453
480
485
492
501
501
501
501
501
501
512
516
517
551
556
596
610
625
633
669
682
691
710
716
716
717
718
718
728
788
788
800
817
817
825
838
841
845
846
846
846
846
846
846
846
846
846
846
847
851
856
872
904
920
925
930
932
932
932
932
932
932
932
942
943
950
952
952
953
956
959
959
960
960
960
960
961
971
971
971
971
977
997
998
1015
1016
1019
1023
1024
1025
1025
1026
1031
1042
1042
1049
1049
1052
1052
1053
1053
1054
1054
1058
1058
1058
1058
1058
1059
1059
1059
1059
1059
1059
1059
1059
1059
1059
1059
1059
1059
1059
1059
1060
1060
1060
1060
1060
1060
1060
1060
1060
1060
1060
1060
1060
1060
1060
1060
1060
1061
1061
1061
1061
1061
1061
1061
1062
1063
1064
1064
1064
1065
1065
1066
1066
1066
1066
1067
1068
1069
1071
1072
1072
1072
1072
1072
1072
1072
1073
1076
1077
1079
1079
1079
1079
1079
1079
1079
1080
1080
1080
1080
1080
1080
1081
1081
1081
1081
1081
1081
1081
1081
1081
1082
1082
1082
1082
1083
1083
1083
1084
1084
1089
1093
1093
1093
1093
1093
1093
1093
1093
1093
1094
1094
1094
1094
1094
1094
1094
1094
1094
1094
1094
1094
1094
1094
1094
1094
1094
1094
1094
1094
1094
1094
1094
1094
1094
1094
1094
1094
1095
1095
1095
1095
1095
1095
1095
1098
1113
1114
1115
1115
1119
1119
1124
1124
1124
1126
1131
1132
1132
1140
1140
1140
1141
1141
1142
1149
1154
1155
1156
1156
1157
1157
1157
1157
1158
1160
1160
1160
1160
1160
1161
1161
1161
1161
1161
1162
1163
1163
1169
1169
1169
1170
1170
1170
1170
1170
1170
1170
1171
1171
1171
1171
1173
1177
1180
1189
1189
1190
1190
1191
1193
1193
1193
1195
1196
1196
1196
1196
1196
1196
1196
1199
1200
1202
1202
1203
1211
1213
1226
1235
1237
1244
1255
1257
1257
1261
1262
1264
1264
1273
1275
1275
