6
8
10
10
12
12
12
16
17
17
17
18
18
18
18
20
20
20
21
21
21
21
22
23
23
23
24
24
24
25
25
25
26
26
26
26
26
26
26
26
26
26
26
27
27
27
27
28
28
28
29
29
29
30
32
32
33
34
35
37
38
39
39
40
42
42
42
43
43
43
43
43
43
44
44
44
45
45
45
46
47
47
47
48
48
48
50
50
51
51
52
52
53
55
57
59
60
60
61
61
61
61
61
61
63
64
65
65
68
68
68
68
69
69
69
71
72
72
75
75
76
78
78
78
78
80
84
85
85
87
88
90
91
92
92
93
94
98
98
98
99
101
102
102
102
103
103
105
106
106
107
108
111
113
113
114
117
118
119
121
122
122
124
126
126
126
126
126
126
126
126
126
126
126
126
126
126
126
127
127
127
128
129
129
130
130
130
131
131
131
133
135
137
137
139
145
148
148
152
155
166
168
170
170
177
177
177
177
177
178
178
178
178
178
178
178
178
178
178
178
179
180
181
182
182
183
189
190
193
193
198
202
202
202
202
203
205
207
208
208
208
209
210
212
217
225
227
229
229
231
234
236
236
238
238
238
241
242
245
245
245
246
247
247
250
250
250
250
253
253
262
262
266
268
273
275
279
288
289
289
289
289
299
299
302
302
306
307
307
307
311
325
328
335
338
340
340
365
384
397
411
413
426
432
432
433
438
438
445
446
452
455
460
460
460
460
460
462
462
466
470
471
481
495
499
499
515
524
524
543
543
544
544
565
567
574
593
596
614
628
629
642
656
658
673
676
679
683
689
696
702
702
703
703
704
711
711
722
733
733
733
733
738
738
738
738
740
745
751
751
770
784
789
790
801
801
806
806
807
807
821
821
821
821
821
821
821
821
821
821
821
821
821
821
821
822
822
822
822
822
822
822
822
822
822
822
822
822
824
840
840
848
849
849
849
849
849
849
849
849
850
850
850
851
851
895
896
906
911
911
912
912
912
927
932
939
939
940
940
943
943
948
990
990
1007
1007
1007
1007
1007
1007
1007
1007
1007
1007
1007
1007
1007
1007
1021
1050
1054
1066
1067
1088
1112
1170
1170
1170
1170
1170
1170
1170
1170
1171
1171
1171
1171
1171
1171
1172
1173
1200
1206
1207
1214
1217
1218
1234
1265
1267
1272
1276
1285
1325
1326
1326
1326
1327
1327
1327
1327
1327
1327
1327
1327
1327
1327
1327
1327
1327
1327
1327
1327
1328
1328
1328
1328
1328
1329
1337
1337
1337
1337
1337
1337
1337
1337
1337
1337
1337
1347
1354
1354
1354
1354
1354
1373
1387
1387
1387
1392
1401
1410
1410
1423
1425
1427
1428
1429
1436
1438
1438
1441
1441
1441
1450
1456
1456
1468
1470
1473
1475
1475
1475
1475
1475
1476
1476
1476
1476
1476
1476
1481
1481
1481
1482
1482
1482
1482
1482
1482
1482
1482
1482
1482
1483
1486
1493
1494
1494
1494
1494
1494
1495
1495
1495
1495
1508
1514
1551
1559
1561
1563
1564
1568
1569
1616
1620
1620
1622
1622
1631
1631
1660
1684
1684
1685
1685
1707
1707
1726
1733
1755
1760
1760
1779
1817
1830
1910
1937
1937
1937
1937
1937
1939
1939
1939
1939
1939
1939
1939
1939
1939
1939
1939
1939
1939
1939
1939
1939
1939
1951
1951
