6
7
8
9
12
18
19
19
19
19
19
22
22
23
23
25
25
26
26
26
26
26
26
26
26
27
27
27
28
30
30
31
31
32
32
32
32
34
37
39
40
41
42
42
43
43
43
43
44
44
44
45
46
47
48
48
49
49
52
53
54
54
54
54
55
56
56
57
57
58
58
58
58
58
58
58
58
58
58
60
61
62
65
65
66
67
67
67
67
68
69
70
72
72
73
73
75
75
75
75
75
76
76
76
77
77
77
77
77
78
78
78
78
78
78
78
78
78
78
78
79
80
81
81
81
81
81
81
81
82
82
82
83
85
85
85
86
88
91
91
92
92
93
95
95
100
100
101
102
102
103
103
103
103
103
103
103
103
103
104
105
106
107
108
109
109
110
110
118
118
118
118
118
121
121
121
122
123
125
126
126
126
126
126
126
127
127
127
128
129
134
135
136
136
137
142
142
143
143
143
143
143
143
148
156
157
158
158
158
160
164
164
167
167
172
172
177
180
187
190
191
198
202
202
215
216
226
229
245
254
256
282
284
287
290
301
305
305
312
312
328
328
328
328
328
328
328
328
333
333
334
344
344
352
352
353
354
362
365
371
371
372
372
372
373
373
373
373
373
374
374
374
374
374
375
375
375
375
375
376
376
376
376
376
377
377
377
377
377
377
378
378
378
378
378
378
378
379
379
379
379
379
379
381
381
381
381
381
381
381
381
381
381
381
382
382
382
382
382
382
382
382
385
385
385
385
385
386
386
386
386
386
386
386
386
386
386
386
386
386
386
387
387
387
387
387
387
387
387
387
387
387
387
387
387
387
387
387
387
387
387
387
387
387
387
387
387
387
391
391
392
402
405
408
411
415
415
420
420
420
420
420
420
420
420
420
421
421
421
421
421
421
421
421
421
442
442
444
444
444
445
453
455
457
462
462
462
462
465
466
473
475
476
476
476
476
477
477
477
477
477
477
477
480
482
482
483
483
483
484
484
490
490
495
497
497
498
510
512
512
512
512
512
513
517
521
524
525
528
538
539
553
553
556
558
560
561
561
568
569
569
570
571
574
584
584
590
590
590
590
594
595
602
602
610
610
610
614
615
616
620
620
620
620
621
621
623
624
625
628
629
631
640
644
651
653
653
663
680
694
696
698
703
709
716
718
726
731
734
738
745
750
752
757
759
759
760
760
765
771
772
774
775
776
783
787
795
801
806
806
806
816
820
820
820
822
828
833
841
843
846
847
847
852
852
863
868
870
871
871
877
879
880
888
893
895
901
901
906
906
910
911
913
914
926
926
927
927
928
940
940
944
948
952
960
964
964
964
965
970
974
980
980
988
988
1001
1006
1019
1034
1039
1039
1039
1041
1042
1042
1056
1057
1061
1069
1069
1069
1070
1074
1075
1078
1081
1086
1091
1092
1093
1110
1112
1116
1125
1125
1134
1135
1149
1161
1162
1162
1165
1165
1165
1165
1165
1165
1165
1165
1165
1165
1165
1165
1165
1165
1165
1165
1165
1165
