8
8
10
11
13
14
17
17
17
19
20
21
21
21
22
22
22
22
23
23
23
24
24
24
25
25
25
27
27
27
27
28
28
28
28
28
29
29
29
32
32
32
33
34
34
35
35
36
40
40
42
42
42
43
43
43
43
43
43
44
45
45
47
48
48
49
49
49
50
50
50
51
52
52
54
56
58
58
58
58
59
59
59
60
60
60
61
62
62
62
63
63
63
63
63
67
68
69
69
70
70
70
70
71
71
71
71
72
76
76
79
79
81
83
84
84
86
87
89
91
91
91
92
92
93
94
94
95
96
97
97
99
100
100
101
101
102
102
102
102
103
103
103
103
103
104
105
105
105
105
106
106
106
106
106
106
106
106
107
107
108
111
111
111
111
111
111
116
118
118
119
121
122
123
124
128
128
132
132
132
132
132
132
132
133
133
133
134
136
138
138
140
142
142
142
149
151
155
157
160
160
161
176
180
186
187
188
196
198
219
219
222
222
229
234
245
275
275
290
295
296
296
296
301
310
314
315
317
317
323
323
325
326
329
334
335
344
346
347
347
357
361
362
363
374
383
386
389
398
403
406
407
414
418
420
420
424
437
449
449
458
465
467
475
476
478
501
527
580
584
626
627
629
668
694
728
810
810
834
835
835
854
877
895
896
906
923
969
1001
1004
1004
1009
1026
1031
1034
1034
1043
1043
1060
1065
1065
1065
1065
1080
1084
1088
1092
1093
1095
1096
1118
1143
1168
1168
1209
1209
1210
1210
1210
1210
1210
1210
1210
1210
1210
1210
1210
1210
1210
1210
1211
1211
1211
1211
1211
1211
1211
1211
1211
1212
1212
1212
1212
1213
1215
1215
1216
1216
1216
1220
1220
1221
1221
1221
1221
1223
1223
1223
1223
1223
1224
1224
1224
1224
1224
1224
1224
1224
1224
1224
1224
1224
1224
1224
1224
1224
1225
1225
1225
1225
1225
1225
1225
1225
1226
1226
1238
1238
1238
1238
1238
1238
1238
1238
1238
1238
1238
1238
1238
1238
1238
1238
1238
1238
1238
1239
1239
1240
1248
1248
1248
1248
1248
1248
1248
1248
1248
1248
1248
1248
1248
1248
1249
1249
1249
1249
1249
1249
1249
1249
1249
1249
1249
1249
1249
1249
1249
1249
1249
1249
1249
1249
1249
1249
1251
1253
1253
1253
1253
1275
1309
1311
1311
1311
1312
1314
1323
1326
1326
1326
1326
1335
1346
1346
1346
1346
1346
1346
1346
1346
1346
1346
1346
1348
1349
1350
1362
1373
1373
1376
1380
1387
1389
1397
1397
1405
1405
1414
1416
1416
1425
1447
1453
1523
1532
1533
1534
1535
1536
1536
1538
1541
1541
1543
1544
1546
1546
1546
1546
1546
1546
1546
1546
1555
1557
1564
1568
1570
1574
1574
1575
1576
1581
1607
1613
1613
1613
1631
1635
1635
1635
1635
1636
1643
1643
1647
1660
1660
1661
1662
1662
1662
1664
1664
1664
1664
1666
1674
1674
1674
1678
1679
1679
1681
1681
1705
1707
1721
1733
1734
1753
1753
1757
1757
1759
1773
1773
1773
1773
1779
1779
1807
1828
1847
1890
1890
1897
1922
1923
1977
1984
1985
1987
1987
1997
2000
2002
2004
2007
2015
2015
2015
2015
2015
2016
2016
2016
2016
2016
2016
2016
2017
2017
2024
2034
2036
2043
2046
2046
2046
2054
2056
2056
2058
2058
2058
2059
2059
2068
2068
2068
2068
2078
2078
