5
11
12
12
14
16
16
17
17
17
18
18
21
22
22
24
24
24
25
25
25
27
27
28
28
29
29
29
31
32
32
33
34
34
36
36
36
36
37
38
38
38
38
39
42
43
44
44
45
45
46
46
46
46
46
46
47
48
50
51
53
53
54
54
54
55
55
55
55
55
57
60
60
60
63
64
66
69
71
72
77
77
79
79
79
80
80
80
80
82
82
85
85
85
85
85
86
86
86
86
89
91
92
93
94
94
94
96
96
97
98
99
99
99
99
100
100
101
101
102
102
102
102
103
103
104
105
105
105
106
106
106
106
107
107
108
108
108
108
108
108
109
110
111
111
111
112
113
114
115
115
115
115
115
115
115
116
116
116
117
118
118
124
125
128
128
129
131
137
138
140
148
161
178
182
190
193
197
200
212
214
222
222
248
251
258
264
272
290
299
302
313
316
317
321
322
322
323
332
333
335
341
345
352
353
355
356
356
362
363
364
364
364
364
364
364
364
364
365
368
377
385
392
397
404
404
404
404
404
404
404
404
404
404
404
408
415
415
415
415
415
415
415
416
416
418
419
421
422
433
436
438
439
441
443
458
460
461
461
461
462
462
462
477
479
487
488
498
505
507
513
515
515
518
524
525
526
528
537
543
545
545
545
547
550
555
560
562
564
566
567
567
568
568
569
569
570
571
577
578
579
580
582
583
586
595
595
597
599
605
612
615
615
619
624
625
629
631
634
634
635
644
647
649
649
650
650
655
658
659
662
667
671
671
672
672
672
678
679
680
683
685
685
685
685
685
685
685
685
685
685
685
685
685
685
686
687
687
687
687
687
687
687
687
688
688
688
688
688
688
688
691
691
691
691
691
692
692
692
692
692
692
692
692
692
692
692
692
692
692
693
693
693
693
694
694
694
694
699
700
704
704
704
706
706
706
706
706
706
706
706
706
706
707
707
707
707
707
707
707
707
707
707
707
707
707
707
707
707
708
709
712
715
718
718
718
718
718
719
721
730
732
732
733
739
741
743
743
743
755
756
756
757
757
758
761
764
774
775
775
775
775
776
776
776
776
776
777
781
783
784
786
787
788
795
801
803
803
809
809
809
810
811
812
812
818
821
823
823
823
823
823
823
823
823
823
823
824
824
824
824
824
824
824
824
826
826
826
827
827
828
828
828
828
829
829
829
829
829
829
829
830
830
830
830
830
830
831
831
831
831
831
831
831
831
831
831
831
831
831
832
832
832
833
833
833
834
836
836
837
838
842
842
844
845
845
845
845
846
847
848
848
850
852
855
858
859
859
860
869
869
869
869
872
872
872
872
872
872
872
872
873
873
875
880
881
883
884
884
886
888
888
888
889
889
889
889
890
890
891
891
891
891
891
891
891
891
891
891
894
895
895
901
904
904
908
910
911
911
912
913
914
915
915
915
915
915
915
916
917
917
923
927
928
930
931
935
937
940
945
947
949
950
951
953
956
958
962
966
968
972
974
974
975
975
975
