6
9
14
16
16
17
18
19
20
20
20
22
27
31
31
31
31
31
31
33
33
34
38
38
39
39
39
39
40
40
40
41
41
42
43
43
43
43
43
44
47
48
52
59
60
63
64
64
64
66
66
67
68
68
71
72
72
75
79
81
81
84
84
84
88
89
89
89
96
102
102
102
102
103
103
103
103
103
103
104
107
107
107
109
110
110
111
113
120
123
123
123
123
124
124
124
124
124
125
127
128
150
153
153
154
154
155
155
160
160
189
191
201
201
202
215
224
230
232
242
243
257
268
271
301
310
325
330
351
362
383
415
458
459
475
496
602
612
670
672
777
865
1080
1118
1157
1238
1247
1247
1247
1247
1247
1248
1248
1289
1316
1324
1428
1439
1449
1457
1461
1465
1477
1490
1490
1491
1492
1507
1509
1509
1510
1510
1510
1510
1512
1513
1518
1524
1524
1524
1526
1526
1526
1526
1528
1530
1530
1530
1530
1531
1531
1535
1536
1538
1552
1559
1578
1645
1648
1710
1748
1906
1911
1912
1916
1921
1931
1947
1948
1948
2004
2007
2024
2262
2597
2613
2766
2797
2800
2803
2927
2941
2980
3001
3126
3167
3184
3271
3344
3362
3371
3398
3426
3498
3539
3564
3564
3573
3680
3777
3786
3865
3918
4081
4205
4297
4300
4332
4335
4359
4478
4547
4557
4561
4569
4578
4616
4632
4695
4724
4761
4777
4958
4986
5017
5017
5018
5018
5018
5018
5034
5034
5034
5034
5040
5040
5040
5040
5040
5040
5040
5040
5080
5084
5084
5084
5084
5085
5085
5085
5085
5085
5085
5085
5085
5085
5085
5085
5085
5096
5096
5155
5233
5317
5349
5349
5443
5490
5490
5490
5490
5490
5490
5496
5497
5497
5497
5497
5498
5498
5498
5499
5499
5499
5499
5499
5499
5500
5500
5500
5500
5500
5500
5500
5501
5501
5501
5501
5501
5501
5501
5501
5501
5501
5501
5501
5501
5502
5537
5537
5539
5539
5543
5565
5565
5565
5565
5565
5565
5565
5565
5565
5565
5565
5565
5565
5565
5565
5565
5565
5565
5565
5565
5565
5565
5565
5565
5565
5565
5565
5566
5566
5566
5566
5568
5569
5569
5569
5569
5569
5569
5570
5570
5583
5583
5583
5583
5583
5583
5583
5583
5583
5583
5583
5583
5583
5583
5583
5583
5583
5583
5583
5583
5583
5583
5583
5583
5583
5583
5583
5583
5583
5583
5583
5583
5583
5583
5583
5583
5583
5584
5584
5584
5584
5584
5584
5584
5584
5584
5604
5607
5613
5668
5675
5677
5701
5701
5704
5709
5726
5754
5759
5759
5795
5796
5796
5796
5796
5813
5821
5910
6056
6098
6107
6116
6124
6124
6126
6133
6135
6139
6152
6154
6165
6165
6175
6191
6193
6206
6241
6243
6286
6389
6396
6556
6557
6723
6726
6730
6734
6752
6862
6913
6980
7033
7033
7033
7033
7050
7061
7084
7088
7098
7110
7111
7130
7134
7139
7187
7187
7187
7190
7195
7197
7202
7221
7413
7416
7440
7441
7454
7494
7563
7827
7836
7851
7873
7874
7874
7874
7937
7940
7952
8051
8127
8162
8175
8181
8196
8227
8381
8381
8444
8461
8494
8541
8573
8579
8581
8599
8601
8638
8648
8651
8665
8668
8721
8723
8741
8866
9096
9535
9535
9551
9562
9562
9562
9562
9562
9563
9563
9563
9579
9579
9585
9585
9607
9607
9610
9610
9610
9610
9610
9610
9613
9613
9615
9616
9633
9701
9701
9735
9735
9779
9781
9800
9800
