6
11
14
15
16
16
17
19
19
20
21
21
21
22
23
23
23
26
27
27
27
28
30
31
31
31
31
31
31
32
32
32
32
32
32
33
35
37
39
40
44
44
45
45
46
50
51
52
56
57
59
66
70
73
73
78
80
92
106
108
110
111
113
113
113
113
113
114
114
114
114
114
114
117
117
119
119
121
122
122
122
123
138
138
140
141
141
141
142
147
149
169
170
186
207
275
277
293
298
325
330
338
339
340
352
356
359
360
363
369
386
417
420
554
556
593
606
607
617
620
798
807
820
820
845
867
947
997
1004
1004
1004
1427
1428
1436
1438
1440
1440
1441
1443
1443
1451
1466
1467
1468
1472
1474
1474
1474
1474
1491
1498
1499
1502
1504
1507
1507
1513
1522
1525
1526
1531
1533
1538
1581
1585
1587
1609
1621
1630
1661
1949
2122
2843
3011
3021
3028
3031
3046
3052
3057
3064
3065
3071
3071
3071
3080
3086
3087
3088
3089
3089
3095
3096
3096
3099
3116
3157
3188
3201
3208
3214
3233
3233
3342
3353
3368
3758
3770
4028
4072
4155
4168
4169
4604
4621
4644
4669
4686
4687
4711
4713
4714
4716
4725
4903
4907
5287
5297
5343
5471
5471
5479
5508
5515
6101
6196
6201
6378
6386
6685
6702
6704
6718
6752
6848
7146
7159
7160
7233
7279
7577
7589
7614
7627
7632
7632
7639
7640
7645
7651
7663
7669
7690
7690
7691
7694
7694
7700
7715
7715
7716
7716
7716
7716
7727
7870
7928
8001
8002
8002
8039
8039
8039
8040
8040
8040
8040
8040
8059
8059
8061
8061
8061
8062
8063
8063
8064
8064
8064
8064
8064
8064
8064
8064
8064
8064
8064
8064
8065
8065
8065
8065
8065
8065
8066
8066
8066
8066
8066
8066
8066
8066
8066
8067
8067
8067
8067
8067
8067
8067
8067
8067
8067
8067
8067
8067
8067
8067
8067
8068
8068
8068
8078
8079
8079
8079
8079
8079
8079
8079
8079
8079
8079
8079
8079
8079
8079
8080
8080
8080
8080
8080
8080
8080
8080
8080
8080
8327
8331
8331
8331
8331
8332
8332
8332
8332
8332
8332
8332
8332
8332
8343
8343
8501
8534
8581
8640
8640
8652
8884
8898
8955
8957
8957
8957
8958
8958
8958
8958
8958
8958
8958
8958
8958
8965
8965
8965
8965
8965
8965
8965
8965
8966
8966
8966
8966
8966
8966
8966
8966
8966
8966
8966
8966
8967
8967
8967
8967
8967
8967
8967
8967
8967
8967
8967
8968
8968
9087
9090
9093
9098
9099
9117
9118
9118
9121
9132
9132
9132
9132
9132
9132
9132
9132
9132
9132
9133
9133
9310
9310
9311
9312
9316
9373
9379
9397
9397
9402
9402
9402
9402
9403
9403
9403
9403
9403
9403
9409
9411
9509
9514
9624
9687
9692
9692
9695
9706
9708
9709
9739
9815
9820
9828
9869
9869
9888
9889
9890
9890
9902
9920
9925
9926
9931
9938
9950
10043
10110
10139
10141
10154
10158
10159
10164
10167
10171
10175
10187
10203
10203
10204
10204
10235
10538
10578
10701
10795
10797
10811
10832
10832
10897
10897
11107
11117
11269
11277
11280
11296
11315
11412
11412
11415
11415
11436
11455
11455
11475
11512
11514
11515
11519
11522
11541
11541
11543
11749
11843
11845
11865
11911
11914
11920
11926
11928
11929
11930
11940
11940
11940
11940
11940
11940
11940
11940
11940
11940
11940
11940
11940
11940
11940
11940
11940
11940
11940
11940
11940
11940
11940
11940
11940
11940
11940
11950
11950
11955
12130
12147
12147
12177
12181
12229
12229
12467
12550
12550
12558
12570
12570
12570
12570
12570
12585
12585
12585
12585
12585
12585
12585
12585
12585
12585
12585
12585
12585
12585
12585
12585
12585
12585
12586
12586
12586
12586
12586
12586
12586
12586
12586
12586
12586
12586
12586
12586
12586
12586
12586
12586
12616
12626
12656
