7
15
16
18
18
18
18
19
19
19
19
19
19
21
23
26
26
26
31
31
32
32
36
38
42
42
42
42
42
42
42
42
42
43
45
46
47
49
50
50
51
53
56
58
59
59
60
61
62
62
62
63
63
63
63
64
64
64
65
65
69
69
69
78
82
85
86
90
91
91
93
93
93
95
95
95
96
96
96
97
97
98
98
98
98
98
98
99
99
99
99
100
101
103
103
103
103
103
103
103
104
108
109
116
116
117
119
123
123
124
126
130
131
163
176
178
200
209
247
255
277
284
298
326
350
351
356
374
389
457
477
485
508
525
546
548
548
549
549
549
549
549
549
549
550
557
559
559
596
604
683
730
735
740
758
815
821
858
930
949
1026
1028
1095
1099
1106
1226
1308
1334
1339
1421
1433
1475
1491
1514
1537
1544
1555
1556
1556
1556
1561
1572
1574
1577
1582
1588
1589
1590
1591
1619
1622
1625
1647
1694
1713
1715
1798
1833
1864
1864
1893
1917
1954
1957
1970
2055
2147
2150
2170
2177
2182
2295
2295
2295
2300
2305
2314
2314
2314
2376
2396
2407
2418
2520
2559
2591
2631
2640
2646
2646
2649
2651
2656
2672
2687
2698
2709
2720
2729
2781
2781
2781
2781
2781
2781
2781
2784
2785
2880
2939
2940
2945
2947
2947
3040
3047
3048
3070
3076
3081
3081
3081
3081
3081
3081
3082
3082
3082
3082
3082
3082
3082
3082
3082
3082
3082
3082
3082
3082
3082
3082
3082
3082
3082
3082
3082
3082
3082
3082
3082
3082
3083
3084
3084
3084
3084
3084
3089
3089
3090
3090
3090
3090
3090
3090
3090
3090
3090
3090
3090
3090
3090
3090
3090
3090
3090
3091
3091
3091
3091
3091
3091
3091
3091
3091
3091
3091
3091
3091
3091
3091
3091
3091
3091
3092
3092
3092
3101
3106
3106
3106
3106
3106
3111
3111
3114
3119
3121
3123
3133
3133
3136
3136
3137
3151
3168
3172
3172
3182
3185
3186
3186
3186
3187
3192
3197
3206
3226
3253
3253
3253
3255
3270
3318
3321
3385
3385
3386
3386
3386
3386
3386
3386
3388
3392
3392
3392
3392
3392
3392
3392
3392
3392
3392
3392
3392
3393
3393
3393
3393
3393
3393
3393
3393
3393
3393
3393
3393
3394
3394
3394
3394
3394
3394
3394
3394
3394
3394
3394
3395
3395
3395
3395
3395
3395
3395
3395
3397
3397
3411
3411
3414
3416
3416
3419
3422
3424
3425
3430
3462
3471
3486
3496
3498
3500
3500
3500
3500
3501
3501
3501
3519
3519
3519
3519
3519
3519
3519
3519
3519
3520
3520
3526
3556
3564
3575
3579
3580
3620
3641
3652
3653
3653
3654
3742
3764
3797
3803
3805
3824
3832
3837
3837
3846
3854
3866
3871
3883
3887
3903
3944
3978
4065
4080
4085
4098
4105
4105
4125
4134
4146
4151
4178
4188
4189
4189
4223
4224
4238
4238
4253
4254
4254
4254
4272
4403
4431
4436
4628
4702
4724
4725
4727
4729
4733
4764
4769
4789
4794
4815
4825
4862
4871
4876
4876
4888
4888
4896
4902
4902
4902
4902
4903
4903
4903
4903
4903
4907
4907
4922
4925
4968
4971
4975
5044
5056
5082
5116
5123
5125
5129
5154
5157
5164
5202
5202
5218
5231
5259
5262
5266
5266
5289
5294
5294
5295
5295
5308
5342
5342
5383
5383
5383
5383
5447
5511
5512
5512
5638
5638
5665
5678
5678
5678
5678
5678
5678
5678
5678
5678
5678
5678
5688
5688
5688
5694
5694
5694
5694
5694
5694
5694
