8
10
17
19
20
21
22
23
24
24
25
25
25
26
27
27
27
27
28
29
29
29
30
30
30
30
30
31
31
31
31
31
31
31
33
33
33
33
34
34
34
34
35
35
35
37
37
37
40
40
41
42
42
43
44
47
48
49
50
51
51
52
53
53
55
55
56
56
57
57
57
59
60
61
61
61
62
62
64
65
69
69
70
72
72
72
73
74
77
78
78
81
82
82
82
82
83
83
83
83
83
83
84
85
85
85
86
86
88
88
89
89
90
90
90
91
92
92
92
92
92
94
95
95
95
96
96
96
96
96
96
96
96
97
97
97
97
97
97
97
98
98
98
98
98
99
100
100
100
101
101
101
101
104
106
106
106
107
107
107
107
107
108
109
110
111
111
116
117
119
119
121
121
121
121
122
122
122
131
131
132
140
140
143
144
144
146
146
147
147
147
148
148
149
151
152
160
164
169
172
175
179
183
183
183
183
183
185
191
192
193
199
203
205
212
212
212
212
212
212
213
213
213
213
213
213
213
214
214
214
214
214
214
214
215
215
215
216
216
217
217
217
217
217
217
217
217
217
218
218
218
218
218
218
218
218
218
218
218
218
218
218
218
218
218
218
218
218
218
218
218
218
218
218
218
219
219
219
219
219
219
219
219
219
219
219
220
221
223
232
240
241
245
246
246
249
251
252
254
256
260
262
264
269
273
273
276
278
283
287
287
290
290
290
290
291
294
298
298
298
300
300
313
319
319
319
319
319
319
319
319
319
319
319
319
319
319
320
320
320
320
322
322
322
322
328
339
341
344
344
344
344
346
346
346
349
349
352
352
352
353
355
356
357
357
359
359
362
364
365
365
366
366
376
376
377
377
377
377
384
384
388
390
393
393
393
404
404
404
405
407
407
410
418
422
422
424
438
439
440
444
447
449
449
458
463
468
468
468
469
473
481
483
483
484
486
492
492
496
499
527
530
531
532
535
537
539
541
541
545
552
552
555
564
600
602
608
616
631
632
634
634
634
635
635
639
641
641
643
664
678
685
688
689
689
691
694
695
697
701
701
702
702
703
703
704
705
705
714
714
717
725
725
728
731
735
735
735
735
738
739
746
760
764
768
785
790
808
808
810
817
817
835
842
842
843
845
849
858
859
859
860
860
863
865
866
867
868
875
890
891
891
891
899
899
915
915
944
947
948
950
952
954
957
963
965
982
987
987
987
987
988
991
994
994
994
994
994
994
994
994
994
997
999
1005
1008
1008
1018
1026
1029
1029
1029
1029
1029
1029
1029
1029
1029
1029
1029
1029
1029
1030
1030
1030
1037
1038
1038
1038
1039
1039
1039
1039
1039
1040
1040
1040
1040
1040
1040
1040
1040
1040
1040
1040
1040
1040
1040
1040
1040
1040
1040
1040
1040
1040
1040
1040
1040
1040
1040
1040
1040
1040
1040
1040
1040
1040
1040
1040
1040
1040
1040
1040
1040
1040
1040
1040
1040
1041
1041
1041
1041
1041
1041
1041
1042
1042
1044
1044
1044
1044
1044
1044
1044
1045
1046
1050
1054
1055
1055
1055
1055
1055
1058
1061
1063
1073
