5
5
9
10
12
13
13
13
15
16
16
16
16
16
17
17
20
21
21
22
23
24
24
24
24
24
24
24
25
25
25
25
26
26
26
26
26
27
27
29
30
32
34
35
35
35
35
37
38
39
39
40
40
40
40
40
40
40
40
41
42
42
42
43
46
46
46
46
46
46
46
46
46
47
47
47
47
47
47
51
51
51
51
51
52
52
52
52
53
53
53
53
53
53
54
55
56
60
64
66
67
72
75
75
77
77
77
78
79
82
83
86
86
87
87
90
90
91
91
91
91
92
93
97
97
97
97
102
106
109
109
109
109
109
109
109
109
109
109
114
115
116
117
119
121
121
122
124
126
134
138
138
141
154
154
165
165
170
171
178
178
178
179
179
180
183
184
189
189
189
190
190
192
202
205
207
232
258
260
313
320
321
332
334
359
366
372
386
396
396
424
428
432
439
439
439
453
456
498
528
529
558
562
564
564
570
572
583
583
584
584
584
585
585
585
595
595
595
614
614
637
644
681
695
697
703
703
716
716
718
732
732
732
732
733
733
766
778
790
790
800
800
801
801
814
814
814
814
814
814
826
831
834
835
841
842
849
865
866
891
891
920
920
920
926
928
934
939
957
976
979
1002
1002
1003
1004
1007
1049
1050
1058
1072
1124
1185
1233
1233
1239
1239
1281
1328
1333
1349
1355
1357
1358
1374
1389
1402
1410
1411
1415
1416
1417
1419
1421
1421
1421
1421
1424
1425
1426
1426
1427
1432
1432
1434
1434
1434
1434
1434
1434
1434
1434
1434
1434
1434
1434
1440
1441
1444
1445
1446
1449
1451
1452
1462
1463
1466
1466
1468
1473
1473
1473
1473
1476
1480
1480
1487
1490
1490
1490
1490
1490
1490
1491
1491
1491
1491
1491
1496
1497
1497
1499
1509
1522
1522
1529
1531
1541
1541
1548
1550
1583
1587
1587
1587
1587
1587
1600
1600
1601
1601
1601
1601
1601
1605
1626
1636
1644
1658
1671
1689
1722
1734
1734
1734
1734
1739
1739
1739
1740
1741
1741
1742
1742
1770
1770
1770
1770
1770
1770
1770
1770
1770
1770
1770
1770
1770
1770
1770
1770
1770
1770
1770
1770
1770
1773
1775
1775
1775
1775
1775
1775
1775
1775
1775
1775
1776
1776
1776
1776
1776
1776
1776
1776
1776
1776
1776
1776
1776
1776
1776
1776
1776
1776
1778
1778
1778
1778
1778
1778
1778
1778
1778
1778
1778
1778
1778
1778
1779
1779
1779
1779
1779
1780
1780
1780
1780
1780
1780
1780
1781
1781
1781
1781
1781
1781
1781
1781
1781
1781
1781
1781
1793
1793
1802
1802
1804
1811
1812
1819
1819
1820
1823
1825
1825
1827
1848
1848
1854
1854
1877
1877
1917
1922
1932
1935
2034
2034
2035
2046
2053
2059
2086
2093
2117
2132
2152
2161
2171
2171
2197
2206
2206
2206
2256
2281
2330
2347
2357
2357
2369
2494
2504
2504
2518
2545
2591
2594
2602
2610
2610
2610
2623
2651
2735
2740
2842
2856
2859
2859
2889
2905
2905
2905
2905
2905
2910
2918
2922
2926
2926
2936
2936
2936
2936
2952
2964
2964
2968
2970
2971
2983
3073
3088
3088
3106
3106
3106
3106
3128
3128
3139
3149
3156
3172
3240
3240
3241
3266
3266
3266
3266
3270
3271
3271
3272
3272
3272
3272
3272
3273
3273
3273
3273
3273
3273
3273
3273
3274
3274
3274
3274
3274
3274
3274
3275
3275
3275
3276
3276
3292
3292
3292
3292
3292
3292
3292
3292
3293
3293
