7
8
10
17
18
19
23
23
23
23
24
24
24
24
25
26
26
27
28
28
29
30
30
30
30
30
30
30
30
30
31
32
34
36
37
37
37
41
41
41
41
41
41
41
41
41
41
41
41
41
43
43
43
44
44
47
48
48
48
49
49
51
55
57
57
58
58
58
59
59
60
60
62
62
62
62
62
63
63
63
63
63
63
63
63
63
65
65
66
67
67
68
68
69
69
69
74
76
76
77
78
79
79
79
79
80
81
81
81
82
83
83
83
84
84
84
84
84
85
85
86
86
87
87
88
93
93
93
93
94
95
95
96
96
96
96
96
96
96
96
97
97
97
98
98
98
98
100
100
100
100
100
101
101
101
101
103
105
106
106
106
106
106
106
106
107
107
107
107
107
107
107
107
107
107
107
107
107
107
107
107
107
107
107
107
108
108
108
108
108
108
108
108
108
108
109
109
110
110
110
110
110
111
111
111
112
113
114
114
115
115
115
115
115
115
117
117
119
119
122
122
122
130
131
135
143
143
148
156
158
158
158
158
160
160
166
168
168
169
170
170
170
170
171
171
171
171
171
171
171
172
196
211
211
211
213
213
223
226
227
233
246
250
250
272
276
289
292
292
292
299
300
312
315
319
325
354
359
363
373
375
375
393
399
414
430
450
482
490
490
504
504
507
507
520
521
526
526
527
527
537
538
541
541
546
548
555
572
585
591
592
594
646
653
654
656
672
673
678
704
708
708
708
728
732
736
736
736
739
739
739
739
739
739
739
739
739
739
739
740
740
740
740
740
740
740
740
740
740
740
740
740
741
743
750
769
771
771
772
780
780
797
814
821
838
846
876
877
877
877
877
884
884
884
887
897
903
908
911
915
916
916
933
951
956
956
958
971
987
987
995
995
995
1021
1022
1023
1027
1028
1030
1030
1031
1031
1031
1031
1031
1031
1031
1031
1039
1055
1057
1069
1074
1077
1083
1098
1102
1103
1104
1104
1112
1116
1138
1228
1230
1250
1252
1259
1261
1313
1323
1323
1354
1354
1354
1354
1363
1363
1363
1398
1398
1429
1470
1472
1472
1472
1472
1472
1472
1472
1473
1473
1473
1473
1473
1473
1474
1474
1474
1478
1478
1478
1478
1478
1478
1478
1478
1478
1479
1479
1479
1485
1507
1531
1537
1543
1557
1557
1557
1557
1557
1557
1557
1557
1557
1557
1557
1558
1558
1567
1567
1567
1567
1567
1567
1567
1567
1567
1567
1567
1567
1567
1568
1568
1568
1576
1588
1588
1589
1590
1591
1591
1592
1600
1601
1612
1623
1634
1645
1668
1696
1700
1716
1735
1736
1738
1738
1738
1738
1742
1743
1743
1744
1747
1747
1747
1749
1749
1751
1751
1751
1752
1753
1763
1763
1763
1763
1765
1765
1765
1765
1765
1768
1768
1775
1775
1775
1775
1779
1780
1785
1795
1795
1800
1800
1805
1808
1813
1816
1816
1835
1837
1838
1844
1844
1848
1850
1852
1856
1856
1858
1860
1863
1867
1874
1877
1888
1888
1888
1888
1891
1892
1892
1896
1901
1903
1914
1919
1919
1921
1932
1962
1970
1970
1970
1971
1974
1974
1974
1975
1983
1991
1995
1996
1997
1997
1997
2009
2009
2009
2010
2012
2012
2012
2012
2012
2012
2014
2014
2015
2019
2019
2026
2026
2026
2026
2026
2029
2029
2029
2029
2029
2029
2029
2029
2034
2034
2034
2034
2034
2034
2037
2037
2037
2037
2037
2037
2037
2037
2042
2044
2044
2050
2054
2055
2061
2066
2066
2066
2077
2077
2077
2086
2090
2090
2090
2090
2090
2090
2090
2090
2090
2091
2092
