9
10
14
16
18
19
19
19
20
20
21
22
22
22
24
24
24
27
27
28
28
28
28
28
28
28
29
29
29
30
30
30
31
33
34
36
36
36
36
37
38
38
38
39
39
40
43
46
47
47
49
49
49
49
50
52
52
54
54
54
55
56
58
59
59
60
61
61
61
62
64
64
64
67
67
68
68
69
69
69
69
69
71
71
74
76
79
80
81
81
81
87
88
89
89
91
92
94
95
96
97
97
97
97
97
99
101
101
101
101
101
101
101
103
106
107
107
107
107
107
108
108
108
108
108
108
108
109
113
116
117
118
119
121
121
122
122
123
125
127
128
130
130
130
130
132
141
141
145
146
149
150
183
192
222
225
242
248
249
270
286
302
305
314
321
322
324
324
327
351
366
367
370
380
396
399
405
409
424
441
442
443
445
452
456
460
477
494
500
511
528
528
531
532
537
544
552
559
559
559
559
581
581
582
595
596
643
657
678
680
682
692
692
801
850
860
860
861
861
863
866
869
869
869
869
869
869
869
869
869
869
869
869
869
869
869
869
874
881
882
897
907
914
954
1008
1037
1050
1053
1053
1054
1077
1093
1105
1143
1148
1151
1160
1173
1175
1189
1195
1202
1212
1270
1295
1295
1297
1306
1334
1350
1352
1366
1393
1393
1393
1412
1417
1421
1432
1451
1451
1452
1452
1455
1456
1457
1460
1466
1471
1482
1485
1503
1516
1520
1524
1529
1535
1544
1545
1548
1557
1566
1606
1606
1606
1606
1606
1606
1606
1606
1606
1606
1606
1606
1606
1606
1606
1606
1606
1606
1606
1606
1607
1607
1607
1607
1607
1607
1607
1607
1607
1607
1607
1607
1607
1607
1607
1608
1608
1608
1608
1609
1610
1611
1612
1613
1613
1613
1613
1613
1613
1613
1613
1614
1614
1614
1614
1614
1624
1627
1628
1633
1633
1655
1657
1662
1663
1700
1706
1711
1742
1754
1803
1854
1867
1871
1920
1985
1992
2023
2025
2134
2170
2176
2187
2191
2230
2242
2355
2356
2565
2580
2659
2676
2676
2683
2694
2724
2726
2758
2776
2776
2777
2779
2783
2811
2819
2821
2865
2887
2948
3054
3059
3059
3059
3062
3071
3071
3071
3071
3071
3071
3071
3071
3071
3071
3071
3071
3071
3071
3071
3071
3071
3071
3071
3071
3071
3083
3083
3083
3083
3083
3083
3083
3083
3083
3083
3083
3083
3083
3083
3083
3083
3083
3083
3083
3084
3084
3084
3084
3084
3084
3084
3084
3084
3084
3084
3084
3084
3084
3084
3084
3084
3084
3084
3084
3084
3084
3127
3127
3127
3127
3127
3127
3127
3127
3128
3128
3128
3128
3128
3132
3186
3187
3208
3208
3208
3208
3208
3208
3208
3208
3226
3226
3232
3232
3232
3232
3232
3232
3242
3242
3247
3247
3247
3247
3248
3250
3266
3273
3343
3349
3349
3428
3439
3439
3439
3439
3440
3440
3442
3442
3443
3443
3443
3443
3508
3511
3513
3520
3539
3543
3543
3543
3551
3553
3622
3660
3660
3693
3707
3707
3707
3707
3711
3725
3738
3761
3809
3809
3861
3872
3872
3872
3872
3897
3899
3923
3923
3924
3925
3926
3926
3926
3926
3932
3932
3935
3935
3954
3982
3982
3982
3982
3982
3989
4012
4012
4025
4025
4025
4025
4025
4025
4025
4025
4025
4025
4025
4070
4070
4084
4136
4157
4178
4178
4185
4185
4185
4186
4189
4189
4189
4189
4226
4299
4299
4299
4299
4299
4299
4391
4391
4391
4391
4446
4447
4447
4447
4574
4574
4602
4603
4603
4684
4684
4718
4731
4787
4797
4797
4800
4800
4800
4800
4800
4800
4800
