13
13
14
15
15
20
21
21
21
21
21
22
22
24
25
26
27
27
29
30
30
30
31
33
33
33
34
34
37
38
39
39
39
39
39
39
39
39
39
42
44
45
47
47
48
48
48
48
48
48
48
50
51
51
52
53
53
53
53
55
56
57
58
60
61
62
63
63
64
67
67
68
70
70
72
76
76
76
76
81
81
81
81
82
82
85
87
88
89
89
89
90
90
93
93
93
93
94
94
100
101
103
103
104
104
104
104
104
104
104
104
105
105
106
106
106
106
107
107
108
109
110
110
110
111
111
111
111
111
111
111
111
111
112
112
113
113
114
114
115
116
116
116
116
116
116
116
120
121
121
121
122
124
124
124
124
124
124
124
124
124
126
126
127
127
127
127
128
128
128
128
133
134
134
134
134
135
137
137
138
138
138
138
138
138
138
138
138
138
138
138
138
138
138
138
138
139
139
139
139
139
139
139
139
139
139
139
139
139
139
139
139
139
139
139
139
139
139
139
139
139
139
139
139
139
139
139
139
139
139
139
139
139
139
139
139
139
139
139
139
139
139
139
139
139
139
140
141
141
141
144
145
146
146
146
147
147
147
147
147
147
147
147
147
147
147
147
147
147
147
147
148
148
148
148
148
148
148
148
148
150
150
152
152
152
156
157
157
158
161
163
168
168
182
205
210
216
216
216
217
218
218
220
220
220
220
220
221
226
227
227
228
235
243
244
247
247
253
253
253
253
253
253
254
254
255
255
256
260
264
266
273
274
276
285
288
288
290
292
292
296
296
297
297
297
297
298
298
299
316
323
330
331
332
335
336
339
347
354
357
364
366
378
379
381
383
383
387
402
402
402
402
406
407
415
415
415
415
415
416
416
416
416
417
417
417
417
419
419
419
419
419
419
420
430
432
437
439
439
442
443
447
448
449
451
451
460
460
460
460
460
461
463
466
466
466
473
476
476
477
482
482
484
487
487
490
490
493
493
496
507
507
511
511
512
512
512
517
518
518
523
532
533
533
534
540
546
546
549
550
562
564
569
571
571
571
576
579
581
582
582
583
586
586
587
592
603
603
603
603
603
603
603
603
603
603
610
618
621
631
631
642
645
645
645
649
665
668
668
668
673
674
682
682
682
698
702
709
711
712
714
717
718
719
719
719
722
725
747
775
776
781
781
781
782
790
790
792
793
793
800
801
801
801
803
812
812
812
812
812
812
812
812
812
812
812
812
812
812
812
812
813
824
824
832
845
847
852
858
894
918
930
945
952
952
977
977
978
980
980
980
980
980
980
980
980
980
980
980
980
980
980
980
980
980
980
980
980
980
980
980
980
980
980
980
980
980
980
981
985
988
991
993
994
996
1002
1008
1019
1032
1043
1047
1059
1063
1063
1063
1069
1073
1075
1099
1102
1102
1102
1102
1104
1104
1104
1104
1104
1104
1104
1104
1106
1106
1106
1106
1106
1106
1106
1106
1106
1106
1106
1106
1106
1106
1106
1147
1159
1160
1169
1171
1176
1179
1213
1213
1225
1226
1229
1229
1242
1242
1242
1242
1242
1242
1243
1245
1275
1279
1284
1290
1312
1313
1313
1314
1314
1318
1328
1328
1328
1328
1341
1341
1341
1341
1341
1402
1426
1452
1454
1458
1458
1458
1459
1487
1487
1487
1487
1492
1492
1492
1492
1492
1493
1493
1493
