5
5
11
12
12
14
16
17
18
19
19
19
19
19
19
19
20
20
21
22
22
22
22
22
22
23
23
24
25
25
26
26
26
27
28
29
30
30
30
30
30
31
32
32
32
32
32
33
33
33
34
34
34
34
36
37
38
38
39
40
40
40
40
41
41
41
41
41
41
41
42
42
43
44
44
45
45
45
45
45
45
46
47
47
47
49
49
49
49
50
51
51
52
56
58
58
58
59
59
60
60
60
61
61
61
61
61
61
61
61
61
62
62
62
62
62
62
62
62
62
63
65
66
66
66
66
67
67
67
73
75
76
76
77
79
80
81
81
81
82
82
82
82
82
83
83
83
83
83
83
83
84
84
85
86
86
86
86
90
90
91
91
91
92
92
92
92
93
95
95
95
95
95
97
97
97
98
98
98
99
100
100
101
101
101
101
102
102
102
102
102
102
103
103
103
103
103
103
103
103
104
105
105
106
107
109
110
110
111
112
112
112
112
113
113
113
113
113
113
114
116
119
119
119
119
119
119
119
120
120
120
120
121
130
130
134
136
139
149
153
157
157
160
160
171
172
177
179
184
184
188
198
198
202
204
209
211
213
218
224
227
230
232
232
232
234
240
242
244
247
248
249
253
256
258
258
260
260
260
260
262
265
267
280
282
288
290
290
292
294
296
315
316
318
319
319
320
325
326
331
332
333
333
334
341
346
346
348
349
351
351
352
352
352
352
352
353
353
354
358
360
363
374
374
378
382
388
390
405
405
406
406
407
407
407
407
407
408
408
408
410
410
414
418
422
422
423
425
425
425
438
442
444
444
444
445
446
452
455
456
459
460
472
474
474
474
474
474
475
479
479
479
488
489
490
490
490
490
490
490
490
490
493
493
493
494
494
494
494
494
494
495
495
495
496
496
497
497
497
497
497
497
497
497
497
497
497
497
497
497
497
497
497
498
498
498
498
498
498
498
498
498
498
499
499
499
499
499
499
499
499
499
499
500
500
500
500
500
500
500
500
500
500
500
501
501
501
501
501
501
502
507
507
507
507
507
507
507
507
507
508
508
508
508
508
508
508
508
508
508
508
508
508
508
508
508
508
508
508
508
508
512
513
516
527
528
528
529
530
533
533
552
557
563
567
583
586
587
587
587
588
588
588
588
588
588
588
588
588
588
588
588
588
588
588
589
590
591
593
593
593
593
594
594
594
594
594
594
594
594
594
594
594
594
594
594
595
595
595
595
595
595
595
601
602
602
607
612
615
616
620
627
628
628
632
636
641
648
649
649
658
660
663
665
665
672
672
673
683
694
699
699
703
704
716
717
717
736
736
736
736
736
747
747
756
774
783
798
798
804
804
806
814
815
821
822
822
838
838
868
875
895
895
895
901
909
914
930
932
939
939
953
961
970
972
974
983
992
1000
1007
1013
1013
1015
1015
1015
1015
1015
1015
1015
1015
1015
1015
1015
1015
1015
1015
1015
1015
1015
1015
1015
1015
1015
1015
1015
1015
1015
1016
1017
1018
1032
1053
1057
1067
1069
1071
1089
1089
1089
1090
1090
1090
1090
1091
