7
20
20
24
28
28
30
31
32
35
35
36
36
36
36
37
37
37
37
37
39
40
40
40
40
41
41
42
42
42
43
43
43
44
44
45
45
45
46
47
47
47
48
48
49
51
53
54
54
55
56
57
59
66
66
67
68
68
70
70
70
74
75
76
78
82
82
86
87
91
93
94
95
96
96
96
97
97
97
97
97
101
101
101
101
102
103
103
104
105
106
106
107
109
110
111
111
111
113
114
116
116
116
116
116
117
117
117
117
118
120
120
121
121
122
122
122
123
129
130
132
133
134
146
148
174
228
257
304
312
317
321
353
359
366
392
405
481
482
530
532
536
537
542
561
573
574
580
583
584
584
585
590
595
595
597
602
606
615
615
615
615
615
615
620
627
632
632
632
633
634
634
636
643
647
647
649
649
649
660
661
664
664
682
682
688
688
689
692
692
693
693
694
695
695
696
706
707
711
718
718
726
726
727
733
735
751
759
769
769
769
771
774
775
782
785
785
785
785
787
789
789
801
801
802
803
812
818
820
822
823
824
824
824
838
847
854
864
868
868
869
869
871
871
871
871
871
871
871
872
872
875
875
875
875
875
875
875
875
876
876
876
876
876
876
876
876
876
876
876
876
876
876
876
876
876
877
880
881
881
881
881
881
881
881
882
882
882
882
882
882
882
882
882
882
882
882
882
882
882
883
883
883
883
883
883
884
884
885
889
889
889
889
889
889
889
889
889
889
889
889
889
889
889
889
890
890
890
892
904
904
907
907
908
908
908
908
908
908
909
909
909
909
909
909
909
909
909
909
909
909
909
909
909
909
909
909
909
910
911
915
915
922
922
922
922
922
922
922
922
922
922
922
922
922
922
922
922
922
922
922
922
922
922
922
922
922
922
922
923
923
923
923
923
923
923
923
923
923
923
923
923
926
927
930
937
940
946
946
947
953
953
959
960
960
961
963
970
973
983
984
986
987
993
993
994
994
994
994
994
994
994
994
994
994
995
995
995
995
995
997
998
999
1000
1000
1000
1000
1000
1000
1000
1000
1000
1000
1000
1000
1002
1002
1002
1009
1026
1029
1029
1030
1036
1047
1048
1064
1068
1069
1071
1071
1082
1089
1092
1093
1096
1098
1098
1100
1101
1105
1105
1105
1106
1107
1112
1121
1123
1123
1123
1129
1130
1131
1137
1141
1142
1147
1148
1149
1150
1151
1161
1168
1168
1183
1185
1192
1196
1198
1201
1203
1204
1209
1212
1212
1212
1220
1220
1221
1232
1234
1236
1244
1251
1257
1258
1259
1260
1265
1267
1267
1267
1267
1268
1276
1276
1276
1276
1276
1280
1280
1280
1280
1282
1284
1284
1288
1289
1289
1290
1290
1290
1291
1291
1291
1291
1291
1291
1291
1291
1293
1293
1294
1294
1296
1296
1300
1304
1304
1304
1304
1309
1310
1312
1312
1312
1312
1312
1312
1312
1312
1312
1312
1326
1326
1331
1338
1338
1338
1338
1338
1342
1342
1342
1342
1342
1342
1342
1342
1342
1342
1342
1342
1342
1346
1346
1346
1346
1346
1346
1346
1346
1346
1346
1346
1346
1346
1346
1346
1353
1353
1353
1353
1353
1353
1353
1354
1361
1361
1361
1361
1361
1361
1361
1365
1365
1365
1365
1365
1365
1365
1365
1365
1365
1365
1365
1365
1365
1365
1367
1367
1369
1369
1369
1369
1369
1369
1369
1369
1369
1369
1369
1369
1369
1379
1379
1379
1379
1379
1379
1379
1380
1380
1380
1380
1380
1380
1380
1380
1380
1380
1380
1380
1380
1380
1380
1380
1380
1380
1380
1380
1382
1382
1383
1383
1386
1386
1386
1386
1386
1386
1386
1386
1386
1386
1386
1386
1386
1388
1388
1388
1388
1388
1388
1388
1388
1388
1388
1388
1388
1388
1423
1424
1424
1424
1424
1424
1424
1424
1438
1441
1442
1448
1451
1452
1452
1452
1455
1455
1457
1459
1468
1520
1530
1540
1541
1541
1546
1548
1557
1558
1559
1560
1560
1560
1560
1561
1561
1562
1563
