5
6
8
10
16
19
19
20
22
23
23
23
24
24
24
25
25
26
28
29
29
29
29
29
29
30
30
30
30
30
32
33
36
37
40
41
43
46
47
47
47
48
49
49
49
52
53
53
54
54
57
61
61
62
62
62
62
62
65
68
68
68
68
68
69
69
69
69
69
69
69
69
69
69
69
69
69
69
69
69
69
69
69
69
69
69
69
69
69
69
69
69
69
69
69
70
70
70
70
70
70
70
70
70
70
70
70
70
70
70
70
70
70
70
70
72
74
74
74
74
74
74
74
74
75
75
75
75
75
75
75
75
75
75
75
76
76
76
76
76
76
76
76
76
76
76
76
76
76
76
76
77
77
77
77
77
77
77
77
77
77
77
77
77
77
77
77
77
77
77
78
78
78
79
83
83
86
90
94
94
94
95
95
96
99
99
102
102
102
102
102
102
102
102
102
103
103
103
104
106
106
108
109
109
110
110
110
110
110
110
113
114
115
115
115
124
124
125
126
126
126
126
126
128
129
130
131
131
132
132
139
142
145
157
163
168
190
194
194
195
195
203
204
205
213
250
256
276
286
287
288
294
294
324
333
350
357
360
367
373
377
381
382
387
394
401
436
464
492
498
498
498
498
520
521
600
617
617
623
671
674
708
712
727
736
755
786
794
800
807
807
812
812
820
820
821
821
821
855
864
865
867
871
871
873
884
906
935
935
953
954
954
972
973
976
977
980
982
993
1011
1021
1023
1025
1027
1029
1029
1032
1037
1043
1058
1070
1077
1086
1139
1142
1147
1152
1154
1154
1154
1155
1156
1161
1163
1169
1172
1174
1174
1179
1181
1183
1184
1184
1184
1184
1184
1184
1184
1184
1184
1184
1186
1186
1189
1189
1189
1189
1189
1190
1190
1190
1190
1190
1190
1190
1190
1190
1190
1190
1190
1190
1190
1190
1190
1190
1190
1190
1190
1190
1190
1190
1190
1190
1190
1190
1190
1190
1190
1191
1191
1191
1191
1191
1191
1191
1191
1191
1203
1211
1213
1213
1214
1225
1235
1241
1241
1241
1241
1241
1241
1243
1243
1243
1243
1243
1243
1243
1243
1244
1247
1252
1252
1252
1256
1256
1256
1256
1257
1257
1260
1261
1261
1261
1270
1284
1284
1314
1314
1315
1318
1320
1333
1339
1343
1345
1345
1346
1347
1347
1348
1348
1348
1348
1349
1349
1351
1351
1355
1355
1355
1355
1355
1355
1355
1355
1355
1356
1363
1384
1396
1410
1417
1431
1431
1431
1440
1440
1442
1443
1443
1451
1477
1477
1507
1551
1551
1592
1633
1633
1636
1646
1647
1652
1652
1667
1673
1707
1741
1767
1790
1790
1882
1910
1917
1917
1925
1925
1925
1925
1928
1930
1973
2014
2024
2063
2063
2063
2063
2063
2064
2064
2074
2076
2125
2127
2142
2162
2163
2169
2205
2219
2226
2237
2238
2240
2240
2241
2241
2243
2256
2264
2297
2297
2306
2308
2310
2314
2345
2347
2349
2374
2374
2374
2388
2391
2392
2394
2396
2396
2396
2398
2399
2399
2420
2430
2432
2436
2459
2461
2472
2476
2476
2481
2485
2488
2493
2499
2499
2500
2506
2509
2524
2531
2532
2535
2541
2549
2571
2571
2573
2574
2574
2574
2575
2577
2589
2606
2607
2615
2626
2644
2651
2659
2678
2681
2681
2692
2692
2694
2694
2702
2717
2717
2720
2722
2722
2722
2737
2738
2739
2739
2741
2742
2745
2815
2818
2834
