0
2
2
3
4
5
6
6
6
7
7
7
8
8
8
8
8
8
8
8
8
9
9
9
9
9
9
9
9
9
9
9
10
10
10
10
10
10
10
11
11
11
11
11
11
11
12
12
12
12
12
12
12
12
12
12
12
12
12
12
12
12
13
13
13
13
13
13
13
13
13
13
13
14
14
14
14
14
14
14
14
14
15
15
15
15
15
15
16
17
17
17
17
17
18
18
18
18
19
19
19
20
20
20
20
20
20
20
20
20
21
21
21
21
21
21
22
22
22
22
22
23
23
23
23
23
23
24
24
24
24
24
24
24
24
24
24
24
24
25
25
25
25
26
26
26
26
26
26
26
26
26
27
27
27
27
27
27
27
27
27
28
28
28
28
28
28
28
28
28
29
29
29
29
30
30
30
31
31
31
31
31
31
31
32
32
32
32
32
32
32
33
33
33
33
33
33
34
34
34
34
34
34
35
35
35
35
35
35
35
36
36
36
36
36
36
36
37
37
38
38
38
38
38
39
39
39
39
39
39
40
40
40
40
40
40
41
41
41
41
41
41
42
42
42
42
43
43
43
43
43
44
44
44
44
44
44
44
44
44
44
44
44
44
44
45
45
45
45
45
45
45
45
45
45
46
46
46
46
46
46
46
46
46
46
47
47
48
48
48
48
48
48
48
48
48
48
49
49
49
49
49
49
50
50
50
50
50
50
51
51
51
51
51
52
53
53
53
53
53
54
54
54
54
55
55
55
56
56
56
56
56
56
56
56
56
56
57
57
57
57
57
57
57
57
58
58
58
58
58
58
58
59
59
59
59
59
59
59
59
59
60
60
60
60
60
61
61
61
61
61
61
61
62
62
62
62
62
62
62
62
62
62
62
63
63
63
63
63
63
63
63
63
63
63
64
64
64
64
64
64
64
65
65
65
65
65
65
65
65
65
66
66
66
66
66
66
67
67
67
67
67
67
67
68
68
68
68
68
68
69
69
69
69
69
69
69
69
69
69
70
70
70
70
70
70
70
70
70
70
70
70
71
71
71
71
71
71
71
71
71
71
71
72
72
72
72
73
73
74
75
75
75
75
75
76
76
76
76
77
77
77
78
78
78
78
78
78
78
78
79
79
79
79
79
79
79
80
80
80
80
80
80
80
80
80
80
81
81
82
82
83
83
83
84
84
84
84
84
84
84
84
84
84
84
84
84
85
85
85
85
85
85
86
86
86
86
86
86
86
86
87
87
87
87
87
87
87
88
88
89
89
89
90
90
90
90
90
90
90
90
91
91
91
91
91
91
91
91
92
92
92
92
92
92
92
92
92
93
93
93
93
93
93
93
93
93
94
94
94
94
94
94
94
94
95
95
95
95
95
96
96
96
96
96
96
96
96
97
97
97
97
98
98
98
98
98
99
99
100
100
100
100
100
100
101
101
101
101
101
101
101
101
102
102
102
102
102
102
103
103
103
103
103
103
103
103
104
104
104
104
104
104
104
104
104
104
104
105
105
105
105
105
106
106
106
106
106
107
107
107
107
107
107
107
108
108
108
108
108
108
108
108
109
109
109
109
110
110
111
111
111
111
112
112
112
112
112
112
113
113
113
113
113
113
113
113
114
114
114
114
114
114
114
114
115
115
115
115
116
116
116
116
116
116
117
117
117
118
118
119
119
119
119
119
119
119
119
120
120
120
120
121
121
121
121
122
122
122
123
123
123
123
123
123
123
123
123
123
123
123
123
124
124
124
124
124
124
124
125
125
125
125
125
125
126
126
127
127
127
128
128
128
128
128
128
128
129
130
130
130
130
131
131
131
132
132
132
132
132
132
133
133
134
134
134
134
134
134
135
135
136
136
136
136
137
137
137
137
137
137
137
139
139
140
140
140
140
140
140
140
140
140
141
141
142
142
142
142
142
142
143
143
143
143
143
143
143
143
143
143
144
144
144
144
144
145
145
145
145
145
145
145
146
146
146
146
146
146
147
147
148
148
148
148
148
149
149
149
149
149
149
149
150
150
150
150
150
150
150
150
150
151
151
151
151
152
152
152
152
152
152
153
153
153
153
153
153
154
154
154
154
154
154
155
155
155
155
155
156
156
157
157
157
157
157
157
157
158
158
158
158
158
158
158
158
159
159
159
159
159
159
159
160
161
161
161
161
161
161
162
162
162
162
162
162
162
163
163
163
163
164
164
164
164
164
164
164
165
165
165
165
166
166
166
166
166
166
167
167
168
168
168
168
168
168
168
168
169
169
170
170
170
170
170
170
170
170
170
170
170
171
171
171
171
171
171
171
171
171
171
172
172
172
172
172
172
172
172
173
173
173
173
173
173
173
174
174
174
174
174
174
174
174
174
174
175
175
175
175
175
175
175
175
176
176
176
176
176
176
176
177
177
177
177
177
177
177
178
178
178
178
178
179
179
179
179
179
180
180
180
180
180
181
181
181
182
182
182
183
183
183
183
183
184
184
184
184
185
185
185
185
185
185
186
186
186
186
186
186
187
187
187
187
187
188
188
188
188
189
189
189
189
189
190
190
190
190
190
190
191
192
192
192
192
192
193
193
193
194
194
194
194
194
195
195
195
195
195
195
195
195
195
196
196
196
196
196
196
196
196
196
196
196
196
197
197
197
197
198
198
198
198
198
199
199
199
199
199
199
200
200
200
200
200
201
201
201
201
202
202
202
202
202
202
202
203
203
203
204
205
205
205
205
205
205
205
205
206
206
206
206
206
206
207
207
207
207
207
208
208
208
208
208
208
208
208
208
208
208
209
209
209
209
209
209
210
210
210
210
210
210
212
212
212
213
213
213
213
213
213
214
214
214
214
215
215
216
216
216
217
217
218
218
218
218
219
221
222
223
223
223
224
225
225
226
226
227
227
232
232
232
233
233
233
234
234
235
236
236
236
236
236
236
236
237
237
237
237
237
237
237
238
238
238
238
239
239
239
239
239
239
239
239
239
239
239
239
239
240
240
240
240
240
240
240
240
240
241
241
242
243
243
244
244
244
244
246
246
247
248
248
248
249
249
249
249
249
250
250
250
250
251
251
252
252
252
252
252
252
253
253
253
253
254
254
254
254
255
256
256
256
256
256
256
257
257
257
258
258
259
259
259
260
260
260
261
261
261
261
261
262
262
262
262
262
263
263
263
264
264
264
265
265
265
266
266
266
267
267
267
267
267
268
269
269
270
270
271
272
273
273
273
273
273
273
274
274
274
276
276
277
277
278
278
278
278
279
280
281
282
283
283
284
286
287
287
287
287
288
288
288
289
289
289
291
291
292
292
293
293
295
295
295
297
297
297
297
299
300
303
303
303
304
304
304
305
305
306
307
307
307
308
308
310
310
310
310
311
313
314
314
314
315
315
315
315
315
316
316
316
316
316
316
317
318
318
318
318
319
319
319
320
321
321
321
321
322
322
323
323
323
324
324
324
324
325
325
325
325
325
325
326
326
326
326
327
327
327
327
327
328
328
329
329
329
331
331
334
334
335
337
337
338
339
340
340
341
341
342
343
344
344
346
346
346
348
349
350
351
351
352
352
353
353
355
356
356
356
357
357
358
358
359
361
362
363
363
364
364
365
365
365
366
366
366
367
368
368
369
372
373
374
375
375
375
375
375
377
378
378
380
380
380
380
380
381
381
382
383
383
386
388
388
389
389
390
391
391
392
393
394
394
394
395
397
400
400
401
401
401
401
401
402
404
405
405
405
406
407
407
407
408
410
411
411
411
411
411
412
413
414
414
415
415
415
416
416
418
419
419
421
421
421
422
422
423
423
423
423
424
424
425
425
427
430
430
431
431
431
431
432
432
433
434
434
435
438
438
440
441
441
441
443
443
443
443
444
444
445
445
447
450
450
451
451
451
452
452
452
454
455
456
457
458
458
459
460
460
461
462
462
464
464
464
464
467
470
470
470
472
472
472
473
473
476
476
476
476
476
477
477
479
479
479
481
484
485
485
485
486
486
486
486
488
488
490
490
490
490
491
491
491
492
492
492
493
493
494
496
499
500
500
501
501
501
501
503
503
503
504
505
506
506
507
507
508
508
509
509
509
509
509
511
511
511
512
514
516
516
517
517
517
518
518
519
520
520
520
520
520
521
521
521
522
522
522
522
523
524
524
524
526
526
526
528
528
528
528
528
528
528
529
529
529
529
529
529
531
531
532
533
533
533
534
534
535
535
535
535
535
535
536
536
536
536
536
537
538
538
539
539
541
542
543
544
545
546
546
547
547
548
548
550
551
552
552
553
559
560
560
560
561
562
564
567
570
570
570
570
571
572
572
572
573
573
574
574
576
578
578
582
583
584
584
584
588
588
588
589
590
594
595
597
599
599
600
600
600
601
602
602
603
604
605
606
606
606
607
608
608
610
613
613
615
616
616
617
618
619
619
619
619
621
622
623
624
626
627
628
629
630
630
630
630
630
630
630
631
631
632
632
633
634
635
636
640
641
641
642
643
643
643
644
644
644
644
644
644
644
644
645
646
647
647
648
648
649
649
649
649
649
650
651
653
653
654
656
660
661
663
663
663
663
664
664
665
665
666
666
667
667
667
668
668
669
669
669
669
669
669
670
672
673
673
674
674
674
676
677
677
677
677
678
678
678
679
679
679
679
680
680
681
681
683
683
684
684
685
685
686
687
689
691
692
692
693
694
695
695
696
696
697
697
699
700
700
703
705
705
707
709
710
711
713
717
719
722
722
723
723
724
726
726
726
728
729
731
733
737
738
739
740
740
740
741
744
744
745
746
747
747
748
749
749
752
756
757
757
757
758
759
759
759
760
761
761
761
762
762
762
762
763
763
763
763
764
764
764
765
765
767
767
768
769
770
771
771
772
772
772
772
773
773
773
774
774
778
779
779
779
781
781
785
787
790
791
792
792
792
793
794
795
801
801
803
803
804
808
808
809
810
810
810
810
810
813
813
815
818
819
820
821
824
825
826
826
834
835
837
838
838
841
844
844
846
846
848
848
849
849
849
852
852
855
856
857
857
860
860
863
865
865
868
869
871
876
878
881
883
886
887
891
892
894
894
899
900
912
916
917
918
919
921
921
921
924
926
926
929
931
933
934
934
935
938
938
939
940
941
943
943
944
944
945
948
950
951
952
952
953
953
954
955
955
958
961
961
962
962
963
966
968
970
970
971
972
972
972
974
974
976
978
979
979
980
981
982
985
987
988
989
991
992
995
995
996
997
998
1001
1006
1011
1011
1011
1013
1014
1025
1027
1029
1030
1038
1039
1046
1049
1049
1049
1049
1050
1053
1053
1055
1058
1061
1067
1070
1071
1071
1078
1080
1080
1084
1091
1091
1094
1097
1097
1098
1100
1109
1109
1110
1110
1110
1115
1116
1117
1119
1121
1122
1122
1123
1126
1127
1129
1130
1130
1132
1133
