0
2
2
3
4
4
5
5
6
6
6
7
7
7
7
7
7
7
8
8
8
8
8
8
8
8
9
9
9
9
9
9
9
9
9
9
10
10
10
10
10
10
10
10
10
10
10
10
11
11
11
11
11
11
11
11
11
11
11
12
12
12
12
12
12
12
13
13
13
13
13
13
13
13
13
13
13
13
13
13
14
14
14
14
14
14
14
14
14
14
14
15
15
15
15
15
15
15
15
15
15
15
16
16
16
16
17
17
17
17
18
18
19
19
19
19
20
20
20
21
21
21
21
22
22
23
24
25
25
25
26
27
28
28
29
29
30
31
31
31
31
31
31
31
32
32
32
32
32
33
33
33
33
33
33
34
35
35
35
35
35
35
35
35
36
36
36
36
36
37
37
37
37
37
38
38
38
38
39
40
40
40
41
41
41
41
42
42
42
42
43
43
43
43
44
44
44
44
45
45
46
46
46
46
46
46
46
47
47
47
47
47
48
49
49
49
49
49
50
50
50
50
50
50
50
50
50
50
50
50
50
51
51
51
51
51
51
51
51
52
52
52
52
53
53
53
53
53
53
53
53
54
54
54
54
54
54
54
54
54
55
55
55
55
55
56
56
56
57
57
57
57
58
58
58
58
59
59
59
59
59
59
59
59
59
59
59
60
60
60
61
61
61
61
62
62
62
62
62
62
63
63
63
63
63
63
63
63
64
64
64
64
64
64
64
64
65
65
65
65
65
65
65
65
66
66
66
66
66
66
66
67
67
68
68
68
68
69
69
69
69
69
70
70
70
70
70
70
71
71
71
72
72
72
72
72
72
72
72
72
72
72
72
73
73
73
73
73
73
73
73
74
74
74
74
74
74
74
74
74
74
74
75
75
75
75
75
75
75
75
75
75
76
76
76
76
76
77
77
77
77
78
78
78
78
78
79
79
79
79
79
80
80
80
80
80
80
80
81
81
81
81
81
81
81
81
81
82
82
82
82
82
83
83
83
83
84
84
84
84
84
84
84
85
85
85
85
85
86
86
86
86
87
87
87
87
87
87
87
87
88
88
88
88
88
88
89
89
89
89
89
89
90
90
90
90
90
91
91
91
91
91
92
92
92
93
93
93
93
93
93
93
94
94
94
94
94
94
95
95
95
95
95
95
95
95
95
96
96
96
96
97
97
97
98
98
98
98
99
99
99
99
99
99
99
100
100
100
100
100
101
101
101
101
101
102
102
102
102
102
102
102
103
103
103
104
104
104
104
104
104
104
105
105
105
105
105
105
105
105
105
105
105
105
106
106
107
107
107
107
107
108
108
108
108
109
109
109
110
110
110
110
112
112
113
113
113
114
114
114
114
114
114
114
115
115
115
115
115
115
116
116
116
116
116
116
117
117
117
117
118
118
119
119
120
120
120
120
121
121
121
121
121
122
122
122
122
122
123
124
124
124
124
124
124
124
124
125
125
125
125
125
125
126
126
126
126
126
126
127
127
127
127
127
128
128
128
128
129
129
130
131
131
131
132
133
133
133
133
133
134
134
134
134
134
135
135
135
135
137
139
139
139
140
141
141
141
141
141
142
143
143
143
144
144
144
144
144
144
145
145
145
146
146
146
146
147
147
148
149
149
149
149
149
150
150
150
151
151
152
152
152
152
152
152
153
154
154
154
154
154
154
154
155
155
155
155
155
156
156
156
156
156
156
157
157
158
158
159
159
159
160
160
160
161
161
161
161
161
161
161
161
161
161
162
162
162
162
162
162
162
162
162
163
163
163
163
163
163
163
163
164
164
164
164
164
164
164
165
165
165
165
166
166
166
166
166
167
167
167
167
167
168
168
168
169
169
169
169
169
169
169
170
170
170
170
170
170
170
170
170
171
171
171
171
171
171
172
172
172
172
172
172
172
172
172
172
172
172
172
172
172
172
173
173
173
173
174
174
174
174
174
174
175
175
175
175
175
175
175
175
175
175
176
176
176
176
176
176
177
177
178
178
178
178
178
178
179
179
179
179
179
180
180
180
180
180
181
181
181
182
182
182
183
183
183
184
184
184
185
185
185
185
185
185
186
186
186
187
187
188
189
189
189
190
190
190
190
190
190
191
191
191
191
191
192
192
192
192
192
192
192
193
193
193
193
194
194
194
195
196
196
197
197
197
197
197
198
198
198
198
198
198
199
199
200
200
200
201
201
201
201
201
201
201
201
201
201
201
201
202
202
202
202
202
202
202
202
203
203
203
203
203
203
204
204
204
204
204
205
205
205
205
205
205
205
205
205
205
206
206
206
206
206
206
207
207
207
207
207
208
208
208
208
208
208
208
208
209
209
209
210
211
211
211
211
211
212
212
212
213
213
213
213
213
214
214
214
215
215
215
215
215
216
216
217
217
217
218
218
219
221
221
221
221
221
222
222
222
222
222
222
223
223
223
223
223
223
223
223
224
224
224
224
224
224
224
224
225
225
225
225
225
225
225
226
226
226
226
227
227
227
227
228
228
228
229
230
230
230
230
231
231
232
232
232
232
232
233
233
233
233
233
234
235
235
235
236
237
238
238
238
239
239
239
239
239
239
239
239
240
240
240
240
240
241
241
241
241
242
243
243
243
243
243
244
244
244
245
245
245
246
246
246
247
247
247
247
248
248
248
248
249
249
250
251
251
251
251
252
252
252
252
253
253
254
254
254
254
254
255
255
255
255
255
256
256
258
258
258
259
260
260
261
261
263
263
264
267
268
270
270
271
271
275
276
278
279
281
281
282
284
296
302
303
304
304
305
305
305
306
306
307
310
312
315
316
317
317
318
318
319
320
322
327
330
332
340
340
341
342
343
344
346
347
348
348
349
349
349
350
350
359
359
370
371
374
376
376
377
378
379
379
379
382
382
383
384
384
385
385
387
387
390
390
391
396
397
399
399
401
404
404
405
408
408
408
408
409
410
410
411
411
412
415
416
418
419
420
422
429
433
433
436
437
438
440
446
447
448
452
457
460
460
465
465
466
466
467
469
479
483
487
488
490
491
491
492
496
497
502
509
509
513
515
518
519
520
521
525
530
531
531
531
533
534
534
535
547
555
555
555
556
557
560
561
563
563
572
573
574
575
576
576
576
577
577
577
577
580
581
583
583
583
584
584
585
586
586
587
588
590
593
594
596
596
596
596
597
597
602
604
605
605
605
606
606
607
612
616
617
618
618
620
620
622
623
625
625
625
626
626
626
628
628
629
630
630
630
630
630
631
631
632
633
633
634
635
635
635
635
637
639
646
648
648
649
649
650
651
652
652
652
653
653
654
662
666
667
670
670
671
672
672
673
673
674
674
676
677
677
678
679
679
681
681
682
682
682
682
682
683
687
687
692
692
692
692
693
693
694
695
695
695
696
698
699
699
702
703
704
704
705
706
707
707
707
708
708
708
710
710
711
711
712
712
715
717
717
718
718
719
719
720
722
722
724
725
726
726
726
726
728
736
741
743
743
743
743
745
746
748
748
750
750
754
755
755
756
757
757
757
757
759
762
763
763
764
766
766
767
767
767
768
768
768
770
770
770
770
770
770
771
771
771
772
773
774
774
775
775
776
776
776
777
778
778
779
782
783
784
785
786
786
786
787
788
788
788
788
789
790
791
798
799
803
809
809
809
809
810
810
810
812
814
816
817
817
817
818
818
818
819
819
820
820
821
821
821
822
822
823
824
824
825
825
825
834
834
834
835
835
835
835
836
837
837
837
837
838
838
840
841
843
843
844
844
844
845
846
846
846
847
848
848
849
849
850
850
850
850
850
851
851
851
851
852
852
852
852
853
853
853
854
854
856
856
857
857
858
858
858
858
859
861
861
863
863
863
864
865
865
865
866
868
869
869
870
872
873
876
878
879
880
881
883
889
890
891
891
892
895
899
900
900
901
901
902
902
902
903
904
904
905
906
907
910
910
910
910
911
911
912
912
912
913
914
915
915
917
918
920
921
931
933
937
937
937
938
939
944
945
946
947
947
948
948
948
949
952
953
958
958
959
959
959
961
961
962
962
963
963
963
963
966
968
968
968
969
971
971
972
972
972
972
974
974
976
976
980
980
981
981
981
982
982
983
983
983
984
984
984
987
987
987
987
989
989
995
995
996
997
998
998
998
1000
1000
1000
1000
1001
1001
1002
1005
1005
1006
1007
1009
1009
1010
1010
1010
1011
1011
1012
1013
1013
1014
1014
1014
1014
1014
1015
1017
1018
1018
1019
1021
1022
1025
1025
1026
1026
1027
1029
1029
1029
1030
1034
1035
1037
1039
1040
1041
1042
1044
1046
1047
1048
1050
1050
1051
1051
1051
1053
1054
1054
1054
1054
1055
1055
1056
1056
1056
1056
1056
1057
1057
1059
1060
1061
1061
1061
1061
1062
1062
1063
1065
1066
1066
1067
1068
1068
1068
1069
1070
1070
1071
1071
1071
1073
1076
1077
1078
1078
1079
1079
1079
1080
1080
1080
1081
1082
1083
1084
1084
1085
1085
1088
1088
1089
1091
1091
1093
1093
1095
1096
1098
1098
1099
1099
1101
1102
1107
1108
1109
1109
1110
1111
1111
1113
1115
1116
1117
1121
1121
1123
1123
1127
1128
1133
1133
1134
1135
1136
1136
1138
1138
1140
1140
1140
1141
1141
1141
1142
1142
1143
1143
1147
1149
1150
1151
1152
1153
1154
1154
1155
1155
1156
1158
1158
1159
1161
1162
1162
1166
1166
1168
1169
1170
1171
1171
1172
1172
1173
1176
1177
1178
1179
1179
1180
1181
1181
1181
1182
1182
1183
1183
1186
1186
1186
1186
1187
1187
1188
1188
1189
1191
1192
1193
1193
1194
1194
1194
1199
1199
1200
1200
1201
1201
1201
1202
1202
1204
1204
1205
1207
1207
1208
1210
1211
1211
1211
1212
1212
1213
1214
1214
1217
1222
1224
1226
1227
1228
1228
1228
1228
1228
1229
1229
1229
1230
1230
1232
1233
1233
1233
1234
1235
1236
1236
1237
1237
1237
1238
1238
1239
1239
1240
1244
1244
1244
1245
1246
1247
1248
1249
1250
1250
1250
1252
1255
1256
1258
1259
1261
1262
1262
1263
1264
1264
1265
1265
1265
1266
1267
1267
1267
1268
1268
1268
1269
1269
1270
1272
1273
1273
1273
1274
1275
1275
1275
1276
1276
1276
1277
1277
1277
1277
1278
1278
1279
1281
1281
1281
1281
1281
1282
1282
1282
1283
1283
1284
1284
1285
1288
1288
1288
1289
1289
1290
1293
1293
1294
1295
1298
1298
1298
1302
1302
1307
1309
1310
1311
1312
1312
1314
1314
1315
1316
1319
1320
1320
1320
1320
1321
1321
1322
1322
1323
1323
1323
1324
1324
1326
1327
1327
1328
1328
1328
1328
1329
1329
1330
1330
1330
1330
1330
1332
1332
1333
1334
1334
1334
1335
1335
1335
1335
1336
1337
1339
1342
1342
1343
1344
1344
1344
1345
1347
1347
1347
1348
1348
1348
1349
1350
1350
1351
1352
1354
1354
1354
1355
1356
1357
1357
1358
1358
1359
1360
1360
1360
1361
1361
1363
1364
1364
1365
1365
1366
1366
1366
1367
1371
1371
1372
1375
1375
1376
1376
1382
1384
1385
1386
1389
1391
1393
1394
1394
1394
1396
1396
1397
1399
1400
1400
1400
1400
1401
1402
1405
1406
1414
1414
1414
1416
1423
1423
1425
1426
1431
1432
1436
1495
1502
1504
1505
1507
1510
1510
1512
1513
1515
1515
1516
1517
1519
1520
1522
1525
1527
1528
1528
1532
1534
1535
1539
1540
1540
1543
1545
1546
1549
1551
1552
1553
1555
1555
1557
1557
1558
1561
1566
1573
1574
1576
1576
1576
1577
1577
1578
1579
1580
1580
1583
1585
1588
1588
1589
