0
2
2
4
4
4
7
7
7
7
8
8
8
8
8
8
8
8
8
8
9
9
9
9
9
9
9
9
9
10
10
10
10
10
10
10
10
10
10
10
11
11
11
11
11
11
11
11
11
11
11
11
12
12
12
12
12
12
12
12
12
13
13
13
13
13
13
13
13
13
13
13
13
13
13
14
14
14
14
14
14
14
15
15
15
15
15
15
15
15
15
15
15
15
16
16
16
16
16
16
16
16
16
17
17
18
18
18
19
19
19
19
20
20
20
21
22
22
22
22
23
23
23
23
23
24
24
24
24
24
25
25
26
26
27
27
27
27
28
28
28
29
30
30
30
30
30
30
30
30
31
31
31
31
31
32
32
33
33
33
33
33
34
34
34
34
34
35
35
35
35
36
36
36
37
37
38
39
40
41
42
42
42
42
43
43
43
43
43
43
43
44
44
44
44
44
44
45
45
45
47
47
47
48
48
48
48
48
49
49
49
49
49
50
50
50
50
50
50
50
50
50
51
51
51
51
52
52
52
52
52
53
53
53
53
53
53
54
54
54
54
54
55
55
55
56
56
56
56
57
57
57
57
58
58
58
58
58
58
59
59
59
60
60
60
60
61
61
61
61
62
62
62
62
62
62
63
63
63
63
63
63
63
63
64
64
64
64
64
64
64
64
64
64
64
65
65
65
65
65
65
65
66
66
66
66
66
66
67
67
67
67
67
67
67
67
67
68
68
68
68
68
68
68
68
68
68
68
68
69
69
69
69
69
69
69
69
69
69
69
70
70
70
70
70
70
71
71
71
72
72
72
72
73
73
73
73
73
73
73
73
74
74
74
74
75
75
75
75
75
75
75
75
75
76
76
76
76
76
76
76
76
76
76
76
76
77
77
77
77
77
78
78
78
78
78
78
78
78
78
79
79
79
79
79
79
79
80
80
80
80
80
80
80
80
81
81
81
81
81
81
81
82
82
82
82
82
82
83
83
83
83
83
83
83
83
84
84
84
84
85
85
85
85
85
86
86
86
86
86
87
87
87
87
88
88
88
89
89
90
90
90
90
90
91
91
91
92
92
93
93
93
93
93
94
94
94
94
94
94
94
94
94
94
94
94
94
95
95
95
95
96
96
96
96
96
96
96
97
97
97
97
97
98
98
98
98
98
99
99
99
99
100
100
100
100
100
100
100
100
100
100
100
101
101
101
101
101
101
102
102
102
102
102
102
102
102
102
103
103
103
103
103
103
103
104
104
104
104
105
105
105
105
105
105
105
106
106
106
106
107
107
107
107
107
107
108
108
108
108
109
109
110
110
110
110
111
111
111
112
112
112
112
113
113
113
113
113
113
113
113
114
114
114
114
114
115
115
115
116
116
116
116
117
117
117
117
117
117
118
119
119
120
120
120
120
121
121
121
122
122
123
124
124
125
126
128
128
131
132
132
133
133
134
135
135
135
135
135
136
136
137
137
138
138
139
139
139
139
140
141
141
141
141
142
143
143
143
144
144
144
145
145
146
147
147
147
148
148
148
148
148
149
149
149
149
150
150
150
150
151
151
151
151
151
151
152
152
152
153
153
153
153
153
153
154
154
154
154
155
155
155
155
155
156
156
156
156
156
157
157
157
157
157
157
157
157
158
158
158
158
158
158
158
158
158
158
159
159
159
160
160
160
160
160
160
160
160
160
160
160
160
160
161
161
161
161
161
161
162
162
162
162
162
162
163
163
163
163
164
164
164
164
164
164
164
164
164
165
165
165
165
165
165
165
165
165
165
166
166
166
166
167
167
167
167
167
167
167
167
167
167
167
168
168
168
168
168
168
169
169
169
169
169
169
169
170
170
170
171
171
171
171
171
171
171
171
171
172
172
173
173
173
173
173
173
173
173
174
174
174
174
174
174
174
175
175
175
175
175
175
176
176
176
176
176
176
177
177
177
177
177
177
178
179
179
179
179
179
179
179
179
180
180
180
180
180
180
180
180
181
181
181
181
181
181
181
181
182
182
182
182
182
182
182
182
182
182
182
182
182
183
183
183
183
183
183
183
183
184
184
184
184
184
184
184
184
184
184
184
184
184
185
185
185
185
185
185
185
185
185
186
186
186
186
187
187
187
187
187
187
187
187
187
188
188
188
188
188
188
188
189
189
189
189
189
189
189
189
190
190
190
190
190
190
191
191
191
191
191
192
192
192
192
192
192
192
193
193
193
193
193
193
193
193
194
194
194
194
194
194
195
195
195
196
196
197
198
198
198
198
198
198
198
199
199
199
200
200
200
200
200
200
200
200
200
200
200
201
201
201
201
201
201
201
201
201
201
201
201
201
201
202
202
202
202
202
203
203
203
203
203
204
204
204
204
204
204
205
205
205
205
205
205
205
205
205
206
206
206
206
207
207
207
208
208
208
208
208
208
208
209
209
209
209
209
209
209
209
210
210
210
210
210
210
210
210
210
210
211
211
211
212
212
212
213
213
213
213
214
215
215
216
216
217
217
217
218
219
219
219
219
219
220
220
220
220
220
220
220
220
221
222
222
223
224
224
224
225
225
225
225
226
227
227
227
227
227
228
228
228
228
228
228
229
229
230
230
230
230
231
232
232
232
233
233
233
233
235
236
236
236
237
237
237
238
238
238
238
238
239
240
240
240
241
242
242
243
243
244
244
246
247
247
248
249
249
250
250
251
251
252
252
253
253
253
253
254
254
254
256
257
258
259
260
263
263
264
264
265
265
265
266
266
267
270
270
270
271
271
274
274
276
278
278
279
279
279
281
282
283
284
284
285
285
285
286
286
286
287
287
294
294
295
295
297
297
298
298
299
314
316
323
327
330
330
331
335
335
337
337
337
337
337
338
338
338
338
339
339
340
341
348
353
354
361
367
375
379
385
385
389
396
400
400
401
402
403
405
405
407
408
410
411
412
413
414
417
419
419
420
423
423
424
427
427
427
428
428
430
430
430
432
432
433
440
446
449
449
450
450
453
455
455
456
458
458
458
459
460
460
460
461
461
463
464
466
469
470
470
473
473
475
477
479
484
484
487
490
492
496
496
496
498
498
500
502
509
513
518
526
528
529
530
532
532
534
535
536
537
537
538
540
541
542
542
543
544
544
544
544
544
544
544
545
545
545
545
545
546
546
548
549
550
550
552
554
554
554
555
556
556
557
557
557
559
559
560
561
561
563
567
568
578
583
584
584
592
593
595
597
599
601
601
602
603
603
603
604
605
607
608
611
611
612
612
612
612
612
612
612
612
613
613
614
614
614
614
616
616
616
616
619
619
621
622
623
625
625
629
629
630
631
633
633
633
634
634
635
635
635
635
636
636
636
636
637
638
639
641
644
644
646
647
647
647
648
649
650
651
654
655
655
656
656
656
656
657
657
657
662
663
664
665
665
666
666
666
667
668
669
671
672
672
675
680
680
680
680
686
686
688
691
692
692
693
694
695
695
695
696
696
701
701
701
701
705
708
709
709
710
710
710
710
710
711
712
712
713
713
715
715
715
718
718
722
723
723
724
724
724
725
726
726
727
728
728
729
729
729
729
730
730
731
731
732
732
733
734
735
735
736
736
736
736
737
737
737
737
738
740
741
744
745
748
748
748
749
754
754
754
755
761
761
762
764
766
766
767
767
767
769
770
774
775
776
777
778
779
779
779
780
781
782
783
783
784
784
785
785
785
786
787
788
789
789
790
790
791
791
794
797
805
807
808
809
810
811
811
811
812
812
813
813
814
814
814
816
819
821
821
823
824
824
824
825
826
826
826
826
827
827
828
829
829
830
831
831
831
833
833
834
835
836
836
836
836
838
839
839
840
841
841
841
841
842
842
843
844
844
844
846
848
848
849
850
851
851
852
852
853
853
853
855
855
855
856
856
857
858
859
860
860
861
863
863
864
871
871
874
876
876
876
877
877
877
877
878
878
878
878
881
881
881
883
883
885
885
888
888
889
890
891
891
892
894
896
896
896
899
900
901
901
902
902
902
906
908
910
912
912
914
915
915
916
916
916
917
917
917
917
919
920
920
926
926
927
928
929
930
934
935
935
936
938
938
939
939
939
940
941
941
942
942
942
943
943
943
943
944
944
945
945
945
945
945
946
946
946
947
947
947
948
948
948
948
951
951
951
952
953
954
955
955
956
956
957
960
961
961
961
962
962
962
963
964
965
966
966
967
967
967
968
968
968
969
969
969
970
972
974
974
974
975
977
977
977
978
979
979
981
981
982
982
983
983
983
983
987
990
990
994
994
995
997
997
998
998
998
998
1000
1001
1006
1006
1007
1009
1009
1010
1010
1011
1012
1012
1013
1013
1014
1014
1014
1014
1014
1015
1017
1018
1022
1024
1025
1026
1027
1031
1032
1032
1032
1033
1034
1034
1035
1036
1037
1037
1037
1038
1039
1039
1040
1041
1041
1042
1042
1043
1044
1045
1046
1046
1047
1047
1047
1047
1047
1048
1048
1048
1049
1049
1050
1051
1051
1056
1058
1058
1059
1061
1062
1063
1063
1064
1065
1065
1065
1067
1067
1069
1069
1070
1070
1071
1073
1073
1073
1073
1074
1077
1077
1077
1078
1080
1083
1083
1085
1085
1085
1086
1087
1088
1090
1090
1091
1092
1093
1094
1095
1096
1096
1096
1096
1098
1101
1103
1105
1105
1111
1112
1113
1114
1116
1117
1118
1118
1118
1122
1123
1123
1123
1124
1126
1127
1127
1127
1127
1127
1127
1128
1129
1129
1129
1130
1130
1132
1133
1134
1135
1135
1136
1137
1137
1138
1138
1140
1140
1141
1142
1142
1142
1145
1147
1149
1151
1152
1153
1153
1156
1158
1160
1161
1163
1163
1164
1166
1166
1166
1168
1174
1174
1174
1176
1176
1176
1177
1179
1182
1182
1183
1183
1184
1184
1185
1187
1187
1189
1195
1196
1196
1198
1199
1199
1199
1200
1200
1201
1202
1202
1203
1205
1205
1206
1207
1208
1209
1210
1210
1211
1211
1213
1216
1217
1218
1221
1222
1224
1225
1226
1226
1230
1231
1231
1231
1232
1235
1237
1239
1241
1241
1244
1246
1246
1247
1248
1249
1250
1251
1251
1252
1254
1255
1256
1258
1258
1259
1259
1259
1259
1259
1259
1260
1260
1261
1261
1261
1262
1262
1263
1263
1263
1263
1264
1265
1266
1267
1267
1267
1268
1268
1268
1269
1269
1270
1270
1274
1274
1280
1285
1287
1287
1287
1288
1288
1290
1290
1291
1294
1294
1294
1295
1295
1296
1297
1297
1298
1298
1299
1299
1300
1300
1300
1300
1301
1301
1302
1302
1303
1304
1305
1305
1305
1306
1307
1307
1307
1308
1308
1308
1309
1309
1309
1310
1311
1311
1312
1313
1317
1317
1317
1318
1318
1318
1318
1319
1320
1320
1322
1322
1322
1322
1323
1323
1324
1325
1326
1326
1327
1327
1327
1329
1330
1330
1331
1332
1338
1340
1340
1341
1342
1344
1344
1345
1346
1348
1349
1349
1349
1350
1351
1351
1351
1353
1354
1354
1354
1355
1357
1357
1358
1358
1358
1359
1360
1360
1364
1365
1365
1367
1367
1368
1368
1368
1368
1370
1370
1370
1370
1370
1371
1372
1372
1373
1374
1374
1374
1375
1376
1376
1377
1377
1377
1378
1379
1379
1380
1380
1380
1382
1382
1384
1384
1384
1385
1387
1388
1390
1392
1393
1393
1395
1397
1398
1399
1400
1401
1401
1405
1406
1408
1408
1408
1410
1410
1410
1410
1411
1411
1411
1412
1413
1413
1415
1428
1428
1428
1433
1481
1487
1491
1495
1495
1496
1496
1499
1502
1507
1507
1509
1509
