0
2
3
5
5
6
6
6
7
7
7
7
7
7
7
7
7
8
8
8
8
8
8
8
9
9
9
9
9
10
10
10
11
12
12
13
13
13
14
14
15
15
15
15
16
16
16
16
16
17
17
17
17
18
18
18
18
18
18
18
19
19
19
19
20
20
20
20
20
21
21
22
22
22
23
23
24
24
24
25
25
26
26
27
27
27
27
28
28
28
28
29
29
29
29
30
30
30
31
31
32
32
32
32
32
32
33
33
34
36
37
37
37
38
38
39
39
39
40
41
42
42
42
43
43
43
44
44
44
44
45
46
46
46
47
47
47
48
48
48
49
49
49
50
51
52
52
52
54
54
54
55
55
55
56
56
56
57
57
57
58
58
59
59
60
60
60
61
61
62
62
62
63
63
63
64
64
65
65
65
65
68
68
68
68
69
69
70
70
70
70
71
71
71
72
72
72
73
74
74
74
74
74
75
75
76
76
76
77
77
78
78
78
80
81
81
82
82
82
84
84
84
84
85
85
85
85
85
86
86
86
86
87
87
88
88
89
89
89
91
92
93
94
94
94
95
96
96
96
96
96
97
98
98
98
98
98
98
98
99
99
101
101
101
102
103
103
103
103
104
104
105
105
105
105
105
105
105
105
106
106
106
106
106
106
106
107
108
109
109
111
111
111
112
113
113
113
114
114
114
114
114
114
115
115
115
115
116
116
116
116
117
118
118
119
119
120
120
121
121
122
122
122
123
123
124
124
124
125
125
125
125
125
125
125
126
127
127
127
127
128
130
131
132
132
133
134
134
134
135
136
136
139
139
140
140
140
140
142
143
145
148
149
151
151
153
153
153
154
154
155
156
156
157
157
158
159
159
160
160
160
162
162
162
163
163
164
164
164
164
165
166
167
170
170
171
171
171
172
173
173
173
173
173
176
180
181
182
183
183
183
183
184
184
184
185
186
186
186
187
188
189
189
189
189
190
190
191
192
192
192
192
193
193
194
196
196
198
198
204
204
206
206
209
210
210
214
215
220
221
221
227
230
232
234
235
235
239
244
248
249
251
252
254
257
257
261
266
267
268
270
271
273
274
274
275
275
276
277
281
282
283
283
284
287
287
289
295
295
297
298
302
304
304
305
306
307
309
309
310
310
311
311
311
312
313
313
314
315
316
316
317
318
318
319
319
320
320
324
324
326
326
327
328
329
332
332
333
334
334
337
337
337
338
338
339
340
341
343
343
343
344
344
345
350
350
354
354
355
355
356
357
358
359
359
359
360
360
361
362
363
363
364
365
367
368
369
370
370
370
372
372
378
380
383
384
386
386
391
394
394
395
396
396
401
401
401
403
405
407
408
409
410
410
410
412
412
412
412
413
413
414
414
414
414
415
415
416
418
419
419
420
420
421
421
421
422
422
422
422
422
423
424
424
424
425
425
426
427
427
427
428
429
429
431
434
435
437
438
439
440
446
448
448
448
448
449
449
450
450
450
451
451
453
458
459
461
464
471
472
472
472
473
477
479
480
484
484
487
489
491
492
502
502
503
503
503
505
506
508
509
511
512
517
517
517
518
520
521
522
527
542
542
543
544
544
545
547
549
549
550
551
552
559
560
561
561
563
563
566
587
622
622
623
631
636
637
639
642
646
646
647
647
648
652
654
655
655
656
662
665
667
667
668
669
670
670
670
672
674
678
678
679
682
684
686
686
687
688
689
689
691
695
695
699
700
701
701
701
705
706
707
709
714
715
716
718
723
727
736
737
738
740
742
746
751
754
758
764
768
771
771
771
781
783
784
785
786
788
793
798
833
834
834
846
848
850
851
853
857
861
862
862
865
865
865
865
866
870
870
870
870
871
871
871
871
872
872
872
873
873
875
877
886
887
890
892
894
898
900
905
908
909
909
910
930
930
934
939
945
946
957
962
964
966
966
966
967
969
969
969
970
970
970
970
970
970
970
972
985
986
986
987
988
988
989
989
990
990
995
995
996
997
998
1000
1000
1000
1000
1001
1001
1001
1002
1005
1005
1007
1009
1009
1010
1013
1015
1016
1020
1021
1022
1025
1026
1026
1027
1029
1032
1035
1039
1043
1045
1045
1045
1047
1047
1048
1048
1048
1048
1049
1049
1049
1050
1050
1050
1050
1050
1051
1052
1054
1061
1062
1070
1074
1077
1079
1081
1084
1084
1090
1092
1093
1093
1094
1096
1097
1108
1109
1111
1112
1112
1114
1115
1116
1118
1119
1126
1127
1130
1140
1140
1140
1140
1140
1140
1141
1142
1142
1142
1144
1144
1146
1148
1149
1149
1149
1149
1150
1152
1154
1160
1167
1167
1170
1173
1181
1184
1184
1184
1187
1195
1196
1198
1200
1205
1207
1207
1207
1207
1208
1208
1210
1213
1215
1230
1231
1231
1231
1232
1232
1233
1233
1235
1236
1238
1239
1240
1241
1242
1242
1242
1242
1243
1244
1250
1251
1251
1251
1252
1256
1256
1257
1257
1258
1258
1259
1263
1264
1274
1276
1276
1276
1276
1277
1277
1277
1278
1278
1278
1279
1279
1280
1281
1281
1284
1284
1284
1286
1286
1286
1290
1290
1292
1293
1293
1294
1295
1295
1295
1301
1304
1305
1307
1308
1310
1311
1312
1314
1316
1318
1318
1319
1319
1319
1320
1320
1320
1320
1320
1320
1321
1325
1326
1326
1326
1328
1331
1332
1332
1332
1332
1333
1333
1335
1335
1338
1339
1339
1340
1343
1343
1343
1343
1344
1344
1345
1345
1345
1345
1348
1349
1352
1357
1359
1360
1361
1374
1377
1396
1400
1403
1404
1405
1405
1406
1407
1407
1409
1409
1409
1415
1416
1416
1421
1421
1421
1421
1421
1421
1422
1422
1423
1423
1425
1425
1425
1428
1429
1429
1430
1430
1431
1431
1431
1431
1431
1431
1432
1433
1433
1433
1433
1434
1435
1435
1435
1435
1436
1436
1436
1436
1437
1438
1441
1442
1445
1446
1446
1446
1446
1446
1447
1447
1447
1448
1448
1449
1449
1451
1452
1453
1454
1454
1454
1456
1456
1456
1457
1457
1458
1458
1459
1460
1460
1461
1461
1462
1463
1463
1465
1467
1467
1467
1471
1471
1473
1474
1475
1475
1477
1477
1480
1482
1482
1482
1482
1482
1484
1484
1484
1484
1485
1485
1487
1487
1489
1490
1491
1492
1493
1493
1494
1496
1496
1497
1497
1498
1498
1499
1501
1501
1501
1505
1509
1509
1510
1512
1513
1514
1515
1518
1520
1520
1521
1521
1523
1524
1525
1526
1527
1527
1528
1529
1530
1530
1530
1531
1531
1531
1531
1531
1531
1531
1532
1533
1536
1536
1536
1537
1540
1540
1541
1541
1541
1541
1541
1541
1542
1542
1542
1543
1545
1549
1554
1554
1556
1558
1558
1558
1558
1558
1564
1564
1564
1564
1564
1566
1566
1569
1569
1569
1571
1572
1573
1574
1574
1574
1574
1575
1575
1576
1577
1581
1581
1582
1583
1583
1583
1584
1584
1584
1584
1584
1584
1585
1586
1586
1587
1587
1587
1587
1587
1588
1589
1591
1592
1594
1594
1595
1597
1598
1598
1600
1602
1602
1602
1603
1604
1608
1609
1610
1613
1614
1614
1615
1615
1615
1616
1617
1617
1617
1617
1617
1618
1619
1620
1620
1622
1623
1626
1628
1635
1635
1635
1636
1637
1637
1638
1639
1639
1639
1640
1641
1641
1642
1642
1644
1644
1645
1646
1646
1647
1648
1648
1650
1652
1652
1652
1652
1652
1653
1653
1659
1661
1663
1664
1664
1666
1666
1667
1668
1668
1669
1672
1673
1674
1674
1674
1677
1680
1680
1681
1681
1682
1682
1682
1683
1683
1683
1683
1684
1685
1686
1689
1689
1690
1690
1690
1691
1691
1692
1693
1694
1694
1697
1698
1702
1703
1709
1710
1711
1711
1711
1712
1713
1715
1715
1716
1716
1716
1719
1720
1720
1721
1722
1730
1732
1736
1741
1742
1749
1755
1756
1759
1760
1761
1762
1762
1762
1764
1765
1766
1768
1773
1773
1774
1778
1792
1792
1792
1793
1793
1793
1794
1795
1798
1799
1799
1800
1800
1801
1801
1802
1804
1804
1804
1806
1807
1807
1807
1807
1809
1810
1814
1814
1816
1817
1817
1820
1825
1825
1825
1825
1825
1829
1830
1834
1835
1836
1836
1840
1840
1840
1841
1843
1844
1844
1846
1848
1852
1853
1853
1855
1856
1858
1858
1859
1862
1863
1866
1867
1873
1881
1882
1882
1883
1883
1884
1885
1896
1899
1901
1902
1903
1903
1905
1906
1917
1919
1919
1919
1920
1920
1920
1921
1921
1925
1925
1926
1933
1934
1936
1936
1938
1938
1938
1938
1940
1941
1941
1944
1954
1957
1964
1968
1971
1976
1980
1981
1983
1986
1986
1987
1992
1998
2001
2021
2030
2032
2034
2034
2035
2036
2036
2036
2049
2062
2064
2066
2067
2068
2068
2071
2072
2074
2076
2077
2078
2085
2089
2092
2093
2109
2111
2126
2132
2133
2134
2135
2135
2135
2135
2136
2141
2142
2145
2150
2151
2151
2151
2152
2152
2153
2153
2154
2154
2155
2155
2158
2160
2160
2160
2161
2161
2161
2163
2163
2165
2165
2165
2165
2165
2165
2166
2166
2166
2166
2167
2167
2168
2168
2168
2169
2173
2174
2175
2177
2177
2178
2179
2180
2181
2185
2186
2192
2192
2202
2207
2207
2215
2218
2220
2221
2224
2224
2229
2230
2231
2231
2240
2248
2250
2250
2253
2256
2261
2265
2265
2265
2266
2266
2267
2267
2268
2280
2284
2284
2293
2305
2306
2310
2311
2314
2316
2316
2316
2323
2324
2325
2333
2337
2340
2341
2341
2342
2342
2342
2344
2344
2345
2345
2346
2349
2353
2358
2363
2365
2368
2368
2373
2373
2384
2385
2385
2385
2386
2389
2391
2392
2395
2397
2397
2398
2399
2399
2399
2400
2425
2426
2429
2435
2435
2455
2459
2460
2469
2470
2471
2496
2502
2502
2508
2514
2514
2515
2520
2524
2547
2554
2563
2565
2568
2569
2587
2597
2604
2608
2625
2649
2650
2654
2655
2655
2655
2655
2662
2666
2668
2673
2677
2680
2681
2683
2684
2686
2690
2692
2692
2696
2701
2713
2718
2731
2734
2735
2795
2807
2813
2813
2817
2820
2824
2832
2839
2844
2863
2865
2865
2869
2888
2897
2898
2899
2900
2900
2901
2905
2907
2908
2908
2908
2908
2935
2936
2937
2937
2937
2944
2944
2944
2952
2953
2957
2964
2964
2965
2965
2965
2965
2966
2966
2966
2966
2967
2978
2978
2985
2986
2990
2992
2997
2997
3001
3002
3003
3003
3003
3004
3004
3005
3005
3005
3005
3005
3006
3010
3010
3012
3012
3015
3015
3018
3029
3030
3035
3035
3044
3046
3047
3050
3050
3052
3052
3065
3066
3067
3067
3068
3068
3071
3073
3073
3073
3075
3078
3078
3078
3078
3079
3080
3081
3082
3084
3084
3084
3086
3087
3088
3088
3097
3097
3098
3100
3100
3100
3101
3101
3101
3101
3101
3102
3103
3104
3109
3111
3111
3112
3113
3114
3115
3121
3122
3124
3128
3128
3128
3132
3133
3139
3142
3143
3143
3144
3144
3145
3147
3153
3155
3157
3167
3167
3167
3167
3168
3168
3169
3170
3172
3173
3178
3179
3182
3183
3185
3190
3191
3197
3202
3212
3213
3213
3223
3224
3249
3260
3260
3262
3263
3263
3265
3265
3270
3270
3271
3279
3283
3286
3287
3304
3304
3307
3315
3318
3323
3330
3335
3337
3338
3339
3340
3341
3351
3357
3362
3369
3372
3379
3386
3391
3392
3395
3396
3397
3399
3406
3407
3407
3407
3409
3422
3422
3427
3432
3437
3443
3466
3467
3478
3478
3478
3479
3479
3479
3481
3481
3481
3484
3488
3490
3491
3495
3496
3518
3521
3524
3527
3528
3533
3536
3541
3544
3548
3553
3555
3562
3566
3592
3602
3608
3613
3617
3618
3619
3636
3639
3640
3640
3640
3641
3643
3649
3653
3659
3663
3664
3665
3667
3674
3674
3676
3676
3678
3688
3695
3700
3705
3707
3710
3715
3717
3717
3723
3731
3732
3733
3734
3742
3745
3747
3754
3757
3762
3762
3765
3767
3767
3767
3770
3770
3770
3770
3771
3774
3774
3778
3780
3780
3781
3784
3788
3789
3794
3795
3801
3803
3804
3804
3805
3808
3809
3810
3821
3826
3833
3835
3838
3840
3850
3855
3856
3856
3857
3859
3860
3860
3862
3864
3868
3876
3878
3880
3881
3881
3882
3883
3886
3892
3893
3894
3894
3898
3898
3899
3903
3903
3903
3905
3905
3906
3912
3912
3914
3915
3917
3917
3918
3919
3919
3920
3922
3922
3924
3925
3926
3929
3937
3940
3943
3945
3947
3958
3962
3963
3964
3965
3966
4000
4038
4039
4040
4053
4073
4078
4079
4079
4080
4080
4080
4080
4081
4083
4090
4093
4093
4093
4095
4102
4102
4109
4112
4123
4124
4126
4127
4129
4133
4139
4141
4142
4143
4145
4148
4152
4173
4173
4177
4193
4194
4209
4220
4221
4225
4228
4229
4241
4244
4259
4260
4261
4262
4267
4267
4269
4290
4290
4290
4292
4298
4306
4322
4335
4339
4343
4347
4353
4375
4377
4378
4379
4385
4393
4393
4395
4396
4400
4402
4403
4406
4408
4414
4414
4415
4416
4422
4423
4423
4424
4463
4480
4482
4493
4504
4508
4513
4514
