0
2
3
4
5
6
6
6
6
7
7
7
7
7
7
7
8
8
8
8
8
8
8
9
9
9
9
9
9
9
9
9
9
9
10
10
11
11
11
11
11
11
12
12
12
12
13
13
13
13
13
14
14
15
15
15
15
16
16
16
17
17
17
17
17
17
18
18
19
19
19
19
19
19
19
19
20
20
20
20
20
20
20
20
20
21
21
21
21
21
21
21
21
22
22
22
22
22
22
22
22
23
23
23
23
24
24
24
24
24
25
25
25
25
25
25
25
26
26
26
26
26
26
26
26
26
27
27
27
27
27
27
27
27
27
28
28
28
28
28
29
29
29
30
30
30
30
30
30
30
30
31
31
31
31
31
31
31
32
32
32
32
33
33
34
34
34
35
35
35
35
35
35
35
35
35
36
36
36
36
36
37
37
37
37
37
37
38
38
38
38
38
38
38
38
38
39
39
39
39
39
39
39
39
40
40
40
40
40
41
41
41
41
42
42
42
42
42
42
42
43
43
43
43
43
43
43
43
43
43
44
45
46
46
46
47
47
48
48
50
51
51
51
51
51
51
51
52
52
52
52
52
52
52
53
53
53
54
54
54
54
54
55
55
55
55
56
56
56
56
56
56
56
57
57
57
57
57
58
58
58
58
58
59
59
59
60
60
60
60
60
61
61
61
61
62
62
62
63
64
64
65
65
65
65
65
65
66
66
66
66
66
67
67
67
68
68
68
69
69
69
69
69
69
70
70
70
70
70
70
70
70
70
71
71
71
71
71
71
71
71
72
72
73
73
74
74
74
74
74
75
75
75
75
75
75
76
76
76
76
77
77
77
77
77
77
77
77
77
77
77
78
78
78
78
78
79
79
79
79
79
79
79
80
80
80
80
81
81
81
82
82
82
82
82
82
83
83
83
83
83
83
84
84
84
84
84
85
85
85
86
86
86
86
86
87
88
88
88
88
89
89
89
89
89
89
89
89
90
90
90
90
90
90
91
91
91
92
92
93
93
93
94
94
94
94
95
95
95
95
95
95
95
95
95
95
95
96
96
96
97
97
97
98
98
98
98
98
99
99
99
99
100
100
100
101
101
101
102
102
102
103
103
103
103
103
103
103
103
104
104
104
104
104
104
105
105
105
105
106
106
106
106
106
106
107
107
107
107
107
107
107
107
107
107
108
108
108
108
108
108
109
109
109
109
109
109
109
109
110
110
110
110
110
111
111
111
112
112
112
112
113
113
113
114
114
114
114
114
115
115
115
115
115
115
115
115
116
116
116
116
116
117
117
117
117
117
118
118
118
118
119
120
120
120
120
120
121
121
121
122
123
123
123
123
124
124
124
124
125
125
125
126
126
126
127
127
127
127
127
128
128
128
128
128
128
129
129
129
129
129
130
130
130
130
130
131
131
131
131
132
132
133
133
133
133
133
134
134
134
134
135
135
136
136
136
137
137
137
138
138
138
138
138
138
138
139
140
140
140
140
141
141
141
141
141
141
142
142
142
142
142
142
143
143
143
144
145
145
145
145
146
146
146
146
146
146
147
147
147
147
147
148
148
149
149
149
149
149
150
150
150
151
151
151
152
152
152
153
153
153
154
154
154
154
155
156
156
156
156
156
156
157
158
158
158
158
158
158
159
159
160
160
160
160
160
160
160
162
163
163
163
163
163
163
164
164
165
166
167
167
167
168
168
168
168
169
169
170
171
171
171
171
171
171
173
173
173
174
174
174
174
175
175
176
176
177
177
177
177
177
177
178
178
178
178
178
179
179
179
179
179
179
179
180
180
180
180
180
180
180
181
181
181
181
182
183
183
183
183
183
183
183
183
184
184
184
185
185
185
185
186
186
186
187
189
189
189
190
190
190
191
191
191
192
192
194
194
194
195
195
195
195
195
196
196
196
197
197
197
197
198
199
199
199
200
201
202
203
203
204
205
207
207
208
210
210
211
212
212
213
213
213
214
215
215
216
216
216
218
219
219
219
220
221
222
222
223
223
224
224
224
225
225
225
226
227
227
228
229
230
231
233
233
233
234
234
234
234
234
235
235
235
236
238
238
238
239
239
240
240
241
242
242
243
243
246
247
247
247
247
248
248
248
249
249
250
251
251
253
253
253
254
254
254
255
256
256
256
257
257
258
258
260
261
261
261
261
261
263
264
264
264
265
267
267
267
268
268
269
269
270
271
271
271
273
274
275
275
275
276
276
276
277
278
279
279
279
279
280
280
280
280
281
281
281
281
282
282
283
284
285
285
287
288
288
289
289
289
289
289
289
289
290
290
290
291
291
291
292
293
293
293
293
293
295
296
296
297
297
298
299
303
305
306
306
307
308
308
310
311
312
312
312
313
314
314
315
315
316
317
317
317
318
318
318
318
319
319
320
320
320
320
320
321
321
322
322
323
325
326
326
326
327
327
328
330
330
331
331
331
331
332
333
333
333
334
334
335
335
336
336
336
337
337
337
339
340
340
340
340
341
342
343
343
343
344
344
345
346
349
349
350
350
351
351
351
352
352
352
353
354
355
355
356
357
357
357
357
358
358
358
361
361
362
362
362
363
364
364
364
365
368
369
369
370
370
371
373
375
375
375
377
378
380
381
382
385
385
385
386
386
386
387
387
387
388
389
389
390
390
390
390
390
390
391
391
391
391
392
392
392
392
392
393
395
395
395
395
395
396
396
396
397
397
398
398
399
399
401
403
403
403
404
404
404
404
404
404
407
408
409
410
412
415
417
418
421
422
422
423
423
423
424
424
424
425
425
426
426
427
427
427
428
429
429
430
431
431
431
432
432
432
432
433
433
434
434
434
434
434
435
435
435
435
435
435
436
436
436
436
436
436
436
439
439
439
440
440
441
441
442
442
442
442
443
443
443
443
444
444
444
445
445
445
446
446
447
447
448
449
449
449
449
449
450
451
451
452
452
452
452
453
453
453
453
455
460
460
460
460
461
461
463
466
469
473
473
473
474
474
474
475
476
477
478
478
479
479
480
480
481
484
484
495
502
503
503
520
525
531
531
533
534
535
535
537
537
538
539
540
542
543
543
544
562
562
575
575
576
576
576
577
577
578
578
579
579
580
580
580
580
580
580
581
582
584
584
584
586
586
586
591
592
593
594
594
594
602
603
604
605
606
610
611
612
614
615
615
617
617
618
620
620
620
621
622
623
623
625
628
628
636
639
641
642
642
643
644
647
650
651
653
653
653
653
653
654
654
654
654
655
655
656
657
657
657
657
658
659
659
660
660
661
662
663
664
665
667
668
669
669
671
672
673
674
675
675
676
676
680
680
681
681
683
685
685
687
689
689
691
695
696
697
698
700
701
701
704
704
705
706
706
710
710
712
714
719
719
719
719
719
722
722
728
729
729
729
730
730
730
730
731
732
732
736
737
737
738
744
745
745
745
746
746
746
747
747
747
748
751
751
752
755
761
762
763
770
770
771
775
776
785
787
787
791
792
793
794
798
799
799
803
806
809
818
823
824
826
827
829
829
833
835
840
840
843
847
854
860
864
866
869
870
874
881
882
887
890
890
891
892
893
895
897
897
903
903
904
905
914
914
919
921
930
932
936
945
945
948
952
956
956
958
960
960
961
963
964
967
972
975
978
978
979
979
979
979
982
982
982
983
998
999
1000
1013
1017
1017
1020
1027
1027
1054
1058
1064
1068
1069
1069
1079
1080
1081
1081
1082
1083
1084
1091
1091
1093
1099
1102
1102
1102
1103
1103
1104
1113
1113
1115
1115
1116
1117
1117
1118
1118
1122
1123
1123
1123
1124
1124
1125
1126
1126
1126
1127
1133
1137
1139
1141
1145
1151
1152
1152
1153
1154
1154
1155
1158
1161
1161
1163
1166
1168
1168
1173
1173
1174
1175
1176
1177
1178
1180
1183
1183
1190
1191
1191
1194
1197
1198
1198
1199
1199
1200
1205
1206
1207
1208
1211
1212
1219
1223
1223
1224
1225
1226
1227
1230
1231
1233
1233
1233
1233
1235
1235
1236
1236
1239
1240
1244
1245
1245
1245
1245
1246
1246
1252
1257
1258
1258
1259
1259
1260
1261
1264
1266
1267
1267
1268
1268
1268
1270
1270
1271
1273
1275
1277
1282
1283
1284
1284
1284
1285
1291
1293
1295
1297
1298
1299
1309
1310
1310
1310
1311
1317
1323
1324
1329
1330
1333
1336
1339
1342
1344
1345
1347
1347
1348
1349
1350
1351
1352
1354
1369
1370
1372
1372
1372
1374
1383
1393
1394
1414
1415
1415
1415
1416
1417
1417
1418
1422
1423
1424
1425
1427
1428
1428
1428
1429
1429
1429
1429
1429
1429
1430
1430
1430
1431
1432
1433
1434
1435
1435
1435
1437
1437
1438
1438
1438
1438
1438
1439
1439
1440
1440
1440
1441
1442
1442
1445
1445
1448
1448
1451
1451
1453
1454
1454
1454
1455
1458
1461
1461
1461
1462
1462
1464
1465
1465
1467
1468
1469
1472
1472
1472
1472
1472
1473
1473
1477
1477
1477
1477
1479
1479
1480
1480
1480
1482
1483
1483
1483
1484
1484
1485
1485
1486
1486
1487
1492
1492
1492
1493
1500
1500
1506
1506
1507
1507
1509
1512
1520
1523
1523
1523
1523
1523
1524
1524
1524
1524
1525
1526
1529
1529
1529
1529
1530
1530
1531
1532
1532
1532
1533
1533
1534
1534
1534
1536
1536
1537
1538
1541
1544
1545
1546
1547
1548
1548
1552
1552
1553
1553
1554
1558
1562
1562
1563
1563
1563
1563
1564
1564
1565
1565
1567
1567
1567
1568
1568
1569
1569
1570
1570
1571
1571
1571
1576
1577
1577
1578
1578
1579
1581
1581
1582
1582
1584
1584
1585
1587
1587
1589
1589
1590
1590
1596
1596
1596
1597
1599
1600
1601
1601
1601
1601
1604
1606
1609
1610
1610
1611
1611
1611
1612
1613
1614
1614
1615
1617
1617
1617
1618
1619
1621
1624
1625
1626
1626
1626
1628
1629
1630
1632
1632
1633
1634
1634
1634
1638
1643
1644
1644
1645
1649
1650
1652
1658
1659
1659
1660
1660
1661
1662
1663
1664
1666
1666
1670
1670
1670
1671
1671
1672
1672
1672
1673
1673
1674
1675
1675
1676
1676
1676
1676
1676
1676
1677
1678
1678
1679
1679
1679
1683
1690
1691
1692
1694
1695
1695
1696
1697
1699
1700
1701
1701
1701
1701
1701
1702
1702
1702
1702
1704
1705
1705
1706
1708
1711
1712
1713
1715
1716
1717
1717
1719
1723
1723
1723
1728
1729
1730
1734
1737
1737
1742
1743
1744
1747
1748
1753
1755
1757
1757
1760
1762
1770
1780
1782
1785
1786
1787
1788
1802
1805
1808
1810
1810
1814
1830
1840
1840
1842
1843
1843
1851
1852
1852
1853
1854
1893
1894
1901
1912
1913
1914
1915
1916
1916
1920
1921
1921
1924
1928
1928
1931
1938
1939
1939
1940
1941
1941
1944
1946
1947
1949
1951
1951
1952
1952
1961
1965
1969
1971
1978
1988
1992
2010
2010
2015
2015
2015
2022
2023
2025
2025
2029
2046
2074
2083
2131
2133
2134
2134
2141
2141
2141
2141
2141
2165
2176
2176
2233
2245
2247
2248
2328
2373
2376
2378
2382
2402
2417
2477
2533
2533
2533
2534
2536
2550
2550
2552
2556
2570
2598
2601
2604
2604
2605
2605
2619
2622
2622
2625
2628
2636
2737
2781
2786
2792
2795
2796
2802
2804
2849
2849
2850
2854
2854
2854
2857
2858
2893
2894
2900
2914
2916
2922
2929
2931
2933
2934
2935
2936
2936
2937
2945
2945
2946
2947
2948
2959
2960
2962
2966
2969
2969
2969
2971
2973
2983
2984
2988
3010
3011
3012
3013
3014
3015
3058
3061
3062
3062
3082
3084
3086
3086
3090
3093
3094
3094
3096
3096
3097
3098
3101
3101
3102
3102
3107
3114
3115
3118
3119
3119
3124
3125
3127
3134
3136
3139
3141
3142
3146
3146
3151
3155
3156
3161
3171
3174
3177
3179
3181
3186
3186
3187
3189
3195
3202
3203
3205
3239
3239
3253
3257
3258
3263
3264
