0
2
3
3
3
5
6
7
7
7
7
8
8
8
8
9
9
9
9
9
10
10
10
10
10
10
10
10
10
10
10
10
10
10
10
11
11
11
11
11
11
11
12
12
12
12
12
13
13
14
14
14
14
14
14
14
14
14
14
14
14
15
15
15
15
15
15
15
15
15
15
15
15
15
15
15
16
16
16
16
16
16
17
17
17
17
17
17
17
17
17
17
17
17
17
17
17
18
18
18
18
18
18
18
18
18
18
19
19
19
19
19
19
20
20
20
20
20
20
20
20
20
21
21
21
21
21
21
21
22
22
22
22
23
23
23
23
23
23
24
24
24
24
24
24
24
25
25
25
25
25
25
26
26
26
26
26
27
27
27
27
27
27
27
27
27
28
28
28
28
28
28
28
28
28
28
28
29
29
29
29
29
29
29
30
30
30
30
30
30
30
30
30
30
30
30
30
31
31
31
31
31
31
31
31
31
31
31
32
32
32
32
32
32
32
32
33
33
33
33
33
34
34
34
34
34
34
35
35
35
35
35
35
35
35
35
35
36
36
36
36
36
36
36
36
36
36
36
37
37
37
37
37
37
37
37
37
38
38
38
38
38
38
38
38
38
38
39
39
39
39
39
39
39
40
40
40
41
41
41
41
41
41
41
41
42
42
42
42
42
43
43
43
43
43
43
43
43
43
43
43
44
44
44
44
44
44
44
44
45
45
45
45
45
45
45
45
45
46
46
46
46
46
47
47
47
47
47
47
47
48
48
48
48
48
49
49
49
49
49
50
50
50
50
50
50
50
50
51
51
51
51
51
51
51
51
52
52
52
52
53
53
53
53
53
53
53
53
53
53
53
53
53
54
54
54
54
54
54
54
54
54
54
55
56
56
56
56
56
57
57
57
57
57
57
58
58
58
58
58
59
59
60
60
60
60
60
60
61
61
61
62
62
62
62
62
62
62
62
62
63
63
63
63
63
63
63
63
63
63
63
63
63
64
64
64
64
64
64
64
65
65
65
65
65
65
65
65
65
65
65
65
65
65
65
65
65
65
66
66
66
66
66
66
67
67
67
67
67
67
67
67
67
68
68
68
68
68
68
68
69
69
69
69
70
70
70
70
70
70
70
70
70
70
70
71
71
71
71
72
72
72
72
73
73
73
73
73
74
74
74
74
74
74
75
75
75
75
75
75
75
75
76
76
76
76
76
76
76
77
77
77
77
77
77
77
77
78
78
79
79
79
79
79
79
80
80
80
80
81
81
81
82
82
82
83
83
83
83
83
84
84
84
84
85
85
85
85
86
86
86
86
87
87
87
88
88
88
88
89
89
89
89
89
89
89
89
90
90
90
90
90
90
90
90
91
91
91
91
91
91
91
91
91
92
92
92
93
93
94
94
94
94
94
94
95
95
95
96
96
97
98
98
99
100
100
101
101
101
101
102
102
103
103
103
103
103
103
104
104
104
105
106
106
107
107
107
108
108
108
108
108
109
109
110
110
110
110
110
110
110
110
110
110
110
111
111
111
111
111
111
111
111
112
112
112
112
112
112
112
113
113
113
113
114
114
114
114
114
114
114
114
114
114
114
114
114
114
115
115
115
115
115
115
115
115
116
116
116
116
116
116
117
117
117
117
118
118
118
118
118
119
119
119
119
119
119
119
120
120
120
120
120
121
121
121
121
121
121
121
122
123
123
123
124
124
124
125
125
125
125
125
125
126
126
126
126
127
127
127
127
127
127
127
127
127
128
128
128
128
128
128
128
128
129
129
130
130
131
131
131
131
132
132
132
132
132
133
133
133
133
133
133
134
134
135
135
135
135
135
135
135
135
135
135
135
136
136
136
136
136
136
136
137
137
137
137
137
137
138
138
138
138
138
138
139
139
139
139
140
140
141
141
142
142
142
143
143
144
144
144
145
145
145
146
146
146
147
147
147
147
147
147
147
147
147
148
148
148
148
148
149
149
150
150
151
151
151
152
153
153
154
155
155
155
155
156
156
156
156
156
156
156
157
157
157
158
159
159
159
160
160
161
161
161
161
162
162
162
163
164
164
165
165
165
166
166
166
167
167
167
167
167
168
169
169
169
169
170
170
170
170
170
171
171
171
171
171
171
172
172
172
172
172
172
172
172
172
172
172
173
173
174
174
174
175
175
175
175
175
175
176
176
177
177
177
177
177
178
178
178
178
178
179
179
179
180
180
180
180
180
181
181
181
181
181
181
182
182
182
182
182
183
184
186
186
186
186
187
187
187
187
187
187
187
187
188
188
188
188
190
190
191
191
192
192
192
192
192
193
193
193
193
193
193
194
194
195
196
196
196
196
197
198
200
200
200
200
200
202
203
203
204
205
205
205
205
206
206
206
207
208
208
208
209
209
209
210
211
212
212
212
213
215
215
216
216
217
218
219
219
219
219
220
221
221
222
222
223
223
223
223
224
224
224
225
225
226
226
226
226
227
227
227
227
230
230
230
230
230
230
231
232
232
234
235
236
236
238
239
239
240
240
241
241
243
243
243
245
246
247
247
247
248
248
249
249
250
251
252
252
253
254
254
254
255
255
256
257
257
258
258
258
258
258
258
258
258
259
259
259
259
259
260
260
262
262
262
263
264
264
264
264
265
265
265
266
266
267
267
269
269
270
270
270
270
270
270
270
270
270
270
270
271
271
272
272
272
272
272
272
272
272
272
273
273
274
274
275
275
275
275
275
275
276
276
276
276
276
277
277
277
278
279
279
280
280
281
282
282
282
282
282
282
283
283
283
283
283
284
284
284
284
285
285
285
286
286
287
287
287
287
288
288
290
290
291
293
293
293
293
294
294
294
294
294
295
295
295
296
296
297
297
297
297
297
297
298
298
298
298
298
299
299
300
301
301
302
302
303
304
304
304
304
304
304
305
305
305
306
306
306
306
306
306
306
307
307
308
308
308
308
308
308
308
309
309
311
312
312
313
314
314
314
314
314
315
315
315
315
316
316
316
317
318
318
318
319
319
319
322
322
322
322
322
322
323
323
323
323
324
324
324
325
326
326
328
328
328
330
331
331
331
332
332
332
332
333
333
333
334
334
334
335
335
335
335
336
336
336
336
336
337
337
339
339
339
342
344
344
344
344
344
344
345
346
347
347
348
348
348
349
349
350
350
351
352
353
353
353
354
354
355
356
357
357
358
358
358
359
361
361
362
362
362
363
363
364
364
364
365
365
366
366
367
367
368
368
369
369
370
372
375
376
376
377
377
378
378
379
379
380
380
380
380
381
382
382
382
383
383
383
384
385
385
385
386
386
387
387
390
390
390
390
390
391
391
391
392
392
392
392
393
393
394
394
394
394
394
394
394
395
395
396
397
397
398
399
400
401
401
403
403
404
404
405
405
405
406
410
410
410
410
410
410
413
413
414
414
414
415
415
417
417
417
418
419
419
420
421
421
421
421
421
421
421
423
423
424
425
425
425
427
428
428
428
428
430
431
431
432
432
434
435
435
435
436
436
436
437
437
437
439
439
440
441
441
442
443
444
444
445
445
445
446
446
446
446
446
446
449
449
450
452
452
453
454
461
461
461
462
462
462
462
463
464
464
464
469
470
471
472
472
473
473
474
475
476
476
477
477
477
477
477
478
478
478
478
479
479
481
483
484
484
484
485
488
490
490
491
494
494
495
498
499
499
499
500
500
501
501
501
502
502
503
503
504
506
506
508
509
509
513
513
514
516
518
519
521
525
526
526
527
528
530
531
532
533
534
534
535
537
537
538
540
540
542
544
544
545
546
546
548
548
550
551
553
554
555
556
558
558
559
561
561
561
561
561
562
563
563
567
570
572
573
574
574
575
575
575
576
577
577
577
578
578
580
581
581
582
587
587
587
588
588
589
590
590
590
590
590
591
594
595
598
599
599
599
601
601
602
603
603
608
609
610
610
610
612
615
616
616
618
618
619
620
621
621
621
621
622
622
623
624
625
626
635
635
635
635
635
636
636
639
639
643
644
644
645
646
647
647
651
654
654
656
657
659
661
662
665
671
676
680
682
682
682
682
683
683
683
683
684
684
684
686
686
687
689
691
691
691
692
692
693
695
696
696
696
698
698
698
700
701
701
704
704
705
715
717
718
719
719
721
722
723
723
723
724
726
727
727
727
728
730
731
734
738
738
740
743
745
747
747
748
749
750
751
752
753
754
755
755
755
758
764
765
767
769
770
771
773
775
776
776
776
776
777
777
780
781
782
783
783
783
784
785
785
786
797
798
800
801
804
806
807
808
809
809
810
814
816
816
817
817
818
818
818
819
821
821
822
824
824
826
827
828
832
832
833
833
834
834
836
836
839
839
841
845
847
850
851
851
851
851
852
853
855
856
856
857
857
858
859
859
860
860
862
873
874
875
876
879
881
881
884
886
886
889
889
898
899
899
902
904
905
905
905
906
906
907
911
911
912
912
912
914
916
918
918
920
924
926
927
928
929
930
930
930
931
931
941
943
943
944
947
947
947
948
949
950
950
950
951
951
951
952
953
953
954
954
954
954
955
955
956
956
956
956
957
957
957
958
959
961
964
967
970
970
971
971
972
973
974
975
976
976
978
978
984
986
988
990
991
1005
1006
1014
1014
1014
1015
1015
1015
1017
1018
1018
1019
1021
1021
1021
1022
1023
1023
1024
1024
1025
1027
1027
1027
1028
1028
1031
1034
1034
1037
1038
1040
1040
1040
1041
1042
1042
1043
1043
1044
1044
1045
1047
1047
1049
1050
1052
1053
1053
1054
1054
1054
1062
1064
1064
1064
1066
1067
1067
1067
1068
1069
1070
1070
1070
1071
1071
1072
1072
1072
1076
1080
1081
1082
1082
1082
1082
1083
1084
1086
1087
1088
1088
1088
1088
1090
1091
1092
1092
1092
1093
1093
1093
1094
1094
1096
1096
1099
1100
1100
1100
1102
1102
1102
1103
1104
1105
1107
1108
1109
1109
1109
1110
1110
1113
1114
1115
1116
1117
1117
1120
1120
1122
1127
1128
1131
1138
1138
1138
1143
1143
1143
1145
1145
1146
1155
1155
1156
1157
1159
1161
1166
1174
1174
1175
1176
1180
1181
1188
1191
1193
1193
1194
1194
1200
1203
1203
1204
1204
1204
1205
1205
1205
1205
1207
1207
1207
1208
1208
1209
1209
1210
1212
1215
1215
1217
1219
1221
1221
1223
1227
1227
1227
1227
1227
1228
1235
1235
1235
1238
1239
1239
1240
1240
1241
1241
1244
1248
1250
1250
1250
1251
1251
1252
1253
1254
1254
1257
1260
1266
1268
1268
1269
1272
1280
1285
1286
1286
1287
1289
1292
1293
1294
1294
1294
1294
1294
1295
1296
1296
1300
1302
1303
1303
1305
1306
1307
1310
1313
1316
1316
1317
1318
1319
1320
1321
1323
1324
1328
1330
1331
1333
1334
1336
1337
1339
1340
1341
1342
1342
1342
1343
1343
1343
1349
1349
1353
1353
1353
1359
1361
1361
1361
1372
1382
1385
1395
1396
1400
1402
1406
1407
1408
1409
1409
1409
1411
1411
1412
1414
1415
1416
1417
1417
1418
1418
1421
1426
1426
1428
1429
1429
1429
1430
1432
1433
1433
1435
1439
1444
1445
1446
1448
1449
1450
1450
1451
1451
1453
1453
1455
1458
1460
1460
1465
1468
1468
1469
1469
1469
1470
1470
1470
1470
1470
1473
