0
2
3
3
4
6
6
6
6
7
7
7
7
7
8
8
8
8
8
8
8
9
9
9
9
9
9
9
9
9
9
9
10
10
10
10
10
10
10
10
10
10
10
10
10
11
11
11
11
11
11
11
11
11
11
11
11
11
12
12
12
12
12
12
12
12
13
13
13
13
13
13
13
13
13
14
14
14
14
14
14
15
15
15
15
15
15
15
16
16
16
16
16
16
16
16
16
16
17
17
17
17
18
18
18
18
19
19
19
19
19
19
19
19
19
19
19
20
20
20
20
20
21
21
21
21
22
22
22
22
22
22
22
22
22
23
23
23
23
23
23
23
23
23
23
24
24
24
24
24
25
25
25
25
25
25
25
26
26
26
26
26
26
26
26
26
26
27
27
27
27
28
28
28
28
28
28
28
28
28
28
29
29
29
29
29
29
29
29
29
29
30
30
30
30
30
30
30
30
30
30
30
30
31
31
31
31
31
31
32
32
32
32
32
32
33
33
33
33
33
33
33
33
33
33
34
34
34
34
34
35
35
35
35
35
36
36
36
36
36
36
36
36
36
36
36
36
36
37
37
37
37
37
37
37
37
37
37
37
38
38
38
38
38
38
38
38
38
38
39
39
39
39
39
39
39
39
39
40
40
40
40
41
41
41
41
41
41
41
41
41
41
41
41
41
41
41
41
41
41
41
42
42
42
42
42
42
42
42
42
42
42
42
43
43
43
43
43
43
43
43
43
43
44
44
44
44
44
44
44
44
44
44
44
44
44
45
45
45
45
45
45
45
45
45
45
46
46
46
46
46
46
46
46
46
46
46
46
47
47
47
47
47
47
47
48
48
48
48
48
48
48
48
49
49
49
49
49
50
50
50
50
50
51
51
51
51
51
51
51
51
52
52
52
52
52
53
53
53
54
54
54
54
54
54
54
54
55
55
55
55
55
55
55
55
55
56
56
56
56
56
56
56
56
57
57
57
57
57
58
58
58
58
59
59
59
59
59
59
59
59
60
60
60
61
61
62
62
62
62
62
62
62
63
63
63
63
63
63
64
64
64
64
64
64
64
65
65
65
65
65
65
65
65
65
66
66
66
66
67
67
67
67
67
67
67
67
68
68
68
68
68
69
69
69
69
69
70
70
70
70
70
70
70
70
70
70
71
71
71
71
71
71
71
71
72
72
72
72
72
72
72
72
72
73
73
73
73
73
73
74
74
74
74
74
74
75
75
75
75
75
76
76
76
76
76
76
76
76
76
76
76
77
77
77
78
78
78
78
78
79
79
79
80
80
80
80
80
80
81
81
81
81
81
81
81
81
82
82
82
82
82
83
83
83
83
83
83
83
83
83
83
84
84
84
84
84
84
84
84
84
85
85
85
85
85
86
86
86
86
86
86
86
87
87
87
87
87
87
87
87
87
87
88
88
88
89
89
89
89
89
89
89
89
90
90
90
90
90
91
92
92
92
92
92
92
93
93
93
94
94
94
94
94
95
95
95
95
96
96
96
96
96
97
97
98
98
98
99
99
99
99
99
99
99
100
100
100
101
101
102
102
102
102
103
103
103
104
104
104
104
104
105
105
105
105
105
106
106
106
106
106
106
107
107
107
107
108
108
108
108
109
109
109
109
110
110
110
110
110
111
111
111
111
111
111
111
112
112
113
113
113
114
114
114
114
115
115
115
115
116
117
118
118
119
119
119
119
119
120
120
120
120
120
121
121
122
122
122
122
123
123
123
123
124
124
124
124
124
125
125
125
125
126
126
127
127
127
127
128
128
129
129
129
129
130
131
131
131
131
131
131
131
132
132
132
133
133
134
134
134
134
134
134
134
134
135
135
136
136
136
136
136
137
137
137
137
137
138
138
138
138
139
139
140
140
140
141
141
141
141
142
142
143
143
143
143
143
144
144
144
144
144
144
144
144
145
145
146
146
146
146
147
147
147
147
147
147
147
148
148
148
148
148
148
148
149
149
149
149
150
150
150
150
150
150
151
151
151
151
151
151
151
152
152
152
152
153
153
153
153
153
153
154
154
154
154
154
154
154
154
155
155
155
155
156
156
156
157
157
157
158
158
158
159
159
159
159
159
159
159
160
161
161
161
161
161
162
162
162
162
162
162
163
163
163
163
163
163
163
164
164
164
164
164
164
165
165
165
165
165
165
166
166
166
166
167
167
167
167
167
168
168
168
168
169
169
169
169
169
169
170
171
171
171
171
171
171
171
172
172
172
172
172
172
172
172
172
173
173
173
173
174
174
174
174
174
174
175
175
175
176
176
176
176
177
177
177
177
177
177
178
178
178
178
180
180
180
180
180
180
181
182
182
182
183
183
183
183
183
184
184
186
186
187
189
189
190
190
190
191
191
191
191
191
191
192
192
193
193
193
193
194
195
195
195
196
196
197
198
198
198
199
199
199
200
200
201
201
201
201
201
201
201
202
202
203
203
204
204
205
205
205
205
206
206
207
207
207
207
207
209
209
210
211
212
212
212
213
213
214
216
217
217
218
220
220
220
220
220
220
220
221
221
222
222
222
222
223
223
223
223
223
223
223
223
223
224
224
224
224
224
224
225
225
225
225
225
225
225
226
226
226
227
227
227
227
227
227
229
230
231
231
231
231
232
232
233
233
233
234
236
236
237
237
239
239
239
239
240
240
240
240
241
242
242
243
243
244
244
244
244
245
245
245
245
245
245
246
246
246
246
246
246
246
246
246
246
247
247
247
247
247
247
247
247
248
248
248
248
248
249
249
249
249
249
250
250
250
250
251
251
251
251
252
252
253
253
253
253
253
253
253
254
254
254
254
254
254
255
255
255
256
257
257
258
258
259
259
260
260
261
261
262
262
263
263
264
264
265
266
267
267
268
268
269
269
269
270
270
270
271
272
273
274
274
275
275
276
276
281
281
281
282
282
282
282
283
284
285
285
286
287
287
287
289
290
290
291
291
292
292
293
294
294
295
295
295
296
296
297
299
299
299
299
299
299
299
299
300
300
300
300
300
300
301
301
301
301
301
302
302
303
303
303
304
304
304
305
306
306
307
308
309
309
309
309
309
310
311
312
312
313
315
315
316
316
317
317
317
319
319
320
320
321
321
322
323
323
323
325
325
326
326
326
327
327
327
327
328
330
330
330
330
332
332
332
333
333
333
333
333
334
334
335
335
335
335
335
337
338
338
339
340
340
341
342
343
343
344
344
345
345
345
346
346
346
349
351
351
352
352
353
353
353
354
354
355
356
357
358
358
359
359
359
360
360
360
360
361
361
362
363
363
364
365
365
366
367
369
370
371
371
372
372
373
373
373
373
374
374
375
375
375
376
376
376
377
378
380
381
381
381
382
382
383
383
383
385
385
386
389
389
389
390
390
390
391
391
391
392
392
393
394
395
396
397
398
398
398
399
401
402
403
403
404
404
404
405
406
406
406
406
406
406
407
407
407
407
407
408
409
409
409
410
410
411
411
412
413
413
413
413
414
415
416
416
416
419
419
420
420
421
422
423
423
423
423
424
424
425
426
426
428
429
429
432
434
434
436
437
438
438
441
441
442
443
443
445
445
446
446
446
447
447
450
450
450
451
455
455
455
456
458
459
459
461
461
463
463
464
465
465
466
466
469
471
472
472
473
473
476
479
479
479
480
481
481
482
482
482
482
485
486
486
486
487
488
489
489
489
490
490
490
492
493
493
493
494
494
494
495
495
495
495
495
497
499
499
501
501
501
502
503
503
503
504
504
505
505
505
505
506
507
508
509
509
509
510
510
511
511
511
511
512
512
512
512
512
512
513
513
513
513
514
514
514
514
514
515
515
516
517
518
519
519
519
519
520
521
522
522
522
522
522
523
523
524
524
524
526
526
527
527
529
529
530
530
530
531
532
532
533
535
536
537
538
538
540
540
541
541
542
543
543
543
543
546
546
546
546
547
549
550
551
552
552
553
553
553
553
554
554
554
554
554
555
555
556
556
556
556
556
556
557
559
559
561
562
562
564
564
564
565
566
568
568
569
569
569
571
573
574
575
576
576
576
577
578
580
583
583
584
584
585
586
586
586
587
589
591
592
592
592
592
592
593
593
594
594
594
596
596
596
597
597
597
597
597
597
597
598
598
599
599
600
600
601
602
602
603
603
604
604
605
605
606
606
606
606
607
607
607
608
608
609
609
609
609
610
611
613
613
613
613
614
614
614
615
615
615
616
616
617
618
618
618
619
619
619
620
620
621
622
622
623
623
625
626
627
627
628
628
628
630
630
631
632
632
634
634
635
635
636
636
636
638
638
638
639
639
639
639
639
639
640
641
643
643
644
644
647
647
647
647
647
649
650
651
652
652
653
655
657
657
658
659
659
659
659
660
660
661
661
663
665
665
666
666
668
668
669
669
670
671
672
672
672
673
675
675
676
676
676
676
677
677
677
679
679
680
680
681
681
682
682
682
682
683
683
683
684
684
684
684
684
684
684
685
686
686
686
686
686
687
687
688
689
691
691
692
695
696
700
702
702
702
705
705
705
705
705
705
705
705
706
706
706
707
709
710
711
711
711
711
711
711
712
713
713
714
718
718
718
719
719
720
720
722
725
726
727
728
728
732
732
732
732
733
733
733
734
734
734
735
737
737
738
739
743
743
743
743
743
745
746
746
747
748
749
749
750
750
750
751
752
753
754
756
757
762
762
764
765
766
769
771
771
772
772
773
773
773
774
777
777
778
780
781
782
783
785
785
786
786
786
787
787
788
790
790
792
792
793
793
793
794
795
795
796
796
796
798
803
805
806
807
809
809
815
819
819
833
833
836
836
837
839
840
843
843
851
852
852
853
853
854
854
854
854
855
860
860
861
863
864
864
866
867
867
867
867
871
871
873
876
878
882
886
887
887
887
888
889
889
892
892
892
893
894
897
897
897
902
905
910
912
913
913
914
917
919
920
923
925
926
926
930
931
931
931
932
932
933
933
933
934
935
935
936
936
937
938
938
939
939
940
941
942
943
944
944
945
946
946
947
948
948
949
950
951
952
953
953
954
955
960
967
967
968
969
971
973
975
976
980
980
981
983
990
990
991
997
1004
1006
1006
1006
1006
1010
1011
1012
1014
1020
1021
1021
1023
1023
1023
1023
1027
1030
1032
1033
1037
1038
1039
1039
1044
1051
1055
1055
1056
1059
1061
1061
1062
1063
1065
1067
1070
1070
1070
1070
1075
1076
1077
1077
1078
1078
1082
1089
1091
1091
1091
1101
1102
1104
1108
1108
1109
1110
1111
1115
1118
1122
1123
1123
1123
1131
1133
1135
1136
1136
1138
1138
1139
1139
1145
1146
1147
1148
1148
1151
1151
1153
1153
1153
1154
1154
1154
1156
1156
1156
1163
1164
1166
1166
1169
1170
1170
1170
1172
1172
1174
1175
1179
1182
1185
1189
1189
1190
1190
1192
1193
1193
1195
1195
1199
1199
1199
1199
1201
1201
1202
1202
1203
1206
1208
1209
