0
2
3
3
4
5
6
7
7
7
7
8
8
9
9
9
9
9
9
10
10
11
11
11
11
13
13
13
14
14
15
15
16
16
16
17
17
17
18
18
19
20
20
20
20
20
20
22
22
22
22
22
22
22
23
23
24
24
25
25
25
25
25
25
26
26
26
26
26
26
26
27
27
27
27
27
27
28
28
28
28
28
28
29
29
29
30
30
30
30
30
31
31
31
31
31
31
31
32
32
32
32
32
32
33
33
33
33
33
33
33
33
34
34
34
34
34
34
34
35
35
35
35
35
35
36
36
36
36
36
36
36
36
36
37
37
37
37
37
37
38
38
38
38
39
39
41
41
41
41
41
42
42
42
42
43
43
43
43
43
43
43
44
44
44
44
44
44
44
45
45
45
45
45
45
46
46
46
47
47
47
48
48
48
48
49
49
49
49
49
49
50
50
50
50
51
51
52
52
52
53
53
53
54
54
54
54
56
56
57
57
58
58
58
59
59
60
60
61
61
61
61
61
61
62
62
63
63
63
65
65
65
65
65
65
66
66
67
67
68
68
68
68
70
70
70
70
70
70
70
70
70
71
71
72
72
73
73
73
73
73
74
75
76
77
77
77
77
78
78
78
81
81
83
83
84
84
85
85
86
86
87
87
87
88
88
88
89
89
89
90
91
91
92
92
92
93
93
94
94
96
96
96
96
97
97
97
98
98
98
100
100
101
101
102
102
102
103
103
104
105
106
106
107
108
108
108
109
111
112
113
115
117
117
117
118
119
119
122
122
122
123
123
125
125
127
128
129
130
130
130
130
131
132
133
135
135
135
136
137
137
137
137
138
138
141
142
142
142
142
143
143
144
146
146
147
148
148
150
151
151
153
153
153
154
154
154
155
155
155
158
158
160
162
162
162
163
163
165
166
168
168
169
170
171
171
172
172
173
173
173
173
173
173
174
174
174
175
175
176
177
177
178
178
178
178
178
178
179
180
181
181
181
181
181
182
182
182
183
183
184
184
184
184
185
185
186
186
186
186
186
187
187
187
187
187
188
188
188
189
189
190
192
192
193
193
193
194
194
194
194
194
194
194
195
196
197
197
197
198
198
198
199
199
199
199
200
200
200
200
201
201
202
203
203
203
204
205
205
205
205
206
207
208
208
209
210
210
211
211
211
211
211
212
212
214
215
217
217
217
217
218
218
218
220
220
220
220
220
221
221
222
222
222
223
223
223
224
225
225
226
226
227
227
227
228
228
229
229
229
230
230
232
232
232
233
233
234
235
235
236
237
239
241
241
241
241
241
242
242
242
243
243
244
244
245
245
246
248
251
254
254
257
257
258
259
261
261
261
262
263
264
264
264
264
264
265
265
265
265
265
266
268
268
269
269
269
270
271
272
272
273
273
274
274
274
275
276
278
278
279
279
279
279
280
280
280
280
280
280
281
281
281
282
282
282
283
283
283
283
283
284
284
284
284
285
285
286
286
287
287
287
288
288
288
288
289
289
289
289
289
290
290
290
291
292
292
293
295
295
296
296
296
296
296
296
297
298
298
298
298
298
298
299
301
301
301
301
301
301
301
302
302
304
304
305
307
307
308
308
309
309
310
310
311
312
312
314
314
314
314
315
315
315
316
317
317
317
319
319
319
319
319
320
320
320
320
321
321
321
321
322
323
323
324
324
324
324
325
325
325
327
327
327
327
327
328
330
330
333
333
334
334
334
335
336
336
336
339
341
343
343
343
345
345
345
346
347
348
348
349
349
349
350
351
351
352
352
353
355
357
358
360
360
360
361
362
362
362
363
364
364
365
366
367
367
368
368
369
369
369
370
370
373
374
374
375
375
375
375
376
378
380
382
385
386
387
389
390
391
392
398
399
400
400
400
402
403
403
403
407
408
408
408
409
409
409
409
409
411
411
412
412
412
412
412
414
415
415
417
417
417
417
418
419
421
421
422
423
424
425
425
426
427
428
428
428
428
429
429
429
429
431
431
431
435
435
436
436
438
439
440
441
441
442
442
443
443
443
443
444
445
446
446
449
453
454
456
456
456
457
458
459
460
461
461
462
462
464
465
466
466
466
466
467
468
470
470
472
474
475
475
476
476
477
478
478
478
478
479
479
480
480
481
481
481
481
481
482
482
482
482
482
482
482
482
483
483
483
484
484
484
485
485
486
486
487
487
488
488
488
489
489
489
490
491
491
491
491
492
497
498
498
499
501
501
502
505
507
507
508
509
511
513
521
521
524
525
526
526
527
527
527
529
530
530
530
532
532
532
532
533
539
543
545
546
546
547
548
549
549
551
551
563
568
568
573
575
577
578
580
580
580
582
583
584
585
585
586
586
586
586
587
587
587
587
589
593
604
604
615
617
620
620
621
621
621
623
625
626
628
629
632
632
632
632
634
638
638
641
642
645
646
646
647
647
649
656
660
661
661
664
667
669
674
675
680
683
683
688
692
694
697
699
701
706
710
714
716
719
721
722
723
723
723
723
723
724
724
724
724
724
724
727
727
729
730
731
732
732
732
732
734
734
736
736
736
737
738
738
739
741
743
744
745
750
750
750
751
751
751
753
754
755
760
760
761
764
765
765
767
769
771
771
774
784
785
788
789
800
808
808
812
812
813
813
817
818
822
823
823
826
826
827
829
832
834
837
839
840
840
840
840
842
842
843
844
844
845
847
860
862
863
865
866
866
866
866
867
868
873
873
874
875
876
877
877
878
878
878
878
878
879
879
879
879
882
883
883
884
885
885
886
886
887
888
889
889
889
890
895
895
896
899
899
902
902
905
906
906
907
907
908
910
912
913
913
914
914
915
915
915
915
916
917
918
922
923
923
924
925
931
933
934
936
942
942
945
946
947
947
950
951
952
952
957
958
959
963
964
965
967
968
968
970
971
971
972
972
973
974
974
975
976
976
977
977
982
982
984
985
987
988
990
992
992
992
992
994
995
998
1000
1001
1003
1003
1006
1007
1010
1010
1010
1011
1011
1011
1013
1013
1014
1015
1016
1016
1016
1016
1016
1018
1019
1020
1020
1020
1021
1021
1021
1024
1024
1026
1027
1027
1027
1027
1028
1028
1028
1030
1031
1036
1036
1037
1038
1038
1041
1041
1044
1045
1047
1049
1049
1050
1050
1050
1053
1053
1054
1056
1056
1056
1057
1058
1059
1059
1059
1059
1060
1060
1060
1061
1062
1062
1063
1063
1063
1064
1064
1065
1065
1067
1067
1067
1068
1069
1069
1071
1071
1071
1071
1072
1072
1072
1073
1073
1074
1074
1074
1076
1076
1076
1078
1078
1078
1079
1080
1080
1083
1085
1086
1087
1088
1088
1088
1090
1091
1091
1093
1093
1093
1093
1094
1094
1094
1095
1095
1096
1098
1098
1099
1099
1100
1101
1102
1102
1103
1104
1104
1105
1105
1105
1105
1109
1111
1112
1116
1118
1121
1121
1123
1123
1123
1126
1127
1129
1130
1132
1132
1139
1141
1141
1143
1144
1144
1145
1147
1147
1148
1148
1150
1151
1152
1152
1152
1153
1154
1154
1154
1154
1154
1154
1155
1156
1156
1157
1158
1158
1159
1159
1159
1160
1162
1162
1162
1164
1166
1166
1166
1166
1167
1168
1168
1171
1173
1174
1179
1180
1186
1186
1188
1190
1193
1193
1194
1194
1197
1197
1197
1199
1200
1200
1200
1200
1201
1201
1203
1204
1204
1207
1211
1211
1212
1213
1213
1214
1214
1215
1215
1215
1215
1215
1216
1217
1220
1220
1221
1221
1221
1222
1224
1226
1226
1226
1226
1228
1231
1231
1231
1232
1233
1236
1237
1237
1237
1239
1241
1242
1242
1242
1243
1243
1243
1243
1243
1243
1244
1244
1244
1245
1245
1245
1246
1246
1246
1246
1246
1248
1249
1249
1249
1249
1251
1252
1252
1252
1252
1252
1252
1252
1253
1253
1253
1253
1253
1253
1253
1254
1254
1255
1255
1256
1260
1261
1262
1262
1262
1262
1264
1265
1265
1266
1267
1271
1271
1272
1272
1274
1275
1277
1278
1278
1278
1279
1279
1280
1280
1280
1281
1283
1285
1285
1285
1287
1287
1288
1289
1296
1296
1301
1304
1305
1305
1307
1307
1307
1312
1313
1314
1315
1317
1317
1321
1323
1324
1324
1325
1327
1327
1327
1328
1332
1334
1335
1336
1338
1338
1340
1340
1340
1340
1341
1342
1343
1346
1351
1352
1354
1354
1355
1356
1356
1356
1356
1357
1357
1357
1357
1357
1358
1358
1358
1359
1360
1360
1360
1360
1362
1363
1363
1363
1364
1364
1364
1365
1366
1366
1366
1367
1368
1368
1368
1368
1369
1371
1371
1372
1372
1373
1373
1374
1374
1374
1375
1375
1376
1376
1376
1377
1377
1377
1377
1377
1377
1378
1378
1380
1380
1380
1380
1383
1383
1389
1389
1390
1390
1390
1391
1391
1391
1391
1391
1391
1392
1393
1394
1396
1397
1397
1397
1398
1398
1398
1398
1399
1399
1402
1403
1406
1406
1407
1407
1416
1416
1417
1419
1423
1423
1423
1423
1424
1425
1425
1425
1425
1425
1426
1426
1426
1426
1426
1427
1427
1427
1427
1427
1428
1428
1428
1430
1430
1437
1439
1442
1442
1443
1445
1446
1447
1450
1451
1451
1451
1452
1453
1456
1458
1458
1459
1460
1460
1465
1468
1470
1470
1477
1478
1481
1483
1484
1485
1487
1488
1488
1500
1501
1504
1505
1505
1509
1509
1510
1513
1527
1527
1531
1535
1539
1541
1544
1545
1548
1549
1551
1551
1552
1552
1553
1553
1554
1554
1555
1555
1556
1556
1557
1558
1559
1561
1561
1561
1561
1562
1562
1562
1562
1562
1562
1567
1567
1570
1570
1573
1574
1574
1576
1577
1577
1577
1579
1582
1582
1584
1585
1585
1585
1595
1596
1602
1602
1602
1605
1607
1608
1610
1618
1622
1622
1623
1624
1625
1626
1627
1628
1629
1632
1633
1633
1634
1634
1638
1638
1640
1642
1642
1644
1644
1645
1645
1648
1653
1653
1654
1655
1656
1659
1663
1665
1672
1672
1673
1674
1674
1675
1683
1685
1688
1689
1690
1690
1691
1697
1706
1707
1717
1717
1719
1720
1720
1722
1725
1726
1731
1731
1736
1739
1739
1740
1741
1742
1743
1743
1743
1744
1747
1748
1748
1757
1761
1765
1774
1775
1780
1780
1784
1784
1789
1792
1798
1801
1804
1805
1809
1810
1811
1812
1814
1814
1817
1817
1820
1820
1820
1820
1822
1827
1830
1831
1832
1833
1835
1836
1837
1840
1840
1840
1847
1849
1852
1853
1854
1855
1855
1856
1857
1857
1858
1858
1861
1861
1862
1864
1880
1884
1892
1896
1898
1902
1903
1903
1907
1907
1907
1908
1911
1912
1914
1917
1921
1922
1922
1924
1926
1927
1929
1937
1938
1945
1945
1946
1952
1954
1955
1956
1956
1957
1958
1959
1960
1960
1963
1969
1972
1973
1974
1976
1976
1978
1980
1986
1994
2001
2001
2003
2012
2012
2013
2015
2017
2017
2018
2018
2019
2024
2025
2028
2031
2042
2047
2051
2056
2057
2057
2057
2057
2059
2060
2062
2063
2066
2069
2074
2077
2077
2078
2079
2080
2085
2085
2088
2089
2093
2099
2100
2101
2105
2114
2115
2117
2122
2129
2130
2130
2135
2137
2137
2137
2138
2151
2153
2159
2177
2187
2187
2187
2188
2189
2192
2199
2200
2200
2204
2210
2214
2241
2245
2247
2247
2247
2249
2249
2259
2260
2262
2272
2287
2288
2290
2291
2291
2294
2299
2306
2320
2327
2353
2361
2364
2364
2390
2397
2397
2406
2406
2406
2407
2407
2407
2408
2408
2409
2409
2409
2409
2410
2410
2413
2413
2418
2422
2422
2423
2425
2426
2434
2445
2445
2446
2446
2446
2446
2447
2447
2449
2449
2450
2498
2505
2512
2514
2523
2523
2531
2534
2536
2539
2540
2545
2545
2546
2585
2590
2593
2594
2594
2613
2619
2620
2626
2628
2632
2632
2633
2638
2646
2688
2725
2727
2727
2728
2728
2738
2742
2781
2821
2825
2829
2831
2846
2873
2876
2893
2896
2897
2914
2916
2926
2927
2939
2940
2940
2941
2942
2944
2945
2946
2949
2950
2952
2953
2959
2963
2964
2964
2966
2966
2968
2969
2970
2980
2996
2998
3000
3002
3003
3005
3011
3020
3021
3039
3044
3048
3053
3055
3055
3061
3065
3067
3069
3074
3084
3086
3098
3106
3106
3112
3114
3126
3143
3153
3153
3160
3161
3161
3167
3178
3179
3226
3230
3231
3234
3249
3250
3292
3300
3305
3320
3343
3380
3382
3391
3391
3391
3393
3394
3394
3394
3395
