0
3
3
4
4
5
5
6
7
7
8
8
8
9
9
9
9
9
9
9
9
9
10
10
10
10
10
10
10
10
10
11
11
11
11
11
11
12
12
12
12
12
12
12
12
12
12
13
13
13
14
14
14
14
14
14
14
14
15
15
15
16
16
16
16
16
16
17
18
18
18
18
18
18
18
18
18
19
19
19
19
20
20
20
20
20
21
21
21
21
21
21
21
22
22
22
22
22
22
22
23
23
23
23
24
25
25
25
25
25
25
25
26
26
26
26
26
27
27
27
27
27
28
28
28
28
28
28
28
28
29
29
29
29
29
29
29
30
30
30
30
30
30
31
31
31
31
31
31
31
32
32
32
32
32
32
32
33
33
34
34
34
34
35
35
35
35
35
35
36
36
36
36
36
36
36
37
37
37
37
38
38
38
38
38
38
39
39
39
39
39
40
40
40
40
40
40
40
41
41
41
42
43
44
45
45
45
46
46
46
46
47
47
48
48
49
50
50
50
50
50
50
50
50
51
51
51
51
52
52
52
53
53
54
54
54
54
55
55
55
56
56
56
56
56
56
56
57
57
57
57
57
57
58
58
58
58
59
59
59
59
59
59
59
60
60
60
60
60
60
60
61
61
62
62
62
62
63
63
63
65
65
65
65
65
65
65
65
65
66
66
66
66
67
67
67
67
67
67
67
67
68
68
68
68
68
68
68
69
69
69
70
70
70
70
70
70
71
72
72
73
73
73
73
73
74
74
74
74
74
74
74
74
75
75
75
75
75
75
75
76
76
77
77
77
78
78
78
78
78
78
79
79
79
79
79
80
80
80
80
80
80
81
81
81
82
82
82
82
82
82
82
83
83
83
84
84
84
84
85
85
85
85
85
86
86
86
86
86
86
87
87
87
87
88
88
88
89
89
89
90
90
91
91
92
92
92
92
92
92
92
92
93
93
93
93
93
93
94
94
94
94
95
95
95
95
95
96
96
96
96
97
97
97
97
97
97
97
97
97
98
98
98
98
99
99
99
99
99
99
99
100
100
102
102
102
102
102
103
103
103
104
104
104
104
105
105
105
106
106
107
107
107
107
107
107
108
108
109
109
109
109
110
110
111
111
112
114
114
114
115
115
115
116
116
116
117
117
118
119
119
119
119
120
120
120
120
121
121
121
122
122
122
122
122
122
123
123
123
123
123
124
124
124
124
125
125
125
125
126
126
126
126
126
127
128
128
128
130
130
131
131
131
132
133
133
134
134
134
135
135
135
135
135
135
135
136
136
137
137
137
137
139
139
139
140
141
141
142
142
142
142
142
143
144
144
144
144
144
144
146
147
147
147
147
147
148
148
148
149
150
151
151
152
153
154
154
154
156
157
157
157
157
158
158
158
159
160
160
160
160
160
161
161
161
162
162
164
164
165
165
166
166
167
167
167
168
168
170
170
173
173
174
175
176
176
176
177
177
177
178
178
178
179
179
179
179
182
183
183
183
184
184
185
187
187
187
188
188
188
188
188
189
189
190
190
191
191
191
193
193
194
194
194
194
194
194
195
195
195
195
195
195
196
196
197
197
197
197
198
198
198
199
199
200
200
201
201
201
201
202
202
204
204
204
205
205
206
206
207
207
207
207
208
208
209
210
210
210
211
211
211
212
212
212
212
212
212
213
213
214
214
214
215
215
216
216
216
217
218
218
219
219
220
220
220
220
221
221
222
222
222
222
223
226
227
229
231
231
232
233
234
234
236
237
238
239
241
241
242
243
243
243
246
246
247
248
249
250
250
251
251
251
253
254
254
258
258
259
260
260
260
260
261
261
261
263
263
264
264
265
265
265
266
266
267
268
269
269
269
270
270
270
271
271
271
271
273
273
274
275
275
275
275
276
276
277
277
277
279
279
280
280
280
282
283
284
284
285
285
286
287
287
288
289
289
289
289
290
290
290
290
291
291
291
291
291
292
292
292
293
294
295
296
296
297
298
299
299
299
300
300
300
301
302
302
302
302
302
302
303
303
303
303
303
304
304
305
305
306
306
306
306
307
307
307
308
308
308
308
308
310
310
310
310
311
311
311
312
312
313
313
314
314
317
318
318
318
321
322
323
323
323
323
324
324
324
324
324
325
325
326
326
326
327
327
328
328
328
328
329
329
330
330
331
331
333
333
334
334
336
337
337
337
338
339
339
339
341
341
342
342
342
343
343
344
345
345
345
347
347
348
348
350
350
353
355
355
356
356
356
356
357
358
358
358
359
359
360
360
360
360
361
361
361
361
361
361
362
363
363
363
363
363
364
364
365
366
367
367
367
368
368
368
368
369
369
370
370
370
371
371
371
373
373
374
375
375
375
376
376
377
377
377
377
377
378
378
378
378
378
378
379
379
379
379
380
380
381
381
381
382
382
382
382
382
382
383
384
384
384
384
386
386
386
387
387
388
389
389
390
391
391
391
391
391
393
393
394
396
397
400
402
403
407
407
408
409
409
410
411
411
413
413
413
414
414
416
417
417
417
417
418
418
419
419
419
419
420
420
420
420
420
420
420
420
422
422
422
422
423
423
425
425
426
427
428
428
430
431
432
436
438
438
439
439
439
442
443
444
445
445
446
446
448
448
450
454
454
454
454
456
457
457
459
459
459
460
461
461
462
462
462
463
463
464
466
468
468
468
471
472
473
473
473
474
474
475
475
475
475
476
477
477
478
478
479
481
482
482
483
487
488
489
490
490
490
490
491
492
492
493
493
496
498
500
500
501
501
502
502
502
502
503
503
503
504
504
504
505
505
505
505
506
506
506
507
507
507
507
508
508
508
509
509
510
511
511
511
513
514
516
517
517
518
519
519
519
520
520
520
521
521
521
521
521
522
522
522
522
523
523
523
527
527
527
527
527
528
528
528
528
529
531
532
532
534
534
534
536
537
537
537
537
539
540
540
540
540
541
541
542
542
542
542
542
542
543
543
543
543
543
543
544
544
545
545
546
548
549
550
550
550
550
551
554
556
557
558
559
559
560
561
562
562
563
563
563
565
565
565
565
566
566
566
566
566
566
567
567
567
569
570
570
571
571
571
573
573
574
574
575
576
576
579
579
586
587
587
587
590
591
592
595
597
603
606
607
608
608
608
609
610
610
610
611
617
617
618
618
619
620
620
620
620
623
625
625
627
628
628
632
636
636
636
636
637
637
637
638
638
639
640
640
641
641
641
642
642
643
643
643
644
644
644
644
644
644
645
645
645
646
646
646
646
647
650
651
651
652
652
652
655
655
657
657
658
658
659
660
660
660
661
662
662
663
666
668
670
675
676
676
676
677
677
678
678
678
678
678
679
679
680
680
680
681
681
681
682
682
682
683
684
684
685
686
686
687
687
688
689
689
689
691
694
697
697
697
699
700
700
703
704
705
706
707
707
707
709
709
709
709
712
713
713
714
714
715
715
715
716
717
718
718
718
719
720
720
720
720
720
721
721
721
722
722
722
722
725
726
727
728
728
728
728
728
729
729
730
735
735
735
737
738
739
739
739
739
740
742
744
744
744
745
745
746
747
749
751
752
754
754
755
755
756
760
760
761
761
766
767
767
767
767
773
774
775
776
777
780
781
782
783
783
783
784
784
785
785
786
786
790
791
792
792
793
795
797
801
802
802
804
804
804
804
805
806
807
807
807
808
810
810
810
811
812
812
812
812
813
813
814
814
816
816
816
818
819
819
820
820
820
820
820
820
824
824
824
824
824
826
827
827
827
827
828
828
828
829
829
830
830
830
835
835
837
841
842
844
844
846
847
847
849
852
852
853
853
853
853
855
861
864
866
867
867
869
869
869
869
869
869
870
873
873
874
874
874
875
876
876
877
878
879
879
880
880
882
884
884
885
885
886
887
887
890
891
895
896
896
896
899
899
900
900
901
902
903
907
907
908
908
908
908
909
909
909
910
910
910
910
911
911
912
912
913
916
920
921
921
922
925
926
928
933
933
936
936
938
938
940
940
940
942
946
946
948
949
949
956
956
958
959
959
962
964
964
965
965
965
965
966
966
966
967
967
969
969
972
975
978
979
981
982
982
983
986
986
988
988
989
989
990
990
990
990
994
995
996
996
997
998
1003
1004
1009
1010
1011
1014
1016
1017
1022
1023
1026
1026
1029
1030
1030
1030
1032
1034
1035
1035
1035
1035
1035
1036
1036
1036
1037
1039
1040
1040
1041
1044
1046
1046
1046
1048
1049
1049
1050
1050
1053
1053
1054
1055
1056
1057
1058
1058
1060
1060
1061
1062
1063
1063
1064
1064
1064
1065
1066
1068
1069
1069
1069
1072
1072
1072
1072
1072
1073
1074
1078
1078
1078
1078
1079
1079
1079
1080
1081
1083
1084
1084
1084
1084
1085
1087
1087
1088
1088
1088
1089
1089
1090
1097
1098
1099
1103
1103
1105
1107
1107
1108
1108
1110
1111
1111
1116
1122
1125
1128
1129
1130
1130
1133
1138
1138
1138
1139
1144
1146
1149
1150
1151
1156
1157
1157
1158
1161
1161
1162
1163
1167
1171
1171
1174
1174
1175
1175
1176
1176
1177
1177
1177
1180
1181
1181
1181
1181
1182
1182
1183
1184
1185
1186
1186
1187
1187
1187
1188
1188
1190
1191
1191
1191
1192
1193
1193
1193
1193
1194
1194
1195
1195
1195
1196
1197
1197
1197
1197
1199
1200
1203
1203
1203
1207
1208
1208
1208
1209
1209
1210
1211
1211
1212
1214
1214
1214
1215
1215
1215
1216
1219
1219
1220
1220
1221
1221
1221
1222
1222
1223
1223
1223
1224
1226
1227
1227
1228
1228
1230
1232
1232
1233
1233
1233
1233
1233
1234
1234
1235
1235
1236
1237
1238
1239
1240
1241
1241
1241
1241
1242
1243
1244
1245
1246
1246
1246
1248
1248
1248
1249
1250
1251
1252
1253
1254
1259
1260
1261
1261
1262
1264
1265
1266
1267
1268
1269
1269
1269
1270
1271
1274
1277
1278
1281
1281
1282
1283
1284
1285
1285
1285
1286
1286
1286
1286
1287
1287
1288
1288
1288
1289
1289
1289
1289
1291
1291
1292
1297
1297
1298
1299
1301
1302
1303
1304
1304
1308
1309
1315
1317
1317
1317
1320
1320
1321
1322
1322
1323
1325
1326
1327
1328
1328
1328
1330
1330
1331
1332
1332
1333
1333
1334
1335
1336
1336
1337
1337
1337
1338
1338
1338
1339
1339
1340
1340
1343
1344
1344
1344
1344
1344
1344
1345
1345
1345
1345
1346
1348
1350
1350
1353
1356
1357
1358
1360
1361
1362
1362
1362
1363
1363
1364
1364
1364
1366
1366
1367
1367
1367
1368
1370
1370
1371
1371
1373
1374
1374
1375
1375
1376
1376
1376
1377
1377
1378
1379
1382
1385
1385
1385
1386
1386
1387
1388
1390
1392
1394
1394
1394
1395
1395
1396
1396
1396
1400
1400
1401
1402
1404
1404
1404
1405
1406
1406
1408
1421
1422
1422
1423
1423
1425
1425
1427
1431
1431
1432
1433
1434
1434
1443
1446
1446
1447
1453
1464
1464
1469
1469
1473
1473
1476
1481
1482
1482
1488
1490
1490
1491
1491
1493
1494
1497
1497
1498
1498
1499
1499
1499
1500
1500
1504
1504
1507
1507
1507
1507
1507
1514
1515
1516
1518
1519
1520
1521
1521
1524
1524
1525
1525
1525
1526
1526
1527
1527
1527
1527
1528
1529
1530
1530
1531
1532
1532
1534
1534
1534
1536
1539
1540
1541
1542
1542
1543
1544
1546
1547
1547
1550
1550
1552
1552
1553
1554
1554
1555
1555
1555
1557
1558
1558
1559
1560
1560
1560
1561
1562
1562
1562
1563
1563
1563
1566
1566
1566
1567
1571
1572
1573
1575
1575
1578
1582
1582
1582
1590
