0
2
3
4
5
5
6
6
6
6
6
6
6
7
7
7
7
8
8
8
8
8
8
8
8
8
9
9
9
9
10
10
10
10
10
11
11
11
12
12
12
12
12
13
13
13
13
13
13
13
13
13
14
14
14
15
15
15
16
16
16
17
17
17
17
17
18
18
18
18
18
18
18
18
18
18
18
19
19
19
19
19
19
20
20
20
20
20
20
20
20
20
21
21
21
21
21
21
21
21
21
22
22
22
22
22
23
23
23
24
24
24
24
25
25
25
26
26
26
26
26
26
26
26
27
27
27
27
27
28
28
28
29
30
30
30
30
30
30
30
30
31
31
31
31
31
31
31
32
32
32
32
32
32
33
33
33
33
33
33
33
33
33
33
34
34
34
34
34
34
34
35
35
35
35
35
35
35
35
35
36
36
36
37
37
37
38
38
38
38
38
39
39
39
40
40
40
40
40
40
40
41
41
41
41
42
42
42
42
43
43
43
44
44
44
44
44
44
44
44
44
45
45
45
45
45
45
45
45
45
45
45
45
46
46
46
46
46
46
47
47
47
47
47
47
47
48
48
48
48
48
49
49
49
49
49
49
50
50
50
50
50
50
50
50
50
50
51
51
51
51
51
51
51
51
52
52
52
52
52
52
52
52
53
53
53
53
53
53
53
53
53
53
53
53
53
54
54
54
54
54
55
55
55
55
55
55
55
56
56
56
56
56
56
56
57
57
57
57
57
57
57
58
58
59
59
59
59
59
59
59
60
60
60
60
61
61
61
61
61
61
61
61
62
62
62
62
63
63
63
63
63
63
63
63
64
64
64
64
64
65
65
65
66
66
66
66
67
67
67
67
68
68
68
69
69
69
69
70
70
70
70
70
70
70
70
71
71
71
72
72
72
72
72
72
72
72
72
72
72
73
73
73
73
74
74
75
75
75
75
75
75
76
76
76
76
76
76
76
76
76
77
77
77
77
77
77
77
77
77
77
77
77
77
78
78
78
78
78
78
78
78
79
79
79
79
79
79
80
80
80
80
80
80
81
81
81
81
81
81
81
81
82
82
82
82
82
83
83
83
83
84
84
84
84
85
85
86
86
86
86
87
87
87
87
87
87
87
87
87
88
88
88
88
88
88
88
88
88
89
89
89
89
89
89
90
91
91
91
91
91
91
91
91
91
91
92
92
92
92
92
92
93
93
93
93
93
93
93
93
94
94
94
94
94
94
94
95
95
95
96
96
96
96
96
96
96
97
97
97
97
97
97
97
97
97
97
98
98
98
98
98
98
99
99
99
99
99
99
99
99
99
99
100
100
100
100
100
100
100
100
100
101
101
101
101
101
102
102
102
102
102
103
103
103
103
103
103
103
103
103
103
104
104
104
104
104
105
105
105
105
105
105
105
106
106
107
107
107
107
107
108
108
108
108
108
109
109
109
109
110
110
110
111
111
111
112
112
113
113
113
115
115
115
116
116
116
116
117
117
117
118
118
118
119
119
119
119
119
119
119
119
119
120
121
121
122
122
122
122
122
122
122
122
122
122
123
123
123
123
124
124
124
124
124
124
124
124
124
125
125
125
125
125
125
126
126
126
127
127
128
128
128
128
128
128
128
128
128
128
128
128
129
129
129
129
129
130
130
130
130
130
131
131
132
132
132
132
133
133
133
133
134
134
134
134
134
135
135
135
135
136
136
136
137
137
137
138
139
139
139
139
139
140
140
141
141
141
141
141
141
141
141
142
142
142
142
142
142
143
143
143
143
143
143
143
143
143
144
144
144
144
145
145
145
145
145
146
146
147
147
147
148
149
149
149
149
150
150
150
151
151
151
151
152
152
152
152
152
153
153
153
153
153
153
154
154
154
154
154
154
154
155
155
155
155
156
156
156
156
156
157
157
157
157
157
157
158
158
158
158
159
159
159
159
160
160
160
160
160
160
160
160
161
161
161
161
161
161
162
162
162
163
163
163
164
164
164
164
164
164
164
165
165
166
166
166
167
167
167
167
168
168
169
169
169
169
169
169
170
171
171
171
171
171
171
171
171
171
172
172
172
172
172
172
172
173
173
173
173
173
173
173
173
174
174
174
175
175
175
175
176
176
176
176
176
177
177
177
178
178
178
178
178
178
179
179
179
179
179
179
180
180
181
181
182
182
183
183
183
183
183
183
183
183
183
183
183
184
184
184
184
185
185
185
185
185
185
185
185
186
186
186
186
186
186
186
186
186
186
186
187
187
187
188
188
188
188
189
189
189
189
189
189
190
190
190
190
190
191
191
192
192
193
193
194
194
194
194
195
195
195
195
196
196
197
197
197
197
197
198
198
198
198
198
198
198
198
198
199
199
199
199
199
199
200
200
200
200
200
201
201
201
201
201
202
203
203
203
204
205
206
206
206
206
207
207
207
208
208
208
208
208
209
209
209
209
210
210
210
211
211
211
212
212
214
214
214
214
215
215
215
215
215
216
216
216
216
216
216
216
217
217
217
217
217
217
218
218
218
218
218
218
218
218
219
219
219
220
221
222
222
222
222
222
223
223
223
223
223
224
224
224
224
225
226
228
228
228
228
228
228
229
229
229
232
232
233
234
234
234
236
236
236
237
238
238
239
239
240
242
242
242
243
243
244
245
245
245
246
246
247
247
247
248
248
248
249
250
250
250
251
251
251
251
252
252
252
253
253
253
254
254
255
256
256
256
257
259
260
262
262
262
264
265
266
266
267
268
268
268
268
269
270
270
270
271
272
273
273
273
273
273
273
274
274
275
277
279
281
282
282
283
283
283
283
284
284
285
285
287
287
289
289
289
289
292
293
294
295
296
297
298
298
298
300
302
303
303
304
306
306
308
308
309
309
310
312
312
315
315
316
318
318
320
320
320
321
321
322
323
324
324
324
324
324
325
325
326
326
331
332
332
333
335
335
335
336
337
342
342
343
343
343
344
344
345
346
346
347
347
347
347
348
348
350
350
351
354
355
356
356
356
356
357
357
357
357
357
358
358
358
358
360
361
361
361
361
364
365
365
365
365
365
366
366
367
369
370
370
372
375
376
379
380
381
382
383
383
385
387
387
389
393
393
395
396
396
399
404
405
406
407
408
412
412
412
415
419
421
421
422
423
424
424
425
427
429
429
429
431
431
433
433
434
436
437
437
437
441
442
444
445
445
447
448
451
451
452
452
452
452
453
453
455
455
456
457
457
457
457
459
460
460
461
462
464
464
467
469
473
474
475
475
475
477
477
477
480
480
481
481
482
483
486
487
489
490
491
492
492
493
494
494
495
495
495
497
497
498
498
499
500
504
505
505
506
507
508
509
509
509
510
510
511
512
514
515
515
515
515
515
515
516
516
516
516
516
516
516
516
517
517
517
517
518
518
518
520
520
521
521
521
522
522
523
523
523
529
530
530
532
532
533
533
534
534
534
534
535
535
535
535
535
536
536
536
536
537
538
539
539
539
539
539
540
540
541
541
541
541
542
542
543
543
543
543
543
544
544
544
544
544
544
545
545
546
546
548
548
549
550
550
551
551
552
552
552
553
553
553
553
554
554
555
555
555
556
556
556
557
557
558
558
558
558
559
559
559
560
560
560
561
561
564
565
567
567
567
567
568
568
569
570
570
570
571
571
573
573
574
576
576
577
577
578
578
578
578
578
578
579
579
579
580
580
580
580
580
580
580
581
582
582
585
585
587
587
588
589
590
590
592
592
593
593
594
594
594
595
596
596
596
596
597
597
598
599
600
600
600
601
601
602
602
603
604
606
609
609
610
610
610
611
611
611
611
611
612
612
612
612
612
612
613
613
613
613
613
615
616
616
616
617
617
617
618
618
619
619
619
620
620
620
620
620
621
621
621
622
624
625
625
626
627
627
628
630
631
631
631
632
632
632
632
633
633
634
635
635
635
640
640
640
641
642
644
644
648
648
648
649
649
650
650
650
650
650
650
651
651
652
652
652
653
654
658
658
660
660
662
662
662
663
664
664
665
665
667
667
667
668
668
668
668
668
668
669
670
670
670
670
670
670
671
671
671
671
672
673
673
673
673
673
673
674
674
674
674
674
675
675
675
675
675
675
676
676
677
677
677
678
678
678
679
680
680
680
680
680
680
680
680
680
681
681
681
682
682
682
682
682
682
682
682
683
683
683
683
684
684
684
684
684
685
685
685
686
688
688
688
689
689
689
689
690
690
690
691
691
692
692
692
692
693
693
693
693
694
695
695
695
695
695
695
695
696
696
696
696
696
698
698
699
699
700
701
701
701
702
702
703
703
705
706
706
707
708
711
711
711
711
711
712
714
714
717
717
721
723
723
724
725
725
728
729
729
729
730
730
733
734
735
735
735
735
736
738
739
740
740
740
741
741
742
742
742
743
743
744
744
744
746
747
748
748
749
749
749
751
753
753
753
753
754
754
754
754
755
756
756
757
758
759
764
766
768
768
768
770
770
771
772
773
774
776
777
778
778
779
779
779
779
780
780
780
782
782
785
785
786
786
786
786
786
787
787
787
788
788
788
789
790
790
791
791
792
793
794
795
795
796
796
796
797
797
798
799
799
799
799
799
801
804
805
807
807
808
808
808
809
810
811
811
812
813
813
813
814
814
815
815
816
817
817
817
818
819
819
819
820
820
820
820
821
821
822
824
825
826
828
829
831
831
832
832
833
834
837
838
840
840
841
841
843
845
845
846
847
847
852
852
854
855
855
857
857
858
858
860
864
865
865
866
867
867
869
870
870
871
871
871
872
875
879
883
885
885
885
885
885
885
886
888
890
891
891
892
893
894
894
895
895
896
897
900
904
904
905
907
908
909
911
912
913
913
913
913
913
915
920
921
921
922
923
923
924
924
924
925
926
927
928
929
929
931
934
934
934
934
935
936
936
937
937
940
940
941
943
943
944
945
945
945
946
946
946
947
947
948
948
948
950
953
955
956
958
958
958
959
959
959
959
960
960
960
960
963
963
963
967
970
971
971
971
974
974
975
975
975
976
978
978
979
981
982
982
983
983
983
984
989
990
991
993
995
996
997
997
997
999
1001
1001
1001
1002
1002
1003
1003
1003
1004
1005
1005
1006
1006
1006
1007
1007
1008
1010
1010
1012
1014
1017
1017
1017
1018
1018
1019
1020
1023
1027
1027
1028
1028
1029
1030
1035
1036
1037
1037
1038
1039
1039
1040
1042
1043
1044
1044
1047
1047
1047
1048
1048
1049
1050
1051
1051
1053
1053
1057
1057
1058
1058
1059
1059
1061
1062
1064
1066
1067
1069
1071
1071
1071
1071
1073
1074
1077
1077
1079
1081
1082
1083
1084
1084
1085
1087
1090
1090
1093
1094
1094
1094
1100
1103
1119
1121
1128
1136
1145
1148
1148
1149
1152
1153
1153
1160
1160
1160
1162
1162
1169
1170
1171
1174
1174
1177
1177
1181
1181
1181
1181
1181
1183
1184
1184
1186
1186
1187
1187
1190
1190
1191
1191
1192
1193
1197
1210
1211
