0
2
3
4
4
6
7
7
7
7
8
8
8
8
8
8
8
8
8
8
9
9
9
9
9
9
9
9
9
9
9
9
10
10
10
10
10
10
11
11
11
11
11
11
12
12
12
12
12
12
12
13
13
13
13
13
13
13
15
15
16
16
16
16
17
17
17
17
18
19
19
19
19
19
19
20
21
21
22
23
23
24
25
25
25
25
26
26
26
26
27
27
27
27
27
27
28
28
28
28
28
28
29
29
30
30
30
30
30
30
31
31
31
31
31
31
31
32
32
32
32
32
33
33
33
34
34
34
34
34
34
34
35
36
36
37
38
38
39
39
39
40
41
41
41
43
43
44
44
44
44
44
44
46
47
47
47
48
48
48
48
49
49
49
49
50
50
51
52
52
52
52
52
53
53
53
53
53
54
54
54
55
55
55
55
55
56
56
56
56
56
57
57
57
57
57
58
58
58
59
60
61
61
61
61
62
62
63
63
64
64
65
65
66
66
66
67
67
67
67
67
67
68
68
69
69
69
69
69
69
70
70
70
71
71
71
71
71
71
72
73
73
73
74
74
74
75
75
75
75
75
76
76
76
76
76
76
76
76
77
77
77
78
78
79
79
79
79
79
80
80
80
81
81
81
81
81
81
82
83
83
83
83
84
84
84
85
85
85
86
86
86
87
87
88
88
88
88
88
89
89
90
92
92
92
93
94
94
95
95
96
96
96
97
97
97
98
98
99
99
99
100
100
100
101
101
101
103
103
105
105
105
105
106
107
108
108
108
109
110
110
110
110
111
112
112
113
114
114
115
115
116
117
117
118
118
119
119
120
120
123
124
127
127
127
129
130
131
132
132
132
133
133
134
134
135
137
138
139
139
140
141
144
144
144
145
145
145
145
145
146
146
146
147
147
148
149
150
150
151
151
151
151
151
152
152
153
153
153
153
153
153
153
153
154
154
155
155
155
156
156
156
156
156
157
157
157
157
158
158
158
158
159
159
160
160
160
161
163
164
164
166
166
166
167
167
168
168
168
168
169
169
169
170
170
170
170
170
171
171
172
172
172
173
174
174
174
175
175
175
176
176
176
176
177
178
178
179
180
182
182
182
183
184
184
185
185
185
187
188
188
190
190
190
191
192
193
193
194
194
195
196
196
196
196
197
198
198
199
199
199
199
202
202
203
203
204
204
205
208
209
210
211
211
211
213
214
216
216
219
221
223
223
224
227
227
229
232
232
233
233
233
234
234
235
235
235
236
236
238
239
240
241
241
243
245
245
245
246
247
247
247
248
248
249
251
252
256
258
259
259
259
260
260
262
262
263
263
266
267
269
272
272
272
273
274
274
275
277
278
280
281
282
283
285
287
287
288
289
289
289
290
291
291
292
292
292
292
292
292
293
294
294
294
294
296
296
297
298
298
299
300
300
301
301
302
302
302
304
304
307
308
309
309
312
312
314
320
321
321
322
323
323
324
324
325
326
326
326
327
327
328
329
330
332
334
335
335
336
336
338
338
338
339
340
343
343
343
345
346
348
353
359
359
361
364
372
375
377
380
381
386
393
394
394
395
399
399
410
412
412
412
413
413
414
415
416
416
416
416
417
417
417
417
418
419
420
421
421
423
426
427
427
428
428
430
430
432
433
434
434
434
437
438
439
441
443
443
445
445
446
447
447
448
454
455
456
457
457
458
458
459
459
459
461
462
463
463
464
465
467
469
469
469
470
470
470
471
471
471
472
472
473
474
474
476
477
480
483
483
484
484
486
488
493
493
493
495
504
505
505
509
510
510
511
512
513
515
515
515
515
516
516
520
523
523
523
525
525
527
527
529
530
531
532
532
533
533
534
534
535
537
538
540
542
543
543
544
544
544
545
545
545
547
547
548
548
548
550
550
550
553
556
556
557
557
557
557
559
560
561
561
562
563
565
565
567
571
571
572
572
572
572
574
574
575
576
577
578
581
585
586
586
587
587
588
589
590
590
590
591
594
594
594
594
595
595
595
599
602
605
605
607
610
611
611
611
612
616
617
617
617
619
619
619
620
621
622
623
623
625
625
628
631
633
635
635
635
635
638
643
644
648
648
650
650
652
652
652
652
652
653
653
653
653
654
654
654
654
655
657
658
659
659
660
660
661
662
663
664
669
669
670
670
671
672
672
672
672
675
675
677
677
678
678
680
681
682
683
684
685
685
686
687
688
688
690
691
692
693
693
694
695
695
695
695
696
696
697
697
698
699
699
700
703
703
708
709
710
711
711
711
712
713
713
713
714
714
714
714
714
715
716
717
719
721
722
723
725
725
726
727
729
729
730
731
732
733
734
734
734
735
736
736
738
739
742
742
742
743
743
743
743
744
744
744
744
745
745
745
748
751
751
752
752
752
752
753
753
753
753
753
753
755
755
755
755
756
756
758
759
764
764
764
765
765
766
767
768
768
769
771
777
778
780
781
784
785
785
786
786
789
791
797
797
799
806
806
807
817
817
821
822
823
824
825
825
828
828
828
829
829
829
829
830
831
832
833
833
834
835
835
836
838
839
840
841
842
843
843
845
847
847
849
850
850
851
851
851
851
852
852
853
855
856
856
857
861
866
866
866
867
868
868
868
869
870
880
881
883
883
883
884
885
885
887
896
898
898
902
903
904
904
904
904
905
906
907
910
916
920
926
927
929
931
932
932
940
948
950
951
957
957
962
963
971
971
971
972
977
979
980
982
987
988
989
990
990
991
992
992
993
993
995
996
997
998
1002
1003
1003
1003
1008
1008
1008
1011
1011
1019
1021
1021
1024
1025
1027
1029
1030
1031
1031
1031
1031
1031
1032
1033
1033
1033
1037
1038
1045
1046
1047
1050
1050
1051
1052
1053
1053
1054
1054
1055
1055
1056
1056
1056
1056
1056
1056
1056
1057
1057
1057
1062
1062
1062
1062
1063
1064
1064
1064
1065
1065
1066
1066
1066
1066
1066
1067
1070
1070
1070
1071
1072
1073
1074
1075
1075
1076
1082
1082
1083
1085
1086
1089
1090
1092
1093
1093
1094
1103
1106
1108
1108
1110
1110
1110
1110
1111
1117
1118
1120
1128
1129
1132
1132
1132
1132
1136
1136
1136
1137
1137
1137
1137
1140
1140
1140
1141
1141
1142
1144
1146
1150
1150
1152
1152
1155
1156
1157
1159
1160
1161
1161
1162
1163
1163
1163
1163
1163
1163
1164
1165
1165
1166
1169
1181
1182
1183
1185
1187
1196
1196
1201
1208
1210
1210
1213
1213
1214
1215
1215
1216
1218
1218
1218
1221
1225
1225
1234
1235
1235
1235
1240
1246
1246
1247
1250
1254
1258
1261
1261
1262
1263
1264
1264
1266
1275
1278
1280
1283
1285
1286
1288
1288
1288
1288
1289
1289
1290
1290
1290
1291
1292
1292
1296
1296
1297
1304
1304
1313
1315
1319
1319
1320
1329
1334
1335
1348
1349
1349
1350
1353
1356
1356
1359
1360
1360
1362
1362
1364
1366
1367
1368
1370
1371
1372
1375
1375
1376
1377
1378
1379
1381
1383
1407
1408
1408
1409
1409
1409
1409
1410
1410
1410
1411
1411
1416
1418
1419
1419
1419
1420
1420
1420
1420
1421
1422
1424
1424
1426
1426
1428
1429
1429
1433
1434
1435
1435
1436
1437
1437
1438
1438
1438
1438
1439
1439
1439
1440
1440
1440
1440
1441
1441
1441
1442
1443
1444
1444
1447
1448
1449
1449
1451
1452
1453
1455
1458
1458
1460
1461
1462
1462
1464
1465
1465
1472
1473
1473
1475
1475
1476
1476
1478
1482
1483
1484
1484
1486
1487
1489
1489
1490
1491
1491
1491
1492
1492
1493
1493
1493
1495
1497
1497
1497
1498
1498
1499
1499
1499
1501
1503
1503
1503
1503
1504
1504
1504
1505
1505
1506
1506
1507
1509
1509
1509
1510
1511
1511
1511
1511
1512
1512
1512
1514
1517
1518
1525
1525
1526
1526
1527
1529
1529
1529
1530
1530
1532
1534
1535
1539
1539
1540
1542
1543
1544
1545
1547
1550
1553
1553
1553
1554
1554
1555
1556
1556
1556
1562
1565
1567
1568
1569
1569
1573
1577
1579
1584
1584
1585
1585
1587
1587
1588
1588
1591
1591
1593
1594
1594
1594
1595
1595
1596
1598
1599
1600
1600
1600
1602
1602
1603
1603
1603
1604
1610
1619
1620
1622
1624
1628
1632
1634
1634
1636
1636
1638
1638
1638
1639
1640
1640
1643
1643
1645
1646
1646
1646
1646
1646
1647
1648
1648
1648
1648
1648
1649
1649
1649
1649
1651
1651
1656
1657
1657
1658
1659
1661
1661
1661
1662
1662
1663
1663
1664
1664
1664
1668
1672
1673
1675
1676
1677
1678
1678
1680
1682
1683
1684
1685
1685
1691
1695
1698
1701
1703
1705
1707
1709
1712
1715
1721
1722
1723
1725
1730
1730
1738
1753
1755
1755
1756
1765
1768
1770
1772
1785
1786
1791
1791
1795
1797
1797
1798
1799
1799
1800
1800
1800
1802
1802
1804
1804
1806
1807
1807
1808
1809
1816
1816
1818
1821
1823
1823
1831
1831
1833
1833
1837
1851
1852
1852
1853
1853
1858
1859
1865
1866
1866
1871
1871
1873
1876
1876
1876
1877
1877
1877
1877
1877
1881
1882
1884
1885
1885
1887
1887
1888
1889
1897
1898
1898
1902
1902
1902
1902
1902
1902
1910
1912
1912
1917
1920
1922
1922
1924
1926
1926
1927
1928
1928
1931
1938
1946
1948
1948
1949
1950
1950
1951
1951
1960
1962
1964
1968
1970
1972
1978
1979
1987
1991
1993
1997
1998
2000
2000
2002
2006
2010
2011
2012
2012
2015
2033
2036
2041
2042
2043
2085
2093
2095
2095
2096
2099
2103
2105
2105
2106
2116
2130
2130
2138
2140
2141
2141
2142
2142
2143
2143
2145
2148
2149
2149
2155
2156
2156
2159
2160
2163
2165
2175
2183
2184
2192
2194
2195
2198
2198
2198
2202
2204
2204
2209
2210
2210
2211
2212
2215
2217
2224
2224
2226
2227
2227
2227
2237
2238
2239
2252
2253
2260
2269
2279
2285
2286
2290
2293
2294
2294
2295
2296
2296
2297
2297
2297
2297
2297
2297
2298
2298
2299
2299
2300
2303
2305
2305
2307
2308
2310
2311
2311
2312
2313
2315
2316
2319
2319
2319
2320
2321
2323
2323
2327
2327
2330
2330
2336
2339
2340
2342
2345
2347
2348
2348
2351
2360
2360
2361
2366
2370
2372
2372
2379
2379
2381
2384
2386
2387
2387
2387
2388
2390
2391
2391
2392
2392
2393
2393
2394
2395
2396
2398
2398
2398
2405
2406
2413
2414
2420
2429
2433
2435
2435
2435
2437
2437
2438
2440
2440
2441
2441
2441
2442
2446
2456
2475
2493
2496
2498
2501
2502
2504
2506
2514
2516
2518
2519
2520
2521
2522
2526
2528
2530
2531
2533
2533
2543
2560
2566
2572
2572
2575
2584
2591
2592
2592
2599
2612
2612
2617
2618
2620
2621
2625
2625
2630
2634
2644
2652
2652
2655
2656
2656
2657
2660
2660
2661
2673
2677
2681
2682
2686
2687
2689
2697
2700
2706
2706
2707
2710
2711
2717
2717
2723
2730
2730
2731
2734
2738
2740
2741
2741
2744
2747
2748
2752
2754
2754
2755
2755
2756
2756
2760
2761
2762
2764
2765
2766
2767
2770
2771
2771
2774
2775
2776
2776
2778
2780
2784
2797
2799
2799
2803
2810
2812
2813
2814
2815
2816
2818
2819
2820
2820
2824
2825
2825
2826
2827
2829
2831
2835
2836
2837
2838
2838
2839
2839
2840
2841
2842
2842
2843
2847
2854
2856
2864
2864
2866
2878
2878
2879
2879
2879
2880
2881
2881
2882
2884
2884
2886
2887
2887
2891
2891
2895
2896
2897
2905
2905
2905
2906
2906
2914
2917
2918
2919
2919
2926
2928
2928
2928
2928
2929
2931
2936
2940
2951
2960
2961
2965
2974
2978
2979
2979
2979
2979
2980
2980
2981
2983
2984
2985
2985
2986
2987
2990
2994
2996
2998
2998
3000
3000
3000
3001
3002
3002
3005
3006
3009
3011
3011
3015
3015
3021
3028
3028
3030
3032
3036
3045
3048
3048
3048
3049
3050
3051
3051
3054
3058
3059
3059
3060
3061
3066
3067
3067
3069
3070
3071
3079
3086
3099
3106
3109
3113
3114
3115
3115
3118
3126
3128
3129
3133
3138
3138
3142
3147
3152
3154
3154
3154
3157
3157
3158
3159
3159
3162
3169
3170
3171
3171
3172
3175
3175
3178
3180
3185
3185
3197
3199
3203
3223
3228
3228
3229
3237
3241
3244
3247
3250
3254
3256
3256
3258
3260
3263
3264
3270
3270
3271
3278
3280
3286
3289
3296
3298
3307
3315
3319
3319
3323
3323
3327
3328
3333
3334
3338
3342
3342
3346
3346
3347
