0
2
3
3
3
4
6
6
6
6
7
7
7
8
8
8
8
8
8
8
9
9
9
9
9
9
9
9
9
9
9
9
9
9
9
9
9
10
10
10
10
10
10
10
10
10
10
10
11
11
11
11
11
11
11
11
12
12
12
12
12
12
13
13
13
14
14
15
15
16
16
16
16
16
16
16
16
17
17
17
17
17
17
17
17
17
17
18
18
18
18
18
18
18
18
18
19
19
19
20
20
20
20
20
21
21
21
21
21
21
22
22
22
22
22
22
22
22
22
22
23
23
23
23
23
23
23
23
24
24
24
24
24
24
24
24
25
25
25
25
25
25
25
26
26
26
26
27
27
27
27
27
27
28
28
28
28
28
28
28
29
29
29
29
29
30
30
30
30
30
30
30
30
30
30
30
31
31
31
31
31
32
32
32
32
32
33
33
33
33
33
33
33
33
34
34
34
34
34
34
34
34
34
35
35
35
35
35
35
35
35
35
36
36
36
36
36
36
36
36
36
36
36
36
36
37
37
37
37
37
37
38
38
38
38
38
38
38
38
38
38
39
39
39
39
39
39
40
40
40
40
41
41
41
41
41
41
42
43
43
43
43
43
43
43
43
43
43
44
44
44
44
44
44
44
44
45
45
45
45
45
45
45
45
45
45
46
46
46
46
46
46
46
46
47
47
47
47
47
47
47
47
47
47
47
47
47
48
48
48
48
48
48
49
49
49
49
50
50
50
50
50
50
51
51
51
51
51
51
51
51
52
52
52
52
52
52
52
52
52
53
53
53
53
53
53
54
54
54
54
54
54
54
54
54
54
55
55
55
55
55
55
55
55
55
55
56
56
56
56
57
57
57
57
57
58
58
58
58
58
58
58
58
58
58
58
58
59
59
59
59
59
59
60
60
60
60
60
61
61
61
61
61
62
62
62
62
63
63
63
63
63
63
63
63
63
63
63
63
64
64
65
65
65
65
66
66
66
66
66
66
66
66
66
66
67
67
67
67
67
68
68
68
69
69
69
70
70
70
70
70
70
71
71
71
71
71
72
72
72
72
73
73
73
73
73
73
73
74
74
74
74
74
74
74
74
74
75
75
75
75
75
75
75
76
76
76
76
76
76
76
77
77
77
78
78
78
78
78
78
78
78
79
79
79
79
79
79
79
79
80
80
80
80
80
80
81
81
81
81
81
81
81
81
81
82
82
82
82
82
82
83
83
83
83
83
83
83
83
84
84
84
84
84
84
84
85
85
85
85
85
85
85
85
85
85
85
85
86
86
86
86
86
86
86
86
86
86
86
86
87
87
87
87
87
87
88
88
88
88
88
88
89
89
90
90
90
90
90
90
91
91
91
91
91
91
92
92
92
92
93
93
93
93
93
93
94
94
94
94
95
95
95
95
96
96
96
96
96
96
96
96
96
98
98
98
98
99
99
99
99
100
100
100
101
101
101
101
101
101
101
102
102
102
102
102
103
103
103
104
104
104
104
104
105
105
105
105
106
106
106
106
106
106
107
107
107
107
107
107
107
107
107
107
108
108
108
108
109
109
109
109
109
109
110
110
110
111
111
111
111
111
111
111
112
112
112
112
112
112
112
112
112
112
113
113
113
113
113
114
114
114
114
114
114
114
114
114
114
114
114
114
114
114
114
114
115
115
115
115
115
115
115
115
115
115
115
115
115
116
116
116
116
116
116
116
116
116
116
117
117
117
117
117
117
117
118
118
118
118
119
119
119
119
119
119
120
120
120
120
121
121
121
122
122
122
122
122
122
122
123
123
123
124
124
124
124
124
125
125
125
126
126
126
126
126
127
127
127
127
129
130
130
130
130
130
130
131
131
131
131
131
131
131
131
131
132
132
132
132
133
133
134
134
134
135
135
135
135
136
137
138
139
139
139
139
139
139
139
139
140
140
140
141
141
141
141
141
141
142
142
142
142
143
143
143
143
143
143
143
143
143
143
144
144
144
144
144
144
144
145
146
146
146
146
146
146
146
146
146
146
146
147
147
147
147
147
147
147
148
148
148
148
148
148
148
149
149
149
149
149
149
149
149
149
149
149
149
149
149
149
149
150
150
150
150
150
150
150
150
150
151
151
151
152
152
152
152
152
152
153
153
153
154
154
154
154
154
155
155
155
155
156
156
156
156
156
156
156
156
157
157
157
157
157
157
157
157
158
158
158
158
158
158
158
158
158
158
158
158
159
159
159
159
159
159
159
159
159
159
159
160
160
160
160
161
161
161
161
161
161
161
161
161
162
162
162
162
162
162
162
163
163
163
163
163
163
163
164
164
164
164
164
165
165
165
165
165
165
165
165
166
166
166
166
166
166
166
166
166
166
167
167
167
167
167
167
167
167
167
167
167
167
168
168
168
168
168
168
168
168
168
168
168
168
169
169
170
170
170
170
170
170
170
171
171
171
171
171
171
171
171
171
171
172
172
172
172
172
172
172
172
172
172
172
172
172
173
173
173
173
173
173
173
173
173
174
174
174
174
174
174
174
175
175
175
175
175
175
175
176
176
176
176
176
177
177
177
177
177
177
177
177
177
178
178
178
178
178
178
178
178
178
179
179
179
179
179
179
179
179
179
179
180
180
180
180
180
180
181
181
181
181
181
181
181
181
182
182
182
183
183
183
183
184
184
184
184
184
184
184
184
185
185
185
185
186
186
186
186
186
186
186
186
186
187
187
187
187
187
187
188
188
188
188
189
189
189
189
190
190
190
190
191
191
191
191
191
191
191
191
191
192
192
193
193
193
193
194
194
194
194
194
195
195
195
195
195
195
196
196
196
197
197
197
198
198
198
199
200
200
200
201
201
201
202
202
202
202
203
203
203
204
204
204
205
206
206
206
207
208
208
208
208
208
209
209
209
209
210
210
210
210
210
211
211
211
211
211
211
212
212
212
212
212
212
212
212
212
212
212
213
213
213
213
213
214
214
214
214
214
215
215
217
217
217
217
217
217
217
217
217
218
218
218
219
219
219
219
220
220
220
220
220
220
220
221
221
221
221
221
222
222
222
222
223
223
223
223
223
224
224
224
224
224
225
225
225
225
225
225
225
226
226
226
226
226
226
226
227
227
227
227
228
228
228
229
230
230
230
231
231
232
232
232
232
233
233
233
233
233
234
234
234
234
235
235
235
235
235
235
236
236
236
236
237
237
237
238
238
238
239
239
239
239
239
239
239
239
239
239
239
240
240
241
241
241
241
241
241
241
241
241
241
242
242
242
242
242
243
243
243
243
244
244
244
244
244
245
247
247
247
247
248
248
248
249
249
249
249
249
250
250
250
251
252
252
252
253
254
254
255
255
256
256
256
257
257
259
259
260
261
261
262
263
264
264
265
265
265
265
265
266
266
266
267
267
267
267
268
268
268
268
269
269
269
269
269
271
272
274
274
274
274
275
275
275
276
276
276
276
276
277
277
278
278
278
279
279
279
279
280
280
281
281
282
283
284
287
287
287
288
289
289
289
289
290
290
290
291
291
291
291
293
293
294
295
296
296
297
298
298
298
299
299
299
300
300
300
301
302
302
303
303
303
303
303
304
305
305
306
306
307
308
308
308
308
309
310
310
310
311
311
311
311
311
311
311
311
311
312
312
312
312
312
312
312
312
312
313
313
313
313
313
313
313
313
314
316
316
316
317
317
320
320
320
321
321
321
321
322
322
323
323
323
324
324
325
325
325
326
326
326
327
327
327
327
327
328
328
328
328
328
329
332
332
332
332
332
333
333
334
335
335
335
336
337
339
340
345
345
345
345
346
348
351
351
354
356
358
358
359
359
359
360
361
362
362
363
363
363
364
365
365
365
366
366
367
368
370
372
372
374
374
375
377
381
381
384
384
385
386
386
387
390
390
392
392
393
393
397
397
397
405
406
407
411
412
413
413
414
414
417
420
422
423
423
428
429
429
432
433
438
441
442
444
444
445
445
447
448
449
451
453
453
453
453
454
454
456
457
457
457
459
461
462
464
465
465
465
466
466
466
467
467
468
468
469
473
476
477
478
479
479
481
483
484
484
485
486
486
490
496
497
499
499
503
503
504
507
507
507
508
509
513
514
514
514
515
516
516
518
520
523
526
527
527
528
528
530
532
534
537
540
541
541
542
544
545
545
546
546
550
551
556
556
556
558
562
562
562
563
563
563
564
565
566
567
570
570
571
572
575
577
579
581
583
584
586
587
589
589
589
589
589
589
590
590
591
595
597
609
610
610
613
614
615
615
616
618
619
619
620
621
622
623
623
623
623
624
624
625
625
628
628
629
631
631
636
636
637
638
639
639
639
642
642
643
648
648
648
649
649
649
649
649
649
649
650
650
651
651
653
653
654
655
656
657
657
658
658
659
659
660
665
665
665
666
668
668
669
669
670
670
670
670
671
672
672
672
673
674
674
674
674
675
677
678
679
680
680
684
684
687
689
689
689
689
691
692
694
694
695
698
699
700
700
706
706
708
708
709
710
710
710
711
712
712
713
713
714
715
715
716
716
716
716
716
716
716
716
717
717
717
717
718
718
723
724
728
729
730
730
731
732
735
736
737
737
738
738
739
739
739
739
739
740
740
741
741
741
749
750
750
751
751
752
752
752
752
752
752
753
753
754
754
755
756
757
757
758
759
760
763
767
768
768
770
771
771
775
778
778
779
781
782
783
785
785
785
785
785
786
786
786
789
790
791
791
791
791
792
792
792
793
794
796
797
797
797
799
800
800
800
801
801
801
802
813
813
814
815
815
815
819
819
820
823
825
826
828
829
829
830
831
831
831
833
834
835
837
838
839
839
839
839
840
840
840
840
840
840
844
844
844
845
846
846
847
847
850
850
851
851
852
852
852
853
853
854
854
854
855
855
855
855
855
855
856
856
857
857
858
860
861
863
864
865
866
868
869
870
870
870
871
875
875
877
877
877
878
878
878
880
886
886
886
887
889
889
890
895
897
897
897
898
898
898
901
903
904
904
908
908
909
909
911
913
913
915
916
917
918
918
918
919
919
919
920
920
921
922
923
923
923
923
924
927
928
928
928
931
931
932
933
934
938
939
939
941
942
942
943
943
948
948
948
949
949
951
952
952
952
954
955
956
956
956
957
965
969
970
971
972
973
973
974
976
978
982
983
983
984
985
986
986
986
986
988
988
990
991
991
991
992
992
993
997
1000
1001
1003
1005
1006
1007
1007
1008
1008
1008
1009
1010
1014
1017
1019
1020
1020
1020
1023
1023
1025
1025
1026
1026
1028
1030
1031
1031
1032
1033
1035
1039
1040
1040
1042
1042
1043
1047
1048
1048
1055
1056
1059
1059
1062
1063
1063
1067
1076
1079
1079
1080
1082
1084
1085
1085
1086
1087
1089
1089
1094
1096
1097
1098
1098
1099
1099
1100
1102
1109
1110
1110
1111
1113
1113
1114
1114
1121
1121
1124
1125
1126
