0
2
2
3
3
5
6
6
7
7
7
7
7
7
7
8
8
8
8
8
8
8
9
9
9
9
9
9
9
10
10
10
10
10
10
10
11
11
11
11
11
11
11
11
11
11
11
11
11
11
11
11
12
12
12
12
12
12
12
12
12
12
12
12
12
12
13
13
13
13
13
13
13
13
13
14
14
14
14
14
14
15
15
15
15
15
15
16
16
16
17
17
17
18
18
18
18
18
18
18
19
19
19
19
19
19
19
20
20
20
20
20
20
20
20
20
20
21
21
21
21
21
21
21
21
21
22
22
22
22
22
22
22
22
22
22
22
23
23
23
23
23
23
23
24
24
24
24
25
25
25
25
25
25
25
26
26
26
26
26
26
26
26
27
27
27
27
27
28
28
28
28
28
28
28
29
29
29
29
29
29
29
29
30
30
30
30
30
30
30
30
31
32
32
32
33
33
33
33
33
33
33
33
34
34
34
34
34
35
35
35
35
35
36
36
36
36
36
36
37
37
37
37
37
37
37
38
38
38
38
38
38
38
38
38
38
38
38
39
39
39
39
39
39
40
40
40
40
40
40
40
41
41
41
42
42
42
42
42
42
42
42
43
43
43
43
43
44
44
44
44
45
45
45
45
45
45
45
45
45
46
46
46
46
46
46
46
46
46
46
46
46
46
46
47
47
47
47
47
48
48
48
48
48
49
49
49
50
50
50
50
50
50
51
51
51
51
51
52
52
52
52
53
53
53
53
53
53
53
54
54
54
55
55
55
55
55
55
55
55
56
56
56
56
56
56
56
56
56
57
57
58
58
58
58
59
59
60
60
61
61
61
61
61
62
62
62
62
62
62
62
62
62
62
62
63
63
63
63
63
63
63
63
63
64
64
64
64
64
64
64
65
65
65
65
65
65
65
66
66
66
66
66
66
66
66
66
66
66
67
67
67
67
67
67
67
67
68
68
68
68
68
68
68
68
68
68
69
69
69
69
69
69
69
70
70
70
70
70
70
70
70
71
71
71
71
71
71
71
71
72
72
72
72
72
72
72
72
72
72
72
72
73
73
73
73
73
73
73
73
73
73
74
74
74
74
74
74
74
74
75
75
75
75
75
75
75
75
75
75
75
75
75
75
75
75
76
76
76
76
76
77
77
77
77
77
78
78
78
79
79
80
80
80
80
80
80
80
81
81
81
81
81
81
81
82
82
82
83
83
83
83
83
84
84
84
84
84
84
84
85
85
85
85
85
86
86
86
86
86
87
87
87
87
87
87
87
87
88
88
88
88
88
88
88
88
88
89
89
89
89
90
90
90
90
90
91
91
92
92
92
93
93
93
93
93
94
94
94
94
94
94
94
95
95
96
96
96
96
96
97
97
97
97
97
97
97
98
98
98
98
98
98
98
99
99
99
99
100
100
100
100
100
100
100
100
101
101
101
101
102
102
102
102
103
103
103
103
103
104
104
104
104
104
104
104
104
104
104
105
105
105
105
106
106
106
106
106
106
106
107
107
107
107
107
108
108
108
108
108
108
108
109
109
109
109
110
110
111
111
112
112
112
113
113
113
113
113
113
113
114
114
114
114
114
115
115
115
115
115
116
116
116
116
116
117
117
118
118
118
118
118
118
119
119
120
121
121
121
123
123
124
124
124
124
124
124
124
125
125
126
127
127
127
128
128
128
128
129
129
129
129
130
130
130
130
130
130
130
130
131
131
131
131
131
132
133
133
133
133
133
133
133
134
134
134
134
134
134
135
135
135
135
135
135
135
136
136
136
136
136
136
136
136
137
137
137
137
137
137
138
138
138
138
139
139
139
139
139
139
139
139
139
139
140
140
140
140
140
140
140
141
141
141
141
141
141
142
142
142
142
142
142
142
143
143
143
143
143
143
143
144
144
144
144
144
144
145
145
145
145
146
146
146
146
146
146
146
146
147
147
147
147
147
147
147
147
148
148
148
148
148
148
148
149
149
149
149
149
150
150
150
150
150
150
151
151
151
152
152
152
152
152
152
153
153
153
153
153
154
154
154
154
154
154
155
155
155
155
156
156
156
156
156
156
156
156
156
157
157
157
157
157
157
158
158
158
158
158
159
159
159
159
159
159
160
160
160
160
160
160
160
161
161
161
161
162
162
162
162
162
162
163
163
163
163
163
164
164
164
164
164
164
165
165
165
166
166
166
166
166
166
167
167
167
167
167
168
168
168
168
168
169
169
169
169
169
170
170
170
170
171
171
172
172
172
172
173
173
173
173
173
173
173
173
173
174
174
174
174
174
174
174
174
174
174
174
175
175
175
175
176
176
176
176
176
177
177
177
177
177
177
177
177
178
178
178
178
178
178
178
178
178
178
179
179
179
179
179
179
179
180
180
180
180
180
180
180
180
180
181
181
181
182
182
182
182
182
182
182
182
183
183
183
183
184
184
184
184
184
185
185
185
186
186
187
187
187
187
188
188
188
188
189
189
189
189
189
190
190
190
191
191
191
191
191
191
191
192
192
192
192
193
193
193
193
193
193
194
194
194
194
194
195
195
195
195
195
195
196
196
196
197
197
197
197
197
197
198
198
198
199
199
199
199
200
200
200
200
200
201
201
201
202
202
202
202
203
203
203
203
204
204
204
204
204
205
205
205
206
206
206
206
207
207
207
207
207
207
208
208
208
208
208
208
208
208
208
208
209
209
209
209
209
209
209
209
210
210
210
210
211
211
212
212
212
212
212
213
213
213
213
213
214
214
214
214
214
214
215
215
215
215
215
216
216
216
216
216
217
217
217
217
217
217
217
218
218
219
219
220
220
221
221
221
221
221
221
222
222
223
224
224
225
225
226
226
227
227
227
227
227
228
228
228
228
228
228
228
229
229
230
230
231
231
232
232
233
233
233
233
235
236
236
236
236
236
236
236
236
237
237
237
237
238
238
238
239
239
240
240
241
242
242
243
243
243
243
243
243
243
244
244
244
245
245
246
246
247
247
247
247
248
248
248
248
248
250
252
253
253
253
253
253
254
254
255
255
255
255
256
256
257
257
257
257
258
258
258
258
258
258
259
259
259
259
259
260
260
260
261
261
261
261
262
262
262
263
263
263
263
263
264
264
264
265
265
265
265
266
267
267
267
268
268
268
269
269
270
270
271
272
272
272
273
274
274
275
275
276
276
277
277
279
280
282
282
284
284
285
285
286
286
287
287
288
289
290
291
291
291
291
292
293
293
294
294
295
295
295
296
296
297
297
297
297
297
300
301
301
303
303
304
304
305
306
307
307
308
309
309
309
310
311
311
312
312
313
314
314
315
316
317
317
317
318
319
322
323
323
324
324
325
327
328
328
328
329
329
329
331
332
332
333
333
334
335
335
336
336
336
337
339
339
340
341
341
343
343
344
344
344
344
345
345
346
347
347
349
349
350
350
350
350
352
352
354
354
354
355
356
357
358
361
361
362
362
363
363
364
366
367
368
370
370
370
370
370
370
371
371
371
372
372
373
374
375
378
380
382
382
384
385
385
385
386
388
389
390
394
394
396
396
397
397
397
399
399
400
401
401
402
402
403
403
410
412
413
413
413
414
414
414
414
415
415
415
415
416
416
417
419
423
423
424
425
425
426
428
430
430
430
432
432
434
435
436
436
439
440
441
443
443
444
445
445
446
453
453
454
454
454
455
456
456
457
457
459
459
464
466
466
467
468
468
471
472
472
473
473
475
476
476
476
477
479
480
480
481
482
482
484
485
487
488
488
488
489
489
490
492
492
493
494
496
497
498
498
498
498
500
500
502
503
503
504
504
505
505
506
506
507
509
509
509
510
511
511
512
512
513
513
513
513
513
514
515
516
516
517
518
518
518
520
522
526
527
527
530
530
532
533
534
534
534
535
535
535
536
536
536
536
536
540
540
544
544
544
545
547
553
553
554
555
555
556
556
557
559
560
560
560
560
562
562
564
566
567
568
568
569
569
570
570
571
572
572
577
583
586
587
588
588
590
590
591
592
594
595
595
596
597
597
598
598
600
601
602
602
602
603
605
607
607
607
610
613
614
615
615
616
616
617
617
617
618
618
618
618
618
618
619
619
619
619
620
620
620
620
620
620
620
621
621
621
622
622
622
624
625
626
626
627
628
628
630
631
631
633
634
634
636
637
638
638
639
640
644
649
650
651
652
653
653
653
654
654
654
655
655
656
656
656
656
657
658
659
659
659
660
660
660
660
660
660
661
661
661
661
661
661
661
661
662
662
662
662
663
663
663
664
665
665
666
667
667
667
669
670
670
670
670
672
673
673
673
674
674
674
675
675
676
677
677
678
679
680
680
680
681
681
681
681
682
682
685
685
686
687
688
688
688
689
690
690
690
690
690
690
692
692
695
695
695
696
696
696
696
696
697
697
699
700
701
701
702
702
702
702
703
703
705
707
709
709
709
710
710
710
711
711
711
711
712
712
712
712
713
713
714
714
714
714
715
715
715
716
716
719
719
721
721
722
722
723
727
727
727
730
733
734
735
736
736
736
737
737
737
737
738
738
739
741
744
747
748
749
751
752
753
755
757
758
761
761
764
765
766
767
768
769
771
772
774
775
777
778
778
779
780
781
782
782
782
784
785
786
788
791
792
793
794
794
794
795
797
798
800
800
800
800
801
802
803
803
804
807
809
811
812
812
817
817
818
819
819
819
825
828
832
835
837
838
839
839
840
841
846
850
850
852
852
853
853
853
855
855
856
858
858
859
859
859
860
865
873
874
878
879
880
880
880
880
881
881
881
882
882
887
888
891
898
900
900
901
906
906
907
907
908
908
908
908
909
911
914
914
914
915
915
916
917
918
918
918
919
919
919
920
922
923
923
923
924
926
929
932
933
933
934
934
934
935
935
937
937
943
944
947
951
956
959
959
960
961
962
967
979
979
982
982
984
987
991
992
994
997
997
997
1016
1017
1020
1025
1025
1029
1029
1035
1035
1035
1037
1037
1037
1038
1038
1043
1052
1053
1056
1056
1057
1058
1058
1058
1059
1059
1059
1060
1062
1062
1063
1063
1063
1063
1063
1063
1064
1066
1066
1067
1067
1067
1068
1069
1069
1070
1076
1077
1078
1079
1079
1080
1080
1081
1083
1084
1086
1086
1087
1096
1096
1098
1098
1098
1098
1099
1099
1099
1099
1101
1102
1106
1107
1107
1108
1111
1113
1117
1122
1123
1126
1132
1133
1133
1135
1138
1138
1139
1140
1141
1141
1142
1142
1144
1144
1147
1148
1148
1149
1149
1150
1150
1150
1151
1151
1151
1152
1153
1153
1156
1156
1156
1158
1161
1163
1163
1164
1165
1167
1167
1167
1170
1173
1175
1176
1177
1182
1184
1185
1186
1188
1191
1191
1191
1192
1193
1194
1195
1195
1197
1202
1202
1202
1203
1203
1204
1204
1208
1209
1209
1211
1211
1212
1212
1228
1230
1231
1232
1233
1240
1241
1241
1241
1246
1249
1249
1252
1255
1255
1260
1264
1264
1265
1266
1271
1275
1279
1279
1285
1287
1289
1290
1292
1293
1295
1296
1297
1298
1299
