0
2
2
3
4
4
6
6
6
7
7
7
7
7
7
7
7
7
7
8
8
8
8
8
8
8
9
9
9
9
9
9
9
9
9
9
9
9
10
10
10
10
11
11
11
11
11
11
11
11
11
12
12
12
12
12
13
13
13
13
13
13
13
13
14
14
14
14
14
14
14
14
14
14
14
14
14
15
15
15
15
15
16
16
17
17
17
17
18
18
18
18
19
19
19
20
20
20
20
20
21
21
21
21
22
22
22
22
22
23
23
23
23
23
23
23
24
24
24
26
26
26
26
26
26
27
27
28
28
28
29
29
29
29
29
29
30
30
30
30
30
30
30
30
30
30
30
30
30
30
31
31
31
31
31
32
32
32
32
32
32
33
33
34
34
34
35
36
36
36
36
37
37
37
38
38
39
39
39
40
40
41
41
41
41
41
41
42
42
42
43
43
43
43
43
44
44
44
45
45
45
45
45
45
45
45
46
46
47
47
47
47
47
48
48
48
49
49
49
49
49
49
49
49
50
50
50
50
51
51
51
51
51
51
51
52
52
52
52
52
52
52
52
52
53
53
54
54
54
54
54
54
55
55
55
55
56
56
57
57
57
57
57
58
59
59
59
59
59
59
59
59
60
60
61
61
61
62
62
62
62
63
63
63
63
64
64
64
64
65
65
65
65
66
66
66
67
67
67
67
67
67
68
68
68
68
69
69
69
70
70
70
70
71
71
71
71
72
72
72
72
73
73
73
74
74
74
74
74
74
74
75
75
75
75
75
75
76
76
76
76
76
76
76
76
77
77
78
78
78
78
78
79
79
80
80
80
80
80
80
81
81
81
81
81
81
81
82
82
82
82
82
83
83
83
83
83
83
83
83
83
84
84
85
85
85
85
85
86
86
87
87
87
87
87
87
87
87
87
88
88
88
89
89
89
89
90
90
90
90
90
90
90
90
91
91
91
91
92
92
92
92
92
92
93
94
94
94
94
94
94
95
95
95
96
96
96
96
96
96
96
96
96
96
97
97
98
98
98
98
99
99
99
99
99
99
99
100
100
100
100
100
100
100
101
101
101
101
102
102
102
102
103
103
103
103
103
103
103
104
104
104
104
104
104
105
105
105
106
106
106
106
106
106
106
106
107
107
107
107
107
107
107
108
108
108
108
108
108
108
108
108
109
109
109
109
110
110
110
110
110
110
111
111
111
111
111
112
112
112
112
112
112
112
112
113
113
113
113
114
114
114
114
114
115
115
115
116
116
116
116
116
116
116
117
117
118
118
118
118
118
119
119
119
119
119
119
119
119
119
120
120
120
120
120
120
120
121
121
121
121
121
121
121
122
122
122
122
122
123
123
123
123
123
123
124
124
125
125
125
125
125
125
126
126
127
127
127
127
127
128
128
128
128
128
128
129
129
129
129
130
130
130
130
130
131
131
131
131
131
131
132
132
132
132
132
133
133
133
133
133
134
134
134
134
134
134
134
134
134
134
134
135
135
135
135
136
136
136
136
136
136
137
137
137
137
137
137
137
137
137
137
137
138
138
138
138
138
139
139
139
139
139
139
139
139
140
140
140
140
140
140
140
140
140
140
141
141
141
141
141
141
141
142
142
142
142
142
142
142
143
143
143
143
143
143
143
143
144
144
145
145
145
145
145
146
146
146
146
146
146
147
147
147
147
148
148
148
148
149
149
149
150
150
150
151
151
151
151
152
152
152
152
152
152
152
153
153
153
153
153
153
154
154
154
154
154
154
154
154
154
155
155
155
155
155
155
155
155
155
156
156
156
156
156
156
156
156
156
156
157
157
157
157
157
157
157
157
157
157
157
157
158
158
158
158
158
158
159
159
159
159
159
159
160
160
160
160
160
160
160
160
160
160
161
161
161
161
161
161
161
161
161
161
161
161
161
162
162
162
162
162
162
163
163
163
163
163
164
164
164
164
164
165
165
165
165
166
166
166
166
166
166
167
167
167
167
167
167
168
168
168
168
168
168
168
168
168
168
168
169
169
169
169
169
169
169
170
170
170
170
170
170
170
170
170
171
171
171
171
171
171
171
171
172
172
172
172
172
172
172
173
173
173
173
173
173
173
173
173
174
174
174
174
174
174
174
174
174
174
174
175
175
175
175
175
175
175
175
175
176
176
176
176
176
176
176
177
177
177
177
177
177
177
177
177
178
178
178
178
178
178
179
180
180
180
181
182
182
183
184
184
184
185
185
185
185
186
186
186
186
186
186
187
187
187
187
187
187
188
188
188
188
188
188
188
188
188
188
188
189
189
189
189
190
190
190
190
190
190
190
190
191
191
191
191
191
191
191
191
191
191
191
191
191
192
192
192
192
192
192
192
192
192
193
193
193
193
193
193
193
194
194
194
194
194
194
194
194
194
195
195
195
195
196
196
197
197
197
197
197
199
199
199
200
200
200
200
200
200
201
201
202
202
203
203
203
203
204
204
204
204
204
204
204
204
205
205
205
205
206
206
206
206
206
208
208
209
209
209
209
209
209
209
210
210
210
210
210
210
211
211
211
211
212
212
213
213
213
213
213
213
213
213
213
213
214
214
214
214
214
214
215
215
216
216
216
216
217
217
217
217
217
217
217
218
218
218
218
218
218
218
219
220
220
220
220
220
220
221
221
221
221
221
221
221
222
222
222
222
223
223
224
224
225
225
225
226
226
226
226
227
227
227
227
227
228
228
229
229
229
229
230
230
230
231
231
232
232
232
232
233
233
235
235
235
235
236
236
236
236
236
236
236
237
237
237
238
238
238
239
239
239
239
239
239
239
240
240
242
242
242
243
243
247
248
248
249
249
251
252
253
254
254
254
254
254
255
255
256
256
257
257
258
260
260
260
261
261
262
267
267
268
269
269
269
269
270
270
273
274
275
276
276
279
280
281
281
281
282
282
282
283
283
284
285
286
287
288
288
289
289
290
290
290
291
291
292
292
293
294
294
294
294
294
294
295
296
296
297
297
297
299
300
300
300
301
302
303
304
304
304
305
306
306
306
307
307
308
308
309
313
313
313
313
313
314
314
315
317
317
317
317
317
318
319
319
319
322
322
325
326
326
326
326
326
327
327
327
327
328
328
328
330
330
331
331
334
336
336
338
339
343
344
344
348
348
348
348
349
349
350
350
352
353
353
354
354
354
359
359
359
360
361
363
363
364
364
364
367
367
369
371
373
373
374
374
375
376
379
381
382
383
385
387
387
390
393
393
394
397
403
404
405
406
408
409
411
412
416
419
420
421
421
423
424
425
426
426
426
429
432
432
433
435
436
436
437
437
438
441
442
442
442
443
443
443
443
444
445
446
447
447
448
448
449
451
455
456
457
458
458
465
465
468
473
474
476
480
482
482
483
487
494
498
499
499
500
500
500
501
501
503
503
503
504
504
505
505
507
508
509
510
511
511
513
514
514
515
515
518
518
519
519
520
521
521
521
521
522
523
525
527
527
528
528
529
532
537
538
538
540
540
541
543
544
544
549
553
554
554
556
558
561
562
564
564
565
567
568
573
575
577
577
577
578
578
580
580
581
583
584
585
585
588
588
589
590
590
592
592
593
593
594
594
595
595
595
596
596
597
598
598
598
599
600
600
600
600
601
601
601
601
601
601
602
602
602
602
603
603
604
604
604
604
605
607
607
607
608
609
610
610
611
611
612
613
614
616
618
618
618
618
619
619
620
620
620
621
623
623
624
624
625
628
630
631
631
631
631
632
632
632
632
632
632
634
636
637
638
639
639
639
640
642
642
643
644
652
652
653
655
655
656
656
658
659
659
659
659
660
662
663
676
681
684
686
687
689
690
690
691
692
692
694
694
694
697
699
700
704
707
710
714
714
719
720
722
723
728
728
730
730
730
731
732
733
735
735
735
735
735
735
735
735
735
736
737
739
744
745
745
745
750
750
750
751
752
753
754
756
758
758
758
758
761
765
765
766
766
768
769
771
771
772
772
773
774
775
775
777
779
779
779
787
787
787
788
788
789
794
796
799
802
802
803
804
805
806
810
810
812
812
812
813
813
814
816
817
818
818
818
819
820
821
821
824
825
825
825
825
827
828
829
830
830
830
830
831
831
831
831
832
832
833
834
834
834
834
835
835
836
840
841
843
843
843
846
847
848
848
849
853
854
854
855
857
858
859
860
861
861
862
863
864
864
864
864
865
865
865
866
866
866
867
867
868
868
868
869
870
870
870
871
871
871
871
871
872
872
873
873
873
873
874
875
878
878
879
880
880
882
883
884
884
885
885
886
886
888
889
889
890
890
891
892
892
893
893
893
893
894
895
896
896
896
901
902
903
903
904
904
906
906
907
908
908
908
910
912
914
915
915
916
916
916
917
917
919
920
921
921
922
922
922
923
923
924
924
925
925
925
927
927
927
927
928
928
929
929
929
930
931
931
933
934
935
935
936
936
936
936
937
937
937
937
939
939
939
941
944
945
945
945
945
946
946
946
946
947
947
948
948
948
949
949
949
950
950
951
951
952
953
953
953
955
956
956
962
962
962
964
965
965
966
967
967
968
970
972
974
976
977
979
980
980
981
981
985
985
986
988
990
994
994
994
994
995
995
995
997
998
998
999
1000
1000
1001
1001
1001
1001
1003
1003
1004
1004
1004
1005
1005
1006
1010
1011
1011
1016
1020
1020
1024
1025
1026
1026
1029
1036
1037
1038
1044
1046
1056
1057
1059
1063
1064
1066
1067
1068
1069
1072
1084
1087
1094
1097
1100
1101
1104
1106
1107
1108
1109
1112
1113
1117
1118
1118
1120
1122
1125
1125
1126
1127
1129
1130
1130
1131
1131
1133
1133
1137
1139
1140
1140
1141
1141
1142
1142
1142
1142
1143
1143
1143
1144
1144
1144
1145
1145
1145
1145
1147
1147
1148
1149
1149
1150
1153
1153
1155
1156
1156
1158
1161
1164
1166
1166
1166
1167
1168
1169
1171
1172
1172
1173
1174
1174
1177
1178
1178
1178
1182
1182
1182
1184
1184
1186
1188
1188
1189
1190
1195
1196
1196
1197
1198
1198
1198
1198
1199
1200
1200
1205
1207
1212
1212
1213
1213
1213
1216
1217
1217
1222
1223
1225
1225
1225
1227
1227
1228
1229
1230
1230
1231
1232
1233
1236
1237
1237
1237
1238
1238
1238
1240
1240
1241
1241
1241
1243
1243
1243
1243
1243
1244
1244
1245
1245
1245
1246
1246
1246
1246
1248
1248
1249
1249
1253
1253
1256
1258
1259
1259
1266
1268
1272
1272
1274
1282
1283
1284
1285
1286
1287
1287
1290
1290
1291
1295
1295
1296
1297
1297
1299
1299
1299
1299
1301
1301
1301
1301
1302
1302
1303
1303
1304
1304
1304
1305
1305
1306
1306
1308
1308
1311
1312
1312
1312
1313
1313
1314
1315
1315
1316
1317
1319
1320
1322
1322
1323
1323
1324
1325
1326
1326
1327
1327
1328
1329
1336
1336
1336
1338
1338
1339
1340
1342
1342
1343
1343
1347
1347
1348
1350
1353
1353
1354
1357
1357
1358
1361
1362
1364
1365
1365
1366
1368
1370
1371
1371
1373
1374
1375
1377
1377
1378
1379
1380
1381
1382
1383
1384
1384
1384
1385
1385
1387
1387
1388
1388
1389
1389
1390
1391
1392
1394
1395
1395
1395
1396
1397
1397
1398
1398
1398
1399
1399
1399
1399
