0
2
2
4
4
6
6
6
7
7
7
7
7
7
7
8
8
8
8
8
9
9
9
9
9
9
9
9
9
9
9
10
10
10
10
10
10
10
10
11
11
11
11
11
11
11
11
11
11
11
11
11
11
11
11
12
12
12
12
12
12
12
12
12
12
12
13
13
13
13
13
13
13
13
13
13
13
13
13
13
13
13
14
14
14
14
14
14
14
14
14
14
15
15
15
15
15
15
15
15
15
15
15
15
15
16
16
16
16
16
16
18
19
19
19
19
19
19
19
20
20
20
20
21
21
21
22
22
23
23
24
24
24
25
25
26
26
27
27
27
27
28
28
28
28
28
28
29
29
29
29
29
29
29
29
30
30
30
30
30
30
30
31
31
31
31
31
31
31
32
32
32
33
33
33
34
34
34
34
34
34
35
35
36
36
36
36
36
36
36
36
37
37
37
38
38
38
38
38
38
38
39
39
39
39
39
39
40
40
40
40
40
40
41
41
41
42
42
42
42
42
42
42
42
42
43
43
43
43
43
43
43
43
43
43
43
44
44
44
44
44
44
44
44
45
45
45
45
45
45
46
46
46
46
46
47
47
47
47
47
47
48
48
48
48
48
48
48
48
49
49
49
49
49
49
50
50
50
50
50
50
51
51
51
51
51
51
51
51
52
52
52
52
52
52
52
52
52
53
53
53
53
54
54
54
54
54
54
54
54
54
54
54
54
55
56
56
57
57
57
57
57
58
58
58
59
59
59
59
59
60
60
60
61
61
61
61
61
61
62
62
62
62
62
62
62
62
62
62
62
63
63
63
64
64
64
64
64
64
64
64
65
65
65
65
65
65
65
65
66
66
66
66
66
67
67
67
67
67
67
67
67
68
68
68
68
68
68
68
68
68
68
69
69
69
69
69
69
69
70
70
71
71
71
71
72
72
72
72
73
73
73
73
74
74
74
74
75
75
75
75
76
77
77
77
77
77
77
77
77
78
78
78
78
78
79
79
79
79
79
80
80
80
80
80
80
80
81
81
81
81
81
81
81
81
81
81
81
81
82
82
82
82
83
83
83
83
83
83
83
84
84
84
84
84
84
84
84
85
85
85
85
85
85
85
85
85
85
86
86
86
86
86
86
87
87
87
87
87
87
88
88
88
88
88
88
88
88
88
89
89
89
89
89
90
90
90
90
90
90
90
90
90
90
90
91
91
91
91
91
91
91
91
91
91
91
92
92
92
92
92
93
93
93
93
93
93
93
94
94
95
95
95
96
97
98
98
98
99
99
99
99
100
100
100
101
101
101
101
101
101
102
102
102
102
102
102
103
103
103
103
103
103
104
104
104
104
104
104
104
104
105
105
105
105
106
106
106
106
107
107
107
107
108
108
108
108
108
108
108
109
109
109
109
109
109
110
110
110
110
110
111
111
111
111
111
112
112
112
112
112
114
114
114
114
114
114
114
114
114
115
115
115
115
115
115
115
116
116
116
117
117
117
117
117
117
117
117
118
118
118
118
118
119
119
119
120
120
121
121
121
121
121
121
122
122
122
122
122
122
122
122
123
123
123
123
123
124
124
124
125
125
125
125
125
126
126
126
126
126
126
127
128
128
128
128
128
128
128
129
129
129
129
129
129
129
130
130
130
130
130
130
130
131
131
131
131
131
131
131
131
132
132
132
133
133
133
133
133
133
133
133
134
134
134
135
135
135
135
135
135
136
136
136
136
137
138
138
138
138
139
139
139
140
140
140
140
140
141
141
141
141
141
142
142
142
142
142
142
143
144
144
144
144
144
144
145
145
145
145
145
145
145
146
146
147
147
147
148
149
149
149
149
150
150
151
152
152
152
152
153
153
154
154
154
154
155
155
155
155
155
155
155
156
156
156
157
157
157
158
158
158
159
159
159
159
160
160
160
161
161
161
161
162
162
163
164
164
164
164
164
165
165
165
165
166
167
167
168
168
168
168
171
172
173
175
175
175
176
178
179
179
179
180
180
180
181
181
181
181
182
183
183
183
184
184
185
186
186
187
187
187
187
187
187
188
188
188
189
189
189
189
189
190
191
191
192
192
192
192
192
193
193
193
194
194
194
197
197
198
198
200
203
204
204
205
205
206
206
207
207
207
207
209
209
209
209
209
210
210
211
211
213
213
213
213
213
213
213
214
214
219
219
220
220
221
221
221
222
222
223
223
224
225
226
227
230
230
231
232
233
233
233
234
236
236
236
237
237
237
237
237
237
237
237
238
238
238
239
239
239
240
240
240
240
241
242
242
243
244
244
244
244
245
247
247
248
251
252
252
254
254
254
254
254
255
258
259
259
259
260
260
262
262
262
263
265
267
269
269
269
269
270
270
270
270
271
274
274
275
276
277
278
279
281
281
281
282
282
284
284
287
287
287
288
288
288
288
289
289
289
291
291
292
293
294
294
294
295
295
295
296
298
299
299
299
299
301
301
301
301
304
306
308
308
308
309
310
313
313
315
315
315
316
327
327
329
329
330
332
332
332
333
337
338
339
343
344
348
363
366
367
370
377
380
385
386
390
395
396
397
399
400
413
415
415
422
433
433
434
441
441
444
445
445
448
448
449
450
450
457
458
465
466
467
473
473
476
478
480
480
481
482
482
483
484
485
487
488
489
490
493
495
495
496
496
497
498
498
505
508
509
509
510
510
510
510
510
511
511
511
515
517
518
519
520
524
525
527
528
531
532
537
539
540
542
543
558
559
560
561
561
564
590
603
614
629
630
631
632
644
651
651
654
657
658
658
660
667
669
676
677
679
679
680
680
680
680
680
680
681
681
682
682
682
698
705
705
712
714
719
720
720
735
739
744
744
749
751
752
752
761
768
775
775
776
777
780
780
785
786
787
792
796
797
830
832
835
835
837
838
841
843
848
850
870
877
882
886
891
892
897
899
904
904
915
937
1055
1060
1060
1065
1085
1102
1159
1159
1160
1160
1175
1179
1207
1213
1214
1215
1217
1238
1240
1247
1259
1259
1262
1286
1287
1288
1293
1300
1300
1303
1304
1306
1308
1309
1311
1311
1312
1312
1313
1313
1314
1315
1315
1318
1324
1324
1328
1329
1330
1332
1333
1333
1338
1338
1338
1344
1344
1344
1344
1344
1344
1345
1346
1347
1349
1349
1350
1353
1359
1362
1366
1367
1368
1368
1389
1390
1414
1417
1417
1418
1421
1425
1425
1427
1428
1428
1429
1429
1430
1430
1430
1430
1430
1431
1431
1431
1431
1431
1432
1432
1432
1433
1434
1435
1435
1436
1436
1436
1436
1436
1436
1436
1437
1437
1437
1437
1437
1438
1438
1439
1439
1439
1440
1440
1440
1440
1440
1441
1441
1441
1442
1442
1442
1442
1443
1444
1444
1444
1444
1445
1446
1446
1446
1447
1447
1447
1447
1447
1447
1448
1448
1448
1448
1449
1449
1449
1449
1449
1449
1449
1449
1450
1451
1452
1452
1453
1453
1454
1454
1454
1454
1455
1455
1455
1455
1456
1456
1456
1456
1456
1456
1457
1457
1457
1457
1457
1457
1458
1458
1458
1459
1459
1459
1459
1459
1459
1460
1460
1460
1460
1460
1461
1461
1461
1461
1461
1462
1462
1462
1462
1462
1463
1463
1463
1463
1464
1464
1464
1464
1464
1464
1464
1465
1465
1465
1465
1465
1465
1466
1467
1467
1467
1467
1467
1467
1468
1468
1470
1470
1470
1470
1471
1471
1471
1471
1471
1472
1472
1472
1473
1473
1473
1473
1473
1473
1474
1474
1474
1474
1474
1475
1475
1477
1477
1477
1477
1478
1479
1479
1480
1481
1482
1482
1482
1482
1483
1484
1484
1484
1489
1489
1492
1493
1496
1503
1504
1504
1512
1513
1515
1561
1576
1577
1577
1578
1579
1581
1581
1581
1582
1584
1588
1588
1588
1588
1591
1591
1592
1594
1595
1595
1595
1596
1596
1600
1600
1600
1600
1601
1601
1602
1603
1604
1604
1605
1605
1606
1608
1611
1612
1612
1613
1613
1614
1614
1616
1617
1618
1622
1622
1623
1623
1623
1623
1623
1624
1624
1624
1624
1625
1628
1628
1629
1630
1631
1633
1634
1634
1636
1637
1637
1638
1638
1638
1639
1639
1640
1640
1644
1646
1648
1648
1649
1650
1650
1650
1650
1650
1651
1651
1655
1655
1656
1656
1656
1659
1659
1661
1664
1667
1667
1668
1669
1670
1671
1671
1674
1675
1676
1676
1679
1683
1685
1685
1686
1687
1687
1688
1689
1692
1692
1693
1693
1693
1694
1694
1694
1695
1695
1696
1696
1697
1698
1698
1698
1700
1700
1701
1702
1703
1704
1704
1705
1706
1706
1708
1708
1708
1711
1716
1717
1717
1720
1720
1721
1722
1722
1722
1725
1726
1727
1728
1729
1730
1731
1731
1731
1731
1731
1732
1732
1735
1737
1737
1741
1741
1742
1752
1753
1754
1754
1755
1755
1756
1756
1758
1758
1763
1765
1766
1767
1770
1770
1771
1775
1775
1777
1779
1780
1781
1783
1783
1786
1791
1792
1794
1796
1799
1799
1800
1803
1804
1804
1804
1805
1806
1808
1810
1811
1812
1817
1817
1819
1819
1821
1822
1822
1823
1825
1826
1828
1829
1829
1830
1830
1830
1832
1835
1836
1840
1840
1845
1846
1848
1849
1852
1857
1867
1868
1871
1873
1874
1874
1874
1874
1875
1875
1876
1877
1879
1879
1885
1894
1967
1967
1970
1972
1974
1985
2028
2028
2030
2034
2051
2076
2077
2077
2078
2086
2087
2138
2154
2155
2172
2175
2200
2226
2237
2239
2246
2247
2247
2247
2247
2247
2247
2248
2248
2249
2250
2250
2256
2275
2276
2276
2278
2278
2281
2285
2285
2289
2295
2314
2317
2319
2320
2327
2340
2340
2341
2348
2359
2359
2359
2362
2364
2421
2446
2447
2448
2448
2448
2454
2456
2468
2470
2509
2519
2520
2521
2555
2564
2584
2592
2593
2647
2650
2656
2661
2664
2667
2668
2681
2682
2689
2690
2696
2721
2722
2723
2725
2801
2812
2814
2814
2840
2852
2857
2867
2871
2871
2875
2875
2876
2880
2881
2888
2890
2891
2896
2901
2966
2966
2972
2992
3025
3027
3027
3028
3035
3036
3037
3037
3038
3080
3091
3092
3104
3106
3110
3112
3113
3113
3113
3113
3113
3114
3114
3114
3114
3115
3115
3118
3122
3127
3133
3140
3140
3141
3148
3152
3153
3158
3163
3163
3165
3171
3192
3196
3211
3220
3228
3235
3235
3237
3238
3240
3241
3242
3243
3248
3250
3250
3253
3253
3258
3258
3262
3263
3266
3269
3271
3276
3280
3281
3282
3286
3296
3308
3308
3314
3317
3390
3393
3586
3586
3609
3767
3807
3809
3824
3827
3835
3866
3873
3907
3908
3956
3976
4093
4108
4128
4262
4336
4354
4404
4417
4428
4472
4475
4475
4483
4486
4487
4488
4488
4489
4491
4494
4522
4525
4539
4540
4552
4554
4560
4562
4588
4590
4600
4611
4617
4619
4623
4627
4629
4633
4639
4641
4642
4648
4648
4649
4650
4650
4651
4651
4653
4673
4696
4699
4700
4711
4716
4725
4738
4744
4754
4764
4771
4772
4873
4874
4876
4907
4973
4987
4988
5101
5149
5154
5205
5206
5212
5218
5300
5302
5303
5309
5314
5315
5316
5316
5321
5321
5322
5332
5332
5332
5342
5347
5351
5351
5352
5355
5357
5358
5358
5360
5360
5361
5363
5364
5375
5377
5379
5386
5386
5393
5399
5458
5491
5495
5496
5507
5607
5618
5636
5637
5644
5654
5656
5662
5662
5678
5679
5679
5681
5684
5684
5715
5740
5745
5746
5752
5757
5782
5787
5796
5796
5797
5809
5857
5873
5880
5891
5949
5954
5955
6026
6028
6029
6029
6029
6091
6098
6100
6109
6111
6112
6112
6112
6116
6116
6118
6119
6120
6121
6127
6129
6130
6145
6146
6203
6233
6234
6238
6239
6239
6242
6245
6255
6257
6257
6258
6259
6260
6264
6265
6304
6312
6314
6325
6331
6332
6409
6411
6415
6424
6428
6435
6449
6450
6451
6454
6455
6509
6509
6509
6515
6518
6522
6526
6530
6534
6535
6540
6540
6544
6546
6548
6548
6549
6553
6554
6559
6559
6560
6563
6573
6578
6579
6579
6585
6586
6597
6672
6672
6673
6690
6690
6692
6692
6692
6696
6701
6701
6701
6707
6708
6714
6717
6717
6718
6720
6723
6724
6725
6727
6727
6731
6732
6733
6734
6751
6756
6757
6795
6795
6798
6801
6819
6824
6832
6843
6848
6857
6860
6875
6876
6877
6878
6879
6879
6880
6880
6884
6888
6889
6891
6892
6893
6899
6899
6900
6924
6998
7006
7006
7008
7008
7009
