0
2
3
3
4
4
6
6
6
7
7
7
7
7
7
7
7
8
8
8
8
8
8
8
8
8
9
9
9
9
9
9
9
10
10
10
10
10
10
10
10
11
11
11
11
11
11
11
11
11
11
11
11
12
12
12
12
12
12
12
12
12
12
12
12
12
12
13
13
13
13
13
14
14
14
14
14
15
15
15
15
16
16
16
16
16
16
17
17
17
17
17
17
17
17
18
18
18
18
19
19
19
19
20
20
20
20
21
21
21
21
22
22
22
22
23
23
23
23
24
24
24
24
24
24
25
26
26
27
27
28
28
29
29
29
29
29
30
30
30
30
30
30
30
31
31
31
33
33
33
33
34
34
34
34
34
34
35
35
35
35
35
36
36
36
36
36
37
37
37
38
38
38
38
39
39
40
41
41
42
42
42
42
42
43
43
43
43
43
43
43
44
44
44
44
44
46
47
47
47
47
48
48
48
48
48
48
48
48
48
48
48
49
49
49
49
49
49
50
50
50
50
50
50
51
51
51
51
52
52
52
52
52
52
52
53
53
53
53
53
53
53
53
54
54
54
54
55
55
55
56
56
57
57
57
58
58
58
58
58
58
59
59
59
59
59
60
60
60
60
60
60
60
60
61
61
61
61
61
62
62
63
63
63
63
64
64
64
65
65
65
65
66
66
66
66
67
67
67
67
67
68
68
68
69
69
69
69
69
70
70
70
71
71
71
71
71
71
71
72
72
73
73
73
73
74
74
74
74
74
74
74
75
75
75
75
75
75
75
76
76
76
76
77
78
78
78
79
79
79
80
81
81
82
82
82
82
83
83
83
83
83
83
84
84
84
84
84
84
85
85
85
85
86
86
86
87
87
87
88
88
88
89
89
89
89
90
90
90
90
91
91
91
91
92
92
93
93
93
93
93
93
94
94
94
94
94
94
94
94
95
95
96
96
96
97
97
98
98
98
98
98
99
99
99
99
99
99
100
100
100
101
101
101
101
102
102
102
102
102
102
102
103
103
103
103
103
103
103
104
104
104
104
104
105
106
106
106
107
108
108
108
108
109
109
109
109
109
109
109
109
110
110
110
110
110
110
110
111
111
111
111
112
112
112
112
113
113
113
113
113
114
115
115
115
116
116
116
117
117
117
118
118
118
119
119
119
120
120
121
121
121
122
122
123
123
123
124
124
124
125
125
126
126
126
126
126
128
128
129
129
129
130
131
131
131
131
132
132
132
133
134
134
135
135
135
135
136
136
137
137
137
137
137
137
138
138
138
138
138
138
139
139
139
140
140
140
140
140
141
141
141
141
141
141
141
142
142
143
143
143
143
143
143
143
143
144
144
144
144
145
145
145
145
146
146
146
146
147
147
147
147
147
147
148
149
149
149
150
150
150
150
150
150
151
151
151
151
152
152
152
152
153
153
153
154
154
154
154
155
155
155
155
155
155
156
156
156
156
156
157
157
157
157
157
158
158
158
158
158
159
159
159
159
159
159
159
160
160
160
160
160
160
160
160
160
160
161
161
161
161
161
162
162
162
162
163
163
164
164
166
166
166
168
168
169
170
170
170
170
171
171
172
172
172
172
172
172
173
173
174
174
174
174
174
175
176
176
176
177
177
177
178
178
178
178
179
179
179
179
179
180
180
180
180
180
180
180
180
180
181
181
181
181
181
181
182
182
182
182
182
182
182
183
183
184
184
185
185
185
185
185
186
186
187
188
188
188
190
190
190
191
191
191
191
192
192
192
192
193
193
193
194
194
194
194
195
195
195
196
196
197
197
197
198
198
198
198
198
198
199
199
199
200
200
200
200
200
200
200
201
201
201
201
201
202
202
202
202
202
202
203
204
205
205
205
206
207
207
207
208
208
208
208
210
210
211
211
211
212
212
212
213
213
213
215
215
216
217
217
217
217
218
218
218
219
219
219
219
219
219
219
219
219
219
220
220
220
221
221
221
221
222
222
222
223
223
224
224
225
225
225
226
227
227
227
228
228
228
229
229
230
230
230
231
231
232
233
234
234
235
235
235
235
237
237
237
237
237
237
238
239
240
240
240
240
241
241
241
242
242
242
243
243
245
246
247
248
248
248
248
249
249
249
250
250
251
252
253
253
253
254
254
254
254
256
256
256
257
257
257
257
257
257
257
257
258
259
259
259
259
259
260
260
260
260
260
260
260
260
260
261
261
261
261
261
261
261
261
261
262
262
262
262
264
265
265
266
266
267
267
267
267
268
268
269
269
269
269
270
270
270
271
271
271
271
271
271
272
272
272
273
273
273
273
273
273
273
274
274
274
274
275
275
275
276
276
277
277
277
278
278
278
279
279
279
279
279
280
280
280
280
280
281
281
281
281
281
282
282
282
282
283
283
283
283
283
283
283
283
283
284
284
285
285
285
285
287
287
287
287
289
289
290
290
290
291
291
291
291
291
292
292
292
293
294
295
296
296
298
298
299
299
299
299
300
300
300
300
300
300
301
301
301
302
302
302
303
303
303
304
305
305
305
306
306
306
306
306
307
308
310
310
311
312
312
313
313
313
313
314
314
314
314
315
316
316
316
317
317
317
317
319
320
324
324
324
324
325
325
328
328
329
329
330
330
330
331
331
334
334
335
336
336
337
337
340
340
341
341
341
342
342
342
342
342
342
343
343
343
343
344
349
349
350
350
350
350
351
351
352
352
352
354
355
356
357
357
357
358
358
358
358
358
358
359
360
362
362
362
362
362
363
364
364
365
366
366
367
367
370
370
371
373
376
376
378
380
380
380
381
381
382
382
384
384
384
384
385
386
387
389
390
390
390
390
391
391
392
392
392
394
394
394
394
394
397
397
397
399
399
401
401
402
402
402
402
403
403
404
405
406
406
407
408
408
409
409
409
410
410
411
413
413
413
414
414
414
415
415
415
415
416
416
417
417
417
417
418
420
420
420
421
421
422
422
424
424
425
426
426
426
427
427
428
428
429
430
430
431
433
433
433
434
434
435
435
436
439
439
439
439
439
439
440
440
441
441
441
445
445
450
451
451
451
451
452
452
453
453
453
455
456
460
461
466
471
481
481
486
487
489
491
493
494
499
502
503
504
505
508
509
509
509
510
510
510
513
516
520
521
521
521
525
531
531
532
532
533
534
536
536
537
538
540
540
541
542
543
543
543
544
545
546
547
550
551
552
553
553
554
556
559
560
562
564
566
582
583
584
585
586
587
589
598
602
602
602
611
614
615
618
618
631
632
633
634
640
641
648
653
654
658
661
662
662
663
664
664
666
667
667
667
668
669
670
670
673
682
682
686
688
692
693
695
698
701
701
701
701
703
706
706
707
707
710
711
712
712
715
716
716
717
718
718
719
719
720
720
721
722
724
725
725
725
726
727
731
734
734
734
735
735
738
738
743
747
747
748
748
750
755
758
760
762
762
763
763
763
764
765
766
767
769
771
772
773
773
773
774
774
777
777
781
782
782
783
789
790
790
790
790
791
791
792
796
798
798
801
803
803
805
807
807
810
815
818
819
820
821
821
822
824
826
828
829
830
832
833
833
833
834
834
835
836
839
840
840
841
841
842
843
844
845
846
846
846
846
847
848
848
849
850
851
853
853
854
854
855
855
856
856
857
857
857
860
862
866
870
871
871
871
871
880
881
882
882
884
885
885
891
892
892
893
894
894
895
895
895
897
899
906
906
906
906
907
908
918
927
927
928
941
942
942
944
946
947
947
947
951
951
952
958
964
973
974
974
974
975
979
980
980
981
981
982
982
983
983
986
986
988
988
988
988
989
990
991
991
992
992
995
996
996
997
999
1000
1000
1000
1000
1001
1001
1012
1013
1020
1020
1022
1024
1024
1027
1032
1035
1036
1038
1039
1039
1040
1040
1047
1048
1050
1054
1054
1054
1054
1056
1057
1057
1057
1060
1065
1079
1080
1085
1086
1086
1086
1095
1097
1097
1097
1100
1103
1107
1107
1111
1112
1115
1119
1121
1124
1124
1126
1127
1129
1130
1130
1130
1138
1143
1147
1149
1149
1149
1150
1150
1153
1155
1159
1164
1165
1170
1172
1177
1177
1177
1178
1178
1179
1180
1181
1181
1181
1181
1181
1182
1182
1184
1184
1184
1185
1185
1185
1187
1187
1188
1188
1189
1193
1196
1198
1199
1199
1202
1202
1202
1202
1202
1202
1203
1207
1210
1210
1211
1213
1215
1216
1225
1231
1231
1232
1237
1243
1246
1249
1254
1260
1264
1269
1272
1274
1275
1276
1277
1278
1278
1278
1279
1281
1283
1288
1288
1289
1293
1294
1299
1300
1301
1301
1302
1302
1303
1303
1307
1308
1308
1309
1309
1310
1313
1314
1314
1315
1315
1316
1316
1317
1317
1317
1317
1318
1318
1319
1321
1321
1321
1324
1327
1327
1327
1329
1332
1340
1340
1342
1344
1347
1349
1349
1349
1349
1350
1350
1351
1351
1351
1351
1352
1353
1358
1362
1367
1369
1369
1372
1376
1378
1379
1379
1379
1380
1382
1383
1384
1385
1386
1386
1386
1388
1392
1393
1393
1393
1394
1394
1395
1395
1396
1398
1399
1400
1400
1402
1403
1404
1409
1410
1411
1413
1414
1415
1417
1421
1421
1423
1423
1424
1430
1431
1431
1431
1433
1434
1436
1436
1436
1437
1437
1437
1438
1439
1439
1439
1440
1440
1441
1441
1442
1443
1443
1444
1444
1444
1444
1445
1446
1447
1448
1448
1451
1456
1457
1459
1464
1476
1480
1480
1481
1483
1484
1485
1485
1485
1486
1487
1489
1489
1493
1493
1499
1499
1500
1505
1506
1507
1508
1511
1511
1511
1512
1512
1513
1515
1515
1515
1515
1516
1516
1516
1516
1516
1517
1517
1518
1519
1519
1519
1520
1520
1521
1521
1522
1522
1525
1528
1528
1530
1531
1533
1534
1534
1534
1536
1539
1539
1541
1542
1548
1548
1548
1549
1550
1550
1551
1551
1553
1553
1554
1556
1556
1556
1556
1558
1558
1559
1560
1560
1561
1562
1562
1564
1568
1569
1571
1571
1573
1573
1574
1575
1576
1579
1579
1579
1579
1580
1580
1580
1583
1583
1584
1585
1585
1587
1589
1589
1589
1589
1590
1590
1590
1590
1590
1591
1591
1591
1592
1592
1592
1593
1593
1593
1593
1594
1596
1599
1600
1600
1601
1603
1606
1609
1610
1613
1614
1616
1617
1617
1618
1619
1619
1620
1620
1620
1620
1620
1620
1621
1621
1622
1622
1622
1622
1623
1623
1626
1628
1633
1634
1635
1636
1637
1638
1638
1639
1639
1639
1640
1644
1644
1645
1646
1648
1650
1656
1656
1657
1657
1657
1659
1660
1662
1662
1662
1668
1670
1671
1675
1675
1675
1678
1679
1680
1681
1682
1682
1682
1684
1684
1685
1685
1694
1695
1696
1698
1698
1703
1704
1704
1704
1709
1711
1713
1713
1713
1714
1714
1715
1715
1715
1718
1718
1718
1720
1720
1720
1722
1723
1723
1723
1724
1724
1725
1727
1730
1731
1737
1739
1745
1747
1762
1764
1765
1767
1767
1774
1779
1779
1782
1782
1787
1791
1791
1814
1815
1815
1816
1818
1829
1830
1831
1838
1839
1849
1851
1855
1855
1857
1861
1863
1863
1863
1865
1866
1868
1868
1874
1884
1885
1886
1887
1891
1893
1894
1895
1898
1905
1908
1930
1936
1945
1955
1961
1962
1962
1966
1967
1971
1972
1976
1985
1986
1997
2008
2009
2011
2012
2014
2026
2027
2035
2039
2040
2045
2046
2051
2052
2053
2057
2069
2072
2076
2076
2080
2080
2080
2081
2082
2083
2090
2091
2091
2092
2093
2108
2110
2116
2120
2169
2178
2185
2185
2186
2194
2204
2207
2207
2228
2229
2244
2244
2245
2247
2249
2249
2262
2262
2275
2281
2295
2300
2305
2307
2331
2334
2337
2345
2356
2361
2362
2362
2362
2363
2370
2370
2372
2380
2382
2383
2389
2402
2406
2407
2410
2412
2420
2427
2433
2440
2440
2442
