0
2
2
2
4
5
5
5
6
6
6
7
7
7
7
7
7
7
7
8
8
8
8
8
8
8
9
9
9
9
9
9
9
9
9
9
10
10
10
10
10
10
10
10
10
10
10
10
10
10
10
11
11
11
11
11
11
11
11
11
11
12
12
12
12
12
12
12
12
12
12
12
12
12
12
12
13
13
13
13
13
13
13
13
14
14
14
14
14
14
14
14
15
15
15
15
15
15
15
15
16
16
16
16
16
16
16
16
16
17
17
17
17
17
17
17
18
18
18
18
18
18
18
19
19
19
19
19
19
20
20
20
20
20
20
20
20
20
21
21
21
21
21
22
22
22
22
22
22
23
24
24
24
24
24
24
25
25
25
25
25
25
25
25
26
26
26
26
26
26
26
26
26
26
26
26
26
26
27
27
27
27
27
27
27
27
28
28
28
28
28
28
29
29
29
29
30
30
30
30
30
30
30
30
31
31
31
31
31
31
31
31
32
32
32
32
32
33
33
33
33
33
33
33
34
34
34
34
34
34
35
35
35
35
35
35
35
36
36
36
36
37
37
37
38
38
38
38
38
38
39
39
39
39
39
39
39
39
39
40
40
40
40
41
41
41
41
41
41
41
41
42
42
42
42
42
43
44
44
44
44
44
44
44
44
44
44
44
44
45
45
45
45
45
45
45
45
46
46
46
46
47
47
47
47
47
47
47
48
48
48
48
48
48
48
48
49
49
49
49
49
49
49
49
49
49
49
49
49
50
50
50
50
50
50
50
50
50
50
51
51
51
51
51
51
51
52
52
52
52
52
52
52
53
53
53
53
53
53
54
54
54
54
54
54
55
55
55
55
55
55
55
55
56
56
56
56
56
56
56
56
57
57
57
57
57
57
58
58
58
58
58
58
58
58
59
59
59
59
59
60
60
61
61
61
61
62
62
62
62
63
63
63
63
63
63
63
63
64
64
64
64
64
65
65
65
65
65
65
65
66
66
66
66
66
66
66
66
66
66
66
67
67
67
67
67
67
67
67
67
68
68
68
68
69
69
69
69
70
70
70
70
70
70
71
71
71
72
72
72
72
72
73
73
73
73
74
74
74
74
74
74
75
75
75
75
75
76
76
76
76
76
76
76
77
77
77
77
77
77
77
77
77
77
77
78
78
78
78
78
78
78
78
79
79
79
79
80
80
80
80
80
80
81
81
81
81
81
81
82
82
82
82
82
82
82
82
83
83
83
83
83
83
83
83
83
83
84
84
84
85
85
85
85
85
85
85
85
85
85
86
86
86
86
86
86
86
87
87
87
87
87
90
90
90
91
92
92
92
92
92
93
93
93
93
93
94
94
94
94
94
94
94
94
95
95
95
95
95
96
96
96
96
96
97
97
97
97
97
97
98
98
98
98
98
98
98
98
98
98
98
98
99
99
99
99
99
99
99
99
99
99
99
100
100
100
100
100
100
101
101
101
101
101
101
101
102
102
102
102
103
103
104
104
105
105
105
105
105
106
106
106
106
106
108
108
109
109
109
109
109
110
110
110
110
110
110
111
111
111
111
112
112
112
112
113
113
113
113
113
114
114
114
115
116
116
116
116
116
116
116
116
116
117
117
118
118
118
118
118
118
118
118
119
119
119
119
119
119
120
120
120
120
121
121
121
121
121
121
121
122
122
122
123
123
123
123
124
124
124
124
124
124
124
124
125
125
125
125
125
125
125
126
126
126
127
128
128
128
128
129
129
129
129
130
130
130
131
131
131
131
131
131
131
131
131
131
131
132
132
132
132
132
133
133
133
133
134
134
134
134
134
134
134
134
135
135
135
135
135
135
135
135
136
136
136
136
136
136
136
136
136
136
136
136
136
136
136
137
137
137
137
137
137
137
137
137
138
138
138
138
138
138
138
138
138
138
139
139
139
139
139
139
139
139
139
140
140
140
140
140
140
140
140
140
140
140
140
140
140
140
140
140
141
141
141
141
141
141
141
141
141
141
141
141
141
141
142
142
142
142
142
142
142
142
142
142
142
142
142
143
143
143
143
143
143
143
143
143
143
144
144
144
144
144
144
144
144
144
144
144
144
144
144
144
145
145
145
145
145
145
145
145
146
146
146
146
146
146
146
146
146
146
147
147
147
147
147
147
147
148
148
148
148
148
148
148
148
149
149
149
149
149
149
149
150
150
150
150
150
150
150
151
151
151
151
151
151
151
151
152
152
152
152
152
153
154
154
154
154
154
154
154
154
154
154
155
155
155
155
156
156
156
156
156
156
157
157
157
157
157
157
157
158
158
158
158
158
158
159
159
159
159
159
159
159
159
160
160
160
160
161
161
161
161
161
161
161
161
161
161
161
161
162
162
162
162
162
162
162
162
162
162
163
163
163
163
164
164
164
164
164
165
165
165
165
166
166
166
166
166
166
167
167
167
167
167
167
168
168
168
168
168
169
169
169
169
169
169
169
170
170
170
170
171
171
171
171
171
171
171
171
171
171
171
172
172
172
172
172
172
173
173
173
173
173
173
174
174
174
174
174
174
174
174
174
175
175
175
175
175
175
175
175
176
176
177
177
177
177
177
177
178
178
178
179
179
179
179
179
179
180
180
180
180
180
180
181
181
181
181
181
182
182
182
182
182
182
182
182
182
182
183
183
183
183
183
183
183
184
184
184
184
184
184
184
185
185
185
185
185
185
185
185
186
186
186
186
186
186
186
186
186
187
187
187
187
187
187
187
187
188
188
188
188
188
188
188
189
189
189
189
189
189
189
189
190
190
190
190
190
190
190
191
191
191
191
191
191
191
192
192
192
192
192
193
193
193
193
193
193
193
194
194
194
194
194
195
195
195
195
196
196
196
196
196
196
196
196
196
197
197
197
197
197
198
198
198
198
198
198
198
199
199
199
199
199
200
200
200
200
201
202
202
202
202
202
203
203
203
203
203
204
204
204
204
204
204
204
204
205
205
205
205
205
206
206
206
206
207
207
208
208
208
208
208
208
209
209
210
210
211
211
211
211
211
211
211
213
214
214
214
214
214
215
215
215
215
216
216
216
216
217
217
218
219
219
219
220
220
221
222
222
222
223
224
224
225
225
225
226
227
227
228
228
228
229
229
230
230
230
234
234
234
234
235
236
237
238
238
239
241
241
242
243
244
244
244
245
247
247
248
249
249
249
250
252
252
252
253
253
255
255
255
255
255
255
256
258
260
261
261
262
262
262
265
270
270
272
272
275
276
276
280
280
280
281
282
283
284
290
290
291
291
292
292
293
294
294
295
295
295
297
297
297
298
298
298
299
300
301
302
303
303
304
304
305
305
305
306
306
308
308
308
308
310
310
310
310
311
312
312
312
314
314
314
314
315
315
316
317
317
318
318
321
321
322
322
322
323
324
324
324
325
326
326
327
327
327
330
330
330
331
331
331
331
331
331
332
332
333
333
335
337
339
339
339
339
342
342
342
343
344
344
345
345
345
345
346
346
346
346
347
347
347
348
350
350
350
351
352
354
356
357
358
359
360
363
365
367
367
368
369
369
370
371
371
373
374
376
376
376
376
379
380
380
382
382
389
390
392
392
396
397
398
398
401
401
402
404
404
405
406
408
409
409
412
412
413
413
415
417
418
418
419
419
420
425
427
434
437
438
439
439
439
439
441
441
443
444
444
444
445
445
446
446
447
447
448
449
450
451
453
455
455
455
455
455
455
457
457
458
458
459
460
460
460
461
461
461
462
465
465
465
465
465
467
467
467
467
468
470
470
471
472
472
472
473
473
474
475
475
475
476
476
476
476
477
478
478
479
479
479
480
480
481
482
482
484
485
486
486
486
488
489
490
492
493
493
493
493
494
494
494
494
494
494
494
495
495
496
496
497
497
497
497
497
497
497
499
499
499
501
504
505
507
514
514
514
515
516
518
522
522
523
524
524
525
529
530
531
532
533
533
536
536
536
538
538
538
538
538
538
540
541
542
542
542
543
544
545
545
547
547
547
548
549
552
552
553
555
555
555
558
558
559
559
559
560
560
560
561
563
564
565
565
566
566
567
567
567
567
568
568
569
569
570
570
572
573
574
574
574
575
575
575
575
576
576
577
577
577
580
580
580
581
581
581
581
582
584
584
584
586
586
587
587
589
589
589
589
590
590
590
591
591
591
592
593
593
594
595
596
596
597
597
597
598
598
599
600
600
600
600
600
601
601
601
602
602
603
603
604
605
606
608
608
609
609
611
611
611
613
614
614
616
616
617
617
618
619
619
621
621
622
622
624
626
628
629
629
629
629
630
630
630
631
632
632
632
632
632
633
635
635
636
636
636
637
640
640
641
641
641
643
644
646
646
648
648
648
649
649
654
655
658
659
659
659
660
661
661
662
662
663
663
665
666
666
666
666
666
667
668
669
669
672
672
673
674
674
674
675
676
677
678
683
683
684
684
684
685
687
687
688
688
689
692
693
693
693
693
693
693
695
695
696
697
699
700
701
703
703
704
704
706
706
706
706
707
707
707
709
710
711
712
713
714
717
719
721
721
722
723
723
725
725
725
725
727
727
729
729
729
730
730
731
731
733
737
738
739
740
740
740
740
740
740
741
743
743
743
744
744
744
744
746
747
747
747
749
750
750
750
751
751
751
752
752
754
754
754
754
757
758
758
759
760
761
762
763
764
764
764
765
766
768
769
770
770
771
773
773
775
775
776
777
777
777
778
778
781
782
784
786
786
786
788
789
790
791
792
793
794
794
795
796
796
798
798
799
800
801
803
805
806
807
808
810
812
812
813
814
817
821
821
823
823
823
824
824
829
829
832
832
832
832
832
832
833
834
834
834
837
838
838
840
841
841
842
843
843
845
847
847
847
847
848
848
848
849
850
851
851
851
852
853
855
856
856
858
858
858
860
865
867
868
869
869
870
872
872
873
874
878
878
883
884
889
891
894
897
897
898
898
899
903
906
906
909
911
911
912
913
914
915
916
918
919
921
926
930
930
931
937
937
938
938
940
947
950
951
951
952
953
957
957
957
958
963
963
966
971
972
973
975
976
977
977
978
979
983
983
984
985
986
986
987
989
992
993
994
996
998
999
1000
1004
1005
1006
1007
1007
1014
1016
1019
1021
1021
1025
1025
1030
1032
1034
1036
1037
1038
1039
1040
1041
1042
1042
1048
1048
1048
1050
1051
1051
1052
1053
1053
1054
1056
1056
1059
1060
1060
1060
1060
1063
1063
1064
1064
1065
1068
1068
1068
1069
1069
1069
1069
1071
1072
1073
1074
1075
1077
1078
1078
1079
1080
1081
1081
1082
1082
1089
1094
1094
1095
1097
1098
1101
1106
1107
1108
1112
1113
1115
1116
1116
1117
1118
1122
1124
1124
1124
1125
1126
1127
1128
1128
1129
1129
1139
1140
1149
1150
1155
1155
1156
1156
1163
1169
1169
1170
1175
1176
1181
1183
1184
1185
1185
1187
1191
1192
1193
1197
1198
1198
1202
1203
