0
2
2
3
3
4
5
6
6
6
7
7
7
7
7
8
9
9
9
9
9
10
10
10
10
10
10
10
11
11
11
11
11
11
11
11
11
11
11
11
11
11
11
11
12
12
13
13
13
13
13
13
13
13
13
13
14
14
14
14
14
14
14
14
14
14
14
14
14
14
14
15
15
15
15
15
15
15
15
15
15
15
15
15
15
16
16
16
16
16
17
17
17
17
17
17
17
17
17
17
17
18
18
18
18
18
18
18
18
18
18
18
19
19
19
19
20
20
20
20
20
20
20
21
21
21
21
21
21
21
21
21
21
21
21
21
21
21
22
22
22
22
22
22
22
22
22
22
23
23
24
24
24
24
24
25
25
25
25
25
26
26
26
26
26
26
27
27
27
27
27
27
28
28
28
28
28
28
28
28
28
29
29
29
29
29
29
29
30
30
30
30
31
31
31
31
31
31
31
31
31
31
32
32
32
32
32
32
32
33
33
33
33
33
33
33
33
33
34
34
34
34
34
34
34
34
34
34
34
34
34
35
35
35
35
35
35
36
36
37
37
37
37
37
37
37
37
37
37
38
38
38
38
38
38
38
38
39
39
39
39
39
40
40
40
40
40
40
40
40
40
41
41
41
41
41
41
41
43
43
43
43
43
43
44
44
44
44
44
44
44
45
45
45
46
46
46
47
47
47
47
47
48
48
48
48
48
48
49
49
49
49
49
49
50
50
50
51
51
51
51
51
51
52
52
52
53
53
53
53
53
54
54
55
55
55
56
56
56
56
56
56
57
57
57
58
59
59
59
59
59
59
60
60
60
60
60
61
61
61
61
62
62
62
62
62
62
62
62
63
64
64
64
65
66
66
66
66
66
66
66
66
66
67
67
67
67
67
67
67
67
68
68
68
68
68
68
68
68
68
68
69
69
69
69
69
69
70
70
70
70
70
70
71
71
71
72
72
72
73
73
73
73
73
74
74
74
74
74
75
75
75
75
75
75
75
75
76
76
76
77
77
77
77
77
77
77
78
78
78
78
78
79
79
79
80
80
80
80
81
81
81
81
82
82
82
82
82
82
83
83
83
83
83
84
84
84
84
84
84
84
84
85
85
85
85
85
85
85
85
86
86
86
86
86
86
86
86
86
87
87
87
87
88
89
89
89
89
89
89
90
90
90
90
90
90
90
90
91
92
92
92
92
92
92
92
92
93
93
93
93
93
94
94
94
94
94
95
95
95
96
96
97
97
97
97
97
97
98
98
98
98
98
98
99
99
99
99
99
100
100
100
100
100
100
100
100
100
100
101
101
101
101
101
101
102
102
102
102
102
102
102
102
103
103
103
103
103
103
103
103
103
103
103
104
104
104
104
104
105
105
105
105
106
106
106
107
107
107
107
107
108
108
108
108
108
109
109
109
109
109
109
109
109
110
110
110
110
110
111
111
111
111
111
111
111
111
111
111
111
111
111
111
111
111
112
112
112
112
112
112
113
113
113
113
113
113
113
114
114
114
114
114
114
114
115
115
115
115
115
115
116
116
116
116
116
116
116
116
116
116
116
116
116
116
116
117
117
117
117
117
117
117
117
117
117
117
117
117
117
118
118
118
118
118
118
118
118
118
119
119
119
119
119
119
119
119
120
120
120
121
121
121
122
122
122
122
122
122
122
122
122
123
123
123
123
123
124
124
124
124
125
125
125
125
125
125
125
125
125
125
125
126
126
126
126
126
127
127
127
127
127
127
127
128
128
129
129
130
130
131
131
131
131
131
131
132
132
132
132
132
132
133
133
133
134
134
134
135
135
135
135
135
135
135
135
135
136
136
137
137
137
137
137
137
137
137
137
138
138
138
138
138
138
139
139
139
139
139
140
140
141
141
142
142
142
142
142
142
142
143
143
143
143
143
143
144
144
144
144
144
145
145
145
145
145
145
145
145
146
146
146
146
146
146
146
146
146
147
147
147
148
148
148
148
148
149
149
149
149
150
150
150
150
151
151
151
151
151
151
152
152
152
152
152
152
152
152
152
153
153
153
153
153
153
153
153
153
153
154
154
154
154
154
154
155
155
155
155
155
155
155
155
155
155
155
155
155
155
155
156
156
156
156
156
156
156
156
156
156
157
157
157
157
157
157
158
158
158
159
159
159
159
159
159
159
160
160
160
160
160
160
160
160
161
161
161
162
162
162
162
163
163
163
163
163
163
164
164
164
164
164
164
165
165
165
165
165
165
165
165
165
165
165
166
166
166
166
166
166
166
167
167
167
167
167
167
167
167
168
168
168
168
168
169
169
169
169
169
169
169
169
170
170
170
171
171
171
171
171
172
172
172
172
172
172
172
172
172
172
173
173
173
173
173
173
174
174
174
174
174
174
174
175
175
175
176
176
176
177
177
177
178
178
178
178
178
179
179
179
179
179
179
179
179
180
180
180
180
180
180
180
181
181
181
181
182
182
182
182
183
183
183
184
184
184
185
185
185
185
185
185
185
185
187
187
187
188
188
188
189
189
189
190
190
190
191
191
191
192
192
193
193
193
193
193
193
193
194
194
194
194
195
195
195
196
196
197
197
197
198
198
198
198
198
199
200
200
200
200
200
200
200
200
200
201
201
201
201
201
201
201
201
201
201
202
202
202
202
203
203
203
203
203
204
204
204
204
204
204
205
205
205
205
205
206
206
206
207
207
208
208
209
209
209
209
209
210
210
210
210
210
210
210
210
211
211
211
211
211
212
212
212
212
213
213
213
214
214
214
215
215
215
216
216
216
216
217
217
218
218
218
218
218
218
219
219
220
220
220
221
222
222
222
223
223
224
224
224
225
225
226
226
226
227
227
227
227
227
227
227
227
228
228
228
229
230
230
230
231
231
231
231
231
231
231
232
232
232
232
233
233
233
234
234
234
234
235
235
235
235
235
235
236
236
236
236
236
236
237
237
238
238
238
238
238
238
239
239
241
241
241
241
241
241
242
242
242
242
243
243
243
243
244
244
244
244
245
247
247
247
248
249
249
249
249
250
250
250
250
251
251
252
252
252
252
252
253
253
254
254
254
255
255
255
255
255
256
256
256
256
256
257
257
257
258
258
258
258
258
258
259
260
260
260
260
260
261
261
262
262
262
262
263
263
264
264
266
266
267
267
268
268
269
269
270
271
271
271
272
272
272
273
274
274
274
275
275
275
275
276
277
277
278
278
279
279
280
280
280
281
282
283
283
283
283
284
285
286
286
286
287
288
288
288
289
290
290
290
291
291
292
295
295
296
296
297
298
299
300
301
301
301
302
302
302
302
303
303
304
304
304
304
304
306
307
308
308
308
309
309
310
310
310
310
311
311
311
311
311
311
311
311
312
312
313
313
314
314
314
314
315
315
316
317
317
318
318
318
318
318
319
319
319
319
320
320
320
320
321
322
322
323
323
324
325
325
325
325
326
327
328
328
328
328
330
330
330
330
331
331
331
331
331
331
331
331
332
332
332
332
333
334
334
334
337
337
337
337
338
339
339
339
341
341
342
342
343
344
344
345
346
346
346
346
346
347
347
347
349
349
349
350
352
352
352
356
358
358
358
358
359
359
361
361
361
362
362
363
363
363
364
365
366
366
366
367
367
367
367
368
373
373
373
374
374
374
375
375
378
381
383
383
390
391
393
394
396
398
399
400
402
402
408
411
414
416
417
417
418
418
418
418
420
420
421
422
422
422
423
426
427
427
428
430
430
432
432
433
434
435
435
436
436
436
436
437
437
437
437
437
438
439
439
441
443
446
449
450
451
453
453
453
454
454
454
455
455
455
456
461
462
467
467
471
471
473
475
476
477
478
478
479
480
480
480
483
485
489
489
491
492
492
493
494
495
495
495
500
501
502
502
502
503
503
503
503
503
507
509
514
515
517
518
521
523
531
534
540
540
540
541
542
544
544
551
559
560
566
566
566
571
572
572
574
578
581
586
592
594
595
595
616
619
622
623
624
624
624
630
633
642
652
659
659
662
662
669
670
671
680
681
683
684
690
713
715
724
726
727
730
734
734
737
737
759
762
783
783
785
788
789
828
830
830
831
835
838
840
843
847
849
851
857
863
867
869
871
874
874
875
879
884
891
891
898
899
903
905
913
913
913
915
958
985
1001
1003
1003
1003
1003
1004
1054
1088
1089
1090
1094
1102
1105
1106
1111
1111
1111
1112
1114
1115
1116
1116
1116
1116
1117
1117
1118
1119
1119
1122
1123
1125
1125
1127
1127
1128
1129
1131
1135
1139
1140
1140
1141
1141
1142
1144
1144
1144
1152
1154
1163
1163
1166
1166
1169
1185
1186
1187
1200
1225
1226
1227
1228
1228
1228
1228
1229
1231
1231
1235
1235
1343
1349
1353
1367
1396
1399
1402
1415
1417
1417
1418
1418
1418
1421
1426
1427
1431
1434
1434
1435
1436
1436
1436
1437
1441
1445
1446
1447
1448
1450
1452
1452
1453
1454
1458
1459
1473
1477
1478
1479
1480
1480
1482
1488
1494
1496
1501
1513
1516
1518
1529
1553
1557
1564
1564
1565
1565
1570
1572
1572
1580
1580
1582
1582
1582
1584
1585
1588
1590
1590
1592
1592
1593
1593
1593
1594
1595
1595
1596
1596
1597
1599
1600
1600
1600
1601
1603
1603
1603
1604
1605
1605
1606
1608
1608
1608
1609
1609
1610
1610
1610
1610
1612
1612
1613
1613
1615
1615
1615
1618
1618
1619
1620
1620
1620
1621
1621
1621
1622
1624
1624
1624
1625
1626
1627
1627
1629
1630
1630
1635
1635
1636
1636
1637
1638
1640
1642
1646
1649
1649
1650
1651
1653
1653
1654
1657
1657
1660
1662
1664
1665
1667
1667
1672
1672
1672
1672
1672
1673
1673
1674
1675
1675
1676
1677
1678
1678
1679
1684
1687
1687
1689
1689
1689
1690
1690
1691
1691
1692
1692
1692
1693
1693
1693
1693
1693
1694
1694
1694
1694
1694
1695
1695
1695
1695
1696
1697
1700
1701
1702
1702
1704
1708
1708
1710
1710
1713
1713
1714
1714
1715
1715
1716
1721
1722
1722
1722
1724
1726
1726
1727
1727
1727
1729
1729
1730
1731
1731
1733
1733
1734
1734
1735
1736
1737
1741
1741
1742
1743
1746
1750
1751
1753
1755
1755
1756
1756
1756
1758
1760
1764
1764
1764
1766
1766
1768
1772
1773
1774
1774
1775
1775
1777
1787
1787
1788
1790
1793
1793
1793
1796
1796
1800
1800
1801
1801
1801
1804
1805
1807
1807
1808
1808
1808
1808
1808
1809
1809
1810
1811
1811
1811
1813
1817
1821
1821
1822
1822
1823
1826
1826
1829
1830
1831
1832
1835
1836
1840
1842
1842
1843
1844
1845
1846
1848
1856
1879
1880
1883
1887
1890
1909
1910
1912
1913
1917
1917
1919
1919
1927
1929
1929
1930
1943
1944
1945
1945
1948
1948
1949
1949
1951
1951
1955
1955
1955
1955
1956
1956
1966
1976
1982
1989
1996
1996
2006
2014
2016
2026
2033
2034
2072
2072
2220
2236
2335
2336
2336
2337
2337
2343
2343
2360
2361
2361
2395
2405
2407
2410
2411
2444
2515
2566
2569
2572
2573
2583
2590
2592
2595
2598
2599
2601
2601
2601
2605
2607
2608
2608
2610
2611
2614
2628
2628
2628
2649
2650
2658
2782
2782
2782
2782
2800
2800
2800
2800
2817
2842
2865
2872
2881
2892
2893
2899
2991
3087
3092
3093
3095
3104
3110
3113
3117
3119
3133
3134
3139
3139
3140
3141
3148
3148
3148
3148
3149
3149
3149
3150
3158
3159
3170
3220
3226
3227
3227
3229
3229
3230
3234
3241
3242
3250
3250
3250
3250
3258
3259
3261
3261
3278
3281
3289
3289
