0
2
4
4
5
5
6
6
6
7
7
7
7
7
7
7
8
8
8
8
8
8
8
8
8
8
8
8
8
9
9
9
9
9
9
9
9
9
9
9
9
10
10
10
10
10
10
11
11
11
11
11
11
11
11
11
11
12
12
12
13
13
14
14
14
14
15
15
16
16
16
17
17
17
17
17
17
17
18
18
18
18
18
18
18
18
18
19
19
19
19
19
19
19
19
20
20
20
20
20
20
20
20
20
20
20
20
20
21
21
21
22
22
22
23
23
23
23
23
23
23
23
23
23
23
24
24
24
24
25
25
25
25
25
25
26
26
26
26
26
27
27
27
27
27
27
27
28
28
28
28
28
28
28
28
29
29
29
30
30
30
31
32
32
32
32
32
33
33
33
33
33
34
34
34
34
35
35
35
35
35
35
35
36
36
36
36
36
36
36
36
37
37
37
37
37
37
37
37
37
37
37
37
37
38
38
38
38
38
39
39
40
40
40
40
41
41
41
41
41
42
42
42
43
43
43
43
43
43
43
44
44
44
44
44
44
45
45
45
46
46
46
46
46
46
47
47
47
47
47
47
47
47
47
47
47
48
48
48
48
48
48
48
48
48
49
49
49
49
49
49
49
49
49
50
50
50
50
50
50
50
50
50
51
51
51
51
52
52
52
52
52
52
52
53
53
53
54
54
54
55
55
56
56
56
57
57
58
58
58
59
59
60
60
60
60
60
60
61
62
62
62
63
63
63
63
63
63
63
63
63
63
63
64
64
64
65
65
65
65
65
65
65
65
65
65
65
65
66
66
66
66
66
66
66
66
66
66
67
67
68
68
68
69
69
69
70
70
70
70
70
70
71
71
72
72
72
72
72
72
72
72
73
73
73
73
73
73
73
73
73
74
74
74
74
75
75
75
75
75
75
75
75
76
76
76
76
76
77
77
77
77
77
77
77
78
78
78
78
79
79
79
79
80
80
81
81
81
81
81
82
83
83
83
83
83
83
83
83
83
83
83
83
83
84
84
84
84
84
84
84
85
85
85
85
85
85
85
85
85
86
86
87
87
87
87
87
87
88
88
88
88
88
89
89
89
89
90
90
90
90
90
90
91
91
91
91
92
92
92
93
93
94
94
94
94
94
95
95
95
95
95
95
95
95
96
96
96
96
96
96
96
96
96
97
97
97
97
97
97
97
98
98
98
99
99
100
100
100
100
100
100
100
100
101
101
101
101
102
102
103
103
103
103
103
103
104
104
104
104
104
105
105
106
106
107
107
108
108
108
108
108
108
109
109
109
109
109
109
109
109
109
110
110
110
110
110
110
111
111
111
111
111
111
111
111
112
112
112
112
112
112
113
114
114
114
114
115
115
115
115
115
115
116
116
116
116
117
117
117
117
117
117
117
117
118
118
118
119
119
119
119
119
120
120
120
120
121
121
121
121
121
121
121
121
121
121
121
122
122
122
122
123
123
123
123
123
123
123
124
124
124
124
124
124
124
124
124
124
124
124
124
124
124
125
125
125
125
125
125
125
125
126
126
126
126
126
127
127
127
127
127
127
127
127
127
127
128
128
128
128
129
129
129
129
130
130
130
130
130
130
130
130
130
131
131
131
132
132
132
132
132
132
132
132
133
133
133
133
134
134
134
134
135
135
135
135
135
135
135
135
135
135
136
137
137
137
137
138
138
138
138
139
139
139
139
139
140
140
140
140
140
140
140
140
140
141
141
141
141
141
141
142
142
142
142
143
143
143
144
144
144
144
145
145
145
145
145
146
146
146
147
147
147
148
148
149
149
150
150
150
151
151
151
151
151
152
152
152
152
152
153
153
154
155
155
155
155
155
155
155
156
156
156
156
156
156
157
157
157
157
157
157
157
157
158
158
158
158
158
158
158
159
159
159
159
159
159
159
160
160
160
160
160
160
161
161
161
162
162
162
162
162
162
162
162
162
163
163
164
164
164
165
165
165
166
166
166
166
166
166
166
167
167
167
167
167
168
168
168
168
168
168
168
169
169
170
170
170
170
171
172
172
172
173
173
173
173
174
174
174
174
175
175
176
176
176
176
177
177
177
177
177
178
178
179
179
179
179
179
179
180
180
180
180
180
180
180
180
180
181
181
182
182
182
182
182
182
182
182
182
182
182
183
183
183
183
183
183
184
184
184
184
184
185
185
185
185
185
185
186
186
186
186
187
187
187
187
187
187
187
188
188
188
188
188
189
190
190
190
190
190
190
190
190
191
191
191
191
192
192
192
192
192
192
192
193
193
193
193
193
194
194
194
195
195
195
195
195
195
195
195
196
196
197
197
197
197
197
198
199
199
199
199
199
199
199
199
200
200
200
200
200
201
201
202
202
202
203
203
203
203
203
204
204
204
205
205
205
205
205
206
206
206
207
207
207
207
207
208
208
209
209
209
209
209
210
210
210
210
211
211
211
212
212
213
213
213
214
214
214
214
214
214
214
214
215
215
215
215
215
215
215
216
216
216
216
216
216
217
217
218
218
219
219
220
220
221
221
221
221
221
221
221
224
225
226
226
226
227
227
227
227
227
227
228
228
228
228
228
228
228
228
228
229
229
229
229
229
229
230
231
231
231
232
232
232
233
233
234
235
235
236
237
238
238
238
238
239
239
239
240
240
240
240
241
241
241
242
246
247
247
247
247
247
247
248
248
249
249
250
250
251
251
252
252
252
253
253
253
253
253
254
254
254
254
254
255
255
255
255
256
257
257
257
257
258
258
258
258
258
259
259
259
260
260
260
260
260
260
261
261
261
261
263
264
264
265
265
266
266
266
267
267
268
269
269
269
269
270
271
271
271
272
272
273
273
273
273
274
274
275
275
275
275
275
276
276
276
277
277
277
277
277
278
278
278
279
279
279
279
279
279
280
280
280
280
281
281
281
281
281
282
282
283
284
284
284
285
285
286
287
287
287
287
288
288
289
289
290
290
290
291
291
291
292
292
292
293
293
294
295
295
295
295
295
296
296
296
297
297
297
297
297
297
297
298
298
298
299
299
299
300
300
301
301
302
302
302
302
303
303
304
304
305
305
306
306
307
307
308
308
308
308
308
309
309
309
309
309
309
309
310
310
310
310
311
312
312
312
313
313
314
314
315
315
315
316
316
316
317
317
318
319
319
320
320
320
321
321
321
322
322
323
324
326
326
327
327
328
328
330
331
331
331
332
333
334
334
334
334
334
335
335
335
337
337
337
338
339
340
342
342
342
343
343
343
343
345
346
346
346
346
347
347
347
347
348
348
349
351
352
352
352
352
352
354
354
354
355
355
356
357
357
357
358
358
358
359
359
359
360
361
361
362
363
365
368
368
369
369
370
370
372
373
373
374
374
375
375
375
376
376
376
376
377
378
378
379
379
380
382
384
384
385
385
386
386
387
388
389
389
390
391
393
394
394
394
396
396
397
398
399
401
404
405
406
406
406
406
408
410
410
410
411
411
414
414
414
416
418
418
418
419
421
421
423
424
424
425
425
425
426
426
427
427
427
428
428
428
428
428
428
428
428
428
429
429
429
429
430
430
430
430
431
431
431
431
431
432
434
434
434
435
435
437
437
438
441
442
443
447
451
451
452
452
453
453
453
454
454
454
454
454
454
456
457
458
460
460
461
461
461
461
461
462
462
463
463
463
463
463
464
464
464
466
466
466
466
466
467
468
471
472
472
472
472
475
476
478
479
480
480
481
481
483
484
484
486
486
486
486
486
487
489
490
491
491
492
493
494
496
496
498
498
498
500
500
501
501
502
502
503
503
504
504
505
506
506
507
509
511
511
511
511
511
511
511
511
512
512
513
513
513
514
514
516
516
516
516
516
517
519
519
519
519
520
520
521
521
522
524
524
525
526
526
528
528
530
531
531
532
533
533
534
535
535
536
536
537
537
537
539
540
542
543
544
546
546
546
546
551
552
557
557
559
560
560
561
562
562
562
562
562
562
563
565
568
568
570
571
574
576
577
578
579
579
580
580
580
581
581
581
582
583
583
584
584
584
585
585
585
586
586
586
586
587
588
590
590
590
591
594
597
598
600
600
601
602
604
606
606
608
608
608
608
609
609
609
610
611
611
617
619
620
620
621
622
622
623
623
624
624
627
629
629
630
630
630
631
632
632
633
633
636
636
638
638
638
638
638
639
641
642
642
643
643
645
645
647
647
648
648
648
648
648
649
649
649
650
650
651
652
653
653
655
656
657
660
660
660
660
661
661
661
667
668
669
669
671
675
684
685
685
685
686
686
688
690
690
690
690
693
693
694
698
698
699
699
700
700
700
701
701
702
702
706
709
709
709
710
711
711
712
712
713
713
715
717
717
718
718
719
719
726
726
731
733
744
745
746
749
750
751
751
751
754
755
757
757
757
758
758
758
759
761
762
762
763
763
764
769
770
771
772
772
774
778
779
779
784
785
797
799
804
804
804
807
809
814
817
828
829
832
841
848
848
849
856
859
867
867
869
869
874
882
884
890
895
895
896
896
896
896
896
898
899
907
909
912
924
926
930
932
934
935
938
938
945
945
947
953
955
962
966
970
979
979
980
981
988
995
996
998
1010
1021
1021
1023
1031
1032
1039
1043
1044
1044
1047
1049
1051
1068
1073
1084
1084
1084
1101
1103
1124
1131
1136
1146
1147
1148
1151
1153
1167
1195
1207
1207
1208
1217
1218
1219
1231
1242
1249
1251
1251
1292
1308
1313
1316
1331
1333
1335
1344
1354
1364
1379
1379
1380
1385
1387
1388
1391
1395
1412
1416
1416
1416
1418
1419
1420
1420
1420
1421
1424
1426
1427
1428
1428
1429
1435
1435
1436
1437
1439
1440
1445
1445
1447
1447
1449
1452
1452
1452
1452
1453
1453
1455
1457
1457
1458
1459
1463
1463
1465
1465
1466
1466
1467
1468
1470
1471
1471
1472
1474
1475
1476
1480
1481
1482
1483
1487
1491
1491
1500
1500
1515
1515
1517
1537
1538
1540
1541
1542
1544
1554
1556
1560
1567
1571
1573
1574
1578
1579
1579
1588
1592
1596
1597
1598
1602
1608
1609
1609
1609
1609
1609
1610
1610
1610
1613
1613
1613
1614
1614
1618
1619
1619
1620
1620
1623
1624
1624
1625
1628
1631
1631
1631
1631
1634
1636
1639
1640
1642
1644
1644
1645
1649
1652
1653
1654
1656
1656
1656
1657
1658
1658
1659
1659
1659
1662
1663
1664
1665
1666
1667
1667
1667
1667
1667
1669
1670
1673
1673
1675
1676
1680
1680
1680
1681
1681
1682
1683
1684
1685
1685
1685
1689
1689
1690
1690
1691
1693
1695
1695
1702
1704
1704
1705
1705
1708
1709
1712
1716
1717
1719
1719
1722
1723
1724
1728
1728
1729
1729
1731
1732
1734
1735
1735
1736
1738
1738
1739
1742
1742
1742
1743
1744
1748
1748
1750
1755
1768
1768
1770
1770
1771
1771
1774
1779
1779
1781
1782
1782
1785
1789
1789
1790
1791
1791
1791
1793
1795
1810
1811
1811
1812
1812
1814
1814
1815
1816
1817
1817
1817
1818
1819
1820
1823
1823
1828
1831
1836
1837
1838
1838
1843
1846
1847
1848
1848
1850
1851
1854
1856
1857
1864
1866
1869
1872
1874
1875
1875
1881
1881
1887
1889
1896
1897
1897
1897
1898
1911
1916
1922
1926
1926
1931
1968
