0
2
3
4
5
5
6
6
7
7
7
7
8
8
8
8
8
8
8
8
9
9
9
9
9
9
9
9
9
10
10
10
10
10
10
10
10
11
11
11
11
11
11
11
11
11
12
12
12
12
12
12
12
12
12
13
13
13
13
13
13
14
14
14
14
14
15
15
15
16
16
17
17
17
17
17
18
18
18
18
19
19
19
20
20
20
20
20
21
21
21
22
22
22
22
22
22
23
23
23
23
24
24
24
24
25
25
26
26
26
26
26
26
26
27
28
28
29
29
29
30
30
30
30
30
31
32
32
32
32
34
34
34
34
35
35
35
36
36
37
37
37
38
38
38
38
38
38
38
38
39
39
39
39
39
39
39
39
40
40
40
40
41
41
41
42
42
42
42
43
44
44
44
45
45
45
45
45
46
46
46
47
47
48
48
48
49
49
49
49
50
50
50
51
51
51
52
52
52
52
52
52
53
53
53
53
53
55
55
55
55
55
55
55
56
56
56
57
57
57
57
57
58
58
58
58
58
58
58
59
59
60
60
60
60
61
62
62
62
62
62
62
62
64
65
65
65
66
66
67
67
67
68
68
68
68
69
69
69
69
70
70
70
70
70
71
71
71
71
71
71
72
73
73
73
73
73
74
74
74
74
74
74
74
75
75
77
77
77
78
78
78
78
78
79
79
79
79
79
80
80
80
80
80
80
80
81
81
81
81
81
82
82
82
82
83
83
83
83
84
85
86
86
86
87
87
87
87
87
88
89
89
89
89
89
89
89
90
90
90
90
92
92
92
93
93
93
93
93
94
94
94
94
95
95
95
95
95
95
96
96
96
96
96
96
96
96
96
97
97
97
97
97
98
98
98
98
98
98
98
98
99
99
99
99
100
100
100
100
101
101
101
102
102
102
102
102
103
103
103
103
105
105
105
105
106
106
106
106
107
107
108
108
108
108
108
109
109
109
109
110
111
111
112
112
112
113
113
113
113
114
114
114
114
114
115
115
115
115
115
115
116
116
116
117
117
117
117
118
118
118
119
120
120
120
120
121
121
122
122
122
122
122
123
123
123
123
124
124
124
124
125
125
125
125
125
126
126
126
126
127
127
128
128
130
130
130
131
131
131
132
132
132
133
133
134
135
135
136
136
137
137
137
137
138
138
138
138
139
139
139
139
139
140
140
140
140
141
141
141
141
141
142
142
142
142
142
143
143
143
144
144
144
144
144
144
144
144
144
145
145
145
145
145
145
146
146
147
147
147
147
147
148
148
148
148
148
148
148
148
148
149
149
150
150
150
150
151
151
151
151
152
152
152
152
153
153
153
153
153
153
153
154
154
155
155
155
156
156
156
156
156
157
157
157
157
157
157
158
158
158
159
159
159
159
160
160
160
161
162
162
162
162
162
162
162
162
163
164
164
165
165
166
167
168
168
168
169
169
169
170
170
170
170
170
171
171
172
172
172
172
172
173
174
174
174
175
175
175
175
175
176
176
176
176
176
177
177
177
177
178
178
178
180
181
181
181
182
182
183
183
183
183
183
184
185
186
187
187
188
188
188
188
189
189
189
189
190
191
191
191
192
192
193
193
193
194
194
195
195
195
196
196
196
196
197
197
199
201
202
203
203
203
204
205
205
206
206
207
208
208
208
209
209
209
210
210
210
210
210
211
212
213
213
213
213
214
214
214
215
217
217
217
218
219
219
220
220
220
221
221
223
223
224
224
225
225
226
226
226
227
227
227
227
228
228
228
229
230
230
230
232
234
235
235
236
236
238
238
238
238
238
241
241
241
242
242
243
244
244
244
244
245
247
249
249
250
251
251
252
252
252
253
254
255
256
257
258
259
260
260
261
261
262
262
262
265
265
266
267
267
267
267
269
269
269
270
270
270
270
271
272
272
272
273
273
274
278
278
278
278
278
278
279
280
283
284
286
286
288
288
289
290
290
291
291
291
292
292
292
294
296
297
298
298
298
299
300
301
302
302
302
303
304
304
304
305
306
306
307
307
308
308
310
312
312
313
313
314
314
315
316
317
318
319
325
326
326
326
327
327
327
327
328
329
331
331
331
338
339
340
341
342
343
343
343
343
343
344
344
345
345
346
346
347
348
349
360
363
369
371
371
371
372
376
376
379
381
381
382
384
385
388
391
395
396
396
397
397
400
402
415
416
417
419
420
421
424
425
426
427
428
428
429
430
434
436
436
436
437
437
438
438
438
438
439
439
440
440
441
441
441
443
443
453
455
457
458
461
461
461
464
466
466
468
470
472
475
475
475
476
477
478
478
479
479
480
482
484
486
486
486
488
489
491
492
494
494
495
496
496
496
497
498
498
499
499
500
500
501
501
501
502
503
503
503
505
505
505
505
506
506
506
507
507
508
508
508
508
509
509
509
511
511
512
512
513
514
514
517
518
520
520
522
522
523
523
525
525
525
526
526
526
528
528
529
529
530
531
531
532
534
534
535
536
536
537
538
538
539
540
540
540
542
542
545
546
546
547
548
550
551
551
551
551
551
551
552
552
552
552
552
553
555
555
555
555
563
563
563
565
565
566
566
566
567
567
568
568
568
568
568
568
569
569
569
572
573
573
575
575
579
580
580
583
583
584
584
584
584
587
588
588
588
588
588
588
589
589
589
589
590
590
590
591
592
592
593
593
594
598
598
599
599
599
600
600
600
601
601
601
602
602
603
603
603
604
604
604
605
605
605
606
606
606
606
607
607
607
608
608
608
608
609
611
612
612
612
613
613
613
614
614
615
615
616
616
616
617
617
617
617
618
618
618
619
619
619
619
620
620
621
622
622
622
622
622
623
623
623
624
626
627
627
628
628
629
629
629
630
630
630
630
630
631
631
631
631
631
632
633
634
634
635
635
635
636
636
636
636
638
639
641
641
641
641
642
642
642
643
643
643
644
644
644
644
645
645
645
645
646
646
646
646
647
647
649
649
650
651
652
652
654
654
654
654
657
659
659
659
659
660
661
661
661
661
661
662
662
663
663
664
664
664
665
666
666
666
667
668
668
668
669
673
674
674
674
675
675
675
676
676
677
677
678
678
678
680
684
685
686
687
687
687
688
689
690
690
690
691
691
692
692
692
692
692
693
694
695
695
696
696
696
696
696
696
696
697
697
697
697
697
697
697
697
697
698
698
698
698
698
699
699
699
699
699
699
699
700
700
701
702
703
703
704
705
705
705
705
706
707
707
707
707
709
709
709
712
712
713
713
713
713
714
718
718
719
723
723
724
725
726
726
727
728
728
733
733
735
735
736
736
737
738
738
740
740
741
741
741
741
742
744
744
744
744
744
745
745
747
747
748
748
750
752
752
753
753
753
765
766
768
774
775
777
783
783
787
792
792
794
798
798
798
800
802
802
805
807
807
808
809
809
809
809
809
810
811
811
811
812
813
813
817
818
819
820
820
821
821
822
825
826
827
830
831
838
838
840
840
842
843
849
850
851
853
855
859
860
860
860
864
866
866
867
870
870
871
873
873
875
875
876
879
879
880
880
880
880
882
882
883
883
884
884
885
885
885
886
887
888
888
890
890
890
891
891
891
892
893
895
898
898
900
902
902
902
903
906
907
907
908
909
911
912
912
914
915
915
916
916
916
917
918
918
918
920
922
924
924
924
925
927
927
927
929
933
933
933
933
933
933
934
935
936
937
938
938
938
939
940
942
943
944
945
945
946
947
947
947
951
952
953
956
956
958
960
960
960
961
961
962
962
962
962
963
963
963
964
965
966
966
968
968
969
971
971
971
972
973
973
974
974
974
976
976
976
976
977
977
979
979
979
983
984
986
987
987
987
987
988
988
988
989
989
989
989
990
990
991
992
994
994
996
998
1001
1002
1003
1003
1004
1005
1006
1006
1006
1006
1007
1007
1007
1007
1009
1010
1021
1021
1027
1027
1028
1028
1029
1029
1030
1031
1031
1031
1035
1042
1044
1044
1046
1047
1047
1047
1048
1048
1049
1050
1051
1051
1051
1052
1056
1056
1058
1060
1060
1063
1065
1066
1066
1067
1069
1069
1070
1070
1070
1071
1076
1079
1079
1081
1082
1083
1084
1085
1086
1087
1087
1087
1088
1090
1091
1091
1091
1092
1092
1093
1094
1095
1098
1099
1099
1102
1102
1102
1102
1107
1114
1114
1115
1117
1120
1124
1124
1125
1125
1126
1128
1129
1129
1129
1129
1129
1129
1130
1131
1131
1133
1133
1138
1139
1140
1140
1140
1140
1141
1141
1146
1148
1148
1149
1151
1152
1153
1153
1153
1155
1156
1156
1156
1156
1156
1157
1157
1158
1161
1161
1161
1162
1164
1164
1165
1167
1167
1168
1168
1168
1169
1170
1170
1170
1170
1170
1171
1171
1171
1175
1175
1175
1178
1179
1180
1180
1181
1182
1182
1182
1182
1183
1185
1185
1185
1186
1191
1193
1193
1194
1196
1197
1197
1197
1199
1200
1200
1202
1204
1206
1207
1208
1208
1210
1211
1211
1213
1215
1216
1219
1221
1221
1222
1223
1223
1225
1228
1228
1228
1231
1232
1234
1234
1238
1242
1243
1245
1245
1247
1249
1253
1258
1259
1261
1261
1262
1264
1265
1267
1268
1272
1273
1275
1276
1278
1286
1290
1292
1292
1293
1294
1298
1298
1299
1299
1300
1301
1302
1302
1303
1304
1306
1307
1307
1307
1307
1307
1307
1307
1308
1308
1311
1311
1313
1314
1315
1316
1317
1318
1318
1322
1326
1326
1326
1327
1330
1332
1333
1335
1336
1336
1337
1337
1337
1338
1339
1342
1342
1343
1346
1346
1346
1346
1346
1346
1347
1347
1348
1350
1350
1358
1361
1362
1364
1366
1366
1367
1370
1378
1381
1383
1385
1385
1387
1391
1392
1392
1392
1394
1395
1397
1397
1401
1401
1402
1402
1404
1404
1405
1406
1406
1406
1406
1406
1407
1408
1409
1409
1411
1412
1417
1420
1420
1421
1421
1422
1423
1426
1428
1430
1434
1434
1437
1438
1446
1447
1478
1483
1484
1485
1485
1485
1486
1488
1489
1492
1495
1499
1500
1504
1504
1504
1505
1505
1507
1507
1507
1507
1508
1508
1509
1510
1512
1512
1513
1513
1514
1521
1522
1523
1524
1524
1525
1525
1526
1528
1529
1530
1532
1534
1536
1537
1542
1544
1545
1546
1550
1552
1552
1552
1552
1552
1554
1558
1561
1562
1563
1564
1564
1565
1565
1565
1565
1568
1569
1573
1575
1576
1578
1581
1582
1584
1584
1586
1589
1589
1590
1591
1592
1594
1595
1596
1597
1597
1598
1598
1598
1600
1600
1602
1606
1607
1611
1611
1611
1611
1615
1615
1617
1619
1619
1629
1631
1632
1633
1633
1637
1639
1640
1640
1641
1641
1642
1643
1643
1646
1647
1647
1650
1651
1651
1656
1657
1657
1657
1658
1658
1659
1661
1663
1668
1670
1670
1671
1671
1673
1673
1674
1674
1678
1678
1687
1689
1689
1691
1695
1701
1702
1704
1706
1707
1710
1711
1711
1716
1717
1718
1719
1719
1720
1720
1720
1722
1722
1724
1725
1728
1729
1732
1737
1741
1751
1752
1752
1752
1753
1754
1755
1757
1757
1758
1758
1759
1760
1761
1763
1767
1768
1769
1769
1769
1772
1773
1774
1776
1781
1781
1783
1784
1787
1788
1789
1789
1790
1790
1791
1792
1793
1793
1794
1794
1795
1795
1796
1796
1798
1800
1801
1801
1803
1803
1804
1805
1805
1806
1806
1807
1807
1813
1814
1814
1815
1816
1817
1817
1818
1819
1819
1819
1819
1821
1821
1822
1823
1827
1827
1828
1830
1830
1830
1831
1831
1832
1833
1834
1835
1835
1835
1835
1838
1840
1840
1840
1840
1840
1841
1842
1844
1845
1845
1846
1846
1848
1849
1850
1850
1850
1850
1852
1854
1855
1856
1856
1857
1857
1858
1858
1859
1860
1860
1860
1861
1861
1861
1862
1862
1862
1862
1862
1863
1864
1865
1865
1865
