0
3
4
6
6
6
7
7
7
7
8
8
8
8
8
8
9
9
9
9
9
9
9
10
11
11
12
12
12
13
13
13
14
14
14
14
14
15
15
15
15
16
16
16
17
17
17
17
18
18
18
19
19
20
22
22
23
23
25
27
28
29
30
31
31
33
34
34
34
35
36
36
36
36
36
36
37
37
38
38
39
39
39
40
40
40
40
41
41
42
42
43
43
44
45
45
45
45
45
46
46
46
47
47
47
48
48
49
49
53
53
55
56
56
56
57
58
58
58
58
58
59
62
63
63
63
64
64
64
64
64
65
65
67
68
69
70
70
71
71
71
72
73
74
74
74
75
75
76
76
78
79
80
80
83
84
84
85
88
88
89
89
90
91
94
94
95
96
96
98
98
98
98
99
99
100
101
102
103
104
105
105
105
106
107
107
108
109
109
109
109
111
111
112
112
113
113
113
114
114
114
114
114
114
115
116
116
116
116
118
118
119
119
119
119
121
123
123
123
124
125
126
127
127
128
129
129
129
129
131
131
132
132
132
132
133
133
133
135
135
137
138
138
139
139
140
140
140
141
142
144
144
144
144
145
145
145
146
146
146
146
147
147
147
147
147
147
147
147
148
148
148
149
150
150
150
150
150
151
151
151
151
151
151
151
151
152
155
156
159
159
160
160
160
160
160
161
162
162
163
164
166
166
166
166
166
167
167
168
168
168
168
168
169
169
169
169
170
170
170
170
170
171
172
172
172
172
173
173
175
175
176
176
176
177
178
178
179
179
186
186
187
188
188
190
190
190
191
191
191
192
193
193
194
194
195
195
195
202
202
203
205
206
206
206
207
213
220
220
220
221
221
221
221
222
222
223
223
226
228
229
231
232
234
236
236
237
237
237
238
238
240
242
242
244
245
246
246
247
249
250
251
252
253
254
255
256
257
258
259
260
260
263
263
266
268
269
269
270
271
274
274
275
277
278
279
280
282
283
284
285
285
286
287
287
289
291
291
291
292
292
294
294
295
295
295
296
296
296
296
296
296
297
297
297
297
297
297
297
297
298
298
298
298
298
298
300
300
300
301
302
303
304
312
313
314
317
317
318
319
321
323
325
325
326
329
330
333
334
341
343
346
346
351
352
352
353
354
355
356
360
361
363
365
366
368
369
370
373
374
374
379
380
381
382
390
392
394
394
459
463
464
465
472
514
522
522
522
525
526
526
526
528
530
535
536
537
537
547
548
550
556
561
563
568
570
580
581
586
588
589
589
589
590
590
591
593
595
596
599
600
601
602
602
602
603
604
605
607
608
610
612
613
615
616
616
617
621
623
623
624
627
627
628
628
628
630
632
633
635
640
640
641
645
645
647
647
648
650
650
650
651
651
652
652
652
652
653
654
656
656
656
657
660
662
662
662
663
666
668
669
671
672
673
675
675
675
676
676
676
676
678
678
683
685
686
688
692
694
696
696
696
696
696
697
697
697
697
698
698
699
701
702
702
703
704
704
704
706
706
706
706
707
708
710
710
711
718
720
720
721
722
722
723
723
723
724
725
725
725
728
728
729
737
737
738
738
738
739
739
740
740
741
741
741
741
743
744
744
750
751
752
756
756
756
757
759
760
765
766
767
768
768
769
769
769
770
770
773
774
775
776
776
778
780
786
786
788
789
789
789
790
790
790
791
792
792
793
794
795
797
798
798
798
799
799
801
801
801
802
802
805
806
807
809
811
811
812
816
817
817
817
820
820
825
827
829
829
829
829
830
830
831
832
833
833
833
833
835
836
837
837
841
843
843
843
844
844
844
846
847
852
854
857
861
862
862
862
862
863
864
867
868
870
881
883
892
892
893
894
895
895
895
895
895
896
896
896
896
896
896
898
900
901
904
904
904
907
912
918
921
925
929
931
931
933
935
937
938
938
942
943
943
944
948
953
958
960
960
963
967
971
972
974
974
977
977
978
980
984
989
989
991
993
996
998
999
1004
1004
1005
1005
1007
1010
1012
1014
1016
1017
1019
1019
1020
1020
1023
1023
1024
1024
1025
1027
1028
1028
1030
1032
1034
1036
1036
1037
1037
1037
1038
1045
1046
1048
1050
1051
1052
1054
1054
1054
1055
1056
1056
1061
1062
1064
1065
1066
1066
1068
1072
1073
1087
1087
1088
1089
1089
1089
1089
1090
1091
1094
1097
1097
1103
1104
1109
1110
1110
1110
1111
1111
1111
1112
1112
1113
1113
1114
1114
1114
1117
1128
1139
1142
1144
1145
1145
1148
1151
1153
1159
1161
1163
1164
1165
1165
1165
1166
1166
1166
1167
1167
1167
1167
1167
1168
1169
1169
1170
1170
1170
1171
1175
1175
1176
1176
1177
1178
1178
1179
1180
1181
1181
1182
1182
1183
1184
1185
1189
1190
1190
1191
1192
1193
1193
1200
1206
1208
1208
1208
1209
1209
1210
1210
1210
1212
1212
1213
1215
1216
1216
1216
1217
1218
1218
1218
1219
1219
1219
1220
1220
1221
1221
1221
1224
1226
1230
1232
1234
1234
1234
1235
1235
1235
1236
1236
1237
1237
1238
1240
1241
1242
1243
1243
1247
1249
1251
1251
1252
1254
1255
1256
1256
1257
1257
1257
1257
1259
1259
1260
1265
1267
1269
1272
1272
1273
1274
1274
1274
1275
1275
1276
1276
1276
1277
1278
1280
1280
1280
1281
1281
1286
1290
1290
1293
1295
1295
1296
1296
1296
1297
1298
1302
1302
1302
1303
1303
1304
1304
1305
1306
1306
1309
1311
1313
1315
1315
1315
1315
1316
1317
1317
1317
1317
1317
1318
1319
1319
1321
1321
1321
1322
1323
1323
1323
1325
1325
1327
1328
1328
1328
1331
1336
1337
1338
1341
1343
1344
1345
1345
1347
1347
1349
1349
1350
1352
1352
1353
1355
1355
1358
1362
1362
1364
1364
1366
1367
1368
1368
1369
1371
1372
1373
1374
1375
1375
1376
1376
1376
1378
1380
1380
1385
1389
1390
1391
1394
1396
1405
1407
1408
1408
1409
1409
1413
1413
1413
1415
1417
1419
1421
1421
1423
1427
1428
1429
1432
1432
1432
1434
1434
1435
1435
1437
1439
1440
1440
1440
1441
1443
1444
1444
1444
1445
1446
1446
1446
1447
1447
1447
1450
1450
1450
1451
1452
1452
1453
1454
1456
1457
1458
1459
1460
1460
1464
1466
1501
1516
1516
1517
1519
1519
1520
1520
1521
1522
1522
1524
1525
1526
1527
1527
1528
1528
1528
1533
1534
1535
1535
1536
1537
1537
1538
1539
1539
1540
1540
1541
1541
1541
1541
1542
1544
1544
1544
1545
1545
1545
1547
1547
1548
1548
1548
1549
1549
1549
1549
1550
1551
1552
1552
1552
1553
1553
1553
1553
1554
1554
1554
1555
1555
1555
1557
1557
1557
1557
1558
1560
1560
1560
1561
1562
1563
1563
1565
1565
1565
1567
1567
1568
1572
1573
1573
1573
1574
1574
1575
1576
1578
1578
1579
1579
1579
1579
1579
1579
1580
1580
1580
1580
1580
1580
1580
1580
1581
1581
1582
1582
1583
1583
1583
1583
1584
1584
1584
1585
1585
1586
1586
1586
1586
1586
1586
1588
1588
1588
1588
1589
1591
1591
1592
1593
1593
1593
1594
1594
1599
1600
1600
1600
1600
1600
1601
1603
1603
1604
1604
1605
1605
1605
1606
1607
1607
1607
1608
1608
1608
1608
1609
1609
1610
1610
1610
1611
1612
1613
1613
1614
1614
1615
1617
1617
1619
1625
1625
1625
1626
1627
1628
1628
1630
1633
1633
1634
1634
1638
1642
1644
1644
1644
1647
1648
1653
1653
1653
1654
1655
1655
1656
1656
1657
1657
1657
1658
1658
1658
1659
1663
1663
1666
1667
1668
1668
1669
1669
1670
1670
1671
1671
1672
1673
1682
1682
1683
1683
1684
1686
1687
1687
1687
1688
1691
1694
1706
1709
1714
1718
1718
1720
1720
1721
1724
1725
1727
1728
1734
1736
1737
1738
1740
1740
1741
1743
1743
1749
1750
1750
1751
1754
1755
1755
1755
1755
1756
1756
1756
1756
1759
1761
1766
1766
1768
1769
1769
1769
1770
1770
1770
1771
1772
1776
1777
1783
1784
1787
1791
1791
1793
1794
1795
1796
1800
1800
1801
1802
1803
1803
1804
1804
1804
1804
1805
1805
1806
1808
1810
1816
1816
1818
1819
1819
1819
1822
1834
1834
1834
1835
1836
1836
1839
1840
1844
1844
1844
1844
1845
1846
1846
1851
1851
1852
1852
1852
1855
1856
1856
1857
1858
1858
1859
1859
1860
1861
1862
1863
1863
1864
1864
1869
1870
1872
1879
1880
1880
1880
1882
1883
1886
1887
1888
1889
1890
1891
1891
1892
1892
1893
1893
1894
1894
1898
1898
1899
1900
1901
1906
1909
1911
1912
1914
1914
1914
1916
1917
1918
1918
1920
1920
1920
1921
1922
1925
1926
1926
1930
1931
1932
1932
1933
1933
1933
1936
1936
1937
1938
1938
1940
1940
1944
1944
1945
1945
1947
1947
1947
1947
1947
1947
1948
1948
1950
1950
1951
1956
1956
1958
1961
1962
1964
1966
1967
1969
1970
1971
1974
1974
1974
1976
1976
1976
1978
1978
1979
1979
1980
1980
1980
1980
1982
1989
1989
1989
1992
1992
1992
1993
1993
1998
1998
2000
2002
2004
2010
2010
2010
2010
2010
2010
2011
2011
2011
2011
2012
2015
2015
2015
2019
2021
2022
2023
2024
2026
2026
2028
2029
2031
2034
2035
2036
2036
2037
2037
2038
2040
2040
2042
2044
2044
2047
2048
2049
2049
2054
2055
2055
2056
2057
2063
2063
2063
2063
2066
2067
2072
2072
2073
2077
2077
2077
2078
2078
2079
2080
2081
2081
2081
2081
2082
2087
2088
2089
2090
2092
2097
2097
2098
2099
2099
2101
2102
2103
2104
2104
2105
2107
2107
2107
2108
2108
2111
2113
2116
2116
2116
2117
2118
2118
2119
2119
2120
2121
2122
2123
2124
2125
2126
2126
2127
2128
2130
2130
2131
2131
2133
2133
2134
2136
2137
2138
2138
2143
2145
2145
2146
2146
2146
2146
2146
2147
2147
2148
2149
2149
2150
2150
2153
2154
2154
2155
2155
2155
2156
2156
2157
2158
2160
2164
2164
2165
2168
2168
2168
2170
2170
2171
2173
2173
2173
2173
2174
2174
2175
2176
2180
2183
2185
2185
2189
2189
2190
2192
2192
2193
2194
2195
2195
2195
2196
2198
2203
2204
2204
2208
2208
2209
2211
2211
2212
2213
2213
2217
2218
2222
2232
2232
2233
2233
2233
2234
2235
2238
2239
2240
2243
2243
2247
2248
2249
2251
2253
2254
2257
2257
2258
2261
2261
2262
2263
2265
2266
2266
2267
2267
2270
2270
2272
2273
2273
2274
2274
2275
2277
2278
2281
2281
2282
2295
2296
2296
2297
2297
2299
2300
2301
2302
2304
2304
2305
2308
2309
2309
2309
2314
2316
2319
2321
2322
2323
2323
2328
2330
2333
2334
2338
2341
2342
2348
2358
2360
2362
2362
2364
2364
2365
2365
2366
2366
2368
2368
2371
2371
2374
2374
2375
2378
2380
2380
2381
2382
2382
2383
2386
2387
2389
2389
2389
2389
2391
2393
2394
2394
2395
2395
2396
2397
2397
2398
2398
2398
2400
2401
2402
2403
2405
2405
2406
2407
2408
2408
2409
2410
2411
2411
2418
2418
2418
2420
2420
2420
2421
2421
2423
2424
2424
2425
2425
2428
2429
2429
2431
2431
2431
2431
2431
2433
2436
2437
2438
2438
2439
2439
2440
2441
2444
2445
2446
2449
2450
2451
2452
2453
2454
2455
2456
2456
2459
2459
2459
2460
2460
2461
2462
2465
2465
2465
2465
2466
2466
2466
2468
2469
2472
2473
2473
2474
2474
2475
2476
2482
2483
2486
2488
2490
2490
2493
2495
2495
2497
2497
2497
2497
2498
2500
2501
2502
2503
2506
2507
2507
2508
2512
2512
2515
2516
2516
2520
2521
2522
2523
2524
2528
2529
2529
2530
2533
2534
2536
2539
2540
2543
2544
2545
2547
2548
2549
2550
2552
2555
2561
2562
2562
2562
2562
2562
2563
2563
2563
2565
2568
2572
2574
2577
2583
2584
2585
2586
2587
2588
2596
2600
2603
2606
2620
2621
2632
2632
2633
2651
2655
2656
2656
2657
2662
2665
2672
2676
2702
2745
2816
2821
2859
2915
2926
2935
2944
2955
2956
2957
2958
2958
2960
2960
2964
2964
2965
2971
2975
2976
2980
2981
2982
2994
2996
3002
3002
3002
3072
3114
3130
3132
3134
3148
3162
3165
3165
3171
3172
3182
3184
3184
3185
3185
3192
3195
3206
3212
3219
3220
3223
3226
3246
3257
3301
3301
3301
3302
3315
3316
3317
3317
3334
3334
3345
3347
3380
3380
3486
3505
3563
3621
3624
3625
3632
3633
3636
3639
3639
3642
3646
3648
3650
3650
3653
3654
3664
3736
3736
3737
3739
3742
3743
3746
3756
3758
3759
3759
3789
3799
3799
3804
3810
3820
3820
3822
3824
3826
3827
3828
3829
3832
3832
3833
3833
3834
3839
3840
3841
3841
3847
3889
3889
3893
3911
3923
3929
3930
3932
3937
3944
3944
3946
3957
3957
3957
3958
3958
3958
3966
3969
3978
3983
3983
3984
3995
3995
4006
4011
4013
4032
4047
4049
4068
4068
4069
4075
4100
4128
4158
4222
4230
4231
4240
4250
4255
4283
4299
4317
4319
4331
4332
4332
