0
3
3
4
5
5
5
6
6
6
6
7
7
7
7
7
7
8
8
8
8
8
8
9
9
9
9
10
10
10
11
11
12
12
13
13
13
14
14
15
17
17
17
17
18
19
19
19
20
21
21
22
23
25
25
25
26
26
26
26
26
26
26
27
27
27
27
27
27
28
28
28
29
29
29
29
29
29
30
30
30
30
31
31
31
31
31
33
34
35
35
35
35
36
37
37
39
39
40
41
41
41
43
43
44
46
47
48
49
49
49
49
49
49
50
50
50
50
51
51
52
52
52
53
53
54
55
55
56
56
57
58
58
58
58
58
58
58
59
60
61
61
62
62
63
63
63
64
64
64
67
67
68
68
68
68
68
68
69
69
69
70
70
71
71
71
71
71
72
72
72
72
73
73
73
74
74
75
75
75
76
77
77
77
78
78
78
79
81
81
82
82
85
86
86
88
88
88
89
91
91
91
91
91
93
93
93
93
94
94
95
96
96
97
97
97
97
97
101
101
101
101
102
102
102
102
103
103
103
104
104
105
105
105
105
106
107
109
109
109
110
110
110
111
111
112
113
115
115
118
121
122
123
123
129
130
130
132
132
132
133
133
135
135
136
137
137
137
137
139
140
140
140
140
141
141
142
142
142
142
142
143
143
143
144
144
144
144
145
145
145
145
145
146
146
146
147
149
149
149
150
150
151
152
153
153
153
154
154
154
155
155
155
156
156
156
156
156
156
157
157
157
157
157
158
158
158
159
160
161
161
161
161
162
162
163
163
163
164
164
165
165
165
165
166
166
166
166
166
166
168
168
168
168
168
168
168
168
169
169
169
169
169
169
170
170
170
171
171
171
171
172
172
172
172
172
172
172
173
173
173
173
173
173
174
174
175
175
175
176
177
177
177
177
177
178
179
180
180
180
181
181
182
182
182
182
183
183
183
183
184
184
184
184
187
187
187
188
188
188
188
188
189
190
190
190
190
190
191
191
191
191
192
193
193
193
193
194
194
194
194
194
194
194
194
195
195
195
196
196
196
198
199
199
199
199
199
200
200
200
200
200
201
201
202
202
202
202
202
203
203
204
205
205
206
206
207
207
207
207
208
209
210
210
210
211
211
212
213
214
214
215
216
218
218
219
222
223
224
224
225
225
225
225
225
225
226
226
227
228
229
229
229
230
230
230
230
230
231
231
231
231
231
231
232
232
232
232
238
240
241
243
246
247
247
248
248
248
248
249
253
254
255
256
256
258
259
262
264
267
270
271
272
272
273
273
274
276
276
279
279
279
280
281
281
282
282
282
282
283
283
283
283
284
284
285
286
286
289
292
292
300
300
300
301
301
303
303
303
303
306
306
306
307
307
307
308
309
310
311
312
312
312
314
314
314
314
314
314
315
315
315
315
316
316
316
316
317
318
319
320
321
323
324
326
326
327
328
329
332
333
333
333
334
334
337
337
337
338
338
338
341
341
341
343
343
344
345
346
346
347
348
348
350
354
355
359
359
363
365
365
371
371
375
392
394
396
398
398
402
403
410
410
410
412
413
415
415
416
416
417
418
425
426
426
429
430
430
438
439
439
440
441
441
441
441
443
444
446
447
447
449
451
451
462
462
462
470
472
474
474
475
477
479
480
480
480
481
483
486
490
490
490
491
491
492
492
498
500
501
502
507
510
511
514
515
516
521
522
522
526
528
530
530
531
533
534
536
537
539
539
539
547
550
550
555
556
560
571
572
572
574
579
582
583
589
590
591
594
594
594
595
595
595
595
596
597
599
600
602
602
602
603
606
608
609
611
613
613
617
617
617
620
621
623
628
629
630
630
631
633
635
637
638
638
640
640
642
642
642
654
654
654
656
656
656
656
657
657
657
658
659
660
661
661
666
667
667
668
668
670
672
676
677
680
681
682
685
687
692
692
694
696
696
697
698
700
701
701
702
703
704
705
706
706
706
709
710
712
714
718
718
718
719
719
719
719
720
720
720
720
721
721
721
721
721
722
722
722
723
723
723
724
731
731
732
733
735
736
739
743
746
746
747
747
751
753
755
759
759
761
763
764
764
766
767
767
768
768
770
771
779
779
780
782
784
785
787
790
791
792
794
794
795
795
795
795
795
796
796
797
798
798
798
798
798
800
801
801
802
805
805
807
810
815
820
821
821
821
821
822
822
823
823
823
823
823
824
824
824
824
825
826
826
826
826
827
828
829
830
831
837
837
838
839
839
839
840
846
849
852
853
854
857
857
857
858
859
862
864
865
868
869
870
870
874
875
879
884
885
886
889
892
894
906
906
910
911
912
914
917
920
921
922
928
929
933
934
935
936
936
937
937
937
937
938
939
939
940
940
940
941
942
944
946
947
947
948
948
948
949
949
949
949
950
950
951
954
958
959
960
964
969
970
970
973
973
973
974
975
975
977
977
978
978
978
980
980
980
982
984
985
986
988
990
991
991
994
995
995
996
996
998
1000
1000
1001
1001
1001
1002
1003
1005
1005
1006
1007
1007
1013
1013
1013
1017
1019
1020
1022
1023
1025
1027
1028
1028
1030
1030
1031
1032
1032
1040
1044
1048
1050
1051
1053
1055
1056
1056
1056
1056
1057
1057
1057
1057
1058
1058
1059
1060
1060
1061
1062
1062
1064
1067
1067
1069
1069
1070
1070
1071
1077
1077
1078
1079
1084
1084
1084
1084
1084
1084
1085
1085
1087
1088
1090
1091
1096
1098
1099
1099
1100
1107
1108
1109
1110
1111
1111
1115
1121
1126
1126
1127
1129
1130
1132
1134
1134
1135
1135
1136
1136
1136
1138
1138
1138
1139
1143
1145
1147
1157
1157
1158
1158
1158
1159
1159
1159
1160
1161
1161
1161
1172
1172
1172
1173
1174
1176
1180
1185
1185
1186
1193
1194
1194
1195
1196
1201
1201
1202
1203
1207
1207
1208
1209
1215
1215
1215
1222
1222
1223
1227
1228
1229
1235
1236
1237
1239
1239
1240
1240
1241
1242
1243
1244
1244
1245
1245
1247
1254
1261
1263
1265
1268
1269
1271
1271
1271
1271
1271
1272
1272
1273
1276
1277
1279
1281
1282
1282
1282
1283
1283
1284
1284
1284
1285
1286
1287
1291
1292
1295
1296
1297
1298
1299
1299
1299
1300
1300
1301
1301
1301
1301
1302
1303
1303
1306
1306
1306
1308
1308
1308
1310
1310
1311
1311
1311
1311
1312
1313
1315
1316
1316
1316
1317
1317
1320
1323
1323
1323
1324
1329
1332
1332
1332
1333
1333
1333
1333
1334
1336
1337
1338
1339
1339
1340
1340
1340
1341
1342
1342
1343
1344
1344
1347
1349
1352
1354
1354
1354
1357
1360
1360
1361
1362
1363
1366
1367
1367
1369
1369
1369
1370
1370
1370
1370
1372
1372
1372
1373
1373
1373
1374
1374
1376
1376
1377
1377
1378
1379
1379
1380
1380
1381
1382
1383
1385
1385
1389
1393
1394
1401
1401
1403
1407
1407
1408
1412
1413
1415
1416
1417
1419
1420
1420
1420
1422
1423
1423
1424
1424
1424
1425
1425
1426
1427
1428
1428
1429
1430
1430
1431
1432
1432
1432
1433
1434
1434
1434
1436
1436
1436
1436
1437
1437
1437
1437
1437
1438
1438
1438
1438
1440
1440
1441
1441
1441
1441
1442
1442
1445
1445
1446
1446
1446
1452
1460
1501
1501
1502
1506
1507
1509
1512
1517
1519
1527
1536
1536
1537
1544
1548
1549
1549
1554
1555
1555
1562
1564
1564
1566
1566
1569
1569
1571
1571
1571
1572
1572
1573
1574
1576
1576
1577
1577
1578
1579
1580
1582
1583
1583
1584
1584
1584
1585
1586
1586
1590
1590
1591
1591
1594
1596
1597
1597
1597
1597
1599
1600
1601
1601
1603
1606
1606
1606
1607
1607
1607
1609
1610
1610
1613
1615
1616
1617
1618
1619
1619
1619
1619
1619
1620
1621
1621
1622
1624
1624
1624
1624
1624
1624
1624
1625
1625
1625
1626
1627
1628
1628
1629
1629
1631
1632
1633
1633
1634
1637
1637
1637
1639
1643
1644
1644
1644
1645
1650
1652
1653
1659
1661
1661
1663
1663
1665
1665
1666
1673
1687
1687
1689
1690
1690
1692
1694
1697
1698
1698
1698
1699
1699
1699
1700
1701
1701
1702
1703
1704
1705
1711
1712
1712
1712
1713
1714
1716
1720
1725
1725
1730
1730
1734
1736
1741
1741
1745
1746
1748
1750
1751
1752
1755
1758
1758
1763
1765
1768
1773
1774
1775
1779
1779
1780
1785
1786
1792
1795
1795
1798
1805
1806
1807
1808
1808
1809
1810
1812
1813
1813
1813
1813
1814
1815
1816
1826
1828
1828
1829
1831
1834
1834
1840
1856
1857
1859
1860
1867
1874
1877
1877
1877
1882
1891
1892
1893
1895
1902
1908
1911
1916
1917
1917
1918
1918
1919
1924
1925
1929
1930
1930
1931
1939
1939
1942
1942
1942
1944
1944
1973
1988
1991
1992
1993
1993
1993
1993
1994
1996
2001
2007
2010
2010
2010
2011
2011
2014
2015
2017
2018
2020
2021
2029
2031
2032
2036
2057
2062
2075
2099
2114
2117
2118
2122
2123
2129
2131
2132
2140
2144
2147
2154
2157
2158
2159
2162
2168
2189
2206
2211
2216
2217
2218
2223
2224
2232
2233
2235
2237
2238
2242
2243
2248
2253
2254
2254
2255
2255
2255
2279
2280
2290
2293
2298
2299
2299
2300
2300
2303
2304
2309
2310
2310
2310
2315
2317
2317
2317
2319
2320
2320
2321
2323
2323
2324
2324
2325
2325
2326
2329
2330
2330
2330
2332
2333
2333
2334
2335
2336
2337
2338
2342
2346
2347
2354
2355
2356
2357
2361
2363
2365
2368
2370
2371
2371
2372
2375
2379
2384
2387
2387
2391
2392
2392
2392
2393
2394
2394
2395
2395
2397
2398
2419
2419
2421
2425
2427
2429
2430
2432
2435
2436
2439
2443
2444
2445
2447
2448
2448
2450
2452
2453
2453
2454
2455
2456
2458
2459
2459
2460
2461
2466
2467
2467
2467
2469
2470
2471
2471
2471
2472
2473
2473
2474
2474
2475
2481
2482
2485
2485
2486
2490
2491
2491
2493
2494
2495
2495
2496
2497
2502
2503
2505
2506
2508
2509
2511
2511
2511
2512
2512
2512
2515
2517
2519
2519
2520
2521
2521
2524
2524
2524
2526
2528
2528
2529
2531
2532
2535
2539
2542
2542
2544
2544
2545
2546
2547
2547
2548
2550
2551
2552
2554
2554
2563
2564
2564
2565
2569
2570
2572
2573
2582
2582
2589
2590
2590
2593
2594
2596
2598
2599
2600
2601
2601
2601
2602
2602
2605
2606
2608
2608
2609
2610
2610
2610
2610
2610
2611
2613
2613
2613
2614
2614
2614
2614
2614
2615
2618
2620
2621
2621
2623
2623
2628
2631
2635
2638
2639
2642
2642
2642
2645
2645
2645
2647
2647
2648
2648
2650
2651
2655
2656
2658
2659
2659
2660
2660
2661
2662
2664
2664
2664
2664
2673
2677
2677
2678
2679
2681
2681
2682
2682
2683
2683
2684
2684
2688
2692
2693
2694
2694
2694
2702
2702
2707
2708
2708
2713
2714
2714
2716
2717
2720
2723
2723
2734
2734
2738
2738
2738
2738
2739
2748
2750
2758
2761
2761
2763
2764
2766
2766
2768
2768
2768
2770
2772
2772
2772
2773
2773
2774
2778
2778
2780
2781
2784
2785
2787
2789
2791
2797
2797
2800
2802
2805
2805
2807
2811
2813
2814
2814
2816
2818
2818
2819
2820
2820
2821
2821
2822
2822
2823
2824
2825
2828
2829
2830
2830
2831
2832
2832
2834
2835
2836
2837
2838
2839
2843
2845
2847
2847
2849
2851
2852
2857
2861
2865
2869
2870
2871
2871
2874
2876
2880
2881
2881
2881
2882
2887
2887
2889
2896
2897
2909
2910
2932
2952
2967
2994
2995
2999
2999
3000
3004
3006
3007
3008
3012
3019
3021
3028
3038
3039
3046
3046
3048
3049
3050
3051
3054
3056
3057
3058
3060
3072
3073
3074
3075
3078
3089
3093
3094
3133
3135
3135
3136
3138
3140
3151
3151
3151
3151
3151
3153
3158
3160
3161
3161
3163
3174
3175
3175
3175
3176
3183
3192
3195
3195
3200
3218
3218
3232
3255
3256
3257
3257
3269
3271
3273
3273
3318
3416
3419
3465
3473
3479
3544
3545
3546
3553
3559
3615
3615
3616
3616
3633
3684
3685
3687
3689
3689
3689
3690
3692
3694
3733
3748
3749
3751
3752
3753
3754
3755
3757
3759
3766
3766
3776
3870
3879
3907
3913
3920
3923
3973
3986
4029
4059
4062
4063
4066
4066
4086
4086
4090
4122
4146
4147
4147
4192
4197
4213
4215
4238
4238
4239
4249
4256
4257
4257
4258
4259
4263
4263
4263
4263
4267
4269
4270
4271
4272
4272
4273
4273
4274
4274
4274
4275
4279
4282
4284
4284
4285
4286
4286
4286
4289
4290
4292
4299
4299
4302
4303
4305
4306
4306
4306
4306
4307
4309
4312
4317
4318
4323
4324
4324
4327
