0
3
3
3
3
5
7
7
8
8
8
9
9
9
10
10
10
10
10
10
10
10
10
11
11
11
11
11
12
12
12
12
13
13
13
13
14
14
14
14
14
15
15
15
15
15
15
15
16
16
16
16
16
16
16
16
16
16
16
16
17
17
17
17
18
18
18
19
20
20
21
21
21
21
22
22
23
23
23
23
23
24
24
24
24
24
25
25
26
26
26
26
26
26
26
26
26
27
27
27
28
29
30
30
31
34
35
35
35
35
35
35
36
36
36
36
37
37
38
38
38
39
40
40
41
41
41
42
42
43
44
44
44
44
44
45
45
45
45
45
46
47
47
47
47
48
48
49
50
50
51
51
51
52
52
52
53
53
53
53
54
54
54
55
56
57
57
58
59
59
59
59
59
60
60
61
61
61
62
62
62
63
63
63
63
63
63
63
64
64
64
65
65
66
66
67
67
68
68
68
68
68
68
68
69
69
70
70
70
71
72
72
72
72
72
72
74
74
74
74
74
75
75
75
75
75
76
78
78
78
79
79
79
80
80
81
81
82
82
82
82
82
82
82
83
83
83
83
84
84
85
85
85
85
85
86
86
86
86
86
88
88
88
88
88
89
89
89
89
90
90
90
91
91
92
92
94
94
94
94
95
96
96
97
98
98
98
98
98
99
99
100
101
101
101
102
102
102
102
103
103
104
104
104
105
105
106
106
108
108
109
109
110
110
111
111
111
112
112
112
112
113
114
114
115
115
116
116
117
118
118
118
118
119
119
119
120
121
121
122
122
122
123
123
123
123
123
124
124
125
125
125
126
126
126
126
127
127
127
127
127
127
128
128
128
128
128
130
130
130
131
131
131
132
132
133
134
134
134
135
136
136
136
136
136
137
138
138
139
139
139
140
140
140
141
141
143
144
144
144
146
146
147
148
148
149
149
150
150
151
151
152
152
152
152
152
153
153
153
153
154
154
154
154
155
155
155
155
155
156
156
156
157
157
158
158
159
159
159
159
159
159
160
160
160
160
160
161
162
162
163
163
163
164
164
165
165
165
166
166
167
167
167
167
168
168
168
169
169
169
169
169
169
170
171
171
171
172
173
174
176
176
176
177
177
178
178
179
179
180
180
182
182
183
183
183
184
185
186
187
187
188
188
188
188
189
190
190
191
191
191
192
192
194
195
196
196
196
197
198
198
198
198
199
201
201
202
204
205
206
206
207
209
210
210
214
215
216
216
216
217
217
218
218
218
218
219
219
219
219
219
220
220
220
223
223
223
224
226
227
228
229
229
232
234
235
235
238
238
238
238
240
241
242
242
243
244
244
245
245
246
247
248
250
251
252
257
258
258
265
266
268
270
292
294
295
295
298
310
310
311
312
314
315
324
324
325
327
327
328
331
335
345
346
354
362
363
366
370
375
384
397
398
401
409
411
412
417
426
427
429
431
431
431
433
437
438
439
440
442
444
444
444
445
446
446
446
447
447
447
449
450
450
452
452
452
454
457
458
467
474
475
483
495
496
525
532
609
657
690
690
694
694
695
697
698
701
702
702
702
704
706
709
710
712
712
713
717
718
719
719
720
723
724
729
729
729
735
743
747
752
753
759
760
760
762
762
764
764
767
770
778
779
779
780
781
782
784
787
787
788
790
790
791
791
793
796
797
798
799
801
803
809
810
818
818
819
819
820
825
827
827
829
831
831
831
832
832
833
834
835
837
839
839
841
841
843
844
844
844
845
845
845
846
847
847
849
850
851
852
856
856
857
857
857
857
858
858
858
858
858
858
859
859
859
859
862
863
865
865
867
867
868
868
868
869
872
872
874
874
876
876
876
877
880
881
881
881
882
882
883
883
883
883
884
885
887
888
889
890
890
890
890
890
890
890
891
891
891
891
891
891
891
891
892
892
892
894
894
896
896
897
898
898
901
902
902
902
902
903
903
903
905
906
907
907
907
908
908
909
909
910
910
911
911
912
912
914
914
914
916
916
917
918
923
923
924
926
927
930
930
931
935
936
937
938
938
938
938
939
939
939
940
943
945
945
945
946
946
946
947
948
950
951
951
952
953
956
957
957
957
957
958
959
959
960
960
960
960
960
960
961
961
961
961
961
961
961
963
963
964
964
964
964
968
969
969
970
970
970
972
972
973
973
973
974
974
974
975
975
976
978
978
979
979
980
981
981
982
985
986
986
986
987
987
987
988
988
989
993
996
999
1000
1000
1001
1001
1001
1002
1003
1004
1004
1005
1007
1008
1010
1011
1022
1023
1024
1024
1030
1032
1036
1037
1038
1041
1044
1046
1046
1048
1049
1049
1049
1049
1051
1053
1054
1054
1055
1055
1055
1056
1057
1058
1059
1059
1059
1059
1060
1060
1062
1064
1064
1064
1064
1067
1067
1069
1069
1071
1071
1071
1072
1073
1074
1078
1079
1079
1081
1082
1082
1082
1082
1084
1084
1084
1084
1085
1085
1085
1085
1085
1086
1086
1088
1091
1092
1092
1092
1092
1092
1093
1093
1094
1094
1094
1096
1096
1099
1100
1101
1103
1103
1104
1105
1107
1107
1107
1107
1107
1107
1108
1108
1108
1108
1108
1108
1109
1109
1109
1110
1110
1110
1111
1111
1113
1113
1117
1118
1119
1119
1120
1125
1126
1126
1127
1129
1132
1133
1134
1134
1136
1136
1137
1137
1138
1138
1139
1140
1140
1140
1140
1146
1146
1146
1147
1147
1147
1149
1149
1151
1152
1157
1159
1159
1161
1161
1162
1162
1163
1166
1167
1168
1168
1168
1169
1170
1171
1171
1173
1175
1175
1175
1176
1181
1183
1184
1184
1185
1185
1185
1187
1189
1189
1190
1194
1199
1200
1202
1204
1204
1205
1206
1206
1208
1208
1209
1209
1210
1210
1210
1210
1211
1211
1211
1211
1211
1211
1211
1212
1212
1212
1212
1212
1213
1213
1213
1213
1214
1215
1217
1219
1220
1221
1221
1221
1221
1222
1222
1222
1222
1223
1223
1223
1223
1223
1223
1223
1223
1224
1224
1225
1225
1226
1227
1230
1230
1230
1230
1231
1231
1231
1231
1231
1231
1232
1232
1233
1234
1235
1236
1243
1245
1245
1246
1247
1248
1248
1248
1248
1251
1251
1252
1253
1254
1255
1257
1258
1258
1260
1260
1260
1260
1261
1263
1263
1264
1265
1266
1266
1267
1267
1268
1269
1271
1272
1272
1274
1276
1277
1277
1279
1281
1287
1289
1290
1290
1290
1291
1291
1291
1292
1293
1293
1294
1294
1303
1308
1309
1312
1313
1313
1314
1316
1317
1318
1320
1320
1320
1320
1321
1321
1321
1322
1322
1322
1322
1322
1323
1324
1324
1325
1325
1325
1325
1326
1328
1328
1329
1329
1329
1330
1330
1330
1330
1330
1330
1331
1331
1331
1331
1331
1332
1333
1333
1334
1334
1334
1334
1334
1334
1334
1335
1336
1337
1338
1339
1342
1347
1349
1350
1352
1352
1355
1356
1356
1356
1357
1358
1359
1359
1361
1361
1362
1362
1362
1363
1363
1363
1364
1365
1366
1367
1367
1368
1369
1370
1371
1372
1372
1372
1373
1373
1374
1374
1374
1374
1375
1376
1376
1377
1377
1377
1377
1378
1382
1382
1383
1384
1384
1385
1385
1385
1385
1385
1386
1386
1386
1386
1386
1386
1386
1387
1387
1387
1387
1388
1389
1389
1389
1390
1390
1390
1391
1392
1392
1392
1393
1393
1394
1395
1397
1399
1399
1400
1400
1401
1401
1401
1403
1404
1405
1406
1406
1407
1407
1407
1407
1408
1408
1408
1408
1409
1409
1410
1410
1412
1414
1414
1414
1414
1415
1415
1415
1415
1415
1416
1416
1416
1416
1416
1416
1417
1417
1418
1419
1419
1419
1420
1420
1421
1422
1422
1423
1423
1424
1424
1424
1424
1425
1427
1427
1428
1428
1429
1430
1430
1430
1431
1431
1432
1433
1434
1435
1436
1437
1438
1439
1440
1443
1445
1445
1446
1449
1454
1454
1455
1455
1456
1456
1456
1457
1457
1460
1463
1463
1463
1463
1464
1465
1484
1491
1491
1491
1491
1497
1497
1497
1503
1503
1504
1505
1508
1508
1512
1512
1512
1515
1515
1515
1516
1517
1518
1520
1520
1520
1520
1522
1522
1524
1526
1527
1528
1529
1529
1531
1531
1531
1532
1532
1532
1535
1536
1536
1536
1537
1537
1537
1537
1537
1538
1538
1539
1539
1539
1539
1541
1541
1541
1541
1541
1542
1543
1543
1543
1544
1544
1545
1545
1545
1547
1548
1548
1548
1548
1549
1549
1549
1549
1549
1549
1550
1550
1550
1551
1552
1552
1552
1553
1556
1557
1558
1560
1564
1565
1566
1566
1567
1570
1573
1574
1575
1575
1575
1575
1575
1577
1577
1579
1582
1582
1586
1588
1590
1592
1594
1595
1598
1599
1599
1599
1601
1601
1601
1602
1603
1603
1604
1606
1606
1607
1607
1608
1608
1610
1610
1611
1611
1613
1614
1616
1619
1620
1620
1621
1622
1622
1623
1623
1624
1627
1627
1630
1635
1635
1635
1639
1640
1640
1642
1647
1647
1648
1650
1650
1653
1653
1654
1654
1654
1655
1655
1655
1656
1658
1658
1659
1659
1659
1660
1660
1660
1661
1662
1662
1662
1664
1664
1665
1665
1666
1666
1666
1667
1667
1668
1670
1671
1671
1671
1674
1674
1676
1676
1677
1681
1682
1683
1684
1685
1685
1685
1686
1689
1689
1689
1690
1690
1691
1695
1695
1695
1695
1697
1698
1698
1701
1701
1702
1702
1703
1705
1705
1706
1709
1710
1712
1713
1718
1719
1720
1721
1722
1727
1728
1731
1731
1731
1731
1732
1733
1737
1739
1740
1740
1745
1748
1749
1752
1753
1755
1757
1757
1758
1758
1759
1759
1759
1761
1761
1762
1762
1762
1763
1763
1763
1764
1764
1767
1768
1768
1768
1770
1771
1771
1772
1775
1779
1781
1784
1784
1789
1791
1792
1792
1793
1793
1794
1795
1795
1796
1796
1797
1799
1800
1801
1801
1804
1804
1805
1806
1809
1812
1812
1813
1814
1814
1817
1817
1817
1817
1818
1819
1822
1823
1823
1823
1823
1830
1838
1841
1842
1846
1848
1849
1850
1850
1853
1854
1857
1860
1861
1863
1866
1870
1870
1872
1882
1887
1888
1897
1899
1900
1901
1906
1908
1909
1911
1911
1915
1915
1916
1916
1917
1918
1927
1928
1930
1930
1931
1937
1939
1940
1940
1941
1942
1952
1952
1952
1953
1954
1954
1954
1954
1956
1963
1963
1964
1964
1965
1965
1967
1968
1968
1968
1971
1972
1983
1985
1986
1986
1986
1987
1988
1988
1988
1991
1993
1995
1998
1999
2001
2005
2009
2012
2014
2015
2016
2017
2018
2019
2022
2024
2027
2029
2031
2033
2033
2033
2034
2035
2035
2035
2040
2040
2040
2040
2043
2046
2048
2051
2055
2058
2065
2068
2068
2068
2070
2072
2073
2073
2077
2078
2102
2102
2102
2103
2103
2105
2108
2111
2114
2119
2120
2120
2140
2156
2159
2159
2162
2179
2181
2194
2194
2196
2199
2201
2207
2215
2216
2216
2225
2225
2226
2226
2227
2238
2242
2244
2245
2254
2255
2256
2257
2270
2270
2272
2275
2278
2280
2281
2281
2284
2285
2307
2314
2316
2318
2326
2329
2329
2330
2336
2347
2348
2348
2349
2352
2353
2357
2359
2359
2361
2362
2365
2368
2369
2373
2374
2375
2375
2381
2381
2381
2383
2383
2383
2383
2384
2386
2388
2389
2389
2390
2390
2392
2392
2393
2393
2393
2394
2394
2395
2395
2399
2400
2401
2402
2411
2413
2413
2420
2431
2433
2433
2434
2438
2439
2444
2445
2445
2446
2446
2447
2447
2447
2447
2449
2451
2451
2456
2460
2465
2465
2466
2468
2469
2469
2470
2470
2471
2472
2474
2476
2476
2478
2478
2479
2485
2486
2486
2486
2487
2488
2491
2492
2493
2496
2496
2499
2499
2499
2500
2504
2505
2507
2507
2508
2510
2510
2512
2513
2515
2516
2517
2517
2523
2526
2528
2532
2534
2535
2538
2542
2547
2552
2553
2555
2557
2558
2560
2562
2565
2566
2567
2569
2569
2573
2576
2581
2584
2587
2588
2589
2589
2595
2595
2601
2602
2608
2624
2626
2635
2643
2643
2643
2645
2655
2656
2661
2664
2664
2666
2669
2670
2670
2674
2674
2675
2676
2676
2677
2678
2679
2679
2681
2682
2684
2687
2688
2688
2689
2690
2690
2691
2691
2695
2697
2708
2713
2719
2720
2720
2724
2733
2737
2740
2745
2748
2749
2752
2754
2755
2757
2758
2758
2758
2763
2774
2775
2775
2776
2776
2778
2781
2782
2783
2784
2786
2787
2789
2806
2806
2807
2807
2807
2807
2809
2810
2810
2811
2811
2811
2818
2818
2819
2824
2824
2824
2825
2825
2826
2826
2831
2833
2838
2838
2838
2839
2840
2841
2844
2844
2844
2844
2845
2845
2847
2848
2849
2849
2850
2851
2852
2855
2855
2855
2857
2861
2863
2863
2863
2866
2866
2866
2867
2869
2871
2871
2874
2874
2875
2876
2877
2877
2879
2879
2883
2883
2884
2885
2885
2885
2886
2889
2891
2893
2897
2897
2897
2899
2931
2935
2940
3002
3008
3030
3031
