0
2
3
3
3
4
6
6
7
7
7
8
8
8
8
8
8
8
8
8
9
9
9
9
9
9
9
9
9
9
9
10
10
10
10
10
10
10
11
11
11
11
11
11
11
11
11
12
12
12
12
12
12
12
13
13
13
13
13
14
14
14
14
14
14
14
14
14
14
14
15
15
15
15
16
16
16
16
16
16
16
16
17
17
17
17
17
17
17
17
17
18
18
18
18
18
18
18
18
18
19
19
19
19
19
19
19
19
19
20
20
20
20
20
20
21
21
22
22
22
22
22
23
23
23
23
23
23
23
23
23
24
25
25
26
26
26
26
26
27
27
27
27
27
27
28
28
28
28
28
28
28
28
28
29
29
29
29
30
30
31
31
31
31
32
32
32
32
33
33
33
33
33
33
33
34
34
34
34
34
34
34
34
34
35
35
35
35
35
35
36
36
36
36
36
36
36
37
38
38
38
38
38
38
38
38
38
38
39
39
39
39
39
39
39
40
40
40
40
40
40
40
40
40
40
41
41
41
41
41
41
41
41
42
42
42
42
42
42
42
42
43
43
43
43
43
43
43
43
44
44
44
45
45
46
46
46
47
47
47
47
47
47
47
48
48
48
48
48
49
49
49
49
49
49
49
49
49
49
50
50
50
51
51
51
51
51
51
51
51
51
52
52
53
54
54
54
54
54
54
54
54
55
55
55
55
56
56
57
58
58
58
59
59
59
59
59
59
59
60
60
60
60
60
60
61
61
61
61
61
61
61
61
61
61
61
61
61
62
62
62
62
62
62
62
62
62
62
63
63
63
63
63
63
63
63
64
64
64
64
64
64
65
65
65
66
66
66
66
66
66
66
66
67
67
67
67
68
68
68
69
69
70
70
70
70
70
71
71
71
71
71
71
71
71
72
72
72
72
72
73
73
73
73
73
73
73
73
74
74
75
75
75
75
76
76
76
76
76
77
77
77
77
77
77
77
77
78
79
79
79
79
80
80
80
80
80
80
81
81
81
81
81
81
81
82
82
82
82
83
83
83
83
83
83
84
84
84
84
85
85
85
85
85
85
86
86
86
86
86
87
87
88
88
88
88
88
88
89
89
89
89
90
90
90
90
90
90
90
91
91
91
91
91
91
91
91
91
91
91
91
92
92
92
92
93
93
93
93
93
93
93
93
94
94
94
94
94
94
94
94
94
94
94
95
95
95
95
95
95
96
96
96
96
96
96
96
97
97
97
97
97
97
97
97
97
98
98
98
98
99
99
99
99
99
99
99
100
100
101
101
101
101
101
101
101
101
101
102
102
102
102
102
102
102
102
102
103
103
103
103
103
103
103
103
104
104
104
105
105
105
105
105
106
106
106
106
107
107
108
108
108
109
109
109
110
110
110
110
110
110
110
111
111
111
111
112
112
112
112
112
112
113
113
113
113
114
114
114
114
115
115
115
115
115
115
115
115
116
116
116
116
116
116
117
117
117
117
117
117
117
117
118
118
118
118
119
119
119
119
119
120
120
120
120
122
122
123
123
123
123
123
124
124
124
125
125
125
125
126
126
126
126
126
126
126
126
127
127
127
127
127
129
129
129
129
129
129
130
130
130
130
131
131
131
131
132
132
132
133
133
133
133
133
133
133
134
134
134
134
134
134
134
134
134
135
135
135
135
135
136
136
136
136
137
137
137
137
138
138
138
138
138
139
139
139
139
139
139
139
139
141
141
141
142
142
142
142
142
142
142
143
143
144
144
144
144
144
144
145
145
145
145
145
145
146
146
146
146
147
147
147
147
147
148
148
148
149
150
150
150
151
151
151
151
151
151
152
152
152
152
152
152
152
153
153
153
154
154
154
154
154
154
154
154
154
155
155
155
155
155
155
155
155
155
155
155
156
156
156
156
156
156
156
156
156
156
157
157
157
157
157
158
158
158
158
158
158
159
159
159
159
159
159
160
160
160
160
160
160
160
161
161
161
161
162
162
162
162
162
162
162
162
163
163
163
163
163
163
163
163
163
164
164
164
164
164
164
164
165
165
165
165
165
165
165
165
165
166
166
166
166
166
166
166
166
166
167
167
167
168
168
168
168
168
168
168
168
169
169
169
169
169
169
169
169
169
169
169
170
170
170
170
170
170
170
171
171
171
171
171
171
171
171
171
172
172
172
172
172
173
173
173
174
175
175
175
175
175
175
175
175
175
175
176
176
176
176
176
177
177
177
177
177
177
177
177
178
178
178
178
178
178
178
178
179
179
179
179
179
179
179
179
180
180
180
180
180
181
181
181
181
181
181
182
182
182
182
182
182
183
184
184
184
184
184
184
184
185
185
185
185
185
185
185
185
185
186
186
186
186
186
186
186
187
187
187
187
187
188
188
188
188
188
188
188
188
189
189
189
189
189
190
190
190
191
191
191
191
191
191
191
192
192
192
192
192
192
192
192
192
193
193
193
193
193
193
193
193
193
193
193
193
193
193
194
194
194
194
195
195
195
195
195
195
195
195
195
195
196
196
196
196
197
197
197
197
197
197
199
199
199
199
199
199
200
200
200
201
201
201
201
201
202
202
202
202
202
203
203
203
203
203
204
204
204
204
204
204
204
204
204
205
205
205
206
206
206
208
208
208
208
208
208
208
208
209
209
209
209
209
209
210
210
210
210
210
210
210
211
211
211
212
212
212
212
213
213
213
214
214
215
215
216
216
216
217
217
217
218
218
218
218
219
220
220
220
220
220
221
221
221
222
223
223
223
224
225
225
225
226
226
227
228
229
229
230
230
230
230
230
230
232
232
232
232
233
233
233
234
234
234
235
235
235
235
236
237
237
237
238
239
239
240
240
240
240
240
241
241
242
242
242
242
243
243
243
243
243
244
244
244
244
244
245
245
245
246
247
247
247
247
248
248
249
251
251
253
253
253
254
254
254
255
255
255
255
255
256
256
256
257
258
258
258
259
259
260
260
260
260
261
261
262
262
262
262
262
263
263
263
263
263
263
263
264
264
265
266
266
266
266
266
266
266
266
267
267
267
267
267
267
267
268
269
269
269
270
270
270
271
271
271
271
271
272
272
272
272
273
273
273
274
274
274
274
274
275
275
276
277
277
277
277
278
278
279
279
280
280
281
281
281
282
282
283
283
283
284
289
289
291
291
292
294
296
296
296
299
299
299
300
302
303
304
305
305
305
306
306
306
307
307
307
308
308
309
309
310
311
312
313
314
322
323
323
327
327
342
342
344
346
346
347
348
348
349
349
349
349
349
350
351
352
353
354
355
360
361
363
364
365
368
368
370
372
373
374
377
381
385
388
392
393
395
396
401
402
403
403
405
405
406
406
406
407
407
408
408
412
412
414
416
416
418
418
420
421
421
422
423
423
424
425
427
429
430
431
433
439
439
441
444
450
455
456
456
458
459
461
461
462
464
464
466
467
474
475
476
478
478
478
479
480
481
482
483
484
484
485
488
489
490
490
491
492
493
493
493
494
494
494
494
494
495
495
495
496
496
496
496
497
497
498
498
499
500
501
501
502
508
508
511
512
513
513
516
516
516
517
518
518
518
520
520
521
523
523
523
523
524
525
526
526
527
528
529
529
529
530
530
530
530
530
531
531
531
531
531
531
532
533
534
535
536
536
537
537
537
538
538
540
540
540
541
542
542
542
542
542
542
542
543
544
545
545
545
547
550
551
552
554
561
561
562
562
563
563
563
563
564
564
565
565
565
566
566
567
567
568
569
569
570
573
573
573
578
579
579
580
580
581
581
584
584
587
588
593
593
594
594
594
595
597
598
599
600
604
607
607
609
611
612
612
616
617
620
621
621
621
623
624
625
625
625
627
627
628
628
629
631
632
632
632
632
633
634
635
635
636
636
637
638
639
640
641
642
643
643
643
643
644
648
654
657
657
658
661
661
661
662
663
666
667
667
667
668
669
669
669
669
673
673
674
674
674
674
675
677
678
681
682
682
683
688
690
691
692
693
696
696
696
700
701
701
705
707
707
710
710
712
713
713
716
716
717
717
717
717
720
721
721
724
725
726
727
728
728
729
730
732
734
734
735
735
735
736
736
737
737
738
740
745
746
747
748
748
748
748
749
751
754
754
755
757
758
761
761
763
768
768
769
769
770
771
773
774
774
774
776
776
779
780
783
784
784
784
785
785
785
785
785
785
786
786
789
790
793
794
794
794
795
797
797
797
799
799
800
800
802
807
807
809
811
814
815
816
816
816
817
820
820
822
824
825
827
828
828
833
833
834
835
835
835
836
837
837
838
839
839
839
840
840
841
841
841
844
848
850
850
851
851
853
853
854
855
862
863
864
865
869
869
869
870
870
870
870
870
871
872
872
872
874
874
874
874
875
875
875
876
876
876
877
878
880
880
882
885
885
886
887
887
888
888
888
889
893
894
894
895
895
896
896
896
897
898
898
899
901
901
903
904
904
905
905
905
907
908
909
909
909
910
911
912
913
913
913
913
913
913
913
913
914
914
914
914
915
915
915
915
916
916
916
917
917
918
918
920
920
926
926
927
928
928
929
929
929
929
930
930
930
931
932
933
933
936
936
936
936
936
937
937
937
937
937
937
938
939
941
941
941
942
944
945
946
949
950
951
951
952
952
953
954
954
955
957
958
958
959
961
962
962
963
963
965
967
969
970
970
972
973
973
973
973
974
975
976
976
977
977
977
977
979
979
980
980
980
982
982
983
984
985
987
989
991
992
992
992
992
992
993
993
996
997
998
999
999
1000
1001
1001
1003
1003
1005
1006
1006
1008
1009
1009
1010
1010
1010
1013
1014
1015
1016
1017
1018
1018
1019
1019
1019
1022
1022
1023
1023
1023
1024
1024
1026
1027
1027
1029
1029
1030
1030
1031
1031
1031
1032
1033
1035
1035
1036
1040
1040
1040
1040
1041
1041
1044
1044
1045
1045
1048
1049
1050
1051
1052
1053
1053
1055
1055
1058
1059
1059
1060
1060
1061
1061
1062
1063
1064
1064
1065
1065
1067
1067
1069
1069
1070
1071
1071
1071
1073
1074
1075
1076
1076
1076
1077
1077
1077
1077
1078
1078
1078
1079
1079
1083
1085
1085
1086
1086
1086
1087
1088
1088
1088
1094
1095
1095
1096
1096
1097
1098
1099
1100
1104
1105
1106
1106
1106
1107
1107
1107
1108
1109
1111
1111
1112
1112
1113
1113
1115
1115
1116
1116
1116
1119
1119
1121
1123
1128
1130
1130
1131
1132
1133
1136
1136
1139
1142
1143
1143
1144
1145
1147
1151
1151
1156
1157
1157
1161
1167
1167
1168
1169
1169
1169
1170
1170
1170
1171
1171
1172
1172
1174
1174
1174
1174
1175
1175
1176
1176
1179
1181
1181
1185
1186
1186
1186
1190
1192
1192
1193
1196
1198
1198
1199
1200
1204
1204
1206
1207
1212
1215
1215
1216
1216
1216
1217
1217
1218
1218
1218
1218
1219
1219
1222
1223
1224
1224
1225
1227
1229
1230
1230
1231
1231
1231
1232
1236
1237
1237
1238
1238
1239
1240
1242
1244
1246
1248
1249
1250
1250
1251
1251
1251
1252
1252
1255
1256
1258
1258
1258
1259
1259
1260
1260
1261
1261
1262
1263
1263
1263
1263
1263
1264
1264
1265
1265
1265
1265
1265
