0
2
2
4
5
6
6
7
7
7
7
8
8
8
8
9
9
9
9
9
9
9
9
10
10
10
10
10
10
11
11
12
12
12
13
13
13
13
13
14
14
14
14
14
14
15
15
16
16
16
16
16
16
16
17
17
17
17
18
18
18
18
18
19
19
19
19
19
19
19
19
20
20
20
20
20
20
20
21
21
21
21
21
21
21
21
22
22
22
23
23
23
24
24
24
25
25
25
25
26
26
26
26
26
27
27
27
27
28
28
28
28
28
29
29
29
30
30
30
30
31
31
31
31
32
33
33
33
34
34
34
35
35
35
36
36
36
37
37
37
37
38
39
39
39
39
41
41
41
41
41
41
42
42
42
42
42
43
43
44
44
44
44
44
45
45
45
45
45
45
46
46
47
48
48
48
48
49
49
49
49
49
49
50
50
50
50
50
50
50
51
51
51
51
52
52
52
52
53
53
53
53
53
55
55
55
56
56
56
57
57
58
58
58
58
58
58
58
58
59
60
61
61
62
62
62
62
63
63
63
63
63
63
63
63
63
64
64
64
64
65
65
65
65
65
65
65
66
66
66
66
66
67
67
68
68
68
69
69
69
69
69
69
70
71
71
71
72
72
72
72
72
73
73
73
74
74
75
76
77
77
77
77
78
78
78
78
78
79
79
79
79
79
80
80
80
80
80
81
81
81
81
81
81
82
82
82
82
82
82
82
83
83
83
83
84
84
84
84
84
84
86
86
87
87
88
88
88
88
88
88
88
89
89
90
90
90
91
91
93
93
93
93
94
94
94
95
95
96
97
98
98
98
98
98
99
99
100
100
102
102
103
103
104
104
104
104
104
105
105
105
105
106
106
106
107
108
108
109
109
109
109
109
109
110
110
110
110
111
111
111
112
114
114
114
115
115
116
117
117
117
117
118
118
118
119
119
119
119
120
120
120
120
120
120
120
121
121
121
121
122
122
122
122
122
122
122
123
123
124
124
124
125
125
125
125
126
126
127
127
129
130
130
130
132
132
133
136
136
137
138
139
142
145
146
147
147
148
148
150
152
157
157
158
158
158
159
159
160
160
160
160
160
160
160
161
161
162
162
162
164
164
165
166
166
166
166
166
167
167
167
167
167
168
168
168
169
169
169
170
170
171
172
172
173
173
173
174
174
174
175
175
175
175
175
175
175
176
176
176
176
177
178
178
179
179
179
181
181
181
181
181
181
181
182
185
185
185
186
186
186
187
187
188
188
188
188
188
189
189
189
189
190
190
190
191
191
191
191
191
191
192
192
193
193
194
194
194
194
194
196
196
196
196
197
197
197
197
197
198
198
198
198
198
198
199
199
199
199
200
201
201
201
201
201
202
202
203
204
206
207
207
207
208
208
208
208
209
209
209
209
209
210
210
210
210
210
210
211
211
211
211
211
212
212
213
213
213
213
214
214
214
215
215
215
215
215
215
216
216
217
218
218
218
219
219
219
219
219
220
220
220
220
220
220
221
221
222
222
223
223
223
223
224
225
227
227
228
228
228
228
229
229
229
229
229
229
230
230
231
231
231
233
233
234
234
234
234
235
235
236
236
236
237
237
240
241
243
243
243
245
247
248
249
249
249
250
251
251
251
252
252
253
254
254
254
255
258
260
260
260
261
261
262
262
262
262
262
263
263
264
264
264
264
270
270
271
271
271
274
275
276
276
279
279
280
280
280
286
287
290
293
296
296
297
301
305
307
309
310
311
317
317
318
319
319
320
325
326
340
341
342
345
348
348
349
350
353
354
358
362
376
378
381
383
395
396
396
396
396
397
398
401
403
403
403
404
405
405
406
406
406
406
407
407
407
409
409
410
411
411
412
412
412
415
416
416
419
427
427
427
429
434
434
435
436
440
440
440
441
442
442
443
443
444
445
445
446
447
447
447
447
447
448
448
448
449
451
452
452
453
453
454
456
457
457
458
460
462
463
463
464
467
468
468
471
473
473
474
474
476
479
479
481
481
481
482
482
483
487
489
489
493
493
496
498
501
501
502
502
506
509
512
512
514
514
520
520
521
522
523
527
528
535
537
539
541
545
546
548
548
548
551
551
553
558
560
562
566
567
568
568
575
576
577
586
586
586
587
588
590
590
590
590
591
591
591
591
592
592
593
593
593
594
595
597
598
599
600
601
602
602
603
606
608
612
613
613
614
615
616
616
616
617
617
619
620
621
623
623
624
625
626
627
627
628
629
630
630
631
634
636
636
636
636
636
641
641
641
641
642
642
643
646
646
647
649
651
654
655
658
659
659
662
662
666
667
669
669
669
669
670
670
670
670
671
671
671
671
672
672
672
673
673
673
673
673
674
674
674
675
675
675
675
676
676
676
676
677
677
677
678
678
679
680
681
681
682
682
684
684
685
685
686
686
687
687
687
687
688
688
689
690
692
694
694
694
695
695
696
697
698
700
700
702
704
704
704
705
705
705
706
706
706
706
706
706
708
708
708
709
711
712
712
714
715
718
718
718
719
719
720
721
721
721
722
722
722
722
722
723
723
725
725
725
727
728
728
728
728
729
730
730
730
730
730
730
730
730
730
732
732
735
736
736
739
743
744
745
745
745
746
747
747
750
750
753
754
754
754
755
756
756
757
757
757
758
758
758
758
758
759
759
759
759
760
761
761
761
761
762
762
762
762
762
763
763
763
763
764
764
764
765
765
768
769
769
769
769
770
770
770
770
772
773
773
774
774
774
774
775
776
776
777
777
777
778
778
778
779
779
780
780
780
781
781
781
781
781
781
782
782
782
782
783
783
783
783
783
783
783
783
783
783
783
784
784
784
785
785
785
787
787
787
787
788
788
789
789
789
789
789
790
790
790
791
792
793
793
794
794
794
794
794
795
795
796
796
797
797
797
798
798
799
800
801
801
801
801
801
802
802
803
803
803
806
806
807
807
807
807
808
809
809
809
809
809
810
810
810
810
810
810
812
813
813
813
813
813
813
814
814
814
814
815
815
817
817
817
817
818
818
819
820
820
820
820
821
821
821
822
822
822
822
823
824
824
825
825
827
829
830
830
830
830
831
831
831
831
831
832
832
832
833
833
833
833
833
833
833
834
834
834
835
835
836
836
838
838
838
838
839
839
840
840
840
840
841
841
841
841
841
841
842
842
842
842
843
843
843
843
844
846
846
846
847
847
848
851
851
851
854
854
854
855
857
857
857
857
858
858
859
861
861
862
862
863
864
864
865
866
867
868
869
869
870
870
870
871
871
872
872
872
872
872
872
872
875
875
875
875
876
876
876
877
877
877
877
878
878
878
878
879
879
879
880
880
880
880
880
881
881
882
882
882
882
882
883
883
883
884
885
885
885
886
886
887
887
887
887
888
888
888
889
892
894
895
895
896
896
896
896
897
897
897
897
898
898
898
900
900
902
903
904
905
906
907
907
907
908
913
913
913
916
917
918
918
919
920
920
920
921
922
923
925
927
928
928
928
928
929
929
929
931
931
931
931
933
933
933
934
935
936
937
937
939
940
940
940
940
941
941
944
949
952
952
954
956
959
961
961
962
962
963
963
965
966
966
966
968
970
970
972
972
976
977
979
979
980
981
983
984
986
986
986
986
988
988
988
989
989
991
991
991
992
994
994
995
999
1002
1004
1004
1005
1005
1009
1010
1011
1012
1013
1013
1013
1014
1015
1016
1016
1017
1018
1018
1018
1018
1018
1018
1019
1019
1019
1021
1021
1021
1021
1021
1024
1024
1024
1025
1026
1026
1027
1028
1028
1033
1035
1035
1035
1038
1041
1041
1041
1041
1042
1042
1042
1045
1046
1046
1048
1050
1050
1052
1052
1053
1055
1055
1055
1057
1057
1058
1064
1065
1065
1066
1066
1066
1067
1067
1069
1069
1069
1071
1074
1081
1081
1082
1083
1083
1085
1090
1091
1091
1092
1093
1093
1094
1094
1094
1096
1097
1098
1101
1103
1103
1104
1104
1105
1105
1105
1106
1106
1108
1109
1109
1111
1111
1111
1111
1111
1112
1113
1115
1117
1118
1118
1120
1121
1126
1128
1133
1134
1134
1135
1136
1137
1137
1137
1137
1138
1138
1139
1141
1142
1143
1144
1144
1146
1147
1147
1147
1149
1149
1150
1151
1153
1154
1154
1154
1155
1157
1158
1158
1158
1158
1159
1163
1163
1163
1167
1168
1169
1169
1170
1170
1171
1171
1171
1174
1174
1174
1174
1176
1176
1177
1179
1180
1181
1182
1182
1183
1185
1187
1188
1189
1190
1190
1195
1196
1196
1197
1200
1200
1200
1201
1201
1201
1203
1205
1205
1208
1210
1210
1212
1212
1214
1214
1216
1216
1217
1220
1221
1225
1225
1226
1226
1226
1226
1226
1227
1227
1227
1229
1231
1231
1231
1232
1234
1235
1236
1239
1239
1240
1240
1240
1240
1241
1241
1242
1242
1242
1242
1243
1243
1244
1245
1246
1246
1246
1247
1247
1247
1248
1249
1250
1253
1253
1254
1256
1256
1257
1259
1261
1261
1261
1261
1262
1263
1263
1266
1267
1268
1268
1269
1269
1270
1270
1274
1276
1277
1277
1280
1281
1285
1287
1287
1288
1290
1290
1291
1291
1292
1293
1293
1300
1300
1300
1302
1304
1304
1307
1308
1309
1309
1309
1312
1313
1315
1317
1321
1322
1326
1327
1328
1328
1329
1331
1334
1336
1337
1337
1341
1341
1342
1343
1344
1345
1349
1349
1349
1349
1351
1353
1354
1356
1356
1359
1362
1365
1365
1366
1368
1368
1369
1370
1372
1372
1373
1373
1373
1376
1376
1377
1377
1377
1378
1378
1378
1386
1388
1392
1392
1397
1399
1402
1403
1406
1406
1407
1407
1407
1408
1408
1409
1411
1412
1414
1415
1417
1417
1417
1417
1423
1424
1424
1425
1425
1426
1427
1429
1430
1431
1438
1441
1462
1464
1466
1467
1467
1470
1480
1481
1482
1483
1486
1487
1488
1489
1489
1491
1494
1497
1500
1501
1501
1501
1502
1502
1502
1503
1505
1508
1509
1511
1512
1512
1513
1514
1515
1515
1518
1521
1528
1530
1532
1538
1538
1538
1539
1539
1539
1540
1540
1542
1543
1543
1546
1546
1546
1547
1549
1549
1549
1549
1550
1550
1552
1558
1558
1559
1559
1559
1560
1560
1560
1561
1562
1563
1563
1565
1565
1566
1566
1569
1570
1572
1572
1573
1573
1574
1579
1579
1580
1581
1582
1586
1587
1587
1588
1589
1590
1595
1595
1598
1601
1601
1601
1602
1603
1603
1604
1606
1606
1609
1611
1611
1612
1613
1614
1617
1620
1620
1622
1623
1624
1624
1626
1627
1631
1632
1632
1633
1638
1639
1640
1641
1642
1642
1642
1644
1645
1645
1646
1651
1651
1651
1653
1655
1655
1658
1658
1659
1665
1665
1666
1669
1670
1673
1675
1676
1676
1676
1676
1677
1677
1678
1681
1682
1683
1684
1684
1684
1686
1686
1686
1688
1688
1688
1688
1689
1690
1691
1692
1693
1693
1694
1698
1698
1698
1699
1700
1703
1703
1704
1706
1706
1707
1707
1708
1710
1712
1714
1716
1718
1721
1722
1722
1722
1723
1725
1725
1725
1727
1728
1729
1730
1735
1735
1735
1737
1741
1741
1742
1742
1743
1747
1748
1750
1750
1750
1750
1751
1752
1752
1755
1755
1758
1759
1761
1762
1762
1763
1764
1764
1766
1766
1772
1772
1772
1773
1773
1777
1780
1781
1786
1786
1787
1788
1788
1789
1789
1792
1793
1793
1794
1794
1796
1800
1805
1810
1810
1811
1812
1813
1814
1814
1814
1816
1816
1817
1818
1818
1820
1820
1820
1821
1821
1821
1821
1822
1822
1822
1825
1825
1826
1826
1827
1828
1828
1828
1828
1829
1829
1831
1831
1831
1832
1832
1832
1833
1834
1835
1835
1837
1837
1838
1839
1840
1840
1841
1841
1841
1842
1844
1845
1845
1845
1846
1846
1846
1847
1849
1849
1851
1852
1852
1852
1855
1857
1858
1859
1859
1860
1860
1861
1863
1863
1864
1864
1865
1866
1866
1867
1867
1868
1868
1870
1870
1871
1871
1872
1872
1874
1875
1876
1876
