0
2
3
3
3
5
5
6
6
6
6
7
7
7
7
7
7
8
8
8
8
8
8
9
9
9
9
9
9
9
9
10
10
10
10
10
10
10
10
11
11
11
11
11
11
11
11
12
12
12
12
12
12
12
12
12
13
13
13
13
13
13
13
13
13
13
14
14
14
14
14
14
15
15
15
15
15
15
15
15
15
16
16
16
16
17
17
17
17
17
17
17
18
18
18
19
19
19
19
19
19
20
20
20
21
21
21
22
22
22
22
22
22
23
23
23
23
24
24
24
25
25
26
26
26
27
27
27
27
28
29
29
29
30
31
31
31
31
32
32
33
34
34
34
34
34
34
35
35
36
36
36
36
36
36
37
37
37
37
38
38
38
38
38
39
39
40
40
40
41
41
41
41
41
41
42
42
42
42
42
42
42
42
43
43
43
43
44
44
45
45
45
46
46
46
46
46
47
47
47
47
47
47
47
47
48
48
48
49
49
49
49
49
49
49
49
49
49
49
49
50
50
50
50
50
50
50
50
51
51
51
52
52
53
54
54
54
54
54
55
55
55
55
55
55
56
56
56
56
57
57
57
57
57
58
59
59
59
59
59
59
59
60
60
60
60
60
60
60
60
61
61
61
61
61
61
61
62
62
62
62
63
63
63
63
64
64
64
64
64
64
64
64
64
65
65
65
65
65
66
66
66
66
66
66
67
67
67
67
67
67
67
67
68
68
69
69
69
69
69
70
70
70
70
70
71
71
71
71
71
72
72
72
72
72
72
72
72
73
73
73
73
73
73
74
74
74
74
75
75
75
75
75
76
76
76
76
77
77
77
77
77
77
77
77
77
78
78
78
79
79
79
79
79
79
79
80
80
80
80
80
80
80
80
80
80
81
81
81
81
81
81
82
82
82
82
82
82
82
83
83
83
83
83
83
84
84
85
85
85
85
85
85
85
86
86
86
86
86
86
87
87
87
87
87
87
88
88
88
89
89
89
89
89
89
90
90
90
90
90
90
90
90
91
91
92
92
93
93
93
94
94
94
95
95
95
95
96
96
96
96
96
96
96
97
97
97
97
97
97
98
98
98
98
98
99
99
99
100
100
101
101
102
102
102
103
103
103
103
103
104
104
104
104
104
104
105
105
105
105
106
106
107
107
107
108
108
108
108
108
108
108
109
109
109
109
110
110
111
111
112
112
112
112
112
112
112
112
112
113
113
114
114
114
114
114
114
115
115
115
115
116
116
116
116
116
116
117
117
117
117
117
117
117
117
118
118
118
118
119
119
120
120
120
121
121
121
121
121
121
121
121
121
122
122
122
122
122
122
123
123
123
123
123
123
123
123
123
123
123
123
124
124
124
124
124
124
124
124
124
125
125
125
125
125
125
125
125
126
126
126
126
126
127
127
127
127
127
127
127
127
128
128
128
128
128
129
129
129
129
129
129
129
129
130
130
130
130
130
131
131
132
132
132
132
132
133
133
133
133
133
134
134
134
134
134
134
135
135
135
135
135
135
135
135
135
136
136
136
136
136
136
136
136
136
136
137
137
137
137
137
137
138
138
138
139
139
139
139
139
140
140
140
140
141
142
142
142
142
143
143
143
143
143
144
144
144
144
144
144
144
144
145
145
145
145
145
145
145
146
146
146
146
146
146
146
146
147
147
147
147
148
148
148
148
149
149
149
149
149
150
150
150
150
151
151
151
152
152
152
152
152
153
153
153
153
153
154
154
154
154
154
154
155
155
155
155
155
155
155
156
156
156
156
156
156
156
156
157
157
157
157
157
157
157
157
157
158
159
159
159
159
159
159
160
160
160
160
161
161
161
161
161
161
161
162
162
162
162
162
163
163
163
163
163
163
163
163
163
163
163
163
163
163
164
164
164
164
164
164
164
165
165
165
165
166
166
166
166
166
166
167
167
167
167
167
167
168
168
168
168
168
169
169
169
169
170
170
170
170
170
171
171
171
171
171
171
172
172
172
172
172
173
173
173
174
174
174
174
175
175
175
175
176
176
177
177
177
178
178
178
179
179
180
180
180
181
181
181
182
182
182
182
182
183
183
183
183
183
183
184
184
184
184
184
184
184
184
185
185
185
186
186
187
188
188
188
189
189
189
189
189
190
190
190
190
191
191
192
192
192
193
193
193
193
194
194
195
195
195
195
196
196
196
196
196
197
197
197
198
198
199
201
201
201
202
205
207
207
208
210
212
212
215
215
216
217
217
217
218
218
219
220
221
221
222
223
226
227
227
228
240
242
243
243
253
255
261
261
262
263
264
266
266
269
269
270
272
272
273
273
273
274
277
278
278
278
278
279
280
280
280
280
280
280
281
281
282
282
283
283
284
284
284
284
285
285
285
285
285
286
287
288
288
288
289
290
290
290
290
291
291
291
292
292
292
293
293
294
294
294
295
295
296
296
296
296
297
297
297
297
298
299
299
299
300
300
300
301
301
302
303
303
303
304
305
306
307
309
309
309
310
310
311
312
312
313
313
314
314
314
314
315
316
316
317
317
317
317
318
319
321
321
322
322
322
322
322
323
323
324
324
326
326
328
328
328
328
330
332
333
333
336
337
338
338
338
338
338
339
340
344
345
345
346
346
350
350
350
351
353
354
354
355
359
361
361
364
374
375
376
376
377
377
379
383
386
392
396
397
397
398
398
400
405
409
410
411
411
412
412
416
416
416
422
423
423
424
425
428
429
431
431
432
432
432
433
434
436
437
439
439
439
439
441
442
442
443
443
443
444
445
446
446
448
449
451
452
452
454
455
455
456
456
457
459
462
464
464
464
464
464
465
466
468
470
474
474
474
477
477
477
479
480
482
482
484
485
486
486
488
488
493
499
505
506
507
510
512
513
517
517
518
518
522
522
523
524
525
527
527
527
527
528
536
536
537
537
539
542
542
542
545
545
545
546
547
550
551
554
555
556
556
556
556
560
561
561
562
563
564
564
565
565
566
568
568
569
569
570
570
571
573
574
574
575
578
578
578
579
579
579
579
579
579
579
580
580
581
581
589
594
594
595
595
596
597
599
600
604
605
606
606
606
606
606
607
607
607
607
607
607
608
608
608
608
608
611
611
615
615
615
616
617
618
619
622
623
624
625
626
626
626
629
629
630
631
632
632
632
633
633
634
634
634
636
637
639
641
643
643
644
646
646
646
649
650
652
652
652
653
654
654
654
656
657
658
659
664
665
667
668
669
670
671
672
675
675
675
677
678
683
684
685
687
689
689
689
690
690
690
691
691
691
698
699
700
702
703
703
704
704
705
712
714
715
716
716
717
717
719
721
726
727
734
734
735
736
737
737
737
737
740
740
740
741
742
745
746
751
751
751
752
757
757
762
764
769
771
772
772
772
774
775
775
776
777
780
784
785
785
786
787
787
787
788
788
789
789
789
790
790
791
791
791
791
791
792
793
793
793
794
794
797
798
798
799
800
801
803
804
808
812
812
816
817
817
818
818
819
820
820
824
825
825
829
829
830
830
830
831
832
832
832
833
833
833
834
834
834
839
843
844
844
845
845
846
848
849
849
849
849
849
849
849
849
849
849
851
851
852
852
853
853
853
854
855
856
856
857
859
859
860
861
861
862
863
863
865
866
868
868
869
870
871
873
873
874
876
877
877
877
878
879
880
881
881
881
882
882
882
882
882
882
882
882
883
883
884
884
887
889
890
890
893
894
894
895
895
896
897
898
899
899
901
901
901
902
902
902
902
902
902
902
902
903
903
903
904
906
908
909
911
915
915
915
916
916
916
917
917
917
917
919
919
919
920
920
920
920
920
920
921
921
922
922
922
922
924
927
929
929
930
935
937
938
941
941
941
941
941
942
942
942
943
944
944
945
946
947
949
950
950
952
954
956
957
957
958
960
960
960
961
962
962
962
963
963
964
967
972
973
974
974
975
976
977
977
977
979
980
980
981
981
982
982
983
986
988
989
990
990
991
991
991
991
991
992
992
994
994
997
997
997
997
1000
1001
1002
1002
1003
1003
1003
1004
1007
1007
1007
1008
1009
1009
1013
1017
1018
1018
1019
1021
1022
1022
1024
1024
1026
1026
1027
1029
1029
1034
1035
1039
1039
1039
1040
1041
1041
1043
1043
1043
1043
1043
1043
1044
1044
1044
1048
1049
1049
1050
1050
1052
1052
1053
1053
1054
1059
1059
1063
1067
1069
1071
1071
1072
1077
1080
1083
1084
1084
1085
1085
1085
1086
1087
1087
1088
1089
1091
1092
1092
1093
1093
1094
1099
1099
1100
1104
1105
1106
1108
1109
1109
1110
1110
1111
1111
1114
1115
1117
1119
1119
1119
1120
1125
1127
1127
1127
1130
1133
1135
1135
1137
1143
1145
1145
1146
1148
1148
1148
1149
1149
1150
1151
1153
1154
1154
1154
1154
1157
1157
1157
1158
1158
1159
1159
1159
1159
1160
1160
1161
1161
1162
1163
1163
1163
1163
1165
1168
1169
1169
1169
1173
1174
1174
1175
1176
1179
1185
1188
1189
1190
1192
1193
1193
1194
1194
1195
1195
1195
1197
1199
1199
1201
1202
1203
1204
1204
1206
1206
1206
1208
1209
1213
1215
1216
1217
1219
1225
1225
1230
1231
1231
1232
1233
1234
1235
1235
1235
1237
1237
1237
1238
1240
1240
1243
1243
1243
1243
1244
1246
1246
1246
1247
1247
1249
1252
1254
1255
1255
1255
1257
1258
1261
1261
1263
1263
1265
1267
1269
1270
1271
1271
1271
1271
1272
1274
1275
1278
1278
1279
1280
1281
1282
1282
1282
1283
1283
1283
1283
1283
1284
1284
1284
1287
1287
1289
1290
1290
1292
1294
1295
1295
1295
1295
1301
1301
1301
1305
1305
1305
1307
1307
1308
1310
1310
1310
1310
1310
1314
1316
1316
1316
1318
1318
1318
1318
1319
1321
1322
1322
1332
1333
1334
1334
1335
1336
1337
1338
1338
1339
1340
1340
1341
1341
1341
1342
1343
1343
1344
1345
1345
1345
1348
1349
1349
1349
1351
1351
1352
1352
1354
1354
1356
1357
1357
1360
1363
1364
1364
1365
1365
1366
1367
1367
1368
1369
1369
1369
1370
1370
1372
1372
1374
1374
1375
1376
1376
1378
1380
1380
1380
1381
1381
1381
1381
1382
1382
1383
1383
1384
1385
1387
1388
1388
1389
1390
1392
1395
1396
1397
1398
1398
1398
1399
1399
1400
1401
1402
1403
1404
1404
1405
1405
1407
1408
1408
1409
1411
1411
1414
1415
1419
1419
1420
1421
1422
1422
1426
1427
1428
1430
1432
1437
1438
1438
1439
1440
1440
1441
1443
1443
1444
1462
1469
1470
1472
1477
1478
1480
1481
1484
1484
1484
1485
1486
1486
1488
1490
1490
1490
1494
1494
1497
1497
1501
1503
1506
1509
1511
1512
1512
1513
1514
1514
1515
1516
1517
1518
1519
1521
1524
1525
1529
1529
1529
1538
1539
1546
1550
1553
1555
1555
1556
1557
1557
1559
1560
1560
1561
1561
1562
1562
1563
1563
1564
1565
1565
1565
1565
1565
1566
1567
1567
1568
1569
1569
1571
1571
1576
1576
1578
1578
1581
1581
1582
1583
1584
1584
1585
1585
1586
1589
1589
1590
1590
1590
1591
1592
1592
1592
1592
1593
1594
1594
1598
1600
1601
1601
1601
1602
1604
1604
1604
1605
1606
1606
1607
1608
1609
1617
1618
1618
1620
1623
1624
1627
1628
1629
1629
1629
1629
1630
1631
1631
1631
1632
1634
1635
1636
1636
1638
1638
1640
1644
1644
1646
1647
1648
1649
1651
1652
1653
1655
1655
1656
1656
1660
1664
1665
1665
1667
1669
1669
1669
1670
1671
1672
1672
1674
1675
1676
1680
1680
1681
1685
1685
1695
1706
1712
1714
1718
1721
1722
1722
1724
1725
1731
1733
1733
1734
1735
1736
1737
1737
