0
2
2
3
3
5
6
7
7
7
7
7
7
8
8
8
8
8
8
8
9
9
9
9
9
9
9
9
10
10
10
10
10
10
10
10
10
10
11
11
11
11
11
11
11
12
12
12
13
13
13
13
13
13
13
14
14
14
14
14
15
15
15
15
15
16
16
16
16
16
16
16
17
17
17
17
17
17
17
18
18
18
18
18
18
19
19
19
19
19
20
20
20
20
21
22
22
22
23
23
23
23
23
23
24
24
24
25
25
25
26
26
26
26
26
26
26
26
27
27
27
28
28
28
28
28
29
29
30
30
30
31
31
31
32
33
33
33
33
33
34
34
35
35
35
35
35
37
37
37
38
38
38
39
39
39
39
39
40
40
40
40
41
41
41
41
41
42
42
42
42
43
43
43
44
44
44
44
44
44
44
44
44
45
46
46
46
46
46
46
47
47
48
48
48
48
49
49
50
50
50
50
50
50
50
50
50
50
50
50
50
51
51
51
51
51
51
52
52
52
52
52
52
53
53
54
54
55
55
55
55
55
56
56
56
56
57
57
57
58
58
58
58
59
59
60
60
60
61
62
62
62
62
63
63
63
63
64
64
64
64
65
65
66
66
66
66
66
66
67
67
67
67
67
68
68
68
69
69
69
69
69
69
69
69
69
70
70
70
70
70
71
71
71
71
71
71
71
72
73
73
73
74
74
74
74
75
75
75
75
75
75
75
75
76
76
76
76
76
76
77
77
77
77
77
77
77
78
78
79
80
80
80
80
80
81
81
81
81
81
81
82
83
83
84
85
85
86
86
86
86
86
87
87
87
87
87
88
88
88
88
88
89
89
89
89
90
90
90
91
91
91
91
91
92
92
93
93
93
94
94
94
94
95
95
95
96
96
96
96
97
97
97
97
97
98
98
98
99
99
99
99
99
100
100
100
100
100
100
101
101
101
101
101
101
102
102
102
103
103
103
103
104
104
104
104
105
105
106
106
106
106
106
106
106
106
107
107
108
108
108
108
109
109
109
110
110
110
110
110
110
110
110
111
111
111
111
112
112
112
112
112
112
113
113
114
114
114
114
115
115
115
115
115
115
115
115
115
116
116
116
116
116
116
117
117
117
117
117
117
118
118
118
118
118
119
119
120
120
120
120
120
121
121
121
121
122
123
123
123
123
123
123
123
124
124
124
124
124
126
126
126
128
128
129
129
129
130
130
130
130
130
130
130
130
130
130
130
131
131
131
131
132
132
132
133
133
133
133
134
134
134
134
135
135
136
136
136
136
136
136
136
137
138
138
139
139
139
139
139
139
140
140
140
140
140
140
141
141
141
142
142
142
142
142
142
142
142
143
143
143
143
144
144
144
144
144
144
145
145
145
146
146
146
146
147
147
147
148
148
149
149
149
150
150
150
150
150
150
150
151
151
151
151
151
151
152
152
152
152
153
153
153
154
154
154
154
154
154
154
155
155
155
156
156
156
156
156
156
156
156
157
157
157
157
157
157
157
157
157
157
158
158
158
158
158
158
158
158
159
159
159
159
160
161
161
161
161
161
162
162
162
162
162
163
163
164
164
164
164
164
165
165
165
165
165
165
165
166
166
166
166
166
166
166
166
167
167
167
167
167
167
167
168
169
169
169
169
171
171
171
171
171
171
172
172
172
172
172
172
172
172
172
173
173
173
174
174
175
175
175
175
175
176
176
177
177
178
178
179
179
179
180
180
180
180
180
180
180
181
181
181
181
181
181
182
182
183
183
183
184
184
184
184
185
185
185
185
185
185
186
186
186
188
188
188
188
188
188
188
191
191
192
194
194
194
194
196
196
196
196
197
197
197
198
198
198
199
199
199
200
200
200
201
201
202
202
202
202
203
203
203
204
205
205
205
205
206
207
207
208
209
209
209
209
209
209
209
210
210
211
211
211
211
211
212
212
212
212
213
213
213
213
213
214
214
214
215
215
216
216
217
218
218
218
218
218
218
219
219
219
219
219
220
220
221
221
222
223
226
226
227
227
227
228
228
228
230
230
231
231
231
231
231
232
232
233
234
234
234
235
235
235
235
236
236
236
237
241
242
243
245
245
245
245
246
246
247
247
249
249
250
250
250
252
252
252
253
253
253
253
254
255
255
255
256
256
256
256
256
256
256
256
257
257
258
258
258
258
259
260
261
261
261
262
262
262
263
264
264
264
265
265
265
266
266
266
266
267
267
267
268
268
268
268
269
269
270
270
271
271
271
272
272
273
273
273
273
273
273
273
273
273
274
274
274
274
275
275
275
276
276
277
277
277
278
278
278
279
281
282
282
284
284
284
285
285
287
287
287
287
288
288
288
288
289
289
289
290
291
292
292
293
293
294
296
298
298
299
299
300
300
301
301
301
302
304
304
304
304
304
304
305
306
308
308
308
309
310
310
311
311
311
311
312
314
315
315
321
326
327
327
327
328
328
329
330
330
331
331
332
332
333
336
337
337
338
342
342
343
345
349
354
356
360
365
367
367
372
375
377
380
381
383
384
384
384
385
394
396
397
397
397
398
398
399
399
399
399
400
401
404
404
405
406
406
406
407
407
407
407
408
408
408
409
409
409
411
413
414
416
416
417
418
419
420
420
420
421
421
422
424
424
427
428
429
430
430
432
433
434
435
435
436
436
436
437
441
442
442
442
443
443
443
444
447
449
451
452
452
454
456
456
456
458
460
463
463
465
466
470
474
475
476
477
478
482
483
485
485
486
487
487
488
490
491
491
491
492
494
495
495
496
501
502
506
509
512
512
513
514
514
514
516
516
516
516
518
518
519
519
520
521
523
524
524
525
525
527
529
530
531
532
532
534
534
536
537
537
537
537
539
540
543
544
545
545
547
547
547
548
548
549
554
558
558
561
564
565
565
565
566
567
567
567
567
568
568
568
569
569
569
571
573
573
573
574
574
575
575
576
576
583
583
583
584
586
586
586
587
590
592
593
596
604
604
604
604
605
606
607
607
607
609
609
610
611
615
615
617
617
619
619
619
620
620
621
624
625
627
628
630
633
633
633
638
640
640
640
640
641
641
642
642
642
642
642
642
642
643
644
644
645
646
649
649
650
652
652
652
655
656
657
657
657
657
657
657
661
666
667
667
672
672
674
678
678
680
686
686
686
696
700
705
706
710
712
714
721
722
722
723
725
728
729
729
732
738
740
741
741
745
745
748
748
754
756
757
759
760
763
765
767
767
768
768
768
769
778
785
789
793
799
802
804
804
804
805
806
806
806
806
806
807
810
811
811
811
811
812
817
820
823
827
828
828
831
832
832
835
839
840
844
846
847
848
850
852
853
860
860
861
863
864
868
870
874
877
878
887
896
897
899
902
905
908
909
910
915
918
918
918
919
922
923
923
924
924
925
925
926
926
927
927
928
928
928
932
933
933
934
937
938
938
938
941
941
942
942
950
952
954
955
955
956
957
957
958
958
959
959
960
960
961
964
965
965
965
965
966
966
966
966
967
973
974
977
980
982
984
985
985
986
993
993
999
1002
1003
1008
1008
1009
1011
1012
1012
1012
1014
1015
1015
1016
1016
1019
1022
1022
1024
1024
1024
1025
1026
1027
1030
1031
1032
1034
1036
1038
1038
1040
1040
1040
1040
1040
1041
1043
1044
1045
1047
1049
1050
1050
1051
1053
1053
1056
1058
1059
1059
1060
1061
1062
1064
1067
1072
1072
1074
1075
1076
1078
1079
1079
1082
1083
1084
1088
1090
1093
1094
1105
1107
1109
1109
1109
1109
1109
1109
1110
1112
1113
1113
1113
1114
1117
1117
1117
1117
1118
1118
1119
1120
1120
1122
1123
1125
1125
1125
1125
1125
1126
1128
1132
1132
1133
1135
1136
1139
1139
1142
1143
1143
1144
1146
1146
1150
1151
1152
1155
1157
1158
1158
1160
1161
1161
1161
1163
1163
1164
1164
1166
1168
1169
1169
1169
1170
1170
1175
1177
1180
1182
1182
1182
1182
1182
1182
1182
1182
1183
1183
1183
1183
1186
1187
1187
1188
1188
1188
1188
1188
1189
1189
1189
1189
1189
1192
1192
1192
1193
1198
1198
1199
1199
1200
1202
1203
1203
1204
1205
1205
1205
1206
1206
1207
1207
1207
1209
1209
1212
1212
1213
1213
1214
1214
1214
1215
1215
1216
1216
1217
1218
1218
1221
1222
1223
1223
1223
1223
1224
1225
1225
1227
1227
1227
1227
1228
1228
1228
1228
1230
1231
1231
1232
1233
1234
1234
1235
1235
1236
1240
1240
1240
1242
1243
1243
1243
1246
1247
1247
1248
1249
1249
1249
1250
1250
1251
1251
1252
1254
1257
1257
1257
1257
1258
1258
1259
1260
1261
1261
1261
1262
1262
1263
1264
1265
1266
1268
1269
1269
1271
1271
1271
1271
1272
1276
1277
1277
1277
1278
1278
1279
1279
1279
1279
1279
1280
1280
1280
1281
1281
1281
1284
1284
1284
1285
1286
1287
1287
1288
1288
1289
1289
1290
1291
1295
1296
1300
1301
1303
1304
1304
1305
1306
1306
1306
1307
1307
1308
1310
1311
1312
1312
1314
1315
1315
1315
1317
1318
1318
1318
1318
1318
1322
1323
1323
1326
1329
1329
1329
1329
1330
1330
1330
1331
1332
1337
1338
1339
1340
1341
1343
1344
1345
1345
1345
1345
1346
1346
1347
1349
1350
1351
1353
1353
1353
1354
1354
1354
1354
1355
1356
1357
1358
1358
1359
1360
1360
1360
1361
1361
1361
1362
1363
1364
1364
1365
1365
1365
1365
1368
1368
1368
1370
1370
1371
1371
1372
1372
1372
1376
1378
1378
1381
1383
1383
1384
1384
1388
1388
1391
1391
1391
1392
1392
1393
1394
1394
1395
1395
1395
1397
1397
1398
1400
1400
1408
1410
1414
1417
1418
1420
1420
1422
1422
1424
1427
1428
1429
1430
1431
1431
1433
1433
1434
1435
1435
1438
1439
1439
1477
1488
1503
1504
1507
1518
1518
1518
1518
1519
1520
1521
1522
1522
1523
1523
1524
1525
1526
1533
1535
1535
1536
1536
1537
1541
1542
1543
1545
1547
1547
1548
1550
1551
1553
1554
1555
1556
1557
1564
1569
1571
1572
1573
1574
1579
1581
1581
1583
1584
1584
1586
1586
1588
1590
1591
1591
1592
1594
1594
1597
1597
1597
1598
1598
1599
1599
1600
1603
1606
1608
1609
1609
1610
1610
1616
1618
1618
1618
1622
1622
1624
1624
1626
1628
1635
1635
1640
1642
1642
1643
1647
1647
1649
1650
1652
1653
1653
1656
1657
1660
1677
1682
1684
1687
1687
1688
1690
1691
1693
1697
1699
1700
1702
1702
1704
1704
1705
1705
1707
1707
1710
1713
1713
1713
1715
1715
1716
1717
1719
1724
1726
1727
1728
1728
1728
1729
1729
1732
1734
1735
1736
1737
1737
1738
1738
1738
1739
1739
1739
1740
1741
1742
1743
1744
1745
1746
1747
1750
1751
1757
1758
1758
1760
1761
1762
1763
1763
1764
1766
1769
1770
1771
1772
1773
1773
1774
1774
1775
1776
1777
1778
1779
1780
1780
1780
1780
1782
1783
1784
1787
1788
1789
1790
1790
1791
1791
1792
1792
1795
1797
1797
1798
1798
1801
1801
1802
1803
1805
1805
1807
1808
1809
1810
1810
1810
1812
1812
1812
1814
1817
1820
1820
1820
1820
1820
1820
1821
1822
1824
1824
1824
1825
1830
1831
1831
1831
1831
1832
1834
1834
1835
1836
1837
1839
1840
1841
1841
1842
1843
1845
1845
1847
1847
1847
1848
1848
1849
1849
1849
1850
1850
1850
1851
1853
1854
1856
1860
1861
1861
1861
1862
1865
1865
1867
1867
1873
1875
1875
1878
1880
1885
1892
1897
1899
1900
1903
1903
1905
1907
1907
1908
1910
1912
1912
1915
1916
1917
1917
1918
1919
1919
1924
1925
1928
1929
1929
1930
1930
1931
1932
1933
1936
1936
1938
1938
1938
1939
1942
1942
1943
1944
1950
1950
1950
1951
1952
1953
1953
1954
1955
1957
1957
1957
1958
1960
1961
1961
1962
1963
1964
1964
1965
1965
1965
1965
1966
1968
1968
1969
1970
1971
1971
1971
1976
1976
1977
1977
1978
1978
1980
1980
1980
1981
1981
1982
1982
