0
2
2
2
3
4
6
6
6
7
7
7
8
8
8
8
8
8
8
8
8
9
9
9
9
9
9
9
9
9
10
10
10
10
10
10
10
10
10
11
11
11
11
12
12
12
12
12
12
13
13
13
13
13
13
14
14
14
14
14
14
14
14
14
15
15
15
15
15
15
16
16
17
17
17
17
17
17
17
18
18
19
19
19
19
19
20
20
20
20
20
20
20
21
21
21
21
21
22
22
22
22
22
22
23
23
23
23
23
23
24
24
25
25
25
25
25
26
26
26
27
27
28
28
28
28
28
28
29
29
29
29
29
29
29
29
29
30
30
30
30
31
31
31
31
31
31
31
32
32
32
32
32
33
33
33
33
33
33
33
33
33
33
33
34
34
34
34
34
34
35
35
35
35
36
36
36
36
36
36
36
36
36
37
37
37
37
37
37
38
38
38
38
38
39
39
39
39
39
39
39
40
40
40
40
40
40
41
41
41
41
41
42
42
42
42
43
43
43
44
44
44
44
45
45
45
46
46
46
47
47
47
47
48
48
49
49
49
50
50
50
50
50
50
51
52
52
52
52
52
53
53
53
53
53
53
55
55
55
55
55
56
56
57
57
57
57
58
58
58
59
59
59
59
59
60
60
60
60
61
61
61
61
61
63
63
63
63
63
63
63
63
64
64
64
64
64
64
65
65
65
65
65
65
65
66
66
66
66
67
67
67
67
67
67
68
68
68
68
68
68
69
70
70
70
70
71
71
71
71
71
71
71
71
72
72
73
73
73
74
75
75
75
75
75
75
76
76
76
76
77
77
78
78
78
78
79
79
79
79
79
80
80
80
80
80
80
80
80
81
81
81
81
82
82
82
82
82
82
83
83
84
84
84
84
84
84
85
85
85
85
86
87
87
87
87
89
89
89
89
89
90
90
91
91
91
92
92
92
93
93
93
93
94
95
95
95
96
96
96
96
97
97
97
97
97
97
97
97
97
98
98
98
98
98
98
98
98
98
98
99
99
99
99
100
100
100
100
100
101
101
101
101
102
102
103
103
103
103
103
103
103
103
104
104
104
104
104
104
105
106
106
107
107
107
107
108
108
108
108
108
109
109
111
112
112
112
112
112
112
112
113
113
113
114
114
115
115
115
116
116
116
116
116
116
117
117
117
118
118
118
120
120
120
120
120
120
121
121
122
122
122
122
122
122
122
123
123
123
123
123
123
123
123
124
124
124
125
125
125
125
125
125
125
125
126
126
126
126
127
127
127
127
127
128
128
128
128
128
129
129
129
130
130
130
132
132
132
132
132
133
133
134
134
134
134
134
134
134
135
135
135
135
135
135
135
135
136
136
136
136
136
136
136
137
137
137
137
137
137
137
137
137
137
137
138
138
139
139
139
139
139
139
139
139
140
140
140
141
141
141
141
142
142
142
142
142
142
142
142
143
143
143
144
144
144
144
145
145
145
145
146
146
146
147
147
147
147
147
148
148
148
148
149
149
150
150
150
150
150
151
151
151
151
151
151
151
152
152
152
152
152
152
152
152
152
152
153
153
153
153
153
153
153
153
153
153
154
154
154
154
154
154
154
154
154
154
155
155
155
155
155
155
155
155
156
156
156
156
157
157
157
157
157
157
158
159
159
159
159
160
160
160
161
161
161
161
161
162
162
163
163
163
163
163
163
163
163
163
163
163
164
164
164
164
164
164
165
165
166
166
166
166
166
167
167
167
167
167
168
168
168
169
169
169
170
170
171
172
172
172
173
174
174
174
174
174
174
174
175
175
175
175
176
176
176
176
176
176
176
176
176
177
177
177
177
177
177
177
177
178
178
178
178
178
178
179
179
179
179
179
179
180
180
180
180
180
180
180
181
181
181
181
181
181
181
182
182
182
183
183
183
183
183
184
184
184
184
184
184
184
184
185
185
185
185
185
185
185
185
185
185
185
185
185
186
186
186
186
186
186
186
186
187
187
187
187
187
187
187
187
188
188
188
188
188
188
188
189
189
189
189
189
190
190
191
191
192
194
195
195
196
196
196
196
196
197
197
197
197
198
198
198
198
199
199
199
199
200
201
202
202
202
202
203
203
203
204
204
205
207
207
209
209
209
209
210
210
210
211
211
212
212
212
212
212
212
213
213
213
214
214
214
215
215
215
216
216
216
216
216
216
217
217
217
219
219
219
219
219
220
220
220
220
220
220
220
220
220
220
220
221
222
222
223
223
223
223
225
225
225
225
225
226
226
226
227
228
228
229
230
231
232
233
234
234
234
234
235
235
235
236
236
236
236
237
237
237
237
237
238
239
239
239
240
240
240
240
240
241
241
242
242
242
243
243
244
244
244
245
245
246
246
246
246
246
246
247
247
247
247
247
247
247
247
248
248
249
249
249
250
250
250
250
251
251
251
251
252
252
252
252
253
253
253
253
254
255
255
256
256
256
256
257
258
258
259
261
261
261
261
261
262
263
264
264
264
264
264
265
265
266
267
267
267
267
267
267
268
268
270
270
271
272
274
275
277
277
278
278
279
279
280
280
281
281
282
282
283
283
283
284
284
284
284
286
287
287
288
288
289
289
291
291
293
293
293
296
296
298
299
299
299
300
300
301
301
301
302
302
302
303
304
304
304
305
306
308
308
309
310
310
310
310
311
311
311
311
312
312
312
313
313
314
316
317
318
319
319
320
320
320
321
322
323
326
327
327
329
329
329
330
330
331
331
331
332
332
338
342
344
350
351
352
352
355
356
357
357
360
361
361
361
362
363
364
364
364
367
367
368
368
368
370
371
373
373
373
375
375
376
376
376
377
379
381
382
386
388
391
392
393
393
393
393
394
395
396
398
405
406
407
407
408
413
414
414
415
415
415
416
417
418
418
419
419
419
419
419
420
420
421
421
422
423
428
428
430
435
436
437
440
440
440
440
442
442
442
442
443
443
443
444
445
446
447
448
448
448
451
452
452
452
454
456
457
458
459
459
460
461
461
462
462
462
463
463
464
464
464
464
466
467
467
468
468
468
468
469
469
469
470
470
471
471
472
475
476
477
477
478
479
481
483
484
485
486
486
487
487
487
487
488
490
491
492
494
495
498
498
498
498
499
499
505
508
508
509
510
511
511
513
514
514
518
520
520
520
522
522
522
524
524
524
527
540
543
546
547
552
563
569
577
582
582
583
585
585
586
597
599
602
602
606
607
608
610
612
613
614
615
616
617
620
620
621
624
629
630
631
632
632
634
637
640
642
646
646
650
654
655
655
655
655
656
656
658
658
659
660
660
661
665
667
668
668
668
668
669
671
674
675
676
679
684
684
688
688
690
690
692
692
693
694
695
695
695
697
698
698
698
698
699
699
699
699
700
708
708
710
710
711
711
711
712
713
714
714
714
715
716
717
718
718
719
719
719
719
720
720
721
722
722
722
723
725
726
726
726
727
728
732
733
733
736
737
737
739
741
742
743
743
745
747
749
749
751
751
752
754
755
755
755
756
756
756
757
757
758
759
760
761
763
763
764
765
766
767
768
770
770
770
771
772
773
773
776
777
777
778
778
781
782
784
785
785
787
788
788
788
788
789
789
789
790
790
790
790
790
790
792
792
793
793
793
794
796
798
800
804
805
805
805
805
805
805
806
806
806
806
808
809
809
810
810
810
812
814
814
814
814
814
815
816
817
817
818
818
818
818
823
825
825
825
826
828
828
831
831
832
833
833
835
835
835
836
836
837
838
839
840
840
840
841
846
846
849
850
852
853
854
855
857
857
858
858
858
858
859
859
859
859
859
861
861
863
865
868
868
869
870
870
872
877
878
878
879
879
889
891
891
891
892
893
893
895
902
904
904
905
907
908
908
908
909
910
910
914
914
914
916
917
918
919
919
920
920
920
921
921
941
943
946
947
950
952
952
955
958
958
964
970
973
975
977
980
981
981
983
984
984
986
986
986
989
991
992
992
993
993
995
996
996
997
998
998
998
1001
1004
1006
1007
1011
1013
1014
1014
1018
1018
1019
1019
1019
1019
1019
1020
1020
1021
1021
1027
1027
1028
1029
1030
1031
1031
1031
1034
1036
1036
1037
1039
1040
1040
1042
1043
1043
1044
1044
1045
1045
1047
1048
1048
1048
1049
1049
1052
1052
1052
1053
1053
1054
1054
1054
1054
1054
1055
1055
1056
1056
1057
1058
1058
1059
1060
1060
1060
1061
1061
1061
1062
1062
1062
1062
1062
1062
1063
1063
1064
1065
1065
1066
1066
1067
1068
1068
1069
1070
1071
1071
1072
1072
1077
1080
1082
1085
1085
1086
1086
1086
1087
1087
1090
1090
1091
1094
1097
1097
1098
1098
1098
1098
1099
1099
1099
1099
1099
1100
1100
1101
1102
1102
1104
1105
1105
1109
1114
1114
1115
1115
1116
1119
1122
1123
1124
1126
1127
1132
1136
1139
1140
1142
1142
1143
1143
1144
1145
1147
1147
1148
1148
1155
1155
1155
1157
1161
1163
1164
1165
1167
1168
1168
1168
1168
1169
1169
1169
1169
1169
1169
1169
1170
1170
1170
1171
1171
1171
1172
1172
1173
1173
1173
1173
1174
1180
1180
1181
1182
1189
1190
1191
1191
1193
1194
1194
1195
1197
1197
1199
1203
1203
1204
1205
1206
1208
1208
1209
1209
1210
1212
1213
1213
1213
1214
1214
1216
1220
1221
1226
1229
1229
1229
1229
1229
1233
1235
1240
1242
1242
1244
1244
1245
1245
1245
1248
1249
1249
1251
1251
1252
1253
1256
1256
1262
1265
1265
1266
1268
1269
1270
1271
1271
1271
1274
1274
1274
1275
1276
1276
1277
1278
1280
1281
1282
1283
1283
1286
1288
1288
1289
1289
1291
1292
1293
1293
1294
1295
1295
1296
1297
1298
1299
1304
1306
1306
1309
1310
1313
1317
1322
1322
1326
1341
1342
1350
1355
1355
1356
1358
1361
1365
1366
1369
1369
1371
1371
1371
1374
1375
1378
1379
1382
1383
1392
1397
1399
1399
1400
1401
1401
1403
1406
1407
1408
1411
1413
1415
1415
1417
1417
1418
1418
1418
1419
1420
1420
1421
1421
1421
1423
1423
1424
1425
1425
1426
1426
1428
1428
1429
1430
1430
1430
1431
1431
1431
1431
1431
1431
1432
1432
1433
1433
1433
1433
1433
1433
1434
1435
1438
1439
1444
1446
1447
1447
1450
1454
1454
1457
1459
1461
1470
1471
1471
1471
1481
1481
1488
1489
1493
1495
1498
1501
1507
1514
1517
1518
1518
1518
1519
1523
1524
1524
1524
1525
1526
1526
1529
1529
1530
1532
1532
1533
1534
1536
1536
1537
1538
1540
1542
1543
1543
1545
1546
1546
1546
1546
1547
1547
1548
1549
1550
1550
1552
1554
1556
1557
1558
1559
1561
1561
1561
1563
1564
1566
1567
1568
1574
1575
1576
1577
1578
1578
1578
1578
1580
1584
1584
1585
1588
1589
1590
1591
1592
1593
1594
1601
1608
1624
1627
1627
1632
1635
1635
1636
1638
1639
1643
1646
1649
1650
1658
1662
1663
1664
1664
1664
1666
1668
1669
1671
1671
1672
1675
1675
1679
1680
1685
1687
1695
1696
1698
1701
1704
1705
1707
1709
1710
1712
1713
1715
1725
1726
1735
1736
1740
1741
1743
1751
1751
1753
1763
1764
1777
1798
1803
1809
1809
1810
1810
1811
1812
1828
1841
1845
1854
1859
1874
1881
1881
1884
1894
1899
1900
1900
1906
1908
1911
1914
1915
1918
1920
1922
1924
1925
1925
1925
1926
1929
1930
1935
1948
1951
1952
1966
1976
1978
1979
1984
1984
1986
1987
1987
1987
1987
1989
1990
1991
1991
1993
1993
1994
1995
1995
2005
2005
2008
2009
2015
2016
2016
2018
2022
2022
2026
2028
2029
2031
2034
2034
2035
2041
2044
2045
2047
2047
2050
2053
2053
2054
2054
2056
