0
2
2
3
4
5
6
6
6
7
7
7
8
8
8
8
8
8
8
8
9
9
9
9
9
9
9
9
9
10
10
10
10
10
10
10
10
10
10
10
10
10
10
11
11
11
11
11
12
12
12
12
12
12
12
12
12
13
13
13
13
13
13
13
13
13
14
14
14
14
15
15
15
15
15
15
15
16
16
16
16
16
16
16
16
16
16
16
17
17
17
17
17
17
17
17
17
17
18
18
18
18
18
18
18
18
19
19
19
19
19
20
20
20
20
20
21
21
21
21
21
22
22
22
22
23
23
23
23
23
23
23
24
24
24
25
25
25
25
25
26
26
26
26
27
27
27
27
27
28
28
28
29
29
29
29
30
30
30
30
32
33
33
33
33
33
34
34
35
35
35
35
36
36
36
36
37
38
38
38
39
39
39
40
41
41
41
41
42
42
42
42
42
42
42
42
43
43
43
43
44
44
44
45
45
45
45
45
45
46
46
46
47
47
47
47
47
47
47
47
48
48
48
48
48
49
49
49
49
50
51
51
51
52
52
52
52
53
54
54
54
54
54
54
56
56
56
56
56
57
57
57
58
58
58
59
59
59
60
60
60
60
62
62
62
63
63
64
64
64
64
66
66
67
67
68
68
69
69
71
71
71
72
72
72
72
73
73
73
73
73
73
73
74
74
74
75
75
75
75
75
76
76
76
77
77
77
77
77
78
78
79
79
79
79
80
80
81
81
81
81
82
82
82
82
82
83
83
84
84
84
84
84
84
84
84
84
85
85
85
85
85
87
87
88
88
88
88
88
88
88
89
89
89
89
89
89
89
90
90
90
90
90
91
91
91
91
92
92
92
92
92
93
93
93
93
93
94
94
94
94
94
94
95
95
95
95
95
95
95
95
96
97
97
98
98
98
98
99
99
99
100
100
100
101
101
101
101
101
101
102
103
103
103
103
103
104
104
104
105
106
106
106
107
108
108
108
109
109
110
110
110
110
110
110
110
110
111
111
111
112
112
112
112
112
112
112
112
112
113
113
113
113
113
113
114
114
114
115
115
115
115
115
116
116
116
116
116
116
117
117
117
117
118
118
118
118
118
118
118
118
119
119
119
119
119
119
119
119
120
120
120
120
120
120
120
121
121
121
121
121
124
124
124
125
125
125
125
125
126
126
126
126
126
126
127
127
127
128
129
130
130
130
131
131
131
131
131
131
132
132
132
132
133
133
133
133
135
135
135
135
135
135
136
136
137
137
137
137
139
139
140
140
140
140
142
142
143
143
144
144
145
145
145
145
145
145
145
146
146
147
148
149
149
149
150
151
151
151
152
153
153
153
154
154
154
155
155
155
156
156
156
156
156
157
157
157
158
158
159
160
160
160
160
161
161
162
162
162
162
163
164
164
164
164
164
164
166
166
167
167
167
167
167
168
168
168
169
170
171
171
172
172
172
172
172
172
172
172
172
173
173
173
174
174
174
175
175
176
176
176
177
177
178
178
178
178
178
179
179
180
180
180
180
180
180
181
181
182
182
183
184
185
185
185
186
186
186
186
186
186
186
186
187
187
188
188
189
189
190
191
192
192
193
193
193
193
193
194
194
194
194
194
195
196
196
196
196
196
196
196
196
196
196
196
198
198
198
198
199
199
199
200
200
200
202
202
203
203
203
204
204
204
204
204
205
205
205
206
207
209
210
210
210
211
211
211
212
212
212
213
213
214
214
214
214
214
214
214
215
215
215
215
215
216
217
217
218
219
219
219
219
220
220
221
221
222
223
223
223
223
223
223
223
224
224
225
225
225
225
225
226
226
226
226
226
227
227
227
227
228
228
228
228
229
229
229
230
230
230
231
231
231
231
231
232
232
233
233
233
234
235
235
235
235
235
235
235
236
236
236
236
236
236
237
237
237
237
237
237
238
238
238
238
239
239
240
240
240
240
241
241
241
241
242
243
243
243
243
244
244
244
244
244
244
244
245
245
245
245
245
245
245
246
246
246
246
246
246
247
248
248
248
248
248
248
249
250
250
250
251
251
251
251
251
252
252
253
254
254
254
254
254
255
256
256
257
257
257
260
261
261
262
262
263
263
263
264
264
265
266
268
268
268
268
269
269
269
269
270
270
270
270
271
271
271
271
271
271
271
271
271
272
272
272
273
273
273
274
274
274
274
275
276
276
276
276
277
277
277
277
278
278
278
279
279
282
282
283
283
283
283
284
284
285
285
285
285
285
285
286
286
286
286
286
287
287
288
288
288
288
288
289
289
291
291
291
291
291
291
291
292
292
292
293
293
293
294
294
294
294
294
294
295
295
295
295
295
296
296
296
297
297
297
297
297
297
297
297
298
298
299
299
300
300
301
302
303
303
304
305
305
305
305
306
307
308
308
309
309
310
310
312
313
316
316
317
317
317
318
319
319
319
320
322
323
325
325
325
328
328
329
329
331
331
331
332
333
333
333
334
335
335
336
337
338
338
338
340
340
340
341
341
342
342
342
343
345
346
348
349
354
355
357
357
359
359
363
367
369
370
370
370
371
373
374
377
377
378
380
381
382
382
383
383
384
384
387
387
387
387
387
388
388
389
389
389
389
389
389
389
390
390
390
390
391
391
391
391
392
392
393
393
393
396
396
396
399
399
399
399
400
400
400
402
402
403
403
404
405
405
405
406
406
407
407
407
408
409
410
410
410
410
410
410
411
413
414
415
416
417
419
419
419
419
419
420
420
420
420
421
421
421
424
425
426
426
426
426
426
428
428
428
428
428
428
429
430
430
431
432
432
433
434
434
434
436
437
438
439
441
441
442
448
449
451
451
451
452
452
452
452
453
454
455
455
455
456
456
457
457
460
461
462
462
462
463
465
466
466
466
467
467
468
473
473
474
476
476
476
477
477
478
480
480
485
485
485
487
487
490
491
491
494
494
494
495
496
498
499
499
501
504
504
505
507
507
510
520
521
521
521
521
526
527
532
533
535
538
542
544
546
549
553
554
556
557
557
560
560
560
561
562
562
562
562
562
562
562
563
564
566
569
570
572
573
574
575
575
581
583
584
584
585
587
588
592
592
592
598
599
603
604
604
605
607
609
610
618
618
625
631
637
641
642
642
643
643
644
644
645
645
645
645
645
646
646
647
647
648
650
650
650
651
651
652
652
653
653
656
657
661
662
663
664
664
665
666
666
668
668
669
669
669
670
673
674
681
682
685
689
690
701
702
717
730
731
731
732
732
736
738
738
739
739
739
740
743
743
744
745
750
750
751
753
757
758
760
763
764
765
765
766
768
770
772
775
775
777
778
782
786
788
788
788
789
790
792
794
795
798
799
801
804
805
807
808
809
809
811
811
812
812
813
813
814
815
815
817
819
820
820
821
821
822
823
828
831
831
831
832
845
845
847
849
851
877
884
884
884
885
885
886
887
907
908
914
923
925
925
926
933
933
949
960
964
967
967
978
982
982
983
989
993
995
997
998
1001
1004
1004
1006
1010
1013
1022
1022
1022
1023
1023
1023
1024
1024
1025
1025
1025
1025
1026
1028
1028
1028
1052
1054
1056
1056
1059
1062
1062
1063
1064
1064
1066
1069
1071
1071
1074
1076
1084
1086
1087
1088
1088
1089
1092
1092
1093
1093
1093
1094
1094
1095
1095
1096
1096
1099
1099
1100
1101
1102
1103
1104
1111
1111
1113
1119
1120
1120
1120
1123
1124
1126
1128
1128
1128
1128
1128
1129
1129
1129
1129
1129
1129
1130
1130
1138
1139
1140
1142
1144
1230
1235
1238
1257
1288
1288
1293
1294
1296
1296
1298
1299
1304
1317
1318
1325
1326
1329
1329
1337
1340
1348
1361
1362
1365
1367
1396
1397
1397
1406
1406
1406
1407
1407
1408
1412
1412
1414
1416
1419
1420
1422
1423
1424
1424
1427
1428
1429
1430
1430
1430
1431
1432
1432
1432
1432
1434
1435
1436
1436
1437
1438
1438
1438
1439
1439
1439
1439
1441
1441
1441
1441
1441
1441
1442
1442
1442
1443
1443
1444
1444
1444
1444
1446
1447
1447
1447
1448
1448
1450
1451
1451
1453
1454
1454
1454
1455
1455
1455
1455
1456
1456
1456
1457
1457
1458
1459
1459
1460
1460
1465
1466
1466
1468
1468
1469
1469
1469
1470
1471
1472
1473
1473
1473
1474
1475
1475
1475
1475
1476
1479
1479
1479
1479
1480
1480
1480
1481
1481
1483
1483
1483
1484
1484
1484
1485
1485
1485
1485
1487
1490
1490
1491
1491
1492
1492
1492
1495
1495
1495
1496
1497
1500
1501
1502
1502
1505
1505
1507
1508
1511
1511
1511
1513
1518
1533
1533
1533
1537
1537
1538
1539
1539
1540
1548
1551
1553
1554
1564
1564
1564
1564
1565
1566
1566
1567
1567
1571
1571
1572
1574
1574
1575
1578
1578
1580
1581
1581
1582
1583
1583
1584
1585
1586
1587
1587
1587
1587
1590
1590
1590
1590
1591
1591
1592
1592
1592
1592
1592
1593
1595
1597
1597
1598
1598
1599
1602
1603
1603
1604
1604
1605
1605
1606
1606
1608
1611
1611
1611
1611
1612
1612
1613
1615
1615
1617
1617
1619
1621
1622
1623
1623
1623
1624
1624
1626
1626
1627
1627
1627
1630
1632
1632
1633
1633
1633
1633
1633
1634
1635
1635
1636
1637
1638
1639
1642
1643
1644
1644
1644
1644
1645
1646
1646
1648
1649
1649
1651
1651
1652
1654
1655
1656
1658
1659
1660
1661
1661
1662
1663
1664
1664
1665
1666
1666
1667
1667
1668
1668
1671
1673
1678
1678
1680
1680
1683
1683
1683
1685
1685
1687
1687
1687
1689
1690
1690
1690
1691
1693
1693
1693
1694
1694
1694
1694
1694
1695
1696
1697
1697
1698
1699
1699
1701
1703
1703
1704
1705
1708
1713
1717
1717
1717
1718
1722
1725
1725
1726
1727
1728
1728
1730
1736
1737
1737
1737
1738
1739
1739
1742
1743
1743
1745
1746
1748
1748
1749
1749
1750
1750
1750
1751
1752
1762
1764
1776
1782
1782
1783
1784
1788
1788
1789
1790
1791
1794
1794
1795
1795
1795
1795
1795
1795
1797
1797
1800
1801
1801
1802
1803
1804
1807
1807
1807
1807
1809
1809
1811
1811
1812
1822
1823
1823
1823
1825
1827
1827
1827
1828
1831
1832
1833
1833
1834
1835
1835
1835
1835
1837
1838
1839
1841
1841
1842
1844
1845
1846
1848
1849
1849
1850
1850
1853
1862
1863
1863
1865
1865
1866
1869
1870
1875
1875
1878
1878
1882
1882
1883
1887
1891
1894
1896
1923
1943
1951
1952
1952
1970
1980
1980
1989
1991
1997
1998
1998
1999
2019
2028
2031
2037
2039
2043
2048
2048
2055
2098
2100
2116
2123
2125
2125
2126
2128
2143
2143
2152
2154
2165
2169
2172
2172
2180
2215
2217
2232
2242
2309
2310
2312
2314
2352
2373
2382
2383
2387
2387
2391
2391
2400
2400
2441
2455
2456
2456
2483
2486
2487
2489
2490
2490
2490
2492
2494
2494
2500
2503
2520
2548
2590
2617
2623
2628
2633
2634
2637
2637
2637
2647
2647
2651
2651
2655
2666
2671
2675
2682
2851
2885
2910
2911
2961
2966
3025
3076
3089
3090
3094
3100
3110
3110
3111
3111
3111
3115
3115
3117
3125
3136
3146
3147
3148
3154
3155
3177
3177
3179
3180
3181
3181
3182
3185
3203
3224
3232
3232
3233
3233
3233
3233
3234
3234
3235
3235
3236
3236
3237
3237
3244
3245
3248
3249
3249
3250
3250
3251
3252
3253
3253
3255
3255
3256
3256
3260
3265
3267
3269
3271
3281
3285
3288
3290
3291
3292
3292
3293
3303
3305
3307
3311
3312
3317
3319
3320
3321
3324
3332
3333
3334
3335
3336
3350
3363
3373
3380
3391
3393
3395
3411
3428
3441
3442
3443
3478
3479
3480
3482
3491
3492
3498
3499
3505
3596
3597
3598
3598
3606
3608
3685
3699
3704
3714
3719
3719
3821
3821
3825
3838
3848
3946
3952
3964
4059
4080
4081
4081
4082
4186
4192
4207
4284
4284
4305
4392
4392
4392
4393
4410
4414
4444
4696
4696
4705
4705
4716
4717
4718
4723
4743
4749
4750
4753
