0
3
3
5
5
6
6
6
7
8
8
8
8
9
9
9
9
9
9
10
10
10
10
11
11
11
11
12
12
12
12
13
13
13
13
13
13
13
13
14
14
14
14
15
15
15
15
15
15
18
18
18
19
19
20
20
21
21
21
22
22
22
22
22
23
23
23
24
24
24
25
25
25
25
25
25
26
26
26
27
27
27
27
27
27
27
28
28
28
28
28
29
29
29
29
29
29
29
29
30
30
30
30
30
30
31
31
31
31
32
32
32
32
32
32
33
33
33
33
33
34
34
34
34
35
35
35
35
35
36
36
37
37
38
38
39
39
39
39
41
41
42
42
43
44
44
44
45
46
46
46
46
46
47
47
47
48
49
49
50
50
50
50
51
51
52
52
52
52
52
53
53
54
54
54
55
56
57
57
58
60
60
61
61
61
61
62
63
63
63
64
64
64
65
65
65
65
66
66
66
66
67
68
68
69
69
69
69
70
70
70
70
71
71
71
71
71
71
71
72
72
72
72
73
73
73
74
74
74
74
74
74
75
75
75
75
77
78
78
78
79
79
80
80
81
81
82
82
82
83
83
83
85
85
86
88
88
88
88
88
88
89
89
90
90
90
90
91
91
92
93
93
93
93
93
94
94
94
95
95
95
96
96
97
97
97
98
98
98
98
99
99
100
101
101
101
101
101
101
101
102
102
102
102
103
105
105
105
105
106
106
106
106
106
106
106
107
108
109
110
110
110
111
112
113
113
114
115
116
116
116
117
117
117
118
118
118
118
118
119
119
120
120
120
120
120
120
121
121
121
121
121
121
121
122
122
122
122
122
123
123
123
124
125
125
125
127
127
127
127
128
128
129
130
132
132
134
135
136
136
137
138
139
140
140
141
141
144
144
146
147
149
149
150
151
151
152
152
152
153
154
154
154
154
155
155
155
157
158
159
160
161
162
162
162
163
163
163
164
165
166
166
168
169
171
172
172
173
174
175
176
178
179
180
180
180
182
182
184
184
185
185
186
186
186
186
187
187
189
189
190
191
191
192
194
194
194
195
195
196
196
196
198
200
201
203
204
204
207
207
207
207
208
208
208
209
211
211
211
211
211
212
212
215
216
217
217
217
218
218
219
221
221
222
222
223
224
225
227
228
229
230
230
231
233
235
239
243
243
243
243
245
248
248
248
248
249
249
250
251
253
262
265
265
265
265
266
266
267
267
268
269
270
271
271
271
272
274
274
277
278
278
279
280
281
282
283
284
285
286
286
289
290
291
291
292
292
294
295
297
299
299
300
301
303
303
304
304
304
304
306
307
310
310
313
313
314
317
318
318
319
320
320
320
320
321
321
321
321
323
324
324
324
327
329
331
331
331
331
331
332
333
333
334
334
335
335
335
335
335
335
335
335
336
337
338
338
339
339
340
340
341
342
342
343
343
344
344
346
346
346
349
349
349
350
350
350
351
351
352
352
352
352
353
353
354
355
355
356
356
356
356
356
357
357
358
360
361
363
363
364
365
366
367
368
370
370
370
371
372
372
372
372
372
375
377
378
379
379
379
379
380
380
381
382
383
383
384
384
384
385
385
386
386
387
388
389
396
398
399
399
400
400
400
401
402
402
403
403
404
405
405
405
405
406
406
410
411
411
411
412
412
413
413
413
413
414
416
416
417
418
418
418
418
418
419
419
419
420
422
423
424
424
425
427
429
429
430
430
430
431
431
432
432
432
433
434
435
435
436
437
437
437
438
438
439
439
439
440
442
444
444
444
445
445
446
448
448
448
449
449
449
450
451
452
453
456
457
458
460
460
460
461
461
462
463
464
464
465
466
466
466
466
467
467
468
468
470
470
470
471
472
472
472
472
472
472
474
475
475
477
477
478
479
479
480
481
481
481
482
482
482
483
484
489
492
492
493
493
493
493
496
497
498
499
506
506
509
510
511
512
512
516
516
518
524
528
528
533
534
535
538
538
539
548
549
550
550
552
556
567
569
569
571
574
578
579
581
581
582
583
594
594
595
595
597
602
606
607
608
610
611
614
616
619
623
625
628
630
630
633
640
647
649
650
650
652
655
655
655
657
658
660
660
666
674
674
674
674
674
674
675
676
677
684
693
703
703
705
705
707
708
709
712
715
715
715
716
716
716
717
717
718
718
719
721
723
725
725
727
729
731
731
733
734
734
734
736
737
737
738
739
742
742
742
743
744
744
745
745
745
745
750
752
755
756
756
757
762
763
773
773
773
774
774
774
776
776
776
776
777
777
778
781
782
783
789
790
790
792
795
796
797
798
799
800
800
804
804
805
805
805
806
807
808
809
809
810
811
811
812
812
812
813
813
819
821
824
825
831
849
849
853
854
863
864
865
866
867
868
870
872
875
879
880
884
887
888
893
897
900
904
905
906
912
912
912
921
925
939
942
943
954
960
962
962
962
970
970
970
970
971
973
973
976
980
981
982
983
985
987
989
990
994
996
996
997
1001
1002
1002
1002
1007
1010
1010
1011
1014
1016
1020
1022
1022
1022
1026
1027
1029
1030
1036
1036
1038
1040
1042
1042
1042
1043
1043
1043
1043
1044
1046
1046
1046
1047
1047
1048
1048
1050
1051
1052
1052
1058
1059
1059
1060
1062
1062
1063
1063
1065
1066
1066
1067
1067
1067
1080
1080
1081
1082
1083
1084
1092
1092
1094
1095
1100
1100
1108
1109
1110
1110
1111
1119
1120
1121
1121
1122
1129
1129
1130
1131
1131
1135
1141
1151
1155
1155
1156
1157
1158
1161
1161
1184
1200
1212
1222
1222
1224
1229
1231
1234
1245
1253
1253
1253
1253
1258
1262
1265
1267
1268
1269
1269
1281
1296
1299
1304
1304
1305
1306
1306
1306
1306
1306
1307
1317
1318
1320
1322
1327
1327
1327
1328
1328
1331
1332
1334
1336
1340
1340
1340
1340
1343
1344
1344
1345
1345
1346
1347
1348
1352
1353
1354
1354
1354
1355
1355
1356
1356
1356
1356
1356
1363
1364
1366
1369
1369
1371
1373
1378
1378
1379
1381
1381
1393
1395
1397
1397
1401
1401
1416
1417
1419
1421
1424
1427
1427
1428
1431
1431
1431
1431
1432
1433
1434
1435
1435
1435
1436
1437
1438
1439
1439
1440
1440
1442
1444
1444
1445
1445
1446
1447
1447
1449
1449
1450
1450
1450
1450
1451
1451
1451
1453
1453
1456
1456
1457
1457
1457
1458
1458
1458
1459
1462
1462
1463
1463
1464
1464
1465
1465
1465
1466
1466
1466
1466
1466
1466
1466
1467
1469
1469
1469
1469
1470
1470
1471
1471
1471
1471
1471
1471
1472
1472
1472
1473
1473
1474
1476
1476
1476
1476
1477
1478
1480
1480
1480
1480
1480
1481
1482
1483
1484
1484
1484
1484
1485
1485
1485
1487
1489
1490
1490
1490
1491
1494
1500
1501
1502
1503
1504
1505
1505
1506
1506
1507
1507
1508
1508
1509
1509
1514
1515
1516
1519
1519
1542
1544
1544
1545
1546
1548
1550
1550
1551
1553
1556
1559
1560
1565
1565
1566
1567
1567
1567
1571
1571
1572
1574
1575
1575
1575
1576
1576
1578
1578
1579
1580
1580
1581
1581
1582
1584
1584
1584
1585
1585
1585
1589
1590
1590
1590
1590
1590
1590
1590
1590
1591
1591
1594
1594
1596
1596
1597
1597
1597
1598
1598
1602
1602
1604
1604
1604
1605
1605
1605
1605
1606
1606
1606
1606
1606
1607
1607
1607
1608
1609
1609
1611
1612
1612
1613
1613
1613
1614
1614
1615
1616
1616
1617
1617
1618
1618
1622
1623
1624
1624
1624
1624
1625
1625
1627
1627
1628
1628
1629
1630
1632
1633
1635
1636
1636
1636
1638
1639
1640
1641
1641
1642
1642
1648
1653
1655
1655
1655
1657
1657
1658
1663
1663
1664
1666
1668
1669
1669
1674
1676
1677
1678
1678
1678
1679
1684
1685
1685
1686
1687
1688
1689
1691
1692
1693
1694
1694
1696
1696
1696
1696
1697
1702
1704
1708
1727
1730
1736
1746
1750
1773
1773
1773
1774
1775
1775
1775
1775
1776
1776
1777
1780
1795
1803
1803
1807
1813
1814
1815
1818
1818
1819
1821
1827
1827
1839
1840
1840
1842
1842
1849
1851
1854
1855
1856
1861
1864
1866
1866
1866
1867
1867
1867
1868
1869
1870
1873
1875
1879
1880
1883
1887
1896
1911
1911
1917
1918
1926
1936
1957
1963
1964
1965
1966
1973
1975
1980
1985
1987
1989
2015
2016
2016
2016
2017
2017
2017
2018
2021
2024
2025
2025
2025
2028
2031
2037
2041
2042
2042
2046
2049
2049
2049
2049
2050
2050
2050
2051
2052
2052
2053
2053
2053
2053
2053
2053
2054
2054
2054
2054
2056
2058
2060
2061
2062
2062
2063
2064
2064
2066
2066
2066
2067
2073
2075
2076
2077
2077
2079
2080
2080
2081
2081
2083
2083
2083
2083
2084
2084
2084
2084
2095
2095
2095
2100
2101
2103
2105
2109
2137
2138
2143
2144
2147
2156
2159
2172
2175
2178
2179
2189
2201
2202
2202
2205
2206
2206
2206
2207
2211
2228
2231
2233
2238
2246
2247
2252
2292
2300
2300
2306
2310
2310
2310
2316
2321
2326
2326
2326
2327
2330
2332
2334
2351
2357
2358
2360
2369
2380
2383
2383
2383
2383
2383
2384
2391
2392
2392
2393
2394
2400
2401
2401
2410
2412
2412
2412
2414
2418
2423
2426
2428
2429
2429
2436
2444
2455
2459
2460
2460
2460
2461
2461
2466
2466
2466
2467
2467
2467
2480
2480
2480
2485
2507
2508
2508
2526
2526
2527
2531
2532
2540
2543
2543
2559
2565
2569
2569
2571
2572
2572
2576
2589
2594
2595
2595
2595
2601
2602
2623
2626
2635
2646
2651
2658
2684
2702
2703
2705
2719
2734
2739
2742
2743
2747
2749
2749
2751
2751
2752
2752
2752
2760
2762
2762
2764
2765
2766
2766
2766
2771
2771
2772
2787
2787
2787
2792
2796
2797
2799
2805
2811
2813
2820
2820
2825
2825
2826
2828
2829
2832
2837
2837
2840
2842
2850
2850
2873
2885
2889
2893
2894
2896
2918
2940
2941
2941
2963
2964
2972
2982
2982
2983
2988
2996
3003
3008
3009
3015
3020
3025
3029
3029
3030
3034
3035
3037
3040
3040
3042
3042
3042
3045
3045
3046
3049
3054
3055
3055
3055
3055
3056
3057
3057
3064
3065
3072
3074
3081
3082
3082
3083
3084
3085
3088
3089
3090
3090
3091
3092
3105
3108
3111
3111
3118
3118
3118
3121
3122
3122
3124
3126
3130
3130
3132
3132
3132
3154
3155
3160
3161
3162
3164
3169
3174
3174
3179
3179
3180
3181
3181
3182
3182
3183
3183
3184
3188
3189
3192
3197
3197
3197
3199
3202
3206
3207
3209
3210
3213
3214
3216
3217
3218
3219
3219
3221
3221
3223
3223
3228
3231
3231
3233
3235
3241
3244
3246
3247
3249
3254
3259
3269
3269
3276
3277
3283
3288
3292
3294
3295
3303
3304
3305
3306
3310
3318
3319
3324
3327
3328
3329
3331
3332
3339
3340
3347
3354
3360
3361
3361
3364
3364
3365
3367
3379
3382
3382
3383
3385
3391
3392
3398
3402
3405
3407
3413
3415
3423
3427
3427
3431
3431
3431
3431
3432
3432
3440
3442
3444
3444
3448
3448
3453
3458
3458
3469
3482
3485
3489
3492
3496
3498
3500
3502
3502
3512
3513
3515
3521
3521
3522
3534
3534
3560
3571
3586
3587
3589
3597
3597
3597
3600
3609
3620
3624
3626
3635
3643
3672
3679
3687
3690
3693
3696
3703
3704
3718
3719
3728
3745
3767
3767
3767
3802
3805
3808
3811
3815
3818
3818
3823
3823
3838
3839
3843
3844
3844
3845
3848
3885
3887
3892
3903
3913
3919
3926
3927
3928
3929
3929
3931
3931
3932
3941
3941
3944
3944
3945
3950
3954
3955
3955
3956
3956
3959
3961
3962
3964
3985
3986
3986
3989
3991
3991
3991
4006
4007
4007
4007
4009
4034
4068
4078
4089
4098
4099
4099
4099
4102
4104
4109
4110
4111
4111
4113
4136
4143
4150
4155
4155
4155
4156
4167
4168
4168
4168
4172
4177
4179
4187
4191
4191
4198
4254
4256
4259
4261
4262
4266
4271
4274
4278
4283
4287
4288
4288
4289
4290
4299
4301
4302
4305
4305
4307
4310
4316
4322
4333
4350
4352
4357
4360
4365
4371
4374
4379
4379
4384
4393
4403
4405
4426
4451
4487
4502
4517
4517
4519
4520
4521
4539
4547
4552
4553
4553
4558
4561
4562
4564
4565
4571
4573
4575
4577
4579
4579
4585
4596
4596
4603
4604
4616
4616
4627
4629
4631
4632
4637
4643
4643
4651
4658
4660
4666
4666
4670
4672
4687
4694
4696
4703
4703
4706
4708
4714
4716
4716
4717
4718
4718
4720
4721
4721
4721
4722
4723
4725
4727
4729
4732
4732
4733
4735
4739
4747
4747
4751
4751
4752
4756
4758
4760
4763
4764
4765
4765
