0
2
2
3
4
5
6
6
6
7
7
7
7
7
8
8
8
8
8
8
8
8
8
8
8
8
8
8
9
9
9
9
9
9
9
10
10
10
11
11
11
11
11
11
11
11
11
11
12
12
12
12
12
12
12
12
12
13
13
13
13
13
13
13
13
13
14
14
14
14
15
15
15
15
15
15
15
15
15
16
16
16
16
17
17
17
17
17
17
17
17
18
18
18
18
19
19
19
19
19
19
19
19
19
19
19
19
20
20
20
20
21
21
21
21
21
21
21
21
21
21
21
22
22
22
22
22
22
22
22
22
22
23
23
23
23
23
23
23
24
24
24
24
24
25
25
25
25
25
25
25
26
26
27
27
27
27
27
28
28
28
28
30
31
31
31
31
31
32
32
32
33
33
33
33
33
34
34
34
34
34
34
35
35
35
35
35
35
35
35
35
36
36
36
36
36
36
36
36
36
36
36
37
37
37
37
37
37
38
38
38
38
38
38
39
39
39
39
40
40
41
41
41
41
42
42
42
42
42
42
42
42
42
43
43
43
44
44
44
44
44
45
45
45
45
45
45
45
45
45
45
46
46
46
47
47
47
47
47
47
47
48
48
48
48
48
49
49
50
50
50
50
50
51
51
51
51
51
51
51
51
51
52
52
52
52
52
52
52
53
53
53
53
53
53
54
54
54
54
54
54
54
55
55
55
55
55
55
55
56
56
56
56
56
56
56
56
57
57
57
57
57
57
58
58
59
59
59
60
60
60
60
60
61
61
61
61
61
61
62
62
62
62
63
63
63
63
63
64
64
65
65
65
65
65
65
65
65
65
65
66
66
66
66
66
66
66
67
67
67
67
67
67
68
68
68
68
68
68
68
68
68
68
68
68
69
69
69
69
69
69
69
69
69
70
70
70
70
70
70
70
70
70
70
71
71
71
71
71
71
71
72
72
72
72
73
73
73
73
73
74
74
74
74
74
74
75
75
75
75
75
75
75
76
76
76
76
76
76
76
76
76
76
76
76
76
76
77
77
77
77
78
78
78
78
78
78
78
79
79
79
79
79
79
79
80
80
80
80
80
80
80
80
80
80
81
81
81
81
81
81
81
81
81
81
83
83
83
83
83
84
84
84
84
84
84
84
85
85
85
85
85
85
85
85
85
86
86
86
86
86
86
87
87
87
87
87
87
87
87
88
88
88
88
88
89
89
89
90
90
90
90
90
91
91
91
92
92
92
92
92
92
92
92
92
92
92
93
93
93
93
93
94
94
94
94
94
95
95
95
95
95
96
96
97
97
97
97
97
97
98
98
98
98
98
98
98
98
98
98
99
99
99
99
99
99
100
100
100
100
100
101
102
102
102
102
102
103
103
103
103
103
104
104
104
104
104
105
105
105
105
106
106
107
107
107
107
107
107
108
108
108
108
108
108
108
109
109
109
109
109
109
109
110
110
110
110
111
111
111
111
112
112
112
112
112
112
112
112
113
113
113
113
114
114
114
114
114
114
114
114
114
114
114
115
115
115
115
115
116
116
116
116
117
117
117
117
117
117
118
118
118
118
118
118
119
119
119
119
119
119
120
120
120
121
121
121
121
122
123
124
124
124
124
124
124
125
125
126
126
126
126
126
126
126
126
127
127
127
127
127
127
127
128
128
128
128
128
128
129
129
129
129
130
130
130
130
130
130
130
130
130
131
131
131
131
131
131
131
131
131
131
131
131
131
132
132
132
132
132
132
132
132
132
132
132
133
133
133
133
133
133
133
134
134
134
135
135
135
135
135
135
136
137
137
138
138
138
138
138
138
138
139
140
140
140
140
140
140
140
140
140
141
141
141
141
141
141
141
141
141
142
142
142
142
142
142
142
142
142
142
142
143
143
143
143
143
143
143
144
144
144
144
144
145
145
145
145
145
146
146
146
146
146
146
146
147
147
147
148
148
148
148
148
148
148
148
149
149
149
149
150
150
151
151
151
151
151
151
152
152
152
153
154
154
154
154
154
154
155
155
156
156
156
156
156
156
156
156
156
156
157
157
157
157
157
157
157
157
158
158
158
158
158
158
158
158
159
159
159
159
159
160
160
160
160
160
160
160
160
161
161
162
162
163
163
163
163
163
164
164
164
165
165
165
165
165
166
166
166
166
166
166
166
167
167
167
167
167
167
167
168
168
168
168
168
168
168
168
169
169
169
169
169
169
170
170
170
170
170
170
171
171
172
172
172
172
172
172
173
173
173
174
174
174
174
175
175
175
175
175
176
176
176
176
176
177
177
177
177
177
177
178
178
178
178
179
179
179
179
180
180
180
180
180
180
180
180
180
180
180
180
181
181
181
181
182
182
182
182
182
183
183
183
185
185
185
185
185
185
186
186
186
187
187
187
188
188
188
188
189
189
189
190
190
190
190
191
191
191
191
191
191
192
192
192
192
192
193
193
193
193
194
194
194
195
195
196
196
196
196
196
196
197
197
197
197
197
198
198
198
199
199
199
200
200
200
200
200
201
202
202
202
202
202
203
203
203
203
204
204
204
204
204
205
205
205
206
206
206
206
206
206
207
207
207
207
207
208
208
208
209
210
210
210
210
211
211
211
211
211
211
211
212
212
212
212
212
213
213
214
214
214
214
214
214
215
215
215
215
215
215
216
216
216
217
218
218
218
218
218
219
219
220
220
220
220
220
221
221
221
222
222
222
222
222
223
223
224
224
224
224
224
224
224
225
225
225
226
226
226
226
226
227
227
227
227
227
229
229
230
231
231
232
232
232
232
232
233
233
233
233
233
234
234
234
235
235
235
235
237
237
237
238
239
241
241
241
242
243
243
245
245
246
247
247
247
247
247
247
248
248
248
249
249
250
251
251
251
251
253
253
255
255
257
257
258
258
258
258
260
260
260
261
262
263
263
263
263
265
266
267
267
267
268
268
270
270
271
271
272
272
272
273
275
275
276
277
277
277
278
278
278
279
279
280
280
281
281
281
282
282
282
282
282
282
283
283
283
283
283
283
284
284
284
285
285
286
286
286
286
289
289
290
290
291
291
292
292
293
293
293
293
294
294
294
295
296
296
296
296
296
297
297
297
297
298
298
298
299
299
299
300
300
300
300
301
302
302
302
303
304
305
306
306
307
308
308
309
310
312
313
314
315
315
316
316
316
321
324
324
326
327
328
331
332
333
333
335
336
339
339
339
340
341
343
346
349
349
349
350
350
350
350
350
350
351
351
351
352
352
356
356
358
359
360
360
362
362
364
365
365
366
366
368
371
372
373
374
376
377
377
377
377
378
381
381
382
382
383
384
386
386
390
392
394
394
396
398
399
403
403
405
406
406
409
410
410
410
410
411
412
412
414
414
415
415
421
422
423
423
426
429
431
431
436
436
437
437
438
440
450
450
454
455
455
462
467
469
469
469
469
470
470
470
471
472
473
473
473
478
481
483
490
492
493
495
496
497
502
507
507
508
509
510
510
510
510
512
512
513
513
513
513
515
517
521
521
521
524
529
529
529
529
529
529
530
533
534
534
535
540
541
541
543
543
543
549
549
550
556
556
558
558
561
563
563
568
569
570
570
570
570
572
573
576
578
582
583
585
590
590
594
597
600
600
602
602
603
604
604
604
605
605
609
612
614
615
615
616
617
617
618
618
618
618
619
619
619
620
620
620
620
620
622
623
623
624
625
627
629
629
629
630
630
632
632
632
632
632
633
633
634
635
635
636
637
637
638
638
639
641
642
642
642
643
643
644
646
646
647
647
648
649
653
656
656
656
657
657
657
658
658
658
658
658
658
658
658
658
659
659
660
660
660
660
661
662
663
669
669
673
673
673
674
674
676
685
686
687
687
688
688
689
689
689
690
691
691
691
691
696
697
698
699
700
704
704
705
706
708
710
711
711
712
712
714
716
716
716
716
717
718
720
720
720
721
722
723
727
728
729
731
731
731
733
734
734
734
734
735
735
735
735
735
735
736
736
736
737
737
737
738
738
738
739
739
740
740
742
742
742
743
743
745
745
745
747
748
748
748
749
749
750
750
752
753
756
756
758
758
759
759
761
762
763
772
774
775
775
776
776
778
781
781
785
789
789
794
794
795
795
796
797
798
799
800
801
802
806
807
808
809
809
810
816
817
818
821
822
823
828
828
828
828
828
836
838
839
840
840
842
842
846
848
848
848
848
848
848
849
851
851
851
859
861
863
863
863
864
866
872
872
884
887
888
889
892
895
897
898
900
903
903
905
907
908
909
910
911
911
914
918
920
921
922
924
927
928
931
934
940
940
941
943
943
949
949
950
951
952
953
957
962
965
966
968
968
968
968
968
969
970
970
970
970
977
977
977
978
979
980
983
983
984
984
988
992
996
997
1001
1003
1006
1006
1007
1009
1009
1011
1014
1015
1018
1020
1022
1026
1026
1026
1027
1030
1033
1034
1036
1047
1049
1049
1051
1052
1052
1053
1056
1056
1056
1057
1057
1057
1057
1061
1062
1064
1066
1066
1066
1068
1071
1071
1071
1072
1075
1075
1076
1076
1076
1077
1077
1078
1084
1085
1087
1088
1089
1093
1093
1093
1094
1096
1097
1099
1105
1108
1114
1114
1115
1115
1116
1116
1118
1119
1122
1124
1125
1127
1127
1128
1129
1130
1131
1131
1134
1134
1135
1136
1139
1146
1153
1153
1160
1166
1166
1166
1167
1169
1170
1171
1171
1172
1173
1173
1176
1177
1178
1179
1179
1180
1180
1181
1181
1182
1182
1182
1188
1189
1189
1190
1190
1192
1192
1193
1193
1193
1194
1194
1196
1197
1199
1199
1199
1200
1201
1204
1204
1208
1209
1210
1210
1212
1212
1214
1216
1217
1217
1223
1224
1226
1228
1228
1228
1229
1230
1236
1238
1239
1241
1249
1251
1255
1257
1259
1259
1260
1260
1260
1260
1261
1266
1268
1269
1270
1270
1270
1270
1271
1271
1274
1277
1280
1280
1281
1281
1281
1282
1282
1282
1283
1285
1285
1285
1285
1286
1286
1286
1286
1286
1290
1291
1291
1293
1294
1294
1296
1298
1299
1299
1300
1300
1301
1301
1305
1309
1310
1311
1314
1315
1315
1315
1315
1316
1319
1321
1322
1322
1322
1323
1326
1335
1336
1337
1337
1339
1342
1343
1343
1344
1344
1345
1345
1351
1351
1360
1361
1362
1362
1363
1364
1365
1365
1370
1374
1376
1377
1379
1379
1379
1379
1385
1391
1395
1400
1401
1409
1411
1416
1416
1417
1419
1420
1420
1420
1422
1423
1423
1423
1425
1425
1436
1437
1438
1438
1439
1441
1442
1442
1445
1448
1448
1452
1458
1505
1515
1515
1517
1520
1555
1557
1569
1571
1571
1577
1580
1581
1584
1586
1590
1592
1599
1606
1608
1608
1610
1613
1618
1630
1653
1653
1674
1675
1676
1677
1684
1685
1685
1687
1687
1687
1692
1696
1698
1705
1715
1716
1717
1718
1719
1719
1720
1720
1721
1721
1722
1726
1727
1731
1735
1738
1740
1741
1741
1743
1745
1747
1748
1751
1752
1755
1755
1757
1765
1768
1771
1772
1773
1773
1776
1776
1778
1783
1789
1792
1793
1800
1804
1807
1824
1824
1826
1828
1833
1834
1835
1837
1838
1838
1838
1838
1839
1839
1840
1844
1844
1845
1847
1847
1849
1850
1852
1852
1852
1855
1855
1856
1856
1857
1857
1858
1858
1861
1862
1864
1864
1864
1865
1868
1868
1869
1873
1877
1877
1878
1880
1884
1885
1885
1886
1888
1888
1888
1890
1891
1891
1891
