0
2
3
3
3
6
7
7
8
8
8
8
8
8
8
9
9
9
9
9
10
10
10
11
11
11
11
11
12
12
12
12
12
12
12
12
12
12
12
13
13
13
13
13
14
14
14
14
14
14
15
15
15
15
16
16
16
16
16
17
17
17
18
18
18
18
18
18
20
20
20
20
21
21
22
23
23
23
23
24
24
24
24
24
24
24
24
24
24
25
25
25
25
25
25
25
25
25
26
26
26
26
26
26
26
26
27
27
27
27
28
28
28
28
28
28
28
28
29
29
29
29
29
29
29
29
30
30
30
30
31
32
32
32
32
33
33
33
33
33
34
34
34
34
34
34
34
34
35
35
35
35
35
36
36
36
37
37
37
37
37
37
37
37
38
38
38
38
38
38
38
39
39
39
39
39
39
40
40
41
41
41
42
42
42
43
43
43
43
43
44
44
44
45
45
45
45
46
46
46
47
47
47
47
47
47
47
47
47
48
49
49
50
50
52
52
53
53
54
54
54
54
54
54
54
54
55
55
55
55
55
56
56
56
56
56
56
57
57
57
57
57
57
58
58
60
60
60
60
60
61
61
61
62
63
63
63
64
64
64
65
66
66
66
66
67
67
68
68
69
69
69
69
69
71
71
72
72
72
72
72
72
73
73
73
73
73
73
74
74
74
74
75
75
75
75
75
76
76
76
76
76
77
77
77
77
77
78
78
78
78
78
78
79
80
80
81
81
81
81
81
82
83
83
83
83
83
83
83
84
85
85
85
85
86
88
88
88
88
89
90
90
91
91
92
93
93
93
94
95
95
96
96
97
97
97
98
98
98
98
98
99
100
100
101
101
101
101
102
102
102
102
103
103
103
104
105
105
105
107
108
108
108
108
109
109
110
110
110
110
111
111
111
111
111
112
112
112
112
113
113
113
113
113
113
113
113
113
114
114
114
115
115
116
116
116
117
118
119
119
119
119
121
123
123
124
124
125
126
126
126
127
128
128
129
129
129
131
131
131
132
133
134
134
135
135
135
136
136
137
138
139
139
139
140
141
141
141
141
142
142
145
145
146
146
146
146
147
148
148
149
149
150
150
150
151
153
153
153
154
155
155
155
155
156
156
156
156
156
156
157
158
159
159
159
161
161
161
161
161
162
162
163
164
165
166
166
166
166
167
167
167
167
168
168
169
171
171
172
172
172
172
173
173
174
174
175
175
175
175
175
176
176
178
178
178
179
179
180
180
181
182
182
183
183
184
184
185
185
185
186
186
186
186
186
186
186
187
188
188
188
188
188
189
190
190
191
191
191
192
192
193
194
194
194
194
194
196
196
198
199
200
200
200
200
200
200
202
202
202
203
203
203
204
204
204
204
205
205
207
208
208
209
209
209
209
209
209
210
210
210
211
211
211
212
212
212
212
213
213
213
214
214
214
214
214
215
215
215
216
216
217
217
217
218
219
219
219
219
219
219
220
220
220
220
220
220
221
221
221
221
222
222
222
223
223
224
225
225
226
226
226
227
227
227
227
227
228
228
228
229
229
229
229
229
229
229
229
229
229
230
231
231
231
231
231
231
231
231
231
231
232
234
234
234
234
235
235
235
236
236
236
236
236
237
238
238
238
238
239
239
239
240
241
241
241
241
241
241
242
242
242
242
242
243
243
244
245
245
245
245
246
246
246
246
247
247
247
248
248
248
249
249
249
250
250
251
255
257
257
258
258
258
260
261
262
262
263
264
264
264
265
266
266
267
267
267
268
268
270
271
272
272
273
274
274
275
276
277
277
279
279
280
280
281
282
282
282
282
283
283
285
285
285
287
288
289
290
290
291
291
292
296
296
297
297
297
297
299
299
305
305
306
309
309
310
310
311
311
311
311
311
312
312
312
313
313
314
314
315
315
315
315
316
316
317
317
318
319
320
320
320
320
320
321
321
323
323
326
326
328
328
330
330
332
335
336
338
339
339
339
339
340
340
340
341
341
341
342
342
343
343
343
344
344
344
344
344
344
344
345
348
349
352
352
353
353
353
354
354
356
356
357
357
358
358
359
361
361
362
362
364
366
366
366
366
367
371
371
372
372
373
373
375
375
376
377
377
381
381
381
382
382
384
385
386
386
387
388
388
389
389
390
391
391
391
392
393
394
394
395
396
397
397
397
399
400
401
402
403
403
403
404
405
411
412
412
412
413
415
415
415
418
419
420
420
421
421
423
428
429
429
429
429
432
432
433
433
434
435
435
436
437
437
438
439
446
447
451
466
472
487
488
488
494
505
505
506
506
506
512
512
520
522
522
531
533
535
538
539
541
541
542
543
544
544
546
547
549
551
551
554
554
555
555
556
557
560
561
570
571
574
578
579
580
581
587
588
591
592
593
595
597
600
602
605
607
611
613
621
624
626
626
627
629
634
635
640
642
642
643
650
652
653
656
673
676
677
677
679
683
688
691
694
699
706
709
711
713
717
732
735
747
751
754
762
764
764
764
775
783
787
788
788
789
789
789
790
790
790
792
795
796
797
797
799
801
802
808
808
808
809
814
817
818
818
819
819
820
820
821
821
822
824
824
824
825
830
831
831
832
836
836
837
838
839
841
844
845
845
845
847
848
852
855
856
857
863
867
867
868
870
871
874
878
878
880
890
893
894
895
896
898
898
898
899
900
900
901
901
902
905
905
912
915
915
920
920
926
928
930
931
931
932
932
935
936
937
937
939
939
940
941
942
942
943
948
948
949
949
950
950
952
953
954
954
954
955
962
962
963
966
967
970
972
974
978
987
993
995
995
995
999
1030
1036
1039
1068
1081
1095
1097
1097
1097
1098
1099
1099
1099
1099
1099
1100
1100
1101
1101
1101
1102
1105
1107
1107
1108
1109
1110
1115
1117
1118
1118
1120
1123
1130
1131
1131
1132
1133
1140
1143
1150
1155
1156
1159
1160
1163
1165
1166
1167
1167
1168
1168
1169
1172
1173
1174
1181
1192
1192
1206
1210
1210
1214
1228
1230
1230
1231
1233
1233
1233
1233
1233
1233
1233
1234
1234
1234
1234
1234
1235
1235
1235
1241
1245
1246
1246
1254
1255
1255
1255
1255
1256
1257
1257
1258
1258
1259
1262
1263
1264
1265
1265
1265
1265
1265
1266
1266
1268
1276
1279
1281
1286
1287
1289
1312
1313
1314
1370
1392
1392
1392
1421
1422
1424
1424
1425
1427
1431
1433
1434
1436
1438
1440
1440
1440
1440
1440
1440
1441
1441
1441
1443
1445
1445
1445
1446
1447
1447
1448
1448
1449
1449
1449
1449
1450
1450
1450
1451
1451
1452
1452
1452
1452
1453
1454
1454
1455
1455
1456
1456
1457
1458
1460
1460
1460
1461
1462
1463
1463
1463
1464
1465
1465
1465
1466
1467
1468
1468
1469
1470
1470
1471
1472
1472
1475
1476
1477
1479
1479
1480
1484
1485
1485
1487
1487
1488
1488
1489
1489
1489
1489
1490
1491
1491
1492
1493
1493
1493
1493
1495
1495
1497
1498
1499
1499
1500
1500
1500
1501
1504
1504
1504
1505
1505
1510
1510
1511
1512
1513
1515
1524
1526
1527
1555
1556
1558
1563
1567
1569
1571
1572
1578
1578
1579
1580
1580
1580
1581
1582
1583
1583
1587
1587
1587
1587
1587
1588
1588
1589
1590
1590
1590
1592
1592
1592
1593
1593
1593
1593
1594
1594
1594
1595
1596
1596
1596
1597
1597
1598
1600
1600
1601
1602
1602
1602
1602
1604
1604
1605
1605
1605
1605
1606
1608
1608
1609
1609
1609
1609
1609
1609
1610
1610
1611
1611
1612
1612
1614
1614
1614
1615
1616
1616
1617
1617
1617
1621
1621
1621
1621
1622
1622
1623
1624
1624
1625
1627
1627
1628
1629
1630
1631
1631
1631
1633
1634
1635
1635
1635
1636
1636
1637
1638
1639
1640
1641
1641
1641
1647
1647
1647
1647
1648
1649
1651
1651
1653
1653
1653
1654
1654
1654
1654
1655
1655
1656
1656
1658
1661
1662
1663
1664
1664
1664
1664
1666
1669
1669
1669
1670
1671
1672
1672
1672
1672
1673
1673
1673
1673
1673
1673
1674
1674
1675
1675
1675
1675
1676
1678
1679
1679
1680
1680
1680
1680
1681
1682
1682
1683
1684
1684
1684
1684
1687
1688
1688
1689
1690
1690
1690
1691
1691
1692
1693
1694
1696
1698
1698
1698
1699
1699
1700
1700
1701
1702
1702
1702
1703
1705
1705
1705
1706
1707
1707
1708
1709
1709
1709
1710
1711
1711
1711
1711
1711
1712
1712
1712
1712
1713
1714
1714
1715
1715
1715
1715
1716
1716
1716
1716
1716
1717
1717
1718
1719
1719
1721
1724
1728
1729
1729
1730
1730
1732
1734
1734
1736
1737
1737
1739
1740
1740
1740
1741
1741
1741
1741
1741
1742
1742
1743
1743
1744
1755
1765
1766
1767
1769
1782
1782
1782
1783
1791
1796
1796
1797
1797
1798
1798
1799
1805
1805
1806
1807
1813
1814
1818
1818
1826
1829
1830
1831
1831
1831
1831
1836
1836
1837
1851
1852
1853
1858
1872
1873
1879
1881
1885
1887
1890
1890
1891
1891
1893
1894
1898
1900
1901
1906
1908
1909
1913
1918
1918
1919
1923
1924
1924
1926
1926
1926
1928
1929
1929
1935
1941
1942
1942
1943
1952
1953
1954
1959
1960
1960
1962
1970
1977
1981
1988
1991
1992
1993
2000
2001
2001
2020
2025
2036
2036
2043
2043
2059
2064
2068
2068
2071
2073
2081
2081
2082
2106
2106
2106
2107
2118
2118
2119
2130
2131
2138
2139
2141
2142
2143
2144
2147
2148
2151
2151
2152
2153
2158
2163
2165
2170
2171
2171
2171
2172
2172
2180
2200
2239
2240
2245
2245
2247
2258
2265
2266
2267
2267
2268
2269
2278
2282
2348
2350
2352
2353
2356
2357
2357
2357
2359
2362
2371
2372
2373
2373
2379
2381
2381
2382
2385
2388
2394
2398
2414
2432
2435
2436
2470
2470
2497
2499
2499
2500
2512
2519
2523
2529
2529
2530
2536
2536
2537
2538
2546
2550
2565
2566
2566
2570
2589
2589
2590
2590
2591
2591
2607
2607
2609
2609
2617
2619
2619
2622
2624
2626
2628
2630
2635
2636
2636
2637
2643
2646
2647
2648
2652
2666
2667
2669
2669
2670
2670
2674
2674
2675
2684
2690
2695
2698
2753
2754
2799
2855
2855
2859
2862
2863
2863
2864
2864
2865
2866
2867
2868
2871
2871
2872
2873
2875
2876
2879
2881
2883
2884
2884
2887
2887
2889
2894
2899
2902
2902
2902
2904
2904
2906
2907
2907
2907
2907
2907
2907
2908
2908
2908
2912
2915
2915
2915
2931
2947
2947
2952
2952
2955
2956
2956
2956
2957
2963
2965
2965
2967
2970
2977
2979
2979
2991
2996
2998
2999
3004
3005
3006
3008
3009
3009
3010
3010
3010
3012
3024
3050
3055
3055
3056
3057
3062
3067
3073
3080
3081
3082
3095
3098
3101
3104
3107
3109
3109
3110
3110
3123
3124
3126
3126
3127
3127
3127
3127
3128
3131
3134
3134
3134
3136
3136
3138
3138
3139
3141
3142
3151
3153
3156
3157
3157
3157
3157
3157
3158
3158
3158
3158
3159
3159
3159
3160
3161
3162
3163
3164
3166
3169
3171
3171
3172
3172
3173
3174
3175
3176
3179
3179
3179
3179
3180
3181
3182
3183
3185
3187
3187
3188
3188
3192
3192
3194
3195
3195
3195
3197
3201
3202
3206
3206
3206
3206
3207
3207
3209
3211
3212
3213
3214
3214
3214
3215
3215
3216
3219
3221
3222
3223
3223
3225
3225
3226
3226
3226
3227
3227
3227
3228
3229
3229
3229
3229
3231
3231
3233
3234
3238
3238
3238
3241
3242
3245
3246
3246
3251
3254
3254
3256
3256
3257
3259
3259
3263
3266
3267
3269
3271
3272
3273
3273
3275
3276
3277
3278
3278
3280
3281
3282
3282
3282
3284
3285
3289
3290
3293
3293
3294
3299
3299
3299
3299
3303
3305
3306
3316
3318
3319
3323
3324
3331
3332
3333
3336
3336
3339
3347
3352
3360
3363
3366
3367
3371
3373
3378
3380
3381
3383
3384
3385
3388
3391
3392
3394
3394
3394
3396
3397
3400
3404
3405
3407
3407
3408
3416
3418
3419
3421
3423
3425
3429
3432
3434
3437
3437
3442
3451
3458
3465
3466
3474
3474
3478
3486
3487
3495
3501
3503
3510
3573
3584
3599
3600
3600
3600
3600
3602
3604
3605
3610
3610
3614
3614
3615
3643
3673
3687
3708
3713
3727
3743
3841
3857
3867
3876
3879
3890
3895
3900
3901
3903
3906
3908
3940
3981
3983
3996
3997
4003
4003
4003
4026
4026
4030
4032
4032
4035
4050
4086
4094
4121
4140
4150
4161
4214
4248
