0
2
2
3
6
7
7
8
8
9
9
10
10
10
10
10
11
12
12
12
12
12
12
12
13
13
13
13
13
13
13
13
13
14
14
14
14
14
14
15
15
15
15
15
16
16
16
16
17
18
18
18
19
19
19
20
20
20
20
21
21
21
21
21
21
22
22
23
23
23
23
23
23
23
24
24
24
24
24
24
24
25
25
25
25
25
25
26
26
27
27
29
29
30
30
30
30
30
30
30
30
30
31
31
31
32
32
32
33
33
33
33
34
34
35
35
35
36
36
36
36
36
37
37
37
38
38
38
39
39
39
39
39
39
39
39
39
39
39
41
42
42
43
43
43
43
44
45
45
46
46
47
48
48
48
48
49
49
49
50
51
52
52
52
52
53
53
53
53
54
54
54
55
55
55
55
55
56
56
56
57
57
57
58
58
59
59
59
59
60
61
61
62
62
62
62
62
63
63
63
63
64
64
64
65
66
66
66
66
66
66
67
67
67
67
68
68
69
69
69
70
70
70
70
71
71
71
71
71
71
72
72
72
72
72
73
73
73
73
73
73
73
73
73
74
74
74
74
74
74
74
74
75
75
75
75
75
75
75
76
76
76
76
76
77
77
77
77
79
79
79
79
79
79
80
80
80
80
80
80
81
81
81
81
82
82
82
82
82
82
83
83
84
84
84
85
85
85
86
86
86
86
87
87
87
88
88
88
89
89
89
90
90
90
90
91
91
91
92
92
92
93
93
94
94
94
95
95
96
97
98
98
99
99
100
100
100
100
101
101
102
102
103
103
103
104
104
104
104
105
106
106
106
107
107
107
107
107
107
107
108
108
109
109
109
109
109
109
110
110
110
110
110
110
111
111
111
111
111
111
111
112
112
112
112
112
113
113
114
114
114
114
114
114
115
115
115
115
115
116
116
116
119
119
119
119
119
120
120
120
121
122
122
123
124
125
125
127
127
127
128
129
130
130
130
131
132
133
133
134
134
134
134
134
135
135
135
135
136
136
136
136
136
136
137
137
137
137
137
137
138
138
138
139
139
139
139
140
140
140
140
140
141
141
141
141
141
141
141
141
141
141
141
142
142
142
142
143
143
144
145
145
145
145
145
145
146
146
146
146
146
146
146
146
147
147
147
147
147
148
148
148
148
149
149
149
150
150
150
151
151
152
152
152
152
152
152
152
152
152
153
153
153
153
154
154
154
154
155
155
156
157
157
157
157
157
158
158
158
159
159
159
159
160
160
160
160
160
161
161
161
161
161
161
161
161
161
162
162
162
162
162
162
163
164
164
164
164
164
164
165
165
165
165
165
165
166
166
166
166
166
166
167
167
167
167
168
168
168
168
168
168
170
171
171
171
171
172
172
172
173
173
174
174
174
174
174
174
175
175
175
175
176
176
176
177
177
178
178
178
178
179
179
179
180
180
180
180
181
181
181
181
182
182
182
182
182
184
184
185
185
185
185
186
186
186
186
186
187
187
187
188
188
188
188
188
188
189
189
189
189
190
190
190
190
190
190
191
191
191
191
191
192
192
192
192
194
194
195
195
196
197
198
198
198
199
199
200
200
200
200
201
203
203
203
204
204
204
204
204
205
205
206
207
208
208
208
211
212
212
212
212
213
213
214
215
216
218
219
219
219
221
221
222
224
225
226
229
229
229
229
230
232
234
235
236
240
241
242
242
242
243
243
243
243
243
243
248
248
250
250
251
258
259
260
264
269
285
292
295
296
296
296
296
299
301
304
305
306
306
308
309
310
310
311
311
312
313
313
315
316
317
320
321
321
324
328
329
330
332
334
334
335
335
336
338
338
338
339
339
340
340
340
342
342
343
343
346
349
350
351
352
354
355
356
357
361
362
362
364
365
365
366
367
368
369
371
371
372
373
374
379
379
379
381
381
382
382
383
384
385
388
389
390
391
392
397
401
401
402
403
405
406
407
411
413
414
415
416
416
419
423
423
425
427
428
430
432
433
434
435
435
435
437
438
438
439
444
445
446
446
446
447
448
450
450
454
455
458
461
462
462
462
464
467
468
470
471
472
473
478
478
479
479
481
483
488
488
489
489
490
491
493
493
494
494
495
495
499
502
504
504
505
508
508
509
510
510
512
513
514
514
515
516
516
518
519
519
519
521
521
523
524
524
524
526
527
527
527
531
531
533
533
535
535
535
535
536
537
540
540
541
542
543
543
543
544
544
545
546
547
547
547
548
548
548
549
549
552
553
553
554
561
561
561
562
562
563
563
564
565
567
571
573
574
574
575
577
577
578
579
582
589
590
590
592
594
594
595
596
598
599
600
601
601
601
603
605
605
606
606
606
606
607
607
607
607
608
608
609
610
611
612
615
617
618
619
620
622
623
623
624
624
625
625
627
627
630
630
630
634
639
640
640
642
642
644
645
645
645
645
645
646
646
647
647
648
648
648
649
649
654
654
655
657
658
658
659
661
662
662
662
663
663
664
665
665
665
666
667
670
670
670
671
672
672
673
674
676
677
677
677
677
678
678
679
683
684
684
688
689
690
691
692
692
693
694
694
694
694
696
696
696
697
698
699
701
701
703
703
705
706
708
708
712
713
715
715
716
716
716
717
717
717
717
718
718
720
720
722
722
722
724
724
724
725
725
725
726
727
729
730
730
731
732
733
733
734
737
737
738
738
738
739
739
739
739
740
740
741
741
741
744
745
745
745
746
746
748
750
751
751
752
752
753
757
757
758
758
762
762
762
764
766
766
767
768
769
769
769
771
775
775
776
777
783
784
784
784
784
784
785
785
788
792
792
797
797
798
801
801
801
802
804
806
814
815
816
817
819
824
831
832
833
833
834
834
836
840
841
845
850
851
853
854
856
857
857
859
862
864
864
864
864
866
866
868
870
871
872
872
873
873
874
878
884
885
885
885
886
886
887
887
887
894
895
899
902
905
906
907
908
910
918
923
924
925
926
927
927
927
930
930
930
930
931
931
931
931
931
932
932
932
933
935
937
938
939
939
939
940
941
942
943
947
950
954
955
956
957
958
959
959
960
962
962
963
965
967
967
968
969
969
973
975
980
980
984
985
986
986
987
988
993
993
995
1000
1000
1003
1004
1007
1007
1008
1010
1013
1016
1017
1017
1019
1019
1020
1020
1021
1024
1027
1028
1028
1029
1029
1030
1032
1034
1035
1037
1037
1037
1038
1039
1040
1040
1042
1043
1043
1046
1046
1052
1053
1055
1057
1060
1061
1064
1064
1064
1066
1067
1068
1068
1070
1072
1074
1074
1074
1075
1076
1077
1080
1084
1085
1088
1090
1091
1091
1092
1092
1094
1094
1094
1095
1096
1097
1099
1102
1104
1104
1105
1105
1107
1107
1107
1108
1108
1109
1110
1119
1119
1120
1120
1121
1121
1122
1123
1124
1124
1125
1129
1131
1133
1135
1138
1138
1139
1139
1139
1139
1140
1140
1140
1141
1141
1142
1143
1144
1144
1144
1146
1147
1147
1147
1148
1149
1149
1149
1149
1150
1151
1151
1152
1152
1152
1153
1154
1156
1156
1156
1157
1157
1157
1158
1159
1159
1159
1160
1161
1163
1163
1163
1163
1163
1163
1164
1165
1165
1168
1179
1180
1180
1180
1181
1181
1181
1181
1182
1182
1182
1183
1183
1186
1188
1189
1190
1191
1194
1194
1195
1195
1195
1196
1196
1196
1196
1196
1197
1197
1197
1197
1198
1200
1202
1202
1203
1203
1203
1203
1204
1205
1207
1209
1211
1213
1213
1213
1217
1220
1221
1221
1223
1225
1226
1227
1229
1229
1231
1231
1231
1231
1232
1232
1232
1232
1241
1241
1243
1248
1248
1253
1258
1258
1259
1259
1260
1261
1261
1262
1263
1265
1265
1266
1266
1266
1268
1269
1269
1270
1270
1271
1271
1272
1272
1274
1277
1277
1278
1279
1279
1279
1279
1280
1280
1280
1280
1280
1281
1281
1281
1282
1284
1288
1289
1289
1290
1290
1294
1296
1296
1298
1299
1300
1302
1304
1304
1305
1306
1306
1307
1307
1309
1309
1311
1313
1315
1317
1317
1318
1320
1320
1321
1324
1327
1327
1328
1330
1330
1333
1334
1334
1334
1335
1338
1340
1342
1343
1343
1344
1345
1345
1347
1349
1349
1354
1354
1354
1354
1354
1354
1354
1355
1355
1356
1356
1356
1356
1357
1357
1357
1358
1358
1360
1361
1362
1363
1365
1365
1365
1365
1366
1367
1372
1373
1373
1375
1375
1376
1376
1376
1376
1376
1376
1377
1381
1382
1382
1382
1384
1385
1387
1387
1389
1389
1389
1389
1389
1389
1389
1390
1390
1390
1390
1391
1391
1391
1391
1393
1393
1394
1395
1396
1396
1399
1403
1404
1405
1405
1406
1406
1406
1407
1411
1411
1412
1413
1413
1415
1416
1417
1418
1419
1422
1422
1423
1424
1426
1429
1429
1429
1430
1430
1431
1432
1432
1435
1436
1436
1436
1436
1437
1437
1438
1440
1440
1440
1440
1441
1441
1441
1442
1442
1443
1445
1471
1471
1475
1479
1492
1494
1494
1495
1496
1496
1496
1497
1499
1501
1505
1507
1508
1508
1509
1510
1512
1512
1513
1514
1515
1516
1517
1518
1519
1520
1522
1522
1524
1525
1534
1534
1539
1541
1547
1550
1551
1555
1556
1556
1557
1558
1559
1562
1563
1564
1564
1564
1565
1565
1567
1567
1572
1575
1577
1577
1578
1581
1585
1587
1588
1589
1589
1590
1590
1592
1593
1593
1595
1596
1596
1597
1598
1600
1600
1600
1602
1602
1602
1605
1605
1606
1606
1607
1608
1608
1609
1615
1616
1617
1626
1629
1629
1639
1640
1641
1646
1648
1650
1650
1651
1654
1659
1666
1667
1669
1670
1670
1672
1673
1682
1687
1689
1693
1695
1696
1697
1701
1702
1703
1704
1707
1713
1717
1717
1720
1720
1721
1725
1730
1735
1735
1735
1744
1746
1754
1754
1755
1760
1765
1768
1770
1772
1773
1776
1777
1778
1779
1780
1780
1780
1781
1783
1784
1784
1785
1785
1790
1791
1791
1792
1793
1796
1799
1800
1801
1802
1805
1808
1810
1810
1812
1812
1813
1816
1818
1829
1830
1831
1831
1831
1833
1835
1836
1838
1838
1839
1840
1842
1848
1848
1850
1854
1859
1861
1861
1863
1863
1865
1868
1868
1869
1870
1870
1873
1873
1873
1874
1875
1881
1881
1883
1884
1884
1886
1890
1896
1902
1906
1906
1917
1917
1917
1918
1920
1920
1921
1921
1922
1922
1923
1928
1928
1930
1930
1933
1933
1934
1934
1935
1936
1938
1945
1946
1946
1946
1946
1947
1948
1948
1948
1949
1949
1950
1950
1951
1952
1958
1961
1962
1964
1965
1965
1967
1968
1970
1970
1971
1973
1975
1975
1976
1976
1978
1979
1982
1984
1993
1993
1993
1995
2000
2003
2003
2003
2004
2006
2007
2007
2009
2010
2010
2012
2012
2013
2014
2015
2017
2019
2019
2020
2021
2022
2023
2025
2027
2027
2028
2028
2029
2029
2029
2030
2030
2032
2033
2034
2034
2036
2037
2038
2038
2039
2039
2039
2039
2040
2041
2042
2043
2044
2044
2044
2044
2045
2045
2046
2046
2047
2047
2048
2049
2049
2049
2050
2052
2053
2055
2055
2056
2056
2057
2059
2060
2060
2061
2061
2062
2064
2064
2064
2065
2065
2065
2066
2066
2066
2068
2068
2068
2069
2070
2070
2070
2070
2070
2071
2072
2072
2073
2074
2074
2074
2075
2075
2077
2077
2078
2079
2080
2081
2082
2082
2083
2084
2084
2084
2085
2085
2085
2086
2087
2087
2089
2090
2090
2090
2091
2094
2095
2095
2095
2096
2096
2096
2099
2099
2099
2100
2100
2101
2101
2102
2102
2102
2102
2102
2102
2104
2105
2106
2106
2106
2106
2106
2107
2107
2108
2109
2109
2110
2110
2111
2111
2112
2113
2114
2115
2116
2117
2118
2118
2118
2119
2119
2120
2122
2122
2123
2123
2123
2123
2124
2125
2125
2126
2126
2128
2129
2129
2129
2130
2130
2130
2131
2132
2133
2135
2139
2140
2142
2142
2142
2144
2145
2146
2147
2147
2147
2147
2147
2150
2151
2151
2151
2157
2158
2159
2160
2161
2161
2161
2164
2164
2164
2165
2166
2168
2169
2171
2171
2172
2173
2174
2174
2178
2178
2178
2186
2187
2188
2190
2191
2193
2194
2194
2195
2197
2202
2206
2230
2230
2231
2231
2232
2238
2239
2240
2248
2252
2254
2255
2259
2259
2260
2262
2265
2268
2268
2270
2277
2279
2280
2288
2296
