0
2
6
7
7
7
8
9
10
11
11
12
12
12
12
12
12
12
13
13
13
13
14
14
14
14
15
15
15
15
15
15
15
15
15
16
16
16
16
16
17
18
18
18
18
19
19
21
21
21
21
23
23
23
25
25
25
26
26
26
26
26
27
27
27
27
28
28
28
28
28
28
29
29
29
30
30
30
31
32
32
32
34
34
34
35
35
35
35
35
36
36
36
37
37
37
37
37
38
38
38
38
38
38
39
39
39
40
40
40
40
41
41
41
41
42
42
42
43
43
44
45
45
46
46
47
47
49
50
50
50
50
51
52
52
53
53
54
54
54
55
55
55
55
56
56
57
57
58
59
60
60
61
61
61
61
63
63
63
64
64
64
64
64
65
65
66
67
67
67
67
67
67
67
67
68
68
69
70
70
71
72
73
73
74
74
74
74
74
74
76
76
76
76
76
76
76
76
76
76
77
77
77
78
78
79
80
80
81
81
82
82
82
82
82
83
83
83
83
84
84
84
84
84
84
85
85
86
86
86
86
86
89
89
89
90
90
90
90
91
92
93
93
93
93
94
94
94
95
95
95
95
95
96
96
96
96
96
98
99
99
99
99
99
99
100
100
100
101
101
101
101
101
102
104
104
105
105
106
106
107
107
107
108
108
108
109
110
111
112
114
115
115
116
117
117
118
118
119
119
119
120
121
121
122
123
123
125
125
128
128
129
129
129
130
131
131
132
132
134
134
137
137
137
138
139
140
140
141
142
143
143
144
145
145
146
146
146
146
147
147
147
147
148
148
149
150
150
150
150
151
151
152
153
153
155
156
156
157
158
158
159
160
160
161
161
161
162
162
163
163
163
164
164
164
166
168
168
169
169
171
171
171
172
172
173
173
173
174
174
174
175
176
176
176
176
177
177
177
178
178
178
179
180
180
181
181
182
182
184
184
184
186
186
188
188
189
190
190
191
191
193
194
194
197
198
198
198
200
200
200
201
201
201
201
202
202
203
203
205
206
206
206
206
207
208
208
209
210
211
213
213
215
219
219
220
222
223
223
223
225
228
228
229
229
229
230
231
238
239
239
240
241
244
244
245
248
252
253
253
254
255
257
257
257
258
258
258
258
259
259
259
260
264
264
265
266
267
268
269
270
271
271
272
274
275
276
276
277
277
278
278
278
278
278
279
280
280
281
282
282
283
284
285
286
288
289
289
290
293
293
294
295
297
298
299
303
304
304
305
306
309
311
311
311
311
312
312
315
315
320
322
323
324
324
325
326
326
329
330
331
332
341
342
343
343
344
346
346
346
351
353
356
357
357
358
358
358
359
361
365
365
366
368
369
369
369
370
370
370
381
382
382
382
384
389
392
393
398
399
400
402
404
405
407
408
410
410
411
413
413
414
414
417
417
417
418
419
419
419
420
420
422
423
425
426
426
428
430
430
432
432
432
434
434
434
434
437
438
438
440
440
440
442
442
442
443
443
446
446
449
450
450
450
451
451
454
454
454
455
455
456
456
457
457
457
458
459
462
462
462
463
463
463
463
464
464
464
464
465
465
465
465
466
466
466
467
467
469
471
471
472
472
473
474
474
475
475
476
479
481
483
483
483
483
483
484
484
486
486
486
488
489
490
491
493
494
494
494
495
495
495
495
496
496
496
496
496
496
497
497
498
498
500
501
501
501
501
502
504
504
505
506
506
506
507
507
508
508
508
508
509
510
510
511
512
513
515
515
516
517
522
524
524
525
525
526
529
532
533
533
534
534
535
535
536
537
539
539
539
540
541
545
545
555
557
557
561
561
561
562
565
568
569
569
569
569
569
571
572
572
573
578
579
580
581
581
583
585
586
586
590
591
592
593
599
601
601
602
604
604
605
605
606
606
606
606
607
608
608
609
609
612
612
615
615
616
617
617
618
618
619
620
620
621
621
621
622
622
622
624
624
625
627
629
633
633
634
634
635
637
645
645
647
651
653
653
654
655
655
655
656
656
656
657
657
657
658
658
658
658
659
659
659
659
659
659
660
660
661
662
664
664
664
665
665
665
667
669
670
671
673
674
675
677
679
679
680
680
681
686
690
691
691
691
691
691
691
691
692
692
694
694
695
696
696
696
697
698
698
698
699
699
699
700
702
702
703
703
704
704
704
705
706
706
708
708
708
708
709
712
712
712
715
715
715
716
717
718
718
719
719
719
719
720
720
720
721
721
722
723
723
724
726
727
727
727
728
730
730
730
731
732
732
733
734
734
735
735
736
736
736
736
737
737
741
742
743
746
747
748
749
750
752
753
753
754
754
755
756
756
757
757
758
758
759
759
760
760
761
762
762
763
763
770
772
773
773
773
774
776
777
777
777
777
778
778
778
778
779
779
779
780
780
780
780
780
781
781
781
781
784
784
784
785
785
786
786
788
788
790
791
791
793
794
794
794
795
796
796
798
800
802
802
802
803
804
804
804
805
805
806
806
808
808
808
810
810
810
813
814
816
816
817
817
817
817
818
819
819
820
821
821
821
822
822
822
823
824
824
825
825
826
827
827
828
829
830
830
833
834
834
835
836
836
837
839
841
842
843
843
846
846
849
850
852
853
855
855
857
858
858
860
860
864
867
869
871
872
872
873
873
879
879
880
885
886
886
904
905
911
911
912
913
916
917
924
925
926
927
928
928
933
937
938
944
945
945
945
945
948
949
953
953
955
956
956
958
959
961
961
962
966
967
967
975
975
976
977
978
979
979
980
983
984
987
987
991
997
997
997
999
1001
1001
1002
1003
1003
1003
1003
1003
1004
1004
1004
1006
1009
1013
1016
1017
1020
1021
1021
1022
1023
1026
1026
1026
1027
1028
1029
1032
1034
1035
1035
1036
1037
1038
1038
1038
1039
1039
1039
1039
1040
1041
1042
1042
1043
1044
1046
1047
1047
1047
1048
1049
1049
1049
1050
1052
1053
1053
1054
1054
1054
1054
1055
1057
1057
1058
1058
1059
1059
1061
1062
1062
1063
1063
1064
1064
1065
1067
1068
1070
1070
1070
1071
1075
1081
1081
1081
1081
1082
1082
1082
1082
1082
1082
1082
1083
1083
1084
1084
1086
1088
1091
1091
1091
1092
1092
1092
1093
1094
1094
1095
1095
1096
1097
1100
1102
1102
1104
1105
1107
1109
1110
1111
1113
1115
1118
1120
1121
1125
1134
1134
1135
1138
1139
1141
1142
1142
1143
1146
1148
1150
1154
1155
1159
1174
1175
1175
1175
1176
1177
1177
1178
1181
1183
1184
1184
1185
1185
1186
1187
1188
1189
1189
1190
1190
1192
1192
1193
1193
1194
1194
1195
1197
1197
1198
1199
1201
1201
1202
1205
1206
1210
1213
1213
1215
1215
1217
1219
1220
1221
1224
1226
1227
1227
1227
1229
1230
1232
1232
1232
1232
1232
1233
1233
1233
1233
1234
1235
1238
1240
1245
1247
1247
1247
1248
1248
1248
1248
1248
1248
1248
1249
1250
1255
1255
1255
1256
1257
1257
1259
1261
1265
1265
1270
1273
1275
1278
1284
1285
1288
1292
1295
1296
1296
1297
1298
1299
1300
1302
1302
1310
1311
1311
1316
1323
1325
1334
1334
1335
1335
1340
1342
1342
1344
1345
1346
1347
1348
1348
1350
1350
1350
1351
1351
1352
1355
1356
1356
1359
1359
1359
1360
1360
1360
1362
1362
1363
1364
1364
1365
1365
1366
1366
1366
1366
1368
1368
1369
1372
1374
1375
1375
1375
1377
1380
1381
1382
1384
1384
1384
1385
1385
1386
1386
1388
1389
1389
1389
1390
1390
1390
1390
1390
1391
1391
1391
1391
1392
1392
1392
1393
1393
1393
1393
1393
1394
1395
1395
1395
1396
1396
1397
1397
1397
1397
1397
1397
1398
1398
1398
1398
1398
1398
1399
1399
1399
1399
1399
1400
1400
1400
1400
1401
1401
1402
1402
1403
1403
1403
1403
1404
1404
1404
1405
1406
1406
1406
1406
1406
1407
1408
1408
1409
1409
1409
1410
1410
1410
1411
1412
1412
1412
1413
1414
1415
1416
1417
1420
1421
1421
1423
1423
1424
1425
1425
1427
1427
1427
1430
1431
1431
1432
1436
1447
1450
1453
1453
1454
1460
1468
1470
1474
1474
1475
1476
1480
1481
1487
1489
1493
1493
1499
1506
1506
1518
1519
1520
1524
1524
1526
1527
1528
1530
1531
1531
1533
1538
1538
1542
1543
1548
1549
1551
1551
1552
1553
1557
1557
1558
1558
1559
1560
1561
1561
1561
1562
1562
1564
1564
1564
1564
1564
1565
1565
1565
1566
1566
1566
1568
1574
1574
1574
1576
1576
1578
1579
1580
1581
1581
1581
1582
1582
1583
1584
1585
1585
1589
1590
1597
1607
1608
1609
1611
1612
1612
1613
1616
1616
1619
1620
1623
1625
1629
1629
1630
1630
1630
1636
1648
1649
1650
1650
1650
1651
1654
1662
1663
1671
1674
1675
1676
1678
1681
1685
1688
1689
1689
1689
1690
1692
1693
1693
1694
1695
1696
1698
1698
1699
1700
1700
1704
1705
1708
1709
1710
1710
1711
1712
1716
1718
1725
1731
1732
1740
1740
1743
1757
1761
1761
1763
1770
1770
1774
1776
1777
1777
1780
1782
1785
1795
1796
1796
1797
1801
1802
1803
1805
1809
1811
1815
1821
1822
1822
1826
1826
1826
1826
1831
1831
1832
1834
1834
1834
1835
1835
1836
1840
1840
1840
1841
1841
1842
1844
1845
1845
1845
1845
1848
1849
1849
1851
1851
1851
1852
1854
1860
1861
1861
1861
1863
1865
1868
1871
1872
1873
1874
1875
1876
1878
1881
1882
1882
1883
1885
1887
1888
1888
1889
1889
1891
1892
1892
1894
1895
1896
1898
1899
1899
1899
1900
1901
1901
1902
1902
1903
1904
1905
1905
1906
1909
1911
1912
1913
1913
1914
1915
1915
1916
1918
1919
1919
1920
1924
1925
1926
1926
1926
1929
1932
1933
1933
1936
1937
1937
1938
1945
1946
1947
1948
1949
1951
1954
1957
1958
1958
1958
1959
1960
1960
1962
1966
1968
1969
1969
1971
1973
1975
1978
1989
1990
1990
1991
1996
2009
2009
2012
2015
2021
2022
2023
2026
2028
2030
2030
2032
2032
2034
2036
2037
2038
2039
2040
2040
2041
2046
2047
2048
2049
2050
2051
2051
2051
2052
2053
2054
2054
2055
2057
2058
2058
2061
2062
2062
2062
2064
2071
2071
2074
2075
2077
2078
2079
2083
2085
2086
2088
2089
2089
2092
2097
2103
2108
2118
2119
2120
2121
2124
2126
2126
2127
2128
2131
2133
2134
2136
2139
2142
2142
2142
2146
2147
2148
2148
2149
2150
2150
2153
2154
2155
2158
2158
2159
2161
2172
2174
2175
2175
2177
2177
2177
2179
2179
2179
2180
2182
2183
2183
2184
2187
2187
2187
2187
2188
2190
2191
2192
2192
2211
2212
2222
2223
2223
2224
2225
2231
2237
2240
2243
2245
2253
2256
2258
2260
2264
2264
2264
2265
2266
2268
2277
2282
2282
2283
2284
2284
2287
2288
2293
2294
2294
2296
2299
2299
2300
2301
2309
2310
2312
2320
2321
2324
2335
2336
2337
2340
2340
2342
2342
2349
2349
2350
2352
2356
2357
2359
2359
2361
2362
2366
2366
2366
2370
2371
2371
2371
2376
2391
2397
2403
2407
2407
2407
2411
2412
2417
2417
2440
2440
2447
2453
2454
2455
2455
2455
2458
2463
2463
2463
2463
2463
2496
2505
2510
2512
2515
2530
2531
2532
2538
2543
2551
2554
2578
2590
2594
2595
2611
2612
2613
2613
2615
2622
2623
2633
2634
2635
2636
2637
2649
2724
2724
2728
2733
2739
2741
2741
2742
2746
2747
2747
2765
2768
2808
2809
2815
2819
2822
2831
2831
2831
2832
2832
2832
2832
2832
2833
2833
2833
2834
2834
2835
2835
2846
2859
2859
2861
2861
2862
2862
2862
2863
2869
2875
2877
2888
2893
2896
2904
2904
2908
2909
2909
2914
2916
2917
2917
2927
2935
2941
2949
2972
2978
2984
3010
3016
3019
3037
3039
3045
3045
3045
3046
3047
3047
3048
3052
3053
3055
3056
3059
3065
3074
3075
3075
3094
3094
3101
3105
3126
3127
3129
3135
3135
3137
3151
3161
3162
3186
3190
3190
3217
3218
3219
3220
3232
3244
3245
3247
3327
3379
3381
3383
3383
3383
3384
3388
3392
3401
3403
3403
3404
3410
3415
3416
3417
3418
3419
3428
3430
3436
3437
3438
3439
3451
3455
3566
3569
3621
3640
3644
3668
3671
3684
3693
3708
3713
3734
3737
3739
3743
3744
3756
3756
3768
3789
3792
3798
3800
3810
3835
3848
3861
3878
3882
3899
3921
3960
3960
3961
3971
3974
3986
3991
3992
3998
3998
3999
3999
4001
4004
4008
4011
4018
4026
4030
4031
4032
