0
2
2
3
4
4
5
6
7
7
7
7
8
8
8
8
8
8
8
9
9
9
9
9
10
10
10
11
11
11
12
12
12
12
12
13
13
13
13
13
13
13
13
13
13
13
13
13
14
14
14
14
14
14
14
14
15
15
15
15
16
16
16
16
18
18
18
18
18
19
19
19
19
19
19
20
20
20
20
21
21
21
21
21
21
21
21
22
22
22
22
22
22
22
22
22
22
23
23
23
23
23
23
23
23
23
24
24
24
24
24
24
24
25
25
25
25
25
25
26
26
26
27
28
28
29
29
29
30
30
31
31
32
32
32
33
33
33
33
34
34
34
35
35
35
35
35
36
36
37
37
37
38
38
38
38
39
39
39
40
40
40
41
41
41
42
42
42
42
43
43
43
43
43
43
43
44
44
44
44
44
44
45
45
45
45
46
46
46
46
47
48
48
48
48
49
49
50
50
50
50
50
50
50
50
51
51
51
51
52
52
52
52
52
52
52
52
53
53
53
53
54
54
54
55
55
55
55
55
55
56
56
56
56
56
57
57
58
59
59
59
59
60
60
60
60
60
61
61
61
61
61
62
62
62
62
63
63
63
63
63
63
63
63
63
64
64
65
65
65
66
67
67
67
67
68
68
68
68
68
68
69
69
69
69
69
70
70
71
72
72
72
72
72
73
73
73
74
74
74
74
74
74
74
75
75
75
76
76
76
76
76
77
77
77
78
78
78
78
78
78
79
79
80
80
80
80
80
81
81
82
82
82
83
83
83
84
84
84
84
84
85
85
85
86
86
87
88
89
90
91
91
91
92
92
92
92
92
93
93
93
94
94
94
95
95
95
95
96
97
97
97
97
98
98
98
99
99
99
99
99
99
100
100
100
100
100
101
101
101
101
102
102
102
102
102
103
103
103
103
103
104
104
104
104
104
105
105
105
105
107
107
107
107
107
107
107
107
108
108
108
108
108
108
108
108
108
108
109
109
109
109
110
110
111
111
112
112
112
112
112
112
113
113
113
113
113
113
113
114
114
114
114
115
115
115
115
115
115
115
115
116
116
116
116
117
117
117
117
117
117
118
118
119
119
120
120
120
120
121
121
121
121
121
122
122
122
123
123
123
123
124
124
124
124
124
124
125
125
126
126
127
127
127
127
127
127
127
128
128
128
128
129
129
130
130
130
131
132
132
133
133
133
133
133
133
134
135
135
135
136
136
136
136
136
136
136
136
137
137
137
137
137
138
139
139
139
140
140
140
141
141
141
141
142
142
142
143
145
145
145
145
145
146
146
146
147
147
147
147
147
148
148
148
149
149
149
149
149
150
151
152
152
152
152
152
153
153
153
153
153
153
154
154
154
154
154
154
154
154
155
155
156
156
156
156
156
156
157
157
157
157
157
158
158
158
158
158
158
158
158
158
159
159
159
159
159
159
159
160
160
160
161
161
161
162
162
162
162
162
163
163
163
164
164
164
164
164
164
164
164
165
165
165
165
165
166
166
167
167
167
168
168
168
168
168
169
169
169
169
170
170
170
171
171
171
172
172
173
173
173
173
174
174
174
174
174
174
175
175
175
176
176
176
176
176
177
177
177
177
177
177
177
177
177
178
178
178
178
178
178
178
178
179
179
179
179
179
180
180
180
180
180
180
180
181
181
181
182
182
182
182
183
183
184
184
185
185
185
185
185
185
186
186
186
186
187
188
188
188
188
189
189
189
190
190
191
191
191
191
192
192
192
193
193
193
193
193
193
194
194
195
195
195
196
196
196
196
197
198
198
198
198
199
199
199
199
200
200
200
201
202
202
202
203
203
204
205
206
208
209
209
210
210
211
211
211
212
212
212
212
213
213
213
213
214
214
214
214
214
214
214
214
214
215
215
215
216
216
217
218
219
219
220
220
220
221
221
222
222
224
224
224
225
225
225
225
226
226
226
227
227
229
229
229
229
231
231
231
231
231
232
232
232
232
232
232
232
233
233
234
234
234
234
234
234
235
235
235
235
235
236
236
236
236
236
236
237
237
237
238
240
240
240
242
242
242
244
245
245
247
249
249
252
253
254
256
258
259
259
262
263
264
264
265
265
265
266
266
267
267
267
267
267
269
269
269
270
271
271
273
273
274
274
274
275
275
275
275
276
277
278
278
279
279
280
280
282
285
285
286
286
287
287
287
288
288
288
289
289
291
291
291
291
293
293
294
294
294
295
295
296
297
298
299
299
299
300
300
301
301
302
303
303
304
304
304
304
304
305
305
305
306
306
307
308
308
309
309
309
310
310
311
312
314
314
315
316
316
317
317
317
318
319
319
319
320
321
321
321
321
322
322
323
324
324
325
326
326
328
330
331
331
331
332
332
333
333
333
334
334
335
335
335
335
336
336
336
336
337
337
337
338
338
338
340
340
340
340
340
340
340
340
340
341
341
341
344
344
344
345
345
346
346
346
350
351
351
352
352
352
353
353
354
354
355
356
356
357
358
359
360
360
360
361
362
362
362
363
364
365
365
366
366
366
367
367
367
367
367
369
372
372
373
376
376
377
378
379
379
379
380
381
382
382
383
384
385
386
387
387
388
388
388
389
390
391
392
392
393
393
394
398
398
398
399
399
400
400
401
404
405
407
407
408
408
410
411
412
414
415
418
419
420
420
421
422
422
423
423
426
431
432
433
434
436
439
442
445
445
446
447
447
450
451
451
453
453
454
454
455
455
455
456
456
456
456
457
457
458
458
459
460
460
461
462
462
462
462
462
463
465
466
467
467
470
472
474
475
478
482
483
486
487
487
487
488
488
489
490
490
490
491
491
492
495
499
500
500
501
501
502
503
503
503
503
504
507
507
507
507
509
510
510
511
511
512
515
515
521
521
521
523
524
524
526
527
529
531
532
533
533
534
535
535
536
537
537
543
544
544
546
549
549
550
551
552
552
553
554
555
555
555
555
556
556
556
557
557
558
561
561
564
566
566
567
567
568
569
570
570
570
571
571
571
572
573
575
575
576
577
578
579
583
584
586
586
588
588
590
591
599
600
603
604
606
606
615
615
616
617
617
618
618
619
619
621
625
628
628
629
631
631
633
633
633
636
637
637
638
638
640
640
641
643
646
648
651
651
652
652
652
652
653
653
653
653
653
653
654
654
655
655
658
658
660
662
664
665
665
667
668
668
675
678
678
678
679
681
681
681
681
681
683
683
683
684
686
686
687
687
688
689
690
692
692
692
692
693
693
693
693
695
699
700
701
705
707
708
708
710
711
711
712
712
713
713
715
718
722
722
722
723
723
723
723
724
724
724
724
724
728
731
732
734
734
734
734
734
735
735
738
740
741
742
742
743
748
749
752
752
753
754
755
756
759
759
761
763
763
764
766
768
768
770
772
772
774
774
775
775
775
775
776
776
776
777
777
782
783
785
786
787
787
787
787
788
788
788
788
790
791
791
791
792
792
793
794
794
795
796
797
797
799
799
799
800
800
802
802
802
803
803
804
809
810
811
811
816
816
820
821
822
822
822
823
823
824
824
825
826
826
826
827
827
827
830
831
832
832
833
834
834
834
835
835
835
836
836
836
837
838
839
841
841
841
841
842
845
846
848
849
850
857
857
857
860
860
862
863
864
864
865
865
866
866
867
867
868
870
872
874
875
875
876
876
876
876
877
877
877
878
878
879
880
880
882
882
884
886
886
886
887
888
889
892
892
892
896
896
897
897
897
898
898
898
899
900
900
901
901
901
902
903
905
906
906
906
906
906
908
909
910
910
913
913
914
914
915
916
919
920
924
925
925
925
925
926
926
927
928
929
930
931
931
934
934
934
934
935
937
937
939
942
942
947
947
948
948
948
949
949
954
955
957
959
959
959
959
960
960
960
960
960
961
962
963
964
964
964
965
965
965
965
965
966
966
967
971
972
973
976
976
977
978
978
981
981
982
983
987
987
988
988
988
988
988
989
989
989
989
989
991
992
994
995
998
998
998
999
1000
1001
1002
1002
1003
1003
1004
1004
1006
1006
1007
1011
1013
1013
1013
1014
1015
1017
1018
1019
1021
1024
1024
1024
1025
1026
1027
1028
1030
1032
1033
1036
1036
1036
1036
1040
1040
1040
1041
1041
1042
1044
1045
1045
1046
1046
1047
1048
1048
1049
1049
1050
1051
1053
1053
1056
1057
1057
1057
1060
1060
1062
1065
1069
1071
1072
1074
1075
1076
1077
1077
1078
1078
1079
1084
1085
1086
1087
1089
1094
1096
1096
1096
1097
1097
1097
1100
1100
1101
1101
1101
1101
1101
1101
1102
1105
1105
1106
1106
1106
1107
1108
1108
1109
1109
1109
1109
1111
1111
1113
1113
1114
1117
1118
1126
1126
1130
1130
1133
1134
1134
1135
1136
1137
1138
1139
1139
1139
1140
1140
1141
1142
1143
1144
1148
1148
1149
1151
1151
1152
1152
1152
1153
1153
1153
1153
1157
1158
1162
1163
1164
1165
1166
1166
1166
1172
1173
1174
1174
1177
1178
1178
1180
1180
1181
1188
1189
1190
1191
1192
1196
1197
1199
1200
1201
1201
1203
1203
1203
1203
1203
1204
1207
1209
1214
1216
1216
1217
1217
1218
1220
1222
1224
1225
1227
1227
1230
1231
1232
1233
1234
1234
1234
1235
1235
1236
1237
1237
1238
1238
1238
1238
1239
1240
1240
1241
1242
1242
1243
1243
1244
1244
1244
1245
1246
1250
1251
1251
1252
1252
1253
1253
1254
1254
1255
1255
1255
1257
1264
1266
1267
1267
1268
1269
1271
1271
1274
1280
1280
1280
1280
1280
1281
1283
1284
1285
1285
1285
1287
1289
1289
1289
1290
1290
1292
1292
1293
1293
1295
1297
1298
1299
1300
1300
1300
1302
1305
1306
1307
1307
1308
1309
1309
1310
1311
1311
1311
1311
1313
1314
1318
1319
1320
1320
1321
1324
1327
1327
1328
1330
1330
1330
1331
1332
1337
1337
1339
1340
1345
1347
1347
1347
1347
1347
1347
1348
1348
1348
1349
1351
1354
1354
1354
1359
1360
1361
1362
1364
1366
1369
1370
1372
1375
1375
1376
1377
1378
1379
1379
1380
1381
1381
1386
1387
1388
1392
1393
1393
1394
1394
1395
1396
1397
1399
1400
1400
1404
1409
1409
1411
1413
1416
1417
1419
1420
1423
1432
1434
1440
1445
1446
1448
1448
1451
1469
1469
1480
1480
1488
1488
1499
1501
1504
1508
1510
1510
1514
1515
1525
1526
1526
1534
1538
1540
1540
1542
1545
1549
1549
1551
1552
1553
1553
1553
1555
1555
1556
1557
1558
1558
1559
1560
1563
1567
1572
1574
1575
1576
1577
1579
1579
1579
1580
1580
1581
1581
1584
1584
1585
1587
1588
1589
1591
1592
1595
1597
1601
1602
1603
1606
1606
1607
1607
1607
1609
1610
1610
1610
1611
1615
1616
1616
1619
1619
1622
1622
1622
1623
1624
1625
1625
1625
1627
1627
1629
1629
1630
1631
1633
1638
1641
1642
1644
1645
1646
1646
1647
1647
1649
1652
1652
1653
1653
1654
1658
1662
1666
1668
1669
1669
1669
1671
1672
1673
1674
1676
1676
1678
1678
1682
1683
1685
1687
1688
1688
1689
1691
1691
1693
1696
1696
1696
1699
1701
1704
1707
1707
1708
1708
1708
1709
1713
1715
1716
1716
1716
1718
1722
1724
1724
1727
1729
1732
1733
1733
1737
1738
1739
1740
1749
1750
1750
1751
1752
1753
1756
1758
1758
1760
1761
1763
1764
1766
1767
1768
1769
1769
1770
1774
1775
1778
1779
1780
1780
1781
1784
1784
1785
1786
1786
1786
1787
1788
1788
1790
1791
1799
1801
1801
1801
1802
1803
1804
1807
1807
1807
1807
1810
1812
1812
1814
1815
1817
1817
1819
1823
1826
1827
1828
1828
1829
1830
1831
1831
1833
1833
1833
1834
1836
1836
