0
2
3
4
5
5
5
6
6
6
6
7
7
7
7
7
7
8
8
8
8
8
8
8
8
9
9
9
9
9
10
10
10
10
10
11
11
11
11
11
11
12
12
12
12
13
13
13
13
13
13
13
14
14
14
14
15
16
16
17
18
18
18
18
18
19
19
19
19
19
19
19
19
19
20
20
20
21
21
21
21
21
21
22
22
22
22
22
22
22
22
23
23
23
23
24
25
26
27
27
28
28
28
28
29
29
30
31
31
31
31
31
31
31
31
32
33
33
33
33
34
35
35
35
35
35
36
36
36
36
36
36
37
37
38
38
38
38
39
39
39
40
40
40
40
41
41
41
41
41
42
42
42
42
42
42
42
43
43
43
43
43
44
44
44
44
44
45
45
46
46
47
47
47
47
48
48
48
48
48
48
49
49
50
50
50
51
51
51
52
52
52
52
53
53
53
53
54
54
54
54
54
54
55
55
56
56
56
56
57
57
58
58
58
58
58
59
59
59
59
59
59
60
61
61
61
61
61
61
62
62
62
62
62
62
63
63
63
63
63
64
64
64
64
66
66
66
67
67
67
67
67
68
68
68
68
69
69
69
69
70
70
70
71
71
71
71
71
71
72
73
73
73
73
74
74
74
74
74
74
75
75
75
75
76
76
76
76
77
78
78
78
78
78
79
79
79
79
79
80
80
80
80
80
80
80
80
80
81
81
81
81
82
82
83
83
83
83
83
84
84
84
84
84
84
85
85
85
85
85
85
85
85
85
86
86
86
86
86
87
87
87
87
87
87
87
87
87
88
88
88
88
88
88
89
89
89
89
90
90
90
90
90
90
91
92
92
92
92
93
93
93
94
94
94
95
95
95
96
96
97
98
98
98
99
99
99
99
99
99
100
100
102
102
102
102
103
103
103
105
105
105
105
105
106
106
106
106
106
106
106
107
107
108
108
108
108
108
108
109
109
109
109
110
110
111
111
111
112
112
113
114
114
115
117
117
118
118
118
118
118
118
118
119
119
119
119
120
120
120
121
121
121
121
121
121
122
122
122
122
122
122
122
123
123
123
123
123
123
123
125
125
125
125
126
126
126
126
126
127
127
127
127
127
127
127
128
128
129
129
130
130
130
130
130
131
131
131
132
132
132
132
132
133
133
133
134
134
134
134
136
136
137
137
138
138
139
139
139
139
140
141
141
141
141
142
142
143
144
144
145
146
146
146
146
146
147
147
147
147
148
148
148
148
148
149
149
149
149
151
151
151
151
152
152
152
152
152
152
153
154
154
154
154
155
155
155
155
155
155
155
156
156
157
157
158
158
159
159
159
159
159
159
160
160
160
160
160
161
161
161
162
162
162
163
163
163
164
164
164
165
166
166
166
166
166
167
167
167
167
167
167
167
168
168
168
168
168
168
168
169
169
169
169
169
169
169
169
170
170
170
170
170
170
170
170
170
170
171
171
171
171
171
171
172
172
172
172
172
172
172
172
172
172
172
173
173
173
173
173
173
173
173
174
174
174
174
174
175
175
175
175
175
176
176
176
177
177
177
177
178
178
178
178
179
179
179
179
180
180
180
180
180
181
181
181
181
181
181
181
181
181
182
182
182
182
182
182
182
182
182
182
183
183
183
183
183
183
183
184
184
184
184
184
184
184
185
185
185
185
185
186
186
187
187
187
187
187
187
187
187
187
187
187
187
188
188
188
189
189
189
189
189
189
190
190
190
190
190
190
190
190
191
191
191
192
192
192
192
192
193
193
193
193
193
193
193
193
194
194
195
195
195
195
196
197
197
197
197
197
198
198
198
199
199
199
199
200
200
201
201
201
202
202
203
204
205
205
205
205
205
205
205
205
206
206
206
206
206
206
206
206
206
207
207
207
207
207
208
208
208
208
208
209
209
209
209
210
210
210
210
210
211
211
211
212
212
212
212
212
212
213
213
213
213
215
215
216
217
218
220
221
222
225
227
227
227
227
227
228
228
229
230
230
230
231
231
232
232
232
233
233
233
233
233
233
234
234
235
235
235
235
235
236
237
238
238
238
238
240
240
242
242
246
246
246
246
246
246
246
247
247
249
249
249
250
250
251
251
251
252
252
253
253
253
254
255
256
257
259
260
260
260
261
261
261
262
262
262
262
262
262
262
263
263
263
264
264
264
264
265
266
266
267
267
267
267
268
268
269
269
270
270
271
271
271
272
272
273
275
275
276
276
277
277
277
277
277
277
277
278
278
279
279
280
281
281
282
282
284
285
287
287
287
287
288
288
288
289
289
289
289
290
291
291
291
293
293
296
299
299
299
300
300
301
301
302
303
304
304
306
307
308
309
310
313
317
320
321
321
321
325
326
326
326
328
329
335
337
338
338
339
340
345
346
349
351
352
352
355
355
355
357
358
358
359
359
360
361
364
368
368
368
368
368
368
369
370
370
371
371
372
373
374
374
375
375
376
378
378
380
380
381
382
383
384
385
386
387
387
388
392
393
396
396
398
399
403
403
405
406
406
406
407
407
408
408
408
411
411
412
412
413
413
413
414
414
414
414
414
414
414
415
415
415
415
416
416
417
417
417
418
418
418
420
420
421
421
421
422
423
423
424
427
428
428
429
429
431
431
431
432
432
433
433
435
438
440
444
444
444
444
445
446
447
455
455
456
456
457
457
459
461
462
463
466
468
468
468
471
476
481
482
484
485
487
487
487
489
489
491
492
492
493
493
494
494
494
495
495
497
497
498
498
499
499
499
499
500
500
500
501
501
501
501
502
502
502
502
502
503
504
505
506
506
507
507
507
507
508
508
508
512
512
512
513
513
513
514
515
516
516
517
517
518
518
518
518
520
520
520
522
523
524
528
529
530
531
531
532
533
533
536
538
539
540
540
541
542
543
544
545
546
549
549
549
551
552
552
553
554
554
554
554
555
556
556
556
557
560
562
563
563
564
565
565
566
567
568
568
568
570
571
571
571
573
573
576
576
576
577
578
579
580
580
581
581
582
583
585
585
587
591
592
594
597
598
599
600
601
609
614
615
615
618
620
621
622
623
626
628
628
628
630
632
632
632
634
634
634
635
636
639
642
642
643
645
646
646
648
648
648
649
649
649
650
651
651
651
651
652
652
653
654
654
654
655
655
655
656
656
656
657
657
658
660
660
661
664
666
667
667
669
670
670
671
672
673
674
677
677
678
678
679
682
684
686
686
686
686
687
687
687
693
695
695
695
697
697
699
699
700
700
702
703
703
704
705
706
706
708
709
710
710
710
710
711
712
713
713
716
716
716
718
718
719
721
726
727
728
729
730
731
732
733
733
733
735
735
736
736
738
738
739
740
741
742
742
743
744
744
747
749
750
751
751
753
753
754
756
757
758
761
761
763
764
764
766
766
766
766
767
768
768
768
768
769
769
770
771
772
772
772
773
774
775
776
777
779
780
781
781
781
782
786
787
787
788
789
789
789
792
793
794
795
797
798
798
798
802
803
803
803
804
804
804
806
806
806
807
808
808
810
810
812
813
813
814
815
816
816
819
819
820
823
823
823
824
824
825
826
827
827
828
830
830
834
835
835
839
839
839
846
846
848
849
850
852
852
852
852
862
862
864
865
867
870
871
875
875
877
877
879
882
883
883
883
884
885
887
887
887
887
887
889
889
890
894
894
895
896
896
898
898
898
899
902
904
905
906
907
907
908
908
908
910
910
911
911
913
916
916
917
917
917
920
922
924
926
927
928
930
930
930
931
933
938
938
941
942
943
944
945
945
945
946
949
951
954
955
955
956
957
957
957
958
958
958
958
959
959
961
961
963
964
964
964
964
967
968
968
969
971
971
971
973
988
997
999
1004
1010
1012
1012
1013
1019
1019
1020
1021
1021
1027
1029
1030
1031
1031
1035
1035
1036
1045
1045
1045
1046
1046
1046
1048
1050
1050
1056
1057
1058
1059
1059
1064
1064
1065
1065
1065
1066
1066
1066
1067
1068
1069
1069
1069
1070
1070
1070
1072
1074
1075
1078
1081
1085
1087
1087
1093
1095
1096
1097
1097
1099
1100
1101
1103
1106
1107
1109
1111
1111
1112
1112
1112
1112
1113
1113
1114
1117
1123
1133
1134
1135
1138
1139
1140
1140
1140
1142
1143
1144
1145
1146
1147
1147
1148
1152
1153
1153
1154
1155
1155
1156
1157
1157
1158
1160
1164
1168
1175
1175
1182
1182
1183
1185
1186
1194
1195
1195
1196
1200
1201
1201
1206
1208
1227
1230
1231
1232
1233
1233
1236
1237
1238
1239
1239
1241
1242
1243
1243
1245
1246
1247
1250
1250
1252
1253
1255
1263
1266
1266
1266
1267
1269
1270
1272
1272
1274
1275
1276
1276
1278
1284
1286
1288
1288
1289
1291
1292
1294
1294
1294
1296
1296
1299
1301
1302
1303
1303
1304
1304
1305
1308
1309
1309
1310
1310
1311
1312
1312
1312
1312
1312
1313
1315
1317
1320
1320
1323
1324
1324
1325
1326
1328
1329
1330
1331
1332
1334
1334
1337
1339
1340
1341
1342
1342
1343
1344
1344
1345
1345
1345
1346
1347
1348
1349
1351
1351
1352
1353
1356
1357
1357
1358
1359
1361
1364
1364
1364
1365
1367
1370
1371
1371
1374
1377
1378
1378
1379
1379
1380
1383
1389
1389
1390
1390
1390
1391
1391
1391
1391
1392
1393
1393
1395
1398
1399
1402
1402
1402
1403
1403
1404
1406
1407
1407
1407
1408
1409
1409
1410
1412
1413
1413
1416
1416
1416
1420
1421
1424
1424
1424
1425
1426
1428
1428
1428
1428
1430
1431
1439
1447
1448
1460
1461
1461
1465
1469
1473
1473
1474
1474
1476
1476
1478
1480
1480
1482
1484
1488
1490
1492
1497
1497
1499
1499
1502
1502
1503
1505
1505
1506
1507
1507
1507
1508
1509
1509
1509
1510
1510
1511
1512
1513
1514
1515
1515
1516
1517
1520
1520
1520
1520
1521
1524
1525
1525
1527
1528
1528
1529
1529
1529
1530
1530
1530
1532
1535
1535
1535
1535
1535
1535
1536
1536
1536
1537
1538
1538
1538
1538
1540
1541
1542
1542
1543
1543
1544
1544
1547
1548
1548
1550
1550
1551
1551
1551
1551
1554
1554
1555
1555
1555
1557
1557
1557
1560
1560
1561
1562
1562
1569
1574
1578
1579
1579
1581
1583
1583
1583
1583
1589
1593
1595
1596
1596
1599
1601
1603
1604
1607
1615
1616
1620
1621
1624
1626
1627
1628
1630
1634
1634
1635
1638
1638
1638
1638
1638
1639
1640
1641
1643
1645
1646
1647
1647
1648
1648
1650
1651
1656
1656
1656
1658
1660
1660
1661
1670
1670
1674
1677
1681
1682
1685
1686
1686
1690
1694
1694
1706
1712
1713
1714
1714
1714
1715
1717
1719
1719
1723
1724
1725
1727
1729
1731
1732
1732
1732
1733
1734
1735
1736
1738
1739
1740
1740
1741
1741
1743
1745
1746
1749
1749
1753
1754
1754
1755
1756
1757
1761
1761
1764
1765
1766
1767
1768
1771
1772
1772
1774
1774
1774
1777
1780
1784
1785
1786
1786
1787
1789
1789
1791
1792
1793
1793
1794
1796
1800
1801
1802
1806
1808
1810
1810
1817
1818
1818
1820
1821
1823
1827
1828
1831
1838
1842
1843
1853
1854
1856
1857
1860
1865
1875
1884
1884
1886
1887
1890
1890
1891
1896
1898
1900
1902
1903
1903
1904
1904
1907
1914
1915
1916
1916
1917
1920
1921
1926
1932
1933
1938
1938
1939
1940
1941
1944
1948
1948
1953
1955
1957
1959
1961
1961
1962
1962
1962
1963
1966
1967
1970
1970
1971
1972
1979
1980
1982
1983
1984
1987
1990
1991
1992
1992
1993
1994
1994
1994
1995
1996
1996
1997
1998
1999
2000
2000
2000
2001
2003
2003
2005
2006
2008
2009
2009
2009
2009
2010
2010
2013
2013
2016
2017
2017
2017
2019
2020
2020
2020
2020
2021
2021
2021
2021
