0
2
3
3
5
6
6
7
7
7
7
7
8
8
8
8
8
8
8
8
9
9
9
9
9
9
9
9
10
10
10
10
10
10
10
10
11
11
11
11
11
11
11
11
11
11
11
11
12
12
12
12
12
12
12
12
12
12
12
13
13
13
13
13
13
14
14
14
14
14
14
14
14
14
14
14
15
15
15
15
15
15
15
15
15
15
15
15
15
15
15
15
15
16
16
16
17
17
17
17
17
18
18
19
19
19
19
19
20
20
20
21
21
21
21
21
21
21
21
21
21
21
22
22
22
22
22
22
22
22
22
22
22
22
23
23
23
23
23
23
23
23
23
23
23
23
23
24
24
24
24
24
24
24
25
25
25
25
25
25
25
25
26
26
26
26
26
27
27
27
28
28
28
29
29
29
29
29
29
30
30
30
30
30
30
31
31
31
31
31
32
32
32
32
33
33
33
33
34
35
35
35
35
36
36
37
37
37
38
38
38
38
38
38
38
38
39
39
39
40
40
40
41
41
41
41
41
42
42
43
43
44
45
45
45
45
46
46
47
48
48
48
48
49
49
49
49
50
50
50
50
50
50
50
51
51
51
51
51
52
52
52
52
52
52
53
53
53
53
54
54
54
55
55
55
56
57
57
57
58
58
58
58
59
59
59
59
60
60
60
60
60
61
61
61
62
62
62
62
63
63
64
64
64
65
65
65
66
66
66
67
67
68
68
68
68
68
69
69
69
69
70
70
70
70
71
71
71
71
71
72
72
72
72
72
72
72
73
73
73
73
73
74
74
74
74
74
74
74
75
75
75
76
76
77
77
77
77
78
78
79
79
79
79
79
80
80
80
80
80
80
80
80
81
81
81
81
82
82
82
84
85
85
85
85
87
87
87
87
87
87
87
87
87
88
88
88
88
88
88
88
88
89
89
89
89
89
89
90
90
90
90
90
90
91
91
91
91
91
92
92
92
92
92
92
93
93
93
93
93
94
94
94
94
94
94
94
94
95
95
96
96
96
96
96
97
97
98
98
99
99
99
99
100
100
101
101
101
102
102
102
102
102
102
103
103
103
103
103
104
105
106
106
106
107
107
107
108
108
108
108
108
108
108
109
110
110
111
111
111
112
112
112
112
112
112
112
112
113
113
113
113
114
114
114
114
114
114
115
115
115
116
116
116
116
117
118
118
118
119
119
120
121
121
121
121
122
122
122
123
123
123
123
124
124
124
124
124
124
124
125
125
126
126
126
127
127
127
127
127
127
127
128
128
128
129
129
129
129
130
130
131
131
131
131
132
132
133
133
134
134
135
137
137
137
138
138
139
139
139
139
140
140
141
143
143
143
143
144
144
145
147
147
147
148
150
150
150
150
150
150
151
151
151
152
153
153
153
154
154
155
155
155
160
160
160
161
161
161
162
164
165
166
166
166
166
167
167
167
168
168
168
168
169
169
169
169
169
170
170
171
172
173
173
173
175
176
178
179
180
180
181
181
183
183
184
184
185
186
187
187
187
188
189
189
189
189
190
191
191
191
191
192
192
194
196
196
197
198
200
201
201
202
203
204
204
204
205
205
206
206
206
207
207
209
210
210
211
212
213
213
214
215
215
215
215
217
218
219
220
220
220
221
221
221
222
222
222
222
224
228
228
229
229
232
232
232
233
233
233
234
234
234
236
236
237
238
239
240
241
241
242
242
243
244
244
245
246
246
246
249
250
250
250
251
251
252
252
252
252
253
254
255
255
256
256
257
257
258
258
259
263
264
267
268
268
269
270
270
271
271
271
271
271
273
278
278
278
278
279
279
280
281
284
285
285
288
288
289
289
290
292
293
297
298
300
300
301
301
302
303
303
303
304
307
307
308
310
310
311
311
312
312
312
314
314
319
321
322
323
328
332
333
333
334
336
336
336
338
339
341
346
347
347
348
348
349
351
352
352
353
360
365
367
370
371
371
376
377
378
380
380
383
386
387
387
387
391
396
397
397
397
398
398
398
398
400
402
403
404
408
409
412
417
418
420
421
422
422
422
423
424
424
430
431
434
437
444
444
445
445
450
452
453
454
456
457
457
457
458
460
469
470
473
479
479
479
483
490
493
494
495
496
496
497
497
498
498
498
499
499
501
503
504
506
506
513
513
514
520
535
542
558
560
572
577
577
579
579
582
586
597
598
598
600
602
603
606
607
607
608
611
613
625
625
626
644
645
650
652
657
657
660
664
665
666
670
677
681
682
682
682
684
689
693
698
699
701
702
704
705
706
707
707
710
714
717
719
719
722
725
727
727
730
733
733
734
734
734
736
737
742
753
753
753
754
754
755
756
758
759
763
764
769
770
772
773
778
783
791
815
815
817
829
838
838
839
839
839
840
841
842
845
845
846
846
846
847
847
855
863
885
887
887
888
892
893
898
899
905
908
913
913
913
914
915
917
921
922
925
926
933
934
938
948
949
949
950
950
950
950
950
954
959
961
961
962
962
962
987
1004
1004
1007
1008
1008
1012
1013
1015
1016
1034
1035
1037
1038
1039
1045
1050
1050
1051
1052
1054
1054
1054
1055
1057
1059
1059
1063
1063
1064
1065
1065
1065
1065
1065
1065
1066
1066
1066
1066
1067
1067
1070
1070
1070
1071
1072
1073
1078
1078
1080
1081
1083
1083
1083
1084
1084
1084
1087
1090
1092
1092
1092
1092
1093
1093
1094
1094
1094
1094
1094
1094
1095
1096
1098
1098
1099
1099
1099
1099
1100
1103
1110
1111
1112
1113
1114
1114
1114
1114
1115
1116
1117
1118
1119
1120
1124
1124
1124
1128
1129
1137
1137
1138
1140
1140
1144
1144
1144
1149
1150
1150
1151
1151
1151
1151
1152
1152
1152
1153
1154
1158
1159
1159
1160
1160
1165
1166
1166
1167
1167
1168
1170
1175
1179
1179
1180
1186
1193
1195
1195
1200
1203
1204
1216
1216
1223
1224
1225
1231
1232
1233
1247
1247
1248
1251
1258
1258
1262
1264
1267
1267
1272
1276
1277
1288
1290
1290
1291
1294
1294
1301
1302
1304
1306
1325
1328
1345
1345
1356
1356
1358
1358
1358
1359
1359
1359
1360
1362
1362
1363
1363
1363
1364
1364
1365
1365
1365
1365
1367
1367
1369
1372
1384
1390
1400
1400
1400
1401
1401
1402
1402
1407
1408
1411
1416
1423
1425
1426
1427
1431
1433
1433
1434
1434
1435
1436
1437
1438
1438
1438
1439
1441
1441
1441
1442
1443
1447
1450
1450
1452
1453
1453
1453
1454
1454
1458
1459
1460
1462
1462
1462
1470
1471
1472
1475
1476
1479
1488
1493
1493
1494
1494
1494
1495
1498
1498
1498
1550
1556
1557
1558
1558
1558
1559
1559
1560
1561
1562
1562
1563
1563
1563
1563
1564
1565
1565
1565
1566
1566
1567
1567
1567
1568
1568
1569
1569
1571
1572
1572
1572
1573
1573
1573
1573
1573
1573
1574
1575
1575
1575
1577
1583
1583
1583
1584
1584
1584
1584
1585
1585
1585
1588
1588
1589
1596
1596
1597
1598
1601
1601
1608
1609
1610
1611
1614
1615
1616
1618
1618
1619
1620
1620
1620
1621
1623
1623
1624
1626
1627
1627
1628
1628
1628
1630
1630
1630
1631
1631
1631
1632
1632
1632
1632
1633
1633
1634
1634
1634
1634
1635
1635
1635
1635
1636
1636
1636
1638
1638
1638
1639
1639
1640
1640
1641
1641
1641
1643
1643
1643
1645
1646
1648
1649
1650
1653
1653
1654
1654
1654
1654
1655
1655
1655
1655
1656
1656
1656
1656
1657
1658
1658
1658
1659
1659
1661
1661
1661
1662
1662
1662
1662
1662
1663
1663
1663
1664
1664
1665
1667
1668
1668
1670
1670
1671
1672
1673
1674
1676
1677
1678
1682
1682
1683
1683
1685
1686
1688
1689
1690
1691
1698
1702
1702
1704
1704
1704
1705
1705
1707
1708
1711
1712
1712
1715
1716
1716
1716
1716
1716
1716
1717
1717
1718
1718
1718
1719
1719
1719
1719
1720
1724
1730
1730
1730
1731
1731
1732
1732
1735
1736
1736
1736
1738
1738
1740
1743
1744
1744
1745
1745
1745
1746
1746
1747
1749
1749
1749
1750
1750
1750
1752
1753
1756
1759
1759
1761
1764
1764
1766
1766
1767
1769
1769
1771
1771
1783
1784
1787
1791
1791
1791
1792
1792
1797
1800
1800
1800
1801
1801
1801
1802
1802
1802
1802
1804
1806
1807
1809
1809
1809
1809
1810
1811
1813
1813
1814
1818
1818
1820
1821
1822
1823
1824
1824
1824
1825
1825
1827
1830
1832
1832
1832
1834
1836
1836
1837
1837
1837
1839
1842
1842
1842
1843
1844
1845
1845
1846
1850
1851
1851
1851
1852
1856
1856
1856
1858
1860
1863
1868
1869
1870
1876
1880
1882
1884
1884
1890
1891
1898
1899
1901
1904
1927
1927
1930
1933
1939
1940
1942
1943
1955
1955
1956
1957
1960
1966
1969
1974
1976
1976
1978
1981
1985
1987
1991
1994
2027
2027
2031
2032
2036
2044
2045
2045
2046
2046
2046
2048
2050
2051
2054
2055
2058
2058
2070
2070
2070
2070
2071
2073
2074
2076
2076
2078
2081
2082
2083
2084
2084
2085
2090
2099
2100
2101
2112
2112
2119
2125
2127
2128
2137
2137
2140
2145
2148
2150
2156
2158
2167
2170
2174
2174
2174
2176
2176
2176
2176
2176
2177
2178
2180
2182
2182
2183
2186
2190
2198
2198
2199
2200
2230
2232
2233
2235
2237
2254
2267
2318
2318
2320
2320
2320
2320
2338
2339
2348
2349
2359
2361
2365
2367
2369
2370
2373
2375
2375
2375
2375
2376
2380
2383
2386
2391
2391
2392
2404
2417
2452
2458
2467
2468
2469
2471
2471
2479
2481
2481
2485
2493
2495
2518
2532
2544
2545
2545
2547
2551
2551
2553
2561
2561
2563
2565
2565
2571
2575
2583
2583
2585
2590
2595
2598
2598
2600
2605
2605
2611
2636
2650
2650
2651
2664
2670
2677
2681
2684
2690
2693
2694
2695
2700
2705
2705
2705
2705
2706
2708
2712
2763
2765
2766
2775
2781
2783
2786
2792
2797
2799
2799
2800
2801
2801
2802
2809
2814
2818
2820
2821
2821
2824
2834
2836
2836
2840
2840
2878
2894
2902
2904
2906
2908
2909
2909
2909
2919
2920
2924
2938
2938
2941
2942
2943
2947
2947
2950
2965
2966
2975
2976
2976
2977
2977
2977
2978
2978
2978
2978
2980
2993
2993
2998
3009
3013
3015
3021
3022
3025
3030
3033
3033
3036
3037
3044
3044
3045
3052
3052
3054
3059
3061
3061
3062
3074
3083
3095
3095
3099
3099
3100
3112
3112
3112
3113
3114
3116
3116
3117
3117
3120
3130
3130
3131
3131
3132
3136
3139
3141
3147
3148
3149
3150
3152
3158
3163
3163
3164
3165
3166
3166
3167
3167
3167
3167
3167
3168
3168
3168
3171
3172
3175
3181
3181
3183
3184
3185
3185
3188
3189
3189
3190
3192
3193
3195
3195
3196
3197
3198
3200
3203
3205
3208
3212
3214
3220
3220
3237
3251
3258
3259
3264
3290
3290
3294
3295
3301
3304
3306
3313
3314
3325
3326
3328
3328
3329
3330
3335
3337
3340
3391
3393
3398
3400
3403
3403
3408
3409
3423
3423
3429
3430
3430
3431
3433
3434
3501
3501
3505
3512
3514
3527
3528
3528
3536
3541
3542
3542
3548
3556
3557
3559
3562
3581
3600
3625
3625
3626
3629
3633
3633
3654
3664
3672
3675
3684
3688
3720
3720
3729
3730
3730
3735
3736
3737
3741
3741
3742
3742
3750
3759
3763
3768
3776
3777
3777
3784
3858
3861
3863
3865
3870
3874
3874
3874
3876
3877
3886
3888
3892
3893
3897
3903
3905
3906
3914
3947
3951
3951
3952
3954
3956
3958
3959
3961
3963
3965
3966
3970
3990
3992
4015
4017
4034
4034
4040
4047
4058
4068
4073
4077
4080
4090
4091
4092
4092
4097
4099
4099
4100
4103
4109
4111
4114
4114
4145
4154
4155
4161
4162
4166
4168
4170
4175
4181
4189
4192
4196
4199
4204
4204
4210
4216
4228
4233
4234
4234
4239
4247
4248
4249
4250
4250
4252
4254
4254
4255
4259
4260
4261
4263
4265
4270
4271
4271
4273
4285
4286
4290
4290
4294
4296
4302
4302
4303
4310
4311
4316
4317
4319
4325
4326
4329
4330
4331
4334
4335
4336
4337
4338
4345
4348
4351
4351
4352
4352
4356
4356
4356
4362
4363
4364
4364
4366
4370
4370
4370
4379
4385
4388
4391
4393
4393
4395
4395
4395
4397
4400
4411
4414
4422
4478
4478
4481
4481
4481
4482
4500
4503
4508
4509
4514
4516
4520
4522
4531
4532
4539
4541
4545
4553
4563
4567
4571
4574
4575
4585
4587
4587
4594
4594
4594
4600
4601
4602
4612
4618
4628
4632
4632
4648
4651
4663
4672
4674
4680
4681
4690
4736
4747
4755
4757
4873
4921
5030
5198
5289
5289
5298
5417
