0
2
2
4
5
6
7
7
8
8
8
8
9
9
9
9
9
9
10
10
10
10
10
10
10
10
10
11
11
11
11
11
11
11
12
12
12
12
12
12
13
13
13
13
13
13
13
14
14
14
14
14
14
15
15
15
15
15
15
15
15
16
16
16
16
16
16
17
17
17
18
18
18
18
19
19
19
19
19
19
19
19
19
20
20
20
20
20
21
21
22
22
22
22
22
23
23
23
23
24
25
26
26
27
27
27
27
28
28
28
29
29
29
30
31
31
31
34
34
34
34
35
35
35
36
36
36
36
36
36
36
37
37
37
38
38
38
39
39
39
40
40
41
41
41
41
42
42
42
42
43
43
43
44
44
45
45
45
45
46
46
46
46
46
47
47
47
48
49
50
50
51
51
51
51
51
52
52
52
52
53
53
53
53
53
54
54
55
55
55
55
55
56
56
56
57
58
58
58
59
60
60
60
60
60
60
61
61
61
61
61
62
62
62
63
63
63
64
64
64
65
65
65
66
66
66
66
68
68
68
68
68
69
69
70
70
70
71
71
72
72
73
73
73
73
73
73
73
73
73
74
74
74
74
76
76
76
76
76
77
77
77
78
78
78
78
79
79
79
81
81
81
81
82
82
83
83
84
84
84
85
85
85
85
85
86
86
86
87
87
88
89
89
89
90
90
90
90
91
91
91
92
92
93
93
93
94
94
94
95
95
95
95
95
96
96
96
97
98
98
98
98
98
98
98
99
99
99
99
100
100
100
100
100
100
101
101
101
101
102
102
102
102
102
102
103
103
103
104
104
104
104
104
105
105
105
106
106
106
106
107
107
107
108
108
108
109
109
110
110
110
111
111
111
111
111
112
112
112
114
114
114
114
114
115
116
116
116
116
117
117
118
118
119
119
119
119
119
119
120
120
120
122
122
122
123
123
124
124
125
125
125
125
127
127
127
127
128
128
128
129
129
129
129
130
131
131
131
131
132
132
132
133
133
134
134
134
134
134
135
135
136
136
138
138
138
142
143
144
144
144
145
146
147
148
149
150
152
158
159
160
161
162
162
163
163
163
163
164
164
164
164
164
164
166
166
167
167
168
168
168
168
168
168
169
169
169
170
170
170
170
170
170
170
171
171
171
171
171
172
172
172
172
172
172
172
172
172
173
173
173
173
173
173
173
173
173
174
174
174
174
174
176
176
176
176
176
177
177
177
177
177
178
178
179
179
179
179
180
181
181
181
181
182
182
182
182
182
182
183
183
183
183
183
183
183
184
184
184
184
185
185
187
187
187
187
188
188
188
188
189
189
189
190
190
190
191
191
191
192
192
192
193
194
194
194
194
194
194
196
196
197
197
198
198
198
199
199
199
199
199
200
200
200
201
201
202
202
203
203
203
204
204
204
204
205
205
205
206
206
207
207
207
207
209
209
210
210
211
211
211
211
211
211
212
212
212
212
212
212
212
213
213
213
214
214
214
214
214
214
214
215
215
215
215
215
216
216
216
217
217
217
219
219
219
219
219
219
219
220
220
220
220
221
221
221
222
222
222
223
223
223
224
225
225
225
225
227
227
227
227
228
228
229
229
230
230
231
231
231
231
231
232
232
233
233
233
233
234
234
234
234
235
235
235
235
236
236
237
237
237
238
238
239
239
239
240
240
240
240
240
240
242
243
243
244
246
249
249
250
252
253
257
257
257
258
258
259
259
259
260
262
262
264
265
265
265
265
265
266
266
266
267
267
268
268
268
269
270
270
271
271
271
272
274
277
277
277
278
279
279
280
280
280
280
280
281
282
283
284
284
284
285
285
286
287
287
288
288
289
290
291
291
293
294
294
294
294
295
295
295
295
295
296
297
297
297
297
298
298
299
299
299
299
299
300
300
300
300
300
300
300
301
301
302
303
303
305
305
305
305
305
306
306
306
307
307
307
307
307
308
309
309
311
312
313
313
313
314
314
314
315
316
316
316
316
317
317
317
317
317
318
319
319
319
321
321
321
322
322
322
323
326
326
326
327
328
329
329
329
330
334
334
334
335
339
342
343
345
347
349
352
353
356
356
358
366
369
370
373
375
377
380
380
383
384
386
386
386
386
388
391
396
396
397
397
402
402
404
407
407
407
407
412
415
415
416
417
417
418
418
418
419
419
419
419
421
421
421
422
422
423
423
423
424
426
427
427
429
430
434
436
439
443
445
453
462
463
464
468
469
469
470
471
471
473
474
474
478
478
479
481
482
483
485
486
486
486
487
498
498
499
499
503
503
503
505
505
506
509
510
510
512
513
514
514
515
516
517
518
518
518
518
519
520
521
522
523
523
524
524
525
526
526
526
527
528
529
530
530
533
535
535
536
536
539
539
543
546
547
548
548
551
558
558
558
560
561
565
566
568
570
570
570
570
571
571
571
571
571
572
572
572
572
575
582
583
583
587
587
587
589
590
591
591
591
591
591
592
592
592
593
593
594
595
597
597
597
600
603
604
604
606
607
608
608
609
612
616
624
626
627
628
628
628
628
630
630
631
631
631
642
643
644
645
647
648
648
649
650
650
651
651
652
654
654
655
655
656
656
656
657
657
658
660
660
660
660
661
661
663
664
665
668
669
670
670
671
672
673
674
675
681
682
682
684
689
690
690
690
690
690
690
691
691
692
692
692
692
692
692
693
695
695
695
695
695
696
697
697
697
697
697
697
697
698
698
698
702
703
703
704
704
704
705
706
707
707
708
709
709
710
710
711
711
712
714
717
718
720
720
720
721
721
721
721
722
722
723
723
723
725
727
728
728
729
730
732
733
733
737
737
739
741
741
742
744
744
744
746
746
747
749
749
749
750
751
751
751
753
753
753
754
754
754
755
755
756
757
757
758
759
760
760
760
761
761
762
762
762
763
764
764
765
765
765
765
766
767
767
768
770
771
772
772
772
772
773
773
774
774
775
775
775
775
775
776
779
780
780
780
783
785
785
791
792
792
793
794
794
796
796
796
796
797
799
799
800
800
803
803
803
804
804
805
805
805
807
807
807
808
810
813
813
813
814
814
814
815
815
815
817
817
818
818
818
820
820
820
820
821
821
821
821
822
822
823
824
824
825
825
827
828
828
829
829
830
830
830
830
831
833
835
835
836
838
838
839
840
840
841
841
843
844
844
844
845
845
845
846
846
846
847
848
849
849
850
850
851
851
851
851
851
851
853
853
853
853
853
853
853
854
854
854
854
854
855
856
856
856
856
856
857
857
858
859
860
861
861
861
863
867
869
870
871
873
874
875
875
877
877
877
878
878
878
878
878
879
879
879
879
879
881
881
881
882
883
887
888
889
891
891
892
892
893
893
893
894
894
894
895
896
896
896
896
900
902
903
903
903
904
905
905
905
906
906
906
907
907
907
908
908
908
908
908
909
909
909
910
910
910
911
911
912
912
912
912
912
915
916
918
918
918
918
918
918
919
919
919
919
919
919
919
920
921
921
921
922
925
925
925
926
926
927
927
928
928
928
929
929
930
931
931
932
932
933
933
933
934
935
935
936
937
937
937
939
939
939
940
941
943
944
944
945
946
947
947
949
949
949
950
952
952
953
953
954
955
956
956
956
957
958
959
960
960
962
962
962
962
963
963
966
966
968
970
973
973
974
976
976
977
978
978
978
978
979
979
979
979
979
979
979
980
980
980
980
980
980
980
983
985
986
986
987
987
987
987
989
989
989
989
989
989
989
990
990
990
991
991
991
991
992
992
992
992
992
992
994
994
995
995
996
997
997
997
998
999
999
999
999
1000
1000
1001
1001
1002
1002
1002
1003
1003
1004
1004
1004
1004
1006
1008
1008
1008
1008
1008
1008
1008
1008
1008
1008
1009
1009
1009
1009
1009
1010
1011
1011
1012
1013
1014
1014
1015
1015
1015
1016
1016
1016
1017
1017
1017
1017
1019
1021
1023
1026
1028
1028
1028
1029
1030
1030
1034
1034
1035
1035
1036
1036
1037
1039
1041
1041
1043
1044
1045
1049
1049
1050
1050
1050
1052
1052
1052
1054
1054
1055
1056
1057
1058
1058
1058
1060
1061
1063
1063
1063
1064
1065
1065
1066
1066
1066
1067
1068
1068
1068
1068
1068
1069
1071
1072
1072
1073
1073
1074
1074
1074
1075
1075
1075
1076
1078
1079
1080
1081
1081
1082
1083
1085
1085
1087
1087
1088
1088
1088
1090
1091
1092
1096
1098
1098
1098
1100
1102
1102
1103
1103
1103
1104
1105
1107
1107
1108
1108
1109
1110
1111
1111
1112
1112
1112
1113
1114
1114
1115
1115
1120
1122
1123
1124
1127
1128
1128
1129
1130
1131
1134
1134
1135
1135
1135
1136
1136
1136
1136
1137
1138
1139
1139
1140
1140
1142
1142
1142
1143
1144
1144
1144
1144
1146
1147
1149
1149
1152
1156
1156
1156
1157
1158
1159
1159
1159
1163
1164
1164
1165
1165
1166
1167
1167
1168
1168
1169
1169
1170
1170
1170
1175
1176
1176
1176
1180
1180
1185
1187
1188
1193
1193
1195
1196
1196
1197
1197
1200
1200
1204
1206
1207
1208
1209
1209
1210
1210
1212
1217
1217
1220
1221
1222
1222
1222
1223
1224
1229
1229
1229
1231
1231
1232
1237
1238
1238
1239
1239
1239
1240
1240
1241
1242
1242
1242
1243
1244
1245
1245
1245
1245
1247
1247
1247
1247
1248
1248
1248
1251
1254
1254
1256
1256
1257
1259
1260
1260
1260
1262
1263
1263
1266
1267
1268
1268
1269
1269
1271
1272
1272
1273
1274
1277
1277
1285
1285
1286
1286
1288
1292
1293
1294
1294
1295
1295
1297
1301
1302
1303
1303
1304
1304
1304
1308
1309
1309
1309
1310
1311
1312
1312
1313
1314
1314
1314
1314
1314
1315
1315
1316
1316
1316
1317
1317
1318
1318
1318
1320
1320
1321
1321
1322
1324
1324
1326
1326
1326
1326
1326
1327
1327
1328
1328
1328
1329
1329
1330
1330
1331
1331
1331
1332
1332
1332
1332
1333
1333
1333
1333
1333
1334
1335
1335
1340
1341
1343
1343
1343
1343
1343
1345
1346
1349
1349
1349
1349
1350
1351
1352
1352
1353
1354
1355
1356
1356
1357
1359
1360
1361
1362
1365
1365
1365
1367
1367
1367
1369
1370
1371
1372
1372
1372
1373
1373
1373
1375
1375
1376
1376
1376
1376
1377
1378
1379
1379
1381
1381
1384
1384
1385
1385
1385
1386
1387
1387
1387
1388
1388
1389
1390
1392
1393
1393
1394
1396
1396
1404
1404
1405
1405
1407
1407
1407
1407
1408
1409
1409
1409
1410
1410
1412
1412
1413
1413
1414
1415
1421
1422
1423
1423
1423
1424
1424
1426
1436
1440
1445
1447
1478
1485
1485
1485
1490
1493
1497
1499
1501
1501
1508
1510
1511
1512
1512
1515
1518
1519
1520
1521
1523
1524
1525
1525
1525
1527
1527
1527
1530
1530
1530
1531
1533
1533
1533
1534
1534
1535
1535
1535
1536
1536
1538
1538
1539
1540
1541
1541
1541
1541
1544
1544
1544
1546
1546
1546
1548
1548
1548
1549
1550
1550
1551
1551
1552
1553
1554
1555
1556
1557
1557
1558
1558
1558
1560
1561
1561
1561
1562
1562
1564
1567
1567
1567
1569
1569
1570
1571
1573
1575
1575
1575
1576
1576
1577
1578
1580
1580
1580
1581
1581
1581
1583
1583
1584
1586
1586
1586
1586
1587
1587
1588
1588
1589
1589
1589
1589
1590
1590
1591
1591
1591
1593
1593
1593
1593
1594
1594
1595
1595
1595
1596
1597
1598
1598
1598
1603
1604
1604
1605
1605
1606
1610
1610
1611
1611
1612
1613
1614
1616
1620
1621
1623
1626
1626
1632
1633
1634
1635
1635
1635
1640
1642
1642
1643
1644
1647
1649
1650
1650
1652
1653
1656
1660
1662
1663
1666
1666
1669
1669
1670
1670
1671
1671
1671
1672
1672
1673
1674
1674
1679
1680
1683
1686
1689
1690
1691
1691
1692
1693
