0
2
4
4
6
6
7
7
7
8
8
8
8
9
9
9
9
9
9
10
10
10
10
11
11
11
11
11
12
13
14
14
15
15
15
15
15
16
18
18
18
19
19
19
19
20
21
21
22
22
22
23
23
23
23
23
23
23
23
24
24
24
24
25
25
25
25
25
25
25
25
25
25
25
26
26
26
26
26
27
28
28
28
29
29
29
29
29
30
30
31
31
33
33
33
34
35
36
36
36
36
36
37
38
38
39
39
42
43
43
43
43
45
45
45
46
46
47
47
47
47
49
49
49
49
50
50
51
51
51
52
52
52
53
54
54
54
55
56
57
57
57
57
57
58
59
59
60
60
60
60
61
62
62
62
62
63
63
64
64
65
65
66
67
67
67
68
68
68
69
69
69
69
69
70
71
71
71
73
73
74
75
77
78
78
78
78
79
79
79
79
80
80
80
80
82
82
82
82
84
84
85
86
86
87
88
88
89
89
89
89
90
90
90
92
92
93
93
93
94
94
94
94
94
94
95
95
96
96
97
98
98
99
99
100
100
101
101
103
104
105
106
107
107
108
108
110
111
111
112
113
113
113
113
114
115
115
115
116
117
118
119
120
120
120
121
122
122
123
124
126
126
126
127
127
127
128
128
130
131
131
131
132
132
133
134
134
134
135
136
136
139
140
142
143
144
144
144
144
145
145
146
146
147
148
150
150
150
150
151
151
151
152
152
152
152
153
154
155
156
156
157
159
159
159
159
160
161
162
163
164
165
167
167
169
169
171
171
173
176
176
177
177
178
178
179
181
181
181
182
183
183
184
184
185
187
190
191
192
193
196
196
196
197
198
199
199
199
199
200
200
200
200
200
200
200
201
202
202
203
206
206
207
207
208
208
209
210
211
212
213
213
214
215
215
215
215
215
216
217
217
217
217
220
223
223
223
223
225
225
227
227
227
228
229
229
230
230
231
232
232
233
233
233
234
234
234
234
235
235
235
235
235
236
236
236
237
237
238
239
239
239
240
240
240
240
240
241
242
242
242
242
242
242
243
244
244
246
246
249
250
252
252
252
254
255
255
255
255
256
256
256
257
257
257
257
258
258
259
260
261
261
261
261
261
262
263
263
263
264
266
266
266
267
267
268
268
268
269
269
269
269
269
270
270
270
270
271
272
272
272
272
274
275
275
276
277
277
277
278
279
279
280
283
284
285
288
290
291
291
291
291
291
292
292
292
293
293
294
294
294
294
295
296
296
297
297
297
297
298
298
299
300
303
304
307
307
310
314
315
315
317
318
318
319
321
321
322
323
323
324
324
324
324
324
324
326
327
327
327
327
329
329
329
329
329
330
330
331
332
332
334
335
336
336
336
339
340
341
341
342
342
343
343
344
345
345
345
346
346
347
347
347
347
347
348
348
349
349
350
351
352
354
355
357
357
357
358
359
361
362
362
364
365
368
368
369
370
370
370
371
371
371
372
373
374
374
374
375
375
375
375
376
376
376
376
377
377
377
378
378
378
378
379
379
379
379
380
380
381
382
382
383
383
383
383
384
384
385
385
386
386
387
387
387
387
388
391
391
391
392
392
393
393
393
393
394
394
394
394
395
395
395
396
397
399
401
402
402
402
403
404
406
408
409
409
413
413
413
416
416
416
416
416
417
422
423
424
425
426
427
427
428
428
429
429
432
435
435
438
438
438
439
439
439
440
440
440
441
442
443
446
446
446
448
448
454
456
456
456
456
456
457
457
458
458
459
460
460
462
464
465
465
468
469
472
472
472
473
473
474
476
478
478
485
487
489
489
490
490
490
490
491
491
491
491
491
492
492
492
492
494
494
494
496
497
497
498
498
498
498
499
499
499
501
502
502
505
506
506
506
507
508
511
512
512
512
512
512
513
514
514
515
515
515
516
516
518
518
520
521
521
521
522
522
522
523
523
526
527
528
528
531
533
534
535
535
535
536
536
536
537
538
538
539
539
539
539
539
540
542
542
542
542
542
542
543
545
546
546
546
546
546
546
547
549
549
550
551
552
552
553
554
555
555
555
556
556
557
557
557
557
557
557
557
557
557
557
557
558
558
558
558
558
559
559
559
560
560
560
560
560
560
561
562
564
564
564
564
564
564
564
564
565
567
571
571
572
572
572
573
574
574
576
576
576
576
577
578
580
580
580
581
583
584
584
585
585
585
586
586
586
587
587
588
588
589
589
589
594
596
596
596
596
596
597
597
601
602
602
603
603
603
604
605
605
606
607
608
609
610
610
611
613
613
613
614
615
615
617
617
617
617
618
618
618
618
619
619
619
619
619
619
620
620
620
621
621
622
623
624
624
625
626
627
627
628
628
629
629
629
630
630
630
631
631
635
636
636
637
639
641
641
643
643
643
644
645
649
649
649
651
652
655
655
656
659
659
659
659
660
660
661
662
664
666
667
667
668
669
670
670
671
671
671
673
673
675
676
677
679
679
679
679
679
680
681
681
681
682
682
682
682
683
686
686
686
687
688
691
691
691
691
691
692
692
692
692
692
693
693
693
694
694
694
695
695
696
696
698
698
700
701
702
703
704
705
706
706
706
706
707
708
708
708
709
710
711
711
711
712
712
712
712
712
713
714
714
715
715
716
719
720
720
721
723
723
725
728
728
728
729
730
734
736
739
740
741
741
741
741
741
741
742
742
742
742
743
745
749
750
750
752
753
754
755
759
765
765
766
766
767
768
768
768
769
771
771
771
772
772
772
772
773
774
775
775
775
775
776
776
777
777
780
782
782
783
784
786
789
791
792
792
793
793
795
795
795
796
796
797
797
797
797
798
798
799
799
801
802
802
803
804
805
806
807
810
813
816
816
817
817
817
817
818
818
820
821
823
823
823
828
829
830
830
831
831
831
832
833
835
836
847
851
852
856
857
857
858
859
861
861
862
862
863
863
865
868
869
871
871
873
875
876
877
877
880
881
882
882
882
883
883
884
885
886
886
887
888
888
888
889
889
891
892
892
894
896
897
898
899
899
902
902
902
903
904
905
906
906
906
908
909
909
910
910
910
910
912
915
915
916
918
918
920
920
920
921
922
924
925
927
928
928
928
929
932
933
933
934
935
936
937
943
945
948
948
949
950
950
950
951
952
966
969
969
971
973
977
978
979
980
980
982
983
983
983
983
984
984
985
985
986
986
986
986
986
987
988
993
994
995
998
1000
1001
1002
1002
1002
1003
1003
1003
1003
1003
1004
1004
1004
1005
1006
1007
1009
1010
1012
1013
1013
1014
1015
1017
1017
1017
1020
1021
1025
1028
1034
1038
1045
1048
1054
1055
1057
1058
1059
1059
1059
1060
1060
1060
1060
1062
1062
1062
1067
1073
1077
1078
1078
1078
1079
1079
1079
1079
1080
1080
1080
1080
1081
1081
1082
1086
1090
1091
1091
1092
1097
1097
1100
1100
1101
1101
1102
1106
1109
1111
1111
1112
1113
1113
1115
1116
1117
1117
1120
1120
1120
1121
1121
1122
1122
1125
1126
1128
1130
1133
1136
1136
1137
1138
1138
1138
1140
1141
1143
1144
1145
1146
1149
1150
1151
1152
1153
1155
1159
1160
1163
1163
1164
1164
1166
1172
1172
1174
1174
1174
1176
1178
1179
1180
1180
1182
1186
1188
1189
1189
1189
1192
1193
1193
1194
1194
1195
1196
1196
1197
1199
1202
1202
1202
1205
1206
1206
1207
1214
1214
1215
1215
1220
1221
1223
1223
1224
1225
1225
1225
1226
1227
1227
1228
1234
1238
1240
1241
1241
1242
1242
1253
1254
1254
1259
1260
1265
1268
1269
1270
1273
1273
1273
1273
1274
1277
1282
1283
1284
1285
1287
1288
1288
1288
1288
1288
1288
1296
1304
1314
1319
1320
1320
1320
1320
1320
1321
1321
1324
1324
1326
1329
1330
1330
1330
1331
1332
1333
1334
1334
1335
1338
1339
1340
1340
1341
1344
1345
1348
1351
1353
1355
1357
1357
1357
1358
1358
1358
1359
1360
1363
1364
1365
1369
1377
1378
1378
1383
1384
1384
1385
1385
1387
1392
1393
1395
1417
1420
1423
1426
1426
1427
1428
1433
1433
1433
1434
1434
1435
1435
1435
1436
1437
1437
1437
1437
1438
1438
1438
1439
1439
1439
1444
1445
1447
1447
1448
1448
1448
1449
1456
1458
1459
1459
1460
1460
1465
1465
1465
1465
1466
1466
1466
1466
1467
1467
1468
1468
1468
1468
1468
1469
1469
1470
1471
1477
1483
1483
1483
1483
1484
1484
1484
1484
1485
1485
1486
1490
1491
1493
1493
1497
1498
1498
1499
1499
1501
1502
1507
1512
1521
1522
1525
1526
1526
1530
1530
1531
1533
1537
1541
1541
1543
1545
1545
1547
1548
1550
1550
1551
1552
1554
1554
1558
1560
1561
1562
1563
1569
1569
1572
1579
1584
1587
1589
1590
1593
1596
1600
1600
1601
1601
1603
1605
1609
1609
1612
1614
1616
1617
1617
1617
1618
1619
1619
1620
1622
1623
1624
1626
1627
1627
1627
1628
1628
1628
1628
1628
1628
1629
1630
1634
1635
1635
1636
1637
1638
1639
1639
1640
1640
1640
1641
1641
1642
1644
1644
1647
1648
1649
1653
1653
1653
1654
1656
1656
1657
1657
1657
1657
1658
1658
1659
1663
1664
1666
1666
1669
1671
1672
1676
1676
1677
1679
1679
1681
1681
1682
1683
1683
1683
1683
1684
1685
1686
1686
1688
1688
1689
1689
1689
1690
1691
1691
1691
1691
1693
1693
1693
1693
1695
1702
1706
1708
1717
1718
1720
1720
1722
1725
1735
1742
1743
1744
1744
1747
1748
1749
1750
1752
1754
1755
1756
1758
1762
1763
1765
1765
1766
1767
1768
1768
1768
1768
1769
1769
1769
1769
1769
1769
1769
1769
1769
1770
1771
1772
1772
1773
1774
1774
1776
1776
1779
1781
1782
1782
1783
1783
1783
1784
1788
1790
1801
1801
1803
1803
1804
1804
1804
1805
1805
1806
1806
1807
1813
1815
1818
1821
1823
1826
1827
1827
1827
1839
1840
1842
1851
1855
1857
1858
1859
1859
1862
1862
1862
1862
1863
1863
1864
1865
1867
1867
1869
1871
1872
1874
1875
1879
1883
1885
1888
1894
1901
1902
1905
1909
1910
1912
1917
1923
1925
1926
1927
1936
1936
1937
1937
1947
1949
1951
1952
1953
1958
1962
1962
1965
1972
1973
1975
1977
1979
1980
1985
1986
1988
1992
1995
1999
2012
2013
2013
2014
2020
2027
2027
2028
2033
2045
2047
2053
2058
2063
2063
2064
2070
2072
2073
2073
2076
2078
2088
2112
2116
2120
2121
2121
2122
2129
2131
2138
2138
2138
2140
2140
2145
2145
2149
2150
2153
2155
2158
2163
2169
2174
2180
2184
2193
2198
2199
2199
2201
2203
2207
2211
2216
2216
2219
2219
2221
2222
2224
2229
2229
2231
2232
2238
2238
2241
2242
2244
2245
2246
2246
2248
2249
2251
2253
2254
2257
2257
2258
2259
2259
2260
2261
2261
2261
2262
2263
2264
2265
2265
2265
2265
2270
2273
2274
2276
2278
2280
2280
2283
2285
2287
2288
2288
2288
2290
2292
2293
2294
2296
2296
2298
2304
2306
2307
2308
2309
2312
2315
2315
2316
2316
2316
2319
2320
2323
2328
2328
2328
2328
2330
2330
2331
2332
2333
2334
2335
2337
2342
2344
2346
2346
2347
2349
2351
2353
2353
2353
2354
2355
2356
2357
2360
2362
2364
2368
2369
2373
2374
2374
2375
2376
2380
2386
2387
2387
2388
2389
2390
2391
2397
2399
2401
2401
2401
2401
2401
2404
2407
2407
2407
2410
2412
2413
2414
2433
2433
2448
2449
2449
2451
2459
2462
2462
2462
2462
2463
2467
2468
2468
2469
2469
2469
2470
2472
2476
2477
2477
2477
2483
2485
2487
2487
2490
2490
2491
2497
2497
2498
2499
2499
2501
2501
2501
2502
2506
2506
2507
2508
2509
2510
2510
2511
2512
2512
2513
2517
2518
2518
2520
2521
2521
2522
2522
2524
2524
2525
2526
2532
2532
2532
2533
2534
2535
2536
2536
2536
2537
2540
2540
2541
2543
2546
2548
2554
2561
2565
2566
2567
2570
2570
2572
2580
2580
2581
2582
2595
2606
2606
2609
2610
2611
2617
2618
2619
2619
2646
2648
2649
2680
2702
2703
2703
2719
2720
2721
2726
2742
2742
2748
2751
2758
2758
2759
2762
2762
2763
2764
2767
2769
2773
2774
2774
2775
