0
2
3
3
6
6
8
8
8
8
8
8
8
9
9
9
9
9
9
9
9
9
10
10
10
10
10
10
11
11
11
11
11
12
12
12
13
15
16
16
16
17
17
17
17
18
18
18
18
18
19
19
19
20
20
20
20
20
21
22
23
24
24
25
25
25
26
26
27
28
28
30
31
31
33
34
35
35
35
37
37
37
39
39
39
39
40
40
40
42
42
43
43
43
44
44
45
46
48
48
48
50
50
52
52
57
58
58
59
60
61
61
64
64
64
66
67
71
73
74
74
74
74
75
76
76
76
77
81
81
82
84
84
85
87
88
89
91
91
91
92
92
92
92
92
93
93
94
95
95
96
97
97
101
101
102
102
102
102
102
103
103
103
104
104
104
105
106
106
107
110
112
112
112
113
113
113
115
116
116
118
119
120
120
121
121
122
122
123
124
125
127
128
129
129
129
129
131
131
132
134
134
135
135
138
139
140
140
142
142
142
142
143
144
145
145
145
146
148
150
151
152
152
152
152
152
152
152
152
153
154
154
157
158
158
159
159
160
161
162
162
163
164
167
168
170
171
172
172
173
174
176
177
178
178
178
179
180
181
181
182
182
182
183
186
187
188
188
188
190
192
192
193
194
195
198
198
199
199
199
202
203
204
205
208
209
209
210
210
211
211
212
212
213
213
214
214
215
215
215
216
216
217
219
219
219
220
220
221
222
222
224
225
225
227
227
227
228
229
230
230
231
232
232
233
237
243
243
244
244
244
246
246
248
248
249
251
251
256
258
258
258
258
259
261
266
267
268
269
270
271
271
274
275
276
281
317
323
323
323
325
329
330
332
335
335
336
336
338
339
342
344
344
345
345
349
351
351
351
352
352
352
353
359
361
364
370
375
378
381
381
391
393
401
404
406
409
410
411
412
415
424
427
429
437
438
438
440
440
442
443
443
448
448
449
451
452
454
455
461
462
463
463
463
464
465
465
466
469
472
474
486
486
486
487
490
504
508
509
510
510
510
512
512
513
516
516
516
517
519
519
523
525
526
527
529
529
530
530
530
530
530
532
532
534
536
553
578
595
601
603
604
614
614
622
629
634
635
637
639
641
642
643
643
643
644
645
650
651
653
653
654
654
655
660
664
664
665
665
665
665
666
666
667
667
668
668
669
669
669
670
670
670
670
672
672
672
672
673
673
674
677
680
683
683
684
684
686
687
687
689
694
695
696
697
697
697
697
697
697
698
698
698
698
699
699
700
700
703
708
708
709
709
710
712
714
716
716
717
717
718
721
724
724
725
727
728
733
736
737
739
740
743
743
746
748
749
750
751
751
753
755
756
759
771
771
772
772
772
774
775
780
782
783
784
785
787
788
789
791
791
798
809
820
820
821
822
824
825
826
826
830
830
831
833
833
833
836
836
837
837
838
840
859
869
875
884
884
887
891
892
897
898
899
906
914
917
921
926
930
941
942
943
943
944
946
966
967
969
971
971
972
973
974
979
979
981
983
985
986
988
990
1013
1015
1023
1029
1040
1041
1042
1042
1046
1051
1051
1052
1052
1052
1052
1053
1053
1055
1058
1069
1069
1072
1072
1073
1073
1074
1076
1076
1076
1077
1077
1078
1080
1080
1080
1082
1082
1084
1086
1087
1097
1098
1099
1100
1100
1102
1105
1108
1114
1114
1115
1115
1116
1116
1117
1117
1118
1119
1120
1121
1122
1124
1124
1125
1127
1127
1127
1129
1129
1130
1131
1138
1139
1142
1142
1143
1143
1143
1144
1145
1146
1147
1149
1157
1157
1158
1158
1159
1162
1163
1164
1164
1171
1172
1174
1174
1174
1176
1176
1176
1177
1178
1179
1179
1179
1180
1184
1185
1187
1187
1187
1187
1188
1190
1194
1194
1194
1199
1199
1200
1201
1201
1201
1201
1202
1202
1202
1202
1202
1203
1203
1203
1204
1204
1204
1205
1205
1205
1205
1205
1206
1207
1207
1207
1207
1211
1213
1222
1226
1230
1230
1230
1231
1231
1232
1232
1232
1233
1234
1240
1246
1246
1257
1257
1258
1259
1259
1259
1259
1259
1259
1260
1260
1260
1261
1268
1269
1273
1276
1278
1280
1281
1281
1283
1284
1289
1293
1295
1297
1300
1300
1301
1301
1302
1302
1303
1303
1304
1304
1304
1304
1305
1305
1306
1308
1309
1310
1315
1316
1325
1325
1326
1326
1326
1327
1327
1328
1328
1329
1329
1329
1329
1329
1329
1329
1329
1329
1330
1331
1333
1334
1340
1342
1348
1348
1350
1353
1354
1356
1369
1369
1369
1374
1378
1379
1387
1387
1389
1400
1407
1408
1410
1411
1412
1413
1414
1418
1418
1419
1419
1419
1420
1420
1420
1420
1420
1421
1421
1422
1422
1422
1423
1423
1423
1423
1424
1424
1425
1426
1426
1429
1429
1429
1429
1430
1432
1432
1433
1433
1434
1434
1435
1435
1436
1436
1436
1437
1438
1438
1438
1439
1439
1439
1440
1440
1441
1442
1442
1443
1444
1444
1444
1444
1445
1445
1447
1448
1448
1451
1451
1451
1452
1453
1453
1453
1454
1455
1456
1456
1456
1457
1457
1458
1458
1458
1459
1459
1459
1459
1459
1459
1460
1460
1461
1461
1462
1462
1462
1462
1464
1464
1465
1465
1467
1469
1470
1471
1474
1474
1474
1474
1475
1475
1475
1476
1477
1478
1479
1479
1480
1497
1515
1524
1534
1536
1538
1539
1541
1541
1541
1542
1542
1543
1543
1545
1546
1546
1546
1547
1548
1549
1552
1553
1554
1554
1554
1554
1555
1555
1555
1557
1557
1559
1559
1560
1560
1561
1561
1565
1565
1565
1565
1565
1566
1567
1567
1567
1569
1569
1572
1572
1573
1573
1573
1573
1574
1574
1575
1575
1576
1576
1579
1580
1580
1583
1586
1586
1587
1587
1587
1587
1588
1588
1588
1589
1589
1589
1590
1590
1591
1591
1591
1593
1593
1593
1594
1594
1595
1595
1601
1601
1602
1603
1603
1603
1604
1604
1604
1604
1605
1605
1605
1605
1605
1606
1606
1606
1606
1606
1607
1608
1608
1609
1609
1609
1609
1611
1612
1612
1614
1614
1614
1615
1616
1616
1617
1617
1618
1619
1619
1619
1620
1620
1622
1623
1623
1627
1628
1630
1631
1632
1632
1632
1633
1633
1633
1633
1634
1634
1635
1635
1636
1639
1639
1639
1640
1640
1640
1641
1641
1643
1643
1645
1648
1649
1654
1655
1658
1658
1662
1662
1662
1662
1662
1667
1678
1681
1683
1684
1684
1685
1686
1687
1687
1688
1688
1688
1688
1688
1689
1690
1691
1693
1696
1696
1697
1705
1705
1714
1715
1715
1716
1717
1720
1720
1723
1729
1730
1730
1735
1735
1738
1740
1740
1741
1741
1745
1745
1747
1747
1749
1751
1751
1752
1752
1755
1755
1756
1756
1756
1759
1761
1762
1762
1762
1762
1763
1765
1766
1767
1767
1767
1769
1769
1770
1770
1771
1771
1771
1772
1772
1772
1772
1773
1773
1773
1773
1774
1775
1775
1777
1777
1781
1783
1784
1784
1785
1785
1789
1791
1797
1805
1806
1812
1814
1818
1818
1820
1820
1822
1823
1823
1829
1834
1847
1847
1847
1849
1850
1851
1852
1853
1855
1865
1866
1871
1872
1873
1873
1876
1877
1877
1878
1878
1883
1892
1897
1897
1898
1905
1908
1911
1913
1915
1917
1917
1920
1926
1926
1932
1937
1938
1939
1940
1940
1941
1949
1950
1951
1952
1953
1961
1965
1969
1972
1975
1977
1977
1978
1978
1978
1979
1993
1996
1997
1999
2005
2005
2012
2017
2021
2028
2031
2032
2035
2037
2044
2051
2057
2058
2061
2061
2061
2063
2064
2065
2068
2073
2075
2076
2077
2077
2078
2078
2079
2081
2081
2091
2097
2099
2099
2101
2101
2101
2102
2103
2103
2103
2104
2104
2104
2104
2105
2108
2114
2115
2115
2119
2120
2120
2120
2120
2121
2121
2121
2130
2132
2134
2135
2137
2139
2139
2140
2141
2141
2142
2142
2143
2145
2147
2147
2150
2151
2152
2153
2154
2156
2160
2161
2161
2161
2161
2162
2163
2163
2163
2166
2174
2175
2175
2175
2175
2175
2176
2176
2176
2176
2178
2180
2181
2182
2182
2183
2184
2184
2184
2185
2185
2188
2190
2191
2192
2192
2192
2192
2193
2193
2196
2196
2198
2200
2200
2206
2208
2208
2215
2216
2217
2218
2219
2219
2220
2222
2226
2239
2247
2254
2255
2257
2257
2258
2262
2265
2268
2268
2269
2283
2286
2300
2300
2300
2303
2304
2306
2307
2308
2309
2314
2315
2315
2322
2326
2338
2339
2342
2344
2345
2345
2347
2347
2352
2352
2372
2374
2378
2379
2382
2387
2388
2391
2391
2392
2392
2392
2396
2397
2397
2397
2398
2398
2402
2406
2408
2411
2411
2417
2434
2434
2437
2438
2440
2440
2441
2446
2447
2448
2449
2449
2458
2460
2460
2460
2465
2471
2471
2473
2473
2473
2474
2474
2476
2478
2479
2480
2481
2482
2486
2486
2489
2490
2492
2496
2496
2496
2507
2509
2509
2513
2513
2517
2528
2529
2533
2533
2537
2539
2539
2542
2543
2543
2546
2547
2547
2551
2553
2553
2556
2556
2561
2561
2563
2563
2563
2567
2574
2575
2577
2577
2578
2581
2587
2592
2595
2595
2595
2596
2596
2599
2600
2603
2611
2615
2615
2616
2616
2622
2636
2636
2640
2653
2654
2654
2655
2655
2655
2658
2659
2660
2661
2662
2663
2665
2665
2666
2669
2671
2671
2672
2676
2682
2683
2683
2692
2695
2695
2695
2700
2701
2702
2708
2711
2712
2713
2716
2730
2731
2732
2732
2737
2737
2738
2740
2743
2745
2746
2747
2751
2756
2762
2762
2763
2764
2764
2771
2772
2779
2780
2780
2781
2785
2786
2787
2790
2790
2790
2793
2793
2793
2795
2795
2798
2802
2802
2803
2805
2805
2807
2807
2807
2812
2816
2830
2848
2871
2894
2901
2902
2935
2953
2958
2965
2968
2968
2970
2972
2986
2986
2989
2991
2992
2995
3000
3002
3003
3003
3004
3007
3007
3015
3016
3016
3016
3018
3018
3019
3019
3019
3019
3020
3020
3020
3024
3026
3026
3028
3030
3030
3034
3034
3034
3036
3036
3037
3037
3039
3041
3042
3045
3050
3053
3075
3075
3075
3075
3078
3081
3082
3083
3092
3094
3095
3096
3098
3102
3106
3106
3111
3120
3123
3125
3127
3129
3132
3132
3134
3139
3145
3146
3150
3151
3154
3154
3155
3155
3156
3156
3159
3159
3160
3160
3160
3163
3164
3164
3169
3170
3172
3172
3172
3172
3172
3172
3174
3174
3175
3176
3177
3185
3214
3218
3219
3220
3254
3270
3302
3312
3320
3322
3323
3326
3346
3346
3347
3347
3359
3385
3406
3411
3414
3428
3436
3438
3440
3440
3443
3444
3446
3455
3457
3462
3468
3469
3471
3472
3478
3478
3480
3481
3490
3493
3497
3498
3500
3508
3557
3567
3574
3576
3578
3595
3596
3598
3599
3600
3616
3617
3617
3617
3622
3629
3649
3650
3650
3655
3659
3661
3666
3672
3677
3689
3691
3692
3692
3694
3697
3699
3699
3700
3700
3701
3702
3702
3703
3703
3705
3705
3712
3714
3717
3719
3720
3727
3727
3731
3757
3764
3771
3771
3771
3772
3772
3772
3788
3792
3792
3792
3792
3792
3793
3795
3812
3814
3814
3829
3838
3842
3849
3856
3864
3866
3870
3872
3877
3903
3905
3907
3927
3939
3943
3948
3955
3962
3966
3968
3968
3970
3972
3974
3975
3976
3978
3982
3983
3985
3988
3991
4001
4002
4003
4004
4005
4007
4010
4010
4013
4013
4013
4019
4019
4020
4021
4023
4023
4026
4026
4027
4028
4029
4029
4030
4032
4035
4039
4045
4046
4047
4051
4052
4058
4064
4065
4065
4074
4074
4080
4081
4082
4082
4082
4085
4086
4086
4087
4088
4089
4092
4095
4097
4097
4097
4100
4100
4101
4103
4105
4111
4123
4130
4133
4136
4138
4139
4140
4144
4145
4147
4149
4150
4152
4152
4158
4158
4159
4160
4160
4161
4161
4162
4164
4172
4175
4183
4193
4197
4204
4210
4211
4211
4212
4213
4215
4216
4217
4217
4219
4221
4224
4232
4233
4236
4244
4244
4249
4264
4266
4268
4271
4274
4276
4285
4288
4290
4293
4293
4296
4301
4308
4308
4308
4309
4310
4311
4313
4313
4313
4313
4313
4315
4316
4325
4328
4330
4331
4332
4334
4335
4336
4336
4338
4340
4344
4344
4344
4347
4348
4349
4351
4355
4356
4356
4357
4362
4368
4371
4374
4375
4376
4376
4385
4386
4387
4389
4390
4391
4394
4395
4397
4399
4400
4407
4408
4419
4423
4423
4423
4426
4505
4530
4537
4555
4576
4577
4579
4580
4585
4597
4597
4601
4602
4607
4617
4626
4629
4632
4633
4644
4647
4652
4653
4658
4660
4665
4667
4668
4671
4674
4674
4679
4679
4687
4688
4689
4691
4693
4694
4694
4696
4696
4696
4699
4703
4703
4705
4706
4707
4710
4712
4715
4722
4723
4735
4736
4738
4738
4740
4743
4744
4745
4745
4748
4750
4755
4757
4759
4760
4760
4764
4764
4765
4769
4770
4771
4771
4772
4772
4778
4778
4779
4779
4781
4781
4782
4785
4785
4786
4790
4792
4793
4794
4797
4797
4798
4798
4799
4799
4800
4802
4803
4803
4803
4805
4806
4806
4807
4808
4808
4810
4811
4812
4812
4817
4818
4819
4820
4822
4822
4822
4824
4831
4832
4832
4839
4842
4847
4851
4851
4854
4854
4857
4860
4860
4861
4866
4877
4878
4879
4879
4882
4888
4889
4890
4891
4892
4896
4897
4897
4897
4899
4899
4900
4900
4902
4902
4902
4902
4903
4903
4904
4904
4905
4905
4905
4906
