0
2
4
4
5
5
6
6
7
7
7
7
8
8
8
8
8
8
8
9
9
9
9
9
9
9
10
10
10
10
10
10
10
10
11
11
11
11
11
11
11
11
11
11
11
12
12
12
12
12
12
13
14
14
14
15
15
16
16
16
16
17
17
17
17
17
17
17
17
18
18
18
18
18
18
19
19
19
19
19
19
19
19
20
20
20
20
20
21
21
21
21
21
22
22
22
22
24
25
27
27
28
28
28
29
30
30
31
34
35
36
37
37
37
38
39
39
40
40
40
40
41
41
41
42
42
43
43
44
46
47
47
48
48
48
49
49
49
49
50
50
50
52
52
52
53
53
53
53
55
55
56
57
58
58
58
59
61
61
61
62
62
62
62
62
63
63
64
65
65
65
66
66
67
67
67
67
68
68
68
69
69
69
70
70
70
70
70
70
71
71
71
72
72
72
72
72
72
72
72
73
73
73
73
73
73
73
74
74
74
74
75
75
75
76
76
76
76
76
77
77
78
78
78
79
79
80
80
80
81
81
82
82
82
84
84
84
84
84
85
85
85
86
86
86
86
86
87
87
87
87
87
88
88
88
89
89
89
90
90
90
90
90
91
91
91
91
91
93
93
93
93
94
94
94
94
94
94
94
94
95
95
96
96
96
96
97
97
97
98
98
98
99
99
99
99
100
101
101
101
102
102
102
103
103
103
103
103
104
104
105
105
105
105
106
106
106
106
107
107
107
107
107
108
109
109
109
110
110
110
111
112
112
113
113
113
113
113
114
114
114
114
115
115
115
115
115
115
116
116
116
117
118
118
119
119
119
119
120
120
120
121
122
122
122
123
123
125
125
126
126
127
128
129
131
134
135
136
138
138
139
139
140
140
143
143
144
144
144
144
145
145
146
146
146
147
147
147
147
148
148
148
148
149
149
149
149
149
150
150
151
152
152
154
155
155
155
156
156
157
157
160
160
160
161
162
162
162
162
163
163
163
164
164
165
165
165
166
166
166
169
169
169
170
173
173
173
173
176
176
176
176
177
177
179
179
180
180
181
182
183
183
184
186
187
187
187
187
187
188
190
190
191
191
192
192
192
193
194
194
195
195
195
196
196
197
197
197
197
197
197
198
198
198
198
198
198
198
198
199
199
200
200
200
200
200
201
202
202
202
202
203
204
204
207
207
207
207
208
209
209
209
211
211
211
211
213
213
215
215
217
217
217
217
218
220
220
220
225
226
227
228
228
229
232
232
233
234
236
237
237
238
239
240
240
241
241
242
242
242
242
243
244
245
245
245
245
246
246
246
246
246
246
247
247
247
248
249
249
250
251
251
251
251
252
252
252
253
253
254
254
254
256
256
257
257
257
257
258
258
258
260
261
261
262
262
262
264
264
264
267
267
269
269
269
271
271
272
273
274
274
275
278
279
279
279
280
281
285
285
286
288
288
291
291
292
293
294
294
294
295
296
296
299
300
300
301
305
307
307
308
308
312
314
315
315
316
316
316
317
317
317
318
320
320
320
321
321
322
322
325
325
326
326
326
327
329
329
329
330
330
331
332
334
335
335
338
338
339
341
342
345
346
348
348
348
350
352
352
352
353
354
354
355
355
355
355
357
357
358
360
360
360
361
362
363
366
367
367
371
372
373
374
377
377
377
377
379
380
380
380
380
381
381
381
381
381
381
381
381
382
382
385
386
386
386
387
388
388
390
391
392
393
394
394
394
396
396
397
400
403
408
410
419
420
421
422
424
424
425
426
428
432
434
434
437
442
443
443
444
446
449
455
457
459
459
463
464
472
484
486
494
495
499
501
501
506
506
514
515
517
519
521
521
522
522
528
530
542
570
576
576
577
578
578
579
579
580
581
585
592
598
599
600
602
602
604
605
607
607
610
613
614
614
614
614
619
620
623
624
624
627
628
630
635
638
645
646
652
654
656
656
659
659
666
671
673
677
678
681
687
688
688
689
691
692
693
694
695
696
698
699
701
707
716
716
717
724
724
729
730
737
738
739
743
747
756
758
758
758
758
758
758
758
758
759
759
759
759
760
760
760
760
762
762
762
764
764
765
766
766
767
767
767
779
779
780
780
781
782
783
783
784
790
792
796
796
801
801
803
804
807
808
817
819
820
821
824
826
830
830
845
850
858
861
862
865
869
870
876
876
876
878
878
878
878
878
879
880
880
880
880
883
905
909
910
912
915
916
918
922
922
923
927
931
940
940
958
978
980
981
981
982
982
983
992
997
999
999
999
999
999
999
1000
1001
1002
1002
1003
1005
1006
1006
1006
1007
1007
1009
1010
1010
1011
1014
1014
1016
1018
1019
1019
1023
1026
1028
1029
1030
1072
1074
1074
1080
1086
1087
1087
1092
1099
1100
1114
1115
1115
1119
1122
1124
1125
1131
1135
1139
1140
1143
1147
1178
1181
1227
1231
1234
1238
1239
1245
1248
1281
1283
1285
1290
1291
1294
1297
1300
1300
1302
1314
1318
1323
1323
1347
1348
1349
1351
1353
1353
1357
1361
1365
1369
1369
1373
1374
1376
1379
1380
1381
1381
1381
1381
1383
1390
1392
1397
1398
1398
1399
1402
1406
1406
1408
1409
1409
1410
1411
1412
1413
1414
1415
1416
1429
1430
1430
1431
1431
1431
1431
1431
1432
1432
1432
1434
1436
1436
1437
1437
1438
1438
1438
1438
1438
1438
1439
1439
1439
1439
1439
1439
1439
1440
1440
1440
1440
1440
1440
1440
1440
1441
1441
1441
1441
1441
1441
1441
1441
1441
1441
1441
1442
1442
1442
1442
1443
1443
1443
1443
1443
1444
1444
1444
1444
1445
1445
1445
1445
1445
1446
1446
1446
1446
1446
1446
1447
1447
1447
1447
1447
1447
1447
1448
1448
1448
1448
1449
1449
1449
1449
1449
1449
1450
1450
1451
1451
1452
1452
1452
1452
1452
1452
1452
1453
1453
1453
1454
1454
1454
1455
1455
1456
1456
1457
1457
1457
1457
1458
1459
1459
1460
1460
1461
1461
1461
1462
1463
1463
1463
1463
1463
1463
1463
1463
1464
1464
1464
1464
1464
1465
1465
1465
1466
1466
1466
1466
1467
1467
1467
1467
1467
1467
1467
1468
1468
1468
1468
1468
1469
1469
1469
1469
1470
1470
1472
1473
1474
1475
1475
1475
1475
1475
1476
1476
1476
1476
1477
1478
1479
1479
1480
1480
1481
1481
1482
1482
1484
1485
1486
1486
1487
1491
1492
1492
1492
1493
1494
1495
1498
1500
1500
1501
1503
1507
1509
1522
1522
1529
1531
1539
1548
1552
1552
1552
1554
1556
1557
1560
1561
1562
1563
1563
1563
1568
1569
1571
1573
1574
1574
1575
1575
1576
1576
1578
1578
1579
1579
1579
1580
1580
1580
1581
1581
1581
1583
1583
1584
1585
1585
1586
1586
1586
1587
1587
1588
1588
1589
1589
1590
1592
1592
1594
1595
1595
1595
1597
1597
1598
1598
1600
1601
1601
1601
1601
1601
1602
1604
1604
1605
1608
1609
1609
1609
1610
1611
1611
1612
1613
1613
1614
1614
1614
1615
1616
1616
1616
1616
1619
1619
1622
1623
1624
1624
1624
1627
1627
1629
1629
1630
1630
1631
1631
1631
1631
1632
1632
1633
1633
1633
1634
1634
1634
1635
1635
1637
1637
1637
1638
1639
1640
1641
1642
1642
1642
1644
1644
1644
1645
1645
1646
1646
1646
1648
1648
1649
1650
1650
1650
1652
1652
1653
1655
1656
1656
1656
1656
1657
1657
1659
1659
1660
1661
1662
1666
1670
1672
1672
1674
1675
1675
1675
1679
1680
1681
1682
1682
1684
1684
1685
1686
1686
1687
1687
1687
1687
1689
1689
1690
1691
1693
1694
1695
1695
1697
1697
1697
1697
1698
1698
1698
1699
1702
1703
1705
1706
1706
1706
1710
1710
1710
1711
1711
1711
1711
1711
1711
1711
1712
1714
1715
1717
1723
1723
1725
1726
1727
1728
1732
1732
1733
1733
1733
1733
1734
1734
1734
1735
1735
1735
1736
1737
1737
1738
1738
1742
1745
1748
1748
1749
1753
1755
1756
1756
1758
1758
1762
1765
1770
1771
1778
1778
1779
1779
1781
1782
1783
1783
1787
1788
1789
1806
1816
1817
1818
1822
1851
1852
1860
1865
1870
1907
1909
1950
1962
1967
1968
1981
1981
1985
1986
1988
1990
1991
1993
1993
1993
1994
2008
2009
2012
2013
2013
2014
2014
2014
2018
2019
2019
2038
2038
2039
2042
2043
2044
2045
2045
2051
2072
2073
2073
2075
2081
2088
2088
2089
2092
2093
2094
2103
2107
2110
2114
2114
2124
2124
2126
2130
2132
2136
2136
2148
2148
2149
2155
2158
2160
2161
2172
2173
2180
2185
2188
2194
2196
2213
2214
2220
2221
2222
2233
2236
2236
2244
2248
2262
2263
2263
2265
2265
2267
2267
2267
2268
2270
2270
2271
2271
2272
2279
2280
2281
2282
2282
2286
2289
2290
2291
2305
2311
2312
2312
2321
2349
2351
2353
2353
2353
2353
2356
2356
2360
2361
2375
2375
2381
2389
2393
2407
2409
2418
2430
2431
2431
2441
2443
2443
2452
2452
2465
2470
2473
2473
2479
2484
2491
2498
2499
2500
2502
2502
2503
2505
2507
2511
2520
2525
2532
2562
2587
2587
2592
2597
2598
2598
2598
2599
2602
2605
2608
2608
2609
2610
2612
2613
2619
2625
2631
2631
2632
2640
2642
2644
2650
2650
2655
2655
2655
2655
2655
2656
2659
2668
2669
2672
2674
2675
2677
2680
2680
2680
2680
2681
2681
2682
2686
2687
2692
2697
2698
2698
2700
2718
2720
2721
2725
2732
2737
2738
2741
2742
2742
2745
2745
2750
2751
2752
2752
2753
2753
2757
2762
2763
2776
2788
2791
2797
2801
2802
2804
2808
2808
2808
2808
2812
2814
2823
2823
2823
2823
2826
2827
2830
2833
2864
2875
2877
2883
2884
2884
2900
2904
2904
2904
2905
2907
2909
2910
2914
2914
2916
2916
2917
2919
2922
2923
2923
2923
2924
2924
2938
2941
2943
2950
2957
2959
2961
2964
2965
2967
2967
2968
2971
2971
2976
2980
2980
2982
2984
2985
2987
2988
2995
3004
3004
3005
3005
3005
3007
3009
3009
3009
3011
3017
3019
3019
3020
3025
3025
3026
3046
3046
3051
3051
3055
3058
3061
3063
3063
3064
3064
3065
3068
3071
3078
3079
3089
3089
3090
3090
3093
3095
3097
3098
3099
3102
3102
3103
3104
3104
3104
3104
3105
3106
3107
3110
3110
3112
3113
3115
3115
3116
3120
3121
3122
3133
3135
3136
3138
3140
3141
3141
3143
3145
3146
3147
3147
3148
3149
3153
3156
3156
3157
3157
3158
3158
3158
3158
3159
3160
3164
3164
3165
3165
3167
3173
3174
3174
3176
3179
3179
3180
3182
3183
3188
3188
3189
3189
3189
3193
3194
3216
3217
3242
3242
3243
3244
3244
3247
3249
3254
3254
3257
3259
3269
3270
3273
3276
3277
3278
3285
3315
3318
3319
3320
3323
3323
3340
3351
3351
3388
3414
3414
3472
3527
3538
3539
3539
3549
3738
3755
3764
3770
3770
3776
3813
3845
3845
3846
3863
3864
3864
3866
3908
3922
3922
3940
3949
4039
4040
4044
4044
4048
4051
4123
4126
4136
4136
4139
4147
4147
4187
4192
4208
4224
4239
4240
4247
4247
4247
4248
4248
4260
4278
4305
4305
4331
4334
4343
4345
4349
4357
4362
4369
4384
4387
4394
4396
4423
4426
4428
4443
4443
4443
4450
4456
4460
4462
4463
4472
4474
4475
4476
4488
4493
4500
4504
4507
4554
4561
4565
4567
4568
4577
4579
4580
4580
4581
4583
4583
4583
4591
4598
4600
4601
4607
4607
4608
4609
4609
4609
4617
4618
4619
4620
4623
4625
4625
4630
4631
4632
4632
4633
4633
4635
4636
4637
4637
4638
4639
4639
4643
4651
4652
4656
4657
4658
4674
4715
4720
4736
4738
4743
4746
4757
4758
4759
4759
4762
4763
4764
4764
4765
4768
4777
4778
4781
4784
4785
4798
4806
4809
4811
4814
4829
4829
4833
4837
4838
4845
4847
4853
4879
4888
4891
4892
4943
4952
4952
4958
4958
4961
4963
4968
4972
4977
4978
4979
4979
4979
4979
4981
4982
4983
4983
4984
4985
4987
4991
4992
4992
4993
4999
5018
5024
5040
5042
5048
5075
5077
5086
5091
5092
5093
5094
5097
5103
5103
5105
5110
5110
5110
5112
5115
5118
5128
5128
5133
5134
5134
5139
5141
5141
5141
5141
5143
5150
5165
5169
5169
5171
5174
5183
5185
5188
5189
5200
5206
5206
5206
5207
5209
5209
5211
5212
5212
5214
5215
5222
5229
5231
5232
5234
5236
5237
5238
5242
5243
5244
5245
5249
5252
5252
5253
5261
5261
5268
5275
5276
5277
5279
5284
5292
5295
5296
5297
5298
5300
5303
5304
5305
5305
5313
5321
5321
5322
5324
5334
5335
5338
5352
5353
5356
5359
5362
5374
5375
5376
5378
5385
5386
5390
5398
5411
5422
5424
5430
5440
5443
5444
5452
5452
5453
5455
5464
5467
5470
5475
5526
5533
5533
5539
5539
5541
5544
5544
5549
