0
2
2
3
3
6
6
7
8
8
8
8
8
8
8
9
9
9
9
9
9
10
10
10
10
10
10
10
10
10
11
11
11
12
12
12
12
13
13
13
13
13
13
13
14
14
14
14
14
14
14
14
15
15
16
16
16
17
17
17
17
18
18
18
18
18
19
20
20
20
20
20
21
21
21
21
21
21
21
21
21
21
22
22
22
22
22
23
23
23
23
23
23
24
24
24
24
24
25
26
26
27
27
28
28
28
28
28
28
29
29
29
29
29
29
29
30
30
31
31
31
31
32
33
33
33
33
34
34
34
35
35
36
36
36
36
36
36
37
37
38
38
38
38
39
39
40
40
40
40
40
41
41
42
42
43
43
43
45
45
46
46
46
47
47
47
47
47
47
48
48
48
50
50
50
50
50
51
52
52
52
52
53
53
53
53
53
54
54
54
54
55
55
55
56
56
57
57
57
57
58
58
58
59
59
60
60
60
61
61
62
62
63
63
63
63
64
64
65
65
65
65
65
66
66
66
66
66
66
66
66
68
68
69
69
70
71
71
71
72
72
72
72
73
73
73
73
74
74
74
75
75
75
76
76
76
76
77
77
78
78
78
78
81
81
81
81
82
82
82
83
83
83
84
85
86
86
86
86
87
87
87
87
87
87
89
89
89
90
90
90
90
90
90
91
91
91
92
92
92
92
93
93
93
94
94
94
94
94
94
95
95
95
95
96
96
97
97
97
97
98
98
98
98
98
99
100
100
100
100
100
102
102
103
103
103
104
104
104
105
105
105
106
106
107
107
108
109
109
109
109
109
110
110
110
110
111
111
111
112
112
112
112
113
113
114
114
114
115
115
115
115
116
116
116
116
116
116
116
116
117
117
117
118
118
118
118
118
119
119
119
120
120
121
121
121
121
121
121
122
122
123
123
123
124
124
124
124
125
125
125
125
126
127
127
127
128
128
128
129
129
130
130
130
130
130
130
131
131
132
132
132
133
133
133
133
133
134
134
134
134
134
135
135
135
135
135
136
136
136
136
137
137
137
137
137
137
137
139
139
139
139
141
141
142
142
142
144
144
144
145
145
146
146
146
146
147
147
147
148
148
148
148
148
149
149
149
149
149
150
150
150
150
151
151
152
153
153
153
153
153
154
154
154
154
155
155
155
155
156
156
156
156
156
156
156
156
157
157
158
158
158
159
159
159
160
160
160
160
161
161
162
163
163
164
164
165
165
165
165
166
166
166
167
167
167
168
168
168
168
169
169
169
169
170
170
170
170
170
170
170
170
171
171
171
171
171
171
171
171
172
172
173
173
173
174
174
174
174
174
175
175
175
175
176
176
176
177
177
177
178
178
178
178
178
179
179
179
180
180
180
180
181
181
182
183
183
184
185
186
187
188
188
188
188
188
189
189
189
189
189
190
191
192
193
193
193
196
196
196
197
197
198
199
201
203
205
205
205
206
206
211
212
212
213
213
214
214
214
216
217
217
218
221
221
224
224
226
227
227
228
228
228
228
228
228
228
229
230
230
230
231
232
233
234
235
235
236
236
236
236
236
237
237
239
239
239
239
239
239
240
241
242
243
244
244
244
246
247
250
250
252
253
253
255
255
256
257
257
258
258
261
264
264
264
266
267
268
268
268
269
269
270
273
274
275
276
277
277
278
278
282
282
283
284
285
285
285
286
289
290
290
290
291
294
294
295
297
299
302
304
305
305
305
306
307
309
309
311
312
312
313
315
316
316
317
317
319
319
323
323
323
327
328
329
330
330
330
331
331
332
334
335
335
340
346
351
351
353
353
354
355
360
362
367
368
369
369
370
370
372
372
372
372
372
372
372
374
374
377
378
378
380
381
382
382
384
384
395
395
395
396
396
396
398
399
400
401
403
407
408
408
411
411
411
413
413
414
414
414
415
415
415
415
417
420
420
421
421
422
424
424
428
428
429
429
432
433
433
434
434
434
437
438
438
439
440
441
442
442
445
445
447
447
450
450
451
451
454
456
457
458
459
460
460
461
465
466
467
468
472
480
481
482
482
482
482
483
484
485
486
486
486
487
487
487
487
488
490
490
491
491
493
493
494
494
497
499
500
500
500
500
500
501
501
501
502
502
502
503
503
503
504
504
504
504
504
504
505
505
505
507
509
511
512
512
513
513
514
515
517
518
520
520
521
521
523
523
524
524
524
524
524
524
526
526
526
527
527
527
529
530
530
530
530
530
530
531
532
532
532
532
533
535
535
535
536
537
538
538
539
539
539
539
540
541
541
541
541
541
541
541
541
542
542
542
542
543
543
544
546
546
547
547
547
548
548
549
550
551
553
553
555
557
557
558
559
560
562
562
563
563
564
565
565
565
566
566
568
569
569
570
570
571
571
571
572
572
572
574
575
576
577
577
579
579
579
579
580
580
580
580
580
581
581
582
582
582
583
584
585
585
586
587
588
588
589
590
590
593
595
595
596
596
597
598
598
598
599
599
600
600
601
601
601
602
602
602
603
603
604
604
605
605
605
606
607
607
607
607
608
608
608
608
609
609
610
611
611
611
611
611
611
611
612
612
612
612
613
614
616
618
619
619
619
620
620
620
620
620
621
621
621
621
621
621
621
622
623
623
624
624
624
624
625
625
625
631
633
634
636
638
638
640
640
642
642
644
648
652
652
653
653
653
657
657
665
668
669
670
671
673
675
682
683
684
685
685
686
686
687
687
687
687
688
688
688
688
688
688
688
689
689
689
691
691
693
696
699
699
700
703
704
704
705
705
706
707
709
710
710
711
712
712
714
714
714
714
714
714
714
714
715
718
720
720
721
721
722
723
725
725
729
731
731
731
732
732
732
733
734
735
735
735
735
735
736
737
737
738
738
738
738
738
738
739
739
739
739
742
744
744
745
745
746
746
747
747
747
747
747
748
749
749
749
749
750
750
751
752
753
753
754
754
755
757
757
758
759
759
760
761
761
761
762
763
763
763
764
764
764
764
764
765
765
765
766
766
766
767
767
768
768
769
769
770
770
771
773
773
774
775
775
776
776
777
778
778
778
778
778
778
778
778
779
779
779
780
780
782
782
782
783
783
784
784
784
784
786
786
787
787
787
788
788
788
789
791
791
792
793
793
795
798
799
800
800
801
803
803
804
804
805
805
806
806
807
807
809
811
812
813
813
814
814
817
817
818
818
819
820
825
828
833
835
835
835
835
836
838
840
840
845
846
847
849
849
850
850
851
851
852
853
853
854
855
856
857
857
857
858
858
858
859
859
859
859
860
860
861
864
865
866
866
867
869
871
873
875
877
878
878
878
880
882
883
883
883
884
884
884
886
886
886
887
888
888
890
892
892
892
894
896
897
897
897
897
898
899
899
900
900
901
901
901
905
907
908
909
910
910
910
911
913
917
930
931
932
933
934
934
935
936
937
938
939
941
941
942
942
942
942
943
943
943
945
945
946
946
948
948
949
950
950
951
951
952
953
954
954
954
954
955
955
955
955
956
956
956
960
960
961
962
962
963
963
963
963
965
965
965
967
967
967
968
969
969
970
970
971
974
974
974
975
977
977
978
978
979
980
981
983
985
985
986
986
986
987
988
990
991
992
992
993
993
994
994
995
995
996
997
997
998
998
998
999
999
1000
1003
1004
1005
1006
1007
1007
1010
1011
1011
1011
1011
1011
1011
1011
1012
1012
1015
1015
1015
1016
1016
1017
1018
1019
1019
1021
1021
1021
1022
1022
1022
1027
1030
1031
1031
1032
1051
1052
1052
1053
1054
1059
1060
1061
1061
1063
1064
1066
1067
1067
1068
1070
1070
1070
1071
1072
1072
1073
1074
1074
1074
1075
1075
1075
1075
1075
1081
1083
1083
1084
1084
1084
1086
1087
1088
1091
1093
1093
1093
1094
1094
1094
1094
1094
1094
1094
1095
1095
1097
1099
1100
1100
1101
1101
1101
1102
1102
1102
1103
1103
1104
1104
1104
1104
1106
1106
1106
1109
1110
1110
1110
1111
1111
1112
1112
1112
1113
1113
1113
1114
1114
1114
1115
1115
1115
1115
1116
1116
1116
1117
1117
1118
1120
1129
1130
1133
1136
1136
1137
1137
1137
1137
1138
1139
1140
1142
1142
1144
1144
1144
1145
1145
1145
1145
1145
1146
1147
1149
1149
1153
1153
1154
1154
1155
1156
1159
1159
1159
1160
1160
1161
1161
1161
1161
1161
1162
1164
1169
1171
1171
1176
1176
1177
1179
1183
1183
1183
1184
1185
1186
1187
1187
1187
1188
1189
1189
1189
1190
1190
1190
1191
1192
1193
1193
1193
1193
1195
1195
1195
1197
1198
1199
1199
1199
1199
1200
1201
1201
1201
1202
1202
1202
1202
1203
1203
1204
1204
1204
1204
1204
1205
1205
1208
1211
1213
1216
1216
1218
1218
1218
1219
1219
1219
1221
1222
1222
1222
1223
1223
1223
1225
1225
1225
1226
1226
1226
1226
1229
1229
1230
1232
1234
1235
1235
1235
1236
1240
1240
1245
1245
1246
1248
1249
1251
1251
1251
1252
1252
1252
1256
1257
1258
1261
1264
1266
1266
1267
1267
1267
1271
1272
1272
1273
1274
1276
1276
1276
1277
1277
1277
1278
1279
1279
1280
1280
1281
1282
1282
1282
1282
1282
1283
1283
1283
1283
1283
1283
1283
1283
1284
1286
1290
1290
1290
1290
1295
1295
1295
1296
1296
1299
1302
1304
1304
1305
1306
1309
1309
1310
1310
1311
1313
1314
1315
1315
1316
1317
1317
1317
1317
1318
1319
1322
1322
1322
1324
1325
1325
1325
1326
1327
1328
1328
1328
1329
1331
1331
1332
1333
1333
1334
1335
1336
1336
1338
1339
1339
1341
1342
1342
1344
1344
1346
1347
1347
1347
1348
1348
1348
1349
1352
1352
1355
1356
1356
1356
1356
1357
1357
1357
1358
1359
1359
1359
1359
1362
1363
1364
1364
1365
1365
1366
1366
1366
1367
1367
1368
1368
1368
1368
1369
1369
1370
1370
1370
1371
1372
1373
1373
1373
1374
1375
1375
1376
1376
1377
1378
1379
1379
1380
1384
1384
1384
1384
1384
1385
1386
1386
1386
1387
1387
1391
1391
1392
1393
1393
1393
1394
1394
1395
1395
1398
1398
1398
1400
1401
1401
1401
1402
1406
1406
1407
1408
1409
1410
1410
1410
1411
1411
1412
1414
1415
1416
1417
1417
1419
1420
1420
1423
1423
1424
1428
1428
1429
1429
1434
1435
1435
1439
1439
1442
1442
1442
1442
1445
1445
1476
1477
1478
1484
1485
1486
1488
1488
1490
1492
1494
1494
1495
1499
1501
1502
1503
1508
1508
1509
1512
1515
1515
1516
1516
1516
1517
1517
1517
1518
1519
1519
1519
1520
1521
1523
1523
1525
1526
1527
1528
1530
1532
1532
1532
1535
1536
1537
1539
1541
1542
1544
1544
1545
1546
1547
1548
1549
1551
1553
1557
1557
1557
1558
1560
1560
1563
1564
1565
1567
1568
1570
1576
1576
1577
1577
1577
1581
1582
1582
1582
1583
1583
1584
1585
1587
1588
1588
1589
1591
1592
1593
1595
1595
1596
1597
1597
1597
1598
1600
1601
1605
1607
1607
1608
1609
1612
1612
1618
1624
1625
1626
1626
1632
1634
1636
1636
1637
1638
1639
1640
1640
1640
1640
1641
1642
1643
1644
1644
1644
1646
1647
1647
1648
1648
1652
1655
1660
1660
1662
1662
1662
1663
1664
1665
1665
1668
1668
1669
1670
1672
1672
1672
1673
1674
1674
1675
1675
1677
1679
1680
1681
1683
1687
1687
1688
1688
1688
1688
1689
1689
1689
1690
1694
1696
1696
1697
1698
1700
1702
1705
1707
1711
1711
1711
1716
1719
1719
1724
1725
1726
1730
1735
1742
1750
1757
1758
1760
1766
1766
1766
1767
1767
1767
1777
1778
1778
1778
1779
1791
1792
1792
1800
1802
1804
1806
1806
1807
1811
1811
1811
1822
1826
1829
1852
1853
1867
1869
1870
1871
1878
1883
1885
1888
1890
1899
1906
1908
1913
1914
1915
1917
1919
1920
1931
1937
1938
1941
1942
1944
1957
1958
1966
1969
1969
