0
0
0
0
1
1
2
3
3
4
7
7
7
8
8
8
8
9
9
9
11
12
12
12
12
12
12
13
13
13
15
16
16
17
18
19
19
19
20
21
21
22
22
23
23
23
23
24
24
24
25
25
25
26
26
27
27
27
27
27
28
28
29
29
29
30
30
30
30
30
31
31
31
31
32
33
33
33
33
34
34
35
35
35
36
36
37
37
38
38
39
40
40
41
41
41
42
42
43
43
43
44
44
44
44
44
44
45
45
45
46
46
46
46
48
48
49
49
50
50
51
52
52
53
53
53
56
56
57
57
58
59
60
60
63
66
66
66
67
69
70
70
71
71
72
72
74
74
74
74
75
75
76
79
81
83
83
83
84
84
85
85
85
86
86
86
87
88
89
89
90
90
91
91
91
91
92
92
93
93
95
95
97
97
98
98
98
98
99
99
99
100
100
101
101
102
102
102
103
103
103
104
105
106
106
107
107
107
107
108
108
108
109
110
110
110
110
110
111
111
111
112
114
116
116
117
122
122
123
123
125
126
127
127
127
128
128
128
129
129
130
130
130
130
131
131
131
132
132
133
134
134
135
137
138
138
140
140
140
141
141
141
143
143
145
146
146
146
147
148
153
156
156
160
161
161
165
166
167
169
170
172
173
174
175
175
175
175
175
176
176
176
177
178
182
182
182
182
183
183
184
185
186
186
186
187
187
187
187
187
189
189
189
190
191
191
191
191
192
195
196
197
198
198
199
199
199
199
200
200
200
201
203
204
204
204
204
205
205
208
211
213
214
214
217
218
218
218
218
219
219
219
220
220
221
221
222
222
222
222
224
224
224
225
225
226
226
226
227
227
228
228
229
229
229
229
229
229
229
230
230
230
230
230
230
230
231
231
231
231
231
231
231
231
231
232
233
233
235
235
235
236
236
236
237
237
237
238
238
239
239
239
240
240
240
240
241
241
241
241
242
242
242
242
242
243
243
243
244
245
245
245
245
245
246
246
246
247
247
247
247
248
248
249
249
249
249
249
250
250
250
250
250
250
251
251
251
252
252
253
256
257
257
257
257
258
261
261
262
262
262
263
263
263
263
263
264
264
265
265
265
265
265
266
266
266
267
267
267
267
267
267
268
268
268
268
268
269
269
269
269
269
270
271
272
272
274
275
276
276
276
277
278
279
279
281
281
282
282
284
285
285
285
286
287
288
291
294
295
296
297
297
300
302
303
304
304
304
305
305
307
309
309
309
310
310
311
312
314
319
319
323
324
324
325
326
326
326
327
327
328
328
328
328
329
330
330
331
331
333
334
334
335
335
336
336
336
338
338
339
339
340
341
341
343
344
345
345
346
346
347
347
348
348
348
350
354
354
356
356
356
357
359
363
364
365
367
367
369
372
372
376
378
381
381
382
385
386
387
389
389
391
391
391
391
391
392
392
392
393
394
395
395
396
396
396
400
400
402
402
402
403
404
405
406
407
408
408
410
410
410
412
416
421
424
426
429
430
430
430
431
432
433
433
434
434
438
445
446
446
447
447
451
451
457
459
459
461
467
469
469
479
480
483
492
507
513
516
550
551
554
555
555
555
558
558
559
565
566
568
569
570
571
580
583
585
586
588
589
589
589
591
591
592
594
594
595
598
600
605
606
606
608
615
620
621
633
633
635
639
640
641
641
642
642
643
643
644
644
645
646
651
655
670
671
672
676
676
681
685
686
690
690
695
695
699
702
707
708
709
710
711
713
716
717
727
727
728
728
728
729
731
734
741
745
745
746
748
765
765
766
766
766
766
766
766
767
767
767
767
771
776
777
778
789
799
819
820
831
832
832
832
833
834
838
838
839
839
840
840
845
846
848
852
856
861
866
877
881
881
882
882
883
883
887
889
901
902
906
911
913
917
922
923
924
932
933
933
933
938
939
940
941
941
942
942
943
943
943
944
944
944
946
946
950
952
955
958
960
960
961
961
962
962
962
964
964
967
970
971
972
973
975
975
976
976
976
977
979
982
982
990
994
995
995
996
999
999
1000
1001
1002
1011
1022
1030
1036
1039
1041
1045
1047
1051
1056
1057
1058
1079
1082
1086
1089
1089
1092
1093
1093
1093
1093
1094
1095
1098
1100
1101
1106
1121
1121
1121
1144
1145
1146
1146
1146
1147
1147
1148
1155
1159
1159
1174
1174
1179
1187
1189
1194
1210
1212
1216
1222
1224
1232
1243
1245
1248
1249
1249
1262
1274
1281
1283
1285
1285
1286
1289
1289
1289
1291
1292
1294
1301
1302
1303
1311
1318
1319
1319
1319
1319
1328
1331
1332
1339
1347
1351
1352
1353
1353
1355
1360
1363
1365
1365
1365
1368
1369
1371
1379
1380
1382
1382
1383
1384
1395
1395
1396
1396
1396
1396
1397
1397
1397
1397
1397
1398
1398
1402
1419
1423
1424
1425
1426
1429
1429
1430
1431
1436
1436
1438
1438
1438
1439
1441
1441
1441
1441
1442
1442
1443
1443
1443
1444
1444
1445
1446
1446
1447
1447
1448
1449
1450
1451
1451
1451
1451
1452
1452
1452
1454
1454
1454
1454
1457
1459
1460
1461
1461
1464
1464
1465
1465
1466
1466
1466
1466
1466
1467
1468
1469
1469
1469
1471
1472
1472
1474
1474
1474
1476
1476
1476
1476
1476
1476
1476
1476
1477
1477
1477
1477
1478
1479
1479
1479
1479
1480
1484
1484
1484
1485
1485
1485
1485
1486
1487
1487
1487
1487
1488
1489
1490
1491
1491
1492
1492
1492
1492
1493
1494
1494
1494
1495
1496
1497
1497
1497
1498
1500
1501
1501
1502
1502
1503
1503
1504
1504
1505
1507
1507
1508
1510
1513
1513
1519
1519
1519
1520
1525
1536
1538
1545
1547
1548
1548
1548
1550
1550
1551
1551
1552
1552
1557
1559
1560
1561
1561
1563
1563
1564
1566
1566
1567
1574
1575
1577
1578
1579
1579
1581
1581
1583
1584
1586
1586
1588
1589
1591
1591
1591
1592
1593
1593
1594
1595
1595
1596
1596
1598
1598
1600
1600
1601
1603
1603
1605
1605
1606
1611
1612
1613
1613
1614
1614
1614
1615
1618
1619
1619
1620
1621
1623
1623
1625
1626
1631
1632
1634
1635
1638
1639
1640
1641
1642
1645
1648
1651
1652
1652
1653
1653
1654
1654
1656
1656
1657
1658
1658
1659
1659
1659
1659
1659
1659
1660
1660
1660
1660
1662
1662
1664
1666
1666
1666
1672
1678
1679
1679
1682
1682
1684
1686
1687
1687
1689
1692
1692
1692
1693
1694
1695
1695
1698
1698
1699
1701
1701
1702
1702
1703
1703
1704
1705
1705
1706
1706
1707
1707
1708
1709
1710
1713
1714
1715
1717
1718
1719
1720
1723
1726
1726
1726
1726
1726
1727
1727
1728
1728
1729
1729
1729
1729
1730
1730
1730
1730
1730
1731
1731
1732
1732
1732
1732
1735
1735
1735
1736
1736
1737
1738
1738
1738
1739
1740
1740
1740
1741
1742
1742
1744
1746
1746
1747
1747
1747
1748
1749
1749
1749
1749
1749
1749
1749
1749
1750
1751
1752
1753
1756
1756
1757
1758
1761
1762
1765
1766
1766
1772
1774
1777
1777
1778
1779
1780
1780
1783
1785
1786
1787
1788
1789
1789
1789
1792
1798
1798
1798
1798
1801
1815
1819
1867
1879
1887
1890
1891
1892
1894
1895
1895
1896
1898
1899
1902
1903
1907
1907
1908
1909
1911
1913
1913
1920
1925
1925
1926
1927
1927
1927
1927
1928
1929
1931
1935
1936
1936
1937
1941
1945
1950
1950
1954
1960
1960
1965
1965
1972
1972
1973
1973
1973
1973
1973
1974
1974
1974
1982
1991
1993
2009
2015
2017
2023
2031
2031
2031
2031
2031
2032
2037
2038
2038
2043
2048
2056
2058
2066
2072
2088
2091
2105
2106
2123
2136
2142
2148
2158
2160
2161
2173
2174
2175
2175
2176
2176
2177
2180
2181
2189
2190
2191
2192
2194
2196
2207
2209
2214
2223
2224
2225
2225
2225
2226
2230
2230
2237
2239
2244
2244
2244
2249
2249
2259
2260
2263
2269
2271
2276
2284
2292
2292
2293
2294
2294
2295
2299
2302
2305
2306
2307
2308
2308
2314
2314
2315
2317
2322
2323
2329
2334
2334
2340
2354
2397
2399
2400
2401
2401
2401
2401
2407
2410
2410
2418
2419
2424
2433
2439
2444
2448
2449
2451
2463
2463
2464
2468
2475
2475
2476
2476
2476
2476
2477
2485
2501
2507
2508
2518
2518
2523
2525
2530
2531
2531
2533
2534
2537
2538
2539
2554
2560
2560
2562
2565
2573
2576
2577
2579
2596
2597
2597
2598
2598
2598
2598
2599
2600
2600
2616
2616
2617
2625
2627
2629
2629
2630
2630
2630
2633
2634
2635
2636
2636
2636
2642
2643
2648
2651
2659
2660
2660
2675
2682
2682
2691
2691
2695
2704
2720
2732
2754
2759
2763
2765
2765
2769
2778
2780
2790
2792
2824
2840
2845
2847
2849
2851
2854
2861
2864
2864
2865
2865
2876
2884
2887
2887
2891
2895
2896
2896
2897
2901
2901
2912
2913
2914
2924
2928
2928
2928
2928
2943
2950
2963
2974
2976
2981
2983
2992
2996
2998
2999
3003
3006
3008
3009
3009
3010
3010
3010
3011
3012
3013
3019
3021
3024
3024
3026
3029
3035
3036
3040
3043
3048
3055
3062
3063
3065
3065
3066
3066
3074
3076
3085
3087
3090
3098
3103
3103
3104
3105
3106
3106
3107
3107
3107
3108
3110
3111
3111
3111
3113
3115
3122
3123
3130
3132
3132
3133
3133
3134
3134
3136
3140
3140
3140
3140
3140
3141
3143
3146
3146
3146
3150
3154
3154
3155
3155
3155
3156
3156
3161
3161
3162
3164
3168
3168
3171
3171
3174
3175
3175
3175
3180
3181
3181
3182
3182
3182
3186
3188
3188
3194
3197
3199
3200
3201
3205
3205
3205
3206
3210
3214
3215
3215
3219
3222
3227
3227
3228
3228
3230
3230
3231
3232
3232
3232
3233
3233
3233
3234
3236
3239
3242
3243
3248
3258
3261
3263
3264
3264
3264
3270
3282
3285
3301
3303
3304
3309
3319
3321
3323
3331
3331
3332
3332
3333
3339
3342
3343
3345
3345
3346
3347
3348
3348
3357
3357
3361
3363
3364
3367
3369
3375
3380
3387
3393
3398
3399
3399
3400
3405
3409
3411
3412
3420
3422
3435
3436
3437
3438
3447
3448
3450
3450
3451
3453
3455
3457
3460
3474
3474
3475
3475
3479
3479
3480
3486
3487
3492
3511
3524
3538
3543
3547
3548
3558
3562
3567
3576
3577
3584
3586
3586
3598
3599
3599
3605
3628
3633
3633
3634
3652
3655
3661
3668
3670
3670
3671
3672
3673
3674
3674
3687
3688
3691
3692
3694
3699
3705
3707
3707
3708
3709
3712
3713
3714
3719
3733
3734
3741
3746
3751
3757
3761
3769
3773
3774
3776
3779
3783
3793
3794
3795
3799
3801
3806
3808
3809
3820
3833
3853
3853
3855
3862
3869
3869
3869
3875
3876
3877
3878
3882
3882
3887
3891
3896
3899
3899
3899
3900
3901
3903
3907
3911
3913
3913
3917
3926
3929
3929
3929
3932
3933
3933
3933
3933
3934
3934
3934
3935
3935
3938
3939
3942
3942
3950
3950
3952
3953
3954
3955
3957
3960
3968
3969
3969
3971
3972
3975
3975
3978
3982
3988
3991
3993
3995
3997
3997
4003
4004
4007
4007
4009
4024
4036
4037
4037
4037
4038
4038
4044
4049
4052
4052
4053
4054
4054
4058
4059
4066
4071
4074
4076
4078
4083
4084
4085
4087
4089
4091
4091
4091
4093
4093
4102
4103
4104
4108
4108
4113
4117
4125
4129
4131
4134
4134
4144
4144
4144
4157
4158
4158
4162
4164
4169
4170
4172
4173
4175
4182
4198
4213
4270
4279
4279
4283
4283
4288
4289
4293
4306
4306
4311
4319
4323
4361
4388
4389
4397
4406
4421
4421
4423
4429
4430
4430
4433
4450
4461
4469
4486
4491
4491
4494
4498
4509
4525
4529
4537
4543
4544
4577
4577
4578
4578
4587
4603
4604
4604
4607
4634
4634
4634
4635
4655
4664
4664
4665
4666
4668
4671
4673
4675
4680
4682
4682
4691
4694
4695
4696
4696
4696
4700
4702
4703
4704
4711
4716
4719
4729
4735
4739
4742
4749
4751
4752
4776
4824
4827
4830
4833
4838
4840
4844
4846
4869
4870
4873
4874
4879
4895
4897
4918
4928
4937
4940
4940
4943
4957
4963
4971
5020
5127
5136
5137
5137
5137
5257
5305
5319
5333
5337
5356
5363
5389
5390
5394
5395
5395
5396
5400
5400
5455
5535
5541
5541
5541
5542
5543
5556
5613
5641
5680
5764
5863
5863
5881
5967
5979
5980
5980
5981
5981
5982
5982
5982
5989
5991
6006
6021
6032
6032
6066
6068
6069
6071
6071
6071
6077
6077
6077
6094
6094
6095
6154
6194
6226
6226
6226
6226
6260
6271
6279
6280
6284
6288
6289
6298
6302
6303
6312
6329
6340
6349
6351
6351
6352
6356
6356
6369
6369
6369
6372
6373
6375
6375
6375
6375
6376
6376
6377
6401
6402
6404
6405
6406
6429
6440
6444
6473
6502
6585
6652
6652
6722
6748
6808
6853
6888
6891
6896
6896
6911
6918
6928
6971
6997
7025
7063
7070
7389
7402
7404
7562
7606
7606
