0
2
2
4
4
5
6
7
9
9
9
9
9
10
11
11
11
11
11
11
11
11
11
11
11
12
12
12
12
12
12
12
12
12
12
12
12
12
13
13
13
13
14
14
14
14
15
16
16
16
16
17
17
17
18
18
18
18
19
20
20
20
20
20
21
21
21
21
21
22
23
23
23
24
24
24
25
26
26
26
26
26
26
27
27
28
28
29
29
29
29
30
30
30
30
31
31
32
32
32
33
36
37
37
37
37
37
39
40
40
40
41
42
42
43
44
44
44
45
45
46
47
47
47
48
48
48
49
49
49
50
50
50
51
52
52
52
53
57
57
57
57
58
58
59
59
60
60
60
61
62
62
63
63
63
63
64
64
64
64
65
66
66
68
69
69
70
70
71
71
72
72
74
74
74
75
75
76
76
77
77
77
79
79
80
80
81
81
81
81
81
82
82
83
84
84
84
84
84
86
86
86
87
87
87
88
88
88
88
89
90
90
90
90
90
92
92
93
93
94
99
99
99
100
100
101
103
104
104
104
104
105
105
106
106
108
108
108
108
109
109
110
110
110
110
111
112
112
113
113
115
116
116
118
119
120
121
121
122
123
123
123
124
124
124
124
125
125
125
126
126
126
127
127
127
127
128
128
128
128
128
128
128
129
130
130
131
131
132
132
133
133
133
133
134
134
134
134
135
135
135
135
135
135
135
136
136
136
136
137
137
137
137
137
137
138
138
139
139
139
139
139
139
140
140
140
140
140
141
141
141
141
142
142
142
143
143
143
143
144
144
144
144
145
146
146
146
146
147
148
148
149
149
149
150
151
151
152
153
154
154
154
155
155
156
156
157
159
159
160
160
160
160
161
161
161
161
161
161
162
162
163
163
163
164
165
165
165
166
167
167
167
167
167
167
168
168
168
169
170
170
170
170
171
171
171
172
172
172
173
173
173
173
174
174
174
175
175
175
175
176
176
176
176
176
177
178
178
179
179
179
179
180
180
180
181
181
181
182
182
182
182
183
185
185
186
186
186
186
187
187
187
188
188
188
188
188
188
189
189
189
189
189
189
189
189
190
190
190
190
191
191
191
191
191
192
192
192
192
193
193
193
194
195
196
196
196
196
197
198
198
198
198
199
199
200
200
200
201
201
204
206
207
208
209
209
209
210
214
214
215
216
217
217
217
219
219
220
220
220
221
222
222
223
223
226
227
227
227
227
228
229
229
229
230
231
231
232
233
233
234
235
236
236
237
237
237
238
238
238
239
240
241
241
244
245
246
246
247
248
248
249
249
250
251
251
252
252
253
253
253
254
255
256
256
256
256
256
256
258
259
259
259
260
260
260
261
261
261
262
262
262
264
264
264
264
265
265
266
266
266
266
266
267
267
268
268
268
269
271
272
273
273
274
274
274
276
277
279
280
287
294
294
295
295
298
298
302
303
304
304
305
306
307
309
310
312
315
315
315
315
316
317
317
318
319
319
319
320
320
321
321
321
323
323
325
327
330
330
330
330
332
332
335
337
343
343
343
343
344
344
345
346
346
356
356
357
359
360
362
362
365
366
367
367
367
373
374
374
374
374
375
376
376
377
379
379
382
382
382
384
386
388
389
400
402
404
404
406
407
408
414
415
415
416
416
417
417
417
418
418
420
422
423
424
430
436
437
443
443
444
444
445
445
446
446
447
450
450
451
455
466
467
467
474
475
476
479
479
480
481
484
486
486
487
487
488
491
494
494
495
498
499
499
500
500
500
501
501
501
506
509
511
511
518
523
524
525
526
530
530
533
534
534
537
541
548
550
551
552
555
555
557
560
562
564
564
565
566
567
567
569
569
570
570
574
575
577
579
581
583
586
587
588
588
588
590
590
590
592
593
593
594
595
596
599
600
600
601
601
601
602
602
603
604
604
604
604
605
605
606
606
607
607
607
611
612
615
616
617
617
619
626
627
630
630
631
631
632
632
633
633
634
634
635
636
643
644
644
645
645
646
649
651
651
657
662
662
664
664
668
669
672
678
681
683
683
683
683
684
684
685
685
685
685
686
687
691
693
693
696
696
700
700
700
701
701
701
703
703
704
704
704
705
709
709
709
711
711
713
713
713
714
714
716
716
717
717
717
718
719
720
725
726
728
728
729
729
730
730
730
731
733
734
734
735
735
736
736
736
736
736
737
737
737
738
738
738
740
744
748
748
749
750
755
758
759
759
760
763
763
764
765
765
766
766
767
769
769
770
775
775
778
778
779
780
780
781
781
782
784
785
786
786
787
787
791
792
793
795
797
797
798
803
803
804
807
808
808
811
811
811
811
811
815
815
816
817
817
821
821
821
822
822
822
823
824
825
826
827
827
827
828
828
828
828
828
828
829
831
831
832
833
833
834
835
836
836
837
838
839
839
840
841
841
842
843
844
847
849
850
851
852
853
855
856
859
860
861
861
862
862
865
866
867
867
870
871
872
873
876
881
883
885
885
886
889
890
891
893
895
897
897
903
906
906
907
909
910
911
915
916
921
924
926
928
929
931
932
936
939
939
940
940
940
940
941
945
945
945
947
948
949
949
950
951
951
953
953
954
954
954
957
957
958
961
963
963
965
970
971
976
976
976
976
976
976
976
978
979
980
980
981
981
982
984
987
989
990
991
991
993
994
995
995
997
997
999
1000
1001
1003
1003
1006
1006
1006
1009
1010
1011
1011
1014
1014
1015
1015
1015
1015
1016
1017
1017
1018
1018
1018
1022
1025
1029
1030
1030
1030
1032
1033
1034
1035
1036
1037
1037
1039
1041
1042
1043
1047
1047
1047
1047
1049
1050
1051
1051
1051
1052
1053
1054
1054
1054
1054
1057
1058
1060
1062
1062
1062
1063
1072
1084
1084
1085
1086
1087
1088
1088
1088
1088
1089
1090
1090
1093
1094
1095
1095
1097
1099
1099
1099
1099
1100
1100
1100
1100
1101
1101
1101
1102
1102
1103
1104
1104
1104
1104
1106
1106
1107
1107
1107
1109
1109
1109
1117
1119
1125
1125
1130
1131
1134
1134
1134
1136
1137
1137
1138
1139
1139
1140
1140
1140
1140
1141
1141
1141
1143
1144
1145
1145
1145
1146
1146
1146
1147
1147
1150
1150
1151
1152
1152
1152
1152
1153
1153
1153
1153
1155
1157
1159
1161
1163
1164
1169
1170
1170
1171
1171
1172
1175
1176
1176
1176
1177
1177
1177
1178
1178
1179
1179
1179
1179
1179
1179
1179
1180
1180
1180
1180
1180
1180
1180
1181
1182
1186
1186
1187
1188
1192
1194
1194
1194
1197
1198
1200
1201
1202
1202
1202
1202
1203
1203
1204
1204
1204
1205
1205
1205
1205
1206
1206
1206
1206
1206
1210
1210
1210
1211
1212
1212
1212
1212
1213
1214
1214
1216
1222
1224
1228
1228
1228
1229
1231
1232
1234
1235
1236
1236
1238
1241
1241
1243
1248
1248
1250
1251
1251
1252
1253
1254
1254
1255
1255
1257
1258
1258
1258
1258
1260
1260
1260
1260
1263
1263
1263
1264
1264
1264
1264
1265
1265
1265
1265
1265
1266
1266
1266
1267
1268
1268
1269
1270
1270
1272
1272
1273
1273
1274
1274
1275
1275
1276
1278
1279
1282
1282
1284
1285
1285
1286
1286
1287
1288
1290
1291
1292
1292
1292
1293
1294
1294
1295
1295
1295
1295
1297
1297
1297
1298
1298
1299
1299
1300
1300
1300
1301
1301
1302
1302
1302
1304
1304
1308
1309
1313
1313
1313
1314
1314
1314
1315
1315
1318
1318
1318
1318
1318
1319
1319
1319
1320
1320
1320
1321
1321
1321
1322
1324
1324
1324
1324
1324
1324
1324
1325
1325
1325
1326
1326
1326
1327
1327
1327
1327
1328
1328
1331
1332
1332
1333
1333
1333
1335
1336
1338
1338
1338
1339
1345
1345
1345
1346
1347
1348
1348
1349
1349
1350
1350
1351
1351
1352
1355
1356
1356
1356
1356
1359
1361
1362
1363
1363
1364
1364
1365
1367
1367
1369
1369
1369
1369
1370
1370
1371
1372
1372
1374
1375
1375
1376
1378
1378
1379
1380
1380
1381
1381
1381
1381
1381
1381
1382
1384
1385
1385
1387
1387
1387
1388
1390
1392
1392
1393
1398
1400
1401
1401
1402
1402
1405
1406
1408
1408
1412
1413
1414
1414
1415
1415
1415
1416
1419
1421
1422
1424
1425
1426
1428
1428
1428
1428
1432
1433
1433
1433
1434
1434
1434
1434
1435
1435
1436
1436
1436
1437
1437
1437
1442
1451
1477
1479
1479
1480
1484
1488
1489
1491
1491
1491
1493
1493
1493
1494
1494
1494
1494
1494
1497
1498
1500
1501
1502
1504
1505
1505
1505
1506
1506
1506
1508
1509
1510
1510
1510
1510
1512
1515
1515
1516
1522
1524
1528
1529
1530
1530
1531
1531
1531
1531
1533
1534
1534
1537
1543
1544
1546
1547
1552
1552
1552
1552
1552
1555
1556
1557
1558
1559
1562
1563
1565
1565
1567
1567
1567
1568
1570
1570
1570
1571
1573
1574
1574
1575
1576
1576
1576
1576
1576
1579
1580
1580
1580
1583
1583
1584
1586
1588
1588
1593
1599
1600
1600
1600
1601
1603
1605
1609
1610
1610
1611
1616
1617
1621
1621
1622
1623
1625
1625
1626
1629
1630
1631
1632
1632
1634
1635
1640
1645
1646
1647
1650
1651
1652
1654
1663
1666
1667
1670
1671
1673
1675
1675
1676
1677
1677
1678
1680
1685
1688
1688
1688
1689
1691
1692
1698
1699
1699
1700
1704
1706
1708
1712
1713
1713
1714
1717
1717
1718
1719
1719
1724
1726
1729
1730
1730
1735
1736
1740
1750
1751
1751
1751
1752
1755
1756
1756
1760
1761
1761
1765
1765
1767
1768
1772
1772
1773
1773
1778
1780
1782
1784
1785
1789
1791
1792
1794
1802
1805
1809
1810
1810
1810
1811
1814
1815
1816
1817
1818
1823
1825
1829
1831
1831
1831
1833
1835
1842
1842
1842
1844
1844
1848
1850
1864
1864
1864
1870
1870
1872
1878
1878
1878
1881
1884
1884
1885
1892
1893
1894
1895
1897
1899
1913
1918
1919
1920
1924
1932
1934
1943
1945
1952
1953
1954
1958
1967
1969
1969
1973
1976
1981
1982
1983
1986
1986
1986
1988
1988
1989
1991
1993
1994
1995
1995
1996
1997
1999
1999
2001
2002
2004
2005
2006
2007
2008
2008
2010
2010
2010
2010
2011
2011
2011
2012
2012
2012
2013
2014
2014
2015
2018
2019
2020
2020
2021
2025
2026
2030
2032
2032
2033
2034
2034
2034
2036
2036
2038
2040
2041
2041
2042
2043
2043
2045
2046
2047
2048
2049
2049
2050
2050
2050
2051
2052
2052
2053
2055
2055
2056
2056
2056
2057
2058
2059
2059
2059
2060
2061
2061
2061
2063
2063
2064
2064
2064
2065
2066
2067
2068
2068
2068
2068
2070
2070
2071
2072
2075
2077
2078
2079
2082
2083
2083
2083
2084
2084
2084
2085
2087
2088
2091
2091
2092
2094
2094
2097
2097
2098
2098
2098
2100
2103
2103
2103
2103
2105
2105
2106
2106
2106
2106
2107
2107
2107
2107
2108
2108
2110
2111
2111
2112
2112
2115
2115
2115
2116
2116
2117
2117
2118
2118
2118
2118
2118
2118
2119
2119
2120
2120
2121
2121
2122
2122
2123
2123
2124
2125
2125
2126
2126
2129
2130
2131
2132
2133
2133
2134
2134
2134
2134
2137
2137
2137
2143
2144
2144
2144
2145
2146
2147
2148
2149
2150
2150
2151
2152
2152
2152
2152
2152
2153
2153
2154
2157
2157
2158
2159
2163
2166
2168
2171
2177
2177
2179
2180
2184
2184
2185
2189
2192
2192
2199
2202
2202
2203
2210
2211
2212
2212
2213
2216
2219
2220
2221
2223
2229
2248
2249
2251
2253
2253
2261
2262
2264
2265
2268
2268
2269
2270
2271
2274
2275
2276
2276
2279
2291
2292
2304
2312
2316
2320
2333
2346
2346
2352
2365
2365
2366
2367
2367
2367
2368
2368
2369
2369
2378
2380
2397
2402
2405
2408
2416
2418
2419
2431
2434
2445
2480
2484
2486
2502
2528
2548
2555
2561
2562
2562
2573
2574
2575
2587
2618
2658
2668
2672
2673
2677
2689
2726
2728
2728
2733
2742
2747
2747
2749
2791
2820
2824
2827
2838
2871
2885
2887
2889
2901
2906
2911
2915
2916
2919
2922
2923
2923
2923
2926
2927
2928
2928
2928
2930
2934
2937
2938
2939
2946
2946
2956
2964
2969
3031
3052
3058
3059
3060
3062
3062
3067
3068
3080
3089
3099
3100
3101
3101
3108
3113
3114
3115
3115
3118
3139
3142
3157
3185
3192
3201
3260
3263
3271
3293
3298
3301
3307
3319
3320
3323
3328
3331
3336
3342
3360
3369
3374
3384
3388
3388
3390
3391
3398
3402
3405
3407
3410
3427
3436
3448
3449
