0
2
3
4
6
6
7
7
8
8
8
8
8
8
8
8
8
8
8
9
9
9
9
9
9
9
10
10
10
10
10
10
10
10
10
10
10
11
11
11
11
11
11
11
11
11
11
11
11
12
12
12
13
13
13
13
13
13
13
13
14
14
14
14
14
14
14
15
16
16
16
18
18
19
20
20
20
20
20
20
20
20
21
21
21
22
22
23
26
26
27
27
27
28
28
28
28
29
29
29
29
29
29
30
30
30
30
31
31
31
32
32
34
34
34
34
35
35
35
35
36
36
36
36
36
37
38
38
38
39
40
41
41
41
42
43
43
44
44
44
45
45
46
46
47
47
48
48
49
49
49
50
50
50
50
52
52
52
53
54
54
54
55
55
55
55
55
55
55
56
56
56
56
57
57
57
58
58
58
59
59
60
60
60
60
60
60
61
61
62
63
63
64
64
64
64
65
65
65
65
65
66
66
66
66
68
68
68
68
68
68
69
69
70
70
70
71
71
71
71
71
71
71
72
72
72
72
73
73
73
73
74
74
74
74
75
75
75
75
76
76
77
77
77
77
77
77
78
78
78
78
78
78
78
79
79
79
79
79
80
81
81
81
82
82
82
82
83
83
83
83
83
83
83
84
84
84
85
85
86
86
87
87
88
88
89
89
90
90
90
90
91
91
91
92
92
92
93
93
93
94
95
95
95
95
95
96
96
97
97
97
98
98
98
99
99
100
100
101
101
101
101
101
102
102
102
102
102
103
103
103
104
105
105
105
106
106
107
107
107
110
110
110
110
111
113
114
115
116
116
118
118
119
119
119
120
120
121
122
124
124
124
125
125
126
126
127
127
128
129
129
134
134
135
135
135
136
137
138
138
139
139
139
139
140
141
141
142
142
143
144
144
145
147
147
147
147
147
147
148
148
148
148
148
148
149
149
149
149
149
150
150
151
151
152
152
153
153
153
153
154
154
154
155
155
155
156
157
157
158
158
158
159
159
159
159
160
160
160
161
163
163
163
163
163
163
164
164
165
165
166
166
166
166
166
167
167
167
167
168
168
168
168
169
169
169
169
170
170
170
170
170
170
170
171
171
171
171
171
172
172
172
172
172
173
174
174
174
174
175
175
175
175
175
176
176
176
178
178
179
179
180
180
180
181
182
182
182
182
183
183
183
183
184
184
184
184
184
184
184
184
184
185
185
185
185
185
185
185
185
185
185
187
187
187
187
188
188
189
189
189
189
190
190
190
190
190
190
190
191
191
192
192
193
194
195
196
197
197
198
198
199
199
199
200
201
201
203
203
203
204
204
204
205
206
206
206
207
208
208
208
208
208
211
212
212
213
214
214
214
214
215
215
215
216
216
217
218
218
219
219
220
221
221
221
221
221
222
222
222
222
222
222
222
223
223
223
223
223
223
223
223
223
224
224
225
225
226
226
227
227
227
229
230
230
231
231
232
232
232
232
232
233
233
233
234
234
235
235
235
236
236
237
241
242
242
243
243
243
244
245
245
246
246
247
247
247
248
249
249
249
249
250
250
251
251
251
251
252
252
253
255
256
256
258
259
260
260
263
263
265
266
267
267
268
268
271
271
271
272
273
274
275
276
276
277
278
279
281
281
282
282
282
283
283
283
284
285
285
285
286
286
286
287
287
288
288
290
290
294
295
295
296
296
298
298
299
300
303
303
303
303
304
305
305
305
306
306
306
306
307
307
307
308
308
308
308
309
309
309
309
309
310
310
310
310
311
311
312
312
313
313
315
315
315
316
316
317
317
318
318
318
319
320
320
320
320
321
321
323
324
325
325
325
325
326
327
327
328
328
328
328
328
329
329
329
330
330
330
330
331
331
333
333
335
335
338
340
345
346
347
348
348
350
351
353
354
355
355
356
357
357
358
359
360
360
361
361
362
362
363
364
367
368
369
369
376
377
378
379
382
387
397
410
411
411
411
412
415
423
423
423
429
430
431
433
435
440
440
441
441
441
444
450
451
452
452
453
461
465
469
475
480
480
480
482
483
484
485
490
497
497
500
503
503
503
503
504
504
507
510
514
514
516
517
523
528
532
534
535
536
536
540
543
543
544
546
547
547
548
549
549
549
552
553
553
554
559
560
560
561
561
571
584
585
587
588
592
597
597
597
597
598
598
601
601
601
601
601
601
602
603
603
603
603
604
605
607
608
609
609
609
609
611
611
614
615
618
618
620
620
621
621
621
622
623
624
624
624
625
625
625
625
626
626
626
626
628
629
630
630
630
632
633
634
635
637
638
642
646
647
652
652
652
653
653
653
653
654
654
655
655
657
657
659
660
660
662
662
664
664
664
665
666
667
668
671
674
675
675
675
678
680
685
685
689
692
693
694
695
695
702
707
710
714
717
725
727
728
730
732
736
737
737
737
738
738
740
741
742
742
742
743
744
746
760
761
761
761
762
762
762
762
763
763
763
764
764
764
765
766
766
767
770
773
773
773
773
774
776
777
778
779
781
797
798
804
808
812
815
815
816
818
819
822
823
823
825
825
826
829
832
837
848
863
865
866
867
867
868
868
870
871
873
873
877
883
883
885
888
888
889
889
889
889
889
891
892
893
893
893
894
894
898
901
903
908
910
916
918
921
922
923
927
929
929
930
930
930
933
933
934
934
935
935
935
936
936
936
936
937
937
937
938
939
939
939
941
941
943
946
946
951
953
953
954
954
955
955
955
956
956
958
959
962
963
963
967
969
969
974
974
974
978
981
985
985
987
987
988
989
990
990
991
991
993
994
994
994
995
995
998
998
998
1000
1000
1001
1001
1002
1005
1007
1008
1010
1010
1010
1011
1012
1013
1016
1016
1017
1018
1019
1019
1019
1020
1020
1020
1021
1021
1022
1022
1023
1024
1027
1028
1028
1029
1031
1032
1032
1032
1033
1033
1033
1034
1035
1038
1038
1039
1040
1040
1040
1040
1041
1041
1041
1041
1041
1041
1042
1042
1042
1042
1042
1042
1042
1043
1043
1043
1043
1043
1043
1044
1044
1044
1044
1044
1044
1044
1045
1045
1046
1046
1046
1046
1048
1049
1049
1049
1049
1050
1050
1052
1053
1053
1053
1053
1053
1054
1054
1055
1056
1056
1056
1060
1061
1061
1061
1065
1069
1069
1069
1073
1074
1075
1076
1076
1077
1080
1081
1082
1082
1085
1086
1094
1095
1096
1098
1099
1099
1100
1100
1100
1100
1101
1101
1102
1103
1103
1104
1107
1111
1114
1115
1115
1115
1116
1117
1121
1123
1124
1124
1129
1129
1130
1131
1133
1133
1135
1135
1136
1138
1139
1140
1142
1142
1143
1143
1143
1144
1145
1145
1147
1147
1147
1148
1149
1150
1150
1151
1151
1152
1152
1153
1153
1155
1155
1155
1157
1159
1163
1166
1170
1170
1170
1171
1171
1172
1173
1173
1173
1173
1173
1173
1175
1175
1175
1175
1176
1176
1178
1179
1179
1179
1179
1180
1181
1182
1182
1183
1184
1184
1184
1185
1185
1186
1187
1188
1189
1189
1190
1192
1192
1192
1193
1193
1195
1195
1197
1197
1200
1201
1202
1202
1202
1203
1205
1206
1206
1209
1213
1213
1214
1220
1220
1221
1221
1222
1223
1224
1224
1224
1228
1228
1228
1228
1228
1228
1228
1229
1230
1230
1231
1232
1233
1233
1233
1235
1237
1237
1238
1241
1247
1247
1248
1248
1250
1250
1251
1254
1255
1259
1261
1261
1261
1261
1263
1264
1266
1266
1266
1267
1268
1271
1272
1273
1275
1276
1277
1278
1281
1281
1287
1289
1294
1303
1307
1308
1310
1315
1315
1317
1317
1318
1321
1322
1323
1323
1323
1324
1325
1326
1327
1331
1331
1332
1333
1333
1334
1335
1336
1336
1336
1337
1339
1339
1339
1343
1345
1346
1347
1348
1348
1348
1348
1349
1349
1349
1349
1349
1349
1350
1351
1352
1352
1352
1352
1353
1353
1354
1354
1354
1354
1354
1355
1355
1356
1357
1357
1357
1357
1357
1357
1357
1357
1358
1359
1360
1361
1362
1362
1364
1365
1365
1367
1368
1368
1369
1370
1370
1371
1372
1372
1373
1373
1374
1379
1379
1380
1380
1381
1381
1381
1382
1383
1383
1383
1385
1386
1388
1400
1400
1401
1401
1403
1404
1405
1405
1407
1407
1408
1410
1410
1411
1413
1415
1415
1417
1417
1419
1419
1419
1419
1420
1420
1420
1420
1421
1421
1423
1423
1423
1427
1427
1427
1427
1427
1428
1429
1429
1429
1429
1429
1430
1430
1430
1430
1430
1431
1431
1432
1432
1436
1437
1438
1438
1439
1479
1479
1480
1483
1484
1488
1488
1488
1489
1489
1491
1491
1491
1493
1494
1495
1496
1499
1499
1499
1500
1500
1501
1501
1502
1504
1506
1507
1508
1511
1511
1512
1512
1512
1514
1514
1515
1521
1523
1523
1528
1528
1529
1530
1530
1533
1533
1533
1538
1540
1542
1543
1543
1544
1547
1549
1551
1552
1552
1553
1555
1555
1556
1556
1557
1558
1558
1559
1560
1560
1561
1561
1562
1565
1565
1569
1571
1573
1574
1574
1577
1577
1578
1578
1581
1582
1582
1584
1585
1586
1587
1587
1591
1591
1601
1602
1603
1607
1607
1607
1607
1608
1609
1609
1612
1613
1622
1628
1629
1629
1629
1629
1629
1629
1630
1630
1633
1634
1639
1640
1643
1645
1645
1650
1650
1651
1652
1654
1654
1654
1655
1655
1655
1655
1656
1656
1656
1660
1664
1665
1665
1665
1667
1671
1672
1672
1672
1672
1674
1682
1706
1706
1707
1717
1723
1725
1725
1726
1727
1729
1729
1730
1730
1731
1733
1733
1734
1734
1735
1735
1738
1740
1740
1741
1741
1743
1743
1743
1744
1745
1746
1748
1749
1750
1752
1752
1752
1753
1753
1755
1756
1757
1765
1768
1772
1773
1773
1774
1777
1779
1782
1785
1791
1796
1798
1800
1800
1803
1803
1808
1808
1809
1809
1810
1810
1813
1814
1817
1819
1821
1827
1828
1829
1833
1834
1834
1841
1842
1844
1846
1849
1850
1853
1855
1855
1856
1859
1861
1862
1864
1864
1864
1864
1867
1868
1869
1869
1870
1872
1874
1875
1878
1878
1879
1879
1879
1880
1881
1881
1882
1884
1885
1887
1887
1888
1889
1890
1891
1891
1892
1892
1893
1893
1893
1894
1894
1894
1895
1895
1896
1897
1897
1898
1900
1902
1903
1904
1904
1904
1904
1905
1905
1905
1905
1905
1905
1906
1908
1911
1911
1912
1912
1913
1913
1914
1914
1915
1915
1916
1916
1916
1919
1919
1920
1921
1922
1922
1922
1923
1923
1923
1924
1924
1924
1927
1927
1927
1927
1928
1928
1928
1928
1928
1929
1929
1930
1930
1931
1931
1932
1932
1933
1933
1934
1935
1935
1936
1936
1937
1937
1939
1939
1940
1940
1941
1943
1943
1944
1944
1945
1946
1946
1948
1949
1949
1950
1950
1951
1951
1951
1951
1951
1953
1953
1954
1954
1955
1956
1958
1963
1964
1964
1969
1970
1970
1971
1972
1972
1980
1980
1982
1983
1987
1987
1990
1990
1990
1991
1992
1992
1993
1994
1994
1995
1995
1998
2001
2001
2014
2016
2018
2020
2024
2024
2025
2029
2029
2030
2032
2032
2033
2033
2035
2035
2036
2036
2036
2036
2036
2038
2038
2040
2040
2040
2040
2041
2042
2043
2043
2044
2044
2044
2045
2045
2045
2046
2046
2049
2049
2050
2050
2053
2055
2055
2055
2056
2056
2057
2057
2057
2058
2058
2058
2059
2060
2060
2060
2062
2062
2062
2062
2063
2064
2064
2065
2066
2067
2068
2068
2068
2069
2070
2070
2072
2074
2074
2074
2074
2075
2076
2077
2077
2079
2079
2079
2080
2080
2083
2083
2083
2085
2087
2087
2089
2090
2092
2097
2098
2100
2102
2102
2102
2102
2103
2103
2103
2104
2104
2105
2106
2107
2107
2107
2108
2109
2109
2110
2110
2111
2111
2112
2112
2112
2113
2113
2113
2114
2114
2115
2115
2116
2116
2116
2117
2117
2118
2119
2120
2121
2121
2122
2123
2123
2124
2125
2126
2126
2126
2126
2127
2127
2128
2129
2129
2129
2130
2131
2131
2131
2131
2131
2132
2133
2133
2133
2134
2134
2135
2140
2140
2141
2141
2142
2142
2145
2145
2146
2148
2149
2149
2149
2150
2151
2152
2153
2153
2153
2154
2156
2156
2158
2159
2159
2160
2160
2160
2162
2163
2164
2165
2165
2165
2166
2166
2166
2167
2168
2168
2168
2169
2170
2171
2171
2172
2172
2172
2172
2172
2173
2173
2173
2173
2173
2174
2174
2174
2175
2175
2175
2175
2175
2176
2177
2177
2178
2178
2178
2179
2179
2180
2180
2180
2180
2181
2181
2182
2183
2183
2188
2188
