0
2
3
3
3
4
6
6
7
8
8
8
8
9
9
9
9
9
9
9
9
9
9
10
10
10
10
10
10
10
10
11
11
11
11
11
12
12
12
12
12
12
12
12
12
12
12
12
12
13
13
13
13
13
14
15
15
16
16
16
16
16
16
17
18
18
18
18
18
18
19
21
21
21
21
21
22
23
27
27
29
29
30
30
31
32
34
36
37
38
38
39
39
39
40
40
40
41
42
43
44
45
45
45
46
46
47
47
48
49
49
51
51
52
52
53
54
54
56
56
56
56
58
61
61
61
61
63
63
63
63
63
64
64
65
65
66
67
67
68
69
70
70
70
71
71
73
73
73
73
73
77
79
80
81
82
82
83
83
85
85
86
87
88
90
91
91
91
92
93
93
96
96
96
97
98
98
99
99
100
100
100
101
101
101
102
102
102
103
103
103
103
104
104
104
105
105
106
107
107
107
107
107
108
108
108
108
108
108
108
108
109
110
110
110
110
111
111
111
111
111
111
112
113
113
114
115
116
116
116
117
117
118
118
118
119
119
119
120
120
120
120
120
122
122
123
123
124
124
125
125
126
126
127
127
127
128
128
128
128
128
129
129
130
131
131
131
132
132
133
133
134
134
135
135
135
136
137
139
139
140
141
141
141
141
142
143
143
144
144
145
145
146
147
147
149
149
149
149
150
151
151
151
152
152
154
154
154
155
155
156
157
157
157
157
158
158
159
159
159
160
160
161
161
161
161
161
162
162
163
163
163
163
163
163
164
167
167
168
168
169
170
171
171
171
172
172
172
173
173
174
174
174
174
175
175
175
175
176
176
176
177
177
178
178
178
179
179
179
180
181
182
182
183
183
184
184
184
184
184
185
185
185
185
185
185
186
186
186
186
186
187
187
188
189
189
189
190
190
192
192
192
194
195
196
197
197
197
198
198
198
199
199
200
200
202
203
204
204
206
208
213
214
214
215
215
217
219
219
223
224
225
227
227
227
227
228
228
228
229
229
230
230
234
237
240
241
241
242
242
243
243
244
245
246
246
248
248
249
249
249
250
250
250
250
251
251
251
252
253
253
254
254
256
256
257
257
258
261
261
262
263
263
263
264
265
266
266
268
268
268
269
269
270
271
273
275
276
276
276
278
278
278
278
280
281
283
285
286
290
291
295
295
296
296
296
297
297
298
299
302
303
303
303
303
304
304
305
305
305
306
306
306
309
309
309
310
316
317
322
331
331
331
333
334
334
334
343
346
350
351
352
352
353
358
360
364
365
366
366
371
372
373
373
375
381
388
388
389
390
390
390
391
391
391
396
398
400
403
404
406
409
412
412
413
441
454
462
465
468
474
490
492
494
495
496
496
497
502
504
505
510
511
512
515
519
523
524
526
527
527
528
529
534
537
543
544
545
545
546
549
551
554
562
564
566
567
571
571
573
573
576
578
579
579
579
581
583
583
585
585
586
586
588
589
589
590
591
591
594
606
607
608
608
608
609
609
609
609
610
611
611
612
613
613
613
613
614
617
619
619
629
642
642
645
655
655
657
662
665
666
670
673
674
675
676
677
679
679
679
680
680
681
683
683
685
685
686
693
696
697
697
698
698
698
700
701
702
702
702
702
703
703
703
703
703
703
704
705
706
706
707
719
720
722
723
723
725
726
726
726
727
727
729
730
731
732
733
733
739
742
742
743
745
745
746
746
746
746
747
747
747
747
747
747
749
749
750
750
750
750
750
751
752
752
752
752
753
753
755
755
756
761
762
762
774
775
775
775
775
776
776
777
780
782
785
790
790
790
791
793
795
796
797
799
802
804
805
806
807
814
814
815
815
815
816
817
817
817
817
817
818
818
818
822
824
824
825
825
825
825
827
827
827
827
827
828
828
829
829
830
831
832
835
836
836
837
838
839
841
842
843
843
845
847
849
849
849
850
852
855
856
856
856
856
856
856
860
860
860
861
862
862
864
864
864
864
865
865
865
865
865
866
866
866
866
866
867
867
867
867
867
868
869
871
872
873
873
874
875
875
875
877
878
878
879
880
881
881
881
883
886
893
900
902
902
903
904
904
908
909
910
910
911
912
912
913
915
915
915
916
916
921
921
923
923
924
926
927
928
929
929
930
930
931
931
931
931
932
933
937
939
940
940
940
943
943
945
945
946
946
947
947
947
948
948
949
950
950
952
952
952
952
953
953
953
953
953
954
954
954
955
955
956
956
957
957
957
957
959
959
959
959
959
960
961
961
961
961
962
966
967
967
967
967
968
969
971
971
972
975
977
977
977
978
978
980
980
980
980
981
982
982
983
983
984
985
985
985
986
988
988
989
990
990
994
994
995
995
996
997
997
999
999
999
999
1000
1000
1000
1001
1002
1002
1002
1003
1003
1003
1004
1004
1004
1005
1005
1005
1007
1008
1008
1012
1013
1014
1015
1017
1018
1021
1022
1025
1027
1028
1028
1028
1028
1029
1029
1029
1029
1030
1030
1030
1030
1030
1031
1032
1033
1036
1039
1039
1041
1045
1049
1056
1059
1059
1061
1066
1069
1072
1079
1079
1089
1090
1090
1090
1090
1091
1092
1100
1101
1101
1108
1109
1116
1119
1119
1120
1122
1126
1129
1129
1129
1129
1130
1130
1132
1138
1139
1149
1151
1164
1166
1167
1169
1169
1170
1172
1172
1173
1174
1176
1179
1183
1188
1201
1202
1205
1206
1206
1213
1213
1216
1216
1217
1217
1219
1228
1228
1228
1236
1237
1239
1241
1241
1242
1242
1242
1242
1242
1243
1243
1245
1245
1246
1246
1246
1247
1248
1248
1251
1252
1252
1254
1255
1255
1255
1258
1258
1258
1258
1259
1260
1261
1262
1263
1280
1280
1282
1282
1285
1288
1295
1296
1298
1301
1302
1303
1303
1304
1304
1313
1314
1321
1325
1325
1325
1325
1325
1325
1327
1328
1329
1332
1335
1336
1336
1336
1337
1337
1338
1341
1342
1346
1347
1348
1348
1349
1350
1350
1351
1351
1352
1353
1354
1354
1355
1355
1357
1358
1358
1358
1359
1360
1360
1360
1362
1362
1362
1365
1365
1370
1371
1372
1372
1373
1378
1381
1382
1382
1383
1383
1383
1385
1387
1389
1389
1389
1389
1389
1390
1391
1392
1392
1393
1394
1394
1394
1395
1396
1396
1397
1398
1399
1399
1399
1400
1401
1401
1402
1403
1403
1403
1403
1404
1404
1404
1405
1406
1410
1411
1412
1415
1416
1417
1417
1417
1417
1418
1418
1420
1421
1421
1422
1424
1425
1425
1425
1427
1427
1428
1428
1429
1429
1429
1430
1430
1430
1431
1432
1434
1434
1434
1434
1435
1436
1436
1437
1437
1438
1440
1440
1442
1443
1445
1446
1447
1451
1453
1466
1466
1467
1469
1469
1469
1471
1471
1473
1473
1473
1485
1485
1486
1487
1488
1492
1495
1506
1512
1513
1514
1514
1515
1521
1521
1522
1522
1523
1530
1530
1531
1534
1536
1540
1540
1548
1551
1554
1556
1556
1558
1559
1560
1561
1565
1565
1565
1579
1582
1583
1586
1591
1592
1595
1596
1596
1600
1604
1605
1607
1608
1609
1610
1611
1613
1613
1614
1620
1621
1621
1621
1621
1621
1622
1622
1622
1623
1623
1623
1623
1623
1623
1623
1625
1626
1635
1641
1648
1652
1652
1654
1659
1659
1662
1665
1667
1667
1668
1674
1677
1678
1680
1680
1680
1681
1681
1681
1681
1682
1684
1684
1684
1684
1685
1685
1686
1686
1687
1687
1687
1688
1691
1691
1692
1692
1694
1694
1697
1698
1699
1702
1703
1703
1706
1708
1709
1713
1714
1718
1722
1723
1727
1738
1738
1742
1742
1746
1747
1749
1751
1752
1753
1756
1756
1758
1759
1760
1760
1762
1763
1764
1769
1781
1786
1792
1798
1798
1799
1802
1807
1807
1808
1809
1811
1819
1823
1835
1839
1841
1849
1849
1851
1862
1865
1865
1866
1869
1870
1871
1873
1874
1877
1880
1881
1887
1888
1890
1890
1895
1895
1907
1907
1909
1910
1910
1911
1917
1918
1918
1919
1920
1920
1921
1921
1921
1921
1922
1923
1923
1923
1923
1924
1925
1925
1926
1926
1926
1926
1926
1926
1926
1926
1927
1927
1927
1927
1927
1928
1928
1928
1929
1930
1931
1936
1937
1937
1938
1939
1942
1943
1944
1944
1944
1946
1948
1949
1949
1949
1950
1950
1952
1953
1953
1954
1959
1962
1966
1966
1967
1967
1970
1971
1974
1976
1986
1986
1987
1990
1991
1992
1994
1997
1998
2002
2004
2006
2007
2008
2008
2008
2010
2010
2012
2014
2014
2014
2016
2016
2018
2019
2021
2022
2027
2027
2028
2033
2034
2072
2084
2085
2085
2085
2088
2088
2089
2090
2091
2091
2094
2096
2099
2102
2103
2105
2105
2106
2111
2111
2115
2115
2122
2130
2130
2130
2131
2131
2131
2132
2132
2134
2136
2138
2139
2140
2142
2146
2146
2146
2146
2147
2147
2149
2149
2150
2150
2151
2155
2158
2159
2161
2161
2161
2162
2162
2166
2167
2169
2169
2170
2170
2170
2170
2170
2171
2172
2173
2173
2174
2177
2180
2180
2195
2198
2203
2221
2225
2230
2233
2234
2235
2237
2237
2238
2239
2239
2239
2240
2240
2240
2241
2242
2243
2243
2246
2246
2248
2249
2249
2252
2252
2252
2253
2258
2258
2259
2259
2260
2260
2261
2263
2263
2265
2265
2266
2266
2268
2269
2270
2271
2272
2273
2274
2274
2275
2275
2277
2279
2281
2281
2284
2284
2284
2285
2285
2292
2296
2297
2300
2304
2311
2312
2312
2313
2313
2315
2315
2316
2317
2327
2328
2328
2328
2334
2337
2344
2345
2356
2363
2371
2372
2373
2373
2374
2385
2391
2392
2394
2395
2395
2396
2409
2418
2419
2419
2419
2420
2423
2424
2426
2429
2429
2430
2435
2436
2439
2441
2444
2445
2450
2452
2458
2463
2463
2466
2468
2471
2479
2482
2482
2483
2483
2487
2487
2488
2495
2505
2509
2510
2510
2513
2515
2516
2518
2518
2532
2532
2534
2535
2549
2552
2562
2562
2573
2597
2598
2599
2599
2600
2601
2601
2605
2613
2614
2615
2617
2617
2618
2619
2620
2623
2628
2631
2638
2639
2639
2643
2644
2647
2649
2649
2652
2652
2652
2652
2653
2656
2659
2659
2661
2672
2681
2682
2683
2688
2689
2689
2691
2701
2701
2703
2704
2711
2711
2711
2711
2713
2714
2716
2717
2717
2718
2719
2721
2721
2723
2727
2728
2730
2731
2733
2736
2736
2736
2738
2739
2740
2740
2740
2752
2758
2759
2762
2764
2765
2769
2769
2776
2778
2779
2779
2782
2784
2788
2789
2790
2795
2796
2798
2805
2805
2806
2806
2807
2811
2811
2812
2814
2816
2816
2817
2819
2822
2823
2823
2824
2824
2825
2830
2831
2836
2837
2840
2840
2845
2846
2846
2848
2853
2853
2854
2854
2858
2858
2861
2864
2864
2864
2865
2866
2866
2869
2871
2872
2873
2879
2879
2881
2887
2887
2890
2893
2896
2897
2897
2904
2904
2908
2909
2911
2928
2930
2930
2933
2934
2934
2935
2936
2941
2945
2951
2955
2957
2958
2962
2963
2964
2964
2968
2969
2973
2974
2974
2976
2976
2977
2978
2986
2988
2988
2988
3007
3015
3017
3020
3024
3024
3029
3032
3036
3037
3037
3037
3037
3040
3041
3041
3048
3053
3053
3053
3055
3058
3058
3059
3059
3066
3066
3074
3076
3077
3077
3078
3080
3084
3084
3085
3086
3088
3088
3096
3106
3106
3111
3122
3124
3125
3125
3132
3132
3133
3134
3135
3135
3135
3139
3145
3145
3151
3152
3152
3152
3153
3164
3177
3178
3179
3182
3189
3190
3190
3192
3193
3196
3199
3199
3200
3202
3205
3209
3211
3212
3213
3214
3215
3229
3229
3232
3232
3232
3233
3234
3235
3236
3240
3241
3242
3243
3244
3246
3249
3250
3251
3255
3258
3265
3265
3294
3295
3299
3302
3303
3305
3309
3312
3312
3318
3318
3319
3320
3321
3321
3322
3322
3326
3327
3328
3328
3329
3330
3331
3332
3332
3333
3338
3341
3342
3342
3343
3344
3344
3348
3349
3351
3351
3352
3352
3354
3354
3355
3355
3355
3358
3359
3362
3362
3362
3363
3363
3364
3365
3365
3366
3367
3369
3369
3370
3371
3376
3376
3376
3380
3382
3384
3384
3385
3385
3391
3393
3395
3396
3397
3402
3402
3403
3404
3410
3410
3418
3455
3455
3455
3457
3469
3472
3474
3475
3476
3481
3483
3483
3484
3487
3496
3497
3499
3504
3506
3510
3510
3511
3511
3511
3512
3515
3517
3518
3519
3520
3521
3525
3525
3527
3529
3531
3531
3532
3532
3533
3533
3534
3534
3536
3538
3539
3540
3540
3540
3541
3542
3542
3543
3543
3543
3544
3544
3544
3546
3546
3546
3547
3547
3547
3548
3549
3549
3549
3551
3551
3553
3554
3554
3555
3555
3556
3557
3559
3559
3559
3563
3565
3568
3571
3571
3573
3573
3573
3574
3575
3575
3575
3577
3577
3578
3580
