0
2
2
4
4
4
5
6
7
7
7
7
7
7
7
8
8
9
9
9
9
9
9
10
10
10
10
10
11
11
11
11
11
11
11
11
11
12
12
12
12
12
12
12
12
12
12
12
13
13
13
13
13
13
13
13
13
13
13
13
14
14
14
14
14
14
14
14
15
15
15
15
15
15
15
15
15
15
16
16
16
16
16
16
16
16
16
16
16
16
17
17
17
17
17
18
18
18
19
19
20
20
20
20
20
21
21
21
21
21
21
21
21
22
22
23
23
23
24
24
25
25
25
25
25
26
26
26
26
26
27
27
27
27
27
28
28
28
28
29
29
31
32
32
32
32
32
34
34
34
35
35
36
36
36
36
37
37
37
37
37
38
39
39
39
39
39
39
39
40
40
40
40
40
40
40
40
40
41
41
41
41
41
42
42
42
43
43
43
43
43
43
44
44
44
44
45
46
46
46
46
47
47
47
47
47
48
48
48
48
49
49
49
49
49
50
50
51
51
51
52
52
53
53
53
53
53
54
54
54
55
55
55
55
56
57
57
58
58
58
59
59
59
59
59
59
59
59
60
60
60
60
60
60
61
61
61
61
61
62
62
62
62
62
62
63
63
63
63
64
64
64
64
64
66
66
66
66
66
66
67
67
67
67
67
67
68
68
69
69
70
70
70
70
71
71
71
71
71
71
71
71
72
72
72
72
72
73
73
73
74
74
75
75
75
75
75
75
76
76
76
76
76
76
77
77
77
77
78
78
78
78
78
78
78
78
78
79
79
79
79
79
80
80
80
80
80
81
81
81
81
81
81
82
82
82
82
82
82
82
83
83
83
83
84
84
84
84
84
84
85
85
86
86
86
86
86
86
86
86
87
87
88
88
88
88
88
89
89
89
89
89
89
89
89
90
90
90
90
90
91
91
91
91
91
91
92
92
93
93
93
93
94
94
94
94
94
94
95
95
95
95
96
96
96
97
97
97
97
97
97
97
97
98
98
98
98
99
99
99
99
99
99
99
100
100
100
100
100
101
101
101
101
101
101
102
102
102
102
102
102
102
103
103
103
103
103
103
103
103
103
103
103
103
104
104
104
104
104
104
105
105
105
105
105
105
105
105
106
106
106
106
106
106
106
107
107
108
109
109
109
109
109
110
110
110
111
111
111
112
112
112
112
113
113
113
113
114
115
115
116
116
116
117
117
117
117
118
118
118
118
118
118
119
119
119
119
120
120
120
120
121
121
121
121
121
121
122
122
122
122
122
122
122
123
123
123
123
124
124
125
125
125
125
125
125
126
127
128
128
128
131
132
132
132
132
132
132
133
133
133
134
134
134
134
135
135
135
135
135
135
135
135
135
136
136
136
136
136
136
136
137
137
137
138
138
138
139
139
139
140
140
140
141
141
141
141
141
141
141
142
142
144
144
144
144
145
145
145
145
145
145
145
146
146
146
146
146
146
146
147
147
147
147
147
148
148
148
148
148
148
148
148
148
148
148
148
148
148
148
149
149
149
149
149
149
149
149
149
149
149
150
150
150
150
150
150
150
150
150
150
150
150
151
151
152
152
152
152
152
152
152
152
152
152
153
153
153
153
153
153
153
154
154
154
154
154
154
154
155
155
155
155
155
155
155
156
156
156
156
156
156
156
156
156
156
156
157
157
157
157
157
157
157
157
157
157
157
157
158
158
159
159
159
160
160
160
160
160
160
160
161
161
161
161
161
161
161
161
161
161
161
161
162
162
162
162
162
162
162
162
162
162
163
163
163
163
163
163
163
163
163
163
163
164
164
164
164
164
164
164
164
164
164
164
164
165
165
165
165
165
166
166
166
166
166
166
166
166
167
167
167
167
167
167
167
167
167
167
167
167
167
167
167
168
168
168
168
168
168
168
168
169
169
169
169
169
170
170
170
170
170
170
170
170
170
170
171
171
171
171
171
172
172
172
172
172
172
172
172
172
173
173
173
173
173
173
173
173
173
173
174
174
174
174
174
174
175
175
175
175
175
175
175
175
175
175
175
175
175
175
176
176
176
176
176
176
176
176
176
176
177
177
177
177
177
177
177
178
178
178
178
178
178
178
178
178
179
179
179
179
179
179
179
180
180
180
180
180
181
181
181
181
181
181
182
182
182
182
182
182
182
182
183
183
183
183
184
184
184
184
184
184
184
185
185
186
186
186
186
186
187
187
187
187
187
187
187
188
188
188
188
189
189
189
189
189
189
189
189
189
189
189
190
190
190
190
190
190
190
190
191
191
191
191
191
191
191
191
191
191
191
192
192
192
192
192
192
192
192
192
192
193
193
193
193
193
193
194
194
194
194
194
194
194
195
195
195
195
195
196
196
196
196
196
196
196
197
197
197
198
198
198
198
198
198
199
199
199
199
199
199
200
200
200
200
200
200
200
200
201
202
202
202
202
202
203
203
203
203
203
204
204
205
206
206
206
206
207
207
207
207
207
207
207
207
207
208
208
208
208
208
208
208
208
208
209
209
209
209
209
209
209
209
209
210
210
211
211
211
211
211
211
212
212
212
212
212
212
213
213
213
214
214
214
214
214
214
214
214
214
214
215
215
215
216
216
216
218
219
219
219
219
220
220
221
221
221
222
222
222
223
224
224
224
224
225
225
226
226
227
227
227
228
228
228
228
228
228
229
229
229
229
230
230
230
230
230
231
231
231
231
232
232
233
233
233
234
234
234
234
235
235
235
235
236
236
236
236
236
236
236
237
237
237
238
238
238
238
238
238
239
239
239
239
239
240
240
240
240
241
241
241
241
241
241
241
242
242
243
243
243
244
244
245
245
245
246
246
247
247
247
247
247
247
248
248
248
250
250
250
251
251
251
251
251
251
252
252
252
252
253
254
255
255
255
256
256
257
260
260
261
262
263
263
264
264
264
265
265
265
266
266
266
266
267
267
267
268
269
269
272
273
275
275
276
276
277
277
277
277
283
284
289
289
290
290
292
292
293
294
295
296
300
302
302
303
304
305
305
309
309
310
315
318
319
320
320
321
323
323
324
325
326
326
328
328
330
330
331
331
331
332
332
332
332
332
332
335
341
342
343
350
351
351
352
352
353
355
358
359
360
360
368
371
372
372
376
377
378
378
379
381
381
383
389
392
392
392
393
393
394
396
396
400
404
407
407
408
409
414
415
416
417
418
419
420
421
428
429
431
433
434
434
434
436
438
438
446
447
448
454
457
464
465
469
469
470
473
474
475
477
479
479
480
480
480
481
483
483
483
485
487
487
489
493
493
496
498
500
500
501
502
502
504
505
505
505
505
506
509
510
510
511
512
513
516
516
516
516
517
518
518
518
519
519
519
520
520
523
523
525
526
526
530
530
530
531
531
532
533
536
539
540
542
542
542
544
549
550
551
552
553
556
560
560
561
561
561
562
562
564
566
566
566
567
568
572
574
576
578
578
579
584
586
588
590
600
605
607
607
614
615
617
619
619
620
622
622
624
625
627
627
634
635
636
637
637
638
638
638
638
639
640
640
642
646
647
649
649
649
649
652
653
653
653
655
655
657
661
663
663
664
664
664
665
665
666
666
668
669
670
671
672
672
672
674
674
674
674
675
676
677
678
682
683
684
687
688
688
690
691
692
692
695
696
696
697
699
699
699
699
700
700
702
703
703
705
705
708
709
710
713
715
717
717
718
720
721
721
723
729
730
730
730
730
731
732
735
736
737
738
742
743
746
749
753
756
756
757
757
758
759
761
762
762
762
764
764
765
768
769
770
773
773
777
778
779
781
783
784
785
785
786
786
788
788
788
788
790
796
797
797
799
799
802
802
803
804
810
810
810
811
814
814
815
815
816
817
818
821
823
824
827
832
835
835
835
835
837
840
841
843
844
844
845
845
846
846
847
848
849
850
850
850
850
850
850
850
851
851
851
851
851
851
852
852
853
855
857
857
858
858
859
860
860
861
861
861
861
862
863
864
864
864
865
866
869
869
870
871
872
872
874
875
876
876
876
876
877
877
877
877
880
881
882
883
883
883
883
883
885
886
887
892
893
894
894
895
895
895
896
896
896
896
896
897
897
897
897
898
899
899
900
901
901
901
901
901
902
903
903
903
904
904
905
905
906
907
907
907
908
908
908
908
908
909
909
909
909
910
912
914
915
916
918
918
922
922
922
923
923
924
924
925
925
925
926
926
926
929
929
929
933
934
935
935
936
936
938
940
941
942
942
943
945
946
946
946
946
948
948
948
948
948
949
949
949
949
949
949
950
950
951
951
952
953
953
954
955
956
958
959
960
961
962
963
963
964
967
970
970
972
973
973
973
974
975
978
980
980
982
986
987
988
989
989
994
994
995
998
1000
1000
1002
1004
1005
1006
1007
1008
1008
1010
1011
1012
1012
1015
1016
1021
1024
1024
1026
1027
1029
1029
1030
1031
1032
1033
1034
1034
1036
1036
1036
1038
1038
1039
1043
1044
1045
1046
1047
1048
1050
1050
1053
1053
1054
1056
1058
1058
1059
1060
1060
1062
1062
1065
1067
1071
1073
1073
1073
1074
1074
1076
1077
1077
1078
1080
1080
1083
1084
1085
1087
1090
1094
1094
1094
1095
1097
1098
1098
1098
1100
1100
1100
1101
1104
1106
1106
1107
1108
1109
1110
1110
1111
1111
1113
1114
1115
1116
1117
1119
1119
1120
1120
1124
1128
1128
1131
1132
1134
1134
1135
1138
1138
1138
1142
1145
1146
1148
1153
1154
1155
1156
1157
1158
1161
1161
1161
1162
1162
1163
1164
1164
1167
1167
1168
1170
1174
1176
1177
1177
1177
1178
1179
1179
1179
1180
1180
1180
1182
1183
1184
1184
1185
1187
1189
1189
1190
1190
1190
1192
1192
1192
1193
1193
1195
1195
1195
1196
1199
1199
1199
1200
1201
1201
1201
1202
1202
1202
1202
1202
1202
1203
1203
1205
1205
1205
1205
1207
1208
1209
1209
1210
1210
1212
1214
1215
1216
1219
1221
1223
1225
1225
1226
1226
1229
1230
1230
1231
1232
1232
1233
1233
1234
1239
1241
1248
1248
1249
1251
1252
1252
1253
1255
1256
1256
1257
1258
1259
1259
1259
1259
1262
1262
1263
1264
1264
1265
1266
1266
1266
1266
1267
1267
1267
1267
1268
1268
1269
1269
1269
1269
1269
1270
1271
1272
1272
1272
1273
1273
1275
1276
1277
1277
1277
1278
1279
1280
1281
1281
1284
1284
1285
1289
1291
1291
1291
1292
1292
1292
1293
1295
1297
1297
1299
1301
1302
1303
1303
1304
1305
1306
1308
1310
1314
1314
1314
1317
1318
1320
1320
1320
1321
1322
1322
1322
1323
1323
1323
1323
1324
1324
1325
1325
1327
1333
1334
1334
1334
1335
1335
1336
1336
1336
1338
1339
1339
1340
1340
1340
1342
1342
1343
1344
1344
1345
1346
1346
1346
1348
1348
1350
1350
1351
1351
1352
1352
1353
1353
1354
1355
1355
1357
1358
1360
1362
1363
1365
1367
1369
1369
1369
1371
1371
1372
1373
1373
1375
1375
1375
1376
1377
1377
1379
1380
1381
1381
1382
1383
1383
1384
1384
1386
1386
1386
1386
1386
1388
1389
1389
1390
1390
1390
1390
1391
1391
1391
1392
1393
1394
1395
1400
1402
1405
1406
1407
1407
1408
1409
1409
1409
1411
1411
1411
1411
1413
1414
1417
1418
1420
1426
1429
1431
1434
1436
1437
1469
1484
1488
1489
1491
1493
1494
1496
1496
1499
1501
1501
1502
1502
1502
1505
1505
1506
1506
1510
1511
1514
