0
2
3
3
4
4
5
5
6
6
6
6
6
7
7
7
8
8
8
8
8
8
9
9
9
9
9
9
9
9
9
9
9
10
10
10
10
10
10
10
11
11
11
11
11
11
11
11
11
12
12
12
12
12
12
12
13
13
13
13
13
13
13
13
13
13
13
13
13
13
14
14
14
14
14
14
14
15
15
15
15
15
16
16
16
16
17
17
17
17
17
17
17
18
18
19
19
19
20
20
20
20
20
20
20
20
20
21
21
21
21
21
22
22
23
23
23
23
24
24
25
25
25
25
26
26
26
26
26
27
27
27
28
28
28
28
28
28
29
30
30
31
32
32
33
33
33
34
35
35
35
35
35
35
35
36
36
37
37
38
38
39
39
40
40
41
41
41
41
42
42
42
42
42
43
43
43
43
43
43
43
44
45
45
45
45
46
46
46
46
46
46
47
47
47
47
47
47
48
48
48
48
48
48
48
48
48
48
48
48
49
49
49
49
49
49
49
49
49
49
50
50
50
51
51
51
51
51
51
52
52
52
52
52
52
53
53
54
55
55
55
55
56
56
56
57
57
57
57
58
58
58
58
59
59
59
60
60
60
60
60
60
61
61
61
62
62
62
62
62
63
63
63
63
63
63
64
64
64
64
64
65
65
65
66
66
66
66
66
66
67
67
67
67
67
67
67
67
67
67
69
69
70
70
70
70
71
71
71
71
72
72
72
72
72
72
72
73
73
73
73
73
73
74
74
74
74
75
75
75
75
75
75
75
75
75
76
77
77
78
78
78
78
78
79
79
79
80
80
80
80
80
81
81
81
81
81
82
82
82
83
83
83
83
84
84
84
84
84
85
85
85
85
85
85
85
85
86
86
86
86
86
86
87
87
87
87
87
87
88
88
88
88
88
88
88
89
89
89
90
90
90
90
91
91
91
91
92
92
92
93
93
93
93
93
93
93
93
94
94
94
94
95
95
95
96
96
96
96
97
97
98
98
98
98
98
98
99
99
100
100
100
100
100
100
100
100
101
101
101
102
102
102
102
103
104
104
104
104
104
104
105
105
105
105
105
105
105
106
106
106
106
106
106
106
107
107
107
107
107
108
108
108
108
108
108
108
108
109
109
109
110
110
110
110
110
110
110
111
111
111
111
111
111
111
112
112
112
112
113
113
113
113
114
114
115
115
115
115
115
115
115
115
116
116
116
116
116
116
116
117
117
117
117
117
117
117
117
117
117
117
118
118
118
118
118
118
118
118
118
118
119
119
119
119
119
119
120
120
120
120
120
120
120
120
120
120
121
121
121
121
121
122
122
122
122
122
123
123
124
124
124
124
124
125
125
125
125
125
125
125
126
126
126
126
127
128
128
128
128
129
129
129
129
129
129
130
130
130
130
130
130
132
132
133
133
134
134
134
135
135
135
136
136
137
137
137
137
138
139
139
139
140
140
141
141
141
141
141
141
141
142
142
142
142
142
142
142
143
144
144
144
144
144
145
145
145
145
145
146
146
146
146
146
146
146
146
146
146
147
147
147
147
147
147
147
147
148
148
148
148
148
148
148
148
148
148
148
148
149
149
149
149
149
149
149
149
149
149
149
149
150
150
150
150
150
151
151
151
151
151
151
151
151
152
152
152
152
152
152
152
152
152
152
153
153
153
153
153
154
154
154
154
154
154
155
155
155
155
155
156
156
156
156
157
157
157
158
158
158
158
158
158
158
158
158
159
160
160
161
161
161
161
161
161
161
161
161
161
162
162
162
162
162
162
162
162
162
162
162
162
163
163
163
163
163
163
163
163
163
164
164
164
164
164
164
164
164
164
164
164
164
165
165
165
165
165
165
165
165
166
166
166
166
166
166
167
167
167
167
167
167
167
168
168
168
169
169
169
170
170
170
170
170
170
171
171
171
171
171
172
172
172
172
172
172
172
172
173
173
173
173
173
173
173
173
174
174
174
174
174
174
174
175
175
175
175
175
175
176
176
177
177
177
177
178
178
178
179
179
179
179
180
180
180
180
180
181
182
182
182
182
182
182
183
183
183
183
183
183
184
184
184
184
184
185
185
185
185
185
185
186
186
186
186
186
187
187
187
187
187
188
188
188
188
188
189
189
189
189
189
189
190
190
190
190
190
190
190
190
190
191
191
191
191
191
191
192
192
192
192
192
193
193
194
194
194
194
194
194
194
194
195
195
195
195
195
196
196
196
196
197
197
197
197
197
197
197
198
198
198
198
199
199
199
199
199
199
199
199
200
200
200
200
200
200
201
201
201
201
201
201
201
201
201
202
202
202
202
202
202
203
203
203
203
203
203
204
204
204
205
205
205
205
206
206
206
206
206
207
207
207
208
208
208
208
208
208
208
209
209
209
209
209
209
209
210
210
210
210
210
211
211
211
211
211
211
211
211
212
212
212
212
212
213
213
213
213
213
214
214
214
214
215
215
215
215
216
216
216
216
216
217
217
217
217
218
218
219
219
219
219
220
221
221
221
221
221
221
221
221
222
223
223
223
223
223
224
224
225
225
225
225
226
226
227
227
228
229
229
230
230
230
231
231
231
232
232
232
232
232
232
233
233
233
233
233
233
235
237
237
237
238
239
239
239
239
240
240
241
241
241
242
245
246
246
246
246
247
247
247
248
248
248
248
249
249
249
249
249
250
250
250
250
251
251
251
251
251
251
253
253
254
254
254
255
256
256
257
259
259
259
259
260
260
261
262
263
263
263
263
264
264
264
267
270
272
273
273
274
274
275
276
276
277
280
280
280
286
286
287
288
288
288
288
288
290
291
292
293
299
302
304
305
314
316
320
322
324
327
329
329
329
329
332
335
335
336
337
337
344
344
348
349
349
351
351
354
354
354
354
354
359
359
361
369
372
375
376
377
379
382
385
389
391
393
393
395
396
397
398
402
403
404
404
404
404
404
406
410
412
413
414
418
419
420
421
424
425
434
438
439
440
440
442
442
442
442
444
445
446
450
451
452
454
458
458
458
458
458
459
461
462
462
462
466
466
466
466
466
467
467
467
467
468
468
468
471
471
471
472
475
475
476
479
479
479
481
481
481
481
481
481
481
481
481
483
485
487
487
490
495
495
495
497
499
499
499
500
500
500
502
502
502
505
505
506
506
506
509
510
510
510
511
511
514
515
515
517
517
518
523
524
525
527
529
529
530
536
538
541
542
545
545
546
546
550
551
552
552
553
554
555
555
558
559
565
567
567
567
569
569
569
570
571
571
572
574
574
575
580
580
581
585
586
590
592
593
593
594
594
595
596
596
597
597
597
598
598
599
599
600
600
609
610
611
611
611
613
613
613
613
613
615
615
616
616
616
617
618
618
618
618
619
619
621
621
621
624
626
626
626
627
628
629
629
629
630
630
630
630
632
632
634
634
636
637
637
639
641
641
641
641
642
643
643
644
645
645
646
647
647
649
649
650
650
653
654
655
659
662
664
664
665
665
666
667
667
669
669
670
670
670
670
670
670
671
671
671
672
673
674
674
675
675
676
676
676
676
676
677
677
678
678
681
681
685
686
687
687
687
687
688
688
691
691
691
692
692
695
696
697
698
698
698
699
700
700
700
700
700
701
701
702
703
703
703
703
704
704
704
704
705
705
705
705
705
705
705
706
706
706
706
707
707
715
719
721
721
722
724
725
726
726
727
727
727
727
728
729
729
729
730
733
735
735
737
737
737
738
738
739
741
741
741
742
742
742
742
745
746
747
748
752
753
756
757
758
763
763
763
764
764
765
765
765
765
765
766
767
767
767
767
768
768
770
770
770
770
771
771
771
771
771
771
772
772
772
772
773
775
775
776
776
776
776
776
777
778
778
780
782
783
783
783
783
783
783
783
784
784
786
786
786
786
787
787
787
788
788
793
793
794
795
796
796
797
799
800
803
804
804
806
806
807
807
807
807
808
808
809
809
810
810
810
810
810
811
811
811
811
813
814
816
816
819
820
821
825
826
827
828
829
830
831
836
837
837
838
839
840
844
846
846
847
847
848
848
848
848
849
849
850
850
850
851
851
852
854
857
858
859
860
860
861
862
863
864
864
865
865
867
867
867
868
868
869
870
870
870
870
872
872
872
872
872
873
873
873
874
874
875
875
875
876
877
878
878
879
885
885
885
886
887
890
891
891
891
893
893
896
899
900
901
903
904
907
909
910
910
910
911
912
914
915
916
919
919
921
922
922
922
923
923
923
924
924
924
925
926
926
928
929
929
929
930
930
932
932
934
935
935
936
936
936
936
937
938
939
939
940
940
940
941
944
946
948
949
952
955
956
958
959
960
962
962
963
969
970
970
970
971
971
972
972
972
972
972
973
974
974
974
974
975
976
978
979
979
979
979
980
984
984
985
985
986
988
990
990
991
994
994
995
995
996
996
996
997
998
998
1002
1002
1002
1003
1004
1007
1010
1011
1011
1011
1011
1013
1014
1015
1015
1015
1016
1016
1017
1017
1018
1019
1020
1020
1020
1022
1022
1022
1022
1023
1024
1024
1026
1027
1027
1028
1029
1030
1033
1034
1034
1035
1035
1036
1037
1037
1037
1037
1037
1038
1040
1040
1041
1043
1043
1043
1043
1043
1044
1044
1044
1045
1045
1046
1047
1047
1049
1049
1050
1051
1054
1054
1055
1055
1056
1056
1056
1056
1058
1059
1059
1060
1060
1060
1061
1062
1063
1063
1063
1063
1064
1064
1065
1066
1067
1067
1069
1069
1073
1074
1075
1075
1075
1075
1076
1078
1080
1081
1082
1083
1083
1084
1085
1085
1085
1085
1086
1086
1086
1086
1087
1087
1089
1090
1092
1092
1094
1094
1094
1095
1095
1096
1097
1097
1098
1098
1098
1099
1099
1100
1100
1100
1100
1101
1102
1103
1103
1103
1103
1103
1103
1106
1107
1108
1108
1108
1108
1109
1111
1111
1111
1112
1112
1112
1113
1114
1114
1114
1115
1115
1116
1119
1119
1119
1122
1122
1123
1124
1124
1125
1125
1126
1126
1128
1129
1130
1131
1131
1131
1132
1133
1133
1134
1134
1135
1135
1136
1136
1138
1142
1143
1145
1146
1147
1147
1147
1148
1148
1149
1150
1152
1156
1157
1160
1160
1161
1162
1163
1164
1165
1166
1167
1167
1168
1168
1169
1169
1169
1171
1171
1172
1174
1174
1175
1176
1177
1177
1178
1178
1178
1179
1180
1180
1181
1181
1182
1183
1184
1184
1184
1184
1185
1186
1187
1189
1189
1190
1190
1193
1193
1193
1197
1200
1201
1202
1203
1204
1204
1204
1204
1206
1207
1207
1209
1210
1211
1213
1213
1213
1214
1214
1214
1215
1215
1215
1216
1216
1216
1217
1217
1217
1219
1220
1220
1222
1223
1224
1224
1224
1225
1226
1226
1226
1228
1232
1233
1236
1237
1238
1239
1239
1239
1240
1241
1241
1242
1242
1243
1247
1247
1247
1248
1248
1249
1249
1251
1251
1252
1253
1254
1254
1257
1257
1257
1258
1258
1259
1261
1263
1267
1270
1271
1272
1272
1273
1273
1275
1275
1277
1277
1280
1280
1280
1281
1281
1282
1282
1282
1283
1283
1284
1287
1287
1287
1287
1287
1288
1290
1290
1291
1295
1295
1298
1298
1298
1298
1298
1298
1299
1299
1299
1301
1301
1301
1301
1302
1302
1302
1302
1303
1303
1304
1304
1304
1305
1306
1307
1307
1308
1308
1308
1309
1309
1311
1311
1312
1312
1313
1315
1316
1316
1317
1318
1318
1319
1319
1320
1320
1321
1321
