0
2
2
3
4
4
5
5
6
6
7
7
7
7
7
8
8
8
8
8
8
8
8
8
8
9
9
9
9
9
9
9
9
9
9
10
10
10
10
10
10
10
11
11
11
11
12
12
12
12
12
12
12
12
13
13
13
13
13
13
14
14
14
14
14
14
14
15
15
15
15
16
16
16
16
16
16
16
16
17
17
17
17
17
17
17
17
17
17
18
18
18
18
18
18
19
19
20
21
21
21
21
22
22
22
23
23
23
24
24
24
24
24
24
25
25
25
26
26
26
27
27
27
28
28
28
28
28
29
29
29
29
30
30
30
30
30
30
30
31
32
32
32
33
33
33
34
34
34
35
35
35
35
35
35
35
35
35
35
36
36
36
36
37
37
37
37
37
37
37
37
37
37
38
38
38
38
38
39
39
41
41
42
42
44
44
44
45
45
45
46
46
47
47
48
48
48
48
48
48
48
48
49
49
49
49
49
50
50
50
51
51
51
52
52
52
52
53
53
53
54
54
54
54
54
55
55
55
56
56
56
57
57
57
57
57
58
58
58
59
60
60
60
60
61
61
61
61
61
62
62
62
62
62
62
62
62
62
62
64
64
64
64
64
64
64
65
66
66
67
67
67
67
68
68
68
69
69
70
70
70
71
71
71
72
72
72
72
72
72
73
73
73
73
73
73
73
75
75
75
75
75
75
76
76
76
76
77
77
77
77
78
78
78
78
78
78
79
79
79
79
79
79
80
80
80
80
81
81
81
82
82
82
82
82
82
82
82
83
83
84
84
84
84
84
84
84
84
85
85
85
85
86
86
86
87
87
87
88
88
88
88
88
88
89
89
89
90
90
90
90
90
90
90
90
90
91
91
91
91
91
92
92
92
92
93
93
93
93
93
93
93
94
94
94
94
94
94
95
95
95
95
95
96
96
96
96
96
96
96
96
97
97
97
97
97
98
98
98
98
98
98
98
99
99
100
100
100
101
101
101
102
103
103
103
103
103
103
103
103
104
104
104
104
104
105
105
106
106
106
106
106
107
107
107
107
107
108
108
108
108
108
108
108
108
108
108
108
108
108
109
109
109
109
109
109
110
110
110
110
110
110
110
111
112
112
112
112
113
113
114
114
115
115
115
115
115
115
116
116
117
117
117
118
118
118
118
119
119
119
119
119
119
120
120
120
120
121
121
121
121
121
121
121
121
121
121
121
121
121
121
121
122
122
122
122
122
123
123
123
123
123
123
123
124
124
124
124
124
124
124
124
124
125
125
125
125
125
125
125
125
126
126
126
126
126
126
126
126
127
128
129
130
130
130
131
131
132
132
132
133
133
133
133
133
133
134
134
134
134
135
135
135
135
136
136
136
136
136
136
136
138
138
138
138
138
138
138
139
139
139
140
140
140
141
141
141
141
141
141
142
142
142
142
142
142
142
143
143
143
143
143
143
143
143
143
144
144
144
144
144
144
144
144
144
144
144
144
144
144
145
145
145
145
145
145
145
145
145
145
146
146
146
147
147
147
147
147
147
147
148
148
148
148
148
148
149
149
149
149
149
150
150
150
150
151
151
151
151
151
151
151
152
152
152
152
152
152
152
152
153
153
153
153
153
153
153
153
153
153
154
154
154
154
154
154
154
154
155
155
155
156
156
156
156
156
157
157
158
158
158
158
158
159
159
159
159
159
160
160
160
160
160
160
161
161
161
161
161
161
161
161
162
162
162
162
163
163
163
163
163
163
163
163
163
163
164
164
164
164
164
165
165
165
165
165
165
166
166
166
167
167
167
167
167
167
167
167
167
167
168
168
168
168
168
169
169
169
169
169
169
169
169
169
170
170
170
170
170
171
171
171
171
171
171
171
172
172
172
173
173
173
173
173
173
174
174
174
174
174
175
175
175
175
175
175
175
175
175
175
176
176
176
176
177
177
177
177
177
178
178
178
178
178
179
179
179
179
179
179
180
180
180
180
181
181
181
181
181
181
181
181
182
182
182
182
183
183
183
183
183
183
183
183
183
183
183
184
184
184
185
186
186
186
186
187
187
187
187
187
188
188
188
188
188
189
189
189
190
190
190
190
190
190
191
191
191
191
191
191
192
192
192
192
192
192
193
193
193
193
193
194
194
194
194
194
194
194
195
195
195
195
195
196
196
196
196
196
196
196
197
197
197
197
197
197
197
198
198
198
198
198
198
199
199
199
199
199
199
199
199
199
199
199
199
200
200
200
200
201
201
201
201
201
201
201
201
201
201
201
201
202
202
202
202
202
202
202
202
203
203
203
203
203
204
204
204
204
204
204
205
205
205
205
205
205
205
206
206
206
206
206
206
206
206
206
206
206
206
206
207
207
207
207
208
208
208
208
208
208
208
208
208
209
209
209
209
209
210
210
210
210
211
211
212
212
212
212
212
212
212
212
213
213
213
213
214
214
214
214
214
215
215
215
217
217
217
218
218
218
218
219
219
219
219
220
220
220
221
221
221
221
221
221
221
221
221
221
222
222
222
222
222
222
222
222
222
222
223
223
223
223
223
223
223
224
224
224
224
224
225
225
226
226
226
227
227
227
227
227
228
228
228
228
228
228
229
229
229
229
229
230
230
230
230
230
230
230
230
231
231
231
231
232
232
232
233
233
233
233
233
235
235
235
235
235
235
236
236
236
236
237
237
237
238
238
238
238
238
239
239
240
241
241
241
241
241
241
241
242
242
242
242
242
243
243
243
243
243
243
243
243
244
244
244
244
244
244
245
245
245
245
245
246
246
246
247
248
248
248
248
249
249
249
250
250
250
251
251
251
251
252
252
252
253
253
253
254
254
254
256
256
256
257
258
259
259
260
260
262
262
263
263
264
264
265
265
266
266
266
267
268
268
269
269
269
269
270
270
270
270
270
271
272
273
275
275
276
276
277
279
280
282
284
284
284
285
286
286
287
288
289
289
290
290
292
292
293
294
294
294
297
298
299
299
299
299
299
300
300
303
303
304
305
305
308
309
310
312
313
313
314
315
315
316
316
316
317
317
319
319
320
324
325
325
327
328
328
329
330
332
333
333
334
334
335
335
336
336
338
343
344
345
345
345
347
350
350
352
356
357
358
359
364
372
372
373
375
376
377
377
378
378
379
379
381
381
382
384
385
386
386
389
390
391
397
398
398
400
401
408
409
411
414
417
418
418
419
421
428
428
428
430
431
431
433
433
434
434
434
434
435
435
436
437
438
439
454
455
455
456
457
457
458
459
460
461
467
467
473
474
474
477
478
479
481
481
483
483
483
484
485
487
487
487
487
487
487
488
488
488
488
488
489
489
490
490
493
494
494
494
495
497
497
497
498
499
500
500
502
505
507
509
510
511
513
514
517
518
518
518
519
519
519
519
520
520
520
521
521
522
524
525
525
526
527
528
528
528
528
528
530
538
539
541
542
542
542
543
547
547
548
550
550
553
553
553
554
554
554
554
554
555
555
558
560
561
561
561
562
563
563
563
563
563
563
572
572
575
577
578
578
578
578
582
583
586
588
590
594
596
596
597
598
600
600
601
603
604
605
606
606
607
611
614
616
616
618
619
620
620
620
623
623
623
624
625
626
626
628
629
629
629
631
631
631
633
633
633
633
634
635
637
637
638
639
639
640
640
640
641
641
642
642
642
642
643
643
643
645
646
647
647
648
649
650
650
650
652
653
654
655
655
657
658
658
658
658
658
658
659
660
662
662
663
664
665
665
665
665
665
666
666
667
667
668
669
670
671
671
671
672
673
674
676
676
677
677
679
682
682
683
683
684
685
686
688
688
688
688
688
688
688
689
689
689
689
690
690
690
690
694
694
694
694
694
695
695
695
695
695
695
695
696
696
696
696
696
696
696
696
697
698
699
699
701
701
702
703
703
705
706
706
706
708
708
711
711
713
714
716
717
717
718
719
719
720
720
721
721
722
722
722
722
723
725
725
725
726
726
727
727
727
727
727
727
728
728
728
729
729
729
729
729
730
730
730
730
730
731
731
731
732
733
734
737
739
740
741
742
745
745
746
747
750
752
752
752
752
753
753
753
754
755
756
757
759
760
760
760
760
761
762
763
764
765
766
767
770
772
773
773
775
775
775
776
777
779
781
781
782
783
786
788
788
788
791
792
793
793
794
794
797
797
797
798
798
798
798
798
799
799
799
799
800
801
801
801
801
802
802
802
802
802
803
803
804
805
805
805
805
805
806
806
806
807
807
807
808
808
808
808
808
808
809
809
809
810
810
810
811
811
812
813
813
814
814
815
815
818
819
819
822
822
822
822
824
825
827
828
828
828
830
830
831
831
831
832
832
832
832
832
832
832
832
833
833
833
833
833
833
833
834
834
834
834
836
836
837
840
840
841
841
842
843
844
844
844
844
845
845
846
848
848
848
849
850
852
854
854
854
855
855
857
858
860
860
861
861
865
867
867
868
871
872
873
874
874
876
876
876
876
876
883
883
883
883
886
886
886
888
889
889
889
889
891
891
892
892
892
894
894
894
895
896
896
896
896
896
897
897
898
899
899
900
901
904
905
906
908
909
909
910
913
913
914
916
917
918
919
920
923
923
923
923
927
927
928
930
930
931
931
932
932
933
933
933
934
934
935
938
939
939
940
940
940
940
940
941
941
941
941
943
943
944
945
945
947
948
949
952
952
953
953
954
954
954
960
961
967
967
968
968
968
969
969
969
969
970
971
971
972
973
976
976
976
977
978
978
979
980
980
981
982
983
984
985
985
985
988
990
990
990
990
990
991
993
994
994
995
996
997
998
1001
1001
1008
1009
1010
1011
1011
1011
1014
1015
1016
1016
1018
1020
1022
1022
1022
1023
1025
1025
1026
1027
1027
1028
1028
1030
1030
1035
1035
1035
1036
1037
1037
1037
1038
1038
1039
1039
1040
1044
1045
1049
1050
1050
1051
1052
1052
1053
1057
1059
1059
1060
1061
1062
1063
1065
1065
1066
1068
1069
1069
1069
1070
1070
1071
1072
1072
1073
1075
1076
1076
1078
1078
1079
1082
1083
1084
1098
1101
1103
1104
1104
1105
1105
1106
1107
1107
1108
1114
1114
1116
1120
1126
1128
1132
1137
1138
1139
1141
1143
1145
1146
1146
1151
1151
1153
1153
1154
1156
1157
1157
1158
1158
1159
1159
1160
1161
1163
1163
1164
1168
1169
1169
1170
1171
1176
1180
1180
1183
1185
1185
1185
1185
1187
1187
1188
1189
1189
1194
1195
1196
1201
1206
1206
1208
1208
1210
1210
1210
1210
1211
1213
1213
1214
1214
1214
1215
1215
1217
1218
1222
1223
1223
1224
1225
1226
1226
1228
1228
1228
1228
1230
1230
1233
1234
1235
1236
1236
1237
1238
1240
1245
1246
1247
1247
1256
1256
1259
1259
1261
1265
1265
1266
1266
1267
1267
1268
1268
1268
1269
1270
1271
1273
1274
1274
1275
1275
1276
1276
1279
1279
1281
1282
1283
1285
1285
1285
1287
1287
1287
1287
1289
1289
1289
1290
1292
1292
1293
1297
1298
1299
1299
1299
1299
1302
1302
1302
1305
1305
1305
1309
1309
1310
1311
1312
1313
1314
1315
1315
1317
1317
1318
1319
1319
1319
