0
2
3
4
4
4
5
6
6
6
6
6
6
6
7
7
7
7
7
7
8
8
8
8
8
8
8
8
8
8
8
9
9
9
10
10
10
10
10
10
10
10
10
10
11
11
11
11
11
12
12
12
13
13
13
13
13
13
13
13
13
13
13
14
14
14
14
14
14
14
14
14
14
14
15
15
15
15
15
15
15
16
16
16
16
16
17
17
17
18
18
18
18
19
19
20
20
20
20
20
20
20
21
21
21
21
21
21
21
21
22
22
22
22
22
22
22
23
23
23
23
24
24
24
24
24
25
25
25
25
25
26
26
26
27
27
27
28
28
28
28
28
28
28
29
29
29
29
30
30
30
30
30
31
31
31
31
31
32
32
32
32
32
32
32
32
32
33
33
33
33
33
33
33
34
34
34
34
34
34
34
34
35
35
35
36
36
36
37
37
37
38
39
39
39
39
40
40
40
40
40
40
41
41
41
41
42
42
42
42
42
43
43
43
43
43
43
44
44
44
44
44
44
44
45
46
47
47
47
47
48
48
48
48
48
48
48
48
48
48
48
49
49
49
49
49
49
49
50
50
50
51
51
51
51
51
51
51
52
52
52
52
53
53
53
54
54
54
54
55
55
55
55
55
55
55
56
56
56
56
56
56
57
57
57
57
57
57
58
58
58
58
58
58
59
59
59
59
60
60
60
60
60
60
61
61
61
61
61
62
63
63
63
63
63
64
64
64
64
64
64
64
64
64
64
65
65
65
66
66
66
66
66
66
66
67
67
68
68
68
68
68
68
68
68
69
69
69
69
69
69
69
69
69
70
70
70
70
70
70
71
71
71
72
72
72
72
72
72
72
72
73
73
73
73
73
73
73
73
73
73
74
74
74
74
74
74
75
75
75
75
75
75
75
75
75
75
76
76
76
76
76
76
77
77
77
77
78
78
78
78
78
78
79
79
79
79
79
79
80
80
80
80
80
80
81
81
81
81
81
82
82
82
83
83
83
83
83
84
84
84
84
84
85
85
85
86
86
86
86
86
86
87
87
87
87
87
88
88
88
89
89
89
89
89
89
89
90
90
90
90
90
91
91
91
91
91
91
91
91
92
92
92
92
93
93
93
93
94
94
94
95
95
95
95
95
95
95
96
96
96
96
96
97
97
97
97
97
98
98
98
99
99
99
99
99
100
100
100
100
100
100
100
101
101
102
102
102
103
103
103
103
104
104
104
104
105
105
105
105
105
105
105
105
106
106
106
106
107
107
107
107
107
108
108
108
109
110
110
110
111
111
111
111
111
111
112
113
113
113
114
114
114
115
115
115
116
116
116
116
117
118
118
118
119
120
121
121
121
122
122
122
123
123
123
123
123
123
124
124
125
125
125
125
125
125
125
125
127
127
127
127
127
127
128
128
128
128
128
128
128
128
128
128
128
128
129
129
129
129
129
129
129
129
129
130
130
130
130
131
131
131
132
132
133
133
133
135
135
135
135
135
136
136
136
136
137
137
137
138
138
139
139
139
139
139
140
140
140
140
140
141
141
142
142
142
142
142
142
143
143
143
143
144
144
144
144
145
145
145
146
146
146
146
147
148
149
149
149
149
149
149
149
150
150
150
150
150
150
151
151
151
151
151
151
151
152
152
152
153
153
153
154
154
154
154
154
155
155
155
155
155
155
156
156
156
156
156
156
157
157
157
157
157
157
158
158
158
158
159
159
159
159
159
160
160
160
160
160
160
160
160
160
160
160
160
161
162
162
162
163
163
163
164
164
164
165
165
165
165
166
166
166
167
167
167
167
167
167
167
167
167
167
167
167
168
168
168
168
168
168
168
168
168
169
169
169
170
171
171
171
172
172
172
172
172
172
173
173
173
174
175
175
175
175
175
175
175
176
176
176
177
177
177
178
178
178
178
179
179
180
180
181
182
183
183
183
184
184
184
185
185
185
185
185
185
185
185
186
186
186
186
186
186
187
187
187
188
188
188
188
188
188
189
189
189
189
189
190
190
190
190
191
191
191
191
191
192
192
192
192
193
193
193
193
195
195
195
195
195
196
196
196
196
196
197
197
198
198
198
198
198
198
199
199
200
200
200
200
201
201
202
203
203
203
204
204
204
205
205
205
206
206
206
207
207
208
208
208
208
209
209
209
209
209
209
210
210
210
210
210
211
213
214
214
214
214
214
214
214
214
214
215
215
215
216
216
216
216
216
217
217
217
217
218
218
218
219
219
219
219
219
220
220
220
221
221
222
222
223
223
223
224
225
226
226
226
226
227
227
228
228
228
228
228
229
229
230
231
232
232
232
232
233
233
233
234
235
235
235
235
235
235
236
236
236
236
236
237
237
238
238
238
239
239
239
239
240
241
242
242
243
243
243
244
244
244
245
245
246
247
247
247
248
248
249
250
250
250
250
250
251
251
252
253
253
254
255
255
257
257
257
258
258
258
258
260
260
261
261
263
263
263
265
266
266
266
267
267
267
267
268
268
271
271
272
272
273
274
275
276
276
276
277
280
281
282
283
284
288
290
293
295
297
298
300
300
301
302
303
304
304
304
306
306
307
307
307
309
309
309
310
310
310
312
312
313
313
314
317
317
317
317
318
319
320
320
320
320
321
324
325
327
327
328
331
331
334
334
334
335
335
335
335
337
337
338
339
339
340
340
340
341
347
347
348
348
349
349
350
350
351
352
352
353
356
356
356
356
357
359
359
359
360
360
360
361
361
361
362
362
363
363
366
366
367
369
369
369
371
372
372
374
374
375
376
376
378
379
379
380
381
384
384
392
394
395
395
396
396
398
398
399
402
402
404
406
406
407
408
412
413
413
414
414
415
416
416
416
416
417
419
419
420
421
427
427
428
428
428
429
429
429
429
430
430
430
432
439
440
442
442
447
449
450
454
459
461
464
464
466
466
471
479
485
485
486
486
490
495
497
497
498
502
505
516
518
519
522
522
522
523
525
527
527
530
530
531
531
532
534
534
535
544
545
546
547
549
550
550
550
550
550
552
552
553
553
556
558
558
559
559
559
561
562
564
566
566
566
567
567
567
568
568
568
570
571
572
573
576
576
576
576
577
577
577
578
579
583
584
584
588
590
591
591
591
593
593
593
594
596
597
600
600
600
607
608
611
614
618
619
622
622
623
623
624
627
627
628
630
630
630
631
631
633
635
636
636
638
639
640
643
643
643
644
644
645
645
645
648
648
648
648
649
649
649
649
654
655
657
657
659
659
659
659
664
665
668
671
677
677
679
683
688
691
693
699
699
702
706
706
715
715
716
730
730
731
731
732
733
733
733
734
736
736
736
736
737
739
741
747
747
748
748
748
753
758
760
760
760
761
762
762
765
766
786
793
794
794
799
804
808
818
822
871
873
873
877
885
886
887
890
891
894
924
925
939
940
941
944
944
945
946
946
947
947
947
947
947
948
952
955
956
963
968
975
976
979
983
996
996
1010
1018
1020
1021
1022
1022
1031
1057
1080
1086
1101
1104
1106
1107
1113
1114
1115
1118
1123
1124
1126
1128
1128
1133
1134
1135
1135
1135
1140
1140
1150
1153
1154
1155
1157
1159
1159
1160
1160
1164
1164
1165
1167
1170
1172
1172
1172
1175
1176
1177
1179
1180
1181
1182
1183
1183
1184
1188
1189
1189
1190
1191
1195
1197
1202
1203
1204
1206
1207
1210
1212
1213
1216
1217
1217
1218
1219
1222
1225
1226
1227
1227
1239
1240
1252
1268
1273
1273
1273
1273
1273
1276
1280
1280
1291
1293
1293
1295
1295
1295
1295
1297
1299
1306
1307
1312
1324
1328
1365
1415
1417
1418
1418
1419
1421
1424
1425
1425
1425
1427
1428
1429
1429
1431
1431
1431
1432
1432
1432
1433
1434
1434
1434
1436
1437
1437
1438
1439
1439
1439
1439
1441
1441
1442
1442
1443
1443
1443
1444
1446
1446
1450
1450
1450
1450
1451
1451
1453
1455
1455
1455
1459
1459
1459
1459
1459
1460
1460
1460
1462
1463
1465
1465
1465
1466
1466
1467
1467
1467
1467
1468
1468
1468
1468
1469
1469
1471
1471
1471
1471
1474
1476
1476
1477
1477
1478
1479
1479
1480
1480
1484
1485
1486
1489
1493
1497
1497
1501
1502
1503
1503
1503
1503
1506
1511
1514
1515
1516
1526
1531
1532
1536
1537
1543
1544
1544
1545
1545
1553
1553
1554
1554
1555
1555
1555
1555
1555
1555
1555
1556
1557
1558
1558
1560
1560
1562
1562
1565
1566
1567
1568
1569
1569
1570
1572
1573
1573
1573
1574
1577
1578
1579
1579
1579
1581
1582
1582
1582
1583
1584
1584
1585
1585
1585
1586
1589
1589
1590
1590
1591
1591
1592
1592
1594
1594
1594
1596
1597
1597
1597
1599
1600
1600
1600
1601
1601
1602
1602
1603
1603
1604
1604
1604
1606
1606
1606
1609
1609
1609
1609
1610
1611
1611
1611
1612
1612
1612
1612
1613
1613
1613
1613
1614
1614
1615
1616
1616
1617
1618
1619
1619
1619
1620
1620
1621
1621
1621
1623
1623
1623
1625
1625
1628
1628
1629
1631
1632
1632
1633
1634
1634
1635
1635
1635
1636
1636
1636
1636
1637
1639
1639
1640
1641
1642
1642
1642
1643
1644
1645
1646
1649
1651
1652
1654
1656
1658
1659
1662
1662
1663
1663
1669
1675
1678
1683
1683
1688
1688
1697
1700
1700
1701
1701
1701
1701
1702
1702
1703
1705
1705
1706
1706
1707
1708
1710
1711
1711
1714
1715
1716
1718
1719
1725
1727
1727
1730
1731
1732
1734
1734
1734
1738
1739
1740
1741
1741
1742
1742
1743
1743
1743
1743
1744
1744
1744
1744
1745
1745
1745
1745
1749
1752
1753
1756
1758
1759
1759
1765
1767
1768
1768
1768
1768
1768
1769
1774
1774
1776
1776
1777
1779
1781
1784
1789
1790
1792
1792
1792
1795
1797
1798
1800
1801
1801
1802
1802
1802
1803
1805
1806
1807
1808
1808
1810
1811
1813
1814
1814
1816
1816
1827
1829
1829
1845
1851
1853
1857
1863
1874
1876
1884
1885
1886
1887
1897
1902
1903
1906
1906
1907
1908
1909
1909
1917
1928
1928
1935
1935
1939
1940
1940
1955
1963
1978
1979
1979
1984
1984
1985
1985
1985
1986
2004
2019
2019
2020
2020
2022
2023
2025
2025
2025
2025
2026
2050
2051
2057
2058
2065
2066
2067
2067
2068
2068
2070
2073
2081
2083
2085
2115
2130
2143
2187
2276
2305
2306
2333
2407
2422
2430
2431
2436
2450
2458
2461
2461
2467
2468
2471
2471
2496
2499
2506
2509
2510
2542
2553
2553
2556
2558
2558
2566
2566
2577
2607
2608
2617
2617
2620
2625
2630
2634
2637
2638
2639
2639
2639
2644
2646
2650
2739
2751
2773
2783
2787
2796
2797
2797
2797
2798
2808
2817
2826
2831
2833
2847
2872
2996
3000
3027
3037
3042
3042
3043
3045
3046
3046
3049
3049
3053
3053
3059
3060
3065
3067
3069
3071
3078
3079
3085
3085
3125
3129
3129
3132
3133
3136
3136
3138
3145
3145
3146
3147
3156
3160
3163
3165
3171
3171
3171
3171
3173
3174
3176
3178
3180
3183
3186
3187
3205
3206
3206
3214
3215
3218
3220
3222
3222
3225
3240
3249
3261
3263
3266
3266
3277
3281
3304
3307
3317
3317
3320
3322
3323
3324
3324
3327
3327
3327
3328
3330
3332
3334
3339
3339
3342
3342
3346
3346
3347
3350
3354
3355
3356
3357
3358
3359
3360
3363
3364
3366
3369
3374
3381
3381
3387
3417
3417
3418
3419
3419
3429
3434
3434
3436
3441
3441
3451
3453
3454
3455
3456
3456
3457
3459
3487
3489
3491
3491
3502
3508
3511
3518
3578
3594
3597
3611
3612
3613
3619
3620
3648
3648
3652
3659
3687
3698
3710
3712
3725
3726
3727
3772
3789
3802
3802
3810
3832
3850
3866
3867
3869
3870
3877
3877
3877
3883
3884
3887
3893
3895
3905
3932
3960
3962
3965
3976
3978
3980
3980
3985
3985
3986
3987
3987
3995
3997
4001
4001
4006
4006
4015
4016
4020
4022
4025
4025
4031
4042
4044
4066
4089
4100
4101
4124
4125
4133
4133
