0
2
4
5
6
7
8
9
10
10
10
11
11
11
12
12
13
13
13
13
13
13
14
14
15
15
15
16
16
17
18
18
19
19
19
19
20
20
20
21
21
21
22
22
22
23
24
24
24
24
25
26
27
27
27
27
27
27
27
27
28
28
28
28
28
29
29
29
29
29
29
30
30
30
30
30
30
30
31
32
32
32
32
33
33
33
33
33
34
34
34
34
34
34
34
35
35
35
36
36
36
36
37
37
37
38
39
39
39
40
40
41
41
41
42
42
44
45
46
46
46
46
47
48
48
49
49
49
50
52
52
52
53
54
55
55
56
57
57
57
57
57
58
58
58
59
59
59
60
60
62
63
63
64
65
65
65
66
67
69
69
69
69
71
71
71
72
72
72
73
74
74
75
75
76
77
77
77
78
78
78
78
78
78
79
80
83
83
83
84
84
84
84
85
86
86
86
87
87
87
87
88
89
90
91
92
93
94
94
95
95
95
96
96
98
98
99
102
103
104
105
105
106
106
107
109
109
110
111
111
111
113
114
114
116
117
119
119
120
120
121
121
121
122
123
124
124
126
126
127
127
130
130
133
133
133
133
133
134
135
136
136
136
137
137
137
138
138
138
141
142
143
143
144
144
144
145
145
145
145
146
147
148
149
149
149
149
149
151
151
151
153
155
156
157
158
158
158
159
159
160
160
162
162
166
169
170
179
181
187
190
195
199
199
205
208
209
210
220
222
224
226
226
234
240
246
248
249
249
251
251
255
261
261
261
262
276
282
283
285
286
289
290
291
292
293
296
299
300
301
304
305
306
308
308
308
308
310
311
312
312
312
313
314
314
314
316
317
317
320
320
321
322
323
323
324
325
326
326
326
328
329
329
329
330
331
332
333
333
333
335
335
335
337
341
342
347
350
351
352
353
354
354
356
356
357
357
358
359
360
361
361
363
368
371
372
372
373
375
377
377
381
381
383
383
383
387
388
388
390
395
395
396
396
397
397
398
398
399
399
399
400
400
404
404
405
407
408
409
409
410
412
413
413
413
414
414
415
416
416
422
422
423
424
424
425
426
426
426
426
427
427
428
429
432
432
433
435
436
436
438
441
441
441
442
442
444
447
451
460
460
461
462
462
463
463
470
476
477
477
483
484
484
485
492
493
495
496
497
499
499
499
501
507
510
518
520
521
524
529
530
534
534
546
550
550
551
555
561
561
562
563
569
569
577
578
598
600
601
603
603
606
614
614
615
620
620
623
624
628
629
630
631
634
635
639
643
644
644
645
645
645
645
645
646
647
647
648
648
648
649
649
650
650
651
651
653
655
655
655
655
655
656
656
657
660
663
664
664
664
665
666
667
674
675
682
689
691
692
697
698
698
703
705
710
711
713
715
719
721
724
725
733
735
735
736
737
737
742
743
744
744
744
745
745
746
747
748
749
750
752
752
753
753
754
755
755
758
758
759
759
760
763
764
769
772
778
780
785
787
787
787
790
790
791
792
801
801
802
802
802
803
804
814
818
825
826
828
829
830
830
832
832
837
838
839
842
846
847
851
853
854
855
859
860
862
863
865
866
866
871
874
877
889
892
899
900
902
904
907
907
908
908
909
909
909
913
919
926
927
933
934
938
943
944
966
966
968
985
985
990
993
994
998
1001
1002
1006
1012
1013
1016
1018
1020
1020
1021
1021
1022
1023
1025
1027
1027
1027
1027
1028
1028
1028
1028
1028
1028
1029
1029
1029
1029
1029
1032
1034
1037
1038
1041
1044
1045
1045
1045
1046
1046
1047
1047
1047
1049
1051
1053
1056
1067
1068
1070
1075
1076
1079
1081
1096
1097
1098
1100
1109
1109
1113
1113
1114
1116
1116
1116
1116
1117
1117
1117
1118
1120
1121
1126
1128
1131
1134
1138
1141
1141
1141
1142
1142
1142
1142
1143
1143
1143
1143
1144
1144
1144
1147
1148
1150
1158
1159
1166
1166
1169
1169
1169
1171
1171
1171
1172
1173
1174
1174
1175
1178
1178
1179
1183
1183
1199
1200
1200
1210
1210
1212
1213
1213
1214
1214
1214
1215
1225
1226
1227
1228
1230
1239
1239
1241
1242
1246
1248
1249
1265
1266
1267
1267
1267
1267
1267
1268
1269
1274
1279
1280
1281
1282
1284
1289
1292
1295
1295
1297
1302
1305
1309
1310
1320
1323
1324
1324
1324
1325
1325
1337
1338
1341
1343
1355
1357
1358
1359
1360
1366
1371
1372
1376
1386
1387
1398
1402
1406
1407
1411
1412
1413
1415
1417
1417
1420
1420
1421
1422
1423
1424
1425
1427
1428
1428
1430
1434
1437
1437
1438
1439
1439
1439
1439
1440
1442
1443
1445
1445
1447
1450
1450
1450
1451
1451
1451
1451
1451
1451
1452
1452
1452
1452
1453
1453
1454
1457
1459
1459
1460
1460
1460
1461
1461
1462
1462
1462
1462
1463
1463
1466
1467
1471
1472
1473
1474
1475
1475
1476
1479
1479
1481
1484
1485
1488
1489
1489
1489
1489
1489
1489
1490
1491
1491
1491
1493
1493
1493
1493
1494
1495
1496
1497
1498
1499
1499
1501
1502
1503
1504
1505
1506
1506
1507
1507
1507
1507
1507
1508
1508
1508
1508
1509
1511
1513
1514
1515
1515
1516
1519
1519
1521
1522
1523
1523
1524
1526
1527
1528
1528
1528
1528
1529
1529
1529
1529
1529
1530
1531
1531
1535
1536
1542
1542
1543
1544
1545
1545
1546
1548
1548
1549
1549
1550
1554
1554
1554
1555
1560
1560
1560
1561
1562
1562
1562
1564
1564
1564
1564
1566
1569
1571
1571
1571
1573
1577
1578
1579
1579
1579
1579
1580
1580
1581
1581
1581
1582
1582
1582
1583
1584
1584
1584
1584
1585
1586
1587
1587
1588
1588
1588
1589
1589
1589
1591
1592
1593
1594
1594
1594
1594
1596
1597
1597
1598
1601
1604
1605
1605
1608
1609
1613
1615
1616
1616
1617
1621
1622
1622
1622
1623
1623
1624
1627
1628
1628
1628
1630
1633
1638
1638
1638
1640
1640
1641
1645
1646
1655
1656
1656
1656
1657
1657
1657
1657
1657
1657
1657
1657
1657
1658
1658
1658
1658
1658
1658
1658
1660
1660
1661
1662
1662
1663
1664
1664
1664
1665
1666
1667
1667
1667
1669
1669
1669
1670
1670
1671
1672
1674
1675
1676
1677
1679
1680
1682
1682
1682
1682
1682
1683
1684
1684
1684
1684
1685
1686
1686
1687
1687
1687
1688
1689
1689
1689
1689
1689
1689
1689
1690
1690
1690
1690
1690
1690
1691
1691
1691
1692
1694
1695
1695
1698
1703
1703
1703
1705
1706
1707
1707
1708
1708
1708
1708
1708
1709
1709
1709
1710
1710
1710
1710
1710
1710
1711
1711
1711
1713
1716
1718
1718
1719
1720
1721
1721
1722
1730
1731
1734
1738
1738
1740
1741
1743
1745
1747
1748
1748
1749
1749
1750
1752
1752
1759
1764
1764
1764
1765
1765
1765
1768
1768
1770
1771
1771
1771
1771
1772
1773
1774
1774
1775
1775
1776
1777
1779
1783
1784
1784
1785
1788
1790
1790
1792
1793
1794
1794
1795
1795
1796
1796
1797
1798
1798
1802
1803
1803
1804
1807
1809
1819
1820
1821
1824
1825
1826
1826
1826
1827
1827
1827
1827
1830
1835
1836
1836
1836
1837
1837
1837
1837
1837
1838
1838
1839
1840
1840
1841
1842
1843
1844
1847
1848
1850
1851
1853
1854
1860
1862
1863
1867
1867
1867
1869
1869
1871
1871
1872
1875
1877
1880
1883
1884
1884
1887
1889
1891
1893
1894
1895
1899
1900
1901
1907
1912
1918
1927
1929
1930
1934
1935
1935
1938
1938
1940
1944
1949
1951
1953
1963
1967
1970
1973
1975
1975
1977
1979
1990
1991
2000
2001
2004
2007
2010
2011
2013
2014
2015
2015
2020
2040
2040
2040
2040
2040
2042
2046
2050
2053
2053
2054
2054
2058
2061
2061
2063
2063
2063
2064
2064
2064
2064
2066
2066
2066
2067
2067
2075
2076
2081
2097
2098
2099
2100
2101
2102
2102
2112
2112
2112
2113
2113
2113
2114
2114
2114
2115
2116
2116
2116
2118
2123
2124
2124
2126
2126
2127
2127
2127
2128
2130
2138
2141
2145
2153
2155
2157
2166
2166
2170
2174
2178
2179
2179
2180
2180
2185
2186
2186
2192
2192
2193
2208
2208
2208
2211
2213
2214
2214
2218
2219
2220
2220
2225
2225
2226
2227
2239
2242
2243
2246
2246
2246
2248
2248
2248
2250
2250
2250
2251
2252
2254
2258
2259
2259
2261
2264
2265
2266
2278
2301
2301
2303
2304
2307
2309
2310
2312
2314
2319
2319
2326
2333
2337
2338
2384
2384
2385
2389
2391
2391
2392
2398
2401
2406
2414
2434
2447
2451
2455
2457
2458
2458
2459
2459
2460
2461
2463
2471
2477
2477
2482
2483
2483
2504
2504
2511
2528
2543
2546
2550
2552
2553
2553
2554
2555
2556
2563
2566
2575
2586
2591
2591
2600
2601
2602
2602
2604
2612
2614
2618
2633
2637
2638
2642
2644
2644
2655
2664
2665
2666
2690
2716
2729
2737
2743
2745
2746
2749
2771
2771
2775
2788
2793
2798
2801
2806
2814
2827
2827
2829
2830
2833
2834
2839
2839
2842
2842
2851
2853
2858
2860
2861
2862
2862
2863
2863
2868
2872
2897
2897
2897
2898
2903
2905
2911
2919
2922
2923
2923
2925
2930
2931
2940
2944
2945
2948
2951
2952
2955
2957
2967
2969
2970
2971
2977
2980
2983
2983
2984
2984
2986
2988
2988
2991
2991
2991
2991
2993
2993
2998
3001
3002
3003
3008
3013
3016
3016
3016
3017
3018
3023
3023
3029
3030
3030
3031
3032
3033
3034
3034
3041
3044
3047
3047
3047
3048
3048
3048
3052
3056
3056
3060
3061
3061
3062
3063
3064
3064
3065
3066
3066
3067
3068
3075
3081
3081
3082
3082
3083
3084
3086
3087
3087
3088
3088
3090
3090
3090
3091
3092
3094
3098
3099
3104
3105
3105
3105
3105
3106
3110
3111
3113
3117
3126
3126
3126
3128
3128
3149
3149
3151
3158
3162
3163
3163
3165
3165
3169
3169
3169
3171
3173
3174
3175
3176
3177
3183
3183
3185
3186
3187
3188
3192
3192
3203
3205
3205
3208
3209
3210
3210
3211
3211
3211
3212
3220
3227
3229
3231
3234
3234
3238
3242
3266
3266
3275
3281
3282
3282
3327
3329
3330
3333
3340
3341
3345
3347
3347
3361
3369
3370
3379
3388
3388
3388
3388
3390
3394
3419
3420
3421
3422
3423
3429
3449
3450
3454
3456
3457
3458
3458
3464
3468
3469
3471
3471
3472
3478
3481
3485
3485
3485
3491
3495
3495
3495
3495
3495
3505
3507
3534
3543
3543
3549
3549
3549
3551
3554
3556
3559
3564
3570
3573
3579
3582
3585
3585
3585
3586
3589
3592
3597
3597
3599
3602
3604
3609
3610
3618
3618
3621
3636
3646
3649
3653
3653
3663
3663
3664
3677
3695
3710
3711
3711
3713
3717
3734
3739
3747
3748
3749
3753
3755
3766
3767
3767
3767
3767
3768
3768
3769
3771
3774
3784
3786
3791
3791
3792
3810
3813
3822
3825
3825
3831
3835
3836
3840
3863
3905
3908
3918
3921
3930
3936
3938
3942
3946
3956
3965
3977
4020
4021
4023
4025
4027
4027
4058
4060
4073
4075
4077
4078
4088
4093
4109
4115
4119
4119
4120
4120
4121
4124
4129
4142
4142
4142
4144
4146
4152
4156
4172
4209
4209
4215
4219
4239
4288
4295
4295
4301
4302
4312
4315
4318
4334
4336
4356
4361
4362
4362
4363
4419
4427
4443
4465
4466
4467
4472
4472
4480
4484
4488
4490
4507
4507
4508
4512
4523
4524
4526
4527
4529
4535
4535
4538
4547
4548
4555
4556
4556
4557
4558
4558
4559
4560
4567
4570
4570
4570
4578
4579
4579
4579
4594
4598
4604
4606
4610
4611
4617
4620
4629
4636
4641
4647
4649
4650
4651
4654
4663
4664
4677
4695
4710
4740
4775
4865
4870
4881
4888
4890
4891
4896
4901
4901
4905
4907
4910
4911
4914
4918
4924
4926
4928
4931
4940
4942
4948
4948
4954
4955
4955
4957
4969
4976
4981
4981
4982
4984
4988
4995
5016
5026
5043
5051
5057
5109
5113
5114
5115
5119
5129
5136
5140
5141
5141
5142
5143
5152
5155
5155
5156
5158
5160
5183
5186
5189
5218
5232
5237
5246
5256
5294
5294
5304
5308
5313
5321
5334
5339
5342
5356
5357
5357
5357
5363
5364
5366
5368
5381
5383
5388
5389
5402
5420
5420
5421
5435
5441
5447
5455
5476
5482
5509
5512
5518
5520
5520
5521
5521
5525
5526
5527
5529
5531
5536
5536
5537
5539
5551
5551
5555
5555
5560
5562
5567
5568
5577
5583
5597
5597
5600
5611
5617
5617
5618
5618
5621
5622
5628
5629
5629
5630
5632
5635
5636
5636
5651
5654
5657
5659
5659
5661
5661
5661
5662
5666
5676
5680
5700
5707
5711
5712
5715
5740
5741
5745
5753
5754
5761
5811
5848
5866
5867
5923
6010
6025
6025
6030
6070
6070
6102
6130
6173
6201
6204
6208
6311
6319
6321
6336
6341
6462
6469
6470
6504
6613
6617
6649
6868
6889
6925
7195
7198
7210
7243
7354
7367
7375
7392
7465
7494
7530
7537
7560
7560
7560
7562
7564
7565
7576
7577
7589
7590
7625
7627
7629
7629
7634
7648
7650
7659
7661
7663
7680
7684
7689
7690
7690
7702
7717
7730
7742
7743
7781
7810
7836
7850
7884
8017
8018
8033
8068
8089
8089
8089
