0
3
3
3
5
6
7
7
7
7
7
7
7
8
8
8
8
8
8
8
8
9
9
9
9
9
9
9
9
9
9
9
9
10
10
10
10
10
10
10
10
10
10
10
10
10
11
11
11
11
11
11
11
11
11
11
12
12
12
12
12
12
12
12
12
13
13
13
13
13
13
13
14
14
14
14
14
14
14
14
14
14
14
15
16
16
16
16
16
16
17
17
18
18
18
20
21
21
21
22
23
23
23
23
24
24
24
25
26
26
27
27
28
28
28
28
29
29
29
30
30
30
31
31
31
31
31
32
32
32
32
32
32
33
34
34
34
35
35
35
36
36
37
37
37
37
38
38
38
39
39
40
40
41
41
41
42
42
42
43
43
44
45
45
45
46
47
47
47
48
48
48
48
49
49
50
50
51
51
51
51
52
52
52
53
53
53
53
54
54
54
54
55
55
55
56
56
56
56
57
58
58
58
58
58
59
59
59
59
60
60
60
60
61
61
61
61
61
61
62
62
62
62
62
63
63
63
64
64
64
64
64
64
64
64
64
65
65
65
65
65
65
65
65
65
66
66
66
66
66
66
66
66
67
67
67
68
69
69
69
69
70
70
70
70
71
71
71
71
71
72
72
72
72
72
72
73
73
73
73
74
75
76
76
76
77
77
77
78
78
79
79
79
80
80
80
80
80
80
80
80
81
81
81
81
81
81
81
81
82
82
83
83
83
83
83
84
84
84
84
86
86
86
86
86
87
87
87
87
88
88
88
88
88
88
89
89
90
90
90
90
91
91
91
91
92
92
92
92
92
92
93
93
94
94
94
95
95
95
95
96
96
96
96
97
97
97
97
97
98
98
98
98
98
99
99
99
100
100
100
100
100
100
100
100
100
100
101
101
101
101
102
102
102
102
102
102
103
103
104
104
104
104
104
105
105
105
105
105
106
106
106
106
106
106
107
107
107
107
108
108
109
109
110
110
110
111
111
111
114
114
114
115
115
115
116
117
117
117
117
118
118
118
118
118
118
118
118
119
119
119
119
120
120
120
120
120
120
121
121
121
122
122
122
122
122
123
123
124
124
125
125
125
125
127
128
128
128
128
129
129
129
130
131
131
132
133
135
135
136
136
136
137
137
137
137
138
138
138
138
138
139
140
140
141
141
142
142
142
143
143
143
145
145
145
145
145
145
146
147
147
147
148
149
149
149
150
150
150
150
150
151
152
153
153
153
153
154
154
154
154
155
155
155
155
155
155
156
156
156
156
156
157
157
157
157
157
157
158
158
158
158
158
159
159
160
160
160
160
160
161
161
161
161
161
161
162
162
162
162
163
163
163
163
163
163
163
164
165
165
166
167
167
167
167
168
168
169
169
169
169
169
169
169
169
170
170
170
170
170
170
171
171
171
171
171
172
172
172
172
173
173
173
174
174
174
175
175
176
176
176
177
177
177
177
177
178
178
178
178
178
178
178
178
178
178
178
178
178
178
178
179
179
179
179
179
179
179
179
180
180
180
180
180
180
180
180
180
180
180
180
181
181
181
181
181
181
181
181
181
181
181
182
182
182
182
183
183
184
184
184
184
184
185
185
185
186
186
186
186
186
186
186
186
186
186
186
187
187
187
187
188
188
188
188
188
189
189
190
190
190
190
190
190
191
192
192
192
192
193
193
193
194
194
194
194
195
195
195
195
196
196
196
197
197
198
198
198
198
198
198
198
199
199
199
199
200
200
200
200
200
200
201
201
201
201
201
201
201
201
201
201
201
202
202
202
202
202
203
203
203
203
204
204
204
205
205
205
206
206
206
206
207
207
208
208
208
208
208
209
209
209
209
209
210
210
210
210
211
211
211
211
212
212
212
213
213
213
214
214
214
214
214
214
215
215
215
216
216
217
217
218
218
219
220
220
220
220
221
221
222
222
222
222
222
222
223
223
223
223
223
224
224
224
224
224
225
225
225
226
226
226
226
227
228
229
229
230
231
233
234
235
236
236
237
237
237
237
237
237
237
238
238
238
239
239
239
239
239
239
240
241
241
241
242
242
242
242
243
243
244
244
244
244
245
245
245
246
246
246
246
247
247
248
249
250
251
251
251
252
252
252
253
253
253
254
254
254
255
255
255
255
257
257
258
259
259
260
260
261
261
261
261
261
262
262
262
263
263
264
265
265
265
266
266
266
266
266
267
267
268
268
269
269
270
271
271
271
272
272
272
273
273
274
274
274
276
276
276
277
277
278
279
281
281
281
281
282
283
283
283
284
284
284
284
285
285
285
286
286
286
287
287
287
287
288
288
288
288
288
288
289
289
290
290
290
291
292
292
293
293
293
294
294
295
296
300
300
301
301
301
301
303
303
305
308
310
311
311
312
312
312
313
314
316
316
322
322
323
325
329
333
334
335
335
335
335
335
336
336
337
337
338
339
339
339
340
340
346
353
353
355
356
356
356
359
360
362
364
364
364
364
367
370
370
370
371
372
372
373
374
374
374
374
376
376
376
377
377
378
379
379
379
379
380
380
380
380
380
380
381
381
381
381
381
382
382
382
382
382
382
382
383
383
384
384
385
386
386
388
389
390
391
392
392
392
393
394
396
396
396
399
399
401
403
403
404
404
411
412
412
414
414
414
415
416
417
417
417
417
418
418
418
421
422
422
425
427
427
429
429
433
434
434
435
435
438
438
439
440
440
442
444
444
447
449
453
456
459
460
461
461
462
463
463
466
467
468
473
474
475
475
476
477
481
483
488
488
488
488
489
491
494
494
495
495
495
496
497
497
497
498
498
502
503
503
504
506
508
509
509
509
509
510
511
511
512
513
515
515
515
515
516
516
516
516
517
518
519
521
523
526
526
527
527
527
528
529
529
529
531
532
533
533
534
542
543
543
544
546
547
547
547
547
548
549
549
549
549
550
551
551
552
553
553
553
555
560
561
562
562
563
563
563
564
564
564
564
564
564
566
566
566
569
573
574
575
576
577
578
578
579
579
579
581
581
582
582
582
584
587
587
588
588
589
589
591
591
592
592
592
593
593
594
594
594
594
595
598
599
599
599
599
600
602
604
612
613
624
625
625
635
639
643
645
656
656
660
663
664
667
667
668
669
670
670
670
670
671
671
677
679
702
704
705
708
712
713
718
725
741
748
750
751
754
764
767
768
768
769
770
770
771
775
775
779
779
781
781
782
782
782
783
784
784
785
786
787
788
791
791
792
795
802
803
803
804
804
804
805
807
814
814
814
815
817
817
818
818
818
819
819
820
820
821
821
821
821
822
822
825
825
825
825
825
825
826
826
827
827
828
828
829
829
830
832
832
834
835
835
835
836
836
838
838
838
840
840
841
843
843
844
844
845
845
846
846
847
847
847
847
847
849
849
851
852
852
852
853
853
854
855
855
855
856
857
857
857
858
858
860
861
861
861
861
862
862
864
865
866
866
867
867
868
869
869
870
870
870
870
871
871
872
872
872
872
872
872
873
873
873
874
874
874
874
875
875
876
876
877
877
878
878
878
879
880
881
881
882
882
885
885
885
886
886
886
887
888
894
895
895
895
895
896
897
897
897
898
898
898
898
899
899
899
899
899
900
900
900
902
909
911
914
916
917
922
929
931
933
934
934
935
937
941
945
946
949
956
957
965
966
969
969
969
970
976
976
981
982
983
983
984
985
986
989
993
993
993
993
993
994
994
994
995
996
996
998
999
999
1002
1003
1007
1007
1008
1009
1009
1009
1011
1011
1015
1016
1016
1017
1018
1018
1018
1018
1020
1020
1021
1026
1029
1030
1034
1036
1037
1037
1037
1038
1038
1038
1039
1039
1043
1044
1044
1045
1045
1045
1046
1047
1047
1048
1050
1053
1054
1055
1055
1055
1056
1056
1056
1057
1059
1059
1062
1062
1063
1064
1065
1066
1067
1067
1068
1070
1070
1070
1071
1073
1074
1074
1074
1075
1075
1075
1077
1078
1079
1079
1080
1085
1085
1086
1087
1087
1087
1087
1087
1088
1089
1089
1092
1094
1094
1095
1096
1098
1100
1101
1101
1103
1104
1104
1104
1104
1105
1105
1106
1109
1109
1109
1109
1109
1112
1113
1116
1117
1117
1118
1120
1120
1122
1123
1124
1129
1130
1134
1134
1135
1136
1136
1137
1137
1137
1139
1141
1141
1143
1150
1150
1150
1150
1150
1152
1153
1154
1154
1154
1154
1155
1155
1156
1156
1156
1156
1157
1160
1161
1162
1162
1165
1166
1167
1167
1167
1170
1171
1172
1172
1173
1173
1173
1174
1174
1177
1179
1179
1180
1182
1183
1183
1185
1185
1187
1190
1190
1190
1190
1191
1191
1191
1191
1192
1193
1195
1196
1197
1197
1197
1198
1199
1201
1202
1203
1207
1210
1210
1212
1213
1213
1214
1215
1215
1216
1216
1219
1219
1221
1223
1223
1223
1223
1223
1223
1223
1224
1224
1225
1226
1226
1227
1230
1231
1231
1232
1232
1234
1234
1235
1235
1235
1236
1237
1237
1238
1240
1242
1247
1252
1253
1253
1254
1254
1255
1257
1258
1258
1258
1258
1260
1261
1261
1265
1266
1266
1266
1267
1267
1267
1267
1268
1270
1273
1273
1274
1274
1276
1277
1278
1282
1282
1283
1283
1284
1284
1285
1286
1287
1289
1290
1290
1293
1293
1295
1295
1295
1295
1297
1297
1301
1303
1303
1304
1304
1307
1308
1308
1308
1310
1310
1310
1311
1311
1313
1317
1318
1320
1321
1323
1324
1324
1324
1324
1329
1329
1331
1331
1335
1335
1335
1337
1339
1339
1340
1341
1344
1344
1344
1344
1344
1346
1346
1349
1351
1351
1351
1352
1353
1353
1354
1354
1355
1356
1357
1358
1358
1363
1363
1365
1366
1368
1368
1369
1370
1371
1372
1372
1373
1377
1378
1378
1379
1380
1381
1381
1382
1382
1383
1385
1386
1386
1386
1388
1388
1389
1391
1397
1398
1400
1401
1401
1402
1403
1404
1405
1409
1409
1410
1414
1416
1417
1418
1418
1418
1419
1419
1420
1420
1420
1420
1421
1423
1425
1425
1426
1431
1431
1432
1432
1433
1433
1433
1433
1435
1436
1437
1438
1439
1440
1441
1445
1445
1452
1452
1454
1456
1459
1459
1461
1462
1463
1465
1467
1469
1470
1474
1476
1480
1484
1486
1490
1492
1493
1494
1496
1500
1501
1501
1501
1502
1503
1504
1504
1508
1509
1509
1509
1509
1511
1513
1513
1514
1515
1515
1516
1516
1517
1518
1521
1524
1524
1524
1525
1526
1527
1528
1529
1536
1537
1538
1539
1540
1546
1547
1550
1552
1553
1556
1558
1559
1560
1561
1568
1575
1576
1576
1577
1579
1580
1580
1581
1585
1586
1586
1587
1589
1591
1593
1594
1595
1595
1596
1598
1599
1599
1599
1599
1600
1601
1602
1604
1604
1605
1607
1607
1607
1608
1608
1609
1610
1610
1611
1614
1614
1616
1620
1623
1625
1626
1626
1628
1629
1630
1630
1631
1631
1633
1636
1637
1638
1639
1641
1642
1644
1645
1645
1646
1646
1647
1648
1648
1648
1650
1652
1653
1660
1661
1662
1669
1670
1672
1674
1675
1681
1684
1684
1688
1694
1694
1698
1708
1708
1718
1719
1724
1725
1725
1726
1728
1729
1729
1729
1730
1733
1739
1744
1745
1749
1750
1751
1752
1764
1765
1765
1766
1766
1768
1771
1772
1775
1775
1783
1784
1787
1792
1792
1793
1797
1797
1798
1803
1809
1817
1818
1819
1822
1824
1825
1827
1827
1828
1834
1835
1836
1836
1837
1841
1843
1843
1844
1845
1845
1846
1848
1849
1849
1850
1851
1851
1852
1852
1853
1853
1853
1855
1856
1856
1865
1866
1866
1867
1868
1871
1872
1873
1875
1877
1877
1877
1878
1878
1879
1879
1880
1880
1881
1881
1882
1882
1886
1888
1889
1889
1890
1891
1891
1892
1893
1893
1893
1895
1895
1895
1895
1903
1903
1904
1904
1904
1904
1905
1905
1905
1913
1915
1917
1919
1921
1923
1924
1924
1925
1927
1927
1929
1929
1929
1930
