0
1
2
3
3
3
3
4
4
6
6
6
6
7
7
7
8
8
9
10
10
10
10
10
10
11
11
11
11
11
11
12
12
12
13
13
13
13
13
13
15
16
17
17
17
17
17
18
18
18
18
18
18
18
18
18
19
19
19
19
19
19
19
19
19
19
19
19
20
20
20
20
20
20
20
20
20
20
21
21
21
21
21
21
21
21
21
21
21
21
22
22
22
22
22
22
22
23
23
23
23
23
23
23
23
23
23
24
24
24
24
24
24
24
24
24
24
25
25
25
25
25
25
25
25
25
25
25
25
25
25
25
25
25
25
25
25
25
25
26
26
26
26
26
26
26
26
26
26
27
27
27
28
28
28
28
28
28
28
28
28
29
29
29
29
29
29
29
29
29
29
29
29
29
30
30
30
30
30
30
30
31
31
31
31
32
32
32
32
33
33
33
33
33
33
33
33
34
34
34
34
34
34
35
35
35
35
35
35
35
35
35
35
35
35
35
36
36
36
36
36
36
37
37
37
37
37
37
37
37
37
37
38
38
38
38
38
38
38
39
39
39
39
39
39
40
40
40
40
40
41
41
41
41
42
42
42
43
43
44
44
44
44
44
45
45
45
45
46
46
46
46
47
48
48
49
49
49
49
49
50
50
51
51
51
51
52
52
52
52
52
52
53
54
54
54
54
54
54
54
55
55
55
55
56
56
56
57
57
58
58
58
59
59
59
60
61
61
61
61
63
63
63
63
63
64
64
64
64
65
66
66
67
67
67
68
68
68
68
68
68
68
68
68
69
70
70
71
72
72
72
73
73
73
73
73
73
74
74
74
74
74
75
75
75
75
75
76
77
77
77
77
77
77
78
78
78
78
78
78
79
81
81
81
82
83
83
84
85
85
85
85
85
87
89
89
90
91
92
92
92
93
93
93
93
94
96
97
97
98
98
99
99
100
100
100
101
101
103
103
103
103
103
104
104
104
104
104
104
104
104
104
104
104
104
104
104
104
105
105
105
105
105
105
105
106
106
107
107
107
108
109
109
109
110
110
110
110
111
111
111
111
111
111
111
111
111
111
111
111
111
111
111
111
112
112
112
112
112
112
112
112
112
112
113
113
113
113
114
114
114
115
115
116
116
117
117
118
118
119
119
119
119
119
119
119
120
120
121
122
122
122
124
125
125
125
126
126
126
127
128
129
129
129
130
130
131
132
132
133
133
134
134
135
135
135
135
135
136
136
137
137
138
138
139
139
140
140
140
141
141
141
141
141
141
141
141
141
141
142
142
142
142
142
142
143
145
146
146
146
148
149
149
150
150
150
150
150
151
151
151
151
151
151
151
152
152
152
152
152
152
152
153
153
153
153
153
153
153
153
153
154
154
154
154
154
154
154
154
154
154
154
154
155
155
155
155
155
155
156
156
156
156
156
156
156
156
157
157
157
157
158
158
159
159
159
159
159
159
160
160
161
162
162
162
162
162
163
163
163
163
163
165
165
166
166
166
166
167
167
167
167
168
168
168
168
168
168
168
168
169
169
169
169
169
169
169
169
169
169
169
170
170
171
171
171
171
171
171
172
172
172
172
172
172
173
173
173
173
173
173
174
174
174
174
174
174
175
175
175
175
176
176
176
177
179
179
179
180
180
180
181
181
183
183
184
184
185
185
187
187
188
188
188
188
188
188
188
188
188
188
188
188
188
188
188
189
189
189
189
190
190
190
190
190
191
193
193
194
194
194
195
195
195
195
195
196
196
197
197
197
197
198
200
201
201
202
202
202
204
204
205
205
206
206
206
206
207
208
209
209
209
210
210
211
211
211
211
212
212
213
213
213
213
214
214
214
214
215
215
216
216
217
217
217
217
217
217
218
218
218
218
218
218
218
218
218
219
219
219
220
220
221
221
221
221
221
221
221
221
222
222
222
222
222
222
222
223
223
223
224
224
224
224
224
224
225
225
225
228
228
229
230
231
231
231
232
232
233
233
233
233
233
233
234
234
234
235
235
236
236
236
236
237
237
238
238
238
239
240
240
240
241
242
242
242
243
244
244
244
244
245
245
245
245
246
246
247
247
247
248
248
248
248
248
249
249
249
249
249
250
251
251
251
252
252
252
252
252
252
253
253
253
254
254
254
255
255
258
258
259
259
259
259
260
260
261
261
262
262
263
264
264
264
265
266
266
267
268
269
270
271
271
271
272
273
274
274
276
277
278
279
279
280
280
280
281
284
285
285
285
286
286
286
286
287
287
287
287
288
288
288
288
289
289
290
290
290
290
291
291
294
294
294
294
294
295
296
296
296
298
298
299
299
299
300
302
303
303
304
305
305
305
305
305
305
305
305
306
307
307
307
308
308
308
308
308
308
309
309
310
310
310
312
312
313
314
314
314
316
316
317
317
318
318
319
319
319
320
321
321
321
322
323
323
323
323
323
324
324
325
325
326
326
327
327
327
327
328
328
328
328
328
328
328
328
329
329
329
329
329
329
330
332
333
333
334
335
335
336
337
337
338
341
341
341
342
342
343
344
345
347
348
348
353
353
354
354
355
355
356
356
357
357
357
357
358
358
358
358
358
358
358
358
358
359
360
361
362
365
365
365
366
367
368
369
372
373
374
374
376
377
377
378
379
379
379
380
380
380
380
380
381
381
381
381
381
381
381
382
382
382
382
382
385
385
391
392
392
394
394
394
395
395
395
395
396
397
399
400
404
408
411
411
412
412
413
413
414
414
414
415
415
415
416
417
417
419
419
420
422
422
423
423
424
425
425
426
426
427
427
429
429
433
433
434
435
435
435
437
440
440
440
442
443
443
443
444
444
446
446
447
447
447
448
448
448
448
448
448
448
449
449
450
450
451
451
455
457
457
457
458
459
460
462
463
464
464
464
465
465
466
466
466
466
466
466
466
467
467
468
469
469
469
469
469
470
471
472
473
473
473
474
475
476
476
477
478
480
481
481
481
481
482
482
482
482
483
483
483
484
484
485
486
487
487
487
489
490
491
491
494
495
496
498
498
500
504
504
508
515
516
516
517
518
521
522
522
523
523
523
523
523
524
526
527
528
528
528
529
529
530
531
531
533
534
534
535
535
536
537
537
538
538
538
539
539
541
543
543
543
544
544
546
546
547
548
550
551
552
553
556
557
558
558
558
559
560
561
561
562
564
565
566
567
567
568
568
569
569
571
571
571
571
572
572
573
574
578
580
582
582
588
588
589
590
591
593
593
594
595
596
596
596
596
598
614
617
618
619
619
620
622
622
623
628
632
634
635
635
636
636
636
636
637
637
638
638
638
638
638
640
641
643
651
654
654
654
654
661
661
662
662
663
663
663
663
665
666
666
669
669
669
669
670
671
671
671
678
680
681
683
684
689
690
690
690
692
692
692
692
692
695
696
701
701
702
704
704
708
710
712
714
719
721
724
725
728
729
730
731
731
738
738
738
739
739
739
740
741
742
743
747
748
749
750
750
750
752
752
753
753
755
756
756
757
760
760
760
763
764
765
765
765
765
765
766
766
766
767
767
767
767
767
767
768
768
768
769
769
771
771
771
771
772
773
773
774
775
775
775
775
777
777
778
778
778
778
779
779
779
780
782
783
783
783
783
784
784
784
784
785
786
787
789
790
792
794
795
796
796
796
797
798
799
799
800
800
800
801
801
804
804
805
805
805
805
805
805
806
806
809
810
810
810
810
810
814
815
816
818
819
820
820
826
827
827
827
827
831
832
837
837
842
842
843
843
843
845
845
845
846
846
846
847
847
847
847
847
847
847
847
847
848
849
850
855
856
857
860
860
862
864
864
864
867
867
868
869
874
876
879
880
880
881
883
883
884
885
885
888
888
889
890
890
892
892
895
897
898
899
899
899
900
905
908
908
909
909
909
910
911
912
913
914
915
916
918
919
920
920
920
920
922
922
922
923
926
927
927
927
928
928
929
930
930
930
931
933
933
934
935
936
937
937
937
938
939
939
941
941
941
941
942
942
942
943
943
943
944
946
946
947
947
947
948
948
949
949
950
950
951
952
953
955
957
964
964
964
964
965
966
967
973
976
977
977
979
982
982
982
985
987
987
988
990
990
991
995
996
996
996
996
996
997
997
997
997
998
999
999
1000
1000
1001
1004
1005
1008
1012
1016
1016
1019
1020
1020
1020
1021
1024
1024
1024
1026
1027
1030
1032
1032
1033
1037
1038
1038
1038
1038
1039
1039
1041
1044
1045
1050
1055
1057
1058
1064
1069
1069
1070
1072
1073
1075
1077
1084
1089
1089
1090
1090
1096
1100
1104
1107
1110
1111
1113
1114
1114
1114
1116
1119
1121
1122
1127
1132
1132
1133
1136
1140
1141
1142
1143
1144
1146
1149
1156
1157
1157
1159
1161
1164
1165
1165
1165
1166
1166
1167
1168
1169
1169
1170
1171
1171
1171
1172
1172
1176
1178
1179
1179
1180
1182
1184
1184
1184
1185
1186
1186
1186
1187
1188
1189
1190
1193
1194
1195
1195
1197
1198
1205
1206
1207
1209
1209
1211
1212
1213
1214
1214
1216
1216
1218
1220
1220
1221
1221
1223
1223
1227
1227
1227
1230
1230
1231
1232
1235
1235
1236
1236
1239
1239
1239
1239
1240
1241
1242
1244
1244
1246
1246
1247
1247
1247
1249
1252
1257
1257
1261
1288
1293
1302
1303
1304
1331
1331
1334
1341
1342
1342
1342
1344
1347
1347
1348
1349
1351
1352
1352
1353
1354
1354
1356
1358
1358
1358
1359
1359
1361
1364
1366
1368
1368
1368
1370
1374
1375
1377
1377
1379
1383
1386
1398
1399
1400
1401
1402
1403
1405
1413
1414
1414
1414
1414
1434
1435
1435
1435
1443
1445
1445
1447
1448
1448
1467
1471
1472
1494
1518
1520
1521
1526
1530
1531
1531
1532
1534
1534
1534
1535
1535
1536
1536
1537
1538
1538
1539
1540
1541
1545
1546
1548
1548
1549
1552
1553
1553
1553
1555
1555
1556
1556
1556
1558
1559
1560
1560
1561
1561
1561
1561
1562
1562
1564
1564
1566
1570
1572
1575
1575
1577
1582
1584
1587
1592
1592
1593
1596
1597
1598
1598
1600
1600
1601
1601
1602
1602
1604
1605
1605
1607
1608
1613
1613
1617
1620
1622
1622
1623
1623
1623
1623
1628
1629
1629
1634
1635
1636
1638
1648
1649
1657
1658
1664
1665
1667
1667
1669
1672
1672
1675
1675
1678
1678
1678
1679
1680
1681
1686
1691
1692
1692
1692
1694
1696
1721
1722
1723
1724
1731
1738
1745
1746
1750
1763
1765
1768
1771
1771
1772
1775
1777
1778
1778
1779
1779
1781
1782
1783
1784
1787
1787
1789
1790
1790
1790
1791
1791
1792
1793
1795
1796
1799
1800
1801
1802
1804
1805
1806
1807
1807
1813
1814
1815
1817
1819
1841
1842
1860
1861
1871
1900
1903
1913
1949
1953
1955
1955
1956
1958
1959
1960
1964
1966
1966
1968
1969
1969
1969
1972
1973
1973
1974
1976
1984
1986
1986
1986
1986
1987
1989
1991
1993
1993
1994
1995
1999
1999
2000
2003
2006
2008
2008
2012
2013
2024
2025
2026
2026
2027
2032
2032
2033
2037
2042
2046
2048
2048
2049
2049
2051
2060
2061
2070
2086
2088
2127
2130
2135
2148
2155
2162
2163
2168
2177
2177
2180
2183
2183
2186
2195
2198
2199
2201
2202
2202
2202
2203
2203
2203
2203
2204
2205
2206
2211
2214
2214
2214
2215
2215
2216
2217
2218
2218
2218
2219
2219
2219
2221
2221
2222
2224
2224
2226
2229
2230
2236
2298
2299
2304
2313
2318
2321
2323
2323
2326
2327
2328
2333
2336
2337
2337
2338
2340
2342
2343
2346
