2
2
2
2
3
3
3
4
5
5
5
6
6
6
6
6
7
8
8
8
8
8
9
9
10
10
10
10
10
11
11
12
12
12
13
13
13
13
13
15
15
15
15
16
16
17
17
18
18
18
18
18
18
19
19
19
19
19
19
19
19
19
19
19
19
19
19
20
20
20
20
20
20
20
20
21
21
21
21
21
22
22
22
22
22
23
23
23
23
24
24
24
24
25
25
25
25
25
25
25
25
25
25
25
25
26
26
26
26
26
26
26
26
26
26
26
27
27
27
27
27
27
27
28
28
28
28
28
28
28
28
28
28
28
28
29
29
29
29
29
29
29
29
29
29
29
29
29
30
30
30
30
30
30
30
31
31
31
31
31
31
31
31
31
31
32
32
32
32
32
32
32
32
33
33
33
33
33
33
34
34
34
34
34
35
35
35
35
36
36
37
37
37
37
37
37
38
38
39
39
39
39
39
39
40
40
40
40
40
40
41
41
41
41
41
41
41
42
42
42
42
42
42
42
43
43
43
43
44
44
44
45
45
45
45
45
45
45
46
46
46
47
47
47
47
47
47
47
47
47
48
48
49
49
49
49
49
50
50
50
50
50
50
51
51
51
51
51
51
51
51
51
51
51
51
51
51
51
52
52
52
52
52
53
54
54
55
55
56
56
56
57
57
57
57
57
57
58
58
59
59
59
59
59
59
60
60
60
60
61
61
61
61
61
62
62
62
62
63
63
63
63
63
64
65
65
66
67
67
67
67
68
68
68
68
68
68
69
70
70
70
70
71
71
71
72
72
73
73
73
73
74
74
74
74
75
75
76
76
76
76
76
76
77
77
77
77
77
77
77
78
78
78
78
78
78
78
78
78
78
78
78
78
78
79
79
79
79
79
79
79
79
79
80
80
81
81
82
82
82
82
83
83
83
84
84
84
85
85
85
85
86
86
87
87
87
87
88
88
88
88
88
88
89
89
89
89
90
90
90
91
92
92
92
92
92
92
93
93
93
94
94
94
94
95
95
95
95
95
95
95
95
95
95
96
96
96
96
96
96
96
97
97
97
97
98
98
98
98
98
98
98
99
100
100
101
101
101
101
102
102
102
102
102
102
102
103
103
103
103
103
104
104
106
106
107
108
108
108
108
108
108
108
109
109
109
109
109
109
109
109
109
109
110
111
111
112
113
113
114
114
115
117
118
119
119
119
119
119
119
121
122
123
124
130
131
132
132
134
134
135
136
136
136
143
146
149
149
149
150
150
150
151
153
156
157
160
160
161
161
161
161
162
162
162
162
162
163
163
163
163
164
164
164
164
164
166
168
169
169
169
170
171
172
172
173
173
175
177
177
178
178
180
180
181
182
184
184
184
184
186
187
187
190
190
190
190
190
191
191
191
192
192
192
192
192
193
193
193
193
193
193
193
193
194
194
194
194
194
195
195
195
195
195
195
195
196
196
196
196
196
196
196
197
197
197
197
197
197
197
197
198
198
198
198
198
198
199
199
199
199
199
199
199
199
199
199
199
199
200
200
200
201
201
201
201
201
202
203
204
204
204
204
204
204
205
205
205
205
205
205
205
205
206
206
206
206
206
207
207
207
207
208
209
211
212
212
212
213
213
213
214
214
214
214
214
214
214
214
215
215
215
215
215
215
215
215
215
215
215
215
215
215
217
217
218
218
218
219
219
219
219
219
219
219
219
219
220
220
220
220
220
220
220
220
221
221
221
221
222
223
223
224
224
224
225
225
225
226
226
226
227
227
227
228
228
228
228
229
230
230
230
230
230
231
232
232
233
233
235
236
236
236
238
238
238
239
239
240
240
241
241
244
245
245
245
245
245
245
246
247
247
247
247
248
249
249
249
250
251
252
253
253
254
257
257
257
257
259
259
264
265
265
267
271
285
287
288
288
292
294
301
302
306
307
309
313
313
314
314
316
316
316
317
319
319
319
320
321
321
322
322
322
323
323
323
324
324
325
325
325
326
327
328
328
329
330
331
332
333
333
333
333
334
334
334
334
334
335
337
337
337
338
338
338
338
339
339
341
341
342
343
343
343
346
346
346
347
347
347
347
347
347
347
348
348
348
349
349
349
349
350
351
351
353
353
354
354
355
355
356
356
357
357
358
358
358
358
359
359
359
359
360
360
360
361
363
363
365
365
366
367
367
368
368
369
369
369
370
370
371
371
371
371
372
372
375
376
376
377
377
378
381
381
381
382
382
382
383
384
385
385
385
385
385
385
386
386
386
386
386
387
387
388
388
390
390
390
391
391
391
391
391
391
391
392
392
392
392
392
392
392
392
392
392
392
392
392
393
393
394
394
394
394
394
395
396
396
396
396
396
397
398
398
400
400
401
401
403
403
405
406
406
406
406
406
406
406
407
407
407
407
408
408
409
409
409
409
409
409
409
410
410
410
411
412
412
413
414
416
417
417
417
418
418
419
419
419
419
419
419
420
420
421
422
422
423
423
425
425
425
426
426
428
430
431
432
432
432
434
436
437
438
440
441
441
441
443
443
444
444
446
446
448
448
449
450
450
450
452
453
453
454
456
456
457
458
459
459
460
460
460
460
461
461
461
464
465
465
465
465
465
466
466
466
467
467
467
467
468
468
468
468
469
472
472
472
473
473
474
474
474
475
475
476
477
477
477
478
478
479
479
479
480
480
481
481
482
483
485
485
487
487
487
488
488
488
489
489
489
489
489
489
489
491
491
492
492
492
492
495
496
498
498
499
499
500
500
500
501
502
502
502
502
503
504
504
504
505
505
506
508
508
509
509
509
509
510
510
510
511
512
512
512
512
512
512
512
512
513
514
514
514
516
516
516
517
517
518
518
518
519
519
520
520
521
522
522
522
522
522
523
523
525
525
525
526
526
527
527
527
527
528
528
529
529
529
529
531
531
532
533
536
536
538
539
539
541
541
541
541
542
542
543
543
544
545
550
550
551
551
552
552
552
552
553
554
556
556
556
557
557
558
559
560
560
560
560
561
561
567
567
567
570
570
571
572
573
573
574
576
577
578
578
578
578
579
580
581
581
581
581
581
581
582
582
582
582
583
583
584
584
585
586
587
588
591
592
592
592
593
593
593
594
594
594
595
595
595
596
596
597
597
598
599
601
601
601
604
605
606
608
609
616
616
616
618
618
619
619
619
620
620
621
621
623
624
625
626
629
632
635
638
639
641
653
655
664
665
666
666
668
668
671
672
672
673
674
674
674
676
676
676
676
677
681
682
682
682
682
682
683
683
684
685
688
690
690
690
690
693
693
694
694
694
694
694
695
695
695
696
697
698
698
698
698
699
699
700
700
701
701
701
702
702
702
702
702
703
703
704
704
705
705
705
706
707
707
708
708
709
710
710
711
712
712
712
713
715
715
716
719
719
719
722
723
723
724
724
724
724
724
725
725
725
727
727
728
728
729
729
729
731
731
732
732
732
732
732
733
734
734
734
735
737
738
738
738
739
739
739
742
742
742
742
742
743
743
743
743
745
745
748
749
749
749
750
751
751
751
752
753
753
753
753
754
754
754
755
755
755
755
755
755
756
756
756
759
760
760
761
769
769
769
770
770
770
773
776
777
778
778
779
779
779
779
779
781
782
783
783
784
788
792
793
796
798
798
801
803
804
807
808
813
814
814
816
816
817
823
823
828
834
834
835
836
836
837
837
838
838
838
838
838
838
838
838
839
839
839
841
843
848
851
852
853
861
867
871
871
871
873
873
876
876
877
878
880
882
882
882
887
887
887
887
887
888
888
888
888
888
891
891
892
894
894
894
895
896
896
897
897
897
897
899
900
901
902
904
904
904
905
905
906
907
911
911
911
912
912
912
912
912
912
912
913
913
913
913
913
913
913
913
913
914
914
914
915
915
917
918
918
918
919
920
920
921
921
921
921
925
925
926
926
926
926
927
927
927
928
929
930
931
931
931
932
932
933
933
935
935
935
936
936
936
936
939
939
940
940
940
941
941
942
942
942
942
942
943
944
945
945
946
946
948
949
949
950
950
950
952
953
958
959
959
960
961
963
964
965
968
968
969
969
970
970
972
973
973
974
979
980
981
981
982
982
983
983
984
985
986
987
987
988
989
989
990
991
991
994
995
995
996
998
1000
1003
1004
1006
1006
1006
1017
1024
1024
1024
1026
1027
1027
1031
1043
1052
1053
1055
1055
1056
1058
1059
1059
1060
1060
1061
1063
1066
1070
1071
1072
1072
1073
1073
1074
1077
1080
1080
1086
1086
1088
1091
1092
1092
1093
1095
1097
1097
1098
1099
1100
1104
1104
1106
1107
1108
1108
1109
1109
1110
1118
1119
1124
1131
1135
1136
1139
1139
1139
1140
1142
1142
1142
1143
1148
1150
1154
1155
1156
1157
1157
1158
1158
1159
1159
1160
1161
1161
1161
1165
1166
1167
1169
1169
1169
1171
1171
1172
1173
1174
1174
1174
1175
1175
1176
1176
1176
1176
1177
1178
1179
1180
1182
1183
1183
1183
1184
1184
1185
1185
1186
1186
1186
1186
1187
1187
1188
1190
1191
1191
1193
1193
1195
1196
1198
1217
1218
1218
1218
1218
1220
1220
1222
1223
1223
1223
1223
1224
1224
1224
1224
1225
1227
1230
1230
1231
1234
1236
1236
1236
1239
1239
1239
1243
1247
1247
1247
1248
1248
1249
1249
1250
1251
1252
1254
1255
1256
1257
1258
1258
1258
1259
1261
1262
1265
1265
1268
1269
1271
1271
1273
1274
1274
1275
1276
1276
1277
1278
1279
1282
1283
1285
1286
1288
1288
1290
1290
1291
1291
1291
1292
1295
1299
1300
1303
1303
1305
1305
1305
1306
1306
1307
1307
1307
1310
1311
1313
1313
1316
1318
1320
1323
1324
1326
1357
1358
1366
1397
1402
1407
1408
1417
1418
1424
1426
1428
1428
1430
1431
1434
1435
1436
1444
1447
1458
1458
1507
1510
1513
1517
1518
1519
1543
1546
1546
1547
1553
1554
1556
1560
1566
1569
1571
1572
1572
1572
1578
1580
1584
1584
1584
1584
1585
1585
1587
1590
1592
1595
1597
1597
1602
1604
1607
1609
1611
1611
1611
1612
1613
1616
1617
1619
1622
1622
1626
1629
1629
1630
1639
1640
1644
1645
1645
1649
1650
1653
1653
1674
1680
1684
1693
1698
1698
1699
1700
1703
1705
1707
1707
1718
1720
1722
1725
1732
1732
1735
1735
1737
1738
1738
1742
1742
1745
1748
1753
1755
1758
1758
1760
1760
1762
1765
1765
1766
1773
1785
1788
1788
1796
1797
1799
1799
1800
1802
1806
1810
1848
1849
1849
1853
1853
1855
1858
1866
1868
1868
1869
1878
1887
1887
1887
1895
1924
1924
1938
1939
1942
1948
1961
1962
1991
1991
1993
2001
2003
2017
2029
2032
2032
2037
2053
2053
2057
2058
2059
2061
2061
2062
2063
2063
2063
2063
2066
2078
2081
2082
2083
2089
2089
2089
2091
2097
2098
2099
2099
2099
2099
2099
2099
2099
2106
2106
2107
2107
2109
2110
2112
2114
2114
2114
2115
2116
2116
2116
2118
2120
2121
2121
2122
2122
2123
2123
2123
2124
2125
2125
2125
2129
2131
2132
2136
2138
2139
2140
2145
2146
2147
2150
2150
2155
2156
2158
2158
2158
2160
2161
2162
2164
2164
2165
2166
2167
2169
2170
2171
2172
2172
2174
2175
2175
2178
2178
2178
2179
2181
2184
2186
2186
2187
2188
2188
2193
2195
2197
2199
2201
2205
2208
2217
2222
2230
2235
2235
2237
2241
2245
2246
2249
2252
2253
2256
2262
2268
2273
2280
2284
2284
2293
2299
2299
2300
2311
2313
2313
2315
2315
2316
2323
2325
2325
2330
2332
2335
2344
2344
2344
