0
0
2
2
3
4
5
5
6
6
6
7
7
7
8
8
9
9
10
10
11
11
11
12
13
14
15
16
17
18
18
18
19
19
19
19
19
20
20
20
20
20
20
20
20
20
20
20
20
21
21
21
21
21
21
21
21
21
21
21
21
21
21
22
22
22
22
22
22
23
23
23
23
23
23
24
24
25
25
26
26
26
26
27
27
27
27
27
28
28
28
28
28
28
28
28
28
28
28
28
28
28
29
29
29
29
29
29
29
29
29
29
29
29
30
30
30
30
30
30
31
31
31
31
31
31
31
31
32
32
32
32
33
33
33
33
33
34
34
35
35
35
35
35
35
36
37
37
37
37
38
38
38
38
38
39
39
39
39
40
40
40
40
40
40
40
40
40
41
41
41
41
41
41
41
42
43
43
44
44
44
44
45
45
45
45
46
47
47
47
47
47
47
48
48
50
50
50
50
51
51
51
52
52
53
53
53
53
55
56
57
57
57
57
57
57
58
58
58
58
58
58
59
59
59
59
59
59
59
59
59
60
60
61
61
61
61
61
61
62
62
63
63
63
64
64
65
65
65
66
66
66
66
66
67
68
68
68
68
68
69
69
69
69
69
69
69
69
69
69
69
70
70
70
70
70
70
70
71
71
71
71
71
71
71
71
72
72
72
73
74
74
74
75
75
76
76
76
78
78
79
79
79
79
79
79
80
80
80
81
81
82
82
82
82
82
82
83
83
83
83
83
84
84
84
84
85
86
86
87
87
89
89
90
90
90
91
91
91
91
91
92
92
92
93
93
93
93
93
93
94
94
94
94
95
96
96
96
97
97
98
99
99
99
100
100
100
100
100
100
100
101
101
103
103
103
104
104
104
104
105
105
105
106
107
107
107
107
107
108
108
109
111
113
116
116
116
117
117
118
119
119
121
122
123
123
124
124
124
124
124
125
126
126
126
126
126
126
127
127
127
127
127
127
127
127
127
127
127
127
127
127
128
128
128
128
128
128
128
128
128
128
128
129
129
129
129
129
129
129
129
129
129
130
130
130
130
130
130
131
131
132
133
134
134
134
134
134
134
135
135
135
135
135
135
136
136
136
136
136
137
137
137
137
137
137
138
138
138
141
141
142
142
142
143
144
144
145
145
145
145
145
145
146
146
146
147
147
147
147
147
147
148
148
149
151
151
151
152
153
153
153
153
153
154
154
155
155
155
155
155
155
155
155
155
155
156
156
156
156
156
156
157
157
157
158
158
159
161
161
162
162
162
162
162
162
163
163
163
163
163
163
163
163
164
164
164
164
164
165
166
167
167
167
168
169
169
170
171
171
171
171
171
172
172
172
172
172
172
172
172
172
172
172
172
172
173
173
173
173
173
173
173
173
173
173
173
174
174
174
174
174
174
174
174
174
174
174
174
175
175
175
175
175
175
176
176
176
177
177
178
178
179
180
180
182
182
182
183
183
183
183
183
183
183
183
184
184
184
184
184
184
184
184
184
185
185
185
185
185
185
185
185
185
186
186
187
187
187
188
188
190
191
191
192
192
192
192
192
193
193
193
194
195
195
196
196
197
198
198
198
198
198
198
198
198
198
199
199
199
200
200
200
200
201
202
203
203
203
204
204
204
205
206
207
207
211
211
211
212
212
215
216
217
218
218
218
219
219
220
221
222
222
223
224
226
226
226
227
227
230
230
233
233
233
235
236
237
240
240
241
241
241
242
242
242
242
243
243
243
244
244
245
246
247
247
247
247
248
249
250
252
252
252
252
253
254
255
255
256
256
256
256
256
256
256
256
256
256
257
257
257
257
258
258
258
258
258
259
260
260
261
261
262
262
263
263
263
265
266
268
269
269
270
270
270
270
270
271
271
271
271
271
271
271
272
272
274
275
276
276
276
277
277
278
278
278
278
278
279
279
279
280
280
281
284
285
286
286
288
288
288
288
288
289
289
289
290
291
291
291
291
291
291
291
291
291
291
292
292
292
292
292
292
292
292
292
292
292
292
293
293
293
294
295
296
296
296
296
297
298
299
299
299
300
300
301
302
302
302
304
305
306
306
307
308
308
309
310
310
310
310
311
311
311
311
311
312
312
313
313
314
314
315
315
316
317
317
318
319
320
321
322
322
322
325
326
327
328
329
329
331
332
332
333
333
333
334
335
335
336
336
336
336
337
337
338
338
338
339
340
340
340
341
341
343
345
345
345
347
349
349
349
349
350
351
353
354
354
354
355
355
357
358
358
359
359
359
360
361
361
363
363
363
364
364
365
365
365
365
365
366
367
367
368
369
369
369
369
369
370
370
370
370
370
370
370
370
370
370
371
371
372
372
372
372
372
372
373
374
374
374
374
374
375
375
375
375
376
376
376
376
377
378
379
380
380
382
384
385
385
387
389
389
389
389
390
391
392
393
393
398
398
399
400
400
401
403
403
403
405
406
408
408
408
409
409
410
410
410
411
411
412
413
414
414
415
416
416
417
420
420
421
421
422
423
423
424
425
425
435
435
437
437
438
439
439
440
441
441
441
443
443
445
446
452
454
458
462
462
462
462
463
464
464
467
468
470
470
470
471
471
472
472
472
473
475
475
478
478
478
478
479
479
480
480
480
480
482
483
483
483
484
484
484
485
486
487
487
488
488
489
490
490
491
491
492
492
492
494
497
497
499
500
500
502
503
503
506
506
507
508
509
509
510
510
511
511
511
512
512
512
513
513
514
514
514
514
515
515
515
516
516
516
516
516
516
516
516
518
518
518
520
521
523
525
525
525
525
527
528
529
530
530
531
531
532
533
534
534
536
536
538
540
541
542
542
542
543
544
546
546
547
548
548
548
548
548
549
549
550
550
551
553
553
554
555
555
555
555
555
556
558
558
562
562
564
565
566
568
570
570
572
572
572
573
576
577
577
577
577
578
578
578
578
578
582
585
585
587
589
590
591
592
595
595
596
596
596
596
596
597
598
598
598
600
601
602
603
603
603
603
604
604
604
605
606
607
609
611
611
612
612
613
614
615
616
619
619
620
620
621
622
622
623
624
627
627
629
629
631
634
635
636
637
638
639
640
640
643
643
644
645
646
647
647
648
649
649
652
655
657
659
661
661
662
662
663
663
665
669
669
670
670
675
676
676
677
679
679
679
680
680
680
680
680
681
682
682
684
685
686
687
688
688
689
690
690
692
692
692
697
698
698
702
702
705
705
706
706
706
707
708
708
708
708
708
708
709
709
709
709
709
709
710
710
710
710
710
710
710
711
711
711
711
711
712
712
712
712
713
713
713
713
714
715
716
717
719
719
719
720
721
722
722
723
723
724
724
724
725
725
727
728
728
729
730
730
730
731
731
732
732
733
734
734
735
736
736
736
736
736
738
739
740
741
742
742
745
746
747
748
748
749
750
750
751
753
754
755
755
756
757
759
761
763
764
765
767
768
768
769
770
770
770
773
774
774
775
776
777
777
778
779
780
780
780
780
781
782
783
784
784
786
787
787
788
790
792
793
793
794
796
797
797
798
798
798
800
800
801
802
802
803
804
804
806
807
807
808
811
812
812
813
813
814
815
817
818
818
818
822
823
823
823
824
829
829
830
831
832
833
833
834
835
835
836
836
836
839
840
840
841
841
842
845
845
846
846
847
847
849
850
851
852
853
854
855
855
855
856
856
856
857
857
857
858
858
859
859
859
860
860
860
863
870
870
874
878
879
884
884
884
885
885
886
887
888
889
892
893
893
895
895
896
898
898
900
900
901
903
903
904
905
906
909
909
910
910
911
911
911
911
911
911
913
916
918
919
919
921
922
922
923
925
928
930
930
932
938
939
942
945
946
948
952
953
954
956
959
961
961
961
961
963
964
965
966
966
966
967
969
971
972
973
973
974
978
979
981
984
984
985
985
985
988
989
989
997
1005
1007
1008
1009
1017
1017
1017
1017
1018
1019
1021
1023
1024
1025
1025
1028
1028
1028
1028
1029
1030
1030
1032
1033
1037
1037
1037
1038
1039
1040
1040
1043
1045
1045
1046
1047
1047
1047
1048
1050
1050
1054
1064
1066
1068
1069
1069
1072
1077
1077
1078
1080
1081
1081
1082
1083
1084
1084
1093
1097
1105
1106
1107
1109
1111
1114
1114
1127
1128
1132
1134
1136
1137
1143
1143
1144
1145
1145
1146
1148
1149
1150
1151
1152
1152
1153
1155
1155
1155
1157
1158
1158
1158
1158
1158
1158
1158
1159
1159
1159
1159
1159
1160
1160
1160
1160
1161
1161
1161
1162
1163
1165
1166
1167
1168
1168
1175
1175
1175
1176
1177
1179
1179
1184
1184
1184
1185
1186
1186
1187
1188
1190
1190
1190
1192
1193
1193
1193
1193
1194
1195
1195
1195
1196
1197
1199
1201
1202
1203
1205
1205
1207
1214
1214
1214
1215
1217
1218
1226
1226
1228
1230
1231
1234
1234
1234
1234
1234
1234
1234
1234
1234
1234
1240
1241
1243
1245
1245
1245
1245
1246
1253
1254
1254
1257
1258
1262
1262
1263
1266
1266
1267
1267
1267
1267
1268
1268
1269
1269
1272
1274
1274
1275
1275
1279
1279
1279
1280
1282
1282
1283
1284
1284
1285
1285
1285
1285
1289
1290
1291
1296
1296
1301
1301
1302
1302
1303
1303
1304
1305
1309
1310
1310
1311
1313
1313
1314
1314
1314
1317
1318
1318
1319
1320
1322
1327
1333
1334
1336
1336
1339
1343
1345
1348
1351
1351
1352
1352
1359
1360
1360
1365
1365
1366
1366
1367
1368
1369
1370
1375
1376
1376
1377
1377
1378
1378
1380
1380
1384
1386
1387
1387
1388
1389
1391
1391
1395
1396
1397
1397
1398
1398
1401
1402
1404
1407
1408
1409
1410
1412
1416
1419
1421
1422
1422
1424
1424
1424
1425
1425
1426
1426
1428
1429
1433
1433
1433
1433
1435
1439
1445
1447
1452
1462
1463
1465
1481
1481
1482
1483
1488
1493
1497
1498
1498
1504
1505
1509
1510
1517
1523
1529
1530
1535
1536
1537
1538
1543
1545
1548
1548
1550
1550
1550
1558
1562
1563
1574
1578
1579
1585
1587
1588
1592
1592
1599
1600
1601
1601
1601
1601
1601
1601
1604
1604
1610
1611
1622
1628
1633
1634
1638
1641
1643
1643
1644
1645
1647
1650
1658
1658
1661
1662
1668
1669
1670
1672
1673
1684
1687
1689
1690
1695
1703
1703
1703
1708
1709
1709
1709
1715
1718
1720
1726
1730
1731
1733
1749
1753
1762
1766
1770
1772
1772
1773
1773
1776
1788
1789
1789
1794
1794
1798
1799
1802
1804
1809
1810
1810
1815
1816
1820
1830
1831
1832
1832
1832
1835
1835
1840
1846
1854
1854
1866
1874
1876
1877
1884
1899
1900
1903
1911
1913
1916
1916
1922
1924
1928
1935
1939
1940
1951
1951
1951
1951
1952
1954
1956
1970
1970
1970
1970
1970
1970
1971
1971
1971
2005
2015
2045
2056
2101
2125
2125
2164
2193
2202
2203
2204
2206
2211
2237
2239
2254
2274
2276
2279
2279
2283
2288
2297
2298
2304
2308
2308
2309
2311
2312
2325
2329
2330
2330
2330
2331
2335
2335
2336
2336
2336
2337
2347
2348
2349
2351
2358
2359
2360
2361
2361
2363
2364
2364
2365
2368
2369
2369
2370
2371
2375
2377
2385
2389
2389
2390
2395
2408
2428
2431
2435
2438
2441
2447
2448
2448
2448
2449
2450
2452
2456
2456
2463
2468
2476
2479
2482
2484
2485
2486
2487
2488
2488
2502
2506
2517
2517
2519
2522
2536
2543
2546
2551
2557
2558
2559
2560
2563
2566
2567
2567
2568
2568
2568
2568
2568
2571
2575
2581
2581
2592
2592
2593
2593
2595
2602
2605
2606
2610
2611
2612
2613
2614
2616
2619
2626
2638
2643
2656
2661
2664
2666
2683
2685
2692
2694
2695
2699
2699
2712
2728
