0
2
2
3
3
4
4
5
5
6
6
7
8
10
10
10
11
12
12
12
13
13
14
15
15
15
16
17
17
17
18
18
18
19
19
19
20
20
20
21
21
21
24
24
24
24
24
25
25
25
25
25
25
25
25
25
25
26
26
26
26
26
26
26
26
26
26
26
26
27
27
27
27
27
27
27
27
27
28
28
28
28
28
28
29
29
29
29
29
30
30
30
30
30
30
31
31
31
31
31
31
32
33
33
34
34
34
34
34
34
34
34
34
34
34
34
34
34
34
34
34
35
35
35
35
35
35
35
35
35
36
36
36
36
36
36
37
38
38
38
38
38
38
40
40
40
40
41
41
41
42
42
42
42
43
43
43
43
43
44
44
44
44
44
44
44
45
45
45
45
45
45
45
45
45
45
45
46
46
46
46
46
46
46
46
47
47
47
47
47
47
47
47
48
49
50
51
51
51
51
53
53
53
54
55
55
55
55
55
55
55
55
55
56
56
56
56
56
56
56
57
59
59
59
59
59
60
60
60
61
61
61
61
61
61
62
62
62
62
62
62
63
63
63
63
63
63
63
64
65
65
67
67
68
68
68
68
69
69
69
70
70
70
71
71
72
73
73
75
77
77
77
78
78
78
78
78
78
78
79
79
79
79
79
79
79
79
79
79
80
80
80
82
83
84
84
85
85
86
86
86
87
87
87
87
87
87
87
87
87
87
87
88
88
88
88
88
88
88
88
89
89
89
89
90
91
91
91
91
91
92
92
92
93
95
95
95
95
96
96
96
96
96
96
96
97
97
97
98
98
98
99
99
99
99
100
100
100
101
101
101
101
101
101
101
101
101
101
102
102
102
103
103
103
103
103
103
104
104
104
104
104
104
104
104
104
105
105
105
105
106
106
108
109
109
109
110
110
110
110
110
111
111
111
111
112
114
114
115
115
115
116
116
116
117
117
117
118
118
119
119
119
120
120
120
120
121
121
122
122
122
123
123
124
124
124
125
125
125
125
125
125
125
126
126
126
127
127
127
127
128
128
128
129
129
129
129
130
130
130
131
132
132
132
132
132
133
133
133
133
133
134
134
134
134
134
134
134
134
134
135
135
136
136
138
139
140
142
143
143
143
143
144
144
144
144
144
144
144
145
145
146
147
148
148
149
152
152
153
153
153
154
154
154
155
155
156
158
159
159
161
161
161
161
161
162
162
162
162
163
164
166
167
167
168
168
168
168
169
170
170
170
170
171
171
171
172
174
174
175
177
177
177
178
179
179
179
180
180
180
180
180
180
180
180
180
181
181
181
181
181
182
182
184
184
186
187
188
188
188
189
189
191
192
193
193
193
194
196
198
199
200
200
201
201
201
202
202
202
202
202
202
202
202
203
203
203
204
205
205
205
205
205
207
207
207
208
208
209
209
209
210
210
210
210
212
212
213
214
215
215
215
216
216
217
217
217
217
218
219
219
221
222
223
223
224
225
225
226
226
226
227
228
231
232
232
232
232
234
234
235
238
238
240
241
241
241
242
242
242
242
242
243
245
245
245
245
246
247
248
248
249
249
250
252
252
253
255
255
256
256
256
257
257
257
258
258
258
258
258
259
259
260
260
262
263
264
266
266
268
268
270
272
274
274
275
276
276
276
276
277
277
277
278
279
280
280
280
280
282
282
282
282
284
284
284
284
284
286
287
288
289
289
289
290
290
291
291
291
291
291
292
292
293
294
295
296
296
298
298
298
298
298
299
299
300
300
300
301
301
301
302
302
303
303
303
303
304
304
305
305
305
305
306
306
307
308
308
309
309
309
310
311
311
311
311
312
312
312
313
313
313
313
313
313
313
313
314
314
314
314
314
314
314
314
314
314
315
315
316
318
318
318
320
323
324
326
326
327
327
328
329
329
329
329
330
330
330
330
330
330
331
331
331
331
331
331
332
332
332
332
332
332
332
332
332
333
333
333
333
333
333
333
333
334
334
338
340
340
341
341
342
342
342
342
343
343
343
346
346
346
346
346
346
346
346
346
347
347
347
348
349
349
353
354
355
356
357
357
357
358
358
358
360
360
361
362
362
362
363
363
363
363
364
364
364
364
365
365
366
367
368
370
370
370
371
371
371
371
372
372
373
376
380
380
381
382
382
383
384
384
384
384
384
385
385
385
385
385
385
385
386
386
386
387
387
390
390
391
391
391
392
393
393
393
394
394
394
394
395
395
396
398
398
398
401
402
402
402
402
404
404
405
405
405
405
406
406
406
406
406
406
407
407
407
408
410
410
410
410
410
411
411
411
411
411
411
412
412
412
412
414
414
415
416
416
417
417
417
418
418
419
419
419
419
420
420
420
421
421
422
424
425
425
426
426
431
431
431
434
434
434
434
434
434
435
435
435
436
437
437
437
437
438
442
445
446
446
446
446
447
447
447
447
448
449
450
450
451
451
452
453
454
454
456
457
458
458
459
460
462
462
463
467
468
470
472
472
472
472
472
473
473
473
473
474
474
474
476
476
477
477
479
482
486
489
490
492
495
495
497
497
498
498
498
499
500
500
500
500
500
500
500
501
501
501
501
501
503
503
503
503
503
504
504
504
504
506
507
507
508
508
511
511
512
512
513
513
519
520
521
522
523
528
529
529
529
529
532
534
534
534
536
536
536
536
537
537
537
537
537
538
539
540
540
542
542
542
542
543
544
544
544
545
546
548
548
548
548
549
549
549
549
549
550
550
550
551
551
554
554
557
557
561
563
564
564
565
565
566
569
569
571
572
574
576
577
578
578
579
579
580
580
581
582
582
582
583
584
584
584
584
585
585
585
586
586
586
586
586
586
587
588
589
592
592
592
593
596
596
596
596
596
597
597
597
597
597
598
598
598
598
599
599
599
600
600
601
605
610
613
614
614
618
618
620
621
623
624
624
624
625
625
626
626
628
633
635
635
635
636
637
637
638
639
639
639
641
641
642
642
642
643
643
643
648
649
650
650
650
650
650
650
650
650
651
657
659
659
660
662
662
663
663
664
664
666
667
667
667
667
667
668
669
671
673
673
676
677
678
678
678
678
678
678
678
678
678
678
678
681
683
683
685
685
685
686
686
686
687
689
689
690
690
691
691
691
691
694
695
696
696
697
698
698
702
704
704
705
707
707
710
710
712
712
713
715
716
716
716
717
717
718
718
719
722
722
724
729
729
730
731
731
733
733
734
734
736
736
737
737
737
738
739
740
741
741
741
748
748
749
749
750
750
750
750
750
750
750
751
751
751
753
755
756
756
757
757
758
759
765
766
768
768
770
771
771
773
773
774
775
776
780
782
783
784
786
786
787
788
789
790
791
793
794
794
794
797
798
798
799
799
801
803
803
804
805
814
817
819
824
825
827
829
829
829
833
834
836
837
838
841
841
847
852
854
854
854
856
859
859
859
859
860
860
868
868
869
870
870
871
871
873
873
873
875
875
876
876
876
876
877
877
877
877
878
878
878
878
879
879
879
881
881
881
883
883
885
886
887
887
887
888
889
891
891
891
892
893
893
893
898
898
901
903
905
906
910
911
911
912
913
914
914
915
916
917
918
918
919
919
919
919
921
922
922
924
924
924
926
927
927
928
929
930
933
936
936
936
936
940
942
943
943
945
945
946
946
947
949
950
955
955
958
959
960
961
961
962
963
963
964
964
964
965
966
967
968
968
970
971
971
971
972
972
973
973
973
974
976
978
980
980
986
989
994
994
996
997
998
998
999
999
1001
1006
1007
1008
1010
1011
1012
1012
1014
1014
1017
1018
1020
1022
1023
1024
1024
1024
1027
1030
1036
1049
1051
1054
1056
1058
1060
1062
1062
1062
1063
1064
1064
1065
1066
1074
1077
1078
1091
1095
1114
1116
1118
1118
1119
1120
1121
1121
1122
1126
1126
1127
1130
1131
1132
1133
1138
1138
1139
1140
1140
1141
1142
1142
1143
1144
1147
1147
1148
1152
1154
1157
1157
1161
1162
1162
1187
1189
1191
1193
1198
1198
1199
1199
1201
1204
1204
1206
1207
1208
1210
1210
1212
1214
1215
1232
1236
1237
1240
1241
1247
1248
1249
1252
1254
1256
1260
1260
1260
1260
1266
1266
1266
1267
1267
1268
1269
1270
1270
1271
1272
1276
1278
1278
1278
1279
1279
1279
1280
1280
1280
1281
1285
1290
1290
1290
1291
1291
1291
1291
1291
1291
1291
1292
1294
1294
1295
1295
1295
1296
1296
1297
1297
1298
1299
1300
1303
1304
1304
1305
1306
1307
1308
1308
1308
1309
1311
1311
1311
1312
1313
1314
1319
1319
1319
1320
1321
1321
1323
1324
1326
1328
1333
1335
1336
1337
1340
1343
1343
1344
1344
1344
1345
1346
1348
1353
1353
1358
1360
1360
1360
1363
1366
1370
1370
1371
1371
1375
1375
1377
1377
1377
1382
1383
1383
1385
1385
1385
1386
1386
1386
1387
1387
1387
1388
1388
1388
1389
1392
1393
1395
1397
1402
1403
1403
1403
1407
1408
1409
1411
1413
1413
1418
1427
1427
1427
1428
1430
1432
1435
1436
1436
1436
1436
1439
1439
1445
1453
1460
1462
1482
1482
1482
1485
1488
1494
1506
1520
1522
1523
1524
1525
1527
1528
1528
1533
1533
1534
1541
1550
1561
1562
1562
1562
1562
1564
1568
1570
1570
1570
1572
1573
1580
1581
1585
1586
1590
1591
1592
1598
1599
1599
1601
1603
1603
1605
1607
1609
1613
1613
1614
1619
1619
1620
1620
1623
1625
1626
1627
1629
1629
1630
1630
1630
1634
1634
1636
1637
1641
1641
1641
1644
1657
1660
1661
1661
1666
1675
1675
1676
1684
1685
1688
1697
1700
1706
1710
1720
1723
1723
1725
1727
1728
1729
1731
1732
1734
1735
1737
1739
1741
1742
1749
1751
1751
1775
1776
1777
1780
1781
1783
1785
1785
1786
1788
1789
1791
1792
1794
1794
1795
1796
1802
1802
1811
1813
1815
1818
1818
1818
1819
1822
1823
1836
1839
1844
1847
1847
1855
1865
1866
1868
1868
1868
1869
1871
1873
1874
1874
1875
1877
1877
1881
1882
1884
1884
1885
1885
1885
1885
1887
1889
1890
1892
1894
1895
1896
1898
1899
1902
1903
1903
1903
1903
1907
1912
1912
1912
1913
1914
1915
1922
1927
1935
1935
1952
1962
1964
1967
1969
1970
1972
1973
1980
1981
1982
1983
1986
1987
1987
1996
1998
2020
2021
2022
2023
2023
2048
2056
2059
2062
2073
2080
2080
2081
2083
2083
2084
2085
2089
2089
2090
2093
2095
2095
2096
2099
2102
2108
2113
2115
2116
2116
2117
2119
2119
2123
2123
2124
2126
2128
2131
2132
2134
2134
2136
2137
2138
2138
2138
2143
2144
2147
2147
2151
2151
2152
2152
2153
2153
2154
2154
2154
2155
2156
2156
2156
2157
2157
2158
2158
2158
2160
2162
2162
2163
2163
2163
2163
2164
2164
2166
2168
2168
2169
2170
2171
2171
2172
2180
2180
2181
2184
2185
2197
2199
2209
2233
2244
2253
2254
2261
2261
2268
2281
2294
2299
2300
2300
2302
2303
2306
2306
2308
2309
2318
2321
2321
2322
2323
2331
2335
2336
2338
2338
2342
2343
2345
2345
2345
2350
2355
2358
2358
2359
2359
2364
2365
2365
2366
2366
2367
2367
2370
2371
2372
2374
2377
2378
2379
2380
2382
2383
2391
2395
2397
2397
2399
2401
2401
2404
2404
2407
2409
2409
2410
2410
2414
2422
2422
2425
2432
2448
2449
2468
2477
2479
2479
2479
2480
2482
2484
2487
2493
2493
2494
2497
2502
2512
2520
2520
2521
2530
2531
2533
2535
2542
2548
2549
2568
2574
2578
2581
2582
2584
2587
2588
2592
2595
2596
2600
2600
2600
2605
2623
2636
2641
2643
2666
2666
2681
2682
2688
2702
2713
2715
2718
2719
2720
2720
2722
2723
2726
2729
2729
2729
2731
2731
2732
2736
2737
2748
2748
2748
2748
2755
2762
2764
2773
2773
2775
2779
2781
2782
2782
2782
2782
