0
1
2
2
2
3
4
5
5
5
6
6
7
7
8
8
8
8
8
9
9
9
10
10
10
11
11
11
11
11
12
12
12
12
12
12
13
13
14
14
14
15
15
15
15
15
16
16
16
16
17
17
17
17
17
17
17
17
18
18
18
18
18
18
18
18
18
18
19
19
19
19
19
19
19
19
19
19
19
19
19
20
20
20
20
20
20
20
20
20
20
20
20
20
21
21
21
21
21
21
21
21
21
21
21
21
21
21
21
21
21
21
21
21
22
22
22
22
22
22
22
22
22
22
22
22
22
22
22
22
23
23
23
23
23
24
24
24
24
24
24
24
24
24
24
24
25
25
25
25
25
25
26
26
26
26
26
26
26
26
26
26
26
26
26
26
27
27
27
27
27
27
27
27
27
27
27
27
27
27
27
27
27
27
28
28
28
28
28
28
28
28
28
28
28
28
28
28
29
29
29
29
29
29
29
29
30
30
30
30
31
31
31
31
31
31
31
31
31
31
31
32
32
32
32
32
32
32
32
33
33
33
33
33
33
33
34
34
34
34
34
34
34
35
35
35
35
35
35
35
35
36
37
37
37
37
37
37
38
38
38
38
39
39
39
39
39
39
40
40
40
40
40
41
41
41
41
42
42
42
43
43
43
43
43
44
44
44
44
45
45
45
45
45
45
46
46
46
46
46
46
46
46
46
47
48
49
49
49
49
49
49
49
49
50
50
51
51
51
51
51
51
52
52
52
52
53
53
53
54
54
54
54
54
54
54
55
55
55
55
55
55
55
55
56
56
56
56
56
56
56
56
57
57
57
57
57
57
57
58
58
58
58
58
58
59
59
59
59
59
60
60
61
61
61
62
62
62
62
62
62
63
63
63
63
63
63
63
63
63
64
64
64
64
64
65
65
65
65
65
65
65
66
66
66
66
66
66
66
66
66
67
68
68
68
69
69
69
69
69
70
70
70
70
71
71
71
71
72
73
73
73
73
74
74
75
75
75
76
76
76
77
77
77
78
78
79
79
79
80
80
80
80
80
80
80
80
80
80
80
80
80
81
81
81
81
81
81
81
81
81
81
81
81
82
82
82
83
83
83
84
84
84
84
85
85
85
85
86
86
86
86
86
86
87
87
88
88
88
88
89
90
90
90
91
91
93
93
93
93
93
93
93
93
93
93
94
94
94
94
94
95
95
95
96
96
96
96
97
97
97
97
97
97
97
97
97
98
98
98
98
98
98
98
98
98
98
98
98
99
99
99
99
99
99
100
100
100
100
100
101
101
101
101
102
102
102
102
102
102
102
102
103
103
103
103
103
104
104
105
105
105
105
105
106
106
107
107
107
107
107
108
108
108
108
108
109
109
110
110
110
110
111
111
111
111
111
112
112
112
112
112
113
113
113
114
114
115
115
115
115
115
115
116
116
116
116
116
117
117
117
117
118
118
118
118
119
119
119
119
119
119
119
120
120
120
120
120
120
120
120
120
121
122
122
122
122
123
123
123
123
123
124
124
124
124
125
125
126
126
126
127
127
127
128
128
129
129
130
130
130
130
130
131
131
131
132
132
132
132
132
132
133
133
133
133
133
134
134
135
137
137
137
137
137
137
137
138
138
138
138
138
138
138
138
138
138
138
139
139
139
139
139
139
139
139
139
140
140
140
140
140
141
141
141
142
142
143
143
144
144
144
144
144
144
144
144
144
144
144
144
144
144
144
144
145
145
145
145
145
146
146
146
147
147
147
147
148
148
149
149
149
149
149
149
149
150
150
150
150
151
151
151
151
151
151
152
152
152
152
153
153
153
154
154
155
155
156
156
156
157
158
158
159
159
160
160
160
160
161
163
163
163
164
164
164
165
167
167
167
168
168
168
168
168
170
170
170
170
171
172
172
172
173
174
174
174
175
175
175
176
176
176
177
177
178
178
178
178
178
179
179
179
179
179
179
180
180
180
180
181
181
181
181
181
181
181
181
181
181
182
182
182
182
182
182
182
182
182
182
183
183
183
183
183
184
184
184
184
184
185
185
185
185
185
185
186
186
187
187
187
187
187
187
188
188
188
188
188
188
188
189
189
189
189
189
189
189
189
189
189
190
190
190
190
190
190
190
190
191
192
193
193
194
194
194
195
198
199
199
201
204
204
205
207
207
207
207
207
208
209
210
210
210
210
211
212
212
213
213
213
214
214
214
214
215
215
216
217
218
218
220
220
221
222
222
222
223
223
223
223
224
224
226
226
226
227
228
229
229
230
230
230
230
231
231
231
232
232
232
233
233
233
235
235
236
237
237
237
238
238
239
240
240
241
241
242
242
242
242
242
243
243
243
243
243
244
244
244
244
245
245
245
246
247
248
249
249
249
249
249
249
250
250
250
250
250
251
251
251
251
251
251
251
251
251
251
252
252
252
252
252
252
252
252
252
252
252
253
253
253
253
253
253
254
254
255
255
255
255
255
255
255
255
256
256
256
256
256
256
256
256
256
257
257
257
257
257
257
257
257
258
258
258
258
258
258
259
260
260
260
261
262
262
263
263
263
264
264
268
268
268
269
269
271
271
275
278
278
278
279
279
279
280
280
282
282
282
283
283
285
285
285
285
285
285
287
287
288
288
290
291
292
292
293
294
295
296
296
296
296
297
297
297
297
297
297
298
299
300
301
302
302
303
303
304
304
304
305
305
305
305
305
305
306
306
306
306
307
309
309
309
309
310
310
310
310
310
310
310
310
311
311
311
311
311
311
312
312
312
313
313
313
314
315
315
316
316
317
317
318
319
321
321
321
321
322
322
322
323
323
323
323
324
325
325
325
325
326
326
326
326
327
327
327
328
328
329
329
329
329
330
330
332
332
332
332
334
335
335
335
336
336
336
336
336
336
336
337
337
337
337
337
337
337
338
338
338
339
341
341
341
342
343
343
344
344
344
345
346
346
347
350
351
352
352
354
355
355
355
356
356
356
358
359
359
360
360
360
361
361
363
363
363
363
363
364
364
365
366
366
366
367
368
368
370
370
371
371
372
373
373
373
376
376
377
378
378
378
378
378
378
379
379
379
379
379
379
380
380
380
380
380
380
380
380
380
380
380
381
381
382
382
383
383
383
384
385
385
385
385
385
385
385
385
385
386
386
386
386
386
387
387
387
387
387
388
388
388
388
389
389
389
390
390
391
393
393
394
394
394
395
395
396
397
397
397
397
398
399
399
400
401
402
402
403
404
404
405
405
406
406
407
407
407
407
407
408
408
408
409
409
411
411
412
413
414
414
415
416
418
420
420
420
421
421
422
424
426
427
427
428
428
431
431
433
433
434
435
435
436
436
436
437
437
439
439
439
440
443
444
446
446
446
446
450
451
453
454
455
456
459
460
462
463
466
470
470
471
471
471
472
476
476
481
490
491
493
493
495
495
496
496
498
499
501
501
501
504
504
506
506
507
507
507
508
508
509
509
510
510
511
512
514
514
515
516
517
518
519
520
520
520
521
521
522
523
524
524
525
526
527
527
528
528
528
528
528
528
528
528
529
529
529
530
532
532
533
534
534
535
536
538
538
539
540
541
541
541
542
543
543
543
544
544
545
548
548
548
550
551
555
556
557
557
557
565
566
566
567
567
570
570
570
574
574
574
575
575
575
576
577
578
578
578
579
580
580
581
583
584
585
585
586
588
588
590
591
591
592
593
594
595
596
597
597
599
599
600
600
601
601
601
602
602
603
604
605
605
605
606
606
606
606
610
610
610
611
613
613
613
615
616
617
618
619
619
619
621
621
621
621
622
622
622
624
626
626
627
627
627
628
629
629
630
631
633
633
633
633
633
633
634
634
635
635
637
637
638
639
640
643
644
644
644
644
645
645
645
646
646
647
647
647
648
649
649
650
650
652
653
654
654
658
658
662
663
663
663
664
665
670
672
672
675
675
675
675
676
676
676
676
676
676
676
676
677
679
680
680
682
682
682
684
684
686
686
687
688
690
692
693
693
693
694
694
695
696
696
697
697
697
697
698
698
698
698
698
698
698
698
698
698
698
699
699
699
699
699
699
700
700
700
701
701
701
702
703
704
704
705
705
705
706
706
706
707
708
709
709
710
710
711
711
711
711
711
711
711
712
712
712
713
713
713
714
714
714
714
715
715
715
716
716
716
717
717
717
720
720
721
721
721
721
721
721
723
726
727
729
730
730
730
730
730
730
730
730
731
731
732
732
732
733
733
733
733
733
733
734
734
734
734
734
734
735
735
736
738
738
738
739
740
740
741
741
741
741
741
741
741
742
744
747
747
748
751
751
752
753
753
756
758
761
764
764
765
766
766
766
766
768
769
772
777
778
780
781
782
782
782
784
785
785
787
790
790
790
790
791
792
792
792
792
792
793
794
795
797
797
797
798
799
801
802
802
803
806
806
807
807
809
812
812
812
814
814
816
817
817
818
820
820
822
822
822
824
825
826
826
827
830
831
832
837
838
838
838
839
840
840
840
840
841
842
842
843
843
843
844
846
848
849
850
850
851
851
851
852
852
853
853
853
857
857
864
865
865
865
866
867
869
870
870
874
874
875
876
879
882
882
882
883
883
883
883
884
884
886
886
887
888
889
889
890
890
890
890
893
893
893
893
893
893
894
895
899
899
900
900
900
901
901
901
901
901
901
901
902
902
902
903
903
903
903
904
905
905
906
907
910
911
913
913
913
914
916
916
916
916
916
916
933
936
937
938
938
940
940
941
942
943
951
952
952
954
954
955
956
958
958
958
959
963
963
963
968
971
974
976
978
978
981
981
985
986
987
988
988
990
993
994
996
997
998
999
1001
1004
1006
1006
1006
1008
1008
1009
1009
1009
1009
1010
1011
1011
1013
1013
1015
1015
1015
1015
1016
1018
1019
1023
1025
1026
1028
1030
1035
1035
1037
1042
1045
1047
1048
1048
1050
1051
1051
1052
1055
1056
1066
1068
1069
1073
1074
1077
1077
1078
1078
1084
1085
1087
1092
1096
1099
1100
1101
1102
1102
1102
1103
1108
1109
1110
1113
1113
1113
1113
1113
1113
1114
1114
1114
1114
1114
1115
1116
1119
1120
1126
1126
1127
1127
1129
1133
1134
1138
1141
1145
1148
1148
1155
1156
1158
1161
1163
1165
1166
1175
1176
1176
1176
1177
1177
1177
1178
1179
1193
1193
1193
1198
1207
1208
1209
1215
1217
1219
1219
1220
1220
1220
1220
1220
1224
1229
1233
1233
1233
1234
1237
1237
1237
1238
1239
1240
1254
1259
1264
1284
1290
1292
1298
1300
1302
1302
1310
1317
1323
1324
1329
1336
1338
1339
1342
1343
1347
1347
1348
1348
1349
1350
1353
1354
1356
1358
1359
1359
1359
1359
1363
1364
1365
1365
1365
1367
1368
1370
1370
1370
1370
1372
1375
1376
1379
1381
1383
1387
1389
1390
1394
1397
1401
1402
1403
1427
1427
1430
1433
1437
1440
1440
1446
1452
1452
1452
1452
1452
1453
1453
1453
1453
1453
1454
1454
1454
1454
1455
1459
1462
1463
1464
1464
1464
1464
1464
1465
1465
1465
1465
1466
1468
1476
1477
1477
1480
1484
1485
1491
1491
1492
