0
0
0
1
3
3
4
5
5
7
7
7
7
7
7
8
8
8
9
9
9
9
10
11
11
12
12
13
13
13
14
14
14
15
16
16
16
17
17
18
18
19
19
19
19
19
20
20
20
20
21
21
21
21
21
21
22
22
23
23
25
25
25
25
25
25
25
25
25
25
26
26
26
26
26
26
26
26
26
26
26
26
26
26
26
26
26
26
26
27
27
27
27
27
27
27
27
27
27
27
27
27
27
27
27
27
27
27
27
27
27
27
27
27
27
28
28
28
28
28
28
28
28
28
28
28
28
28
28
28
28
28
29
29
29
29
29
29
29
29
29
29
29
29
29
29
29
29
30
30
30
30
30
30
30
30
30
30
30
31
31
31
31
31
31
31
31
31
32
32
32
33
33
33
33
33
33
33
34
34
35
35
35
35
35
35
36
36
37
37
38
38
38
39
39
39
40
40
40
40
41
42
43
43
43
43
44
44
45
45
45
45
46
46
46
47
47
47
48
48
49
49
50
50
50
50
51
52
52
52
53
53
53
53
54
54
54
57
58
58
58
58
59
60
61
61
63
63
64
64
64
65
65
65
65
65
66
66
66
67
67
67
67
67
68
69
69
69
69
69
70
70
71
72
73
73
73
73
73
74
74
76
76
76
77
77
78
78
78
78
79
79
80
81
81
82
82
86
86
87
88
90
90
91
91
93
93
93
93
94
94
95
96
97
97
97
98
98
98
98
99
100
100
100
101
102
102
104
104
104
104
105
106
106
106
106
107
107
107
108
109
109
110
110
110
111
111
112
112
113
113
114
115
115
116
117
118
119
120
120
120
120
121
121
121
122
122
123
124
124
124
124
124
124
125
125
126
126
127
127
127
128
128
128
128
128
128
129
129
130
130
130
131
134
134
135
135
136
136
136
137
137
138
138
139
139
139
139
140
140
141
141
142
142
143
143
143
144
145
146
146
147
147
147
148
148
148
148
148
149
149
149
149
150
151
152
153
153
153
154
154
155
155
155
156
156
156
156
157
157
157
157
157
158
159
159
160
160
160
160
161
161
162
163
164
164
164
165
165
165
165
165
166
166
166
166
167
167
167
168
170
170
171
172
172
172
172
173
173
173
174
174
175
176
177
178
178
178
178
178
179
179
179
180
180
180
182
182
183
185
186
187
187
187
187
187
187
188
189
189
190
190
190
191
191
191
191
192
192
192
192
193
194
194
194
194
194
194
196
197
197
199
200
200
200
201
202
202
202
203
203
203
203
204
206
206
207
208
208
208
209
209
210
211
211
211
212
212
212
212
213
213
214
214
214
214
215
215
215
216
216
216
216
216
217
217
217
217
218
218
218
219
219
219
219
219
220
220
221
221
222
222
223
223
223
223
224
224
224
224
225
226
226
227
229
229
230
231
231
231
232
232
235
236
236
236
237
238
238
239
239
239
239
239
240
241
241
242
242
242
242
242
242
242
242
242
242
243
243
243
243
243
243
243
243
243
243
243
243
243
243
243
244
244
245
246
246
246
246
246
247
248
248
248
248
249
249
249
249
249
249
249
250
250
250
250
250
250
251
251
251
251
251
251
251
252
254
254
256
257
257
258
258
258
259
260
260
260
260
260
261
261
261
261
261
261
261
261
261
261
261
261
261
261
262
262
262
262
262
262
262
262
262
262
263
263
263
263
263
263
263
263
266
267
267
268
269
269
270
270
271
271
271
271
272
272
272
273
273
273
274
275
276
277
277
277
278
278
278
280
280
280
280
282
282
282
283
284
284
286
287
287
288
288
289
290
290
290
291
291
291
291
293
293
294
294
296
296
297
298
298
299
299
299
299
299
300
300
300
301
303
303
304
305
305
306
307
309
309
310
310
313
313
314
314
315
316
316
317
317
317
317
317
318
318
318
319
320
320
320
321
321
322
322
323
324
325
327
327
327
329
329
330
331
331
333
333
334
337
338
340
340
340
340
342
342
343
343
343
343
343
343
345
347
347
347
347
347
347
348
348
349
349
352
356
358
359
359
360
360
361
362
362
363
363
363
365
366
366
367
367
367
368
370
371
371
372
372
373
374
374
375
376
376
376
377
377
377
377
378
378
379
379
379
379
380
380
381
382
382
382
383
383
383
383
384
384
384
384
384
384
384
385
385
385
385
386
386
386
386
387
387
387
387
387
388
388
388
389
389
389
389
390
390
390
390
391
391
391
391
391
391
391
391
391
392
392
392
392
392
393
395
396
396
397
397
397
398
398
398
398
400
401
401
401
401
401
401
402
402
402
402
403
403
405
407
408
409
409
410
410
410
410
412
413
414
414
414
415
416
416
416
417
420
420
421
421
422
423
424
426
430
434
436
437
438
438
438
438
438
438
440
440
441
441
442
443
446
446
446
448
448
448
448
448
449
450
450
454
454
454
454
454
454
454
455
455
455
455
456
457
457
457
457
458
458
459
459
461
462
463
463
464
464
464
465
466
466
466
467
467
467
468
469
469
470
472
472
473
473
474
474
475
475
475
475
475
475
476
477
477
477
477
479
479
479
480
480
481
481
486
487
487
487
488
488
489
489
490
492
493
493
494
495
496
496
496
496
496
496
497
498
498
498
498
498
498
501
502
503
503
505
505
505
505
506
506
506
507
507
507
507
508
508
508
508
510
510
510
511
511
512
514
514
514
514
515
515
517
517
521
522
522
524
524
525
525
527
527
531
534
536
537
543
544
549
549
549
550
550
551
552
553
554
555
555
557
559
560
565
565
567
567
568
568
568
568
568
568
569
569
569
570
571
571
571
572
572
573
573
573
573
574
574
575
575
575
577
577
578
578
579
579
580
580
582
582
583
585
585
586
586
586
586
587
587
588
588
588
588
589
594
594
594
595
596
596
596
596
597
597
598
598
598
600
600
602
603
603
604
606
609
609
610
610
610
612
612
613
615
615
615
616
621
622
624
624
625
626
627
627
627
628
628
628
629
629
629
629
629
629
629
631
631
631
632
632
634
635
636
637
637
637
638
640
642
643
647
649
652
653
658
660
661
661
665
684
685
690
692
696
698
700
700
702
702
703
703
704
705
705
707
708
711
711
713
714
715
715
716
716
717
719
719
720
721
724
731
733
734
734
735
735
735
740
742
757
765
765
766
766
767
768
768
768
771
771
772
772
773
773
774
776
776
777
781
782
783
784
786
786
787
789
791
793
795
795
795
797
798
798
799
800
802
802
803
804
805
805
806
807
807
808
809
812
813
814
815
815
816
816
819
820
821
821
821
821
821
822
823
823
823
823
824
824
824
824
824
824
824
825
825
825
825
825
825
825
825
825
825
826
826
826
826
826
826
826
826
827
827
827
827
827
827
827
829
829
829
829
829
829
830
830
831
831
831
833
834
835
837
837
839
839
841
841
842
842
844
845
845
847
851
851
852
853
855
855
855
855
856
856
856
857
857
857
857
857
858
858
858
858
858
858
858
858
859
859
860
860
860
861
861
862
863
864
864
865
865
865
866
866
867
867
868
868
868
868
868
871
871
871
872
872
872
873
874
874
875
876
877
877
879
881
881
881
882
882
883
884
885
885
886
886
886
887
887
888
888
889
890
891
891
892
892
893
893
894
894
895
896
896
896
897
897
897
899
899
900
900
900
900
901
901
902
902
903
903
903
903
904
904
905
905
906
907
907
907
907
907
908
909
909
909
909
910
910
910
911
911
911
911
913
914
915
917
918
919
919
919
920
920
920
920
920
920
920
920
920
920
920
921
921
922
922
923
923
924
925
925
926
927
928
929
929
930
930
931
932
933
934
935
936
937
937
938
940
941
941
943
944
946
946
947
947
947
948
949
950
950
950
950
950
951
952
952
952
952
952
952
953
953
953
954
954
954
955
955
956
956
956
957
957
958
959
961
961
961
962
964
964
966
969
970
970
973
976
977
978
978
981
983
984
984
985
985
986
987
990
990
992
992
993
996
996
997
999
1004
1012
1013
1014
1018
1019
1026
1032
1038
1038
1047
1049
1051
1053
1056
1062
1062
1071
1071
1071
1072
1073
1073
1078
1078
1085
1087
1094
1095
1096
1099
1100
1104
1105
1106
1106
1107
1109
1110
1110
1114
1114
1115
1117
1119
1120
1120
1125
1125
1125
1125
1127
1127
1128
1129
1130
1135
1137
1141
1141
1142
1143
1143
1144
1146
1150
1153
1157
1160
1160
1162
1163
1168
1168
1168
1169
1169
1170
1170
1171
1174
1175
1175
1175
1176
1176
1179
1183
1184
1184
1187
1194
1194
1194
1196
1201
1203
1206
1208
1210
1217
1219
1222
1223
1227
1227
1229
1229
1229
1229
1229
1230
1232
1233
1234
1234
1236
1237
1237
1238
1238
1238
1239
1239
1240
1241
1243
1243
1243
1244
1245
1245
1245
1246
1247
1247
1247
1247
1248
1248
1249
1249
1250
1250
1251
1251
1252
1253
1253
1253
1255
1256
1256
1256
1257
1257
1258
1258
1258
1258
1259
1260
1260
1261
1262
1263
1264
1264
1264
1264
1264
1264
1264
1264
1265
1265
1266
1266
1267
1268
1275
1275
1278
1278
1279
1281
1284
1284
1285
1286
1286
1286
1287
1287
1287
1288
1288
1288
1289
1289
1292
1293
1294
1295
1296
1297
1297
1298
1299
1299
1299
1299
1299
1299
1299
1300
1303
1303
1303
1303
1304
1307
1309
1310
1311
1311
1311
1312
1312
1317
1317
1318
1318
1319
1323
1324
1324
1325
1325
1331
1337
1337
1337
1338
1339
1339
1339
1340
1341
1341
1343
1346
1351
1356
1357
1364
1364
1368
1373
1377
1380
1382
1384
1390
1392
1397
1398
1407
1408
1408
1410
1410
1413
1416
1418
1421
1421
1422
1425
1427
1427
1427
1428
1428
1434
1435
1436
1439
1476
1499
1504
1507
1515
1521
1522
1527
1534
1541
1541
1545
1546
1549
1549
1550
1552
1557
1560
1567
1567
1569
1570
1570
1571
1571
1577
1577
1578
1578
1580
1582
1585
1585
1589
1590
1591
1591
1591
1591
1594
1596
1596
1599
1600
1604
1605
1618
1631
1632
1650
1671
1674
1676
1678
1683
1683
1688
1690
1691
1696
1697
1697
1697
1698
1698
1698
1699
1700
1700
1701
1703
1703
1704
1704
1704
1714
1715
1716
1716
1722
1733
1734
1735
1737
1737
1743
1743
1746
1752
1752
1753
1753
1753
1754
1754
1754
1759
1759
1760
1761
1762
1764
1764
1764
1764
1764
1764
1767
1772
1773
1775
1777
1778
1781
1782
1785
1786
1787
1787
1789
1790
1791
1799
1801
1807
1809
1809
1809
1810
1810
1810
1814
1823
1828
1830
1847
1856
1862
1867
1868
1871
1873
1880
1885
1885
1886
1889
1896
1897
1900
1901
1904
1906
1909
1912
1914
1914
1914
1914
1914
1915
1915
1915
1915
1917
1917
1922
1927
1930
1946
1957
1957
1968
1972
1975
1976
1976
1977
1980
1986
1987
2024
2024
2040
2073
2078
2097
2102
2102
2114
2158
2166
2187
2188
2199
2200
2200
2210
2214
2215
2224
2226
2228
2236
2237
2240
2241
2242
2273
2274
2274
2299
2329
2343
2344
2345
2346
2347
2347
2348
2349
2352
2353
2357
2358
2359
2360
2365
2365
2366
2366
2367
2369
2370
2375
2376
2385
2385
2388
2390
2392
2392
2395
2397
2397
2406
2406
2406
2437
2437
2438
2447
2449
2449
2450
2455
2455
2459
2460
2461
2468
2468
2478
2480
2484
2506
2509
2511
2525
2526
2526
2531
2543
2545
2545
2547
2554
2556
2575
2578
2580
2583
2610
2611
2619
2627
2627
2632
2633
2641
2642
2645
2653
2674
2694
2695
2698
2698
2698
2698
2698
2698
2705
2726
2740
2743
2747
2748
2751
2752
2763
2769
2773
2776
2780
2781
2781
2782
2783
2784
2784
2784
2784
2784
2785
2786
2786
