0
0
2
2
3
3
4
4
5
5
6
6
7
7
7
8
8
8
8
9
10
10
10
10
10
10
10
10
10
12
12
12
13
13
13
13
14
14
14
15
16
17
17
17
18
18
18
18
18
19
19
19
19
19
19
19
19
19
19
20
20
20
20
20
20
20
20
20
21
21
21
21
21
21
21
21
21
22
22
23
23
24
25
25
25
25
26
26
26
26
27
27
27
27
27
27
27
28
28
28
28
28
28
28
28
28
29
29
29
29
29
29
29
29
29
29
29
29
29
29
29
30
30
30
31
31
31
31
32
32
32
32
33
33
33
33
33
34
34
35
35
36
36
36
38
39
39
39
39
39
40
41
41
41
42
42
42
43
43
43
44
44
44
46
46
46
46
46
47
47
48
49
49
49
49
50
50
50
50
50
50
50
50
50
50
51
51
51
51
51
51
51
51
51
51
52
52
52
52
52
52
52
52
52
52
53
53
53
53
54
54
54
54
55
55
55
55
56
57
57
57
58
58
59
59
59
59
59
59
60
60
60
60
61
62
62
62
62
63
63
64
64
65
65
65
65
65
66
66
67
67
67
67
68
69
69
70
70
70
71
71
72
72
73
73
74
75
75
75
75
75
75
75
76
76
76
77
77
77
77
78
78
78
78
78
79
79
80
80
80
80
81
81
81
81
81
81
82
82
82
82
83
83
83
84
84
85
85
86
87
87
87
87
88
88
89
89
89
90
90
90
91
91
91
91
91
91
91
91
91
91
91
91
92
92
92
92
92
92
92
92
92
92
93
93
93
93
93
93
93
94
94
95
95
95
95
95
95
95
97
97
97
97
97
97
98
99
99
99
99
100
100
101
101
101
102
102
102
103
104
104
105
105
105
105
105
105
105
106
107
107
108
109
109
109
109
110
110
110
110
110
111
111
112
112
112
113
113
113
113
113
113
114
114
115
115
116
117
117
117
117
118
119
119
120
120
121
121
121
122
122
122
123
123
123
124
124
124
124
126
127
127
128
128
129
129
130
130
131
132
133
133
134
134
135
136
137
137
137
139
139
139
139
139
140
140
140
141
141
142
142
142
143
143
143
143
144
144
144
145
146
147
148
149
149
150
150
150
151
151
152
153
153
154
155
158
158
158
160
161
161
161
161
162
162
163
164
165
166
166
166
166
167
170
171
173
173
174
175
175
175
176
178
178
179
181
183
185
185
185
186
186
187
187
188
189
189
189
189
190
191
192
192
192
193
195
196
196
196
196
198
198
198
198
198
198
199
199
199
199
199
199
199
199
199
200
200
200
200
200
200
200
200
200
201
201
201
201
201
201
202
203
204
204
204
204
204
206
206
206
206
206
206
206
206
206
206
206
206
206
206
206
206
207
207
207
207
207
207
207
207
207
207
207
208
208
208
208
208
209
209
209
209
209
209
209
209
209
209
210
210
210
210
210
210
211
211
211
212
212
213
213
213
213
214
215
215
215
215
215
215
216
216
216
218
218
218
218
219
219
219
219
219
220
220
221
221
221
222
222
222
222
223
223
224
224
225
225
225
225
226
226
226
226
226
226
226
226
226
226
226
227
227
227
227
227
227
227
227
227
228
228
228
228
228
228
228
228
228
228
229
230
231
232
232
233
233
233
233
234
234
235
236
236
237
237
238
238
238
238
239
239
240
240
241
241
241
241
241
242
242
242
242
242
242
242
242
243
243
243
244
245
245
245
245
245
245
245
245
246
246
246
246
246
247
247
247
247
247
247
248
248
249
249
249
249
250
250
250
251
251
251
251
252
253
253
253
253
253
253
253
253
253
254
254
254
254
254
254
255
255
255
256
256
256
257
257
257
257
257
258
258
258
258
259
259
259
259
259
259
259
259
259
259
259
259
260
260
260
261
262
262
262
262
262
262
262
263
263
264
264
264
264
265
265
266
266
266
267
267
267
267
267
267
267
267
267
267
268
268
268
268
268
268
268
268
268
269
269
269
269
269
269
269
269
269
270
270
271
272
273
273
273
274
275
276
276
276
276
277
277
277
277
278
278
278
279
280
280
280
280
281
281
281
281
282
282
282
283
283
283
283
284
284
284
285
285
285
285
285
285
286
286
286
287
287
287
287
287
287
288
288
288
288
289
289
289
289
289
290
290
290
290
291
293
293
293
293
293
293
293
294
294
294
294
294
294
294
295
295
295
295
295
295
295
295
296
296
296
296
296
296
296
296
296
296
296
296
296
296
297
297
297
297
297
297
298
298
299
299
300
300
300
300
301
301
301
301
301
301
301
301
302
302
302
302
302
302
302
303
303
303
303
303
304
304
304
305
305
305
306
306
307
307
307
307
307
308
308
308
308
309
309
309
310
310
310
310
310
310
311
311
311
311
311
312
312
312
313
313
314
314
314
314
315
315
316
318
319
321
321
322
323
324
324
324
326
326
326
331
334
335
336
336
336
337
338
338
339
340
340
340
340
341
341
341
342
342
343
344
344
344
345
346
346
346
347
347
347
348
348
348
348
348
349
349
350
350
350
350
350
350
350
350
351
351
351
351
353
353
353
354
354
355
355
355
355
355
356
356
356
357
357
357
357
358
358
360
361
361
362
362
362
362
363
363
363
363
363
364
364
364
366
367
367
367
367
367
370
370
370
370
370
370
370
370
371
371
371
371
371
371
371
371
371
371
372
373
373
373
373
373
374
374
374
374
374
374
375
375
375
375
376
376
376
376
376
377
377
377
378
378
378
378
378
379
379
379
379
379
379
380
380
381
382
382
383
383
383
383
384
384
384
385
386
386
387
387
387
387
388
388
390
390
390
391
391
392
392
392
392
392
392
393
393
393
394
395
395
395
395
395
395
396
396
397
397
397
397
398
398
399
399
400
400
400
400
401
401
401
401
401
402
402
402
402
402
402
402
402
403
403
403
403
403
403
403
403
404
404
404
404
404
405
405
405
405
406
406
407
407
408
408
408
408
409
409
410
410
411
411
411
411
412
412
412
413
413
413
414
414
414
414
416
416
416
416
417
417
417
417
417
418
418
419
420
420
420
421
421
421
422
423
423
425
429
430
431
431
431
432
432
432
433
433
433
433
433
433
434
434
434
434
435
435
436
436
436
438
438
441
442
442
443
444
444
445
445
446
447
447
447
448
449
452
452
452
452
454
454
455
456
456
457
457
457
457
458
459
459
459
459
460
460
460
463
464
467
467
467
467
467
473
474
475
476
478
483
483
484
485
487
487
487
488
488
488
488
489
490
491
491
492
493
493
497
498
503
503
503
504
504
506
507
509
509
512
512
513
513
513
514
514
516
519
519
519
519
522
523
524
524
524
524
525
525
527
527
528
528
528
529
530
530
531
532
532
532
532
532
532
532
532
534
535
535
535
537
538
538
538
539
541
541
541
541
541
542
542
542
542
543
544
545
545
545
545
546
547
547
547
548
548
549
549
549
550
551
551
551
551
552
553
553
553
553
553
554
555
555
556
556
558
558
559
559
560
561
562
562
563
563
563
564
564
564
565
565
565
565
566
566
566
566
566
568
568
568
571
572
572
573
574
574
574
575
575
575
575
576
576
576
577
578
578
579
579
579
579
579
581
582
582
582
582
582
583
583
583
583
585
585
585
586
586
587
587
587
588
590
590
591
591
593
594
595
596
596
598
598
598
599
599
599
599
600
600
600
601
601
601
602
602
602
602
602
602
602
602
603
603
603
603
603
603
603
604
604
604
604
605
606
606
606
606
606
607
607
607
608
608
609
609
609
609
610
610
610
610
610
611
611
611
611
611
612
612
612
613
613
613
613
614
614
615
617
619
621
621
621
622
623
624
626
626
628
629
629
629
629
630
631
631
631
631
633
636
636
636
638
638
639
639
641
641
641
641
642
644
644
645
645
646
648
648
650
652
652
652
653
654
655
655
655
655
657
658
658
658
659
660
660
663
664
665
666
666
668
668
668
669
669
670
671
674
676
677
677
685
685
686
686
688
689
690
690
690
691
693
694
694
695
696
696
698
698
699
699
700
700
700
701
701
702
702
703
705
706
708
709
709
709
710
710
710
711
711
711
712
713
714
716
717
719
720
721
723
724
724
724
726
726
727
727
728
728
728
729
731
732
733
734
734
735
735
736
736
736
737
738
738
741
741
742
743
744
746
746
746
746
747
747
748
748
748
749
749
749
749
750
750
750
750
751
751
752
753
754
755
756
757
757
759
759
760
760
762
763
764
767
767
767
767
769
770
770
773
773
773
773
774
775
776
776
777
777
778
778
778
780
780
781
782
783
787
787
788
788
789
789
791
793
793
794
796
799
803
803
804
807
809
810
811
811
812
812
813
813
813
813
813
814
814
814
814
815
816
816
817
819
820
821
821
821
822
822
825
827
828
830
831
833
837
843
850
851
852
852
852
855
855
856
860
865
865
866
870
871
871
872
878
879
879
880
882
885
887
888
888
893
893
893
894
894
895
898
898
898
899
899
899
899
900
905
906
914
920
921
921
921
922
924
924
927
928
929
933
937
939
939
940
958
959
962
964
965
965
972
976
979
982
982
985
987
987
987
987
989
993
994
998
998
999
999
1000
1001
1003
1003
1003
1004
1004
1006
1007
1009
1011
1015
1015
1019
1020
1021
1023
1032
1034
1034
1037
1037
1037
1037
1053
1057
1057
1058
1085
1088
1090
1090
1094
1096
1097
1098
1099
1099
1099
1102
1105
1105
1105
1106
1107
1108
1110
1111
1112
1113
1113
1114
1114
1115
1115
1119
1119
1119
1119
1122
1123
1124
1124
1124
1125
1125
1125
1126
1126
1127
1129
1129
1129
1130
1131
1132
1133
1134
1135
1135
1137
1138
1139
1140
1140
1144
1144
1145
1146
1147
1147
1151
1152
1167
1167
1182
1183
1187
1199
1199
1202
1207
1209
1209
1210
1211
1211
1213
1214
1214
1215
1216
1217
1218
1219
1222
1225
1225
1226
1226
1226
1228
1228
1228
1228
1230
1231
1231
1232
1232
1234
1235
1236
1238
1248
1252
1253
1263
1264
1264
1264
1264
1264
1264
1265
1265
1265
1265
1266
1266
1266
1269
1269
1270
1271
1274
1275
1276
1276
1277
1283
1284
1287
1287
1288
1288
1289
1289
1290
1293
1293
1294
1294
1295
1295
1298
1299
1300
1300
1301
1301
1301
1302
1303
1303
1304
1304
1306
1307
1308
1308
1308
1308
1309
1309
1309
1310
1310
1311
1311
1311
1312
1313
1313
1314
1316
1316
1318
1319
1319
1320
1321
1322
1323
1324
1327
1328
1328
1330
1331
1331
1331
1333
1334
1337
1337
1339
1339
1340
1343
1344
1346
1346
1347
1350
1352
1352
1353
1355
1358
1358
1360
1360
1361
1362
1362
1367
1368
1372
1375
1381
1382
1386
1387
1392
1392
1392
1395
1397
1429
1430
1559
1560
1569
1570
1577
1578
1581
1587
1590
1596
1599
1608
1609
1610
1610
1611
1612
1619
1625
1628
1631
1631
1637
1638
1638
1638
1639
1639
1640
1641
1644
1646
1647
1648
1649
1652
1653
1654
1654
1655
1656
1656
1658
1660
1661
1667
1667
1667
1671
1672
1674
1699
1701
1706
1719
1720
1722
1725
1729
1730
1730
1730
1730
1737
1740
1748
1757
1760
1765
1784
1791
1802
1802
1803
1804
1805
1809
1809
1810
1811
1814
1818
1818
