0
1
2
2
3
3
4
4
4
4
5
5
6
7
7
7
7
9
9
10
10
10
10
10
10
11
11
11
11
12
12
13
13
13
13
13
14
15
15
15
15
15
16
16
16
16
16
17
17
17
17
17
17
17
18
18
18
18
18
18
18
18
18
19
19
19
19
19
20
20
20
20
20
20
21
21
21
21
22
22
22
22
22
22
22
22
22
22
23
23
23
23
23
24
24
24
24
24
24
24
24
24
24
24
24
24
25
25
25
25
25
25
25
25
26
26
26
26
26
27
27
27
27
28
28
28
28
28
28
28
29
29
29
30
30
30
30
30
30
30
30
30
31
31
31
31
31
31
31
31
32
32
32
32
32
32
32
32
32
32
32
32
32
33
33
33
33
33
33
33
34
34
34
34
34
34
34
34
34
34
34
34
34
34
34
34
34
34
34
34
35
35
35
35
35
35
35
35
35
35
35
35
35
35
35
35
35
36
36
36
36
36
36
36
36
36
36
37
37
37
37
37
37
37
37
37
37
38
38
38
38
38
38
38
38
38
38
39
39
39
39
39
39
39
39
39
39
40
40
40
40
40
40
41
41
41
41
41
41
41
41
41
42
42
42
42
42
42
43
43
43
43
43
43
43
43
43
43
43
43
44
44
44
44
44
44
44
44
44
44
44
44
44
45
45
45
45
45
46
46
46
46
46
46
46
47
47
47
47
47
47
47
47
47
48
48
48
48
48
48
48
48
48
48
48
48
48
48
48
48
49
49
49
49
49
49
49
49
49
49
49
49
49
49
49
50
50
50
50
50
50
50
50
50
50
51
51
51
51
51
51
51
51
51
51
52
52
52
52
52
52
53
53
53
54
54
54
54
54
54
54
55
55
55
55
55
55
56
56
56
56
56
56
57
57
57
58
58
58
58
58
58
58
58
58
59
59
59
59
59
60
60
60
60
60
60
61
61
61
61
61
61
62
62
62
62
62
62
62
63
63
64
64
64
64
64
64
64
64
65
65
65
65
66
66
66
67
67
67
68
68
68
68
68
69
69
69
69
70
70
70
71
71
71
71
72
72
72
72
72
73
73
73
73
73
74
74
74
74
74
74
75
75
75
75
75
75
76
77
77
78
78
78
78
78
79
79
79
79
79
79
80
80
81
81
81
81
81
81
81
81
81
82
82
82
83
83
83
83
83
84
84
84
84
85
85
85
85
85
86
86
86
86
86
86
86
86
87
87
87
87
87
88
88
88
88
88
88
88
88
89
89
89
89
89
89
90
90
90
90
90
91
91
91
91
91
91
91
92
92
92
93
93
94
94
94
95
95
95
96
96
96
96
97
98
98
98
98
98
99
99
100
100
100
100
100
100
100
101
101
102
102
102
103
103
103
103
103
103
104
104
104
104
105
105
105
105
106
106
107
107
108
108
109
110
110
111
111
111
112
112
112
113
113
113
113
113
113
113
114
114
114
115
115
115
117
117
119
119
119
119
119
120
120
120
121
121
121
122
122
122
122
123
123
124
124
125
125
126
126
127
127
128
128
128
129
129
129
130
130
130
130
130
131
131
131
132
133
134
134
134
134
135
135
135
135
136
136
136
138
138
139
139
140
140
141
142
143
143
143
143
143
143
144
144
144
144
144
144
144
145
145
145
146
146
146
147
147
147
147
147
147
148
148
149
149
149
150
151
151
151
151
152
153
154
154
154
154
155
155
155
157
157
157
158
158
159
159
159
159
159
160
160
160
161
161
162
162
162
162
162
162
162
163
163
163
163
163
164
164
164
164
164
164
165
165
165
166
166
167
168
168
168
168
169
169
169
169
169
171
171
171
171
171
171
172
172
172
172
172
172
172
172
172
173
173
173
173
173
173
173
173
174
174
174
174
174
174
174
175
175
175
175
175
175
175
175
175
175
176
176
176
176
176
176
176
176
176
176
176
176
177
177
177
177
177
177
177
177
177
177
177
177
177
178
178
179
179
180
181
181
181
181
181
181
181
182
182
182
182
182
182
182
182
183
183
183
183
183
183
183
183
184
184
186
186
186
186
186
186
187
187
187
187
187
188
188
188
188
189
189
190
190
190
190
191
191
191
191
191
192
192
192
193
193
193
193
194
194
194
195
196
197
197
198
198
198
199
202
203
203
203
204
204
204
204
204
204
204
204
204
204
205
205
206
206
206
207
208
209
209
209
210
210
210
210
210
210
210
210
211
211
211
211
211
211
211
211
211
211
211
212
212
212
212
212
212
213
213
213
213
213
213
214
214
214
214
214
214
214
215
215
215
216
216
216
216
217
217
217
217
217
217
217
218
218
218
219
219
219
220
220
220
221
221
221
221
222
222
223
223
223
224
224
224
225
225
226
226
226
226
226
227
227
227
227
227
227
227
227
227
228
228
228
228
228
228
228
229
229
229
229
230
231
231
231
231
231
231
231
232
233
234
234
234
235
235
235
235
236
237
238
238
238
238
238
238
239
239
240
240
240
240
241
241
241
241
242
242
243
243
243
243
243
244
244
244
245
245
246
247
247
249
249
249
249
249
249
250
250
250
250
251
251
251
251
251
251
252
252
252
253
253
253
253
254
254
254
254
255
256
256
258
258
259
259
259
259
259
259
259
260
260
260
260
260
261
262
262
262
262
262
262
262
262
263
263
263
263
263
263
263
264
264
264
265
265
265
266
266
266
266
266
266
267
267
267
267
268
268
268
268
269
269
270
270
271
271
271
271
272
272
272
273
273
273
274
274
274
275
275
275
275
277
277
278
281
281
281
281
281
281
282
282
282
285
287
288
291
292
292
294
294
294
295
296
297
298
298
298
298
299
299
299
300
300
300
301
301
302
304
304
305
305
305
307
307
307
308
308
309
309
310
310
311
311
312
313
313
313
313
314
314
316
316
316
316
316
317
317
317
317
318
318
319
319
319
319
319
319
320
321
322
324
324
325
325
326
329
331
331
332
334
336
337
337
337
337
337
337
338
338
338
338
339
339
340
340
341
342
342
343
345
346
348
349
353
353
354
355
356
361
361
362
362
362
363
363
363
363
363
363
363
364
364
364
364
365
366
370
372
373
374
375
375
376
376
379
380
381
382
382
383
384
385
386
386
386
387
387
388
389
390
391
392
393
393
393
394
397
399
400
400
400
400
401
401
402
402
402
403
403
403
403
404
404
404
404
404
405
405
406
406
406
406
407
408
408
409
411
411
412
413
413
413
415
415
415
416
418
418
418
419
419
419
420
420
420
420
420
420
421
421
422
422
422
422
423
423
423
423
424
424
425
425
426
427
427
428
429
431
431
432
432
432
432
432
433
433
433
435
435
435
435
435
436
436
436
436
436
437
437
438
439
441
442
442
443
446
447
448
448
448
448
448
448
448
448
448
448
449
449
450
451
452
458
461
462
464
465
466
468
470
471
472
472
473
474
474
474
476
482
486
487
487
488
488
490
491
493
494
494
494
496
497
497
498
501
502
502
502
502
502
503
504
506
508
508
508
509
509
509
509
509
510
510
512
513
515
515
515
515
520
521
521
521
527
527
527
529
529
530
531
531
531
531
531
531
531
531
532
532
532
532
532
533
534
534
534
535
536
537
537
537
539
540
541
542
542
542
542
543
545
545
545
546
548
549
550
550
550
555
555
557
559
559
559
560
561
562
563
563
563
563
563
563
564
564
564
564
565
566
568
570
570
571
572
572
572
572
572
572
572
573
574
575
575
575
575
576
577
577
577
578
579
579
579
579
579
580
581
581
582
582
582
582
584
584
584
584
585
585
585
585
586
586
586
586
587
587
589
589
589
590
590
590
591
592
594
594
594
595
595
595
596
596
597
597
598
598
598
600
600
601
602
602
602
602
604
604
604
605
605
606
607
607
607
608
608
608
610
610
611
612
612
613
613
613
614
614
614
615
615
616
617
618
619
620
620
621
622
623
623
624
624
625
627
627
628
629
630
630
631
631
631
631
631
632
632
633
633
633
634
634
634
634
635
635
635
635
636
636
639
640
640
640
640
641
642
642
643
644
646
647
647
648
648
650
650
652
655
655
655
656
657
657
657
657
659
659
659
659
659
659
661
662
662
664
664
665
666
667
668
668
669
669
670
670
670
671
671
671
672
672
673
673
673
673
675
676
676
677
677
678
678
678
678
678
679
679
679
679
679
680
680
680
680
680
680
681
681
681
682
682
684
684
686
686
687
687
688
688
688
690
690
691
691
692
693
693
693
693
694
694
694
695
696
697
698
698
698
698
698
699
699
699
700
700
700
701
701
702
702
702
702
704
704
704
704
704
704
704
704
705
705
705
705
705
705
705
705
706
706
707
709
711
712
712
712
713
713
714
715
715
715
716
716
716
717
717
717
718
718
718
718
719
719
720
720
723
723
724
726
727
727
728
728
728
730
730
733
734
734
735
735
735
735
735
735
736
736
736
736
737
737
737
737
737
737
737
738
739
740
743
743
743
744
749
750
750
751
752
755
756
758
759
759
762
762
763
763
763
763
764
766
766
767
769
770
771
771
773
774
777
778
780
780
782
783
783
785
786
788
788
789
790
790
791
792
792
794
794
794
795
796
800
800
800
801
802
802
802
802
803
804
808
808
809
810
810
810
811
813
814
814
815
816
817
817
818
818
818
820
821
823
825
827
827
828
829
829
829
832
832
832
836
836
836
836
837
837
837
838
838
842
845
846
847
850
851
851
852
855
858
864
865
870
870
870
871
871
872
873
876
877
877
881
882
884
884
884
884
884
885
888
888
889
891
891
892
892
892
893
894
894
895
895
895
895
895
895
896
896
896
897
897
902
905
905
911
912
913
917
918
919
921
922
926
926
931
935
935
939
946
950
952
953
955
955
959
963
963
963
963
963
963
963
965
967
968
974
975
976
976
977
978
979
980
982
982
982
983
984
984
985
985
985
985
986
986
986
986
987
987
987
987
987
987
987
990
992
993
993
994
994
994
995
995
1005
1008
1009
1009
1009
1010
1012
1013
1013
1015
1015
1017
1018
1019
1020
1022
1027
1031
1033
1035
1036
1036
1036
1037
1037
1037
1038
1039
1039
1041
1045
1048
1049
1050
1050
1051
1053
1074
1074
1075
1076
1076
1076
1077
1077
1077
1078
1078
1078
1078
1078
1078
1078
1079
1079
1079
1079
1079
1079
1079
1079
1079
1079
1079
1079
1080
1080
1080
1080
1081
1081
1081
1081
1081
1081
1088
1089
1090
1091
1091
1092
1095
1096
1096
1096
1098
1099
1104
1105
1108
1109
1111
1120
1121
1123
1123
1123
1123
1123
1125
1127
1130
1131
1133
1134
1136
1137
1139
1141
1142
1145
1148
1149
1149
1154
1154
1154
1156
1157
1158
1158
1160
1161
1161
1165
1167
1167
1168
1172
1186
1189
1189
1190
1191
1191
1192
1193
1194
1195
1196
1196
1198
1206
1207
1207
1214
1215
1216
1218
1223
1223
1224
1225
1225
1238
1239
1245
1252
1254
1256
1262
1264
1265
1267
1268
1268
1268
1280
1290
1300
