0
0
2
2
3
3
3
4
5
5
5
5
6
6
6
6
6
7
7
8
8
9
9
10
10
10
10
11
11
11
11
11
11
12
12
12
12
13
13
13
13
13
13
14
14
14
14
15
15
16
16
16
16
17
17
18
18
18
18
18
18
19
19
19
19
19
19
19
19
19
20
20
20
20
20
20
20
20
20
20
20
20
20
20
20
20
20
20
21
21
21
21
21
21
21
21
21
21
21
21
21
21
21
21
21
21
21
21
21
21
22
22
22
22
22
22
22
22
22
22
22
22
22
22
22
22
22
22
22
22
22
22
22
23
23
23
23
23
23
23
23
23
23
23
23
23
23
23
24
24
24
24
24
24
24
24
24
24
24
24
25
25
25
25
25
25
25
25
25
25
25
25
25
25
25
25
26
26
27
28
28
28
28
28
28
28
28
28
28
29
29
29
29
29
29
29
29
30
30
30
30
30
30
30
30
30
30
30
30
30
30
30
31
31
31
31
31
31
31
31
32
32
33
33
33
34
34
34
34
34
34
35
35
35
35
35
35
35
36
36
36
37
37
37
37
37
38
38
38
38
38
39
39
39
39
39
40
40
40
41
41
41
42
42
42
42
42
43
43
44
45
45
45
45
45
46
46
46
47
47
47
47
47
48
48
48
48
48
49
49
49
50
50
50
51
51
51
52
52
52
53
53
53
54
54
54
54
55
55
55
56
56
56
56
56
56
57
57
57
57
57
57
57
57
57
57
57
57
58
58
58
58
58
58
58
59
59
59
59
59
59
60
60
60
60
61
61
62
62
62
62
63
63
63
63
63
63
63
64
64
64
64
64
64
65
65
65
65
66
66
67
68
69
69
69
70
71
71
72
72
73
74
74
74
74
74
75
75
75
75
75
75
76
76
76
76
76
77
77
77
78
78
78
78
78
79
80
80
80
80
80
81
81
81
81
81
81
81
81
82
83
83
83
83
84
84
84
84
85
86
86
87
88
88
89
89
89
89
90
90
90
90
90
90
90
90
90
91
91
91
91
91
91
91
91
91
91
91
91
91
91
91
91
91
91
92
92
92
92
92
92
92
92
92
92
92
92
93
93
93
93
93
93
94
94
94
95
95
96
96
97
97
97
97
97
98
98
98
98
99
99
100
100
100
100
100
100
100
100
101
101
101
101
101
101
101
101
101
101
101
101
101
102
102
102
102
103
103
104
104
104
104
104
104
104
105
105
105
105
105
105
106
106
106
106
106
106
106
106
106
107
107
107
107
107
107
108
109
109
110
112
112
112
112
113
113
113
114
114
114
114
115
115
115
115
115
116
116
116
116
116
116
116
116
116
116
117
117
117
117
117
117
117
117
117
118
118
118
118
119
119
120
121
121
121
121
122
122
122
122
122
122
122
122
123
123
123
124
124
124
124
124
124
124
124
124
125
125
125
125
125
125
125
125
125
125
125
125
125
125
126
126
126
126
126
126
126
126
126
126
126
126
126
126
126
127
127
127
127
127
127
127
128
128
128
129
129
129
130
130
131
131
131
131
132
132
133
133
133
134
134
134
135
135
135
135
135
136
136
136
137
137
138
138
139
139
139
139
139
139
139
139
139
139
139
140
140
140
140
140
140
140
141
141
142
142
143
143
143
143
144
144
144
144
144
145
145
145
145
145
145
145
145
145
145
145
145
145
146
146
146
146
146
146
146
146
146
146
146
147
147
147
147
147
147
147
147
148
148
148
148
148
149
149
149
149
149
149
149
150
150
151
151
151
151
152
152
152
152
152
152
152
153
153
153
153
153
153
153
153
154
154
154
154
154
154
154
155
155
155
155
155
155
155
156
156
156
156
157
157
157
157
158
158
158
158
159
159
159
159
159
159
159
160
160
160
160
160
160
160
160
161
162
162
163
163
163
163
163
163
163
163
163
163
164
164
164
164
164
164
164
165
165
165
165
165
165
165
165
166
166
166
167
167
167
167
167
167
167
167
167
167
168
168
169
169
169
170
170
170
170
170
171
171
172
172
172
172
172
172
172
172
172
173
174
175
176
176
177
177
177
178
179
179
179
179
180
180
181
182
183
183
183
183
184
184
184
184
184
185
185
185
185
185
185
186
186
186
187
187
187
187
187
188
188
189
189
190
191
191
191
192
192
193
194
194
195
195
195
195
196
196
196
196
196
196
197
198
198
199
200
200
201
203
203
203
204
204
204
205
206
207
210
211
213
214
215
215
215
215
216
216
216
218
218
219
220
220
221
221
221
225
227
228
229
229
229
230
231
231
232
232
233
233
233
235
235
235
236
237
238
238
238
240
240
242
242
244
245
245
245
245
246
246
246
247
247
247
248
249
249
249
250
250
250
250
250
250
252
252
254
254
255
255
255
257
257
257
257
257
257
258
258
258
258
258
258
258
258
259
259
259
259
259
259
259
260
260
261
261
261
261
262
262
262
263
264
265
266
266
266
266
266
266
266
267
267
267
267
267
268
268
268
269
271
271
272
273
273
274
274
274
274
274
275
275
276
277
277
278
278
279
280
280
281
281
281
281
282
283
283
283
283
284
284
285
285
285
285
285
286
286
286
286
287
287
287
288
289
289
289
289
290
290
294
294
294
294
295
296
297
299
299
299
301
301
301
302
303
303
303
303
303
303
304
304
305
305
306
306
307
307
308
308
308
308
309
309
309
309
310
310
311
311
312
312
313
313
313
313
314
314
314
314
314
314
315
315
315
315
316
316
317
317
317
317
318
318
318
318
318
318
318
318
319
319
319
319
320
321
321
322
323
324
324
324
325
325
326
327
327
327
327
328
328
328
328
328
329
329
331
331
331
331
332
332
332
332
333
333
333
333
333
334
334
334
334
336
336
336
336
337
337
337
337
337
337
338
339
339
340
340
340
340
340
341
344
344
344
345
345
347
348
348
348
350
350
351
352
354
355
355
356
356
357
358
359
360
360
361
363
363
363
363
364
364
366
366
366
367
369
369
369
370
370
370
370
372
372
372
372
373
373
373
374
374
375
375
375
375
375
375
375
376
376
381
381
381
382
382
383
384
384
384
385
385
385
385
387
387
387
387
387
388
388
388
388
388
388
388
388
388
388
388
389
389
389
389
389
389
390
390
390
391
391
392
392
395
395
398
398
399
399
400
400
401
401
401
401
401
402
402
403
403
403
403
404
404
404
404
405
406
406
406
406
407
407
408
408
408
408
408
408
408
408
408
411
411
411
411
411
412
412
412
412
413
413
413
413
414
414
414
414
414
415
415
415
416
416
417
417
417
418
418
418
420
420
420
420
421
421
423
423
423
424
424
424
424
424
425
425
425
425
425
425
425
426
426
427
427
427
428
429
429
429
429
430
431
432
433
434
435
435
437
438
438
439
440
440
440
440
441
441
442
442
442
443
443
445
445
445
445
449
450
451
451
451
451
451
452
453
454
455
455
455
455
456
456
457
458
458
459
460
461
461
461
461
461
461
461
461
461
461
462
462
463
463
463
463
464
464
464
465
466
467
468
468
468
468
470
471
471
471
471
471
471
471
472
472
472
472
473
474
474
474
475
475
475
475
476
476
476
476
476
477
477
477
477
477
477
478
478
478
478
478
480
480
480
481
481
481
482
482
483
484
484
484
485
485
485
485
485
486
486
488
488
488
489
489
490
490
490
490
490
490
491
491
491
491
491
491
491
491
491
492
492
492
492
492
492
492
492
492
493
493
494
494
494
495
495
495
497
497
497
497
497
499
500
500
501
502
502
503
504
504
505
506
506
506
506
507
509
509
509
510
510
510
511
513
514
515
515
515
517
518
519
519
519
519
519
521
522
522
523
523
524
524
525
525
525
525
526
529
529
529
530
530
530
530
530
531
531
531
531
531
532
532
532
532
533
535
535
536
537
539
539
541
542
542
543
543
544
544
545
545
546
546
546
546
546
546
547
548
548
549
549
549
550
550
550
551
552
552
552
554
554
555
555
557
557
557
557
557
557
557
557
558
558
558
558
559
559
561
562
564
564
566
566
568
568
569
569
569
571
571
572
572
573
573
574
574
574
575
575
575
576
577
577
578
578
579
581
582
582
582
583
583
583
583
583
584
587
588
588
589
590
590
591
591
591
592
592
593
594
595
597
597
604
604
604
604
604
605
605
605
605
606
606
607
607
608
609
610
611
612
613
613
613
613
614
614
617
618
618
619
619
619
619
619
620
621
623
623
627
627
627
630
630
632
632
632
636
637
638
639
641
642
643
643
644
644
644
644
644
645
645
646
650
652
653
653
654
654
655
655
655
656
658
661
662
662
663
663
665
665
666
669
669
670
672
675
676
676
678
678
681
684
685
686
686
688
692
692
694
695
700
702
702
702
703
704
705
708
708
709
716
716
717
719
721
721
721
726
727
727
727
727
727
727
729
729
733
735
736
737
739
739
739
742
745
747
748
749
753
753
756
756
756
763
766
768
769
769
769
770
772
774
778
780
782
783
784
785
785
786
786
788
789
790
790
791
792
795
796
797
797
800
801
801
801
802
803
804
804
804
811
822
825
826
827
828
828
831
835
835
837
838
838
840
843
844
844
848
850
850
851
851
851
852
852
852
852
852
852
856
857
861
861
865
866
866
867
870
872
875
883
894
894
896
899
899
904
904
906
909
915
915
917
918
918
920
924
924
924
924
924
924
924
924
925
925
925
925
925
925
926
926
926
926
927
927
927
928
928
928
929
930
930
931
931
931
931
932
932
932
932
936
940
941
942
942
943
943
943
946
946
946
946
946
947
948
951
954
954
958
959
959
960
960
961
963
963
964
965
967
968
968
968
971
974
975
975
976
976
977
978
980
981
989
991
992
992
992
993
994
994
996
998
998
1006
1010
1012
1014
1014
1014
1016
1016
1019
1021
1022
1027
1027
1028
1028
1028
1030
1031
1031
1032
1032
1032
1034
1034
1036
1036
1038
1039
1039
1040
1042
1042
1043
1043
1043
1044
1045
1047
1049
1050
1051
1051
1051
1059
1059
1062
1062
1063
1064
1064
1064
1064
1066
1066
1068
1069
1070
1070
1070
1071
1075
1075
1077
1081
1082
1084
1087
1091
1092
1094
1096
1096
1097
1097
1098
1098
1098
1098
1100
1103
1104
1108
1116
1117
1118
1121
1122
1128
1129
1130
1132
1135
1143
1147
1149
1152
1166
1166
1174
1176
1178
1178
1184
1189
1189
1191
1197
1203
1203
1212
1216
1216
1217
1222
1225
1227
1229
1229
1236
1247
1267
1269
1269
1271
1276
1277
1279
1280
1281
1282
1283
1285
1293
1294
1299
1299
1299
1300
1301
1302
1303
1303
1308
1313
1318
1321
1326
1326
1327
1327
1328
1328
1329
1329
1329
1332
1332
1333
1336
1337
1337
1337
1338
1339
1343
1346
1346
1346
1347
1347
1347
1349
1352
1352
1353
1355
1355
1357
1357
1357
1358
1358
1359
1360
1360
1361
1361
1364
1364
1365
1366
1371
1371
1374
1374
1375
1379
1379
1379
1379
1379
1380
1381
1383
1384
1385
1386
1386
1387
1388
1390
1396
1402
1405
1407
1408
1409
1412
1415
1415
1415
1416
