0
0
2
2
2
3
4
4
5
6
7
7
8
8
9
9
9
9
9
9
10
10
10
10
10
11
11
11
11
12
12
12
12
12
12
12
13
14
14
14
14
14
14
14
15
15
15
15
16
16
16
17
17
17
17
17
18
18
18
18
18
19
19
19
19
20
20
20
20
21
21
21
21
21
21
21
21
21
21
21
21
21
21
21
21
21
22
22
22
22
22
22
22
23
23
23
23
23
23
23
24
24
24
24
24
24
24
24
24
24
24
24
24
24
24
25
25
25
25
25
25
25
25
25
25
25
25
25
25
25
25
25
25
25
25
26
26
26
26
26
26
26
26
26
26
26
26
26
27
27
27
27
27
27
27
28
28
28
28
28
28
29
29
29
29
29
29
29
29
30
30
30
30
30
31
31
31
32
32
32
33
33
34
34
35
35
35
35
36
36
36
36
36
36
36
36
37
38
38
38
38
38
38
38
38
39
39
39
39
39
39
39
39
39
39
39
39
39
39
39
40
40
40
40
40
40
40
40
40
40
40
40
40
40
41
41
41
41
41
41
42
42
42
42
42
43
43
43
43
44
44
44
45
45
45
45
45
45
45
46
46
46
46
46
47
47
47
47
47
48
48
48
48
49
49
49
49
49
49
49
49
49
49
50
50
50
50
50
51
51
51
51
51
51
51
52
52
52
53
53
53
53
53
53
53
53
54
54
54
54
54
54
55
55
55
55
55
55
55
56
56
56
56
56
56
56
57
57
57
57
57
57
57
58
58
58
58
58
59
60
60
60
60
61
61
61
61
61
61
61
62
63
63
63
64
64
65
65
65
65
66
66
66
66
66
67
67
67
68
69
69
69
70
70
71
71
72
72
72
72
72
73
74
74
74
74
75
75
75
75
75
76
76
76
76
77
77
77
77
77
77
77
78
78
78
79
79
79
80
80
81
81
81
81
82
82
82
82
83
83
83
83
83
83
83
84
84
85
85
85
86
86
86
87
87
87
87
87
87
88
88
88
89
89
89
89
90
90
90
90
90
91
91
92
92
94
94
94
95
95
95
95
95
96
96
96
96
96
97
97
97
97
97
97
98
99
99
100
101
101
101
102
102
102
102
104
104
105
105
105
105
105
105
105
106
106
106
106
106
107
107
107
107
108
108
108
108
109
110
111
111
112
112
112
112
112
112
113
113
113
113
113
113
113
113
114
114
115
116
116
116
116
117
117
117
117
119
119
120
121
122
122
122
123
123
123
124
124
124
124
124
125
125
125
125
125
125
126
126
126
126
127
127
128
128
128
128
128
129
129
130
130
130
131
131
131
131
132
133
133
134
134
134
134
135
135
136
136
136
136
137
138
138
138
138
139
139
141
141
142
143
144
145
145
145
145
145
145
146
146
146
146
146
146
146
147
147
147
147
147
147
148
148
148
148
148
148
148
149
149
149
150
150
151
152
153
153
153
154
154
154
155
155
156
156
156
157
158
158
159
160
160
161
161
161
161
161
161
161
162
162
162
162
162
162
162
163
164
165
165
166
166
166
166
166
166
167
167
167
167
167
167
168
168
168
168
168
168
168
168
168
168
169
169
169
170
170
170
170
171
171
171
171
171
172
172
172
172
172
172
173
173
173
174
174
175
176
176
176
176
176
176
176
177
178
178
178
178
178
179
179
180
180
180
180
181
181
181
182
182
182
183
184
185
188
188
189
189
190
190
190
191
192
193
193
193
193
193
193
194
194
194
195
195
195
195
196
196
196
197
198
198
199
200
200
200
201
201
202
203
203
204
204
204
204
205
207
207
207
208
209
210
210
211
211
213
214
215
215
215
216
216
216
217
217
218
218
218
219
219
219
219
220
220
220
221
221
222
223
224
225
226
226
228
229
229
229
230
230
230
230
230
231
231
231
231
232
232
232
232
232
233
234
234
235
235
235
236
236
237
237
238
238
238
239
240
240
240
241
241
242
242
242
243
243
243
244
244
244
244
244
244
245
245
246
247
248
249
250
252
252
253
253
254
254
254
254
254
254
255
255
255
255
255
255
255
255
255
255
255
256
256
256
257
257
257
257
258
258
259
259
259
259
260
260
261
261
261
261
261
261
261
261
262
262
262
262
262
262
263
264
264
264
265
266
267
267
267
267
267
267
268
268
268
268
268
268
268
268
269
269
269
269
269
269
269
269
270
270
270
270
270
270
270
270
270
270
271
271
271
271
271
271
272
272
274
276
276
277
277
277
278
278
278
278
278
278
278
279
279
280
280
281
283
283
285
286
286
287
288
289
289
289
290
291
293
293
294
295
295
297
298
298
299
299
300
301
301
301
302
302
302
302
303
303
303
304
304
304
304
306
306
307
308
309
310
310
310
311
312
312
313
313
313
313
314
315
315
315
316
316
316
316
316
317
317
317
317
318
318
319
319
321
321
321
322
322
322
322
322
322
325
325
326
326
326
326
326
327
327
327
327
327
327
327
327
328
328
328
328
328
328
328
328
328
328
328
329
329
329
329
330
330
330
331
331
331
331
331
332
332
333
333
333
333
333
333
333
333
333
333
333
333
333
333
334
334
334
334
334
334
334
334
334
334
334
334
334
335
335
335
335
335
335
336
337
337
338
338
338
339
339
339
339
339
339
339
339
339
340
340
340
341
341
341
341
341
341
341
341
342
342
342
343
344
344
345
346
346
348
348
348
350
350
351
351
351
351
352
352
352
352
352
352
353
353
353
353
353
353
354
354
354
354
354
354
354
354
355
355
355
355
355
355
356
356
356
356
357
359
359
359
359
360
360
362
362
362
362
362
363
363
363
364
364
364
364
365
365
365
366
366
366
367
368
368
368
368
370
371
371
371
372
373
376
376
376
376
376
376
377
377
379
379
380
382
382
382
382
383
383
386
387
387
387
388
388
393
393
393
394
395
399
399
401
401
401
401
402
402
402
402
403
403
403
403
404
404
404
404
404
406
406
406
406
407
408
409
410
410
410
411
415
416
417
419
419
419
419
420
420
420
420
420
420
421
421
421
422
422
422
422
423
423
423
423
423
423
423
424
424
424
425
425
426
427
427
427
427
427
428
429
429
431
431
431
432
433
434
435
435
435
435
435
436
436
436
437
438
439
439
439
441
441
442
443
443
446
447
448
449
450
450
450
450
451
451
452
452
453
453
455
455
457
457
457
458
462
462
463
464
466
468
468
468
469
469
469
469
469
469
469
470
470
471
472
473
473
474
475
475
475
476
477
478
478
479
479
479
480
480
482
482
482
482
483
483
483
484
484
485
485
486
486
487
488
489
490
490
490
490
490
490
490
490
490
490
491
491
491
491
491
491
491
491
491
491
491
492
492
492
492
492
492
492
493
493
494
496
509
509
510
511
511
511
511
512
513
514
514
514
514
514
514
514
515
515
516
517
519
519
521
522
522
522
523
523
524
525
525
526
527
527
528
528
531
531
533
533
533
533
533
534
535
538
538
538
538
539
539
540
547
547
548
549
550
550
550
550
551
551
551
556
556
560
560
561
561
562
562
563
566
566
566
566
567
568
569
569
569
569
569
570
571
572
574
575
575
576
576
577
577
578
578
578
579
579
579
579
580
580
580
582
584
585
585
586
586
586
589
589
589
589
591
593
596
596
597
598
599
599
599
601
601
602
603
603
603
603
603
607
610
610
610
611
612
614
616
616
616
618
620
622
623
623
623
626
627
628
629
631
631
633
634
635
636
639
641
642
643
644
647
648
651
654
656
656
656
657
661
661
661
661
661
661
661
662
662
666
667
670
670
674
674
675
676
676
677
678
679
679
680
681
682
682
683
683
686
687
688
689
689
690
692
692
692
692
692
695
696
698
698
698
698
698
698
700
700
702
703
704
704
705
707
709
709
710
713
715
716
716
716
717
718
720
721
724
724
725
725
726
728
728
729
730
731
731
732
735
735
736
738
738
739
740
742
744
744
745
746
746
747
748
748
753
757
758
758
759
759
760
762
763
763
764
767
768
768
768
772
776
777
777
779
781
788
791
798
798
800
803
805
805
809
814
814
816
817
817
817
818
818
818
819
824
825
825
831
838
843
853
860
860
868
868
870
871
873
873
873
874
874
876
879
879
881
882
884
886
888
890
890
893
894
896
896
899
899
904
904
907
907
908
911
912
912
913
914
915
915
917
918
918
919
919
920
921
921
921
922
923
923
924
925
926
928
930
930
936
936
940
940
942
942
944
944
944
945
945
946
947
954
954
956
957
958
958
959
960
962
964
964
964
965
966
966
968
971
972
973
976
977
979
980
980
982
986
986
987
988
988
989
989
989
989
989
989
989
990
990
990
990
991
992
997
998
1000
1000
1001
1002
1002
1004
1005
1007
1007
1007
1007
1008
1008
1008
1008
1008
1008
1008
1009
1009
1010
1010
1011
1011
1011
1011
1012
1012
1013
1013
1013
1013
1013
1013
1015
1016
1017
1017
1017
1018
1020
1022
1023
1024
1024
1025
1025
1025
1026
1026
1027
1027
1033
1036
1037
1037
1039
1041
1041
1041
1042
1042
1043
1043
1043
1044
1044
1044
1044
1044
1044
1045
1045
1045
1045
1045
1045
1046
1046
1048
1049
1050
1053
1055
1056
1060
1062
1063
1063
1064
1069
1070
1070
1071
1071
1072
1076
1076
1076
1076
1077
1078
1078
1078
1079
1079
1079
1080
1080
1080
1083
1083
1085
1085
1086
1087
1087
1087
1088
1088
1088
1089
1089
1092
1092
1092
1094
1096
1097
1098
1099
1101
1102
1102
1103
1103
1104
1111
1113
1113
1114
1114
1115
1119
1119
1121
1123
1124
1125
1127
1127
1130
1133
1133
1134
1136
1136
1137
1137
1138
1138
1140
1141
1142
1143
1143
1143
1149
1149
1150
1150
1151
1151
1156
1157
1161
1161
1163
1165
1165
1166
1168
1168
1170
1172
1173
1174
1174
1176
1177
1179
1180
1180
1181
1181
1182
1182
1182
1182
1183
1183
1183
1185
1186
1188
1191
1192
1196
1196
1197
1197
1197
1198
1198
1198
1198
1199
1200
1203
1209
1209
1209
1210
1211
1211
1214
1224
1225
1226
1226
1227
1228
1230
1230
1231
1232
1232
1239
1239
1242
1243
1245
1253
1255
1259
1259
1264
1265
1268
1269
1270
1271
1276
1276
1283
1284
1288
1300
1308
1311
1313
1313
1313
1313
1315
1320
1320
1321
1321
1326
1341
1342
1343
1343
1356
1357
1359
1373
1374
1383
1386
1386
1388
1389
1391
1391
1393
1393
1413
1419
1419
1420
1421
1423
1425
1426
1427
1427
1428
1432
1434
1435
1435
1436
1438
1441
1445
1449
1449
1450
1450
1454
1462
1471
1472
1474
1486
1486
1486
1493
1506
1509
1521
1521
1523
1524
1528
1530
1531
1537
1539
1540
1545
1550
1550
1550
1550
1550
1550
1551
1551
1551
1552
1553
1553
1564
1569
1583
1585
1586
1590
1591
1593
1596
1599
1604
1604
1620
1620
1620
1628
1629
1631
1631
1631
1639
1639
1639
1646
1655
1656
1664
1672
1672
1681
1690
1698
1700
1709
1711
1715
1718
1721
1723
1723
1724
1726
1731
1736
1738
1741
1742
1743
1743
1744
1745
1746
1746
1748
1749
1751
1751
1751
1754
1758
1763
1763
1774
1775
1778
1778
1782
1782
1784
1796
1796
1801
1807
1810
1815
1818
1818
1820
1823
1829
1829
1830
1830
1832
1834
1835
1859
1862
1863
1865
1867
1872
1877
1878
1880
1882
1882
1887
1887
1900
1907
1917
1917
1924
1924
1926
1938
