0
0
2
2
2
3
3
4
5
5
5
6
6
6
6
7
7
8
8
8
9
9
9
11
11
12
12
12
12
12
14
14
15
15
15
15
16
16
16
16
16
17
18
18
18
19
19
19
19
20
20
20
21
21
21
21
21
21
21
22
22
22
22
22
22
22
22
22
22
22
23
23
23
23
23
23
23
23
23
23
23
23
23
23
24
24
24
24
24
25
25
25
25
25
26
26
26
26
27
27
27
27
28
28
28
28
28
28
29
29
30
30
30
31
31
32
32
32
32
32
33
34
34
34
35
35
35
36
37
38
38
38
38
38
38
39
39
39
39
39
39
39
40
40
40
40
40
40
41
41
42
42
42
42
43
43
43
43
43
43
43
43
43
43
43
43
43
43
43
43
44
44
44
44
44
44
44
44
44
44
44
45
45
45
45
45
46
46
46
46
46
46
46
47
47
47
47
48
48
48
49
49
49
49
50
50
50
52
52
52
53
53
53
53
53
54
54
54
54
55
55
55
55
57
58
58
60
60
60
60
60
61
62
63
63
63
63
64
64
64
64
64
65
65
65
65
66
66
66
66
66
67
68
68
68
69
69
69
70
70
70
71
71
71
72
72
72
72
72
73
74
74
76
76
76
78
78
78
78
78
78
79
79
79
80
80
80
80
81
81
81
81
82
82
82
84
85
85
86
86
86
86
86
87
87
88
88
88
88
89
89
89
89
89
89
90
90
90
90
90
90
90
90
90
90
91
91
92
92
93
93
95
96
97
97
98
98
99
100
100
100
101
102
102
105
105
106
107
107
107
108
108
108
108
108
108
108
108
108
108
108
109
109
109
109
109
109
110
110
111
111
113
114
114
114
115
115
116
117
117
117
117
118
118
120
121
121
121
121
122
122
123
123
125
126
126
126
129
133
134
134
139
142
143
143
144
146
147
148
155
155
155
155
155
156
156
156
156
156
156
157
157
157
157
158
158
160
160
161
161
162
162
162
163
163
164
164
164
165
165
165
165
165
165
165
165
165
165
166
166
166
166
166
166
166
166
166
166
166
166
166
167
167
167
168
168
169
169
169
169
169
169
170
170
171
172
173
174
175
175
175
175
175
175
175
175
176
176
178
179
179
179
179
182
182
182
182
183
184
184
185
185
185
185
185
185
186
186
186
187
187
191
191
191
192
193
193
193
193
194
194
194
195
196
196
199
200
202
203
204
204
204
205
205
205
205
206
206
206
206
207
207
207
208
208
210
211
213
216
216
216
218
218
219
220
224
224
224
225
226
226
226
226
227
229
229
230
230
230
230
230
230
231
231
232
233
234
235
235
236
236
236
237
237
238
238
238
239
239
239
239
239
240
240
241
242
242
242
242
242
243
246
246
247
247
247
247
248
248
248
249
249
249
250
250
250
251
252
252
253
253
253
253
253
254
254
254
254
255
255
256
256
256
257
258
258
259
260
260
261
261
261
262
262
262
262
262
263
265
265
265
266
266
267
267
267
269
269
270
271
273
275
277
278
278
279
279
279
280
280
280
280
282
283
285
287
288
291
291
294
294
295
296
297
299
305
305
305
305
307
309
311
312
314
315
319
324
326
326
327
331
332
334
335
336
336
337
338
339
341
341
341
341
342
342
344
345
345
346
346
346
346
346
347
348
348
349
349
349
349
350
350
350
350
351
351
352
352
352
353
353
353
354
355
357
358
358
358
360
360
361
361
361
362
362
362
362
363
365
365
365
365
366
366
366
368
368
369
369
370
370
370
370
371
371
371
371
372
372
372
373
373
373
374
374
374
375
375
375
375
375
377
377
378
379
379
379
380
381
382
382
382
383
383
384
384
384
384
385
385
385
386
386
387
387
387
388
388
388
389
389
390
390
390
391
391
393
393
393
394
394
395
395
396
397
397
397
399
399
399
399
399
399
399
400
400
400
400
401
401
401
401
402
404
405
406
407
407
407
407
407
409
409
409
410
410
410
410
411
413
414
414
414
414
415
416
416
417
417
418
418
418
418
418
418
419
419
419
419
419
420
420
421
421
423
423
425
426
426
427
427
428
428
428
428
428
429
429
430
430
430
431
431
431
431
432
432
434
434
434
434
434
435
435
436
436
436
436
437
437
438
438
438
439
439
440
440
440
442
443
443
443
444
444
445
445
446
446
446
447
447
447
447
447
447
447
447
447
448
448
448
448
448
448
448
448
449
449
449
449
451
451
451
452
453
453
453
453
454
454
454
454
454
454
455
455
455
456
456
456
456
456
457
457
457
457
457
457
458
458
459
459
459
459
460
460
460
461
461
462
462
462
462
462
463
463
463
463
463
463
463
464
464
464
464
464
464
464
464
464
465
465
466
466
466
466
466
466
466
467
467
467
468
468
468
469
469
469
469
470
471
471
471
471
471
471
471
471
471
472
472
472
472
472
473
473
474
474
475
475
475
475
476
477
478
478
479
480
481
481
481
481
481
482
482
482
483
483
483
483
484
484
484
485
486
486
486
487
487
487
488
488
488
488
489
489
489
490
490
490
490
490
490
490
490
491
491
491
491
491
491
491
491
491
492
492
492
492
492
492
493
493
493
494
494
494
494
495
495
495
495
495
495
496
496
496
497
497
497
497
497
497
498
498
498
499
499
499
499
500
500
501
502
503
503
503
504
504
504
504
504
504
504
504
505
505
505
505
505
505
506
506
506
506
506
506
507
507
507
507
507
507
507
508
508
508
508
508
509
509
509
509
509
512
513
514
514
514
515
515
515
515
516
517
517
517
517
517
517
517
518
518
518
518
518
518
518
518
518
518
518
518
519
519
519
519
520
520
521
521
521
524
524
526
526
526
526
527
527
528
528
528
529
530
530
530
530
530
530
530
530
531
531
532
532
533
534
535
537
538
538
539
540
540
540
541
541
541
542
542
543
543
544
544
545
545
546
546
546
546
546
547
547
547
547
548
548
549
550
550
550
551
551
552
552
552
553
553
553
553
554
554
554
554
556
556
557
558
559
565
566
567
569
570
570
570
570
571
571
572
572
573
573
574
576
577
578
579
579
580
580
581
582
582
583
584
584
585
585
587
588
588
590
590
591
591
591
592
592
595
595
595
595
596
596
598
600
604
604
604
605
607
611
611
613
613
614
614
614
614
615
615
616
616
620
624
626
632
634
634
644
645
646
648
650
650
651
651
652
653
653
654
654
655
656
656
656
656
657
657
657
657
659
659
661
662
662
662
662
662
662
663
663
663
664
666
666
666
666
666
666
666
667
667
667
669
669
670
670
672
672
672
673
673
673
673
673
674
674
674
674
674
674
675
675
675
676
677
677
677
677
678
679
679
679
679
680
680
680
680
681
681
681
681
682
683
683
683
683
683
684
684
684
684
684
684
684
684
685
685
685
686
686
687
687
688
688
688
689
689
689
689
689
689
689
690
690
690
690
691
691
691
691
692
692
692
692
692
692
693
693
693
694
694
694
694
694
696
697
697
698
698
698
698
698
699
700
700
701
702
703
703
705
705
706
706
707
707
708
709
710
711
711
711
712
712
713
713
714
714
714
714
714
715
715
715
715
716
716
716
716
717
718
718
719
719
720
721
721
722
722
722
723
723
723
723
724
724
724
725
725
726
728
728
729
729
729
729
729
731
732
733
734
734
735
736
739
740
740
743
743
744
745
745
746
746
747
748
749
749
751
752
753
755
756
757
758
759
759
761
762
762
763
763
763
763
763
763
764
764
764
764
765
766
767
768
770
770
770
771
772
773
773
778
782
783
783
784
784
787
789
789
790
791
791
791
792
792
793
794
794
794
795
795
795
796
796
796
796
797
797
798
798
799
800
802
803
803
803
804
804
804
805
805
805
806
806
806
806
807
807
807
808
808
808
810
812
812
812
812
813
813
813
813
813
814
816
816
816
817
817
818
818
821
824
824
825
827
828
828
829
830
831
839
842
843
844
846
847
848
848
851
855
857
860
871
871
874
875
875
875
875
875
875
876
876
876
876
877
877
877
877
878
878
878
879
880
885
887
888
889
890
890
891
905
921
921
923
930
931
942
946
948
950
951
957
961
963
978
979
980
980
980
980
980
980
980
981
981
982
982
982
983
983
984
986
987
987
987
988
989
990
990
991
991
991
992
992
992
992
992
992
992
992
993
993
993
993
993
993
993
993
993
993
994
994
994
994
994
994
994
994
994
994
994
994
994
995
995
995
995
996
997
997
997
998
998
999
999
1000
1000
1000
1002
1003
1003
1003
1003
1003
1004
1004
1005
1005
1006
1006
1006
1008
1009
1009
1009
1011
1012
1012
1013
1013
1013
1014
1014
1014
1015
1015
1016
1016
1016
1017
1017
1018
1018
1019
1019
1019
1023
1023
1028
1028
1029
1030
1031
1034
1035
1036
1041
1042
1042
1042
1043
1044
1046
1046
1048
1051
1051
1052
1053
1053
1056
1056
1057
1058
1061
1061
1062
1063
1064
1068
1068
1068
1069
1069
1069
1069
1069
1069
1069
1070
1071
1088
1091
1092
1099
1136
1142
1151
1157
1157
1158
1158
1159
1159
1160
1161
1161
1163
1166
1170
1171
1173
1202
1208
1228
1232
1232
1233
1235
1235
1252
1252
1252
1258
1266
1270
1288
1294
1310
1313
1313
1320
1328
1341
1341
1344
1361
1403
1473
1479
1479
1482
1483
1485
1486
1524
1524
1524
1526
1528
1530
1531
1533
1533
1534
1534
1539
1541
1543
1552
1557
1562
1563
1564
1568
1569
1573
1573
1574
1574
1575
1576
1588
1588
1588
1590
1593
1593
1596
1597
1597
1597
1598
1599
1599
1605
1607
1609
1648
1658
1660
1661
1662
1664
1701
1822
1827
1828
1829
1831
1836
1838
1838
1838
1838
1838
1838
1838
1838
1838
1839
1840
1842
1844
1845
1846
1848
1849
1851
1852
1855
1859
1859
1863
1865
1881
2027
2028
2029
2030
2031
2032
2033
2035
2036
2036
2037
2040
2040
2041
2042
2046
2049
2049
2051
2051
2055
2055
2056
2060
2062
2064
2065
2066
2068
2069
2071
2099
2100
2106
2109
2114
2115
2120
2120
2120
2120
2120
2121
2121
2127
2128
2128
2128
2129
2129
2129
2132
2140
2141
2144
2144
2151
2153
2154
2158
2160
2160
2171
2171
2172
2173
2179
2255
2283
2286
2294
2297
2317
2320
2322
2324
2343
2368
2370
2376
2380
2385
2395
2398
2415
2510
2513
2517
2521
2521
2522
2524
2524
2525
2526
2527
2527
2529
2532
2533
2534
2541
2542
2542
2543
2544
2546
2548
2548
2548
2549
2549
2550
2550
2550
2550
2560
2561
2563
2564
2568
2581
2588
2593
2594
2598
2598
2600
2603
2605
2605
2608
2609
2609
2610
2614
2621
2632
2632
2634
2634
2636
2636
2659
2715
2727
2731
2735
2736
2739
2741
2745
2745
2745
2748
2751
2751
2753
2753
2759
2761
2761
2761
2764
2764
2765
2766
2768
2769
2770
2770
2771
2771
2771
2772
2773
2774
2775
2775
2776
2778
2782
2782
2783
2784
2787
2791
2793
2797
2797
2798
2798
2801
2804
2825
2881
2886
2900
2900
2900
2901
2901
2937
2939
2940
2940
2942
2946
2948
2948
2952
2953
2961
2962
2963
3123
3128
3128
3129
3131
3132
3133
3134
3134
3135
3138
3143
3145
3145
3146
3151
3153
3155
3155
3156
3157
3159
3163
3164
3164
3165
3165
3167
3169
3170
3172
3173
3176
3178
3180
3180
3181
3181
3188
3188
3189
3192
3195
3205
3224
3231
3264
3275
3279
3280
3281
3283
3288
3302
3307
3310
3311
3316
3319
3322
3328
3330
3331
