1
2
3
3
3
3
4
4
4
4
5
6
6
6
7
8
8
8
9
9
10
10
10
10
11
12
12
14
14
14
15
15
15
15
15
16
16
17
19
19
20
20
21
21
21
21
21
21
21
22
22
22
22
22
22
22
23
23
23
23
23
23
23
23
23
23
23
23
23
23
24
24
24
24
24
24
24
24
24
24
24
24
24
24
24
24
24
24
24
24
24
24
24
24
24
25
25
25
25
25
25
25
25
25
25
25
25
25
25
25
25
25
25
25
25
25
25
25
25
26
26
27
27
27
28
28
28
29
29
29
29
29
29
29
29
29
29
29
30
30
30
30
30
30
30
30
30
30
30
30
31
31
31
31
32
32
32
32
32
32
32
32
32
32
33
33
33
33
33
33
33
33
33
33
33
34
34
34
34
34
34
34
34
34
34
34
34
34
35
35
35
35
35
35
35
35
36
36
36
36
36
36
37
37
37
37
37
38
38
38
39
39
39
40
40
40
40
41
41
41
42
42
42
43
43
43
43
44
44
44
44
44
44
45
45
45
45
45
46
46
46
46
46
46
46
46
46
46
47
47
47
47
47
48
49
49
49
49
49
50
50
50
50
50
50
50
50
50
50
50
50
50
51
51
51
51
51
52
52
52
52
53
53
53
53
54
54
54
54
55
56
56
56
56
57
57
57
57
57
57
57
57
57
57
57
57
58
58
58
58
58
58
60
60
60
60
60
61
61
61
62
62
62
63
63
63
63
64
64
64
64
64
65
65
65
65
65
66
66
66
66
66
66
66
67
67
67
68
69
69
69
70
70
71
71
71
72
72
72
73
73
73
73
73
73
74
75
75
75
76
76
77
77
77
77
78
78
78
79
79
80
80
80
80
80
80
80
80
80
81
81
81
82
83
84
84
84
85
85
85
85
85
86
86
87
87
88
88
88
88
89
90
91
92
92
92
92
93
93
93
93
93
94
94
94
94
94
96
96
98
99
100
100
101
101
101
102
102
102
102
102
102
103
103
103
104
104
104
104
104
105
105
106
106
106
107
107
108
108
108
108
109
109
110
110
110
110
111
112
112
112
113
113
114
114
114
115
116
116
116
116
117
117
117
118
118
118
118
118
119
119
119
119
119
120
120
120
120
120
120
120
120
120
120
121
121
121
121
121
122
122
122
122
123
123
123
123
123
124
124
124
125
125
125
125
125
126
126
126
127
127
127
127
128
128
128
128
129
129
129
129
129
129
129
130
130
130
130
132
133
133
134
135
135
135
136
136
136
136
136
137
137
138
138
138
139
139
139
139
140
140
140
141
141
141
142
142
142
143
143
143
146
146
146
146
146
147
148
148
148
148
149
149
150
150
152
152
152
152
153
153
153
154
154
154
155
157
157
157
157
157
157
158
158
159
159
160
160
161
163
163
164
165
165
165
165
166
166
166
166
167
167
167
167
167
168
168
169
169
170
170
171
171
171
171
171
172
172
172
173
173
173
173
173
173
173
174
174
174
174
174
174
174
174
175
175
175
175
175
176
176
176
176
176
177
177
177
178
178
178
179
179
179
179
180
180
180
180
180
182
182
182
183
183
183
184
185
185
185
186
186
186
186
186
187
187
187
187
187
187
187
188
188
189
189
189
189
189
189
190
190
190
190
190
190
190
190
190
190
190
191
191
191
191
191
191
192
192
193
193
193
193
193
194
194
194
194
194
195
195
195
195
196
196
197
197
197
197
197
198
198
198
198
198
199
199
199
200
200
201
201
201
201
201
201
202
202
202
202
202
202
203
204
204
204
205
205
205
206
206
207
207
207
207
208
208
209
209
210
211
214
215
215
217
219
219
219
220
220
220
220
220
220
220
221
221
221
222
223
223
224
225
225
227
229
229
230
230
231
231
231
231
231
233
233
233
234
235
236
237
238
238
240
240
240
240
240
240
241
241
241
241
241
241
241
241
241
241
241
241
241
242
242
242
242
242
242
243
243
243
245
247
247
247
247
247
247
248
248
248
249
249
249
250
252
252
252
252
253
253
253
254
255
255
256
256
256
260
262
262
263
264
264
265
265
267
269
269
270
270
270
270
270
270
270
270
270
270
270
270
271
271
271
271
271
272
272
273
273
273
274
274
277
278
278
278
280
280
285
286
290
290
290
290
291
294
295
295
296
296
296
296
296
296
296
297
297
297
297
297
297
297
297
298
298
298
298
298
298
298
299
299
300
304
305
306
306
307
308
309
309
310
310
312
313
313
313
314
314
314
314
314
314
314
315
315
315
315
315
315
315
315
315
315
316
316
316
320
320
322
322
322
322
323
323
324
324
325
325
325
325
326
326
328
328
328
328
328
329
331
331
331
331
333
333
335
337
337
338
339
340
340
340
340
340
342
342
342
343
343
343
343
345
345
345
345
347
348
349
349
350
350
350
351
352
352
353
353
353
353
354
357
357
357
357
357
358
358
358
358
358
358
358
358
358
359
359
359
359
360
360
360
361
362
362
362
362
362
363
363
363
364
364
364
364
365
365
366
369
370
370
371
372
372
373
374
374
374
377
377
383
385
385
386
387
387
388
388
389
389
390
391
391
391
391
392
392
393
395
395
395
395
395
396
396
396
397
397
397
397
397
397
397
398
398
398
398
399
399
400
402
402
402
402
402
403
403
403
403
403
403
403
403
403
404
404
404
404
404
404
404
404
404
404
404
405
405
405
405
405
405
405
405
405
406
406
406
406
407
408
410
410
411
412
412
412
413
415
418
418
419
419
419
420
420
421
421
421
421
421
424
424
427
427
428
429
430
430
430
431
431
433
434
434
438
438
439
440
441
442
442
443
444
444
445
448
450
451
452
454
455
456
456
458
459
460
461
461
461
462
462
463
463
463
463
464
464
465
465
465
465
466
466
466
466
466
466
467
467
468
468
468
468
470
470
470
471
471
471
471
471
471
471
471
471
471
472
472
472
472
473
473
473
473
473
473
473
473
474
474
474
474
474
474
474
475
476
476
476
477
477
478
478
478
478
479
479
479
479
479
479
480
480
481
481
481
481
482
483
484
485
485
485
485
485
486
486
490
491
491
492
492
492
493
493
493
493
493
494
494
495
496
496
496
497
497
497
498
498
498
499
499
499
500
500
501
501
501
502
502
502
502
503
506
507
509
509
509
510
510
510
511
511
512
513
514
514
515
515
515
516
516
516
516
516
517
519
519
520
520
520
521
521
521
521
521
521
522
522
522
524
525
525
528
529
530
530
531
532
533
533
533
534
534
534
534
534
535
535
535
536
536
537
538
540
541
542
542
543
543
543
543
544
544
545
545
545
546
547
547
547
548
549
550
551
551
551
551
552
557
557
561
562
563
563
564
566
566
569
574
575
575
575
576
576
577
579
581
582
582
582
582
585
589
589
591
592
595
595
595
595
599
602
603
604
605
610
611
612
613
615
622
623
627
629
630
635
639
645
647
647
648
650
652
653
656
656
657
657
657
659
661
661
662
662
663
663
663
663
663
664
664
665
665
666
667
669
671
671
671
672
672
674
674
675
677
677
678
678
679
682
682
691
691
691
691
691
692
693
695
695
695
697
697
699
699
699
700
704
707
707
707
708
709
709
710
711
711
712
713
713
717
719
720
720
720
721
722
723
723
726
728
729
730
730
737
737
739
740
743
743
748
752
752
753
754
756
763
770
784
786
787
790
790
792
792
793
793
797
799
801
802
803
804
809
809
809
810
811
812
813
813
814
815
815
817
817
823
823
825
825
826
827
832
832
832
832
832
832
833
833
833
833
833
834
834
834
834
834
835
835
835
836
841
841
844
844
845
846
848
852
854
858
861
862
862
862
866
867
870
873
874
878
878
879
879
879
885
885
886
886
886
886
886
886
887
889
890
890
891
891
893
893
895
896
896
897
897
897
899
901
902
902
903
903
906
907
907
909
911
912
913
915
916
918
918
920
920
920
920
922
924
925
926
927
928
929
929
930
931
931
931
934
934
935
936
941
943
943
943
944
945
945
945
946
946
946
948
948
951
951
951
951
952
952
953
953
954
955
955
956
956
958
959
960
960
963
964
964
966
969
970
971
972
972
973
976
976
979
982
982
983
984
984
985
985
986
986
987
988
989
990
990
990
990
990
990
990
990
991
991
991
991
991
991
991
991
991
992
992
993
993
994
994
994
995
997
997
997
1002
1005
1005
1006
1010
1012
1018
1022
1026
1028
1029
1029
1030
1031
1033
1034
1034
1039
1040
1041
1041
1041
1042
1044
1046
1047
1047
1048
1050
1051
1051
1051
1052
1052
1053
1053
1057
1063
1064
1065
1069
1069
1069
1070
1071
1072
1073
1073
1076
1078
1079
1079
1081
1087
1088
1092
1093
1094
1096
1096
1100
1102
1103
1104
1104
1105
1107
1107
1108
1108
1109
1109
1110
1110
1110
1111
1112
1112
1112
1114
1115
1117
1121
1122
1122
1122
1123
1124
1124
1129
1130
1130
1134
1134
1137
1142
1143
1143
1143
1146
1146
1153
1155
1164
1165
1167
1172
1173
1178
1182
1184
1186
1188
1192
1193
1193
1228
1237
1237
1237
1238
1239
1240
1246
1252
1261
1261
1266
1274
1274
1276
1279
1281
1284
1286
1295
1295
1296
1296
1296
1296
1297
1297
1297
1298
1298
1298
1298
1298
1299
1300
1301
1305
1309
1309
1309
1310
1310
1312
1326
1328
1328
1332
1332
1343
1345
1348
1354
1361
1361
1362
1368
1368
1368
1374
1374
1375
1375
1375
1376
1376
1395
1395
1395
1396
1397
1399
1403
1405
1406
1406
1406
1408
1409
1410
1413
1413
1418
1418
1429
1430
1434
1440
1440
1445
1450
1466
1469
1487
1494
1503
1506
1513
1518
1526
1528
1535
1536
1536
1543
1544
1546
1546
1547
1551
1552
1553
1557
1559
1559
1560
1560
1561
1561
1561
1561
1562
1566
1567
1569
1571
1571
1573
1573
1580
1580
1580
1582
1583
1584
1585
1585
1586
1588
1590
1590
1592
1592
1594
1597
1598
1599
1599
1599
1601
1602
1602
1604
1606
1608
1612
1612
1613
1614
1614
1615
1615
1616
1616
1617
1618
1625
1626
1626
1630
1633
1635
1635
1636
1636
1636
1637
1638
1638
1642
1644
1644
1647
1648
1648
1648
1651
1652
1655
1655
1655
1656
1657
1657
1659
1659
1660
1662
1662
1666
1670
1674
1675
1676
1678
1679
1679
1679
1681
1684
1684
1684
1684
1685
1685
1686
1687
1687
1688
1689
1692
1692
1694
1696
1696
1698
1699
1700
1701
1701
1701
1701
1701
1702
1703
1703
1705
1706
1709
1709
1710
1712
1712
1712
1712
1717
1718
1718
1719
1721
1721
1723
1723
1723
1724
1725
1725
1728
1728
1728
1729
1731
1731
1735
1736
1740
1740
1741
1742
1747
1748
1749
1750
1757
1759
1760
1761
1764
1766
1768
1768
1769
1770
1770
1772
1774
1776
1776
1778
1779
1783
1788
1789
1790
1791
1793
1816
1818
1819
1819
1820
1821
1825
1826
1827
1828
1829
1833
1834
1835
1846
1848
1851
1856
1871
1872
1872
1873
1877
1879
1879
1879
1879
1880
1880
1880
1880
1884
1884
1889
1889
1892
1894
1896
1896
1899
1901
1902
1906
1914
1915
1915
1915
1921
1924
1925
1945
1947
1948
1954
1972
1977
1990
1990
1994
1994
1998
2001
2002
2002
2002
2004
2009
2009
2010
2011
2011
2012
2012
2012
2014
2018
2022
2023
2025
2025
2028
2030
2032
2034
2034
2035
2035
2037
2038
2039
2040
2040
2041
2041
2042
2047
2048
2052
2054
2056
2056
2056
2056
2058
2058
2060
2063
2063
2065
2065
2065
