0
2
2
3
3
3
4
4
5
6
6
6
7
7
8
8
8
8
8
8
8
8
9
9
10
10
10
10
10
10
10
10
11
12
12
12
12
12
12
12
12
13
13
13
13
13
13
13
14
14
14
14
15
15
16
16
16
16
16
16
16
17
17
17
17
17
17
17
17
17
18
18
18
18
18
19
19
20
20
20
20
20
21
21
21
21
21
21
21
21
21
21
21
21
21
22
22
22
22
22
23
23
23
24
24
24
24
24
24
24
25
25
25
25
25
25
25
25
25
25
26
26
26
26
26
27
27
27
27
27
27
27
27
28
28
28
28
28
28
28
28
28
28
29
29
29
29
29
29
29
29
29
29
29
29
29
29
29
30
30
30
30
30
30
30
30
31
31
31
31
31
31
31
31
32
32
32
32
33
33
33
33
33
33
33
34
35
35
35
35
35
35
35
35
35
35
36
36
36
36
36
36
36
36
36
37
37
37
37
37
37
37
37
37
37
37
37
37
37
37
37
38
38
38
38
38
38
38
38
38
38
38
38
38
38
39
39
39
39
39
39
40
40
40
41
42
42
42
42
42
42
43
43
44
44
44
44
45
45
45
45
45
46
46
47
47
47
48
48
48
49
50
51
51
51
51
51
51
51
51
51
51
51
52
52
52
52
52
52
52
52
52
52
52
52
53
53
53
53
53
53
54
54
54
54
55
55
55
55
55
55
56
56
56
56
57
57
58
58
58
58
59
59
59
60
60
61
61
61
63
64
64
64
65
65
65
66
66
66
67
67
67
67
68
68
68
69
69
69
69
70
70
70
70
70
71
71
71
71
71
71
71
71
71
71
71
71
72
72
72
72
72
72
72
72
72
72
73
73
73
73
73
74
74
74
74
74
74
74
75
75
75
76
77
78
78
78
78
79
79
80
80
80
80
80
80
80
80
81
81
81
81
81
81
82
82
82
83
83
84
84
85
86
86
87
87
87
87
88
88
90
90
90
90
90
90
90
90
91
91
91
91
92
92
92
92
92
92
92
92
93
93
93
94
94
95
96
96
97
97
97
97
97
97
97
98
98
99
99
100
100
100
100
101
101
102
102
104
104
105
105
105
105
105
105
106
106
107
107
107
107
108
110
110
111
111
111
111
111
111
112
112
113
113
113
113
114
114
115
115
115
115
115
116
116
118
118
118
118
119
120
121
123
124
124
126
126
127
128
128
130
131
131
132
132
132
133
135
135
135
135
135
135
136
136
136
136
136
137
137
137
139
140
140
141
142
142
142
142
143
144
145
145
146
147
147
148
148
149
150
150
150
150
151
152
154
155
155
155
156
156
157
157
157
157
158
161
161
162
165
167
167
167
167
167
168
169
170
170
170
171
171
172
173
174
175
175
175
175
175
177
177
177
178
179
180
181
181
182
182
184
185
185
185
185
186
188
190
190
191
192
192
193
194
195
197
197
197
198
198
198
199
200
200
201
202
202
202
203
203
204
204
205
205
206
206
206
207
208
210
211
214
215
215
216
218
218
218
219
219
220
220
220
222
228
232
232
235
235
235
236
237
240
241
241
241
242
243
243
243
244
244
244
244
244
245
245
245
245
245
245
245
245
245
247
247
247
248
248
250
250
250
251
253
254
256
256
256
257
257
257
257
258
258
258
258
259
259
262
262
263
265
266
266
266
267
267
268
269
269
270
270
270
272
273
275
277
278
278
278
278
278
278
279
279
279
279
280
281
282
282
283
283
283
285
286
288
288
289
292
292
293
294
295
295
296
304
305
305
306
306
307
307
308
308
308
309
309
309
311
312
313
313
315
317
319
319
320
322
324
324
325
326
327
330
330
330
330
330
330
331
332
332
332
333
334
335
336
338
339
340
341
342
342
344
345
345
347
347
348
348
348
349
350
350
350
352
352
352
352
353
353
353
353
354
355
356
357
358
358
358
359
360
360
360
361
361
361
361
363
363
363
363
364
365
366
366
367
367
367
368
368
369
371
371
372
373
373
373
374
374
374
376
376
376
377
377
377
378
378
379
379
381
382
382
382
382
383
383
384
384
385
386
386
386
386
386
387
388
388
388
388
389
389
391
392
392
392
393
393
394
394
394
395
395
395
395
396
396
397
397
398
398
398
398
398
398
399
399
399
399
400
400
400
400
400
402
403
405
405
406
407
407
407
407
408
409
409
410
410
410
411
411
411
412
412
412
412
412
413
413
413
414
414
414
415
416
416
416
416
416
416
416
416
417
417
417
418
418
418
419
420
420
420
420
420
421
421
421
421
422
422
422
423
423
423
423
423
424
424
424
424
424
425
425
425
426
427
428
428
429
429
429
430
430
430
430
431
431
431
432
433
433
433
433
434
434
434
434
434
434
434
434
434
434
434
434
435
435
435
435
435
435
435
435
435
435
435
435
436
436
436
437
438
438
438
439
439
439
439
439
440
440
440
440
440
440
440
441
441
441
441
441
441
441
441
441
442
442
442
442
442
442
442
442
442
442
443
443
443
443
443
443
443
443
443
443
443
443
444
444
444
444
444
444
444
444
444
445
445
445
445
445
445
445
445
445
446
447
447
447
447
447
447
448
448
448
448
448
449
449
450
451
451
451
451
452
453
453
453
454
454
454
454
454
455
455
455
456
456
456
457
457
458
459
459
460
461
461
462
462
463
464
464
464
465
465
465
465
465
466
466
467
467
467
467
467
468
470
470
470
470
470
471
472
472
473
473
473
473
473
474
475
475
477
477
477
477
478
479
479
479
480
480
480
481
481
481
481
481
482
482
482
482
483
483
483
483
483
483
483
484
484
484
484
484
484
484
484
484
484
484
484
485
485
485
485
485
486
486
486
486
486
486
487
487
487
487
488
489
489
490
491
491
492
492
493
493
493
493
494
494
494
494
494
495
495
495
495
495
495
495
495
496
496
496
496
496
497
498
498
498
500
501
501
501
501
502
502
502
503
503
503
504
505
505
505
505
506
506
506
506
507
507
507
508
508
508
509
509
510
510
511
511
511
511
512
512
513
514
516
516
516
517
517
517
517
517
517
517
517
517
517
517
518
518
518
518
518
518
518
518
518
519
519
519
520
520
520
520
520
520
521
521
521
522
522
522
522
522
522
522
522
522
523
525
525
525
527
527
527
527
528
529
529
529
530
532
532
532
532
532
532
533
533
533
533
533
533
534
534
534
534
534
534
534
534
535
535
535
536
536
536
536
538
538
538
539
539
539
540
540
540
541
541
541
542
543
543
543
544
545
545
545
545
546
547
548
548
548
549
550
550
550
550
551
551
554
555
555
555
557
557
557
558
558
559
559
560
561
562
563
563
564
565
565
565
566
566
566
567
567
568
568
568
569
570
570
570
570
570
570
570
572
572
573
574
575
577
579
581
582
582
582
583
583
583
583
583
583
584
586
587
587
587
588
588
589
590
590
590
590
592
592
592
597
597
599
599
600
600
600
601
604
604
604
606
606
607
607
607
608
608
610
612
613
614
614
615
615
615
615
615
616
616
617
617
618
619
619
620
621
624
624
625
627
628
631
631
631
632
632
633
633
633
641
643
646
646
647
647
648
648
648
651
653
660
664
666
666
667
667
672
672
672
673
674
675
675
679
681
682
682
682
683
683
683
683
683
683
683
684
684
684
685
685
685
686
686
686
686
686
686
688
688
689
689
689
689
690
690
691
691
691
691
692
692
692
692
693
693
694
695
696
696
696
699
699
700
700
701
701
701
702
702
702
702
703
704
705
706
706
708
708
709
709
710
711
711
712
713
715
717
717
718
720
721
722
723
724
726
726
728
728
732
734
735
736
737
737
738
738
741
742
743
747
748
749
750
752
755
755
756
757
759
759
759
759
760
761
762
763
763
765
765
765
765
766
768
769
772
774
774
774
774
774
778
780
781
781
782
782
783
783
785
786
789
789
790
795
795
796
797
798
799
799
799
799
799
799
800
800
800
800
800
800
800
800
800
800
801
801
801
801
802
802
802
802
803
803
804
804
804
805
805
805
805
806
806
806
808
808
808
810
810
810
813
814
816
817
817
819
820
821
821
821
822
822
824
824
825
826
827
828
828
829
829
829
831
831
831
833
834
834
835
836
836
836
836
837
838
838
840
842
843
844
846
846
846
847
847
848
848
848
848
850
850
851
851
852
853
854
854
854
854
855
855
856
857
859
859
862
863
863
864
868
869
870
870
873
873
875
876
878
878
878
879
880
881
884
885
887
891
891
894
895
895
896
896
897
898
898
900
900
900
902
903
903
904
905
909
912
912
913
915
919
919
920
921
929
929
932
932
933
939
941
942
943
944
950
950
952
952
953
955
956
957
958
959
960
960
962
962
963
963
963
963
964
964
965
965
966
966
966
967
968
968
968
969
969
969
970
970
970
970
970
970
971
971
973
974
974
977
977
978
980
980
980
982
982
985
986
986
986
987
988
989
990
990
993
994
995
1006
1008
1010
1012
1017
1017
1019
1021
1025
1027
1027
1028
1028
1028
1028
1029
1029
1029
1029
1031
1031
1031
1031
1031
1031
1031
1032
1032
1034
1034
1035
1035
1036
1038
1039
1041
1047
1047
1050
1053
1053
1053
1053
1054
1056
1060
1065
1066
1066
1066
1066
1066
1067
1067
1071
1071
1072
1073
1075
1075
1077
1088
1094
1095
1098
1098
1098
1099
1099
1101
1101
1103
1103
1103
1103
1104
1105
1108
1109
1111
1111
1112
1112
1112
1112
1113
1131
1135
1141
1151
1153
1154
1155
1155
1156
1165
1166
1169
1177
1178
1195
1196
1201
1201
1202
1204
1204
1206
1207
1212
1212
1213
1215
1216
1218
1219
1220
1220
1220
1220
1220
1223
1224
1224
1228
1232
1233
1234
1236
1236
1237
1237
1237
1238
1239
1239
1240
1240
1241
1241
1242
1242
1243
1244
1246
1247
1247
1247
1250
1251
1253
1254
1254
1255
1256
1258
1258
1258
1259
1261
1261
1261
1262
1265
1266
1268
1270
1270
1275
1276
1276
1276
1276
1277
1277
1277
1277
1277
1277
1277
1277
1277
1278
1282
1285
1286
1298
1298
1299
1300
1306
1308
1308
1309
1310
1314
1318
1320
1320
1322
1322
1330
1338
1339
1340
1340
1341
1341
1342
1343
1343
1351
1352
1353
1354
1355
1356
1358
1360
1360
1361
1362
1365
1366
1366
1366
1367
1367
1370
1372
1376
1376
1378
1379
1379
1382
1382
1384
1384
1384
1385
1389
1390
1393
1393
1396
1401
1405
1411
1412
1414
1418
1418
1419
1423
1425
1425
1425
1425
1425
1426
1426
1426
1426
1426
1426
1427
1428
1428
1432
1434
1435
1435
1438
1438
1438
1439
1442
1443
1445
1445
1446
1446
1446
1447
1447
1447
1447
1447
1450
1452
1452
1453
1456
1463
1464
1470
1472
1473
1474
1476
1478
1494
1503
1512
1517
1517
1521
1523
1529
1529
1542
1547
1550
1551
1561
1562
1564
1566
1568
1568
1576
1576
1579
1579
1584
1586
1586
1587
1589
1590
1592
1593
1593
1603
1604
1609
1613
1614
1615
1616
1616
1616
1625
1625
1625
1626
1639
1645
1649
1649
1650
1652
1652
1653
1655
1656
1662
1667
1667
1667
1668
1670
1674
1675
1686
1686
1688
1690
1696
1698
1704
1705
1705
1705
1705
1711
1723
1731
1731
1732
1732
1735
1736
1743
1743
1743
1743
1744
1744
1745
1745
1745
1745
1745
1751
1752
