0
0
2
2
3
3
3
4
4
4
5
6
6
8
9
9
10
10
10
11
11
12
12
12
13
13
14
14
14
14
15
15
15
15
15
15
16
16
17
17
17
17
17
18
18
18
18
18
19
19
20
20
20
20
20
20
20
20
20
20
20
20
20
20
21
21
21
21
21
21
21
21
21
21
21
21
21
21
21
21
21
21
21
21
21
22
22
22
22
22
22
22
22
22
22
22
22
22
22
22
22
22
22
22
22
22
22
22
22
22
23
23
23
23
23
23
23
23
23
23
23
23
23
23
23
23
23
23
23
23
23
23
23
23
24
24
24
24
24
24
25
25
25
25
25
25
25
25
26
26
26
26
26
26
26
26
26
27
27
27
27
27
27
27
28
28
28
28
28
28
28
28
28
28
28
28
29
29
29
29
29
29
29
29
29
29
29
29
29
30
30
30
30
30
30
31
31
31
31
31
31
31
31
31
32
32
33
33
33
33
33
33
34
34
34
34
35
35
35
35
35
35
36
36
36
36
36
36
36
36
37
37
37
37
37
37
38
38
38
38
38
39
40
40
40
40
41
41
41
42
42
43
43
43
44
44
44
44
44
44
45
46
46
46
46
48
49
49
49
50
50
51
51
51
51
51
52
52
53
53
53
54
54
54
54
54
54
54
55
55
55
55
56
56
56
56
57
57
57
58
58
58
58
58
58
59
59
59
59
59
59
60
60
61
61
61
61
61
62
62
62
62
62
62
63
63
63
64
64
64
64
64
64
64
64
64
65
65
66
66
67
67
67
67
67
67
67
68
69
69
69
69
70
70
70
70
70
70
70
70
70
70
70
71
71
71
71
71
71
72
72
72
72
72
73
74
74
74
75
75
75
75
75
76
76
77
77
77
77
78
78
78
78
78
79
79
79
79
80
80
80
80
80
81
81
81
81
82
82
82
82
82
82
82
83
83
83
83
83
83
84
84
84
84
85
85
85
85
85
85
86
86
86
86
87
87
87
88
88
88
88
88
90
90
90
90
91
91
91
91
92
92
92
92
92
93
93
93
94
94
94
94
95
96
96
96
96
97
97
97
97
97
98
98
98
98
98
98
99
99
99
99
100
100
100
100
101
101
101
101
101
101
102
102
102
103
103
103
103
104
104
105
105
105
105
105
106
106
106
106
106
106
106
106
106
106
107
107
107
108
108
108
108
108
109
109
109
109
109
109
109
109
109
110
110
110
111
111
111
111
112
112
113
113
113
114
114
114
114
114
115
115
115
116
116
116
116
116
117
117
117
117
118
118
118
118
118
119
119
119
119
120
120
121
121
122
122
122
122
122
122
123
123
124
124
124
124
125
125
125
125
125
125
125
126
126
127
127
128
128
128
129
130
131
132
132
132
132
132
133
133
133
133
133
133
133
134
135
135
136
136
136
136
137
137
137
137
138
138
138
139
139
140
141
141
142
142
143
143
143
143
144
144
145
145
145
146
146
146
147
147
148
148
148
148
148
148
149
149
149
149
150
151
151
151
151
153
153
154
154
154
154
154
154
155
155
155
155
156
157
157
157
157
158
158
159
159
161
162
162
162
162
163
163
163
163
163
164
164
164
165
165
166
166
167
167
167
167
168
168
169
169
169
169
169
171
172
172
172
173
173
174
174
175
175
175
175
175
175
176
176
176
177
177
178
178
178
179
181
181
181
181
182
183
183
183
185
186
187
187
187
187
188
189
189
190
190
190
190
190
191
191
191
191
192
192
192
192
195
195
195
195
196
197
197
198
198
199
199
199
200
200
201
201
201
202
202
202
202
202
204
204
205
206
207
208
208
208
209
209
209
209
209
210
210
210
210
210
210
210
211
211
211
211
211
211
211
212
212
212
212
213
213
213
214
214
215
215
215
215
215
216
217
217
217
218
218
218
219
220
220
220
220
220
220
221
221
221
222
222
222
222
222
222
223
223
223
223
224
224
224
224
224
225
225
225
225
226
226
226
226
226
226
226
226
227
227
227
227
227
228
228
228
228
228
229
230
230
230
231
231
231
232
232
233
233
233
233
233
233
233
233
233
233
234
234
235
235
236
236
236
237
238
238
239
239
240
241
242
243
244
245
245
245
245
245
245
246
247
248
248
248
249
249
249
250
250
251
251
251
252
253
253
256
257
258
258
260
261
262
262
262
263
263
265
266
267
267
267
268
268
269
270
270
270
270
272
273
273
273
274
275
275
275
275
276
276
276
277
277
277
278
279
279
279
279
279
279
280
281
281
281
281
281
282
282
282
282
283
283
284
285
286
286
287
287
288
288
289
289
290
290
291
292
293
293
294
295
295
295
296
297
298
298
298
299
300
302
302
302
303
303
304
305
305
306
306
307
307
307
307
308
308
309
309
310
310
310
310
310
310
311
311
311
311
312
312
313
313
313
314
314
315
315
315
315
315
316
317
317
317
318
318
319
319
319
319
319
319
319
320
320
320
321
321
322
322
322
323
323
324
324
324
325
325
325
325
325
326
327
329
329
329
329
330
330
330
330
331
331
331
331
331
331
332
332
332
332
333
333
333
334
334
334
335
335
335
336
336
336
336
337
337
338
338
339
339
339
339
340
340
341
341
341
342
342
342
342
342
342
342
342
342
342
342
342
343
343
343
343
343
343
343
343
343
343
343
343
343
344
344
344
344
344
345
345
345
345
346
346
346
346
346
346
346
347
347
348
349
349
349
350
350
350
350
351
351
351
351
352
352
352
353
353
353
353
354
354
354
354
354
354
355
355
355
355
357
358
358
359
359
359
359
360
360
361
361
362
362
362
362
362
362
362
362
362
362
363
363
363
363
363
363
363
363
363
363
363
363
364
364
365
365
366
366
366
368
369
370
371
371
371
372
373
373
374
374
375
376
376
376
377
378
378
379
379
380
380
380
380
381
381
381
382
383
384
385
385
386
386
388
389
389
390
390
391
392
392
393
393
393
393
393
393
393
394
394
394
394
394
394
395
395
395
396
398
400
401
401
402
402
403
403
404
405
406
406
406
406
406
407
407
407
407
407
407
407
407
407
407
407
408
408
408
408
408
408
408
409
409
410
412
414
415
416
416
416
416
417
417
419
419
419
420
420
421
421
421
421
421
421
422
423
423
423
423
423
424
424
424
424
424
424
424
424
424
425
425
426
426
426
426
427
427
427
427
427
427
428
428
428
428
428
428
428
428
428
429
429
429
430
430
430
431
431
431
431
431
432
433
434
434
434
434
435
435
435
435
435
435
435
435
435
435
435
435
436
436
436
436
436
436
436
436
436
436
436
436
436
436
436
436
437
437
437
437
437
437
437
438
438
440
440
440
441
441
442
442
442
442
443
443
443
443
443
443
443
443
443
444
444
446
446
446
447
447
449
449
449
449
449
451
451
451
451
451
451
452
452
452
452
452
453
453
454
454
454
454
455
455
455
456
457
458
459
459
460
462
462
463
463
467
467
471
471
472
472
472
472
472
472
472
472
473
473
475
476
478
481
481
483
485
486
488
488
491
491
491
492
495
500
501
505
507
512
513
517
518
519
520
521
522
524
526
527
527
529
532
535
535
535
536
536
537
538
539
542
543
549
550
551
551
555
555
555
555
555
558
559
559
559
559
560
560
560
560
560
560
560
560
561
561
561
561
561
561
561
561
562
562
563
564
564
567
567
567
567
568
568
568
568
568
568
568
568
568
570
571
572
572
573
579
583
583
584
587
587
587
590
590
590
590
590
590
591
592
592
594
594
594
597
597
598
600
603
603
604
604
608
608
609
609
609
612
613
614
614
619
624
624
625
625
627
628
628
629
633
651
655
656
662
669
670
671
671
671
675
678
678
678
679
681
683
686
686
687
687
688
689
689
691
695
695
697
698
699
700
700
700
700
700
702
708
709
710
712
712
712
713
713
716
716
718
719
721
724
728
729
730
736
737
739
740
741
741
741
742
742
742
743
743
746
746
746
747
747
748
753
753
754
755
755
755
755
756
756
756
756
757
757
758
758
758
758
758
759
760
761
762
763
765
765
765
766
766
767
769
769
770
771
771
771
771
772
776
776
777
784
785
788
789
789
790
791
798
798
798
799
801
801
801
806
806
806
806
807
807
808
808
808
809
809
809
812
814
814
816
820
821
822
822
823
823
824
824
825
826
826
826
827
828
828
829
830
830
831
831
832
833
833
834
835
837
837
837
838
838
839
840
840
841
841
841
842
842
842
842
843
843
844
844
844
844
844
845
845
845
845
845
846
846
847
847
847
848
848
848
848
849
849
849
849
849
849
850
853
853
853
854
855
856
856
856
856
856
857
857
858
858
858
858
859
860
860
860
861
862
862
862
862
862
863
863
863
863
863
863
864
864
864
864
864
864
864
865
866
868
868
868
868
869
869
869
869
869
871
873
873
873
873
874
875
876
876
877
878
878
879
881
881
883
883
885
886
887
888
888
889
890
890
890
891
891
891
891
893
895
895
897
900
900
901
904
905
906
906
910
910
910
912
912
913
914
914
915
917
918
918
919
922
923
926
927
927
927
927
927
927
927
928
928
932
933
934
934
934
934
934
935
935
941
948
951
956
958
961
967
975
978
979
992
1002
1003
1006
1009
1013
1014
1014
1018
1018
1020
1020
1020
1027
1033
1037
1041
1042
1056
1057
1059
1062
1062
1078
1084
1084
1090
1090
1092
1092
1093
1093
1094
1094
1095
1096
1096
1097
1098
1099
1100
1102
1102
1102
1102
1102
1103
1103
1103
1103
1104
1104
1104
1104
1105
1105
1106
1106
1107
1107
1107
1107
1108
1108
1111
1111
1111
1112
1113
1113
1114
1114
1114
1114
1116
1116
1117
1121
1126
1127
1127
1127
1130
1130
1131
1131
1131
1131
1132
1133
1134
1134
1135
1136
1136
1136
1137
1137
1139
1141
1141
1144
1144
1145
1145
1148
1150
1150
1150
1150
1151
1153
1153
1156
1157
1157
1157
1159
1159
1159
1160
1166
1207
1230
1252
1255
1281
1286
1288
1289
1289
1290
1293
1294
1295
1297
1297
1298
1298
1304
1310
1312
1312
1316
1320
1326
1328
1328
1329
1332
1337
1339
1339
1339
1348
1362
1364
1371
1372
1374
1379
1384
1384
1385
1386
1388
1389
1390
1391
1394
1396
1397
1397
1408
1420
1422
1422
1426
1429
1430
1437
1437
1437
1437
1441
1457
1515
1535
1555
1603
1604
1610
1613
1617
1618
1619
1627
1627
1628
1632
1651
1680
1680
1691
1707
1711
1731
1732
1733
1745
1758
1765
1766
1779
1786
1789
1790
1792
1794
1795
1795
1795
1795
1795
1796
1796
1796
1796
1798
1801
1802
1803
1806
1806
1814
1822
1826
1826
1828
1828
1829
1829
1837
1849
1851
1855
1858
1859
1860
1948
1949
1951
1955
1955
1956
1960
1962
1962
1962
1962
1962
1963
1963
1963
1964
1964
1965
1969
1973
1976
1977
1980
1981
1982
1987
1987
1988
1990
1994
1995
2001
2004
2006
2007
2008
2009
2010
2011
2012
2013
2013
2021
2021
2022
2026
2026
2027
2028
2028
2028
2030
2030
2030
2033
2036
2040
2040
2048
2056
2056
2065
2066
2067
2068
2069
2070
2076
2078
2078
2084
2088
2089
2097
2097
2105
2106
2107
2115
2122
2123
2124
2129
2139
2143
2157
2158
2160
2176
