0
0
1
2
2
3
3
4
4
6
6
6
6
7
7
7
7
8
8
8
8
8
9
9
9
9
10
10
11
11
11
11
12
12
12
13
13
13
13
14
15
15
15
15
16
16
16
16
16
17
17
17
17
17
17
18
18
18
18
18
18
18
19
19
19
19
19
19
19
19
19
19
19
19
19
19
19
20
20
20
20
20
20
20
21
21
21
21
22
22
22
22
22
22
22
22
23
23
23
23
23
23
23
23
23
23
23
23
23
23
23
23
23
23
23
23
23
24
24
24
24
24
24
25
25
25
25
25
25
26
26
26
26
26
26
26
26
27
27
27
27
27
27
27
27
27
27
27
27
27
27
27
27
27
27
27
27
28
28
28
28
28
28
28
28
28
28
28
28
28
28
28
28
28
28
28
28
28
28
28
28
28
29
29
29
29
29
29
29
29
31
31
31
31
31
31
31
31
31
31
32
32
32
32
33
33
33
33
33
34
34
35
35
35
35
35
35
35
35
36
36
36
36
36
36
36
36
36
36
36
36
36
37
37
37
37
37
37
37
37
37
37
37
37
38
38
38
38
38
38
39
39
39
40
40
40
40
41
42
42
42
42
43
43
43
43
43
43
44
45
45
46
46
47
47
47
47
47
47
48
48
48
49
49
49
50
51
51
52
52
52
52
53
53
53
53
53
54
54
54
54
54
55
55
55
55
56
56
56
57
57
57
57
57
58
58
58
58
59
59
59
59
60
61
62
62
62
62
62
63
63
63
64
64
64
64
64
65
66
66
66
67
67
67
68
69
69
69
69
70
70
70
70
71
71
71
71
71
71
71
71
72
72
72
73
73
74
74
76
76
76
76
77
77
77
77
78
79
79
79
79
79
79
79
79
80
80
80
81
81
81
81
82
83
83
83
83
84
84
84
84
84
85
85
85
85
85
85
85
86
86
86
86
86
86
86
86
86
86
86
86
87
87
87
87
87
87
87
88
88
88
88
89
89
89
90
90
90
90
91
91
91
91
91
91
92
92
92
92
92
93
93
93
93
93
93
93
93
93
93
94
94
94
94
94
94
94
95
95
95
95
96
97
97
97
97
97
98
98
98
98
98
98
98
99
99
99
100
100
100
100
101
101
101
102
102
102
103
103
103
104
104
104
104
104
104
104
105
105
105
105
105
106
106
106
106
106
106
106
107
107
107
108
110
111
111
111
111
112
112
112
113
113
113
113
113
113
114
114
114
114
114
114
114
114
114
114
114
114
115
115
116
116
116
116
118
118
119
119
120
120
120
120
120
120
120
120
121
122
123
123
124
124
125
125
125
125
126
126
126
127
127
127
128
128
129
130
130
130
130
131
131
131
131
132
132
133
133
133
134
135
135
135
136
136
137
138
138
139
139
141
141
141
142
143
144
144
144
145
146
146
146
146
146
147
147
147
147
148
148
148
149
149
149
149
150
150
151
152
152
152
153
153
153
154
154
154
154
154
154
155
155
156
157
159
159
159
159
160
160
160
161
161
162
163
163
163
164
165
166
168
168
169
170
171
171
172
172
173
174
175
176
176
176
178
178
179
180
181
181
183
183
184
185
186
188
189
190
190
191
191
191
191
191
191
191
191
192
192
192
193
193
193
193
193
193
193
193
193
193
193
194
194
194
194
194
194
195
195
195
195
195
195
196
196
196
196
196
196
197
197
197
197
197
198
198
198
198
198
198
198
199
199
199
199
199
199
199
199
199
199
199
200
200
200
200
201
201
201
201
202
202
202
202
202
202
202
202
203
203
203
203
204
204
204
204
204
205
205
205
206
206
206
206
206
206
206
206
207
207
207
207
207
207
208
209
209
209
209
210
210
210
210
211
211
211
211
211
211
211
211
212
212
212
212
212
212
212
213
213
213
213
214
214
214
214
214
214
215
215
215
215
216
216
216
217
217
217
217
217
218
218
218
219
219
219
219
220
220
220
220
220
221
221
222
222
222
222
223
223
223
223
224
224
226
227
227
227
227
227
227
228
228
228
228
228
229
229
229
229
229
229
229
229
230
230
230
231
231
231
232
233
234
235
235
236
236
237
239
240
240
241
241
241
241
241
242
242
242
243
243
244
244
244
244
244
244
244
244
244
244
244
244
244
245
247
247
247
247
248
249
250
251
253
253
254
254
255
255
255
256
256
256
257
258
259
260
260
261
262
264
265
265
268
269
270
272
273
275
276
276
280
280
283
283
286
286
287
288
288
290
291
293
294
294
295
295
295
296
296
296
296
296
296
296
296
297
297
297
297
299
300
300
300
301
302
302
302
303
303
305
305
306
306
306
307
307
307
307
308
309
309
309
309
310
310
311
311
311
312
312
313
313
315
315
315
316
316
317
317
318
318
318
318
319
319
319
319
319
319
320
320
321
321
322
322
323
323
323
324
324
325
325
325
325
326
326
327
328
329
329
329
330
330
331
331
333
333
334
335
335
335
337
338
340
341
342
343
345
345
347
348
348
349
350
350
352
352
353
353
353
353
353
353
354
354
354
354
354
355
355
356
358
358
359
359
360
360
360
360
360
360
361
361
362
362
364
364
364
364
365
366
366
366
367
367
367
368
368
369
371
371
371
372
372
373
374
374
375
375
376
376
376
377
378
379
380
380
381
381
382
383
383
384
385
385
386
386
388
389
389
389
390
391
391
392
393
393
394
395
398
399
400
403
403
403
405
406
406
406
408
408
408
409
409
410
410
411
411
411
411
412
412
412
413
414
414
415
415
415
415
416
416
416
416
417
418
420
420
420
421
421
421
421
422
423
423
423
424
425
426
426
426
426
426
427
428
429
429
429
429
430
430
430
430
431
431
431
431
432
433
433
433
433
433
434
435
435
435
435
436
436
436
437
438
438
438
439
439
440
442
442
443
443
443
444
444
446
448
448
449
449
449
449
450
451
452
452
452
452
453
453
454
455
455
455
456
456
456
457
458
459
459
460
460
461
462
462
462
463
464
466
466
467
467
467
467
469
469
469
469
469
469
471
471
471
474
475
475
475
476
476
476
477
479
479
480
481
481
482
482
483
483
483
484
484
486
486
489
489
489
490
490
491
491
492
492
493
493
493
493
494
494
495
496
498
499
500
500
501
504
504
504
505
505
505
505
505
505
505
505
506
506
507
508
508
509
509
509
509
509
511
511
511
512
512
513
513
513
514
514
518
518
518
519
519
520
520
521
521
521
521
523
523
524
524
524
525
526
526
526
527
528
529
530
531
531
532
532
532
532
532
533
533
533
533
534
534
534
534
534
534
534
534
534
534
535
535
535
535
535
535
536
537
537
538
538
540
540
540
540
541
541
541
541
542
543
543
543
544
544
545
545
545
545
545
545
546
547
549
549
549
549
549
550
550
550
550
551
551
551
552
552
552
552
553
555
555
555
555
555
555
555
555
555
557
557
557
557
557
558
558
559
560
561
561
563
563
564
564
565
565
566
566
566
566
567
567
568
568
568
568
568
569
570
570
570
571
571
571
571
571
572
572
572
572
573
573
573
574
574
574
575
576
577
577
577
577
578
578
578
579
580
580
581
581
581
581
581
581
581
584
585
585
586
586
587
588
589
589
590
591
591
591
591
592
592
593
597
598
598
599
599
599
600
600
600
601
601
601
601
602
602
603
603
603
604
605
606
606
607
607
607
608
609
612
613
614
614
614
616
618
618
619
619
621
622
622
622
622
622
622
622
622
622
622
622
623
623
623
623
623
623
624
624
624
625
625
625
626
626
626
626
627
628
628
629
629
629
629
629
630
630
630
631
631
631
632
632
632
632
634
635
635
635
636
637
637
637
638
638
638
638
638
638
639
639
640
640
642
643
644
645
645
645
646
648
648
648
651
652
652
653
653
653
654
654
654
654
655
655
655
656
658
658
658
658
659
659
659
659
660
660
661
661
663
663
663
665
666
667
667
668
668
670
671
676
676
677
677
677
678
678
679
681
682
691
692
694
694
695
696
699
699
700
704
705
713
715
715
716
717
717
719
720
721
722
727
732
732
733
733
733
734
734
735
740
740
741
742
743
743
744
746
746
747
750
752
753
753
754
757
758
758
760
763
763
765
765
765
770
771
771
771
772
773
773
773
774
774
775
776
778
785
791
791
792
793
795
798
799
802
803
803
806
806
807
808
809
815
817
817
817
819
820
824
828
828
829
829
829
830
830
830
831
831
832
832
833
834
835
836
837
837
839
840
840
840
840
842
842
843
843
844
844
844
844
845
851
854
855
856
856
857
857
858
861
861
864
869
871
871
872
872
874
874
875
876
876
877
877
878
878
878
881
883
884
884
885
888
889
889
890
891
892
894
894
895
896
896
897
897
900
900
902
904
909
910
920
922
922
925
933
941
949
963
964
965
968
971
990
991
992
992
996
999
999
1002
1004
1005
1005
1006
1007
1010
1011
1011
1011
1011
1012
1016
1017
1019
1019
1020
1022
1022
1022
1022
1024
1026
1027
1027
1027
1028
1028
1028
1028
1029
1029
1029
1029
1029
1029
1031
1031
1031
1032
1032
1033
1033
1033
1033
1033
1034
1034
1036
1036
1036
1036
1037
1037
1037
1037
1038
1038
1039
1040
1040
1040
1040
1040
1041
1041
1041
1042
1042
1042
1042
1043
1044
1044
1044
1044
1044
1044
1045
1045
1046
1046
1047
1047
1047
1048
1048
1048
1049
1049
1050
1050
1051
1051
1052
1052
1052
1053
1053
1053
1053
1054
1054
1055
1055
1056
1057
1057
1059
1059
1059
1059
1061
1061
1061
1062
1063
1064
1064
1065
1066
1067
1068
1068
1068
1070
1070
1071
1071
1072
1072
1072
1073
1074
1074
1075
1075
1075
1076
1077
1078
1078
1078
1079
1079
1079
1079
1079
1079
1080
1080
1080
1080
1080
1081
1081
1081
1082
1082
1082
1082
1082
1083
1083
1083
1083
1084
1084
1085
1086
1086
1086
1086
1086
1087
1088
1088
1088
1090
1090
1090
1090
1091
1092
1092
1093
1095
1095
1095
1095
1096
1096
1097
1097
1097
1098
1099
1102
1102
1105
1105
1106
1106
1107
1107
1107
1108
1108
1108
1111
1114
1119
1122
1124
1124
1127
1129
1134
1134
1134
1134
1135
1137
1142
1143
1148
1148
1153
1156
1175
1176
1180
1182
1187
1188
1194
1195
1196
1201
1206
1210
1212
1212
1212
1221
1223
1224
1224
1228
1231
1231
1231
1232
1233
1236
1239
1245
1245
1249
1249
1250
1256
1267
1271
1277
1279
1280
1281
1289
1290
1314
1316
1316
1319
1322
1327
1329
1329
1329
1329
1330
1330
1332
1333
1334
1335
1335
1335
1338
1338
1341
1341
1341
1342
1349
1349
1352
1352
1352
1355
1355
1356
1361
1366
1367
1386
1388
1390
1399
1400
1405
1405
1407
1410
1410
1417
1528
1539
1564
1573
1582
1594
1606
1608
1608
1611
1619
1620
1620
1621
1628
1630
1632
1632
1637
1637
1637
1639
1639
1640
1640
1640
1640
1641
1641
1641
1641
1642
1642
1642
1643
1643
1644
1644
1645
1645
1645
1645
1647
1648
1648
1649
1650
1650
1651
1651
1653
1653
1654
1655
1655
1656
1657
1658
1658
1658
1658
1658
1658
1659
1659
1659
1659
1659
1660
1660
1661
1661
1661
1661
1662
1662
1662
1662
1663
1663
1663
1664
1664
1665
1665
1665
1665
1665
1666
1667
1667
1668
1668
1669
1671
1671
1674
1676
1682
1686
1687
1688
1689
1692
1693
1693
1694
1695
1695
1695
1695
1696
