0
2
2
3
3
3
4
4
4
5
5
5
6
6
6
8
8
9
9
9
9
9
9
9
10
10
10
10
11
11
11
11
12
12
12
12
13
13
13
13
14
14
14
15
15
15
15
15
16
16
17
17
19
19
20
20
20
20
20
20
20
20
20
20
20
20
20
21
21
21
21
21
21
21
21
21
21
21
21
22
22
22
22
22
22
22
22
22
22
22
23
23
23
23
23
23
23
23
23
24
24
24
24
25
25
25
25
26
26
26
27
27
27
27
27
28
28
28
29
29
29
29
29
29
29
29
29
29
29
30
30
30
30
30
30
30
30
30
30
31
31
31
31
31
31
31
31
32
32
32
32
33
33
33
33
33
33
33
33
34
34
35
35
35
35
36
36
36
36
37
37
37
37
37
38
38
38
38
38
38
38
39
39
39
39
39
40
40
40
40
40
40
40
41
41
41
41
41
43
43
43
44
44
44
44
45
45
45
45
46
46
46
46
47
47
47
47
48
49
49
49
49
50
50
50
50
51
51
51
51
51
51
52
52
52
53
53
53
53
53
53
54
54
54
55
55
56
57
57
57
58
58
59
59
59
59
61
61
61
62
63
63
64
64
64
64
64
64
64
64
65
68
69
70
71
71
71
72
72
72
73
73
73
73
73
74
74
74
74
74
75
75
75
75
75
75
75
76
76
77
77
77
77
77
78
78
78
79
79
79
79
79
80
80
80
80
80
81
81
81
81
81
81
81
82
83
84
86
86
86
88
89
91
92
92
92
92
93
93
94
94
94
95
95
96
98
98
99
99
100
100
100
100
100
101
101
101
101
101
102
102
102
102
104
105
105
106
106
107
107
107
107
108
109
109
109
110
110
111
111
111
111
112
112
113
113
113
114
115
115
116
117
117
118
118
118
119
119
119
120
120
120
121
122
122
122
122
123
123
123
124
125
125
126
126
127
127
128
128
128
129
129
129
130
131
131
131
131
132
133
134
134
134
135
135
136
136
136
136
137
137
138
139
139
139
139
140
140
140
141
141
141
142
142
142
142
143
143
143
143
143
144
144
144
144
144
144
144
145
145
145
145
145
145
145
145
145
145
145
145
145
145
145
146
146
146
146
146
146
146
146
147
147
148
148
148
148
149
149
149
149
150
150
150
150
150
150
150
150
151
152
152
152
153
153
153
153
153
153
153
153
154
154
154
154
154
154
155
155
155
155
155
155
155
155
157
157
157
157
158
158
158
159
159
159
160
161
161
161
161
161
161
162
162
162
162
163
163
165
165
165
165
165
166
166
166
167
168
168
169
170
170
170
172
172
172
173
174
175
175
175
175
175
175
176
177
177
177
177
177
177
177
177
177
177
177
177
177
177
177
177
177
177
177
177
178
178
178
178
178
178
178
178
178
178
178
178
179
179
179
179
179
180
181
181
181
182
182
182
183
184
184
184
185
185
185
185
186
187
188
188
188
188
188
188
189
189
189
190
190
190
190
190
190
191
191
191
191
191
191
191
192
192
192
192
192
192
192
193
193
193
193
193
193
193
194
194
194
194
195
195
195
195
195
196
196
196
196
196
196
196
196
196
197
197
197
197
197
198
198
198
198
199
199
199
199
199
199
199
199
200
200
200
200
200
201
201
201
202
202
202
202
203
203
203
205
205
205
206
206
206
206
207
207
207
208
208
208
208
209
209
210
210
210
210
210
210
210
210
210
210
210
210
210
211
211
211
212
213
213
214
214
214
214
215
215
215
215
215
215
215
215
215
216
216
217
217
217
217
218
218
218
218
219
221
221
222
222
223
223
223
223
223
223
223
223
223
224
224
224
225
225
225
225
225
225
225
225
225
225
227
228
229
231
231
231
231
233
233
234
235
238
238
238
240
241
242
242
244
245
245
246
246
246
246
246
246
246
246
246
246
246
247
248
248
249
249
250
251
251
251
252
252
253
253
254
254
254
254
254
255
255
255
255
256
256
256
257
258
258
258
258
259
259
259
259
259
259
259
259
259
260
260
261
261
261
261
261
261
262
262
262
262
262
263
263
263
264
264
264
264
264
264
264
265
265
265
265
266
267
267
268
268
269
269
269
270
270
271
271
272
272
272
272
273
273
274
275
275
275
275
275
275
275
276
276
276
277
277
277
277
277
278
278
278
278
278
278
278
279
279
279
279
280
280
280
280
280
280
280
281
281
281
281
282
282
283
283
283
283
283
284
284
285
285
286
286
286
286
287
287
287
288
289
289
290
290
290
290
290
291
291
291
291
291
292
292
292
292
293
293
295
295
295
296
297
297
297
297
297
297
298
298
298
299
299
299
299
299
300
300
300
300
300
300
301
301
301
301
302
302
302
302
302
302
302
303
303
303
303
304
304
304
305
305
305
305
305
306
306
306
307
307
307
307
308
309
309
309
309
309
310
310
310
311
311
312
312
313
313
313
313
313
314
314
315
315
316
316
316
316
317
317
317
318
318
319
319
320
320
320
323
323
323
323
323
323
324
324
324
325
325
325
325
326
326
326
326
326
326
326
326
326
327
328
328
328
328
328
328
328
329
330
330
331
331
332
332
333
334
334
334
335
336
336
336
336
336
337
337
337
338
338
339
339
339
339
340
340
340
340
341
341
341
341
341
343
343
343
343
344
344
345
345
347
349
349
350
350
351
351
353
353
353
354
354
354
354
354
355
355
355
355
355
355
355
355
356
356
356
356
357
358
358
358
359
359
359
360
361
361
362
362
362
362
365
366
366
367
368
368
368
369
371
374
375
375
375
376
379
379
380
381
382
382
382
382
383
383
383
383
383
389
390
391
391
393
393
395
395
396
396
396
396
397
397
398
398
403
404
406
406
406
407
407
407
407
408
409
409
409
411
413
414
414
414
414
414
415
415
415
415
415
417
418
418
419
419
419
420
420
420
421
421
421
423
424
424
424
424
425
425
426
427
428
428
428
428
429
431
431
431
432
432
434
434
435
436
437
438
439
439
439
440
441
442
442
442
442
443
444
444
445
446
446
447
447
448
448
450
450
450
450
450
450
450
451
451
451
451
451
451
451
451
451
451
452
452
452
452
452
453
453
453
453
454
454
455
455
456
458
458
458
460
461
461
462
462
463
463
463
463
464
465
465
465
465
465
466
467
467
467
468
468
468
468
468
469
469
469
469
469
469
469
470
470
470
470
471
472
472
472
473
473
476
476
476
476
477
479
479
481
482
482
482
482
482
484
484
485
485
488
488
488
488
490
491
492
492
492
492
493
494
494
496
497
497
497
497
498
498
498
499
499
500
500
504
504
504
504
505
507
507
507
507
508
508
508
509
510
511
511
512
512
512
512
513
514
516
517
517
518
519
520
520
523
524
524
525
525
525
525
525
525
526
526
526
526
526
526
527
527
527
527
527
527
527
527
528
528
528
529
529
529
530
530
531
531
531
534
534
534
534
534
535
537
538
538
538
540
540
540
541
541
542
542
545
545
545
545
547
547
547
547
547
547
547
547
549
550
550
550
550
550
550
552
552
552
555
556
557
557
558
558
558
559
559
560
562
563
563
563
563
563
564
564
566
567
567
567
568
568
568
568
569
570
570
572
573
573
574
575
575
577
578
578
578
578
579
579
579
580
580
581
583
586
588
589
596
599
599
601
601
601
604
604
604
604
604
604
604
605
605
606
606
607
607
607
608
611
612
615
615
616
616
617
617
617
618
619
622
622
622
623
624
624
625
626
626
626
626
627
628
628
628
629
630
630
631
631
632
633
634
635
635
635
636
636
636
638
638
639
639
639
641
641
641
641
642
643
643
643
644
645
645
646
646
646
647
647
648
648
649
649
649
650
651
651
652
652
653
653
654
655
655
655
655
655
657
657
657
657
659
659
659
660
661
661
661
662
663
664
664
665
665
665
667
667
669
669
670
670
670
670
670
671
671
672
672
672
673
675
677
679
680
681
682
683
683
683
684
684
684
684
685
686
686
686
688
688
688
688
688
689
689
690
691
692
693
695
696
696
697
697
697
697
698
700
701
701
702
702
703
703
704
705
705
706
708
709
709
710
710
710
712
712
714
715
722
722
723
724
726
729
730
731
731
733
734
735
735
737
737
738
738
738
738
739
739
740
741
741
746
746
747
750
754
754
755
755
757
758
760
761
761
761
764
765
765
766
766
767
768
768
768
769
770
770
771
772
774
774
775
782
784
785
786
786
786
787
787
788
791
791
792
793
794
795
797
797
798
798
798
800
805
806
807
807
809
810
810
811
811
812
814
816
817
818
819
819
819
820
820
820
821
822
822
822
824
824
825
825
825
825
826
830
830
831
832
833
833
834
834
835
835
835
837
837
839
839
839
839
839
840
840
840
840
840
840
840
840
841
841
841
842
842
842
843
844
844
845
848
848
849
849
852
852
853
854
856
857
857
857
857
859
859
860
860
862
862
862
863
863
863
865
868
868
869
869
869
870
870
870
870
871
871
871
871
872
875
877
877
878
878
878
879
881
881
882
882
889
890
892
892
893
893
894
895
895
901
925
926
927
930
932
933
934
934
934
934
936
937
939
940
949
949
956
958
958
960
962
963
963
965
979
985
986
989
990
991
991
992
992
996
996
999
1001
1005
1006
1008
1008
1009
1010
1013
1013
1014
1015
1016
1016
1016
1016
1017
1017
1017
1019
1019
1020
1020
1021
1021
1024
1024
1025
1026
1026
1030
1032
1033
1034
1034
1035
1036
1036
1037
1038
1038
1039
1040
1041
1041
1042
1043
1044
1044
1044
1047
1047
1049
1050
1050
1051
1052
1053
1053
1053
1054
1055
1056
1059
1059
1061
1063
1064
1065
1065
1066
1067
1070
1073
1076
1076
1077
1078
1079
1085
1086
1088
1088
1089
1089
1089
1090
1090
1091
1094
1101
1103
1107
1112
1113
1116
1119
1121
1121
1123
1126
1130
1130
1135
1135
1135
1135
1137
1138
1138
1138
1139
1139
1139
1139
1139
1140
1144
1145
1149
1150
1150
1152
1154
1154
1155
1157
1157
1164
1166
1170
1194
1201
1203
1205
1207
1207
1207
1207
1215
1216
1221
1231
1237
1237
1238
1241
1242
1245
1247
1247
1249
1250
1252
1255
1260
1263
1267
1269
1274
1282
1283
1287
1294
1294
1296
1303
1313
1335
1343
1346
1347
1347
1374
1380
1381
1384
1385
1385
1385
1387
1387
1390
1392
1393
1394
1394
1395
1398
1399
1402
1405
1406
1407
1407
1411
1412
1412
1413
1415
1417
1421
1428
1430
1433
1446
1453
1484
1493
1506
1507
1508
1566
1567
1574
1579
1579
1582
1582
1583
1584
1592
1593
1609
1610
1619
1624
1628
1632
1632
1636
1640
1640
1642
1643
1647
1659
1661
1664
1665
1665
1665
1671
1671
1675
1679
1679
1679
1682
1685
1688
1688
1690
1697
1709
1718
1719
1729
1729
1734
1737
1743
1744
1748
1749
1761
1761
1770
1806
1809
1840
1864
1864
1864
1876
1891
1902
1902
1904
1906
1911
1914
1915
1920
1922
1922
1923
1931
1935
1940
1942
1943
1944
1945
1945
1948
1948
1954
1955
1955
1956
1956
1957
1959
1960
1960
1960
1961
1962
1962
1964
1964
1965
1965
1966
1968
1968
1969
1970
1971
1972
1973
1973
1974
1975
1976
1977
1977
1979
1981
1983
1986
1986
