0
0
1
2
3
3
3
4
4
5
6
6
6
6
7
7
7
8
8
9
9
10
10
10
10
10
11
11
12
13
13
13
13
13
13
13
13
13
14
14
15
15
16
16
16
17
17
17
17
17
18
18
18
18
18
18
18
19
19
19
19
19
19
19
20
20
20
20
21
21
21
21
21
21
21
21
21
21
21
21
21
21
21
21
22
22
22
22
22
22
22
22
22
23
23
23
23
23
23
24
24
24
24
24
24
24
24
24
24
24
24
24
24
24
24
25
25
25
25
25
25
25
25
25
25
25
25
25
25
25
25
25
25
25
25
25
25
26
26
26
26
26
26
26
26
26
26
26
26
26
26
26
27
27
27
27
27
27
27
27
27
27
27
27
27
27
27
27
28
28
28
28
28
28
28
28
28
28
28
28
28
28
28
28
28
28
28
28
28
28
28
28
28
28
29
29
29
29
29
29
29
29
29
30
30
30
30
30
30
31
32
32
32
32
32
32
32
32
32
32
32
32
33
33
33
33
33
34
34
34
34
34
34
34
34
34
34
34
35
35
35
35
35
35
35
35
35
35
35
35
35
36
36
36
36
36
36
36
36
36
36
37
37
37
37
37
37
37
38
38
38
38
39
39
39
39
39
40
40
40
40
40
40
41
41
41
42
42
43
43
43
43
43
43
44
44
45
45
45
45
45
45
45
46
46
46
46
46
47
47
48
48
48
48
48
48
49
49
49
49
49
50
51
51
51
51
52
52
53
53
54
54
54
54
54
54
54
54
54
55
55
55
55
55
55
55
56
56
56
56
57
57
57
57
57
58
58
58
59
59
59
59
59
59
59
60
60
60
60
61
61
61
61
61
61
61
62
62
63
63
63
64
64
65
66
66
66
67
67
67
67
68
69
69
69
69
69
69
69
70
70
70
70
70
71
71
71
71
71
71
71
71
71
71
71
72
72
72
72
72
73
73
73
73
73
74
74
75
75
75
76
76
76
76
77
78
78
78
78
79
79
79
79
79
80
80
80
80
80
80
81
81
81
81
82
82
82
82
82
82
83
83
84
84
85
86
86
86
86
87
87
87
87
87
87
87
88
88
88
88
88
89
89
89
89
89
90
90
91
91
91
91
91
91
91
91
91
91
91
91
92
92
92
92
92
92
92
92
92
93
93
93
93
93
93
95
95
95
95
95
95
95
96
96
96
96
96
96
96
96
96
96
97
98
98
98
98
98
98
99
99
99
99
99
99
99
99
99
100
100
100
100
100
100
100
100
100
100
100
100
101
101
101
101
101
101
101
101
101
101
101
101
101
101
101
102
102
102
103
103
103
104
104
104
104
104
104
105
105
105
105
106
106
106
107
107
107
108
108
108
108
110
111
111
111
111
111
112
112
112
112
112
112
112
112
113
113
113
113
113
114
114
114
114
114
114
115
115
115
115
115
115
115
116
116
117
118
119
119
120
120
121
122
122
122
123
123
123
123
124
124
125
125
125
126
126
126
127
127
128
128
129
129
129
129
129
130
130
131
131
131
131
131
132
132
132
132
132
132
132
133
133
133
133
133
133
133
133
133
133
133
133
133
133
134
134
134
134
134
134
134
135
135
136
136
137
137
137
137
138
138
138
138
138
138
139
139
139
139
139
139
139
139
139
139
139
140
140
140
140
140
141
141
141
142
143
143
144
145
145
145
145
146
146
146
147
147
147
147
147
147
147
147
148
148
149
149
150
150
150
150
151
152
153
154
154
155
155
155
157
157
158
158
158
158
158
159
159
160
160
160
160
161
161
161
162
163
163
163
164
164
166
167
167
167
167
167
168
168
168
168
168
168
169
169
170
170
171
172
172
172
173
173
173
173
173
173
174
174
174
174
174
174
174
174
174
174
174
174
174
174
175
175
175
175
175
175
175
175
175
176
176
177
177
178
178
178
179
180
182
184
185
187
187
188
189
189
190
191
191
191
191
192
194
194
196
196
197
198
199
200
201
202
202
203
203
204
204
204
204
205
206
207
207
207
207
207
208
208
208
209
210
210
211
212
212
212
212
213
213
213
214
214
215
216
217
218
218
218
219
219
220
221
221
222
223
224
225
227
227
230
232
234
234
235
235
236
237
238
238
239
239
241
244
245
245
245
246
246
251
252
253
254
254
255
256
256
259
259
262
263
263
263
264
264
267
267
268
268
268
269
270
271
272
272
273
274
278
279
280
281
281
282
282
283
285
287
288
288
288
289
290
290
291
291
291
292
292
293
293
294
295
296
296
297
298
299
300
300
300
300
300
307
307
307
307
309
309
311
313
313
314
314
315
315
315
315
318
320
320
324
324
325
326
326
326
326
326
326
327
327
327
328
328
329
329
331
331
334
335
337
337
337
337
337
338
338
338
339
339
339
339
339
340
341
342
342
342
343
343
347
347
347
348
351
351
352
355
359
359
360
360
360
360
360
360
360
360
361
361
361
363
364
364
366
367
372
373
377
378
385
386
391
393
394
396
397
398
399
405
408
414
415
418
419
420
423
425
427
437
437
438
441
442
442
444
445
446
450
451
451
452
454
455
457
458
459
460
460
461
464
467
480
481
483
483
484
485
486
487
487
488
491
492
493
494
506
506
510
510
511
522
526
531
532
532
533
537
538
539
540
540
545
552
552
556
557
559
559
562
562
564
564
570
573
585
587
589
590
590
593
594
597
600
601
604
610
610
611
611
611
613
613
614
614
614
614
614
614
614
615
615
616
617
619
619
620
620
621
626
637
640
641
642
643
649
653
656
656
656
656
658
659
659
660
660
660
663
672
674
675
679
680
680
683
686
687
692
692
695
702
705
709
711
717
717
718
720
722
722
724
735
744
750
751
752
754
755
757
757
760
766
768
768
769
773
774
776
780
787
787
788
788
788
790
790
792
792
793
793
795
795
796
797
797
799
802
802
803
803
804
807
811
820
822
823
824
828
828
829
840
847
847
847
847
848
848
848
849
849
850
852
853
858
858
861
862
862
862
862
863
865
866
867
868
870
873
875
877
881
883
892
899
909
911
922
926
929
930
930
948
950
951
954
954
955
956
960
961
962
964
964
964
966
966
967
969
969
970
971
976
984
989
989
990
991
995
996
1028
1029
1029
1034
1034
1037
1048
1048
1050
1051
1055
1061
1064
1067
1068
1068
1071
1071
1081
1081
1086
1091
1093
1101
1102
1104
1110
1110
1112
1113
1117
1119
1123
1127
1129
1133
1135
1136
1139
1141
1142
1142
1145
1146
1147
1147
1147
1148
1156
1156
1157
1158
1158
1159
1160
1163
1169
1173
1182
1183
1186
1187
1187
1187
1188
1188
1188
1189
1195
1196
1205
1216
1221
1222
1223
1224
1237
1239
1243
1245
1249
1259
1274
1275
1286
1294
1295
1298
1298
1299
1299
1300
1300
1300
1301
1302
1302
1303
1303
1303
1304
1304
1304
1304
1305
1306
1306
1308
1308
1309
1309
1309
1311
1311
1312
1312
1312
1312
1313
1315
1316
1319
1319
1320
1320
1321
1321
1321
1321
1322
1322
1322
1322
1323
1326
1327
1328
1331
1331
1338
1339
1340
1341
1342
1342
1342
1343
1343
1344
1344
1344
1345
1345
1345
1346
1346
1348
1349
1349
1350
1351
1352
1352
1353
1353
1354
1355
1358
1358
1360
1360
1360
1360
1361
1362
1362
1363
1363
1365
1365
1365
1366
1366
1371
1371
1371
1372
1372
1373
1375
1376
1376
1376
1378
1379
1380
1381
1381
1381
1382
1382
1384
1384
1384
1385
1385
1386
1386
1386
1389
1392
1393
1393
1393
1393
1394
1394
1394
1394
1394
1394
1394
1394
1395
1395
1395
1395
1395
1395
1395
1395
1395
1395
1395
1395
1395
1396
1396
1397
1397
1397
1398
1398
1398
1399
1399
1400
1400
1400
1401
1402
1403
1403
1403
1403
1403
1403
1405
1406
1406
1406
1406
1408
1408
1408
1409
1409
1410
1411
1411
1411
1412
1412
1413
1413
1413
1413
1414
1414
1414
1414
1415
1415
1415
1415
1415
1415
1416
1416
1417
1418
1418
1419
1419
1419
1420
1421
1421
1421
1422
1423
1423
1423
1423
1423
1424
1424
1425
1425
1425
1426
1428
1428
1429
1430
1432
1436
1436
1441
1441
1442
1442
1443
1443
1443
1445
1446
1446
1447
1449
1449
1450
1451
1451
1452
1452
1452
1455
1455
1456
1457
1458
1459
1461
1467
1472
1473
1473
1474
1479
1481
1489
1489
1490
1498
1500
1519
1523
1534
1534
1534
1537
1543
1546
1557
1558
1558
1558
1562
1562
1570
1573
1573
1576
1579
1579
1582
1582
1582
1584
1586
1588
1589
1589
1590
1591
1592
1592
1592
1592
1593
1593
1594
1595
1596
1599
1599
1599
1599
1601
1601
1602
1603
1604
1604
1604
1605
1605
1605
1605
1605
1606
1606
1606
1607
1607
1610
1610
1611
1613
1613
1615
1615
1616
1616
1616
1616
1618
1619
1620
1620
1622
1623
1625
1628
1628
1628
1629
1630
1633
1633
1634
1638
1640
1640
1640
1642
1642
1643
1645
1651
1651
1651
1655
1655
1655
1656
1656
1656
1657
1657
1658
1658
1659
1660
1660
1661
1662
1663
1663
1663
1665
1665
1666
1666
1666
1667
1667
1671
1671
1671
1672
1675
1675
1675
1676
1676
1677
1679
1679
1679
1679
1680
1680
1680
1681
1681
1683
1683
1685
1688
1688
1689
1690
1690
1690
1690
1690
1691
1691
1693
1693
1694
1697
1697
1697
1698
1698
1699
1699
1702
1702
1703
1704
1704
1705
1706
1707
1708
1709
1711
1711
1712
1713
1715
1715
1716
1716
1716
1716
1718
1718
1720
1721
1721
1722
1722
1723
1723
1723
1723
1723
1725
1727
1728
1729
1730
1731
1732
1732
1733
1733
1733
1734
1734
1735
1737
1738
1741
1742
1742
1742
1743
1745
1746
1747
1747
1748
1748
1748
1751
1753
1753
1753
1754
1754
1754
1755
1755
1755
1755
1756
1756
1757
1758
1759
1761
1761
1764
1764
1764
1765
1765
1765
1765
1765
1766
1766
1768
1770
1771
1771
1772
1773
1773
1773
1773
1773
1773
1779
1779
1782
1783
1785
1786
1786
1786
1787
1787
1787
1788
1789
1789
1789
1789
1790
1790
1790
1791
1791
1794
1796
1796
1798
1798
1798
1799
1799
1799
1799
1800
1800
1800
1802
1802
1802
1803
1803
1804
1806
1807
1807
1808
1811
1812
1812
1813
1813
1816
1817
1817
1817
1818
1818
1821
1821
1822
1822
1824
1824
1826
1827
1827
1827
1829
1830
1830
1830
1830
1831
1832
1832
1833
1833
1834
1835
1836
1836
1837
1837
1838
1839
1839
1839
1839
1840
1840
1840
1841
1842
1842
1844
1844
1844
1844
1845
1845
1845
1849
1850
1853
1854
1854
1856
1856
1856
1856
1856
1859
1860
1860
1860
1860
1862
1863
1863
1863
1864
1865
1865
1866
1868
1868
1869
1870
1870
1873
1875
1875
1875
1875
1875
1877
1877
1878
1881
1882
1882
1882
1882
1883
1883
1883
1884
1885
1885
1885
1886
1893
1893
1898
1898
1900
1900
1903
1908
1908
1908
1909
1909
1912
1913
1916
1917
1921
1924
1924
1942
1942
1942
1948
1948
1949
1949
1952
1955
1956
1960
1961
1962
1962
1962
1962
1963
1968
1974
1977
1979
1979
1979
1980
1982
1982
1983
1984
1986
1987
1989
1990
1990
1991
1991
1991
1991
1991
1999
2003
2003
2007
2008
2010
2012
2013
2014
2015
2022
2022
2024
2026
2027
2027
2032
2033
2037
2037
2042
2044
2050
2050
2050
2050
2052
2052
2052
2054
2055
2056
2056
2057
2057
2057
2057
2058
2061
2062
2063
2064
2065
2065
2066
2067
2067
2068
2071
2073
2073
2074
2077
2078
2079
2083
2084
2085
2088
2090
2094
2098
2099
2100
2101
2103
2103
2106
2107
2108
2112
2112
2113
2114
2115
2118
2118
2119
2119
2121
2121
2123
2124
2126
2127
2127
2128
2130
2133
2135
2135
2136
2137
2145
2146
2148
2149
2150
2151
2151
2151
2152
2153
2154
2155
2156
2156
2158
2159
2161
2162
2163
2164
2164
2167
2174
2177
2183
2183
2184
2187
2189
2194
2204
2210
2212
2213
2219
2228
2229
2230
2235
2235
2235
2236
2238
2238
2239
2241
2241
2244
2245
2247
2253
2257
2261
2267
2270
2277
2287
2293
2296
2310
2313
2325
2331
2332
2334
2338
2340
2340
2341
2342
2344
2344
