0
2
3
3
4
4
5
5
7
7
7
7
8
8
8
9
10
10
10
11
11
11
16
19
20
20
20
21
21
21
21
21
21
21
21
21
21
22
22
22
22
22
22
22
22
22
22
22
22
22
22
23
23
23
23
23
23
24
24
25
25
26
27
27
28
28
29
29
29
29
29
30
30
30
30
30
30
30
30
30
30
30
31
31
31
31
31
31
31
31
31
31
35
35
35
35
36
36
36
36
36
36
36
36
36
36
36
36
36
36
36
36
36
36
36
37
37
37
37
37
37
37
37
37
37
38
38
39
39
40
40
40
41
43
43
43
43
44
44
46
47
49
50
51
52
52
54
54
54
54
55
55
55
55
55
55
56
56
57
57
57
58
59
59
59
60
60
60
60
60
60
60
61
61
61
61
61
61
61
62
62
63
63
63
64
65
65
65
65
65
66
67
68
69
69
69
69
70
70
71
71
72
74
74
74
75
75
76
77
77
77
78
78
80
80
81
81
81
82
82
82
84
85
85
85
85
86
89
89
89
89
89
89
92
92
93
93
95
96
96
96
97
98
99
99
99
99
99
99
100
100
100
100
101
101
101
102
102
102
103
103
103
103
104
104
104
105
105
106
106
107
107
108
108
109
109
112
113
113
113
114
114
115
115
116
116
116
117
121
121
122
123
124
124
125
125
125
125
125
125
125
125
125
126
126
126
126
126
126
126
126
127
127
127
127
127
128
128
128
128
129
129
129
129
129
129
132
133
133
133
133
133
133
134
134
134
134
134
134
134
134
134
134
134
135
135
135
135
135
135
136
136
136
137
137
139
139
140
140
140
141
141
141
143
143
143
143
144
144
144
145
145
145
145
145
145
146
146
146
146
146
146
146
146
146
147
147
147
147
147
147
147
147
148
148
148
148
148
148
150
156
160
161
162
163
163
163
164
164
164
164
164
164
165
165
165
165
165
165
166
166
166
166
166
167
167
167
168
168
168
168
169
169
170
170
170
171
171
171
172
172
172
172
172
173
173
173
176
178
180
182
183
185
186
186
187
188
188
190
193
193
194
194
194
194
194
194
194
194
195
195
195
195
195
195
196
196
196
196
196
197
197
197
197
197
198
199
199
199
200
202
202
204
205
206
207
207
210
212
213
213
214
214
214
214
214
214
214
214
214
214
217
217
219
219
219
219
220
220
220
220
220
220
220
220
221
221
221
221
221
221
221
222
222
222
222
222
222
223
223
223
223
223
223
223
223
223
223
224
224
224
224
224
224
224
224
225
225
225
225
225
225
225
225
227
228
228
232
232
233
233
234
236
236
236
237
238
238
239
241
242
242
243
243
244
244
244
244
246
246
246
246
246
247
247
247
248
248
248
250
250
251
252
252
254
255
255
255
255
256
257
257
258
258
258
262
263
263
264
264
265
266
267
267
268
268
269
269
269
269
270
270
272
273
273
274
274
274
275
277
277
278
278
279
281
281
281
282
282
283
283
283
284
284
285
286
286
287
288
290
290
290
291
291
291
291
292
292
292
292
292
292
292
292
293
293
294
294
294
294
295
295
296
297
298
299
301
302
302
302
303
303
304
304
305
305
305
305
306
306
307
307
307
307
307
308
308
308
309
309
311
311
311
312
312
313
314
316
317
317
318
318
318
319
319
322
323
323
323
324
324
325
325
325
326
327
329
329
330
331
332
333
334
340
340
340
340
340
341
341
341
342
345
345
345
346
347
347
348
348
348
348
348
348
349
349
351
352
352
352
356
358
358
358
358
359
361
362
363
365
367
368
370
370
372
375
376
378
380
380
381
381
382
382
383
385
388
388
389
389
393
394
394
394
395
395
395
395
395
396
397
397
398
398
399
400
404
404
408
409
411
412
415
416
417
417
420
423
424
425
425
425
425
425
426
426
426
427
427
428
429
430
430
431
431
431
431
432
434
434
436
436
437
438
439
441
443
443
445
445
448
449
449
449
449
449
449
449
450
450
450
450
450
450
450
450
450
451
452
453
454
454
454
455
457
458
458
458
459
459
459
461
463
463
464
466
466
467
468
468
469
469
469
469
470
471
471
472
473
473
473
474
475
475
475
475
476
477
478
480
481
481
482
482
482
483
483
483
483
483
483
484
484
484
485
485
485
486
487
487
488
489
489
491
491
492
492
492
492
492
493
493
493
494
494
494
495
495
497
498
499
499
502
502
503
503
504
504
504
506
506
506
507
507
507
509
509
509
513
514
515
517
517
518
518
519
520
525
525
526
526
526
527
527
527
528
528
529
532
532
533
533
535
537
538
538
538
541
543
549
549
549
550
550
551
553
553
553
554
557
557
560
560
563
566
571
571
571
571
574
575
578
579
579
582
590
591
601
601
603
604
605
606
606
606
607
609
613
614
617
622
625
625
640
640
643
644
650
659
661
663
673
681
682
687
689
691
692
699
702
703
704
705
705
706
707
707
708
709
710
710
710
711
711
712
714
717
718
718
720
721
721
723
724
725
725
726
727
728
728
728
729
729
730
730
731
731
732
732
733
733
734
735
735
735
735
736
737
737
737
738
738
738
739
740
740
741
742
743
744
744
745
745
746
746
746
746
747
748
748
748
748
749
749
749
749
749
750
750
750
751
752
752
755
755
755
755
755
756
758
759
759
760
762
762
762
763
763
763
764
764
765
766
767
767
768
769
769
771
771
772
773
774
775
775
775
777
778
778
780
780
781
783
784
785
785
792
793
794
794
794
795
795
796
797
797
798
798
799
800
800
801
801
802
802
803
803
803
805
806
807
808
809
809
810
811
812
812
812
813
813
814
814
814
815
815
815
816
818
819
820
820
821
823
824
824
826
826
826
826
828
829
830
832
832
834
834
834
834
834
837
838
840
841
842
843
844
844
845
847
849
849
852
852
853
854
858
861
862
862
863
863
863
863
864
865
866
866
867
867
867
868
868
869
869
870
870
870
872
872
873
873
873
873
874
874
874
874
874
874
874
874
874
874
874
875
875
875
875
875
875
875
876
877
877
877
877
878
878
878
879
880
881
882
882
883
883
884
884
884
885
889
893
894
894
895
895
895
897
897
899
899
900
900
901
904
906
907
908
915
927
929
930
931
931
932
932
933
933
935
946
947
951
955
955
956
960
961
966
967
968
968
969
975
975
975
975
975
975
975
977
977
977
977
977
977
978
978
978
978
983
983
984
987
989
991
991
1000
1003
1006
1006
1006
1008
1011
1012
1012
1016
1017
1018
1020
1020
1023
1025
1026
1028
1030
1032
1033
1036
1037
1038
1041
1041
1041
1042
1043
1043
1044
1045
1046
1047
1048
1050
1052
1054
1055
1058
1060
1060
1062
1062
1062
1062
1063
1063
1066
1067
1067
1073
1073
1074
1077
1081
1082
1085
1092
1092
1094
1097
1098
1100
1101
1104
1109
1110
1111
1112
1116
1116
1116
1117
1117
1118
1118
1119
1120
1120
1122
1123
1124
1128
1129
1129
1131
1132
1132
1132
1133
1133
1133
1133
1133
1133
1134
1134
1136
1136
1136
1138
1138
1140
1142
1142
1142
1143
1144
1144
1145
1146
1147
1149
1150
1151
1156
1157
1157
1157
1158
1158
1161
1162
1162
1163
1163
1163
1163
1164
1166
1166
1173
1174
1175
1176
1177
1179
1179
1179
1179
1180
1182
1183
1183
1184
1185
1187
1188
1188
1189
1191
1193
1194
1195
1197
1199
1199
1200
1202
1203
1204
1205
1206
1207
1207
1207
1209
1210
1210
1211
1212
1216
1217
1220
1220
1222
1223
1224
1225
1226
1227
1227
1227
1228
1229
1229
1230
1230
1230
1230
1230
1230
1232
1236
1238
1238
1242
1243
1243
1245
1245
1245
1245
1246
1246
1247
1248
1248
1249
1249
1250
1252
1255
1257
1257
1258
1259
1259
1259
1260
1263
1264
1264
1266
1268
1268
1269
1270
1272
1274
1277
1278
1279
1280
1283
1284
1284
1286
1292
1297
1299
1299
1304
1304
1308
1312
1316
1317
1317
1320
1320
1320
1327
1327
1329
1331
1331
1332
1332
1333
1333
1334
1339
1341
1342
1343
1344
1344
1345
1346
1346
1346
1347
1348
1348
1351
1355
1355
1356
1361
1363
1363
1364
1366
1366
1366
1369
1370
1370
1370
1371
1371
1371
1373
1374
1374
1374
1375
1375
1376
1377
1377
1377
1378
1380
1381
1382
1383
1386
1388
1389
1389
1389
1393
1393
1394
1397
1397
1397
1398
1399
1401
1407
1409
1411
1414
1415
1415
1415
1416
1417
1417
1417
1419
1420
1423
1427
1457
1461
1467
1468
1469
1470
1471
1480
1485
1490
1511
1517
1524
1532
1534
1534
1540
1545
1546
1546
1547
1553
1557
1558
1559
1560
1563
1564
1567
1568
1570
1570
1571
1575
1575
1581
1585
1586
1590
1590
1591
1592
1607
1611
1616
1618
1619
1620
1621
1626
1628
1630
1630
1632
1635
1635
1635
1635
1638
1639
1641
1641
1643
1644
1644
1644
1646
1647
1648
1649
1649
1650
1654
1654
1654
1654
1654
1655
1656
1660
1660
1661
1663
1664
1664
1664
1665
1665
1666
1666
1673
1674
1674
1674
1675
1675
1676
1680
1682
1685
1686
1688
1690
1691
1692
1694
1696
1696
1697
1697
1700
1701
1702
1703
1706
1707
1708
1709
1709
1710
1711
1711
1711
1712
1712
1712
1713
1713
1713
1713
1714
1715
1715
1716
1716
1717
1717
1717
1718
1718
1719
1724
1725
1725
1729
1730
1731
1731
1739
1740
1740
1741
1742
1744
1745
1746
1748
1748
1748
1748
1749
1750
1751
1752
1753
1754
1754
1755
1756
1757
1758
1758
1758
1759
1762
1763
1764
1765
1767
1767
1768
1768
1768
1769
1770
1772
1772
1772
1773
1775
1775
1776
1777
1777
1777
1777
1778
1778
1779
1780
1781
1782
1783
1783
1785
1785
1788
1790
1790
1792
1792
1794
1794
1797
1798
1798
1799
1799
1803
1803
1804
1804
1804
1804
1805
1805
1805
1807
1808
1809
1809
1809
1810
1810
1811
1811
1812
1812
1813
1815
1816
1816
1817
1818
1818
1819
1820
1821
1821
1821
1822
1823
1824
1824
1824
1825
1825
1826
1827
1827
1827
1828
1828
1828
1829
1831
1831
1833
1834
1834
1835
1836
1837
1838
1838
1839
1839
1840
1840
1845
1846
1846
1848
1848
1850
1851
1852
1853
1856
1857
1859
1860
1860
1862
1862
1863
1864
1865
1866
1868
1869
1869
1869
1870
1872
1873
1876
1876
1876
1877
1877
1879
1879
1881
1881
1885
1896
1897
1898
1901
1907
1907
1910
1924
1929
1929
1929
1930
1930
1930
1930
1930
1930
1930
1931
1931
1931
1931
1932
1933
1933
1933
1933
1933
1934
1963
1967
1968
1973
1974
1981
1981
1981
2010
2013
2014
2017
2018
2018
2022
2065
2065
2066
2074
2081
2099
2111
2138
2140
2142
2144
2151
2155
2158
2164
2164
2169
2172
2174
2176
2177
2189
2190
2190
2191
2192
2197
2200
2203
2207
2209
2210
2211
2211
2212
2212
2214
2214
2216
2217
2218
2219
2219
2220
2220
2222
2223
2224
2225
2226
2228
2228
2229
2230
2231
2232
2232
2232
2234
2234
2235
2236
2237
2237
2240
2243
2244
2245
2248
2249
2251
2252
2253
2256
2256
2257
2258
2264
2265
2265
2266
2268
2269
2270
2272
2277
2277
2282
2283
2283
2287
2294
2294
2296
2299
2299
2303
2303
2306
2307
2310
2312
2314
2319
2319
2321
2324
2324
2328
2328
2329
2334
2340
2352
2377
2384
2399
2403
2410
2413
2413
2414
2417
2417
2418
2419
2419
2422
2424
2425
2425
2426
2426
2427
2429
2430
2436
2437
2437
2440
2442
2442
2443
2445
2445
2447
2450
2451
2454
2455
2455
2456
2457
2457
2457
2458
2458
2461
2461
2461
2462
2462
2467
2472
2486
2506
2510
2511
2525
2529
2536
2542
2543
2545
2545
2551
2556
2571
2571
2574
2579
2591
2591
2594
2601
2602
2639
2643
2649
2659
2664
2664
2665
2670
2670
2677
2680
2682
2682
2689
2693
2694
2697
2698
2698
2700
2703
2705
2706
2707
2707
2707
2708
2710
2711
2711
2713
2713
2747
2758
2764
2766
2776
2777
2781
2781
2782
2784
2786
2786
2790
2795
2798
2800
2801
2801
2809
2810
2815
2816
2816
2816
2816
2822
2822
2823
2825
2829
2833
2833
2836
2837
2838
