2
2
3
3
4
5
5
6
7
8
9
9
10
10
11
11
11
12
12
13
15
15
15
15
16
16
16
17
18
19
20
21
21
22
22
22
23
23
23
24
24
24
24
24
24
25
25
25
25
25
25
26
27
27
27
27
28
28
28
28
28
28
28
28
28
28
28
28
29
29
29
29
29
29
29
29
29
29
29
29
29
29
30
30
30
30
30
30
30
30
30
31
31
31
31
31
31
31
31
31
31
32
32
32
32
33
33
34
34
35
35
36
36
37
38
38
38
38
38
38
38
39
39
39
39
39
39
39
39
40
40
40
40
40
40
41
41
41
41
41
41
41
41
42
42
42
42
43
43
43
44
45
46
46
46
46
46
46
47
47
47
47
47
47
47
48
48
48
48
48
48
48
48
49
49
49
49
50
50
50
50
50
50
50
50
51
51
51
51
51
51
51
52
52
52
54
55
55
55
55
56
56
56
56
57
59
59
59
61
61
61
61
63
63
65
65
65
65
66
66
66
66
66
66
66
66
66
66
66
66
67
67
67
67
67
67
67
67
67
67
67
67
68
68
68
69
69
69
69
70
70
72
72
72
73
73
73
73
73
74
74
74
74
74
74
74
75
75
75
75
75
76
76
76
76
76
77
78
78
78
80
81
82
82
82
84
84
85
86
86
86
86
87
87
87
87
88
88
90
92
92
94
96
96
98
99
99
99
101
101
102
102
103
103
103
103
104
104
105
106
108
108
108
111
111
111
112
112
112
112
112
112
112
112
112
112
112
113
113
113
113
113
114
114
114
115
115
116
119
119
120
121
121
121
124
124
126
126
126
126
128
128
129
129
129
130
131
131
132
133
134
134
134
134
134
135
135
135
135
135
135
135
135
137
138
138
139
139
139
140
140
140
141
141
143
144
146
146
146
146
147
150
150
150
151
151
152
152
153
153
154
155
155
155
155
155
155
155
156
156
159
159
161
161
161
162
162
162
162
162
162
162
162
163
163
163
163
163
163
164
164
164
164
164
164
164
164
164
165
165
165
165
165
165
165
165
166
166
166
166
166
167
167
168
168
168
168
169
170
171
172
172
172
172
172
172
173
173
173
173
173
173
174
174
174
174
174
174
175
175
175
175
178
178
179
180
180
181
181
181
181
181
181
182
182
182
182
182
183
183
183
183
183
184
184
184
185
185
185
185
186
186
187
187
188
188
189
190
190
190
190
190
191
191
191
194
196
196
196
196
197
200
201
201
201
201
201
202
202
202
203
204
204
205
205
208
209
213
217
220
221
221
221
222
222
222
222
222
230
236
237
239
242
253
264
272
275
280
287
288
290
293
295
301
303
326
330
332
335
338
339
340
340
341
344
346
347
349
351
352
353
353
356
357
357
360
362
364
365
365
366
372
372
411
423
424
424
424
433
443
444
480
483
485
485
497
497
500
500
505
507
508
511
511
511
512
513
514
514
514
514
514
515
517
518
518
518
520
520
520
520
522
522
524
525
525
526
528
528
529
529
529
530
531
532
533
533
534
535
539
539
539
539
540
540
541
541
543
543
543
543
543
544
544
545
545
546
546
549
550
550
550
552
552
552
553
554
554
555
555
556
559
561
562
563
563
563
563
564
564
565
567
567
567
567
568
570
574
577
579
580
581
581
582
582
583
583
584
587
587
587
587
587
588
588
588
588
589
589
589
589
589
590
590
590
590
590
591
591
591
591
593
593
594
595
597
599
601
602
603
603
605
606
609
609
610
610
610
614
616
618
618
619
620
629
629
630
630
631
633
634
634
634
635
635
636
639
639
640
640
640
641
644
644
644
644
644
645
645
645
645
646
646
647
649
649
650
650
650
651
651
652
654
654
655
655
658
658
659
660
660
660
660
660
660
661
664
664
665
665
665
665
666
666
666
666
666
666
666
666
666
666
666
666
667
667
667
667
668
668
668
669
670
672
672
674
674
674
674
674
674
676
676
677
677
678
680
680
681
681
682
682
682
683
683
683
683
683
684
684
684
684
684
684
685
685
685
686
686
688
688
689
689
690
690
691
692
692
692
692
692
693
693
693
694
695
695
697
699
701
701
703
703
704
705
705
707
710
711
713
717
717
717
718
719
719
719
720
721
721
723
723
723
723
724
724
725
726
726
728
729
729
730
731
732
732
733
734
734
734
736
736
739
740
741
741
741
742
742
742
743
743
747
748
749
751
751
751
754
754
754
755
757
758
761
761
763
763
764
764
765
768
768
769
770
770
771
771
772
774
774
776
776
776
777
778
778
778
779
779
780
780
783
784
784
786
787
787
787
790
791
791
791
791
791
792
792
792
792
792
795
797
798
799
800
801
801
801
801
803
804
805
806
808
808
808
808
809
809
810
810
810
811
812
812
812
812
813
814
815
815
816
817
819
819
820
820
821
821
822
823
823
823
823
823
823
824
824
824
825
827
827
828
829
830
830
830
831
831
832
835
835
835
836
837
841
841
845
846
847
847
849
852
854
854
855
856
857
857
860
861
864
864
865
867
870
871
872
872
873
874
875
875
875
875
875
877
877
878
878
879
879
881
881
881
882
883
883
884
884
885
885
885
886
886
887
887
889
889
889
890
890
891
891
891
891
892
893
893
894
894
895
896
896
896
897
898
900
900
900
901
901
901
902
904
905
907
908
908
908
908
909
910
910
911
911
913
913
913
914
914
915
916
917
917
918
918
919
919
919
919
920
921
921
922
922
924
925
925
925
929
931
932
932
934
934
934
934
934
934
934
934
934
934
934
935
935
935
940
942
943
947
947
949
950
952
953
953
955
955
955
956
958
959
959
959
959
962
962
963
963
963
963
963
963
963
964
964
964
965
965
965
967
968
968
968
968
968
969
970
971
973
973
974
974
975
975
977
978
978
978
980
980
981
981
982
983
984
984
984
985
986
988
988
990
993
995
995
996
996
996
996
996
996
996
997
997
997
997
997
997
997
998
998
998
998
999
999
999
1000
1000
1002
1005
1009
1010
1010
1012
1016
1016
1017
1018
1018
1020
1027
1027
1028
1030
1031
1033
1033
1033
1035
1036
1038
1038
1038
1038
1039
1040
1040
1042
1044
1046
1046
1046
1046
1046
1046
1047
1047
1049
1049
1054
1054
1056
1056
1058
1059
1059
1062
1072
1074
1074
1076
1077
1078
1078
1078
1082
1082
1087
1087
1095
1103
1103
1119
1120
1125
1130
1130
1133
1135
1135
1136
1138
1139
1140
1140
1142
1144
1144
1145
1145
1147
1148
1148
1149
1152
1153
1153
1154
1155
1155
1155
1155
1155
1158
1158
1158
1158
1158
1158
1158
1160
1160
1161
1162
1163
1163
1163
1164
1166
1166
1166
1166
1167
1167
1168
1168
1168
1169
1169
1170
1172
1172
1176
1176
1176
1176
1177
1177
1177
1177
1178
1178
1179
1179
1179
1180
1180
1180
1180
1181
1182
1182
1182
1184
1185
1187
1187
1187
1188
1189
1189
1189
1189
1190
1191
1192
1193
1194
1195
1195
1196
1198
1198
1199
1200
1201
1201
1202
1203
1203
1203
1204
1204
1205
1205
1207
1207
1208
1208
1209
1210
1210
1211
1211
1211
1211
1212
1212
1213
1213
1213
1214
1216
1216
1216
1216
1217
1217
1217
1217
1218
1218
1219
1219
1219
1220
1224
1224
1225
1226
1227
1228
1228
1229
1229
1231
1231
1232
1233
1234
1238
1238
1238
1239
1239
1240
1240
1240
1241
1241
1243
1245
1247
1249
1249
1250
1250
1251
1254
1256
1257
1257
1257
1257
1258
1258
1259
1259
1261
1261
1264
1264
1265
1265
1266
1266
1270
1273
1274
1274
1277
1277
1278
1285
1289
1289
1292
1297
1298
1301
1305
1307
1308
1309
1309
1312
1312
1312
1313
1314
1314
1317
1317
1319
1319
1319
1319
1320
1320
1320
1321
1321
1321
1322
1323
1324
1324
1326
1328
1329
1329
1329
1333
1333
1335
1337
1337
1337
1339
1340
1342
1343
1343
1344
1344
1345
1346
1347
1350
1350
1350
1351
1352
1352
1353
1355
1358
1360
1360
1361
1363
1364
1364
1366
1367
1370
1371
1371
1372
1372
1373
1373
1374
1376
1377
1377
1378
1378
1378
1379
1379
1380
1380
1380
1381
1381
1381
1381
1382
1382
1384
1388
1389
1390
1394
1394
1398
1399
1400
1404
1405
1406
1410
1411
1415
1422
1463
1466
1467
1467
1470
1474
1487
1487
1491
1497
1504
1515
1522
1536
1541
1545
1547
1554
1571
1571
1571
1571
1572
1573
1574
1576
1577
1577
1577
1577
1577
1577
1577
1581
1584
1587
1591
1599
1600
1603
1605
1605
1606
1608
1609
1611
1612
1613
1614
1616
1617
1619
1620
1623
1623
1623
1623
1623
1623
1623
1625
1630
1634
1637
1638
1639
1639
1640
1640
1641
1645
1646
1647
1650
1651
1652
1655
1660
1660
1661
1662
1665
1665
1667
1670
1675
1700
1704
1710
1717
1718
1721
1725
1728
1732
1732
1735
1740
1743
1743
1745
1750
1750
1751
1752
1752
1753
1756
1758
1758
1760
1760
1760
1761
1762
1762
1763
1764
1765
1765
1768
1769
1770
1771
1772
1772
1775
1775
1777
1778
1778
1779
1781
1781
1782
1782
1783
1783
1784
1785
1785
1785
1788
1788
1789
1789
1790
1792
1792
1793
1794
1794
1794
1795
1799
1801
1802
1802
1803
1804
1804
1805
1807
1807
1807
1809
1809
1810
1812
1814
1814
1814
1817
1818
1819
1822
1823
1823
1829
1829
1829
1830
1833
1835
1835
1835
1836
1840
1841
1844
1852
1856
1865
1867
1874
1878
1880
1882
1882
1885
1886
1890
1890
1891
1892
1892
1893
1893
1893
1893
1894
1898
1973
1980
1987
1987
1987
1988
1988
1990
2001
2002
2002
2008
2009
2009
2015
2016
2018
2019
2022
2025
2030
2031
2031
2032
2033
2037
2041
2041
2043
2043
2048
2050
2050
2051
2052
2053
2053
2056
2057
2061
2063
2066
2066
2067
2069
2069
2070
2072
2074
2074
2076
2076
2082
2084
2089
2092
2094
2094
2094
2095
2095
2096
2097
2097
2098
2099
2100
2100
2102
2103
2105
2105
2107
2108
2108
2110
2111
2111
2116
2117
2122
2122
2124
2125
2125
2126
2133
2133
2133
2135
2135
2138
2139
2142
2145
2145
2148
2149
2149
2150
2151
2153
2156
2157
2160
2160
2166
2169
2172
2172
2173
2182
2183
2184
2191
2192
2195
2200
2201
2214
2216
2219
2223
2223
2223
2224
2224
2224
2225
2226
2226
2227
2231
2231
2232
2232
2234
2236
2236
2237
2241
2245
2245
2246
2260
2260
2261
2261
2261
2262
2263
2267
2268
2269
2271
2272
2274
2274
2275
2276
2282
2283
2284
2288
2288
2290
2292
2292
2294
2303
2303
2304
2304
2307
2307
2308
2309
2309
2311
2312
2312
2315
2316
2316
2321
2324
2329
2330
2330
2331
2332
2333
2333
2333
2334
2338
2339
2341
2342
2346
2347
2347
2349
2350
2353
2353
2355
2355
2357
2359
2361
2361
2361
2364
2380
2396
2405
2453
2453
2453
2468
2472
2483
2484
2485
2489
2489
2494
2495
2495
2496
2497
2500
2500
2500
2501
2501
2501
2503
2504
2504
2504
2505
2505
2506
2512
2513
2515
2519
2521
2521
2521
2522
2525
2526
2532
2541
2543
2543
2544
2544
2546
2547
2549
2550
2551
2554
2555
2557
2557
2559
2561
2567
2570
2573
2574
2578
2583
2585
2590
2591
2591
2597
2597
2598
2599
2600
2602
2611
2611
2612
2612
2614
2615
2615
2615
2615
2616
2616
2617
2617
2619
2620
2623
2623
2623
2624
2627
2631
2634
2635
2636
2637
2639
2639
2639
2641
2642
2642
2642
2644
2645
2647
2648
2648
2649
2652
2652
2655
2658
2658
2660
2664
2664
2713
2713
2714
2721
2722
2723
2725
2725
2727
2729
2742
2742
2820
2820
2826
2827
2827
2836
2836
2836
2841
2884
2897
2897
2918
2923
2943
2944
2944
3001
3012
3020
3022
3023
3023
3024
3032
3036
3036
3061
3065
3075
3076
3086
3088
3121
3121
3126
3126
3128
3132
3133
3133
3157
3171
3178
3192
3216
3228
3230
3232
3233
3234
3241
3241
3244
3254
3255
3257
3267
3268
3268
3276
3277
3281
3285
3286
3287
3289
3297
3297
3298
3300
3303
3316
3320
3326
3330
3336
3337
3338
3343
3344
3345
3347
3348
3349
3350
3353
3354
3354
3355
3358
3360
3361
3361
3361
3371
3391
3394
3394
3397
3399
3404
3406
3407
3413
3414
3418
3421
3426
3427
3454
