0
2
2
3
3
4
4
5
5
5
5
6
6
7
7
7
7
7
7
7
8
8
9
9
9
9
10
10
10
10
11
11
11
12
12
14
14
15
15
15
15
16
16
16
16
16
16
17
17
18
19
19
19
19
20
20
21
21
21
21
21
22
22
22
23
23
24
25
25
25
25
25
25
25
25
26
26
26
26
26
26
26
27
27
27
27
27
27
27
27
27
28
28
28
28
28
29
29
29
29
29
30
31
31
31
32
32
32
32
32
32
32
33
33
33
33
33
34
34
34
34
34
34
34
34
34
34
34
34
34
34
34
35
35
35
35
35
35
35
35
35
35
35
36
36
36
37
37
37
37
38
38
38
38
38
38
39
39
39
39
40
40
41
41
41
42
42
42
43
43
44
44
44
44
45
45
45
46
46
46
46
47
47
47
48
49
49
50
51
51
53
54
55
55
55
55
56
56
57
58
59
60
61
61
61
62
63
63
63
65
65
66
67
70
71
72
73
73
80
81
81
82
82
82
82
82
82
82
82
82
82
82
82
83
83
83
83
83
83
84
84
84
84
85
86
86
87
87
87
88
88
89
89
89
89
89
91
92
94
97
97
97
98
99
101
105
108
108
115
116
117
118
118
118
118
119
119
119
119
120
120
122
123
124
125
127
128
128
128
128
128
132
135
136
136
136
136
137
137
137
138
140
140
140
143
145
146
146
147
148
149
150
152
152
152
154
154
155
156
158
158
158
159
159
159
160
160
161
161
162
162
163
166
166
170
170
170
170
170
171
172
172
172
173
174
174
174
175
175
175
176
176
176
177
178
179
179
180
181
182
183
184
185
185
185
186
186
186
187
188
188
188
188
189
189
189
190
191
191
191
192
193
193
193
193
193
194
194
195
195
195
196
197
198
199
199
199
200
200
201
202
202
202
203
205
205
206
206
206
207
207
207
208
208
209
209
209
210
210
211
211
211
211
212
213
213
213
214
215
215
217
217
217
218
218
219
219
219
220
220
220
220
221
222
222
223
224
224
224
224
225
225
226
228
228
228
228
229
229
230
230
231
231
231
232
232
233
233
234
234
234
234
235
235
236
236
236
236
237
237
237
237
238
238
239
239
239
239
240
240
240
240
242
243
244
244
245
245
245
246
246
246
246
246
247
247
247
247
247
247
247
248
248
248
248
248
248
248
248
249
249
250
250
251
251
251
252
252
253
253
253
253
254
254
254
254
254
254
254
254
255
255
256
256
256
256
258
260
260
261
261
261
262
263
263
264
264
266
267
267
267
268
268
268
269
269
269
269
269
269
270
270
270
270
270
270
270
270
270
270
270
270
270
271
271
271
271
271
271
271
271
272
273
274
275
276
277
278
279
281
281
281
281
283
285
285
286
286
287
288
288
288
288
288
288
288
289
289
289
289
289
289
289
289
290
290
291
293
293
294
294
295
295
296
296
296
297
299
300
300
302
302
302
302
303
303
303
303
303
303
304
304
304
304
304
304
305
305
306
308
308
309
309
310
310
310
311
312
313
314
314
315
316
316
317
318
320
322
323
326
326
326
326
327
328
329
330
330
331
331
333
333
333
333
335
336
336
337
338
338
338
338
339
339
341
341
341
341
341
341
342
342
343
343
344
346
346
346
347
347
347
347
347
347
347
348
348
348
348
348
349
350
351
351
353
354
354
354
354
355
355
355
356
356
356
356
356
356
356
356
356
357
357
357
357
357
357
357
357
357
357
357
357
358
358
359
359
359
359
359
359
360
360
360
360
361
361
361
361
361
361
361
362
362
362
362
362
362
363
363
363
363
363
363
364
364
365
365
367
367
368
368
368
369
369
369
369
369
369
369
369
369
369
370
370
371
371
371
371
371
371
371
372
372
372
372
372
372
372
372
372
372
372
372
373
373
373
373
373
374
375
375
376
376
376
376
377
377
377
378
378
378
378
378
378
378
378
379
379
379
380
380
380
381
383
384
384
384
386
386
386
387
387
389
389
390
391
392
393
395
395
395
395
395
395
396
396
396
396
396
397
397
397
397
397
398
398
398
399
399
399
399
400
400
401
401
402
402
403
404
404
404
404
404
404
404
408
409
412
412
413
414
417
419
420
421
422
422
422
422
423
423
423
425
427
428
430
431
431
432
433
434
435
435
435
436
436
436
437
439
439
441
441
442
443
443
444
444
445
446
448
448
449
453
455
455
455
457
463
463
463
463
464
464
467
468
471
472
472
473
474
475
475
475
476
476
476
476
476
477
478
479
480
480
481
481
481
481
481
481
481
482
483
483
483
483
483
483
484
485
485
485
486
486
486
487
487
487
489
489
490
492
492
492
493
494
495
495
496
496
497
497
497
498
499
499
500
500
500
500
500
500
503
503
503
503
503
504
504
506
506
506
506
507
507
507
508
508
508
509
509
509
509
510
511
512
512
514
514
514
515
516
517
519
520
520
521
522
522
522
526
526
526
528
532
532
532
534
541
543
545
547
547
547
551
552
556
557
559
559
563
563
564
571
576
577
579
584
584
584
585
592
592
592
592
593
595
597
603
606
607
611
612
612
612
613
613
614
614
627
633
634
634
634
637
642
642
643
643
643
643
645
645
646
647
647
649
649
650
651
651
651
652
653
653
654
654
654
654
654
654
655
655
656
656
656
656
656
657
657
659
659
659
661
661
663
667
668
669
669
670
671
672
673
676
676
678
679
681
683
684
685
686
686
686
687
687
687
688
688
689
690
690
690
690
691
692
692
694
694
695
695
696
696
696
697
697
697
699
699
700
700
703
703
704
704
704
704
704
705
705
705
705
705
705
705
706
707
708
708
709
709
713
714
714
715
716
716
718
718
719
719
720
720
720
722
722
723
723
723
723
724
725
726
726
726
728
728
728
729
730
730
730
731
731
733
735
736
737
737
737
739
739
740
742
743
743
743
746
747
748
751
751
752
755
755
757
758
758
759
759
759
760
761
761
762
763
763
765
765
766
767
768
768
768
769
769
769
771
771
772
772
774
775
775
775
776
776
777
777
778
779
779
780
780
780
780
780
780
781
781
781
781
781
785
786
787
790
791
792
792
794
795
795
797
798
799
801
802
802
802
809
813
815
815
817
817
817
817
818
818
818
822
823
824
824
825
828
833
833
833
834
838
844
858
865
870
871
871
872
876
878
879
880
882
884
889
892
895
897
899
899
901
902
902
904
905
907
908
910
911
911
914
915
916
916
918
920
920
920
920
920
921
921
922
922
922
923
923
924
924
925
927
928
928
928
928
928
928
928
928
928
929
929
930
930
930
932
932
933
933
934
936
937
937
941
941
941
943
943
943
948
953
953
956
956
957
957
960
960
960
963
964
966
969
969
970
971
972
972
973
974
975
976
976
978
979
979
981
983
986
992
993
995
996
996
997
997
1005
1009
1009
1010
1010
1010
1010
1011
1012
1013
1013
1014
1015
1018
1020
1021
1021
1021
1022
1022
1023
1026
1026
1027
1027
1027
1027
1027
1027
1028
1029
1039
1045
1058
1062
1066
1069
1070
1070
1076
1076
1078
1078
1100
1106
1113
1116
1117
1119
1119
1126
1126
1130
1132
1152
1164
1165
1168
1168
1168
1169
1177
1177
1187
1190
1190
1190
1190
1192
1199
1202
1204
1207
1209
1210
1210
1215
1220
1222
1224
1224
1225
1227
1228
1228
1230
1231
1231
1231
1231
1235
1235
1235
1235
1235
1235
1236
1237
1238
1238
1239
1240
1244
1245
1252
1252
1253
1254
1254
1256
1259
1260
1260
1262
1262
1263
1263
1264
1264
1266
1267
1268
1269
1270
1270
1271
1272
1272
1272
1272
1273
1274
1274
1274
1274
1277
1282
1283
1284
1284
1287
1294
1294
1299
1301
1301
1302
1304
1305
1306
1307
1310
1311
1312
1313
1314
1314
1317
1319
1319
1320
1320
1321
1321
1330
1332
1332
1333
1337
1337
1344
1345
1345
1346
1346
1347
1347
1348
1349
1352
1353
1353
1360
1360
1361
1362
1365
1366
1367
1367
1367
1377
1379
1395
1396
1413
1419
1420
1432
1435
1441
1441
1442
1442
1444
1511
1512
1514
1514
1519
1521
1521
1525
1538
1545
1546
1546
1548
1549
1550
1550
1553
1555
1557
1558
1559
1560
1560
1566
1569
1570
1572
1575
1578
1582
1582
1583
1584
1587
1587
1588
1588
1588
1589
1589
1590
1591
1592
1593
1594
1594
1595
1595
1596
1596
1596
1597
1597
1597
1597
1599
1600
1600
1601
1601
1602
1604
1605
1605
1605
1607
1607
1608
1608
1609
1609
1609
1610
1610
1610
1610
1611
1611
1611
1612
1613
1613
1614
1614
1615
1617
1618
1619
1619
1619
1620
1620
1621
1622
1624
1624
1624
1625
1626
1628
1628
1628
1629
1630
1632
1632
1632
1633
1633
1635
1638
1638
1639
1640
1644
1645
1645
1645
1645
1646
1646
1647
1648
1649
1649
1649
1651
1652
1652
1653
1653
1653
1653
1653
1655
1655
1656
1657
1659
1659
1659
1660
1662
1662
1662
1663
1663
1663
1666
1667
1670
1671
1672
1673
1675
1677
1678
1679
1683
1684
1684
1685
1686
1686
1688
1688
1688
1689
1690
1690
1691
1693
1694
1695
1696
1697
1698
1698
1700
1703
1703
1704
1704
1705
1705
1706
1710
1713
1718
1719
1720
1722
1722
1722
1723
1723
1726
1726
1726
1726
1727
1727
1727
1728
1728
1728
1729
1729
1731
1732
1732
1732
1732
1733
1735
1738
1739
1739
1739
1741
1741
1741
1742
1742
1742
1742
1743
1743
1744
1745
1747
1747
1747
1748
1750
1750
1750
1751
1751
1751
1751
1752
1755
1755
1755
1756
1756
1756
1758
1759
1759
1760
1760
1761
1763
1764
1765
1765
1766
1766
1767
1768
1769
1769
1769
1770
1770
1771
1771
1772
1772
1773
1774
1774
1774
1776
1776
1777
1778
1780
1782
1784
1785
1785
1785
1786
1788
1790
1790
1791
1791
1792
1794
1795
1796
1796
1797
1797
1797
1799
1800
1800
1801
1802
1802
1802
1802
1802
1803
1803
1804
1804
1804
1804
1804
1804
1804
1804
1809
1811
1811
1811
1811
1812
1812
1812
1813
1813
1813
1814
1815
1818
1818
1819
1820
1821
1821
1822
1823
1823
1823
1825
1825
1826
1826
1826
1826
1829
1829
1832
1833
1834
1836
1836
1836
1839
1840
1841
1843
1843
1844
1845
1848
1848
1850
1850
1852
1853
1854
1855
1855
1856
1857
1857
1858
1864
1865
1875
1876
1876
1879
1880
1880
1883
1883
1883
1890
1892
1893
1897
1897
1900
1900
1903
1907
1914
1919
1919
1924
1924
1925
1929
1931
1931
1951
1951
1954
1957
1964
1969
1977
1988
1992
1993
1995
1995
2002
2006
2011
2021
2022
2022
2022
2022
2028
2042
2042
2049
2050
2052
2061
2069
2069
2080
2091
2100
2107
2107
2108
2111
2116
2116
2117
2120
2120
2121
2123
2123
2123
2124
2125
2125
2126
2126
2126
2130
2131
2132
2136
2137
2140
2141
2142
2143
2145
2146
2146
2149
2150
2151
2153
2154
2154
2154
2154
2155
2155
2156
2156
2157
2157
2157
2159
2160
2160
2162
2162
2166
2167
2167
2171
2172
2172
2174
2177
2188
2191
2196
2197
2203
2207
2209
2209
2220
2222
2249
2259
2260
2285
2286
2294
2299
2299
2299
2299
2299
2299
2299
2300
2301
2302
2307
2314
2314
2317
2320
2321
2326
2328
2329
2341
2343
2343
2345
2346
2347
2359
2362
2364
2364
2366
2369
2370
2370
2371
2371
2372
2380
2381
2381
2382
2383
2384
2387
2387
2389
2390
2395
2399
2400
2401
2406
2409
2410
2410
2424
2428
2429
2430
2432
2434
2436
2438
2439
2441
2442
2442
2442
2446
2446
2457
2459
2460
2463
2469
2472
2474
2476
2481
2510
2519
2526
2556
2557
2558
2561
2561
2562
2565
2567
2625
2672
2700
2731
2742
2745
2745
2747
2747
2751
2754
2758
2761
2793
2797
2853
2854
2858
2871
2873
2876
2880
2880
2880
2880
2880
2886
2887
2892
2893
2895
2897
2898
2900
2902
2905
2905
2906
2910
2910
2914
2914
2917
2918
2919
2919
2919
2920
2922
2922
2923
2924
2930
2930
2931
2933
