2
3
3
3
4
5
5
7
7
7
7
8
8
9
9
9
10
10
10
10
10
11
11
11
12
12
12
13
13
13
14
14
14
14
15
15
15
15
15
15
16
16
16
16
17
17
17
17
17
18
18
19
19
20
20
20
20
20
20
20
20
20
20
21
21
21
21
21
21
21
21
21
21
21
21
21
21
22
22
23
23
23
23
23
23
23
23
24
24
24
24
24
25
25
25
26
26
27
27
27
27
27
28
28
28
28
28
28
28
28
28
28
29
29
29
29
29
29
29
29
29
30
30
30
30
30
31
31
32
33
33
33
33
33
33
33
34
34
35
35
36
36
36
36
36
36
36
37
37
37
38
38
38
38
38
39
40
40
41
41
41
41
41
41
41
41
41
41
41
42
42
42
42
42
42
43
43
43
43
43
43
43
43
43
43
44
44
44
44
44
47
47
47
48
48
48
49
49
49
50
50
50
50
51
52
53
53
53
54
54
58
58
58
58
58
58
59
59
59
59
59
59
59
59
59
59
60
60
61
62
62
62
62
63
63
64
64
66
66
67
68
68
69
71
71
72
72
72
73
73
73
74
74
74
74
75
76
76
79
79
80
80
80
80
80
81
81
85
86
86
87
87
89
92
93
94
94
95
96
99
100
102
103
108
108
108
109
109
109
111
112
113
115
116
122
125
126
130
132
132
137
138
138
138
139
139
143
143
148
149
149
150
150
150
150
151
151
151
155
155
156
157
157
158
160
160
161
162
164
164
167
167
167
169
169
169
170
170
170
170
171
171
171
173
173
174
174
175
175
175
176
176
176
177
180
180
180
181
182
182
183
186
186
186
186
188
188
188
188
188
188
188
188
189
189
190
191
191
191
193
193
195
196
196
196
196
197
198
198
198
198
199
200
200
201
202
202
203
203
204
205
205
205
205
205
205
206
207
207
207
210
211
212
212
213
213
214
214
215
216
217
218
218
219
219
221
221
222
223
224
224
225
226
226
226
227
227
228
228
229
230
231
231
231
232
233
235
240
241
241
242
242
243
243
245
245
246
248
248
250
250
251
252
253
254
256
256
257
258
259
260
260
260
261
262
262
263
264
264
264
265
265
266
266
267
267
268
268
269
269
270
271
272
272
272
273
275
277
279
280
281
283
283
284
285
285
285
288
289
289
290
290
290
292
292
292
292
292
293
293
293
294
294
294
295
295
295
295
296
296
297
299
299
300
301
301
302
302
304
305
307
308
309
309
309
313
313
314
315
315
315
315
315
316
316
316
316
316
317
317
317
317
317
317
317
317
317
317
317
318
318
318
318
318
318
318
318
319
319
319
319
319
319
319
319
320
320
322
322
322
324
324
325
325
325
326
326
327
327
327
327
327
327
327
328
328
328
328
328
328
329
329
331
331
331
333
335
335
335
336
336
337
337
337
338
338
338
339
342
343
343
345
348
348
350
350
350
350
352
353
353
353
354
355
356
358
360
361
361
362
364
365
365
365
366
367
368
368
369
370
371
372
372
372
372
372
372
374
375
375
375
375
375
376
376
376
376
376
377
377
377
377
377
377
378
378
379
379
379
379
380
381
381
381
381
383
383
384
384
385
385
387
391
392
392
393
394
396
398
399
399
399
400
400
400
400
400
400
401
401
405
405
406
407
407
407
407
408
408
409
410
410
411
411
411
411
411
412
412
413
413
414
415
415
416
416
417
418
418
419
420
422
422
423
424
424
425
426
427
428
429
430
430
431
432
433
433
433
433
434
434
435
435
435
435
435
436
436
436
436
436
437
437
439
439
439
439
440
442
442
442
443
443
443
443
443
443
443
444
444
444
444
444
444
444
444
444
445
445
445
445
445
445
445
446
447
447
447
447
447
448
448
448
448
448
449
450
453
453
453
454
454
454
454
456
459
459
459
460
463
463
463
464
465
465
466
467
469
470
470
470
471
471
473
473
474
474
474
475
475
475
475
476
476
476
477
477
477
477
477
477
477
477
477
477
477
479
479
480
480
480
480
480
481
481
481
481
481
481
481
481
481
482
482
482
482
482
482
482
482
482
482
484
484
484
485
485
485
485
485
485
485
486
487
487
488
488
492
495
496
498
498
500
501
501
501
501
503
504
504
505
506
507
509
509
509
510
510
510
512
512
513
513
513
514
514
514
514
514
514
514
514
514
514
514
515
515
515
515
515
516
517
517
517
518
518
518
518
519
519
519
520
520
520
521
521
521
522
524
524
524
524
525
525
525
525
525
525
526
526
526
526
526
527
527
528
528
528
528
528
528
529
529
529
530
530
531
531
532
533
533
534
534
534
534
535
535
535
536
536
536
537
538
538
539
539
540
540
540
540
540
540
540
541
541
541
541
542
542
543
545
545
546
548
548
548
549
549
549
550
551
552
553
553
553
553
558
560
561
562
562
562
563
563
563
564
565
565
565
565
565
566
566
566
566
567
567
567
567
567
568
568
569
569
569
570
571
571
573
573
574
574
576
577
577
578
578
579
579
579
580
581
581
582
582
583
583
583
584
584
585
585
585
585
586
590
591
591
592
593
593
596
600
600
600
600
600
600
602
603
603
604
606
606
606
606
608
608
608
609
609
611
612
614
614
614
614
614
615
615
616
616
618
618
620
622
623
623
624
625
625
626
626
626
626
632
632
635
636
644
651
652
652
652
654
654
654
655
655
656
657
658
661
661
662
663
663
663
665
666
671
672
672
672
672
672
672
673
673
673
675
679
679
681
681
682
682
682
682
682
683
684
684
686
687
690
690
692
694
694
694
695
696
697
700
703
706
707
707
707
707
708
708
708
709
709
709
714
722
724
726
726
726
727
729
730
731
732
733
734
735
735
737
741
742
749
753
754
754
755
755
755
756
756
756
756
756
756
756
756
758
759
767
769
769
771
776
780
782
782
784
785
786
786
788
788
792
793
795
796
796
797
797
800
804
805
808
811
811
811
812
812
814
814
815
815
815
816
816
816
816
817
818
818
819
819
819
819
821
822
822
822
822
823
823
825
826
826
826
826
827
827
827
827
827
827
828
828
829
829
829
830
830
832
833
833
833
833
833
833
834
835
835
835
835
835
835
835
836
836
836
836
837
837
837
837
838
839
839
839
840
840
841
842
842
842
843
843
844
845
845
845
846
846
847
847
848
848
848
848
848
848
848
848
849
849
849
850
851
851
852
852
852
852
855
856
856
856
856
857
857
857
859
860
860
863
863
864
864
864
865
865
865
866
866
868
868
869
869
869
871
871
873
873
874
875
876
876
878
878
879
879
881
882
884
884
886
887
887
888
889
889
890
891
891
892
892
892
893
894
895
895
895
895
896
896
896
897
897
898
900
900
900
900
902
902
903
903
904
904
904
904
905
905
907
908
909
909
911
911
911
912
912
912
912
912
912
912
913
913
913
914
914
915
916
917
918
920
922
922
922
922
923
923
924
924
924
925
925
926
927
928
928
928
928
928
929
929
929
929
932
933
933
934
934
936
936
937
939
940
941
942
943
943
944
944
945
946
947
947
947
948
949
950
951
952
955
955
956
957
957
957
958
959
960
960
961
962
962
963
964
965
965
965
965
965
966
967
971
971
973
977
978
980
981
986
987
987
987
987
988
995
995
996
996
999
1001
1004
1008
1009
1009
1014
1014
1015
1016
1016
1017
1019
1021
1021
1022
1022
1023
1026
1026
1029
1035
1039
1040
1044
1049
1049
1051
1052
1052
1052
1052
1053
1053
1058
1058
1062
1063
1063
1066
1067
1067
1070
1072
1073
1076
1083
1084
1084
1085
1086
1089
1089
1095
1096
1096
1098
1098
1102
1105
1105
1113
1113
1117
1118
1121
1123
1126
1129
1144
1145
1147
1148
1150
1151
1151
1152
1155
1156
1156
1157
1165
1165
1166
1169
1169
1173
1174
1176
1176
1177
1177
1180
1182
1184
1185
1186
1188
1191
1192
1193
1193
1194
1195
1195
1199
1199
1203
1204
1204
1214
1227
1235
1241
1244
1251
1258
1260
1263
1268
1270
1270
1270
1270
1270
1270
1270
1270
1270
1271
1271
1273
1273
1275
1277
1277
1281
1286
1286
1287
1287
1287
1292
1294
1294
1297
1297
1297
1299
1300
1300
1301
1301
1301
1302
1302
1302
1307
1313
1317
1321
1323
1327
1330
1330
1331
1332
1334
1336
1342
1346
1346
1347
1350
1351
1353
1353
1353
1359
1362
1363
1363
1364
1364
1364
1364
1364
1365
1365
1365
1365
1366
1366
1370
1371
1371
1371
1372
1372
1380
1381
1385
1386
1387
1387
1387
1387
1387
1387
1388
1388
1388
1388
1388
1392
1392
1394
1410
1414
1420
1420
1421
1422
1427
1428
1428
1506
1544
1545
1546
1550
1552
1587
1605
1621
1629
1630
1630
1633
1641
1642
1643
1644
1647
1647
1648
1648
1648
1648
1648
1649
1649
1649
1650
1650
1650
1650
1655
1657
1657
1660
1667
1669
1670
1670
1673
1673
1675
1676
1678
1686
1691
1693
1695
1697
1697
1697
1698
1715
1721
1728
1733
1733
1734
1734
1734
1734
1734
1734
1741
1742
1744
1747
1748
1748
1748
1749
1750
1751
1752
1755
1760
1772
1781
1784
1784
1784
1785
1786
1786
1786
1786
1786
1786
1787
1787
1788
1788
1790
1790
1790
1792
1795
1795
1798
1801
1808
1809
1815
1817
1817
1828
1828
1829
1829
1829
1829
1829
1829
1830
1830
1885
1895
1896
1896
1896
1898
1899
1901
1901
1901
1902
1903
1904
1904
1904
1905
1906
1909
1911
1911
1912
1912
1914
1915
1916
1924
1948
1952
1956
1957
1957
1963
1964
1966
1968
1968
1972
1972
1973
1973
1974
1975
1975
1977
1980
1980
1982
1982
1982
1982
1982
1982
1982
1983
1984
1986
1986
1987
1988
1988
1990
1994
1995
1998
1998
1999
2000
2001
2002
2003
2006
2007
2008
2010
2012
2012
2012
2014
2014
2015
2017
2019
2019
2020
2020
2021
2021
2023
2026
2027
2028
2038
2044
2044
2046
2051
2051
2056
2062
2068
2080
2122
2129
2163
2168
2170
2170
2170
2184
2185
2186
2190
2192
2194
2195
2196
2196
2196
2197
2199
2200
2200
2200
2201
2203
2204
2204
2205
2205
2205
2208
2211
2211
2212
2213
2214
2215
2216
2217
2217
2217
2218
2218
2218
2218
2218
2221
2225
2226
2227
2229
2229
2229
2229
2232
2232
2238
2239
2239
2239
2239
2242
2243
2245
2245
2250
2251
2251
2252
2252
2256
2259
2268
2281
2285
2290
2290
2290
2290
2291
2291
2292
2299
2305
2305
2305
2305
2308
2310
2314
2314
2314
2315
2315
2316
2316
2317
2318
2321
2323
2323
2323
2325
2325
2328
2328
2329
2329
2329
2330
2330
2331
2334
2335
2338
2340
2342
2347
2348
2348
2349
2351
2354
2358
2358
2359
2359
2359
2361
2363
2366
2366
2367
2367
2368
2371
2371
2373
2376
2381
2383
2385
2388
2388
2390
2391
2405
2412
2414
2418
2419
2420
2421
2431
2431
2436
2440
2442
2454
2454
2458
2467
2472
2474
2476
2483
2483
2484
2486
2488
2488
2488
2489
2492
2496
2499
2501
2501
2502
2510
2523
2534
2561
2636
2665
2666
2667
2670
2679
2691
2694
2704
2713
2743
2758
2835
2841
2842
2844
2845
2845
2847
2849
2850
2850
2850
2850
2851
2851
2851
2852
2853
2855
2856
2857
2857
2858
2861
2862
2862
2862
2863
2865
2866
2866
2866
2867
2868
2868
2870
2871
2871
2872
2872
2875
2876
2877
2877
2877
2878
2878
2884
2884
2888
2892
2893
2896
2905
2905
2924
2933
2988
2992
2995
2996
2999
3002
3004
3006
3006
3006
3009
3009
3009
3011
3013
3015
3016
3018
3020
3021
3031
3035
3035
3035
3035
3051
3056
3060
3069
3071
3072
3073
3075
3078
3083
3084
3087
3087
3087
3091
3097
3103
3106
3109
3109
3111
3112
3121
3129
3130
3131
3134
3135
3135
3139
3140
3141
3142
3143
3146
3148
3149
3149
3150
3150
3150
3152
3153
3154
3154
3154
3155
