1
1
2
2
3
3
4
4
5
5
6
7
7
7
7
8
8
9
9
9
10
10
10
11
11
11
11
12
12
12
12
12
13
13
13
13
13
14
14
14
14
15
15
15
15
16
16
16
16
17
17
17
17
18
18
18
18
19
19
19
20
20
20
22
22
22
22
23
23
23
23
23
23
24
24
24
25
25
25
26
26
26
26
27
27
27
27
27
27
28
28
28
28
28
28
28
28
28
28
29
29
29
29
29
29
29
29
29
29
29
29
29
29
30
30
30
30
30
31
31
31
31
31
31
31
31
31
31
32
33
33
34
34
34
34
34
34
34
34
35
35
35
35
35
35
35
35
35
35
35
35
35
35
35
35
35
35
35
35
35
35
35
35
36
36
36
36
36
36
36
36
36
36
36
36
36
36
36
36
37
37
37
37
37
37
37
37
37
37
38
38
38
38
38
38
38
38
39
39
39
39
39
39
39
39
39
40
40
40
41
41
41
41
42
42
43
43
44
44
44
44
44
45
45
45
46
47
47
48
48
48
49
49
49
50
51
51
52
54
54
54
54
54
54
54
55
55
55
56
57
60
61
62
62
65
67
67
69
70
70
70
71
73
74
74
75
75
76
76
76
76
77
77
77
78
82
83
83
83
84
84
84
84
85
85
85
86
86
88
89
92
93
94
94
95
95
95
96
96
99
100
100
100
101
101
103
103
103
103
104
105
105
106
107
108
111
112
116
118
123
123
129
137
137
138
141
141
144
144
146
146
148
148
149
149
150
152
155
156
157
157
157
158
159
159
160
161
161
161
162
162
162
162
163
163
164
165
166
167
167
167
168
169
170
170
170
171
172
174
176
176
177
178
178
182
182
182
182
183
183
183
183
186
187
188
188
189
189
192
194
195
195
196
196
196
197
198
199
202
203
204
206
207
211
212
212
212
213
213
213
213
213
213
213
214
214
214
214
214
214
214
214
214
215
215
215
215
215
215
215
215
215
216
216
217
219
219
221
221
222
222
223
224
225
227
227
228
229
229
229
230
231
232
233
235
237
240
242
242
242
242
244
246
246
248
249
250
250
250
250
251
251
251
251
252
254
255
256
257
257
259
260
262
262
263
263
264
264
264
264
264
264
265
268
268
269
270
271
272
273
273
273
274
274
274
275
276
276
277
278
278
279
280
280
281
281
281
281
281
281
281
282
282
282
282
282
282
282
282
282
283
283
283
283
284
285
287
287
287
287
287
287
288
288
288
289
289
289
289
290
293
295
296
297
301
301
302
303
304
308
308
309
309
314
315
315
320
321
321
322
322
325
327
328
329
330
330
331
332
339
339
339
340
340
340
340
340
340
341
341
341
341
341
341
341
342
342
342
342
342
342
350
356
357
358
359
359
360
373
377
378
380
380
380
381
382
383
384
386
387
387
388
388
388
390
391
391
393
399
400
401
402
404
405
405
406
406
409
410
411
411
411
411
411
412
412
412
412
412
413
413
414
414
414
417
422
422
423
423
423
423
425
425
426
428
428
428
428
428
428
428
428
428
428
429
429
431
432
432
432
432
432
432
432
432
432
432
432
432
433
433
433
433
433
433
433
433
434
434
435
435
435
436
436
437
437
437
437
438
439
439
440
440
441
441
441
443
443
444
444
445
445
446
446
446
446
447
447
447
447
447
448
448
448
449
450
450
450
451
451
451
451
451
452
452
452
452
452
452
452
452
452
452
453
453
453
453
453
453
453
454
455
457
457
458
460
460
460
461
461
461
461
462
462
462
462
463
463
463
464
464
465
465
465
465
466
468
469
469
469
469
469
470
470
470
472
473
474
474
475
475
476
476
477
477
478
479
479
480
480
481
481
481
481
481
482
482
483
483
483
484
484
484
484
485
485
485
486
486
486
486
486
486
486
487
487
487
487
487
487
487
487
487
488
488
488
488
488
488
489
489
489
489
489
490
490
490
491
491
492
492
492
493
493
493
494
495
495
496
496
497
497
497
497
498
498
499
502
502
504
504
504
504
504
504
505
505
505
506
506
506
506
507
507
508
508
509
509
509
510
510
510
511
511
512
515
515
515
515
515
516
517
519
520
522
523
524
525
526
528
529
530
532
535
535
536
536
537
538
538
538
539
539
540
541
542
544
544
546
547
548
548
548
548
549
549
549
551
552
554
554
555
555
555
555
561
561
561
561
563
563
563
564
566
567
567
567
567
567
567
567
567
567
567
567
567
568
568
568
568
568
570
570
573
574
574
574
575
575
575
576
576
576
577
577
578
578
578
578
578
578
579
579
579
579
579
579
580
580
580
580
580
580
580
580
582
582
584
585
585
585
586
587
587
588
588
589
591
592
592
593
594
594
594
595
597
598
599
603
604
604
606
607
607
608
608
608
608
608
608
608
608
609
609
609
609
609
610
610
611
613
614
616
617
617
619
620
620
620
622
625
625
629
630
630
630
637
639
641
642
643
643
643
645
648
650
657
658
659
659
661
666
667
667
667
667
669
669
670
670
670
672
672
672
673
675
681
681
682
682
683
683
685
685
685
688
689
691
691
691
692
693
693
694
694
695
695
695
695
696
702
702
705
706
706
706
707
707
707
707
709
709
710
710
714
714
716
718
718
718
719
719
721
724
726
727
727
727
728
732
733
733
734
734
734
738
745
747
750
753
756
758
759
759
759
771
772
775
777
780
781
786
787
790
800
805
806
808
814
814
816
817
818
824
827
831
832
835
837
838
843
848
849
852
853
855
855
858
860
861
861
861
862
862
864
865
871
880
884
891
891
891
891
891
891
891
899
899
899
899
901
906
907
907
908
908
908
942
944
946
949
952
952
952
952
952
952
957
958
960
960
960
960
960
960
960
961
961
961
962
962
962
962
962
963
963
964
967
970
972
972
973
978
980
980
981
982
983
983
987
989
995
996
997
997
997
997
998
998
1003
1004
1007
1013
1016
1016
1016
1016
1018
1018
1019
1019
1021
1022
1023
1024
1028
1029
1029
1036
1054
1054
1078
1078
1078
1078
1079
1079
1079
1079
1079
1079
1080
1080
1086
1087
1087
1087
1087
1087
1087
1087
1087
1088
1088
1088
1089
1089
1092
1098
1098
1100
1103
1105
1107
1109
1109
1117
1118
1118
1118
1119
1123
1123
1124
1124
1125
1128
1128
1128
1128
1130
1130
1133
1133
1134
1135
1136
1136
1138
1140
1140
1141
1146
1147
1148
1149
1152
1153
1153
1153
1153
1155
1155
1156
1156
1159
1161
1163
1163
1167
1168
1169
1169
1170
1170
1171
1172
1174
1174
1174
1176
1176
1177
1177
1177
1178
1179
1180
1189
1190
1193
1200
1202
1202
1202
1202
1202
1203
1203
1204
1204
1204
1205
1205
1205
1206
1206
1207
1207
1207
1210
1210
1211
1214
1216
1216
1220
1220
1223
1224
1225
1226
1226
1230
1230
1231
1232
1235
1238
1240
1241
1244
1244
1245
1245
1246
1246
1247
1247
1248
1248
1248
1250
1251
1251
1251
1252
1255
1257
1258
1259
1261
1262
1262
1265
1266
1266
1267
1268
1269
1270
1271
1271
1271
1271
1272
1274
1275
1277
1277
1277
1278
1278
1279
1280
1281
1281
1283
1283
1284
1284
1285
1286
1288
1288
1288
1289
1291
1291
1293
1296
1296
1297
1300
1302
1302
1307
1309
1309
1312
1312
1312
1313
1315
1315
1323
1338
1347
1348
1351
1352
1358
1359
1360
1368
1372
1376
1380
1382
1382
1405
1405
1416
1416
1417
1418
1422
1423
1424
1424
1424
1424
1424
1424
1425
1426
1428
1428
1430
1431
1434
1434
1435
1436
1436
1436
1437
1437
1439
1439
1445
1445
1445
1448
1452
1460
1464
1468
1474
1491
1491
1492
1492
1493
1493
1500
1501
1502
1503
1513
1514
1514
1515
1515
1519
1520
1521
1521
1522
1524
1524
1524
1529
1530
1533
1534
1534
1537
1538
1538
1538
1538
1539
1541
1542
1542
1542
1543
1549
1554
1559
1561
1562
1565
1566
1567
1568
1569
1569
1573
1575
1575
1577
1579
1580
1580
1581
1581
1582
1582
1584
1586
1587
1587
1587
1587
1588
1590
1591
1601
1602
1603
1603
1607
1609
1609
1609
1609
1612
1616
1618
1623
1626
1627
1628
1629
1629
1631
1631
1633
1634
1645
1650
1656
1668
1669
1676
1678
1678
1679
1679
1682
1682
1687
1688
1694
1695
1698
1699
1713
1720
1758
1761
1766
1792
1794
1795
1795
1796
1796
1797
1797
1797
1798
1825
1840
1863
1868
1868
1868
1869
1869
1872
1879
1880
1882
1883
1884
1885
1886
1889
1890
1892
1892
1892
1893
1894
1895
1896
1896
1896
1897
1900
1902
1906
1908
1914
1919
1938
1939
1940
1941
1941
1960
1964
1997
2004
2030
2053
2056
2058
2059
2060
2061
2061
2064
2072
2073
2073
2073
2074
2077
2078
2079
2081
2084
2085
2085
2089
2093
2093
2094
2101
2105
2106
2107
2108
2111
2114
2117
2117
2117
2117
2117
2118
2118
2120
2121
2121
2121
2122
2122
2123
2124
2126
2127
2127
2127
2128
2129
2129
2131
2133
2140
2140
2150
2151
2154
2157
2157
2161
2166
2168
2168
2169
2177
2179
2179
2179
2179
2179
2180
2180
2180
2184
2187
2187
2190
2200
2200
2206
2206
2206
2210
2211
2211
2212
2212
2215
2217
2218
2218
2223
2228
2241
2242
2243
2244
2262
2263
2270
2271
2271
2272
2273
2275
2276
2278
2282
2282
2282
2288
2292
2292
2294
2298
2300
2300
2317
2319
2321
2321
2321
2322
2322
2322
2323
2323
2324
2324
2324
2325
2326
2326
2330
2336
2337
2338
2339
2340
2340
2344
2345
2346
2348
2349
2350
2351
2352
2352
2353
2353
2354
2354
2354
2355
2357
2357
2357
2359
2360
2360
2363
2363
2365
2366
2367
2368
2368
2370
2372
2372
2373
2373
2375
2380
2380
2381
2382
2387
2387
2390
2390
2393
2393
2397
2400
2401
2401
2402
2402
2408
2412
2413
2415
2426
2435
2439
2477
2478
2484
2530
2543
2555
2555
2558
2561
2561
2566
2566
2568
2579
2579
2579
2582
2587
2588
2591
2597
2598
2601
2602
2603
2604
2605
2606
2613
2648
2649
2649
2652
2654
2655
2656
2656
2659
2661
2701
2704
2707
2710
2722
2731
2732
2733
2738
2740
2740
2740
2741
2746
2747
2747
2751
2751
2752
2759
2763
2780
2782
2784
2786
2789
2792
2794
2798
2801
2802
2803
2803
2808
2810
2811
2819
2822
2824
2826
2826
2829
2829
2831
2831
2844
2845
2846
2847
2847
2847
2848
2849
2853
2853
2859
2861
2862
2863
2866
2875
2877
2882
2882
2884
2903
2903
2904
2904
2913
2915
2917
2918
2923
2925
3040
3058
3062
3064
3067
3067
3067
3071
3074
3075
3077
3079
3081
3082
3083
3083
3084
3089
3091
3091
3093
3096
3098
3098
3101
3107
3111
3113
3118
3119
3123
3123
3124
3125
3126
3126
3127
3130
3131
3133
3135
3135
3139
3143
3146
3157
3170
3171
3177
3177
3177
3183
3183
3186
3186
3187
3189
3192
3192
3193
3194
3194
3195
3195
3196
3197
3200
3202
3203
3204
3205
3207
3209
3211
3211
3213
3216
3221
3222
3226
3229
3243
3243
3243
3245
3246
3246
3247
3247
3250
3251
3252
3253
3258
3259
3259
3259
3259
3259
3260
3262
3264
3265
3266
3267
3267
3273
3273
3273
3275
3276
3286
3289
3289
3291
3291
3292
3295
3295
3296
3297
3302
3302
3304
3304
3304
3305
3306
3306
3308
3314
3316
3317
3321
3323
3323
3326
3326
3326
3327
3327
3328
3330
3332
3332
3340
3341
3343
3344
3352
3353
3353
3357
3359
3364
3365
3367
3369
3372
3373
3376
3376
3379
3380
3382
3382
3382
3384
3386
3387
3388
3391
3394
3395
3408
3423
3426
3445
3445
3457
3469
3470
3470
3476
3476
3478
3478
3486
3489
3490
3495
3501
3503
3506
3508
3511
3532
3539
3547
3551
3561
3561
3563
3565
3569
3571
3577
3577
3580
3586
3588
3589
3591
3597
3598
3598
3599
3603
3603
3606
3612
3616
3617
3619
3620
3621
3622
3622
3627
3627
3628
3633
3634
3637
3639
3640
3646
3664
3665
3688
3690
3696
3702
3714
3735
3735
3736
3736
3742
3743
3744
3746
3749
3757
3757
3758
3759
3768
3775
3776
3776
3777
3778
3778
3780
3781
3781
3782
3782
3787
3787
3788
3789
3789
3789
3793
3793
3794
3795
3795
3796
3797
3797
3797
3802
3802
3803
3805
3806
3806
3809
3815
3818
3822
3822
3822
