2
2
2
3
3
4
4
4
5
6
6
6
6
6
7
8
8
9
9
9
10
10
10
11
12
12
13
13
14
15
17
17
18
19
20
20
20
21
21
21
21
22
22
22
22
22
22
22
22
22
22
22
22
22
22
23
23
23
23
23
23
23
23
23
23
24
24
24
24
24
24
24
25
26
26
26
28
29
30
30
31
31
35
38
39
40
40
40
40
41
41
43
43
44
45
45
45
48
49
50
50
51
52
52
52
54
54
56
59
59
59
59
59
60
60
60
61
61
68
68
68
69
70
70
71
77
78
79
80
81
82
84
84
85
86
86
87
87
89
92
94
95
96
98
98
99
100
101
104
104
104
108
113
113
118
118
128
131
133
135
141
150
150
150
153
157
157
162
163
164
165
169
175
175
176
177
180
183
184
185
187
194
194
195
195
196
197
205
205
205
205
205
206
206
206
208
208
210
212
216
220
221
227
229
230
231
234
235
238
240
241
244
247
248
248
249
249
249
249
256
257
260
264
265
266
266
269
271
274
276
276
276
279
280
281
282
282
283
283
284
284
288
289
291
292
292
292
292
292
292
292
292
292
293
293
293
293
293
293
293
293
293
293
294
294
294
294
294
294
294
295
295
296
296
296
296
296
297
297
297
297
297
297
297
297
297
297
298
298
298
298
298
298
298
298
299
299
299
299
300
301
301
307
308
308
308
309
309
309
309
309
310
310
310
310
310
310
310
310
311
311
311
311
311
311
312
314
319
324
327
328
329
332
333
334
334
339
344
346
352
355
355
357
360
363
367
368
368
373
373
375
381
382
388
391
403
405
405
405
405
406
406
407
411
413
461
474
474
474
474
509
532
534
536
537
537
538
540
540
541
542
545
545
546
547
550
550
550
550
550
550
551
551
551
551
551
551
551
551
551
551
552
552
552
552
553
553
553
553
554
554
554
554
554
555
555
555
556
556
557
557
557
557
559
559
559
559
559
559
560
560
560
560
560
560
560
560
560
560
560
561
561
561
561
561
562
562
564
565
565
566
566
569
570
571
571
572
572
572
573
573
573
573
573
573
573
574
574
575
575
575
575
575
576
576
576
576
577
577
578
580
580
581
582
582
582
582
584
584
584
584
585
586
586
586
586
586
587
587
587
588
589
590
590
591
592
593
594
595
596
597
598
599
600
600
601
602
602
602
603
603
603
604
605
605
605
607
607
609
609
610
611
611
612
612
613
614
614
615
615
616
616
616
618
619
621
622
624
624
625
626
627
629
631
631
632
634
634
636
637
637
638
638
640
640
641
641
642
643
644
645
645
646
646
646
648
653
654
657
658
658
660
660
661
662
664
665
667
667
667
668
668
668
674
677
680
680
681
681
681
682
682
684
685
687
690
690
690
691
692
692
692
692
697
697
701
701
703
703
705
707
708
708
709
710
710
711
712
715
717
717
718
726
730
734
745
745
753
754
756
756
757
759
760
761
762
764
766
766
767
768
768
769
771
774
775
776
776
777
779
781
782
784
784
785
785
785
786
786
787
787
789
790
790
790
790
793
795
797
799
801
804
804
806
807
817
817
818
818
818
818
818
818
819
819
819
819
819
819
819
819
820
820
820
821
824
825
826
827
828
828
833
834
836
836
836
837
837
837
837
837
838
838
838
838
838
838
839
839
839
844
844
853
855
860
862
862
864
865
871
886
887
891
892
892
892
893
893
893
893
893
893
893
893
893
893
893
893
893
893
893
894
894
895
895
895
895
898
898
901
901
901
902
912
912
912
912
912
913
913
916
919
923
923
924
924
924
925
925
928
928
928
928
932
937
941
943
947
951
952
953
953
954
954
956
956
959
960
962
964
966
968
968
969
969
970
971
973
974
974
974
975
975
975
976
977
978
979
980
981
982
983
984
987
990
990
991
991
994
996
997
997
998
998
1002
1003
1004
1005
1006
1008
1008
1010
1010
1011
1012
1014
1014
1014
1015
1016
1018
1018
1021
1029
1029
1030
1030
1030
1032
1043
1045
1046
1046
1049
1049
1051
1052
1053
1054
1056
1057
1058
1059
1060
1061
1064
1068
1068
1070
1071
1071
1074
1086
1087
1089
1090
1094
1096
1097
1098
1098
1100
1100
1102
1106
1108
1111
1111
1111
1112
1113
1114
1114
1115
1116
1116
1117
1120
1121
1122
1122
1125
1126
1128
1128
1129
1130
1134
1134
1135
1135
1135
1139
1143
1144
1144
1144
1144
1144
1144
1144
1144
1144
1144
1145
1145
1145
1145
1161
1162
1163
1164
1165
1170
1171
1174
1176
1177
1178
1184
1184
1184
1184
1185
1186
1186
1186
1187
1188
1192
1195
1196
1197
1198
1206
1206
1218
1218
1218
1218
1231
1231
1232
1232
1236
1241
1245
1245
1246
1248
1250
1251
1252
1255
1270
1270
1273
1273
1274
1277
1279
1279
1282
1285
1287
1291
1292
1293
1293
1293
1293
1293
1293
1294
1295
1295
1296
1297
1297
1298
1298
1298
1298
1298
1300
1302
1304
1305
1305
1310
1311
1311
1312
1313
1318
1319
1320
1325
1325
1326
1327
1327
1327
1329
1330
1330
1330
1330
1331
1331
1332
1332
1332
1332
1332
1332
1333
1333
1334
1334
1335
1335
1335
1335
1335
1337
1337
1337
1337
1337
1338
1341
1342
1343
1344
1344
1345
1345
1346
1348
1349
1350
1350
1350
1350
1350
1350
1350
1350
1351
1351
1353
1355
1355
1355
1357
1358
1358
1358
1358
1360
1361
1364
1370
1373
1375
1385
1389
1389
1389
1390
1395
1397
1399
1399
1400
1402
1402
1402
1406
1408
1409
1409
1409
1411
1412
1412
1416
1418
1418
1419
1420
1421
1421
1423
1424
1426
1429
1429
1430
1430
1430
1431
1431
1431
1431
1432
1432
1432
1433
1433
1435
1437
1440
1442
1444
1444
1445
1445
1447
1449
1451
1451
1452
1452
1452
1452
1452
1452
1452
1452
1452
1452
1453
1454
1454
1467
1468
1472
1476
1476
1478
1479
1486
1489
1490
1496
1497
1498
1498
1498
1498
1499
1503
1504
1504
1504
1505
1507
1509
1514
1521
1521
1525
1525
1525
1527
1529
1535
1535
1536
1536
1536
1537
1537
1541
1542
1542
1543
1543
1543
1544
1545
1546
1547
1547
1550
1551
1551
1552
1554
1555
1556
1556
1556
1556
1556
1557
1557
1559
1561
1563
1563
1563
1566
1566
1567
1568
1572
1572
1574
1576
1576
1577
1578
1579
1584
1589
1593
1593
1594
1594
1594
1595
1596
1597
1598
1601
1601
1602
1602
1602
1603
1604
1605
1606
1607
1610
1610
1610
1610
1611
1612
1613
1613
1613
1615
1616
1620
1622
1623
1625
1625
1625
1626
1626
1629
1631
1632
1632
1634
1634
1634
1634
1636
1636
1636
1638
1639
1639
1640
1640
1640
1640
1641
1641
1642
1645
1646
1646
1646
1647
1647
1649
1651
1651
1651
1652
1652
1653
1653
1653
1654
1655
1656
1656
1657
1666
1667
1668
1668
1668
1668
1668
1669
1670
1672
1676
1677
1680
1683
1686
1686
1686
1687
1691
1692
1692
1700
1701
1702
1705
1705
1709
1710
1711
1712
1713
1714
1714
1714
1714
1714
1714
1714
1714
1714
1714
1715
1715
1716
1716
1728
1733
1734
1734
1735
1735
1742
1746
1751
1752
1754
1755
1765
1769
1774
1794
1796
1796
1801
1802
1802
1802
1802
1803
1803
1810
1811
1811
1812
1819
1820
1821
1823
1826
1828
1828
1829
1832
1841
1846
1852
1855
1866
1866
1866
1867
1867
1873
1877
1877
1880
1901
1927
1928
1935
1937
1938
1943
1951
1951
1963
1963
1967
1980
1982
1987
1997
2005
2006
2007
2010
2011
2012
2014
2014
2017
2017
2018
2022
2023
2023
2024
2025
2026
2028
2029
2031
2033
2040
2045
2046
2047
2049
2051
2053
2054
2059
2068
2074
2080
2097
2106
2106
2108
2128
2131
2141
2152
2158
2165
2176
2184
2185
2186
2190
2192
2193
2196
2197
2199
2201
2201
2203
2203
2206
2208
2214
2214
2218
2223
2230
2234
2244
2254
2254
2256
2256
2262
2265
2268
2269
2269
2270
2275
2275
2275
2279
2280
2288
2296
2300
2310
2311
2314
2315
2338
2343
2344
2348
2349
2361
2361
2362
2365
2366
2368
2373
2374
2376
2378
2386
2391
2392
2395
2397
2399
2406
2406
2406
2407
2407
2407
2407
2410
2414
2416
2417
2424
2438
2438
2439
2440
2442
2442
2443
2443
2443
2443
2447
2447
2447
2449
2449
2452
2453
2454
2456
2456
2460
2461
2464
2464
2467
2467
2469
2474
2475
2476
2476
2476
2476
2476
2476
2476
2477
2477
2477
2477
2477
2477
2477
2477
2477
2478
2478
2478
2478
2478
2478
2478
2478
2478
2478
2480
2481
2481
2482
2483
2484
2485
2492
2493
2495
2497
2497
2497
2508
2510
2511
2512
2513
2518
2520
2520
2520
2521
2522
2524
2525
2526
2527
2528
2529
2531
2532
2532
2538
2542
2542
2545
2547
2548
2548
2548
2550
2550
2550
2550
2552
2554
2554
2555
2555
2556
2558
2560
2561
2561
2564
2564
2564
2564
2569
2570
2574
2574
2576
2576
2576
2577
2578
2581
2581
2588
2591
2602
2602
2605
2610
2612
2612
2614
2617
2618
2620
2620
2624
2624
2626
2627
2628
2629
2629
2629
2629
2631
2637
2640
2643
2645
2646
2646
2647
2647
2647
2647
2648
2652
2652
2659
2659
2661
2661
2662
2663
2666
2666
2667
2668
2668
2669
2669
2669
2670
2670
2670
2670
2671
2671
2671
2671
2674
2675
2675
2675
2675
2676
2680
2683
2683
2683
2684
2684
2685
2685
2686
2686
2687
2688
2689
2690
2690
2693
2696
2697
2700
2700
2701
2702
2702
2703
2703
2705
2706
2707
2709
2710
2710
2713
2716
2716
2728
2747
2754
2756
2756
2758
2760
2765
2768
2768
2772
2774
2775
2776
2777
2779
2781
2782
2782
2782
2784
2784
2785
2785
2786
2786
2786
2787
2788
2792
2793
2795
2795
2800
2801
2805
2806
2807
2808
2811
2812
2822
2824
2825
2825
2825
2827
2836
2840
2848
2848
2858
2860
2861
2864
2865
2873
2873
2875
2877
2879
2882
2883
2885
2886
2898
2898
2899
2900
2902
2903
2906
2906
2908
2913
2914
2914
2915
2923
2929
2939
2946
2952
2953
2954
2962
2964
2968
2969
2970
2971
2971
2972
2974
2974
2980
2983
2983
2985
2986
2987
2992
2993
2995
3006
3034
3034
3034
3035
3036
3038
3038
3043
3052
3052
3068
3073
3076
3076
3078
3079
3079
3090
3135
3144
3158
3170
3171
3172
3177
3192
3193
3193
3198
3199
3200
3202
3207
3208
3209
3215
3220
3221
3223
3226
3229
3230
3236
3240
3240
3242
3253
3255
3257
3280
3282
3285
3287
3292
3298
3299
3309
3367
3372
3381
3382
3382
3453
3455
3456
3459
3473
3474
3478
3481
3482
3486
3491
3493
3493
3496
3512
3515
3515
3516
3517
3518
3519
3520
3527
3530
3532
3533
3537
3546
3552
3572
3573
3573
3574
3577
3582
3595
3596
3603
3604
3608
3610
3660
3660
3661
3686
3695
3697
3720
3742
3748
3748
3753
3754
3755
3758
3772
3773
3780
3781
3781
3784
3788
3788
3789
3790
3791
3791
3802
3815
3816
3817
3821
3823
3830
3840
3842
3850
3852
3857
3857
3857
3858
3863
3873
3874
3876
3877
3877
3878
3880
3880
3881
3884
3892
3895
3898
3901
3906
3908
3909
3917
3918
3925
3926
3927
3952
3963
3968
3980
4017
4023
4051
4088
4094
4102
4105
4106
4107
4107
4108
4109
4116
4119
4128
4130
4132
4135
4143
4144
4148
4159
4162
4167
4168
4170
4172
4177
4178
4179
4182
4183
4189
4192
4195
4197
4198
4199
4199
4200
4203
4207
4208
4213
4218
4218
4221
4238
4246
4292
4293
4305
4332
4334
4338
4360
4368
4370
4371
4372
4373
4375
4377
4379
4382
4386
4390
4392
4407
4433
4443
4448
4451
4454
4459
4472
4478
4490
4544
4547
4554
4555
4555
4559
4573
4584
4602
4604
4604
4604
4605
4617
4642
4652
4660
4666
4666
4667
4667
4667
4667
4668
4669
4675
4677
4679
4679
4684
4687
4693
4695
4699
4699
4699
4714
4718
4718
4721
4726
4732
4732
4736
4740
4742
4744
4750
4751
4761
4762
4763
4764
4764
4765
4767
4770
4770
4771
4773
4776
4777
4780
4781
4783
4784
4785
4786
4786
4787
4787
4787
4788
4792
4802
4802
4814
4818
4818
4818
4820
4830
4830
4833
4837
4839
4841
4841
4843
4857
4857
4858
4862
4865
4867
4867
4869
4870
4871
4875
4875
4875
4876
4889
4889
4894
4897
4904
4904
4905
4906
4906
4911
4911
4912
4916
4921
4923
4924
4926
4941
4946
4952
4952
4952
4959
4959
4960
4961
4967
4967
4967
4972
4973
4974
4982
4983
4983
4984
4985
4985
4986
4987
4987
4988
4988
4989
4989
4990
4991
4993
4993
5002
5005
5024
5027
5031
5075
5099
5103
5106
5114
5124
5125
5131
5135
5136
5141
5142
5142
5144
5144
5144
5148
5150
5158
5159
5159
5160
5165
5168
5169
5177
5181
5183
5186
5187
5198
5204
5204
5204
5210
5260
5261
5261
5266
5267
5305
5326
5328
5328
5331
5346
5352
5378
5383
5424
5441
5442
5480
5485
