0
0
2
2
2
3
3
4
5
5
6
6
6
6
7
7
7
7
7
8
8
9
9
10
10
11
11
11
11
12
12
12
12
13
13
13
13
13
13
14
14
15
15
16
17
17
17
17
18
19
19
19
19
19
21
21
22
23
23
23
23
23
23
23
23
23
24
24
24
24
24
24
24
24
24
25
25
25
25
25
25
25
25
25
25
25
25
25
25
25
25
26
26
26
26
26
26
26
26
26
26
26
26
26
26
26
26
26
26
26
26
26
26
26
26
27
27
27
27
27
27
27
27
27
27
27
27
27
27
27
27
28
28
28
28
28
29
29
30
30
30
31
31
31
31
31
31
31
31
32
32
32
32
32
32
32
32
32
33
33
33
33
33
33
33
33
33
33
33
34
34
34
34
34
34
34
34
34
35
35
35
35
35
35
36
36
36
36
36
36
36
37
37
37
37
37
37
37
37
37
37
38
38
38
38
38
38
38
39
39
40
41
41
41
42
42
42
43
43
43
43
44
45
45
45
45
46
46
47
48
48
49
50
50
51
51
51
52
52
52
52
52
53
53
53
53
53
54
55
55
55
55
56
56
56
56
57
58
58
58
58
58
58
59
59
59
60
60
61
61
61
62
62
62
63
63
63
63
64
64
64
64
64
64
64
64
65
66
66
66
67
67
67
67
69
69
69
69
69
70
70
70
70
70
70
71
72
72
72
73
73
73
73
76
76
76
76
77
77
77
77
77
78
79
80
80
80
81
82
82
83
83
84
84
86
86
86
87
87
89
89
89
90
91
91
91
92
92
92
93
93
94
95
95
96
96
97
98
98
98
98
98
98
98
99
99
99
99
100
101
102
102
103
103
103
104
104
104
104
104
105
105
105
105
106
107
107
107
107
108
108
108
108
108
108
108
109
110
110
111
111
111
111
112
112
112
113
113
113
114
114
114
114
115
115
115
115
116
116
117
117
117
118
118
118
118
119
119
119
119
120
120
120
120
120
120
121
121
121
122
122
122
122
122
122
122
123
123
123
123
123
124
124
124
124
124
124
124
124
124
125
125
125
125
125
126
126
126
126
126
126
127
128
128
129
129
129
129
129
129
129
129
130
130
130
131
131
131
131
132
132
133
133
134
134
134
135
135
135
135
136
136
137
137
139
139
139
139
140
140
140
141
141
141
141
142
142
142
143
143
143
144
144
144
144
144
145
145
145
145
145
145
145
145
146
146
146
146
146
146
146
146
147
147
148
148
148
148
148
148
150
151
151
151
151
152
152
152
153
153
153
153
153
153
154
154
154
154
154
154
154
154
155
155
155
155
155
155
155
155
155
156
156
156
156
156
156
156
157
159
159
159
160
161
161
161
161
162
162
162
163
163
163
163
163
163
163
163
163
163
163
163
164
164
164
164
164
164
165
165
165
165
166
166
167
168
169
170
170
170
170
171
171
171
172
172
172
172
172
173
173
174
175
175
176
176
177
178
178
178
179
179
181
181
181
182
182
183
185
185
186
186
186
186
187
187
187
187
188
188
189
189
189
189
189
190
190
190
190
191
191
191
192
192
192
192
193
193
193
193
193
193
194
194
194
195
195
195
195
195
196
197
198
198
199
199
200
200
201
201
201
201
201
202
202
202
202
202
203
203
203
204
204
204
205
205
206
206
206
206
207
207
207
207
208
209
209
210
210
210
211
211
211
212
212
213
213
213
213
213
214
214
214
215
215
215
215
216
216
216
217
217
217
218
218
218
218
218
219
219
219
219
220
220
220
220
220
220
221
221
221
221
221
222
222
222
223
223
223
224
225
225
226
226
226
227
227
228
228
228
229
229
229
230
230
230
230
230
231
231
231
232
232
232
232
233
233
233
233
234
234
234
234
235
236
237
237
237
238
238
239
239
239
240
243
244
245
246
247
247
249
249
249
249
249
249
250
250
250
250
252
253
253
254
254
255
255
255
255
258
258
259
259
259
260
260
264
267
269
271
272
275
275
277
277
279
279
279
282
284
286
287
290
291
291
292
293
293
293
296
297
298
298
299
299
300
300
301
302
302
304
306
306
307
308
310
312
312
314
316
318
320
322
323
324
325
325
325
326
326
327
327
327
329
329
329
329
330
331
332
335
336
336
337
338
338
338
338
341
342
344
344
346
346
346
346
346
347
348
349
350
350
350
351
351
352
353
354
354
355
355
355
355
356
357
357
358
358
358
358
359
359
359
359
359
359
359
359
359
359
359
359
359
360
360
360
360
360
360
360
360
360
362
362
363
366
366
366
366
366
366
366
367
367
367
367
367
367
367
367
367
368
368
368
368
368
368
368
368
369
369
369
369
369
369
369
369
369
369
369
370
370
370
370
370
371
371
372
372
372
372
373
375
375
375
376
377
377
377
377
378
378
378
378
378
378
379
379
379
380
380
381
382
382
384
385
385
385
385
387
387
388
388
390
391
392
393
394
394
394
394
394
395
395
395
395
395
395
396
396
396
396
397
397
397
398
398
398
399
399
399
399
399
399
399
399
399
399
400
400
400
400
400
400
400
401
402
402
402
402
402
402
403
403
403
404
404
404
404
404
405
405
405
405
405
406
406
406
406
406
406
406
407
407
407
407
407
407
408
408
408
409
409
409
409
410
410
410
410
410
410
410
410
410
410
410
410
410
411
411
411
411
411
412
412
412
412
412
412
413
413
413
415
415
415
416
416
416
417
417
417
417
418
420
420
420
421
421
421
421
421
421
422
422
422
422
422
422
422
422
422
422
422
423
423
423
423
423
423
424
424
424
424
424
425
425
425
426
426
426
427
427
427
428
428
428
428
428
428
429
429
429
429
429
430
430
431
431
432
433
433
435
435
435
435
437
438
438
438
439
441
441
441
441
442
442
443
443
444
444
445
446
446
447
447
448
448
449
449
449
449
450
450
451
451
452
452
452
452
453
453
453
454
455
455
455
456
456
458
458
458
459
460
461
461
461
462
463
463
464
464
464
464
465
465
465
465
465
465
466
468
469
470
472
474
476
477
478
478
479
480
480
480
481
482
482
482
484
484
485
485
486
487
487
488
488
488
488
488
489
489
489
490
490
490
492
492
493
494
494
495
495
495
495
495
496
497
498
499
499
505
505
505
507
507
509
511
511
513
514
515
516
516
517
517
518
519
522
522
522
523
523
523
524
524
526
527
527
527
527
527
527
528
528
529
529
529
529
530
530
530
530
530
530
530
530
530
530
531
531
531
531
531
532
532
532
532
532
533
533
533
534
535
535
536
539
539
539
539
540
540
541
541
542
544
546
546
547
551
551
551
552
553
556
556
557
559
559
559
559
559
560
561
562
562
564
565
566
570
573
573
574
574
576
580
580
581
583
584
584
587
588
592
593
594
595
596
596
596
598
599
603
603
603
603
603
604
604
606
607
608
610
612
615
615
617
618
621
623
624
624
625
626
626
627
627
627
628
629
630
630
630
631
631
631
631
631
631
631
632
632
636
636
637
643
648
650
651
652
652
653
653
656
656
656
657
658
658
659
659
659
662
662
665
665
668
668
669
670
670
671
676
676
681
681
682
682
683
685
685
685
686
687
687
688
688
689
691
693
693
694
694
695
695
698
698
700
700
701
702
703
706
707
712
712
717
717
718
723
724
726
726
727
727
728
728
728
730
734
737
738
739
741
742
742
746
748
749
749
749
750
750
750
750
750
751
752
752
752
754
755
756
757
758
759
760
761
766
767
769
771
779
779
780
780
795
798
798
801
806
811
812
813
813
814
815
817
817
822
823
825
827
828
828
828
829
829
833
834
834
835
836
838
838
839
839
840
841
843
844
845
847
848
849
849
849
850
850
851
852
853
853
854
856
857
857
858
858
859
859
859
861
862
862
863
863
864
864
864
866
868
868
869
870
870
871
871
872
873
874
874
874
874
874
876
879
880
880
880
881
881
882
883
883
883
884
885
885
886
886
887
888
888
888
889
889
889
890
890
891
892
892
893
894
895
895
899
900
900
901
901
901
902
903
903
903
903
904
905
905
906
907
907
908
908
909
909
910
911
913
914
914
914
914
917
919
919
923
926
926
927
929
929
929
930
931
933
934
937
940
941
947
948
955
958
965
966
975
981
989
990
1000
1001
1001
1006
1010
1012
1015
1015
1015
1015
1015
1022
1025
1027
1028
1028
1029
1029
1030
1030
1031
1031
1032
1033
1034
1035
1035
1035
1040
1041
1042
1042
1042
1042
1042
1042
1042
1042
1042
1042
1042
1042
1042
1043
1043
1043
1043
1043
1043
1043
1043
1044
1044
1049
1053
1053
1054
1054
1054
1054
1055
1060
1062
1071
1072
1079
1087
1089
1089
1095
1096
1096
1100
1102
1102
1104
1106
1114
1119
1121
1121
1122
1123
1124
1131
1134
1138
1138
1139
1139
1139
1140
1140
1141
1147
1149
1160
1184
1186
1187
1188
1188
1188
1194
1196
1196
1199
1199
1200
1200
1201
1201
1202
1205
1206
1207
1207
1207
1208
1211
1212
1218
1219
1225
1227
1227
1227
1227
1227
1227
1227
1227
1228
1235
1235
1235
1235
1236
1236
1236
1236
1236
1236
1236
1242
1242
1247
1248
1251
1254
1258
1260
1261
1264
1274
1279
1284
1285
1301
1308
1308
1311
1315
1320
1325
1329
1332
1336
1339
1373
1391
1420
1420
1421
1421
1428
1431
1434
1438
1440
1480
1492
1493
1541
1544
1559
1573
1574
1582
1591
1593
1594
1594
1596
1604
1612
1614
1615
1618
1625
1627
1629
1629
1656
1657
1659
1663
1667
1669
1669
1671
1674
1676
1676
1682
1695
1696
1696
1698
1704
1704
1704
1705
1706
1707
1707
1724
1726
1726
1730
1731
1760
1763
1765
1766
1768
1773
1780
1781
1782
1783
1789
1802
1808
1809
1815
1818
1822
1826
1833
1836
1837
1840
1848
1848
1848
1849
1849
1849
1849
1849
1849
1849
1849
1849
1851
1853
1855
1856
1856
1856
1857
1858
1859
1861
1869
1871
1871
1872
1872
1874
1874
1876
1877
1878
1880
1881
1882
1884
1886
1887
1888
1894
1903
1903
1993
1994
1997
1997
2002
2011
2014
2014
2026
2032
2034
2043
2045
2045
2045
2046
2046
2047
2047
2048
2048
2050
2051
2051
2051
2054
2054
2058
2059
2061
2064
2066
2066
2066
2066
2066
2067
2068
2068
2069
2070
2072
2073
2074
2075
2076
2082
2085
2094
2098
2103
2104
2105
2107
2113
2115
2116
2123
2131
2131
2132
2136
2137
2139
2140
2142
2143
2149
2149
2159
2168
2169
2180
2180
2181
2183
2186
2188
2188
2191
2215
2226
2227
2228
2228
2234
2237
2237
2238
2241
2242
2254
2261
2278
2301
2318
2326
2329
2331
2336
2413
2415
2415
2419
2449
2469
2470
2521
2525
2544
2547
2552
2587
2660
2693
2694
2702
2704
2710
2712
2716
2717
2717
2718
2719
2723
2725
2726
2731
2731
2731
2732
2732
2732
2732
2732
2735
2735
2736
2737
2737
2737
2737
2737
2737
2738
2739
2742
2742
2742
2743
2744
2744
2746
2747
2749
2753
2754
2755
2755
2756
2756
2758
2763
2764
2768
2769
2769
2772
2773
2777
2778
2779
2782
2783
2787
2789
2792
2794
2817
2842
2856
2865
2894
2903
2941
2968
2968
2968
2969
2969
2969
2973
2980
3006
3007
3017
3022
3022
3024
3077
3081
3095
3098
3098
3103
3103
3104
3129
3130
3134
3143
3145
3148
3156
3170
3172
3174
3178
3184
3201
3213
3279
3280
3283
3284
3285
3285
3326
3327
3333
3337
3352
3354
3378
3379
3382
3400
3415
3418
3418
3418
3418
3452
3503
3509
3510
3514
3519
3529
3563
3565
