0
0
0
1
2
3
4
4
4
4
5
6
6
7
7
7
8
8
8
8
8
9
9
9
9
10
10
10
11
11
11
11
11
12
12
13
13
13
13
13
14
14
14
14
14
14
15
15
16
16
16
16
16
16
17
17
17
18
18
18
19
19
19
20
21
21
21
21
21
21
22
22
22
22
22
22
22
22
22
22
22
22
22
22
22
22
22
22
22
23
23
23
23
23
23
23
23
23
23
23
23
23
24
24
24
24
25
25
25
26
26
26
26
26
26
26
27
27
28
28
29
29
29
29
29
29
30
30
30
30
30
30
31
31
31
32
32
33
33
34
34
34
34
34
35
35
35
35
35
35
35
36
36
36
36
36
36
36
36
36
36
36
36
36
36
36
37
37
37
37
37
37
37
37
37
37
37
38
38
38
38
38
38
38
38
39
39
39
39
40
40
40
40
40
41
41
41
41
41
41
41
41
41
41
42
42
42
42
42
42
42
42
42
43
43
43
43
44
44
44
44
45
45
45
45
45
45
45
45
45
46
46
46
46
46
46
46
46
46
46
47
47
47
47
47
47
47
47
47
47
47
47
47
48
48
48
48
48
48
48
48
48
48
48
48
48
48
48
48
49
49
49
49
49
49
49
49
50
50
50
50
50
50
50
50
50
50
50
51
51
51
51
51
51
51
51
51
51
51
51
51
51
51
51
51
51
51
51
51
51
51
52
52
52
53
53
53
53
54
54
54
54
54
54
54
54
54
54
55
55
55
55
55
55
55
55
56
56
56
56
56
57
57
57
57
57
57
57
57
57
58
58
59
59
59
59
59
60
60
60
60
61
61
61
61
62
62
62
62
62
62
62
62
62
63
63
63
63
63
63
63
63
63
63
63
64
64
64
64
65
66
66
66
66
66
66
67
67
67
67
67
67
67
68
68
68
69
69
69
70
70
71
71
71
71
71
72
72
72
72
72
72
73
73
73
73
73
73
74
74
74
74
74
74
74
75
76
76
76
77
77
77
78
78
78
79
79
79
79
79
79
79
79
80
80
80
80
80
80
80
81
81
81
81
81
82
82
82
82
82
83
83
83
83
84
84
84
84
84
84
84
85
85
85
85
85
86
86
86
86
87
87
88
88
88
88
88
89
89
90
92
92
93
93
94
94
94
94
94
94
94
94
94
94
94
95
95
95
95
96
96
96
96
97
98
98
98
98
98
98
99
99
99
100
100
100
101
101
102
102
102
102
103
103
103
103
103
104
104
106
106
106
106
106
107
107
108
108
108
109
109
109
110
110
110
111
111
112
112
113
113
113
114
114
114
115
116
117
117
117
118
118
118
118
118
119
119
119
119
120
120
120
120
120
121
121
121
121
121
121
121
121
122
123
123
123
124
124
124
125
126
126
126
126
126
126
126
127
127
127
127
127
127
127
127
128
128
128
128
128
128
129
129
129
129
129
129
130
130
131
132
132
133
133
133
133
134
135
135
135
135
136
136
137
137
137
137
137
138
138
138
138
139
139
140
140
140
140
141
141
141
142
142
142
142
142
143
144
144
144
145
145
145
146
146
146
147
147
147
147
147
148
148
148
149
149
150
150
151
151
151
151
151
152
152
153
153
153
154
154
155
155
155
156
156
157
157
158
158
158
158
158
158
158
158
159
159
159
160
161
161
162
163
163
163
163
164
164
165
165
165
165
167
168
168
168
169
169
169
169
169
169
169
169
169
170
170
170
171
171
171
171
171
171
171
171
171
172
172
172
172
172
172
172
172
172
172
172
172
173
173
173
173
174
174
174
174
174
174
175
175
175
175
175
176
176
176
176
176
176
177
177
177
177
177
177
178
178
178
178
178
178
178
178
178
178
178
178
178
178
179
179
179
179
179
179
179
179
179
179
179
179
179
179
179
179
180
180
180
180
180
180
180
180
180
180
180
181
181
181
181
181
181
181
181
182
182
183
183
183
183
184
184
184
184
184
184
185
185
185
185
185
187
187
187
188
188
188
189
190
190
190
190
191
191
192
192
192
192
192
193
193
193
194
194
194
195
195
195
196
196
196
196
196
197
197
198
198
198
198
199
199
202
202
202
202
202
202
203
203
203
204
204
204
205
205
207
207
207
209
209
210
210
211
211
212
212
213
213
213
213
213
214
214
214
214
215
215
217
218
218
218
219
219
219
219
219
220
220
221
222
222
223
224
225
225
226
226
226
226
226
226
226
226
226
227
227
227
227
227
227
227
227
227
228
228
228
228
228
228
228
228
229
229
229
230
230
231
231
231
231
232
232
233
233
233
234
234
234
235
236
236
236
237
237
238
238
238
238
238
238
238
238
239
239
239
239
239
240
240
241
242
242
243
243
243
244
244
246
246
246
247
247
248
248
249
249
249
251
251
251
251
252
252
253
253
253
253
254
254
254
254
254
254
255
255
255
255
256
256
256
258
259
259
260
261
263
263
263
264
264
264
264
264
265
265
265
265
266
266
267
269
269
270
270
270
271
271
272
273
273
274
274
275
275
275
278
278
278
281
282
282
286
286
286
287
287
287
287
287
287
287
288
289
289
289
290
291
291
293
294
294
295
295
296
296
296
297
298
298
299
299
300
301
302
302
302
302
303
303
303
303
303
303
303
303
303
303
303
304
304
304
304
304
304
304
304
304
305
305
305
305
305
306
306
306
307
307
309
311
312
313
313
313
313
313
313
314
315
315
316
316
318
320
320
321
322
323
326
328
328
328
329
329
329
330
330
330
330
330
330
331
331
331
332
332
332
332
332
333
334
336
336
337
338
339
339
339
339
339
339
339
341
341
342
342
346
349
349
349
349
350
350
350
350
351
352
354
354
355
355
355
355
356
357
357
359
360
360
360
360
360
360
360
361
362
362
363
363
363
363
363
363
363
363
363
363
363
364
364
364
364
364
364
364
364
364
364
364
364
364
365
365
365
365
365
366
366
366
366
366
367
367
368
368
370
370
371
371
371
371
372
372
372
372
372
372
373
373
373
373
374
374
374
374
376
377
377
379
379
380
380
381
382
383
383
383
383
383
383
383
384
384
384
384
385
387
387
388
390
390
390
391
391
391
391
392
392
392
393
393
393
393
393
394
395
395
395
395
396
397
397
399
399
399
400
400
400
400
402
403
404
404
407
408
408
408
408
409
409
409
409
409
409
409
409
409
410
410
410
410
410
410
410
412
412
413
414
417
418
419
420
421
421
422
423
423
423
423
426
427
427
427
428
428
429
429
429
429
429
429
429
429
429
430
430
430
430
430
430
430
430
430
431
431
431
431
431
431
432
432
432
432
433
433
434
434
436
436
436
436
436
437
439
440
443
443
443
445
447
447
447
448
451
451
452
453
453
453
453
453
453
454
454
455
455
455
455
455
455
455
457
457
457
457
458
458
458
459
461
461
462
462
463
463
463
463
463
466
466
468
469
471
472
472
472
472
472
474
474
475
475
477
478
481
481
483
484
484
485
489
492
494
495
495
495
495
496
496
496
497
497
497
497
498
499
499
500
501
501
501
501
502
502
502
502
502
502
504
505
508
509
509
509
509
509
509
510
510
510
511
511
511
512
513
515
515
515
515
518
519
521
524
524
524
524
524
524
526
526
527
527
528
529
530
530
531
531
531
533
534
534
534
536
536
537
538
538
538
538
538
539
539
539
539
540
541
542
543
544
544
544
544
547
548
549
549
551
551
552
552
553
556
564
569
571
572
574
577
581
581
582
582
582
583
586
602
603
604
605
605
605
605
606
606
606
606
606
607
609
610
611
612
615
615
618
625
630
630
631
632
634
634
636
637
637
637
638
638
638
638
640
641
644
645
645
646
646
647
647
648
649
650
658
659
659
660
660
661
666
666
666
667
670
678
681
683
686
686
687
687
687
687
687
688
688
690
692
692
694
699
700
701
701
703
705
706
707
707
708
708
708
709
709
713
721
722
722
725
732
735
735
736
740
741
744
744
745
746
746
747
752
753
753
753
754
754
755
757
760
761
761
762
763
763
763
764
764
766
766
767
770
770
770
770
771
773
774
774
775
775
778
779
780
781
781
788
790
790
793
794
794
797
798
798
798
799
799
802
802
805
808
810
815
817
822
825
827
827
831
831
836
839
840
841
841
844
846
850
863
863
865
867
869
874
874
876
876
878
890
894
894
897
898
901
910
925
925
928
929
934
935
940
941
942
946
947
954
954
955
956
958
958
960
961
961
963
970
973
973
974
974
976
980
981
981
982
982
982
983
984
986
987
988
992
1000
1002
1016
1019
1019
1020
1028
1031
1032
1033
1034
1036
1039
1041
1042
1042
1043
1043
1045
1050
1051
1051
1051
1052
1052
1052
1052
1053
1054
1054
1055
1055
1056
1057
1063
1064
1069
1070
1070
1071
1082
1084
1088
1088
1093
1095
1096
1096
1097
1099
1101
1105
1109
1109
1111
1112
1112
1114
1116
1118
1122
1124
1126
1126
1133
1133
1134
1135
1136
1137
1137
1138
1139
1140
1144
1145
1149
1149
1149
1150
1150
1152
1152
1152
1152
1152
1159
1159
1160
1161
1169
1174
1175
1175
1176
1177
1179
1179
1182
1182
1183
1184
1185
1187
1188
1192
1193
1195
1196
1197
1203
1206
1206
1207
1207
1208
1211
1216
1222
1228
1228
1229
1232
1233
1236
1237
1240
1241
1245
1246
1246
1246
1246
1248
1249
1249
1252
1252
1254
1256
1257
1260
1260
1261
1262
1262
1265
1268
1270
1270
1272
1273
1277
1283
1286
1286
1287
1287
1288
1289
1289
1298
1298
1299
1300
1301
1302
1308
1309
1310
1310
1317
1318
1319
1322
1325
1328
1331
1331
1333
1333
1335
1338
1338
1340
1340
1343
1345
1346
1347
1348
1348
1363
1368
1368
1378
1380
1382
1383
1384
1389
1403
1410
1410
1410
1415
1422
1422
1428
1428
1431
1432
1450
1491
1493
1493
1494
1494
1512
1515
1516
1524
1529
1535
1536
1536
1536
1536
1537
1537
1537
1537
1537
1539
1544
1547
1549
1551
1551
1552
1557
1559
1564
1568
1577
1582
1582
1586
1595
1597
1597
1598
1598
1598
1601
1602
1604
1606
1611
1617
1619
1622
1622
1623
1624
1627
1627
1628
1631
1636
1643
1653
1654
1662
1663
1664
1664
1665
1667
1668
1669
1687
1690
1693
1693
1698
1699
1701
1701
1701
1703
1703
1703
1704
1704
1705
1706
1706
1710
1711
1716
1723
1724
1727
1730
1731
1731
1733
1734
1734
1734
1735
1738
1739
1740
1740
1741
1741
1743
1746
1746
1750
1757
1757
1762
1764
1774
1779
1783
1785
1789
1792
1792
1796
1797
1797
1800
1800
1802
1803
1803
1804
1805
1815
1817
1826
1828
1828
1833
1835
1837
1837
1846
1853
1856
1856
1876
1877
1878
1882
1884
1886
1893
1894
1895
1897
1918
1919
1936
1938
1943
1946
1949
1952
1957
1958
1960
1961
1965
1966
1969
1969
1971
1987
1987
1988
1989
1990
1990
1991
1991
1991
1991
1991
1992
1992
1992
1992
1992
1992
1992
1992
1992
1992
1993
1995
1996
1997
1997
1997
1998
1998
1998
1998
1999
1999
2000
2002
2004
2006
2006
2007
2007
2008
2008
2010
2010
2011
2011
2012
2013
2016
2018
2018
2019
2023
2034
2034
2038
2038
2039
2039
2039
2039
2040
2040
2041
2045
2047
2047
2047
2047
2048
2048
2049
2049
2051
2054
2055
2058
2059
2060
2060
2061
2061
2063
2066
2067
2067
2067
2070
2073
2076
2078
2081
2092
2093
2094
2096
2096
2096
2101
2105
