0
1
2
3
4
4
5
5
6
6
6
6
7
7
8
8
9
9
9
9
10
11
11
11
12
13
13
13
13
13
13
15
15
15
15
15
16
16
16
16
17
17
17
18
18
18
18
18
18
18
19
19
19
20
20
20
20
21
21
21
21
21
21
21
21
21
21
21
22
22
22
22
22
22
22
22
22
22
22
22
22
22
22
22
22
22
22
22
22
23
23
23
23
23
23
23
23
23
23
23
23
23
23
24
24
24
24
24
24
25
25
25
25
25
25
25
25
26
26
26
26
26
26
26
26
27
27
27
27
28
28
28
28
28
28
28
29
29
29
29
29
30
30
30
30
30
30
30
31
31
31
31
31
31
32
32
32
32
32
32
32
32
32
32
32
32
32
32
32
33
33
33
33
34
34
34
34
34
34
34
34
34
34
34
34
35
35
35
35
35
35
35
35
35
35
35
35
36
36
36
36
36
37
37
37
37
37
38
38
38
38
38
39
39
39
39
39
39
40
40
40
40
41
41
41
41
41
42
42
42
42
42
42
42
43
43
43
43
43
43
43
44
44
44
45
45
45
46
46
46
47
47
47
47
47
47
47
48
49
49
49
49
49
49
50
50
50
50
51
51
51
51
51
51
52
52
52
52
53
54
54
55
55
55
55
55
55
55
55
55
56
56
56
56
56
56
56
56
58
58
58
58
58
58
59
59
59
59
59
59
59
59
59
60
60
60
60
60
60
60
61
61
61
61
62
62
62
62
62
63
63
63
63
64
64
64
64
64
64
64
64
64
65
66
66
66
66
66
67
67
67
67
68
68
68
68
68
68
69
69
70
70
70
70
71
71
71
73
73
73
73
73
74
74
75
75
75
75
76
76
76
76
76
77
77
77
77
77
77
77
77
78
78
78
78
78
78
79
79
79
79
80
80
81
81
82
82
82
82
82
82
82
83
84
84
84
84
85
85
85
85
85
85
86
86
86
86
86
86
86
87
87
87
87
87
88
88
88
88
88
89
89
89
89
90
90
90
91
91
91
91
91
91
91
91
91
92
92
92
92
93
93
94
94
94
95
95
95
95
95
95
95
96
96
96
96
96
96
96
96
97
97
97
97
97
97
98
98
98
98
99
99
99
99
100
100
100
100
101
101
101
102
102
102
102
102
103
104
104
104
104
104
104
104
104
104
104
105
105
105
105
105
106
106
106
106
106
107
107
107
107
108
108
108
109
109
109
109
110
110
110
110
110
111
111
111
111
111
111
111
111
111
112
112
112
113
114
114
114
114
115
116
116
116
117
118
119
119
119
119
119
119
120
120
121
121
121
122
122
122
122
123
123
123
124
125
125
125
125
125
125
125
125
126
126
126
127
127
127
127
128
128
129
130
131
132
132
135
135
136
136
136
137
137
138
138
138
139
139
139
140
140
140
140
140
141
141
141
141
142
142
143
143
143
144
144
145
145
146
147
150
151
151
152
152
153
153
157
157
159
160
161
162
162
163
163
164
165
165
166
166
167
167
168
168
168
169
169
169
169
169
169
170
171
173
174
175
176
177
177
177
178
179
181
182
182
182
182
182
183
183
183
183
184
184
184
185
185
186
186
187
187
187
188
188
188
188
188
188
188
188
189
189
189
189
189
189
189
189
189
189
190
190
190
190
191
191
192
192
192
193
193
193
193
193
193
193
194
194
194
194
194
194
195
195
195
195
196
196
198
198
199
199
199
200
200
201
201
201
201
202
202
202
202
202
202
202
202
202
203
203
203
203
203
203
203
203
203
203
204
204
204
204
204
204
204
204
204
205
205
205
205
205
205
206
206
206
206
207
207
207
207
207
207
208
208
208
208
209
210
210
210
210
210
211
211
212
212
212
213
213
213
214
214
214
214
214
214
215
216
217
217
218
218
218
218
219
219
220
221
221
221
221
222
222
222
223
223
223
225
225
227
227
227
227
228
228
228
228
229
229
230
230
231
231
231
232
234
235
236
236
238
238
239
239
239
239
240
240
240
240
241
241
241
241
241
242
242
243
243
243
243
243
244
244
244
246
246
246
246
247
247
247
247
247
248
248
248
249
249
249
250
250
250
251
251
252
252
252
253
254
255
255
256
256
256
256
257
257
257
257
257
257
257
258
258
258
258
258
258
258
258
258
258
258
259
259
259
259
259
259
260
260
260
260
260
260
261
261
261
261
262
263
263
263
264
264
265
265
266
266
267
267
268
268
268
269
269
269
269
269
269
270
270
271
272
272
272
272
273
273
273
273
274
274
274
275
275
275
275
275
276
276
276
276
276
276
276
276
276
276
276
277
277
277
278
278
279
279
280
280
283
284
284
284
284
286
286
287
288
289
294
294
294
295
295
295
296
296
297
297
297
297
297
297
297
297
297
298
300
301
301
302
302
302
303
303
303
303
303
303
303
303
304
304
304
305
305
306
306
306
307
308
308
309
309
309
309
310
310
310
310
310
310
311
311
312
312
313
313
313
313
313
313
313
313
313
313
314
315
315
316
316
316
317
318
318
318
318
319
319
320
321
321
321
321
321
322
322
322
323
324
325
325
326
327
328
328
328
328
328
328
329
329
329
329
329
329
329
330
330
330
330
332
332
332
332
332
333
333
333
333
333
333
333
333
333
333
333
334
334
334
335
335
335
335
336
339
339
339
341
341
341
341
341
341
342
342
342
342
342
342
342
343
343
343
345
345
345
345
345
345
345
346
346
346
346
346
347
347
347
347
347
347
347
348
348
348
349
349
349
349
349
349
350
350
350
350
351
351
352
352
352
352
352
352
352
352
353
353
353
353
354
354
354
354
354
355
355
355
355
356
356
356
356
356
356
356
356
356
357
357
357
358
358
358
358
359
359
360
360
360
360
360
361
362
362
362
363
363
364
365
366
366
367
367
367
369
369
369
369
369
369
370
371
372
374
374
374
375
375
375
375
376
376
376
376
376
376
376
377
377
377
378
378
378
378
379
379
379
380
380
380
381
381
382
382
383
383
383
384
384
384
386
389
389
389
389
390
391
391
392
392
393
393
393
394
395
396
398
401
401
401
402
404
404
405
405
407
407
407
409
409
409
410
410
410
410
410
411
411
411
411
412
412
412
414
415
418
418
420
420
420
420
421
421
423
423
423
423
425
426
426
426
427
427
429
430
436
437
438
438
442
442
442
442
444
444
446
446
448
448
450
454
455
455
457
457
459
462
465
467
468
468
468
468
469
469
469
471
472
472
472
473
474
474
475
477
477
478
480
482
483
483
486
489
490
490
491
491
491
492
493
494
495
496
496
498
499
499
499
500
501
501
502
503
503
504
504
504
505
505
505
505
506
506
506
506
507
507
507
507
507
507
508
509
509
510
511
511
511
516
517
517
517
517
517
518
518
518
519
519
520
521
521
522
524
524
524
529
529
530
531
535
536
536
537
537
537
537
537
537
537
538
539
539
539
539
540
540
541
543
545
545
545
546
549
549
549
549
550
550
550
551
553
553
556
558
558
559
561
563
563
563
564
564
566
569
569
569
572
573
573
573
574
574
574
575
575
576
578
578
578
580
581
582
582
583
583
583
584
585
587
590
592
593
594
596
596
596
597
597
597
597
598
598
600
601
602
604
605
605
605
605
606
607
607
607
608
609
609
609
609
609
609
611
611
612
614
614
615
616
617
618
618
618
618
619
619
620
620
621
622
623
623
623
623
624
625
625
626
626
627
628
628
629
629
630
630
631
631
631
632
632
633
633
633
634
636
637
639
641
644
645
646
646
647
648
650
651
651
651
652
652
653
654
656
656
656
657
657
658
661
662
662
663
663
663
663
666
666
667
668
669
669
670
670
672
673
673
674
674
675
676
676
677
678
679
679
681
681
682
682
683
684
684
684
684
685
685
686
686
687
687
688
688
688
689
689
690
690
690
690
690
691
691
691
691
692
692
692
693
693
694
695
695
695
696
696
696
696
697
699
700
701
702
702
703
704
708
709
711
712
715
716
717
719
727
727
729
731
732
733
737
739
740
741
742
745
746
748
749
750
750
751
754
758
758
759
760
761
762
762
765
765
768
769
774
775
775
777
779
781
782
782
783
783
784
789
795
797
800
800
800
803
804
804
805
806
806
808
808
810
810
812
813
819
820
824
824
825
827
827
827
827
827
828
828
828
828
829
829
830
832
837
837
837
838
838
839
839
839
839
840
840
840
842
845
846
846
848
848
848
850
851
853
853
854
854
854
855
857
858
858
858
859
859
861
862
864
864
864
864
865
867
867
871
872
873
876
876
878
878
881
881
882
885
886
887
887
887
888
888
888
889
889
889
889
890
890
890
893
894
894
899
899
899
900
901
901
902
902
903
904
905
905
906
906
906
906
908
908
909
911
914
914
915
916
917
917
918
918
919
921
921
922
924
925
925
925
926
927
928
930
930
932
932
933
933
933
933
934
934
934
936
937
938
938
939
941
942
943
944
944
947
949
949
949
950
950
951
952
954
957
957
957
959
959
963
963
964
965
966
969
969
969
969
973
974
978
981
983
986
986
987
989
995
995
998
1002
1007
1009
1010
1010
1011
1011
1011
1012
1013
1013
1014
1017
1021
1022
1024
1024
1024
1025
1028
1031
1033
1033
1034
1035
1035
1036
1042
1045
1052
1057
1057
1059
1063
1065
1066
1068
1068
1071
1074
1074
1074
1078
1080
1081
1081
1083
1083
1084
1085
1086
1093
1101
1103
1105
1105
1105
1109
1116
1119
1121
1122
1122
1125
1128
1131
1132
1133
1137
1137
1138
1138
1139
1139
1140
1142
1146
1151
1152
1158
1160
1160
1164
1164
1165
1167
1167
1174
1177
1178
1178
1179
1180
1181
1183
1185
1186
1187
1191
1192
1194
1194
1195
1199
1201
1202
1202
1203
1203
1203
1205
1206
1206
1207
1212
1214
1221
1223
1224
1238
1238
1241
1250
1250
1253
1254
1259
1263
1264
1264
1264
1265
1268
1268
1272
1274
1281
1282
1282
1282
1283
1286
1288
1289
1292
1303
1307
1309
1311
1311
1311
1311
1312
1312
1312
1312
1314
1314
1318
1322
1324
1328
1328
1331
1336
1338
1339
1340
1341
1344
1344
1345
1346
1350
1351
1351
1351
1351
1352
1353
1367
1369
1371
1371
1372
1372
1372
1375
1377
1377
1378
1381
1383
1386
1388
1388
1390
1390
1392
1394
1395
1395
1396
1400
1404
1411
1416
1417
1419
1420
1421
1423
1423
1423
1424
1426
1433
1437
1438
1453
1466
1471
1481
1481
1484
1492
1494
1508
1510
1511
1513
1524
1538
1542
1548
1549
1556
1556
1560
1560
1567
1590
1592
1592
1598
1599
1604
1604
1605
1610
1614
1614
1616
1622
1623
1626
1633
1633
1634
1638
1644
1645
1649
1652
1652
1662
1662
1665
1667
1671
1678
1680
1680
1683
1684
1689
1691
1691
1696
1704
1704
1707
1709
1718
1720
1720
1724
1725
1728
1728
1729
1735
1737
1738
1739
1739
1739
1743
1748
1748
1750
1752
1762
1766
1769
1774
1777
1784
1785
1796
1797
1798
1816
1821
1822
1826
1827
1829
1829
1830
1831
1833
1838
1840
1845
1847
1849
1854
1855
1855
1856
1858
1861
1870
1870
1870
1876
1878
1879
1892
1894
1897
1906
1911
1914
1915
1917
1929
1930
1956
1957
1958
1960
1960
1962
1963
1963
1964
1969
