2
2
3
3
3
4
5
5
6
6
7
7
8
8
9
10
10
13
13
14
14
14
15
15
17
17
18
19
19
19
19
19
19
20
20
20
20
20
20
20
21
21
21
21
21
21
21
21
21
21
22
22
22
22
22
22
22
22
22
22
22
23
23
23
23
24
25
25
25
26
26
27
27
27
27
27
27
28
28
28
29
29
29
29
29
29
29
29
29
29
29
29
29
29
29
30
30
30
30
30
30
30
31
31
31
31
31
31
31
31
31
32
32
32
32
32
32
32
32
32
32
32
32
32
32
32
32
32
32
32
32
32
32
32
32
33
33
33
33
34
34
34
35
35
35
36
36
36
36
37
37
37
39
39
40
40
41
41
42
42
45
48
48
48
48
49
50
50
51
52
54
54
57
57
57
58
58
58
59
61
61
62
63
63
63
64
65
65
66
66
66
67
68
69
70
72
73
75
77
78
78
79
80
80
80
81
81
83
85
85
88
88
90
90
92
94
94
94
96
96
97
97
97
99
100
100
100
101
101
102
104
104
104
105
105
105
106
106
109
109
109
110
110
110
111
111
113
113
113
113
113
114
115
115
115
116
116
117
118
120
122
122
122
123
124
124
124
124
124
124
125
126
131
132
132
134
134
134
135
136
138
139
139
140
141
141
141
142
142
142
142
143
143
143
143
143
143
144
144
144
144
144
144
144
144
144
144
144
144
144
145
145
145
145
146
146
146
146
146
146
146
146
147
147
147
147
147
150
150
151
151
151
152
152
152
152
152
152
153
153
153
153
153
153
154
155
158
158
158
160
160
161
161
162
162
162
162
163
163
163
163
163
163
164
164
164
164
164
164
164
164
164
164
164
164
164
164
164
165
165
165
165
166
166
171
171
171
172
172
172
172
172
172
173
173
174
174
175
175
175
175
175
175
175
175
176
176
176
176
176
176
176
176
178
178
179
179
180
180
181
181
181
182
183
183
184
184
184
184
184
185
185
187
187
193
194
194
195
195
195
195
195
196
197
197
197
197
198
198
198
198
198
198
199
200
200
200
200
202
202
202
203
204
204
204
204
204
204
204
204
204
205
205
205
206
207
209
209
209
209
211
214
218
218
219
220
220
222
224
225
226
227
227
227
228
230
230
231
231
231
231
231
232
232
232
232
232
232
232
233
233
233
233
233
233
233
233
233
234
234
234
234
236
236
236
236
237
237
238
238
239
240
240
241
241
242
242
242
243
243
243
243
243
244
253
253
254
256
256
257
257
258
258
260
260
261
262
262
262
263
263
263
263
263
264
264
264
264
264
264
264
265
265
265
265
265
266
266
267
271
272
272
272
273
273
273
273
274
274
275
275
275
276
276
276
277
280
280
280
282
284
284
284
284
285
286
287
294
296
297
299
299
302
302
303
306
306
306
306
307
307
307
307
308
308
310
311
311
311
312
312
312
314
314
317
322
325
327
328
330
330
331
331
331
332
332
333
334
336
336
337
337
338
338
338
339
339
339
339
339
339
340
340
340
341
342
342
342
342
343
343
343
343
343
345
346
346
347
347
347
347
347
347
348
350
351
352
352
353
353
353
354
354
354
356
356
357
357
358
358
359
360
361
361
361
362
363
364
364
364
366
366
367
368
368
368
369
369
369
369
369
370
370
371
371
371
371
372
374
375
375
375
375
375
376
377
379
381
382
382
383
384
385
385
389
391
392
392
392
392
393
394
395
395
395
395
395
396
396
396
396
397
398
401
406
409
411
412
413
417
417
418
420
420
421
424
424
425
426
426
427
427
428
428
428
428
429
429
429
429
430
430
430
431
431
432
432
432
432
432
434
435
435
437
437
437
438
438
438
440
440
440
441
441
442
442
444
444
444
445
445
445
445
445
445
446
446
449
449
449
449
450
450
451
452
452
452
453
453
453
453
454
454
455
456
456
457
457
458
458
459
462
462
462
462
464
464
467
467
467
468
469
470
470
472
472
475
479
479
480
481
482
482
484
484
487
487
487
488
489
489
489
490
490
490
491
492
492
493
493
495
495
495
501
501
506
506
508
512
512
512
513
513
513
513
513
517
518
518
523
526
528
531
536
537
538
540
541
544
546
547
549
549
550
550
551
551
551
552
552
554
558
558
558
558
559
561
561
561
561
561
562
563
564
566
567
568
568
569
570
571
571
571
571
571
571
572
572
572
573
573
573
574
579
579
580
581
581
581
582
582
582
583
583
584
584
584
585
585
586
587
588
588
589
589
590
591
592
592
592
593
594
594
594
595
595
596
597
599
599
599
600
601
603
604
604
605
606
606
609
609
610
610
610
611
612
614
614
615
616
616
617
618
618
618
619
620
620
621
621
621
622
623
626
626
627
627
627
630
630
631
634
635
635
635
635
636
636
636
637
638
638
639
643
647
647
647
647
647
647
647
647
647
647
647
648
648
649
651
652
652
652
652
652
652
652
652
652
653
653
654
655
655
656
657
658
659
659
660
660
664
668
669
669
671
671
672
672
672
672
674
674
674
674
675
675
676
676
676
677
677
677
678
678
679
679
679
680
680
682
683
683
684
685
685
686
686
687
689
689
690
692
693
694
694
695
695
697
697
698
698
698
698
699
701
703
705
706
707
707
711
717
717
718
720
721
722
722
723
724
724
725
726
726
727
727
728
728
730
730
730
731
732
733
738
740
742
744
746
748
752
754
754
754
755
756
756
759
759
761
763
764
768
768
769
769
769
769
769
770
770
770
770
771
771
771
771
775
776
780
780
781
782
784
784
785
785
786
793
793
794
796
796
796
799
799
802
804
804
804
806
808
809
810
814
816
816
819
820
823
825
826
828
828
835
839
839
839
839
839
839
839
839
839
840
840
840
840
840
840
844
846
846
849
850
850
850
850
850
851
851
851
851
852
852
852
852
853
854
854
856
858
858
859
859
861
861
861
861
861
863
864
865
865
866
866
868
869
869
869
870
870
870
870
871
871
872
872
872
872
872
872
873
874
875
876
876
877
877
878
878
879
880
881
881
881
881
888
889
890
893
894
896
897
897
899
899
899
900
900
901
902
903
903
904
904
905
905
905
906
906
906
907
908
909
911
911
911
911
911
912
916
917
918
918
919
919
919
919
919
919
919
920
921
921
922
923
923
924
925
925
927
927
930
937
938
942
943
949
950
951
952
952
952
952
952
952
952
952
953
956
957
957
959
959
962
964
967
968
968
971
971
972
974
974
981
981
987
988
989
992
999
1005
1008
1009
1013
1013
1013
1015
1017
1021
1021
1022
1025
1026
1027
1030
1030
1031
1035
1035
1035
1035
1036
1037
1037
1037
1038
1039
1040
1041
1043
1043
1045
1047
1053
1053
1053
1055
1057
1057
1068
1069
1069
1071
1073
1075
1076
1076
1077
1077
1077
1080
1081
1086
1090
1090
1090
1091
1092
1093
1094
1094
1096
1096
1096
1096
1098
1098
1099
1100
1101
1102
1102
1103
1103
1105
1106
1112
1114
1116
1117
1118
1124
1127
1128
1130
1131
1132
1132
1132
1133
1134
1134
1140
1145
1150
1162
1169
1169
1169
1170
1170
1170
1170
1170
1170
1170
1171
1171
1171
1171
1171
1172
1173
1177
1177
1178
1182
1188
1188
1189
1189
1192
1193
1199
1200
1201
1205
1205
1214
1214
1215
1225
1227
1228
1230
1233
1235
1236
1262
1263
1266
1267
1269
1274
1278
1279
1279
1297
1298
1300
1303
1304
1304
1311
1312
1314
1320
1320
1321
1322
1323
1325
1325
1326
1326
1328
1329
1331
1335
1336
1337
1337
1337
1338
1338
1339
1340
1340
1341
1342
1344
1345
1351
1352
1353
1355
1355
1355
1356
1356
1356
1358
1358
1359
1362
1367
1368
1371
1371
1371
1372
1373
1373
1374
1374
1376
1377
1378
1380
1382
1382
1383
1385
1385
1385
1385
1392
1394
1394
1399
1400
1402
1403
1409
1410
1410
1413
1414
1416
1418
1419
1420
1420
1421
1423
1423
1423
1423
1425
1425
1428
1428
1429
1431
1433
1433
1434
1434
1435
1435
1437
1437
1440
1441
1441
1441
1442
1445
1446
1448
1448
1454
1458
1464
1464
1472
1485
1490
1500
1503
1503
1507
1509
1515
1525
1527
1533
1535
1535
1535
1535
1539
1539
1539
1539
1540
1543
1543
1543
1546
1546
1553
1553
1557
1558
1558
1567
1567
1568
1569
1570
1571
1572
1573
1574
1574
1585
1586
1586
1589
1592
1592
1593
1595
1595
1596
1599
1601
1601
1603
1603
1604
1604
1605
1605
1606
1609
1612
1612
1619
1620
1620
1620
1621
1622
1623
1625
1625
1626
1631
1638
1646
1649
1651
1652
1658
1668
1673
1679
1683
1684
1685
1687
1691
1692
1697
1698
1700
1701
1706
1707
1710
1711
1713
1713
1714
1728
1729
1730
1730
1730
1734
1737
1739
1739
1742
1744
1748
1749
1750
1752
1754
1755
1756
1757
1757
1758
1758
1763
1763
1763
1767
1768
1770
1771
1772
1774
1776
1777
1779
1779
1780
1781
1783
1784
1785
1786
1787
1788
1789
1790
1790
1790
1791
1791
1793
1793
1794
1794
1798
1798
1799
1804
1805
1806
1812
1815
1816
1816
1817
1818
1819
1819
1820
1820
1821
1822
1827
1828
1829
1835
1839
1840
1840
1846
1846
1850
1850
1859
1862
1866
1872
1881
1884
1891
1897
1901
1902
1903
1908
1908
1909
1910
1916
1924
1925
1926
1927
1931
1941
1941
1943
1943
1950
1951
1951
1951
1952
1962
1965
1965
1966
1966
1967
1967
1969
1970
1972
1973
1973
1974
1976
1980
1985
1985
1991
1992
2000
2000
2000
2001
2001
2003
2016
2018
2021
2025
2029
2032
2033
2033
2034
2035
2035
2035
2039
2040
2078
2078
2080
2082
2084
2084
2086
2086
2089
2097
2097
2099
2099
2099
2099
2101
2102
2102
2102
2102
2102
2102
2102
2103
2103
2103
2115
2118
2120
2120
2120
2120
2150
2157
2169
2169
2172
2173
2189
2191
2195
2210
2212
2215
2223
2225
2226
2227
2227
2229
2231
2237
2237
2242
2242
2256
2261
2263
2264
2265
2266
2270
2273
2276
2277
2278
2280
2281
2284
2285
2289
2290
2313
2324
2324
2338
2343
2356
2357
2359
2375
2376
2377
2377
2378
2383
2383
2383
2385
2386
2389
2390
2390
2391
2391
2391
2391
2391
2392
2392
2393
2396
2400
2402
2402
2402
2402
2404
2406
2406
2406
2407
2408
2409
2409
2411
2413
2416
2417
2420
2420
2432
2436
2437
2441
2443
2445
2448
2449
2452
2452
2453
2457
2460
2461
2464
2464
2469
2469
2469
2469
2471
2472
2472
2475
2477
2484
2487
2488
2488
2496
2497
2502
2502
2502
2504
2507
2513
2513
2513
2517
2559
2559
2584
2585
2635
2635
2641
2690
2692
2708
2712
2712
2717
2717
2723
2728
2808
2818
2832
2832
2838
2838
2838
2841
2846
2846
2855
2858
2859
2865
2866
2876
2880
2886
2888
2888
2888
2891
2929
2934
2935
2943
2951
3019
3062
3074
3106
3110
3126
3126
3127
3128
3128
3128
3128
3128
3128
3128
3128
3129
3153
3171
3175
3176
3176
3178
3184
3189
3195
3209
3211
3212
3212
3212
3213
3219
3221
3242
3283
3283
3293
3299
3308
3336
3337
3357
3364
3364
3367
3367
3368
3369
3370
3371
3373
3380
3380
3381
3383
3385
3385
3386
3389
3389
3393
3397
3397
3398
3399
3399
3399
3399
3400
3402
3404
3405
3408
3410
3411
3413
3416
3417
3423
3423
3433
3436
3441
3468
3486
3488
3490
3490
3493
3497
3505
3505
3506
3507
3513
3516
3518
3524
3526
3527
3529
3529
3529
3529
3530
3532
3535
3540
3542
3543
3545
3546
3547
3547
3548
3559
3559
3560
3563
3566
3568
3571
3584
3601
3603
3647
3652
3658
3662
3663
3674
3678
3680
3680
3681
3683
3683
3686
3686
3688
3697
3697
3699
3699
3700
3703
3704
3705
3708
3723
3725
3727
3779
3782
3783
3799
3883
3884
3885
3910
3917
3920
3930
3932
3933
3940
3942
3944
3945
3946
3947
3956
3982
3989
4071
4072
4074
4077
4078
4091
4115
4115
4117
4118
4120
4123
4125
4127
4128
4137
4140
4142
4143
4150
4151
4154
4161
4161
4161
4161
4161
4162
4163
4170
4170
4172
4175
4181
4181
4193
4194
4197
4200
4203
