3
3
3
3
4
5
5
6
8
8
9
10
10
10
11
11
11
11
11
12
13
13
13
14
14
14
16
16
17
17
17
18
20
20
21
21
21
21
21
21
22
22
22
22
22
22
22
22
22
23
23
23
23
23
24
24
24
24
24
24
24
24
24
24
24
25
25
25
25
25
25
26
27
27
27
27
27
27
27
28
28
28
28
28
28
29
29
29
29
29
29
29
29
29
29
29
29
29
29
29
29
29
29
30
30
30
30
30
30
30
30
30
31
31
32
32
32
32
32
33
33
33
33
34
35
36
36
36
37
37
38
38
39
39
40
40
41
41
41
41
41
41
41
41
42
42
42
42
43
44
44
44
44
46
46
46
47
47
47
47
47
47
48
48
48
48
48
48
49
50
50
50
51
52
53
53
54
55
56
56
58
61
61
62
62
62
62
63
63
63
67
68
69
69
69
70
70
71
74
74
75
75
75
77
77
77
78
79
80
80
80
80
81
81
82
82
82
82
82
82
83
84
84
85
88
88
88
88
89
91
93
94
94
95
95
97
97
99
101
102
102
102
103
103
104
104
104
104
104
105
105
105
105
105
105
105
106
109
109
110
112
116
117
120
122
124
125
125
130
130
132
133
133
134
134
135
135
136
140
141
141
142
143
144
146
147
148
148
151
153
153
154
154
154
155
155
155
155
155
155
155
155
155
155
155
156
156
156
156
156
156
156
156
156
157
157
157
157
157
158
158
158
158
158
158
158
161
161
162
162
163
164
166
167
168
168
169
170
171
171
172
172
173
175
178
178
179
179
180
180
181
182
183
184
184
186
188
188
190
190
191
193
193
195
196
197
198
198
198
198
198
199
199
206
207
210
212
213
214
214
214
217
218
219
220
223
224
227
227
228
236
239
242
242
242
249
249
252
259
261
262
264
271
273
279
287
287
288
291
292
293
296
296
297
298
298
298
299
299
299
300
301
303
303
303
304
305
305
307
308
308
308
309
311
313
318
319
323
324
324
325
328
332
333
333
333
334
334
335
337
338
339
340
342
342
342
344
345
345
345
345
345
346
350
351
351
357
357
358
363
367
367
368
368
369
378
380
382
383
383
387
387
390
391
391
393
393
394
394
394
394
394
395
395
395
396
396
396
402
402
403
404
405
406
406
407
407
408
409
409
409
409
410
411
413
413
415
415
416
417
418
419
419
419
420
421
421
422
422
424
427
430
430
430
431
431
431
433
435
435
437
441
441
446
446
452
452
453
456
457
457
459
460
461
470
471
472
473
473
476
479
480
482
482
484
484
485
486
504
505
507
514
515
520
520
521
522
524
524
525
526
527
528
528
530
530
530
530
534
535
535
535
536
538
539
540
541
545
545
547
547
550
551
551
554
555
555
555
555
556
556
556
556
556
559
559
559
562
562
564
564
565
566
567
568
568
568
570
571
574
574
575
575
575
576
576
577
577
577
577
578
578
578
578
581
581
581
582
582
583
584
584
584
584
584
584
585
586
586
587
589
590
590
590
591
591
591
591
591
592
592
592
592
592
592
592
592
593
593
593
594
596
597
599
599
600
601
601
603
603
605
606
606
607
607
610
610
613
613
615
615
618
618
619
620
620
621
622
626
627
628
630
631
634
634
637
638
641
641
642
642
643
644
644
644
644
645
646
646
648
650
650
653
654
655
655
657
657
660
661
664
670
670
674
675
677
677
677
677
677
679
681
685
687
687
689
690
696
697
698
698
698
700
700
704
704
704
708
709
711
714
714
714
719
720
720
721
725
726
726
728
728
729
730
730
732
733
740
740
742
742
744
745
749
751
751
754
755
757
758
758
759
759
763
764
764
764
764
765
769
770
774
774
774
775
775
776
777
777
779
781
782
783
783
783
783
784
784
785
785
786
787
788
788
789
790
791
791
792
794
794
795
796
796
796
796
797
797
798
798
798
798
798
801
802
803
803
804
804
804
805
805
805
805
806
806
809
809
811
812
814
817
817
821
822
826
826
828
829
829
830
830
830
832
832
834
838
839
842
843
843
852
853
854
854
855
856
856
856
856
857
857
857
857
858
858
858
858
858
859
859
859
859
861
861
861
861
861
861
862
862
862
863
864
864
865
865
865
866
867
868
870
870
870
870
870
871
873
875
875
875
875
875
876
876
876
876
876
876
876
876
876
876
876
876
876
877
877
877
877
877
877
877
877
878
879
879
880
880
880
883
883
883
883
883
884
884
884
885
886
886
886
887
887
889
889
890
890
894
896
896
897
898
898
900
900
901
902
904
905
907
907
909
912
912
913
914
914
915
917
917
917
918
918
919
920
921
922
923
923
925
927
927
928
928
928
928
929
929
929
929
929
929
930
930
931
931
934
935
936
936
938
940
942
943
945
949
952
952
952
956
961
964
964
967
968
972
973
983
983
985
986
986
987
989
989
991
992
992
993
995
995
995
998
999
999
1000
1001
1002
1003
1003
1003
1003
1003
1003
1003
1003
1003
1003
1003
1003
1003
1004
1004
1004
1004
1004
1005
1005
1008
1008
1009
1009
1009
1009
1009
1009
1009
1010
1010
1010
1010
1010
1011
1011
1011
1011
1011
1013
1013
1013
1014
1014
1014
1015
1015
1017
1020
1020
1021
1021
1021
1021
1021
1021
1021
1022
1022
1022
1022
1022
1027
1028
1029
1030
1031
1032
1032
1034
1037
1038
1039
1040
1041
1042
1044
1045
1046
1046
1046
1047
1051
1054
1054
1055
1055
1056
1056
1056
1057
1057
1058
1058
1058
1068
1074
1074
1075
1075
1075
1075
1076
1076
1076
1077
1077
1085
1085
1086
1087
1087
1097
1106
1107
1108
1108
1109
1110
1112
1113
1114
1114
1115
1118
1119
1120
1120
1120
1120
1120
1120
1121
1121
1121
1121
1128
1128
1129
1132
1134
1138
1140
1144
1150
1151
1153
1153
1154
1156
1156
1157
1164
1166
1172
1172
1172
1174
1175
1180
1184
1186
1187
1194
1194
1195
1197
1201
1204
1205
1205
1207
1208
1213
1214
1214
1215
1216
1222
1233
1233
1234
1234
1235
1237
1239
1242
1246
1246
1249
1255
1255
1256
1256
1257
1259
1260
1261
1270
1271
1275
1276
1276
1276
1286
1286
1287
1289
1290
1292
1300
1301
1301
1308
1309
1312
1319
1321
1325
1331
1334
1334
1336
1337
1343
1343
1345
1346
1351
1353
1355
1358
1359
1360
1361
1361
1362
1366
1369
1370
1370
1398
1402
1405
1408
1412
1413
1424
1429
1432
1433
1434
1443
1447
1460
1463
1467
1502
1509
1509
1510
1531
1532
1542
1544
1555
1559
1560
1562
1563
1566
1574
1575
1575
1580
1583
1585
1607
1607
1610
1610
1611
1612
1612
1612
1612
1622
1623
1625
1630
1631
1661
1664
1680
1684
1684
1684
1693
1698
1698
1698
1699
1699
1699
1701
1705
1705
1708
1709
1718
1736
1742
1746
1747
1749
1749
1751
1754
1758
1758
1760
1761
1761
1761
1761
1763
1764
1764
1765
1766
1767
1768
1769
1770
1772
1773
1777
1778
1780
1780
1781
1781
1783
1784
1786
1789
1790
1791
1791
1791
1792
1793
1793
1794
1800
1801
1802
1807
1811
1812
1813
1813
1813
1814
1817
1817
1817
1817
1818
1819
1819
1822
1822
1823
1825
1827
1829
1830
1831
1833
1836
1841
1842
1842
1844
1844
1844
1844
1850
1853
1856
1860
1863
1863
1866
1868
1868
1868
1870
1870
1871
1874
1874
1876
1878
1879
1882
1885
1887
1887
1888
1888
1888
1888
1889
1889
1889
1889
1890
1890
1894
1895
1901
1901
1903
1905
1905
1906
1906
1906
1906
1907
1907
1907
1907
1908
1908
1912
1914
1918
1918
1920
1922
1923
1924
1924
1931
1934
1934
1941
1941
1946
1957
1959
1960
1960
1960
1960
1960
1960
1960
1961
1961
1961
1961
1961
1961
1961
1962
1962
1962
1962
1962
1962
1962
1963
1963
1963
1966
1971
1974
1974
1976
1977
1977
1977
1980
1980
1980
1980
1980
1980
1981
1981
1981
1987
1990
1990
1991
1995
2001
2008
2008
2009
2010
2010
2014
2020
2028
2058
2058
2059
2064
2071
2071
2071
2077
2078
2078
2079
2081
2092
2095
2097
2107
2109
2123
2138
2139
2139
2141
2142
2151
2151
2155
2155
2156
2159
2166
2168
2169
2170
2173
2182
2182
2184
2185
2186
2186
2187
2188
2189
2213
2228
2243
2245
2276
2277
2280
2284
2284
2285
2298
2320
2320
2322
2327
2330
2333
2333
2333
2341
2341
2341
2341
2341
2341
2342
2344
2344
2348
2349
2350
2350
2351
2354
2355
2358
2359
2365
2366
2366
2367
2368
2369
2376
2385
2386
2391
2392
2398
2424
2424
2424
2429
2430
2431
2438
2445
2447
2474
2475
2479
2481
2481
2482
2486
2493
2494
2494
2495
2495
2496
2498
2504
2504
2505
2509
2511
2512
2513
2514
2518
2520
2521
2521
2523
2525
2525
2531
2531
2532
2532
2533
2534
2534
2537
2537
2537
2539
2544
2547
2548
2552
2553
2553
2553
2554
2554
2558
2561
2561
2563
2565
2567
2572
2575
2578
2580
2585
2589
2590
2591
2592
2592
2593
2593
2594
2594
2597
2598
2598
2600
2601
2602
2602
2604
2606
2607
2612
2613
2613
2620
2620
2621
2622
2626
2631
2649
2655
2662
2672
2675
2679
2679
2686
2688
2689
2690
2691
2707
2710
2710
2714
2733
2751
2758
2761
2762
2764
2769
2779
2797
2800
2810
2812
2819
2830
2842
2851
2867
2870
2872
2896
2902
2907
2910
2916
2916
2924
2925
2928
2930
2935
2936
2939
2939
2940
2940
2941
2941
2941
2943
2946
2947
2949
2950
2951
2952
2964
2989
2990
2992
2993
2996
3041
3069
3104
3107
3113
3113
3113
3127
3128
3130
3130
3131
3131
3131
3131
3131
3131
3131
3131
3131
3140
3142
3142
3145
3145
3147
3150
3151
3157
3157
3161
3163
3165
3165
3166
3168
3169
3172
3173
3174
3175
3176
3178
3178
3179
3186
3188
3190
3193
3193
3195
3195
3195
3196
3199
3199
3202
3203
3204
3211
3212
3212
3212
3213
3214
3214
3215
3218
3218
3225
3226
3228
3230
3235
3241
3250
3255
3257
3260
3264
3265
3266
3267
3267
3267
3271
3281
3283
3290
3294
3296
3300
3300
3301
3301
3301
3303
3352
3362
3362
3364
3370
3379
3379
3381
3399
3411
3417
3425
3439
3465
3526
3528
3543
3582
3587
3588
3589
3591
3597
3600
3606
3606
3607
3624
3625
3626
3626
3626
3627
3627
3627
3634
3634
3634
3635
3675
3679
3679
3680
3680
3682
3686
3698
3698
3711
3711
3712
3717
3734
3736
3749
3758
3797
3802
3802
3814
3835
3839
3846
3854
3863
3899
3908
3908
3913
3919
3935
3940
3941
3943
3954
3959
3959
3961
3962
3963
3967
3972
3974
3974
4000
4000
4000
4001
4001
4001
4001
4001
4018
4022
4023
4023
4032
4039
4057
4061
4113
4148
4184
4184
4242
4243
4256
4261
4266
4274
4275
4276
4277
4277
4277
4280
4280
4281
4282
4296
4296
4297
4315
4332
4334
4346
4361
4368
4371
4372
4382
4392
4394
4395
4397
4401
4407
4408
4435
4437
4490
4492
4493
4528
4531
4573
4574
4636
4760
4776
4783
4784
4791
4811
4813
4814
4835
4876
4904
4914
4915
4915
5125
5127
5132
5157
5174
5175
5175
5175
5183
5189
5250
5250
5250
5251
5251
5255
5300
5328
5439
5469
5472
5474
5484
5494
5612
5727
5730
5747
5748
5751
5754
5756
5758
5759
5760
5763
5764
5768
5769
5775
5776
5786
5789
5789
5791
5793
5795
5796
5798
5834
5843
5844
5844
5846
5852
5878
5878
6130
6131
6132
6132
6132
6146
6157
6165
6221
6222
6227
6260
6261
6262
6262
6262
6262
6262
6262
6263
6263
6263
6263
6263
6263
6263
6264
6264
6265
6267
6269
6271
6276
6277
6280
6310
6320
6340
6340
6342
6344
6344
6352
6352
6372
6372
6372
6425
6428
6430
6433
6440
6443
6444
6445
6446
6449
6451
6451
6451
6455
6456
6456
6456
6458
6459
6459
6459
6460
6468
6470
6473
6474
6474
6475
6476
6477
6478
6480
6490
6490
6491
6497
6502
6506
6506
6508
6512
6516
6516
6523
6526
6539
6539
6540
6548
6548
6548
6549
6553
6553
6553
6554
6554
6564
6578
6579
6580
6580
6581
6598
6609
6609
6609
6619
6620
6622
6624
6686
6690
6691
6722
6765
6828
6847
6848
6855
6858
6889
6907
6947
6960
6967
7001
7001
7026
7032
7032
7038
7109
7115
7268
7269
7291
7472
7646
7652
7669
7790
7793
7795
7795
7798
7808
7811
7811
7812
7817
7820
7821
7826
7830
7831
7856
7860
7861
7869
7872
7876
7879
7883
7887
7887
7891
7897
7898
7898
7902
7907
7908
7908
7920
7921
7931
7931
7932
7934
7937
7937
7942
7942
7947
7948
7956
7968
8015
8116
8124
8125
