0
0
0
1
2
3
4
4
4
4
6
6
6
8
8
9
9
10
10
10
10
11
13
13
13
13
14
14
15
15
15
15
16
16
16
16
18
18
18
18
18
18
18
19
19
19
19
19
19
19
19
19
19
19
19
19
19
19
19
19
19
19
19
19
20
20
20
20
21
21
21
21
21
21
22
22
22
22
22
22
23
23
23
23
23
23
23
23
23
23
23
23
23
23
24
24
24
24
24
24
24
24
24
24
24
24
24
24
25
25
26
26
26
26
27
27
27
27
27
27
28
28
28
28
28
28
28
28
28
28
29
29
29
29
29
29
29
29
30
30
30
30
30
30
30
30
30
30
30
30
30
31
31
31
31
31
31
31
32
32
32
32
32
33
33
33
33
34
34
34
34
34
34
34
34
35
35
35
35
35
35
35
35
35
36
36
36
36
36
36
37
38
38
38
39
39
39
39
39
40
40
40
41
41
42
42
42
42
42
43
43
43
43
44
44
44
45
45
45
45
45
45
45
45
45
45
46
46
46
46
46
47
48
48
49
49
49
49
49
49
50
50
50
51
51
51
51
51
51
52
53
53
53
53
53
53
54
54
54
54
55
55
55
55
56
56
57
57
57
57
58
58
58
58
58
59
59
59
60
60
61
62
62
62
62
63
63
64
65
65
65
65
65
65
66
66
66
66
67
67
67
67
68
68
68
68
68
68
69
69
70
70
71
71
71
71
71
72
72
73
75
77
77
78
78
78
79
79
79
79
79
79
79
79
79
79
80
80
80
80
80
80
80
80
81
81
81
81
81
81
81
81
81
81
81
82
83
84
84
84
85
85
85
85
85
86
86
86
86
86
87
87
87
87
87
87
87
87
88
88
88
88
88
88
88
88
88
89
89
89
89
89
89
89
89
90
90
90
90
91
91
91
92
92
92
93
94
94
94
94
94
95
95
96
96
96
97
97
99
99
99
99
99
99
100
100
100
100
100
100
100
100
101
101
103
104
105
105
105
105
105
105
106
106
106
106
106
107
107
107
107
108
108
108
108
108
108
108
109
109
110
110
111
111
112
113
113
115
116
116
118
119
119
119
119
119
119
120
120
120
120
120
120
120
121
121
121
121
122
122
122
122
122
122
123
123
123
123
123
124
124
124
124
124
124
124
124
125
125
126
126
126
127
127
127
127
127
127
127
128
128
128
129
130
130
130
130
130
130
130
130
130
131
131
131
131
131
132
132
132
132
132
133
133
133
133
133
133
134
134
134
135
135
135
135
135
135
136
136
136
136
136
136
136
136
137
137
138
138
138
139
140
140
140
141
141
141
141
141
141
144
144
144
145
145
145
146
146
146
146
146
146
146
146
146
146
146
146
146
146
146
147
147
147
147
147
147
147
148
148
149
149
150
150
151
151
151
152
152
152
152
153
153
153
154
154
155
159
161
164
166
167
167
167
168
168
169
169
169
169
169
169
170
170
170
171
171
171
171
171
171
171
173
173
173
173
174
176
177
177
177
177
177
177
178
178
178
178
178
178
178
178
178
179
179
179
180
180
182
182
182
183
184
185
185
186
186
187
187
187
187
188
188
189
189
190
190
191
192
192
193
193
193
194
194
195
195
195
196
196
196
197
198
198
198
199
199
199
199
199
199
199
200
200
200
200
200
200
200
200
200
200
200
201
201
201
201
202
203
203
204
204
205
206
208
209
209
209
210
211
212
212
212
213
213
213
213
214
214
214
214
214
214
216
217
218
220
221
222
223
223
223
226
227
228
229
230
231
231
231
232
232
232
233
233
233
234
234
234
235
237
238
238
240
240
240
240
242
243
244
245
246
246
246
247
247
247
248
248
248
248
249
249
249
251
252
253
254
254
254
254
254
254
255
255
255
255
255
255
255
255
255
255
255
256
257
258
258
259
259
260
260
260
262
262
263
264
264
266
266
266
268
269
270
270
270
273
274
275
275
276
280
281
281
281
282
283
285
286
288
288
288
289
289
291
291
292
293
293
294
295
296
300
302
302
306
306
306
306
306
307
307
308
309
310
314
315
315
316
316
316
317
320
323
323
326
326
326
327
329
333
334
339
340
340
344
346
346
349
350
351
352
353
355
356
357
358
359
359
360
360
360
362
362
362
364
364
366
368
370
370
372
372
372
372
373
373
374
374
375
376
377
377
377
379
379
382
382
383
383
383
383
384
385
385
385
385
385
385
386
386
386
386
386
387
387
387
387
387
387
387
387
388
388
389
391
391
391
391
392
392
392
392
393
393
394
394
394
395
395
395
396
396
396
396
397
397
397
397
398
398
399
399
399
399
399
400
400
401
403
403
404
404
404
405
406
406
407
408
408
408
408
408
409
409
409
410
410
410
410
412
412
412
413
413
413
414
414
414
414
415
415
415
415
415
415
416
416
416
416
416
417
417
417
417
417
417
417
418
418
418
418
419
419
419
420
420
421
421
421
423
424
424
424
425
425
426
426
426
426
426
427
427
427
427
427
427
428
428
429
430
430
431
431
431
432
432
432
432
432
432
433
433
433
434
435
435
435
435
436
436
436
436
436
436
436
436
436
436
436
436
437
437
437
438
439
439
440
440
441
443
444
444
444
444
445
445
445
446
447
447
448
448
448
449
449
449
449
451
451
451
451
452
453
453
453
453
453
455
455
455
456
456
456
457
457
457
457
457
457
457
457
457
458
458
459
459
459
459
460
460
460
460
460
460
460
460
460
460
460
460
461
461
461
461
461
461
462
463
464
464
464
464
464
466
467
467
468
468
468
468
469
470
470
471
471
473
473
473
473
474
475
477
477
477
477
477
478
478
478
479
479
480
480
481
483
483
484
486
486
488
488
488
488
488
489
489
491
492
492
492
492
492
493
493
493
493
494
495
495
495
496
496
496
496
497
497
497
498
498
499
500
501
501
501
501
501
501
501
502
503
503
503
503
503
504
504
504
504
504
504
504
504
505
505
505
506
506
506
506
507
507
507
507
507
508
509
509
509
510
510
511
511
512
513
513
513
515
516
517
517
518
518
518
518
519
519
520
521
522
522
523
523
523
524
525
525
525
527
527
528
530
531
532
532
532
535
536
538
540
540
540
541
541
541
541
544
546
549
550
550
551
551
551
551
551
552
553
553
554
554
554
555
555
556
557
557
557
558
559
559
560
561
561
562
562
562
563
568
568
568
569
569
570
575
576
576
576
576
577
577
577
577
577
578
578
582
585
585
587
590
592
592
593
594
594
595
596
596
597
598
598
598
599
599
600
600
601
601
601
601
601
602
602
606
606
606
606
607
607
609
609
610
611
612
615
616
617
617
617
618
618
618
619
620
620
621
621
621
622
623
623
624
624
625
625
626
626
627
627
627
628
629
629
629
630
632
632
632
632
632
632
632
632
632
632
633
634
634
635
635
636
636
637
637
638
639
639
640
641
641
641
642
642
644
645
645
645
646
646
647
647
647
647
648
648
648
649
649
650
650
650
650
651
651
652
652
652
653
653
654
654
655
657
658
658
660
660
661
661
662
662
663
663
664
665
665
665
667
667
667
667
668
668
668
668
668
668
669
670
671
672
673
674
674
675
676
677
677
677
678
680
681
682
682
682
683
684
685
686
687
687
690
690
690
691
691
691
695
695
698
702
703
705
706
707
708
709
711
711
711
714
715
715
716
724
726
726
727
727
727
727
728
731
731
731
731
732
733
737
745
746
746
750
750
750
753
753
753
755
755
756
757
760
761
761
761
761
762
762
763
763
764
764
765
766
766
766
767
768
771
771
772
773
773
773
773
774
775
776
776
776
776
778
778
782
785
793
793
794
799
799
800
800
800
800
803
805
805
805
817
818
819
819
819
820
825
826
828
830
831
832
834
836
836
837
839
839
841
841
843
843
843
844
844
845
846
848
848
854
856
857
858
859
860
862
862
862
866
868
870
874
876
877
877
877
877
878
878
879
880
880
881
889
890
891
892
893
896
896
897
898
898
899
899
903
904
906
907
907
907
910
914
914
914
914
914
915
915
915
915
917
917
918
919
920
922
922
925
925
927
936
938
938
938
939
942
944
948
948
949
951
952
952
953
954
954
954
955
956
957
958
959
960
961
961
962
962
963
965
965
967
967
969
970
970
973
975
975
975
976
977
977
977
978
979
979
979
980
981
981
981
982
983
985
985
986
987
988
989
989
989
989
989
990
990
990
991
991
992
993
993
993
995
998
999
1001
1002
1002
1003
1005
1010
1012
1013
1013
1020
1020
1021
1022
1024
1025
1027
1029
1031
1032
1032
1035
1035
1036
1036
1036
1037
1037
1040
1041
1042
1044
1046
1046
1047
1048
1049
1050
1051
1052
1055
1056
1059
1062
1062
1062
1064
1067
1070
1070
1070
1071
1071
1095
1098
1101
1103
1105
1106
1108
1110
1113
1115
1117
1119
1120
1124
1124
1125
1125
1128
1128
1128
1129
1130
1131
1132
1133
1134
1134
1134
1134
1134
1135
1135
1137
1139
1142
1144
1144
1144
1144
1144
1144
1145
1145
1148
1148
1149
1149
1150
1150
1150
1150
1151
1151
1152
1154
1155
1155
1159
1161
1163
1163
1164
1164
1165
1166
1167
1167
1167
1167
1168
1168
1171
1172
1173
1173
1173
1174
1186
1201
1202
1204
1206
1206
1207
1207
1209
1210
1211
1216
1217
1219
1221
1222
1225
1233
1241
1246
1249
1252
1256
1256
1257
1258
1259
1263
1265
1266
1267
1268
1268
1269
1269
1269
1270
1270
1272
1273
1274
1274
1274
1276
1276
1276
1279
1279
1279
1280
1281
1282
1282
1284
1285
1289
1295
1297
1300
1301
1304
1305
1311
1315
1315
1316
1321
1324
1332
1336
1338
1338
1339
1339
1340
1341
1345
1349
1350
1352
1352
1357
1357
1358
1368
1373
1377
1379
1380
1381
1383
1383
1386
1389
1400
1406
1409
1409
1410
1410
1415
1416
1417
1417
1417
1418
1418
1420
1420
1421
1421
1422
1423
1423
1423
1423
1423
1423
1425
1425
1430
1435
1435
1439
1440
1442
1443
1446
1447
1448
1448
1449
1450
1452
1458
1467
1468
1468
1471
1475
1483
1485
1485
1485
1487
1488
1489
1491
1492
1507
1510
1515
1521
1524
1528
1529
1532
1538
1542
1545
1545
1546
1547
1548
1550
1551
1551
1551
1552
1552
1556
1556
1557
1557
1559
1561
1564
1564
1565
1566
1566
1567
1568
1571
1571
1572
1574
1574
1574
1575
1577
1578
1578
1582
1582
1583
1583
1586
1590
1590
1591
1591
1594
1594
1595
1596
1596
1597
1598
1598
1598
1601
1601
1601
1602
1602
1603
1603
1604
1606
1608
1608
1608
1609
1609
1609
1611
1611
1612
1614
1615
1617
1618
1618
1620
1620
1620
1622
1622
1622
1623
1623
1623
1623
1624
1626
1626
1627
1628
1629
1630
1630
1632
1633
1633
1634
1634
1635
1636
1638
1638
1638
1644
1645
1646
1648
1648
1650
1651
1651
1652
1653
1653
1654
1654
1655
1656
1656
1656
1656
1656
1656
1658
1658
1660
1660
1661
1662
1662
1663
1666
1666
1667
1667
1668
1668
1669
1669
1671
1672
1674
1674
1675
1676
1677
1679
1680
1681
1686
1691
1693
1696
1696
1699
1702
1721
1753
1754
1755
1756
1757
1757
1758
1758
1758
1759
1761
1776
1789
1789
1792
1792
1793
1799
1800
1814
1816
1825
1830
1831
1832
1832
1832
1834
1836
1837
1840
1842
1843
1850
1852
1852
1852
1855
1856
1857
1858
1859
1861
1861
1861
1862
1863
1864
1866
1867
1878
1887
1908
1909
1911
1916
1917
1919
