0
0
1
2
2
3
3
4
4
5
5
6
6
6
7
7
7
7
8
9
9
10
10
10
10
10
10
11
11
11
11
11
12
12
12
13
13
14
14
14
15
16
16
17
17
18
18
20
20
20
20
20
20
20
20
20
20
20
21
21
21
21
21
21
21
21
21
21
21
21
21
21
21
21
21
21
21
21
21
21
21
22
22
22
22
22
22
22
22
22
23
23
23
23
24
24
24
25
25
25
25
26
26
27
28
28
28
28
28
29
29
29
29
29
29
29
29
30
30
30
30
30
30
30
30
30
30
30
30
30
30
31
31
31
31
31
31
31
31
31
31
31
31
31
31
31
32
32
32
32
32
32
33
33
33
34
34
34
34
35
35
35
36
36
36
36
37
38
38
38
38
38
40
41
42
42
42
44
44
45
45
45
45
48
48
50
51
51
51
51
51
52
52
52
53
53
53
54
56
56
56
57
57
57
57
57
58
58
58
58
58
58
59
59
59
59
60
60
60
60
61
61
61
61
61
61
62
62
62
62
62
62
62
63
63
64
65
65
66
66
67
67
68
70
71
72
72
72
74
74
76
76
77
77
77
78
78
78
78
78
79
79
79
79
80
85
85
85
86
86
87
87
89
89
89
90
90
90
91
92
92
93
94
96
99
99
101
101
102
102
105
105
105
106
109
111
111
112
113
113
114
115
115
115
116
116
116
117
117
117
118
121
125
126
128
129
130
134
134
135
135
136
136
136
138
138
138
138
139
139
140
140
141
142
142
142
143
143
143
143
143
143
143
143
143
143
143
144
144
144
144
144
145
146
147
147
147
148
148
150
151
151
151
151
151
151
154
154
154
155
156
156
157
157
158
160
161
161
161
161
162
162
162
162
163
163
164
164
164
165
165
165
165
166
166
168
169
169
169
170
171
171
171
171
171
172
173
173
173
173
173
174
175
175
176
177
177
177
177
177
177
177
178
178
179
181
182
182
183
183
184
186
187
187
187
187
188
188
188
188
188
188
189
189
189
189
189
190
190
190
190
190
191
192
192
192
192
192
194
194
194
194
194
195
195
196
196
197
198
198
199
199
200
200
200
201
201
201
201
201
202
202
202
203
203
203
203
204
204
205
205
206
206
207
208
208
208
208
209
209
209
210
211
211
212
213
213
213
214
214
214
215
215
215
217
217
217
218
219
219
219
220
220
221
221
222
223
224
224
225
226
226
226
226
227
227
227
227
227
228
228
228
228
228
229
229
229
230
230
231
231
231
231
231
232
232
233
233
233
233
233
234
235
235
235
235
235
235
235
236
236
236
236
237
237
237
237
237
237
238
238
238
238
240
240
240
240
240
241
241
241
241
241
241
242
242
242
242
244
244
245
245
245
245
245
245
246
246
246
246
246
246
246
246
246
247
247
247
247
248
248
248
248
248
248
248
248
249
249
250
250
250
250
250
250
251
251
251
251
252
252
252
252
253
253
253
254
254
255
257
259
259
259
259
260
260
261
261
261
263
263
263
264
265
265
265
265
265
265
266
266
266
266
266
266
266
266
267
268
268
269
269
272
272
272
273
273
274
274
274
275
275
275
275
275
276
276
276
278
278
279
279
280
280
280
281
281
282
282
282
283
284
284
284
285
285
285
286
287
287
287
287
287
288
288
288
288
288
289
289
289
289
289
289
290
291
291
291
291
291
292
292
292
292
292
292
293
293
293
293
293
293
293
293
293
293
293
293
293
293
294
294
294
294
294
294
294
294
294
295
295
295
295
295
295
295
295
295
295
296
296
296
297
297
297
298
298
298
298
298
298
298
298
298
299
299
299
299
299
299
299
299
299
299
299
300
301
301
301
302
302
303
304
305
305
306
306
306
306
306
307
308
308
308
309
309
309
309
309
310
310
310
310
311
311
311
311
311
311
311
311
311
311
311
312
312
312
312
312
312
313
313
313
313
313
314
314
314
314
315
316
316
316
316
316
316
317
317
318
319
320
320
320
320
320
320
320
320
320
321
322
322
323
324
324
324
324
325
325
325
325
326
326
327
327
327
327
327
328
328
328
328
328
328
329
329
329
329
329
330
330
330
330
330
330
330
331
331
331
331
331
332
332
333
334
334
334
335
335
335
336
336
336
336
336
337
337
338
338
338
338
338
339
339
340
340
341
341
341
341
342
342
343
343
343
344
344
344
345
345
345
346
346
346
347
347
348
349
350
350
351
351
352
353
353
353
353
353
353
354
354
355
356
357
357
357
359
359
359
359
359
359
360
361
361
362
362
362
363
363
363
363
363
363
364
364
365
365
365
366
366
366
366
366
366
367
367
367
368
368
368
368
368
368
369
370
371
371
371
371
371
371
372
372
373
373
373
373
373
373
373
373
374
374
374
374
374
375
376
376
377
377
377
377
378
378
378
378
378
379
379
379
379
379
379
379
379
379
379
380
380
380
380
380
380
381
382
382
383
384
384
384
386
387
387
388
388
389
390
390
391
394
394
396
396
396
396
396
396
396
396
397
397
401
401
402
402
403
403
404
404
404
409
410
410
410
410
411
412
412
413
413
414
415
415
415
416
417
417
418
418
420
420
421
422
426
426
427
428
428
428
428
431
433
434
435
436
436
436
436
438
439
439
439
440
441
442
443
445
445
445
447
447
448
449
450
450
451
452
453
453
453
454
458
458
458
458
458
459
460
461
463
465
465
467
467
467
468
468
468
468
468
469
469
469
470
472
473
473
473
473
473
473
475
476
476
476
478
480
484
485
485
485
486
486
486
487
487
488
491
493
493
497
499
500
503
504
504
506
506
506
506
507
507
509
509
510
515
516
516
516
517
517
517
520
520
520
524
528
530
530
530
531
531
531
532
532
533
533
533
534
535
535
535
536
536
536
537
537
537
538
539
540
540
542
542
543
543
543
543
543
543
543
543
543
544
545
545
546
546
547
547
547
547
548
548
549
549
549
551
551
552
552
552
553
554
554
554
555
555
556
556
556
556
556
557
560
560
561
562
562
564
565
566
568
568
568
569
569
569
570
570
570
570
571
571
571
572
573
574
575
576
577
577
578
578
578
579
579
579
579
580
581
581
582
583
583
584
586
586
587
587
588
588
588
589
590
590
591
593
593
595
595
595
595
596
596
596
597
600
601
601
601
601
602
603
604
605
606
606
606
607
608
610
611
613
613
614
614
614
614
616
618
620
620
620
622
623
624
624
626
626
629
629
631
633
633
633
633
634
634
634
634
634
634
635
635
637
638
638
640
641
641
642
642
642
642
643
643
644
644
646
646
647
648
649
650
650
650
651
651
652
652
652
652
652
653
653
655
657
657
657
658
659
659
660
660
661
663
663
664
665
666
666
668
669
672
672
672
676
676
676
680
680
682
682
683
683
684
684
685
687
687
688
688
688
690
690
692
692
692
692
695
695
697
697
698
700
700
700
702
702
702
702
703
704
704
704
704
705
706
707
707
708
708
709
710
710
710
710
711
712
712
712
712
714
714
714
714
716
716
716
718
719
719
720
720
720
721
721
721
721
721
722
722
723
724
725
725
726
726
729
729
730
731
731
733
734
735
735
738
739
740
742
742
744
745
746
747
749
749
749
753
753
754
755
756
756
757
758
759
761
763
767
776
776
776
777
778
778
779
779
779
780
780
782
782
782
784
784
784
784
785
786
786
788
788
788
788
789
790
791
791
792
792
792
793
794
794
794
794
796
797
798
798
798
799
799
800
800
801
802
802
802
803
803
803
804
806
806
807
813
816
816
818
820
821
821
822
822
822
825
826
826
826
827
827
829
830
834
834
836
841
842
843
843
845
849
849
851
853
853
854
856
857
858
860
862
863
864
865
866
867
870
871
872
874
877
880
881
881
882
882
885
886
886
887
887
889
889
891
892
892
892
893
895
898
898
899
900
900
901
901
901
903
905
909
911
917
917
918
919
926
931
932
932
932
932
932
933
941
948
948
949
951
957
962
967
967
969
970
970
971
973
973
973
976
976
977
985
986
986
988
988
988
992
993
995
996
996
997
997
998
998
998
999
1000
1001
1002
1003
1004
1004
1008
1016
1017
1018
1021
1024
1026
1027
1028
1030
1030
1031
1031
1031
1032
1036
1040
1052
1053
1056
1056
1057
1057
1058
1058
1060
1061
1068
1068
1069
1069
1069
1069
1069
1070
1070
1070
1070
1070
1070
1072
1072
1073
1074
1074
1074
1077
1077
1078
1080
1082
1084
1084
1086
1087
1089
1089
1090
1090
1092
1093
1093
1094
1094
1094
1094
1094
1094
1098
1102
1102
1103
1104
1104
1105
1105
1106
1107
1108
1110
1111
1116
1116
1119
1119
1122
1124
1127
1127
1129
1131
1144
1150
1152
1160
1169
1171
1172
1176
1176
1176
1178
1179
1179
1180
1181
1182
1186
1192
1193
1194
1194
1194
1196
1196
1199
1199
1200
1200
1201
1203
1209
1210
1211
1215
1217
1219
1220
1223
1224
1225
1226
1228
1229
1232
1233
1234
1235
1237
1239
1239
1240
1241
1243
1244
1245
1245
1246
1246
1247
1249
1251
1253
1253
1256
1257
1258
1258
1259
1262
1265
1267
1268
1268
1270
1270
1271
1272
1273
1276
1276
1277
1278
1280
1282
1282
1282
1283
1285
1286
1295
1296
1301
1302
1302
1302
1302
1302
1302
1302
1302
1303
1303
1303
1303
1303
1303
1304
1304
1304
1304
1305
1305
1305
1305
1305
1306
1306
1306
1306
1306
1306
1308
1308
1308
1309
1309
1310
1311
1311
1311
1311
1313
1313
1313
1314
1315
1316
1317
1317
1317
1318
1318
1319
1320
1322
1326
1326
1329
1329
1330
1331
1331
1332
1336
1337
1337
1337
1339
1339
1343
1347
1348
1349
1350
1350
1350
1351
1353
1355
1355
1355
1355
1355
1356
1360
1360
1360
1361
1361
1362
1362
1363
1363
1364
1364
1364
1365
1366
1367
1369
1370
1371
1372
1373
1373
1373
1374
1375
1376
1379
1380
1380
1380
1381
1381
1381
1381
1382
1382
1384
1385
1393
1393
1394
1396
1411
1411
1412
1414
1416
1416
1418
1418
1420
1422
1422
1423
1424
1424
1425
1425
1426
1429
1429
1429
1430
1430
1431
1431
1431
1432
1432
1435
1437
1437
1440
1440
1447
1449
1455
1461
1462
1466
1467
1469
1470
1476
1478
1487
1491
1493
1495
1499
1499
1500
1505
1515
1515
1517
1517
1519
1519
1521
1522
1522
1523
1523
1525
1530
1532
1533
1533
1534
1534
1535
1539
1539
1540
1540
1541
1541
1541
1542
1544
1544
1545
1545
1545
1546
1547
1549
1550
1551
1551
1552
1552
1552
1552
1553
1555
1555
1556
1556
1557
1558
1558
1558
1559
1559
1559
1561
1561
1562
1563
1563
1564
1564
1564
1567
1567
1567
1569
1570
1572
1572
1573
1574
1576
1577
1577
1577
1577
1580
1581
1581
1582
1583
1583
1583
1584
1585
1587
1589
1591
1591
1594
1595
1597
1597
1599
1601
1601
1601
1602
1607
1608
1608
1615
1616
1617
1621
1621
1623
1623
1627
1628
1628
1629
1663
1666
1666
1666
1672
1674
1674
1675
1675
1675
1676
1676
1677
1678
1683
1683
1685
1686
1691
1698
1699
1700
1700
1700
1701
1701
1702
1702
1703
1704
1705
1706
1706
1706
1716
1717
1717
1717
1718
1718
1719
1719
1719
1721
1722
1722
1722
1725
1731
1735
1736
1736
1740
1745
1745
1748
1748
1750
1751
1754
1759
1760
1762
1763
1764
1765
1766
1766
1767
1770
1774
1775
1778
1778
1779
1782
1783
1784
1785
1786
1786
1787
1787
1787
1789
1791
1792
1798
1804
1804
1806
1806
1806
1812
1812
1814
1817
1820
1820
1824
1827
1827
1829
1830
1832
1834
1835
