0
0
1
2
2
3
5
6
6
7
7
8
8
8
9
9
9
10
10
11
11
11
11
12
12
12
13
13
13
14
15
15
15
15
15
15
16
16
17
18
18
18
19
19
19
19
19
19
19
19
19
19
20
20
20
20
20
20
20
20
20
20
20
20
21
21
21
21
21
21
21
21
21
21
22
22
22
23
23
23
23
23
23
23
24
24
24
24
24
24
24
24
24
25
25
26
26
26
27
27
27
27
27
27
27
28
28
28
28
28
28
28
28
28
28
28
28
28
29
29
29
29
29
29
29
29
30
30
30
31
31
31
32
32
32
33
33
34
34
34
35
35
35
35
35
35
36
36
36
36
36
36
37
37
37
37
37
37
37
37
37
38
38
38
38
38
38
39
41
43
45
46
47
48
50
50
51
51
51
53
53
54
55
56
57
57
57
57
58
60
60
63
64
64
64
64
65
66
66
66
66
66
67
67
67
67
68
68
68
68
68
69
69
69
70
71
72
72
72
72
72
72
72
73
73
73
73
73
73
73
73
73
73
73
74
74
74
74
74
74
75
76
76
76
77
78
78
78
80
80
81
81
82
83
84
84
84
85
86
86
87
89
89
90
92
92
92
93
94
94
94
94
95
95
96
96
96
96
96
97
97
97
97
97
97
97
97
97
98
98
98
98
98
98
99
99
100
101
102
103
103
104
105
105
106
109
109
111
112
113
115
115
115
116
119
119
120
121
121
121
121
122
122
122
123
123
125
125
126
126
127
128
128
128
128
128
129
129
130
131
131
133
133
133
134
134
134
137
138
138
140
140
140
140
141
141
142
143
144
145
145
145
145
145
146
147
148
148
148
148
149
149
149
149
150
151
152
153
153
153
153
153
155
155
155
155
156
156
157
158
158
158
158
159
159
159
159
160
160
160
161
161
161
161
162
162
162
162
162
162
163
163
164
164
165
165
166
166
167
167
168
168
168
170
170
170
170
170
171
172
172
172
172
172
172
173
173
173
174
174
174
175
175
176
176
176
177
177
178
179
179
179
179
180
181
183
184
184
188
188
189
189
189
189
189
190
190
190
190
191
191
191
191
192
192
192
192
193
193
193
194
194
194
194
195
195
195
195
196
196
196
197
198
198
200
200
200
200
200
201
201
202
202
202
202
202
203
203
203
204
204
204
205
205
205
205
205
206
206
206
206
206
207
208
208
210
210
210
211
211
211
211
211
211
211
213
213
214
215
215
216
216
217
217
218
218
219
219
219
219
219
219
219
219
220
220
220
220
220
220
221
221
221
221
221
221
222
223
223
223
224
224
224
225
225
225
225
225
226
226
227
227
227
227
228
228
229
229
229
229
229
229
230
230
230
230
230
230
230
230
230
230
231
231
231
231
231
231
231
231
231
231
231
231
232
232
232
232
233
233
233
234
234
235
235
236
236
236
236
236
236
238
238
238
238
238
238
238
238
238
238
238
239
239
239
239
240
240
240
240
240
240
241
241
242
242
243
244
245
245
246
246
246
246
247
247
248
248
249
250
250
251
252
253
254
254
255
255
256
256
256
256
256
257
257
257
257
257
257
257
257
257
257
258
258
258
258
258
258
258
258
258
259
259
260
260
261
261
262
263
264
265
265
265
265
265
265
266
266
266
266
266
266
267
267
267
267
268
268
269
270
270
271
272
274
276
276
276
276
277
277
277
284
284
284
284
285
285
286
286
286
286
286
286
287
287
287
289
289
292
293
293
293
294
294
297
298
298
299
300
301
301
302
302
302
305
306
307
307
308
308
310
312
312
313
316
319
320
322
322
322
323
324
330
330
331
335
340
345
345
356
356
362
363
363
364
368
369
370
370
370
371
371
371
371
371
371
371
371
371
372
372
372
373
373
373
373
373
373
373
374
374
375
379
379
379
380
380
381
382
382
382
383
383
383
384
384
384
384
384
384
384
385
385
385
385
385
385
385
385
385
385
385
385
385
385
386
386
386
386
386
386
386
387
387
387
388
388
388
389
389
390
390
393
393
394
395
396
396
398
398
399
400
400
401
401
401
402
402
402
402
402
402
403
403
403
403
404
404
404
404
405
405
405
405
405
406
406
406
406
406
406
406
406
408
409
410
411
412
412
414
414
415
415
416
418
419
420
420
420
421
422
422
425
425
426
426
426
426
426
427
429
430
432
432
432
433
433
433
433
435
435
437
438
438
439
439
439
440
440
440
440
440
440
441
441
441
441
441
441
441
441
441
442
442
442
442
442
442
442
442
442
443
443
443
443
443
443
443
444
444
444
445
445
445
446
447
447
448
448
448
448
448
448
448
448
449
449
450
453
455
455
456
456
457
458
459
459
460
461
461
461
461
462
464
466
466
467
467
468
468
468
468
469
469
470
473
473
473
474
474
475
476
476
479
480
482
482
484
484
485
485
485
488
490
491
491
491
491
491
492
492
492
492
492
492
492
493
493
493
493
494
494
494
494
494
495
495
495
496
496
496
496
497
497
497
497
497
498
498
498
498
498
498
499
499
499
500
502
504
504
505
505
505
506
506
506
507
507
508
508
508
508
509
510
510
510
510
512
512
513
513
515
516
518
518
519
519
522
522
524
524
525
530
542
543
547
550
552
553
556
556
557
558
558
560
560
561
561
562
563
563
564
565
565
566
566
566
568
568
569
570
570
570
572
572
573
576
576
577
577
579
579
580
580
582
583
584
585
585
585
586
586
586
586
587
588
588
588
588
589
589
589
591
591
597
597
597
598
598
598
599
600
601
602
604
604
605
607
609
611
615
615
618
633
633
639
643
646
651
656
660
660
661
663
668
681
682
687
687
688
689
689
690
691
694
694
698
699
702
710
711
717
718
718
720
723
725
726
727
732
732
732
733
733
734
735
738
738
739
739
740
740
740
740
740
741
741
742
742
742
743
744
750
751
753
753
754
757
758
758
758
758
760
761
762
762
762
763
763
763
764
767
767
768
768
769
769
769
769
769
770
770
771
771
771
772
776
776
776
777
778
778
778
779
782
785
786
786
786
786
789
790
790
791
792
792
793
793
793
797
799
804
805
805
807
809
810
810
811
812
813
813
813
816
818
819
820
820
821
822
823
823
827
827
827
829
834
834
837
838
839
840
843
843
845
846
847
848
851
853
853
854
854
855
855
855
856
856
857
858
859
861
861
862
866
866
867
868
869
871
878
878
878
882
884
888
889
889
890
890
891
892
892
892
893
893
896
896
896
896
899
899
900
900
901
901
903
904
906
906
906
907
907
907
907
908
911
912
913
915
915
916
916
916
917
917
917
917
917
919
920
921
921
922
924
926
927
928
928
930
930
930
931
931
932
934
934
935
935
935
937
937
937
938
940
941
941
942
943
944
945
946
946
947
948
948
948
951
951
952
952
953
953
954
954
954
955
955
955
955
956
957
957
958
958
959
959
959
960
962
962
962
962
963
964
965
966
968
968
969
969
969
969
970
970
971
971
972
972
972
972
973
974
974
976
976
976
976
977
977
977
978
978
978
978
979
980
980
980
980
980
981
981
981
982
982
982
982
982
983
983
983
983
983
983
983
983
984
984
984
984
984
984
984
984
984
985
985
985
985
985
985
986
987
987
987
987
988
989
989
989
989
989
989
990
990
990
991
991
992
993
993
994
994
994
994
996
996
997
997
1000
1000
1001
1002
1002
1004
1006
1006
1007
1007
1008
1009
1009
1010
1012
1014
1015
1015
1015
1016
1017
1017
1018
1018
1018
1018
1019
1020
1021
1022
1022
1023
1023
1024
1025
1025
1025
1026
1027
1028
1029
1029
1029
1029
1029
1029
1030
1030
1031
1032
1033
1033
1033
1039
1042
1043
1043
1043
1044
1045
1050
1050
1053
1055
1058
1059
1060
1064
1064
1065
1065
1070
1070
1073
1074
1075
1078
1078
1079
1081
1082
1083
1084
1085
1085
1086
1087
1088
1088
1089
1090
1091
1092
1092
1092
1092
1092
1093
1093
1096
1098
1098
1099
1099
1101
1103
1105
1106
1107
1110
1111
1112
1117
1117
1117
1117
1118
1118
1124
1128
1128
1130
1130
1132
1134
1134
1134
1135
1139
1139
1140
1141
1142
1142
1142
1142
1145
1146
1149
1153
1154
1160
1164
1165
1173
1175
1175
1175
1175
1181
1183
1183
1187
1187
1189
1191
1191
1191
1192
1192
1193
1195
1195
1196
1196
1196
1197
1198
1199
1200
1201
1202
1204
1205
1205
1206
1206
1206
1206
1207
1209
1210
1212
1212
1213
1213
1213
1213
1213
1214
1214
1214
1214
1214
1214
1216
1216
1216
1216
1217
1217
1218
1220
1221
1221
1222
1222
1222
1224
1225
1225
1227
1228
1229
1230
1230
1230
1237
1238
1238
1239
1240
1241
1243
1244
1245
1246
1248
1250
1250
1252
1257
1258
1259
1265
1273
1277
1277
1287
1288
1289
1290
1291
1291
1295
1298
1300
1301
1304
1304
1307
1307
1308
1315
1316
1316
1316
1322
1327
1328
1328
1328
1328
1328
1329
1329
1329
1329
1330
1330
1330
1330
1331
1331
1331
1332
1332
1345
1348
1350
1350
1351
1352
1354
1355
1355
1358
1368
1369
1369
1370
1371
1372
1373
1373
1373
1373
1377
1405
1406
1410
1411
1412
1416
1416
1417
1417
1418
1418
1419
1419
1422
1423
1425
1428
1429
1430
1431
1434
1434
1434
1436
1437
1437
1437
1440
1440
1448
1448
1448
1449
1449
1455
1456
1538
1545
1562
1576
1584
1595
1604
1615
1616
1617
1617
1622
1623
1625
1626
1627
1628
1630
1631
1631
1634
1636
1636
1636
1639
1640
1641
1645
1645
1646
1646
1646
1647
1647
1647
1647
1648
1651
1653
1653
1653
1653
1654
1654
1655
1663
1664
1665
1672
1692
1695
1699
1701
1702
1702
1708
1710
1715
1716
1720
1720
1720
1721
1721
1722
1735
1740
1746
1768
1769
1769
1770
1772
1773
1775
1777
1781
1782
1783
1786
1789
1789
1790
1790
1790
1794
1794
1797
1806
1808
1808
1809
1809
1809
1810
1811
1811
1811
1811
1812
1812
1815
1817
1818
1818
1819
1819
1820
1821
1822
1822
1823
1823
1824
1824
1825
1825
1825
1825
1826
1826
1827
1828
1828
1829
1830
1831
1832
1832
1832
1833
1834
1834
1834
1835
1835
1836
1836
1838
1840
1841
1846
1846
1846
1846
1847
1848
1848
1849
1849
1849
1849
1850
1850
1852
1852
1853
1854
1854
1854
1854
1855
1858
1859
1859
1860
1864
1867
1869
1869
1870
1871
1872
1872
1872
1874
1875
1875
1876
1877
1878
1878
1879
1879
1881
1881
1882
1882
1885
1887
1889
1889
1891
1893
1894
1894
1894
1894
1895
1895
1896
1896
1900
1900
1900
1900
1901
1902
1903
1903
1903
1903
1905
1910
1913
1913
1914
1914
1914
1914
1915
1915
1915
1918
1918
1918
1919
1919
1922
1925
1928
1928
1928
1929
1931
1946
1955
1975
1995
1997
2002
2018
2023
2024
2027
2028
2029
2029
2030
2030
2030
2036
2038
2039
2042
2042
2046
2057
2061
2062
2062
2066
2070
2071
2083
2083
2083
2084
2084
2091
2093
2108
2116
2122
2136
2139
2184
2186
2186
2187
2189
2190
2192
2192
2193
2193
2200
2201
2204
2207
2207
2209
2210
2211
2212
2212
2212
2213
2213
2215
2217
2218
2218
2220
2222
2222
2227
2229
2234
2234
2235
2244
2248
2248
2248
2249
2251
2252
2253
2256
2257
2259
2260
2262
2262
2263
2264
2265
2266
2267
2271
2273
2273
2274
2275
2276
2276
2278
2282
2283
2284
2284
2286
2286
2287
2288
2291
2291
2295
2306
2306
2306
2307
2308
2309
2311
2317
2320
2329
2331
2343
2343
2364
2365
2365
2367
2373
2374
2376
2380
2380
2380
2381
2382
2384
2385
2386
2386
2388
2388
2389
2389
2390
2390
2392
2394
2396
2397
2398
2400
2402
2403
2405
2406
2406
2409
2409
2409
2411
2413
2415
2418
2421
2422
2427
2430
2430
2432
2433
2435
2436
2437
2438
