0
0
0
2
2
4
5
6
6
6
6
7
7
7
8
8
8
9
9
9
10
10
10
11
11
11
12
12
12
12
12
12
13
13
14
14
14
15
15
15
15
16
16
17
17
17
17
17
18
18
18
18
18
19
20
20
21
21
21
22
22
22
22
23
23
23
23
23
24
24
24
24
24
24
24
24
24
24
24
25
25
25
25
25
25
25
25
25
25
25
25
25
25
26
26
26
26
26
26
26
26
26
26
26
26
26
26
26
27
27
27
27
27
27
27
27
27
27
27
28
28
28
28
28
28
28
28
28
28
28
29
29
29
29
29
29
29
30
30
30
30
30
30
30
30
31
31
31
31
31
31
31
31
31
31
31
32
32
32
32
32
32
32
32
32
32
32
32
32
32
32
33
33
33
33
33
33
33
33
33
33
33
33
34
34
34
34
34
34
34
34
34
34
34
35
35
35
35
35
36
36
36
36
36
36
36
36
36
37
37
37
37
37
38
38
38
38
38
39
40
40
40
41
41
41
41
41
41
42
42
42
42
42
43
43
44
44
45
46
46
46
47
47
47
47
47
47
47
48
48
48
48
48
48
48
49
49
49
49
49
49
49
49
50
50
50
50
51
51
51
52
52
52
53
53
53
54
54
55
55
55
55
55
56
56
56
57
57
58
58
58
58
59
60
60
62
62
62
62
63
63
64
64
64
66
67
67
67
67
68
68
68
68
69
70
70
71
72
72
72
72
72
72
73
73
74
74
75
75
76
76
76
77
77
78
78
78
79
79
79
79
79
79
80
81
84
84
84
84
84
85
85
85
86
87
87
87
88
88
89
91
91
91
92
92
92
92
93
93
93
94
94
94
95
95
95
95
96
96
97
100
100
100
101
102
102
102
102
103
103
103
103
104
104
104
104
105
106
106
107
110
110
110
111
111
111
111
112
112
112
113
113
113
113
114
114
114
115
116
116
117
117
117
118
118
118
118
118
118
119
119
119
120
121
121
122
122
123
123
124
125
125
125
125
125
126
126
128
128
128
128
129
129
130
130
131
131
131
131
131
131
131
132
132
133
133
133
133
133
134
135
136
136
136
136
137
137
137
137
137
138
139
139
139
139
139
140
140
140
140
140
141
141
142
142
143
144
144
145
145
145
145
145
145
146
146
148
148
150
151
151
151
153
153
154
154
154
154
156
156
157
157
157
157
158
158
158
159
159
160
160
160
160
161
162
163
163
163
164
165
165
165
165
165
165
165
165
166
166
166
166
166
167
167
167
167
167
168
168
168
169
172
173
173
173
173
173
173
174
174
174
174
174
174
174
174
174
175
175
175
175
175
175
176
176
176
176
177
177
177
178
178
179
179
180
180
180
180
182
182
183
183
183
183
183
183
183
184
184
185
185
185
185
186
186
186
187
187
187
188
188
188
189
189
190
190
190
190
190
191
191
191
191
192
193
193
193
193
194
194
195
195
195
195
195
197
197
197
198
198
200
201
201
201
203
203
204
204
204
204
204
205
205
206
206
207
208
208
208
209
209
210
210
210
211
211
211
213
214
215
215
215
216
216
217
217
217
218
218
218
218
219
219
220
220
221
222
223
224
224
224
225
225
226
226
226
227
227
228
228
229
230
232
232
232
232
232
232
232
232
232
232
233
233
233
233
233
233
233
233
233
233
234
234
234
234
234
234
235
235
235
235
236
236
236
236
236
236
237
238
239
239
239
239
239
239
240
240
240
240
240
240
241
241
241
241
241
241
241
241
242
243
243
243
244
245
246
247
247
247
248
250
250
250
251
251
251
252
252
253
253
255
256
256
256
256
257
257
257
258
258
258
258
259
259
260
260
261
261
262
262
263
263
263
263
263
264
264
264
264
264
264
264
264
265
265
266
266
267
267
267
268
268
268
268
269
269
270
270
270
271
271
271
271
272
272
273
274
275
276
277
278
279
281
281
282
282
282
282
282
282
283
283
283
283
283
284
286
288
288
289
289
289
290
290
291
292
292
292
293
293
294
294
294
294
294
294
294
295
295
295
296
296
296
297
297
297
297
297
298
298
298
299
299
300
301
301
302
302
302
303
303
303
303
303
303
303
304
304
304
305
305
305
305
306
306
306
306
306
306
307
307
307
307
307
307
307
307
307
308
308
308
310
310
310
311
311
311
311
311
312
312
312
312
312
312
313
313
314
314
314
314
315
316
317
317
317
317
317
317
317
318
318
318
319
319
319
319
319
319
319
319
320
320
320
320
320
320
320
321
321
322
323
324
324
324
325
325
325
325
326
326
326
326
326
326
326
327
327
327
327
327
327
327
327
327
328
328
328
328
328
328
328
328
328
328
328
328
329
329
329
329
329
329
329
329
329
329
329
329
329
329
330
330
330
330
330
330
330
330
330
331
331
331
331
332
332
333
333
333
333
333
334
334
334
334
334
334
334
334
334
334
335
335
335
335
335
335
335
335
335
335
335
335
335
336
336
339
339
339
339
339
340
340
341
341
341
341
342
342
342
342
342
342
343
343
343
343
343
343
344
344
345
348
348
350
352
353
353
354
354
354
354
354
355
357
359
359
359
359
359
360
360
361
361
362
362
364
364
365
366
366
367
368
368
369
369
369
369
370
370
371
371
372
372
372
373
373
373
373
374
375
375
376
377
377
379
379
381
382
385
386
387
387
388
389
390
391
391
392
393
394
395
395
396
396
396
397
397
397
398
398
400
401
402
404
404
404
404
405
405
406
406
406
408
409
409
409
409
410
412
412
413
414
414
414
415
415
415
415
416
417
418
419
419
422
422
422
423
423
424
426
428
430
430
430
432
433
433
434
434
434
434
435
435
436
437
439
441
441
442
442
444
445
445
445
446
446
446
446
446
447
447
447
447
447
447
447
447
447
447
447
447
448
448
449
450
450
450
450
451
452
452
452
453
453
454
454
454
455
455
455
455
455
456
456
457
457
457
457
458
458
459
459
460
460
460
461
461
461
461
461
462
462
463
463
463
465
465
466
466
466
467
467
468
468
468
468
469
469
470
471
472
472
472
472
472
473
473
473
473
474
474
475
475
476
477
477
477
478
479
479
480
480
480
481
481
481
482
483
483
484
485
487
487
488
488
488
488
488
489
489
490
491
491
491
491
491
493
493
494
494
495
495
496
496
496
497
497
497
497
497
499
499
499
500
500
500
500
500
501
501
502
502
503
503
505
505
505
506
506
507
509
509
509
509
509
511
511
511
514
514
515
515
516
517
517
517
517
517
517
518
520
521
523
523
523
523
524
524
525
528
528
529
529
530
530
533
533
535
535
535
535
536
536
536
537
539
539
542
542
542
542
543
544
545
546
548
550
550
550
552
553
553
553
553
553
553
553
554
554
554
554
554
558
558
559
562
564
565
566
566
566
567
567
567
567
570
571
571
571
571
573
573
577
579
579
581
583
588
588
588
588
588
589
590
590
590
591
591
592
593
594
595
595
597
601
601
601
601
604
605
605
605
605
605
607
612
613
614
615
615
615
615
615
615
615
616
616
616
616
617
617
617
618
619
620
623
623
625
627
628
628
628
629
629
629
629
632
634
635
637
639
639
642
643
645
646
646
652
652
653
653
654
655
657
658
659
660
660
660
661
663
663
664
665
670
671
672
673
673
674
677
679
679
680
681
682
682
684
684
685
686
687
687
687
688
688
689
689
689
692
693
693
694
695
695
698
698
698
703
703
705
705
705
706
706
706
707
707
708
708
708
708
708
709
709
709
709
709
709
710
710
710
711
711
712
713
713
714
714
716
716
717
717
717
718
718
718
718
718
718
719
720
721
722
722
722
723
723
724
724
724
725
725
725
726
727
727
727
727
728
728
729
730
730
730
731
731
731
731
732
732
733
733
734
735
735
735
735
736
736
737
737
738
739
740
740
740
740
740
741
741
742
742
742
742
742
743
744
744
744
744
745
745
745
746
746
747
750
750
750
751
751
752
752
752
752
752
752
753
753
754
754
756
756
756
757
757
759
761
762
762
762
762
763
764
765
765
767
767
767
767
768
770
770
770
770
770
773
774
774
775
775
775
776
776
776
776
777
778
778
778
778
778
780
781
782
782
782
783
784
784
785
785
785
785
785
785
786
786
786
787
788
788
789
790
791
791
791
793
793
794
795
796
796
798
798
798
798
799
799
799
800
800
800
803
804
804
807
808
809
810
811
812
813
814
814
817
817
817
819
821
821
822
822
822
823
823
824
825
825
826
827
827
830
830
832
834
837
837
837
837
838
841
843
844
845
847
847
847
848
848
848
849
849
850
850
851
851
852
852
853
854
856
856
856
859
859
862
862
863
864
865
868
868
869
870
870
872
872
873
873
874
875
876
877
877
878
879
882
883
883
885
887
888
890
891
895
898
899
902
902
904
905
906
906
906
906
907
910
911
912
913
914
915
916
917
918
918
919
920
921
921
923
923
924
926
926
927
929
933
934
934
935
936
936
936
940
940
943
944
944
945
946
947
948
948
953
953
954
959
960
961
963
963
963
964
966
967
968
968
968
970
971
971
972
973
975
975
975
975
976
976
976
976
977
978
978
979
979
979
981
983
983
984
985
985
986
986
986
987
989
989
990
992
995
995
995
995
1000
1001
1001
1001
1002
1002
1004
1007
1009
1011
1014
1014
1016
1021
1021
1022
1022
1023
1029
1031
1031
1031
1032
1033
1036
1038
1039
1040
1040
1043
1044
1044
1045
1045
1046
1054
1055
1056
1056
1058
1058
1058
1063
1065
1066
1068
1074
1076
1076
1079
1081
1086
1088
1095
1095
1099
1100
1100
1104
1108
1111
1113
1113
1115
1116
1116
1116
1122
1122
1124
1124
1124
1124
1125
1126
1126
1126
1127
1128
1128
1129
1130
1130
1133
1133
1133
1133
1133
1134
1134
1135
1135
1135
1136
1136
1136
1137
1137
1137
1137
1139
1139
1141
1141
1141
1142
1144
1145
1145
1146
1146
1152
1152
1153
1155
1155
1155
1155
1155
1157
1157
1157
1159
1159
1160
1161
1163
1171
1173
1176
1176
1179
1180
1185
1185
1187
1187
1188
1189
1190
1190
1191
1191
1193
1195
1195
1196
1196
1197
1198
1199
1199
1200
1201
1204
1204
1204
1204
1204
1205
1205
1205
1206
1207
1207
1210
1210
1211
1211
1211
1211
1212
1213
1215
1215
1216
1217
1217
1218
1218
1218
1218
1218
1218
1220
1220
1222
1222
1223
1223
1223
1223
1223
1223
1224
1224
1226
1227
1228
1229
1230
1230
1231
1231
1231
1234
1234
1237
1237
1238
1238
1238
1241
1241
1243
1244
1244
1245
1247
1249
1250
1252
1254
1254
1255
1255
1257
1257
1260
1261
1262
1262
1262
1263
1263
1264
1264
1264
1265
1266
1270
1271
1272
1277
1277
1277
1278
1278
1278
1281
1282
1282
1282
1286
1287
1289
1289
1296
1299
1302
1305
1307
1315
1318
1318
1321
1323
1323
1327
1328
1331
1332
1334
1339
1340
1340
1341
1341
1342
1344
1345
1346
1347
1347
1351
1353
1353
1354
1354
1354
1370
1376
1389
1393
1393
1397
1398
1399
1399
1407
1407
1409
1409
1415
1427
1441
1447
1448
1455
1455
1480
1514
1524
1535
1540
1542
1543
1546
1546
1547
1548
1557
1557
1561
1561
1562
1562
1563
