0
0
1
2
3
3
3
4
5
5
6
6
6
7
7
8
9
9
9
10
10
11
11
11
11
11
12
12
12
13
13
14
14
14
15
16
16
16
16
17
17
17
17
17
17
17
18
18
18
19
19
19
19
19
20
20
20
20
20
21
21
21
21
21
21
21
22
22
22
22
22
22
22
22
22
22
22
22
22
22
22
22
22
22
22
22
22
22
23
23
23
23
23
23
23
23
23
23
23
23
23
23
23
23
23
23
23
23
23
24
24
24
24
24
24
24
24
24
24
24
24
24
24
24
25
25
25
25
25
25
25
25
25
26
26
26
26
26
27
27
27
27
27
27
27
27
27
27
28
28
28
28
28
28
28
28
28
28
28
28
28
28
28
28
29
29
29
29
29
29
29
29
29
29
29
29
30
30
30
30
30
30
30
30
30
30
30
30
30
30
30
31
31
31
31
31
31
31
31
31
31
31
31
31
31
31
31
32
32
32
32
32
33
33
33
33
33
33
33
33
33
34
34
34
34
34
34
34
34
34
35
35
35
35
35
35
35
35
36
36
36
36
36
36
36
36
36
36
36
37
38
38
38
39
39
39
40
41
41
41
41
41
41
41
41
42
42
42
42
43
43
43
43
43
43
43
43
43
43
43
44
44
44
44
44
44
44
44
44
44
45
45
45
45
45
45
45
46
46
46
46
46
46
47
47
47
48
48
48
48
48
48
48
48
49
49
49
49
49
49
49
49
49
50
50
50
50
50
50
50
50
50
50
50
50
51
51
51
52
52
52
52
53
53
53
54
54
54
55
55
55
55
55
56
56
56
56
56
56
56
56
57
57
57
58
58
58
59
59
59
59
59
59
60
60
60
60
61
61
61
61
62
62
63
63
63
63
64
64
65
65
65
66
66
66
67
67
67
67
67
67
67
67
68
68
68
68
68
68
68
68
68
68
68
68
68
69
69
69
69
69
69
70
70
70
70
70
71
71
71
71
71
71
72
72
72
72
72
72
73
73
74
74
75
75
75
75
76
76
77
77
77
78
78
78
79
79
79
79
80
80
81
81
83
84
84
84
84
84
84
84
84
84
84
85
85
85
85
85
85
85
85
85
85
85
85
85
85
85
85
85
85
86
86
87
88
89
90
90
90
90
90
91
91
91
92
92
92
92
92
92
92
92
92
92
92
92
92
92
92
92
92
93
93
93
93
93
93
93
93
93
93
94
94
94
94
94
95
95
95
96
96
96
97
97
97
97
98
98
98
98
99
100
100
100
100
100
101
101
101
101
102
102
102
102
102
103
103
103
103
104
104
105
105
105
105
105
106
106
107
107
107
107
107
107
108
108
109
109
110
110
110
110
111
111
112
112
112
112
112
112
112
112
112
112
113
113
114
114
114
114
114
114
114
114
115
116
117
117
117
117
117
118
119
119
119
119
119
120
120
120
120
120
120
120
120
121
121
121
121
121
121
121
122
122
123
123
123
123
123
123
123
123
124
124
124
124
124
124
125
125
125
125
125
126
126
126
126
127
127
127
127
127
127
127
127
128
128
128
128
128
128
128
128
128
128
129
129
129
129
129
129
129
129
129
129
129
129
129
129
129
129
129
129
130
130
130
130
130
130
130
130
130
130
130
130
130
130
130
130
130
131
131
131
131
131
131
131
131
131
131
131
131
131
131
131
131
131
132
132
132
132
132
132
132
132
132
132
132
132
133
133
133
133
133
133
133
133
133
133
133
133
133
133
133
133
133
134
134
134
134
134
134
134
135
135
136
136
136
136
136
136
137
137
137
137
137
138
138
138
138
138
138
138
139
139
139
139
139
139
140
140
140
140
140
140
140
140
140
140
140
141
141
141
141
142
142
142
142
143
144
144
145
145
146
146
146
147
147
147
148
148
148
149
149
150
151
151
151
151
151
151
151
151
151
152
152
152
152
152
152
152
152
152
152
153
153
153
153
153
153
153
154
154
155
155
156
156
156
156
156
157
157
157
157
158
158
158
158
160
160
161
161
161
162
162
162
163
163
163
163
163
164
164
164
164
164
164
165
165
166
166
167
167
168
168
168
169
169
170
170
170
170
170
170
171
171
171
171
171
171
171
171
172
172
172
172
172
172
173
173
173
173
173
174
174
174
174
174
174
174
174
175
175
175
176
176
177
177
177
179
179
180
180
180
180
181
181
181
182
183
184
185
185
187
187
188
188
189
190
190
190
190
192
192
193
193
194
194
196
197
198
199
200
201
202
203
204
204
204
204
205
206
206
208
209
209
210
210
210
211
212
212
212
212
212
213
213
213
213
214
214
214
214
215
216
216
216
216
216
217
217
217
217
217
217
217
218
218
218
218
218
218
218
219
220
220
221
221
221
221
221
221
221
223
223
224
225
226
226
227
227
228
228
228
228
228
229
229
229
229
229
229
230
231
231
231
232
232
234
234
235
235
235
236
236
236
237
237
237
238
239
239
240
241
241
244
245
246
246
246
246
246
247
247
247
248
249
251
252
252
252
252
253
253
253
253
253
253
254
254
254
255
255
255
258
258
259
260
260
260
261
262
262
262
265
267
268
268
271
272
272
272
276
278
278
279
279
280
280
280
280
282
283
283
284
284
285
286
286
286
288
290
290
290
290
294
296
296
297
297
297
297
298
298
298
299
304
304
305
305
306
307
307
307
308
308
308
308
309
309
309
309
309
309
309
310
310
310
310
312
312
312
312
313
313
313
314
317
318
318
319
319
319
320
320
322
322
322
323
325
325
325
328
328
328
328
329
331
331
331
332
332
332
333
334
334
335
335
335
335
336
336
336
337
337
337
338
339
342
342
342
342
343
343
344
344
344
345
345
345
346
347
348
350
351
352
352
353
353
355
357
357
358
359
360
361
363
363
363
364
364
365
365
366
366
366
367
367
368
369
369
369
370
370
371
371
373
373
374
374
374
375
375
375
377
377
378
379
379
380
380
382
383
383
383
383
383
383
383
383
383
383
384
384
384
384
384
384
384
384
384
384
385
385
385
387
388
389
390
390
390
390
390
391
391
391
393
394
394
395
395
396
396
396
396
397
397
397
397
397
397
397
397
397
398
398
398
399
399
399
399
399
400
400
401
401
401
401
401
402
402
402
402
403
404
404
406
406
406
406
406
408
409
410
410
411
412
412
412
412
412
413
413
413
414
415
415
415
415
415
415
416
416
417
417
417
417
418
418
418
419
419
419
419
420
421
421
422
423
424
425
425
425
426
427
427
427
427
428
428
428
429
429
429
429
430
430
431
431
433
433
433
433
434
435
436
437
438
438
439
439
439
439
439
439
440
440
440
440
441
441
441
441
441
442
442
442
442
442
443
443
444
444
444
444
444
446
446
446
446
446
447
447
449
450
450
450
450
451
451
453
454
454
454
454
454
455
455
456
456
456
457
457
457
457
457
457
457
457
458
458
458
458
458
458
458
458
459
459
459
459
459
459
459
459
460
460
461
463
464
465
466
467
467
467
467
467
468
468
468
468
469
470
470
470
471
471
471
471
472
472
472
473
473
473
475
476
477
477
478
479
479
479
479
479
480
480
481
482
482
482
482
483
483
483
483
483
483
483
483
484
484
485
485
485
486
486
486
487
487
488
488
490
490
491
491
492
492
493
493
494
494
495
497
497
498
498
498
498
498
498
498
499
499
502
502
502
503
504
504
506
507
508
508
509
510
510
510
514
515
515
516
517
519
519
520
520
521
521
521
522
523
523
523
524
525
527
528
528
529
530
530
532
532
532
532
533
533
533
534
535
535
535
536
537
538
538
538
538
538
539
539
539
539
539
539
541
541
541
543
544
544
545
545
545
546
546
548
549
549
549
549
553
553
555
555
556
557
559
560
560
561
565
565
565
565
566
566
567
567
570
570
572
573
573
573
573
574
578
580
581
581
582
585
585
585
586
586
587
589
590
590
593
593
594
596
605
606
608
609
610
610
613
615
616
617
619
622
626
627
628
629
629
630
632
635
636
636
636
641
644
644
644
644
646
646
648
648
648
648
649
650
650
650
652
652
652
652
653
657
658
658
658
659
660
660
660
661
661
662
662
662
663
663
663
663
663
663
664
664
665
666
668
669
670
670
671
672
673
673
674
674
675
675
676
676
676
676
677
677
677
678
678
678
678
680
681
682
682
683
684
686
686
687
687
687
687
688
689
689
689
689
690
690
690
691
692
692
693
693
693
694
694
695
695
697
698
700
701
702
702
703
704
704
707
708
710
710
712
715
719
719
719
719
720
721
723
724
726
726
727
729
730
730
730
731
732
733
733
734
734
734
735
737
738
738
738
739
739
739
739
739
740
741
741
742
742
742
742
742
744
745
749
749
749
750
750
751
751
752
753
753
753
754
754
756
758
759
760
761
762
762
766
766
769
770
770
770
771
773
775
776
776
776
777
777
778
778
779
780
781
781
781
782
784
785
788
789
790
792
792
792
792
792
793
794
795
795
796
796
796
798
798
799
799
799
799
800
800
801
801
802
802
803
804
804
805
806
806
806
807
808
808
809
809
810
810
812
821
822
822
822
824
826
826
826
827
827
828
828
829
829
830
831
832
835
835
836
836
837
838
838
838
839
840
841
841
842
843
843
844
844
844
844
844
845
846
846
846
848
848
849
849
849
851
855
856
861
862
862
862
863
863
864
865
865
865
865
866
867
871
873
876
878
879
881
881
885
885
890
890
890
894
899
899
902
903
904
906
908
910
911
911
912
913
913
913
913
913
913
914
914
915
916
918
918
919
920
922
926
928
928
931
931
932
933
933
934
936
936
936
937
938
938
939
942
942
943
944
944
944
945
946
946
947
947
947
948
948
948
951
952
954
957
957
958
959
960
960
962
965
968
968
969
972
972
974
975
975
976
976
976
976
977
981
981
984
985
988
989
990
991
991
995
996
996
1002
1002
1002
1005
1005
1005
1012
1013
1013
1014
1016
1018
1019
1019
1020
1022
1026
1033
1037
1038
1039
1040
1040
1040
1040
1040
1041
1041
1041
1043
1043
1043
1044
1045
1046
1046
1047
1049
1053
1055
1056
1057
1057
1058
1061
1064
1066
1066
1067
1067
1069
1069
1075
1076
1077
1079
1079
1079
1079
1080
1082
1083
1084
1084
1085
1087
1088
1089
1089
1089
1089
1092
1093
1095
1099
1101
1104
1105
1107
1109
1112
1113
1114
1114
1116
1117
1119
1119
1119
1120
1121
1121
1121
1121
1121
1122
1122
1123
1128
1129
1129
1130
1133
1133
1138
1141
1142
1144
1147
1147
1148
1149
1149
1150
1150
1150
1151
1151
1153
1157
1158
1159
1160
1161
1165
1167
1168
1168
1171
1175
1176
1177
1181
1184
1184
1186
1186
1188
1188
1189
1189
1189
1189
1190
1192
1193
1194
1196
1198
1198
1201
1201
1202
1203
1204
1205
1205
1207
1207
1208
1209
1210
1210
1213
1217
1220
1223
1228
1228
1229
1229
1236
1238
1238
1244
1244
1249
1252
1252
1253
1256
1257
1259
1260
1264
1266
1266
1268
1269
1269
1272
1272
1272
1272
1272
