1
2
2
2
2
3
4
4
5
6
8
8
8
8
9
10
10
10
10
10
11
11
13
13
13
13
16
17
18
19
19
19
19
19
19
19
19
19
19
20
20
20
20
20
20
20
20
20
20
20
20
20
20
21
21
22
23
24
24
25
26
26
27
27
27
28
28
28
28
28
28
28
28
28
29
29
29
29
29
29
29
29
29
29
29
29
30
30
30
30
30
30
30
30
30
30
30
30
30
30
30
30
30
30
30
30
30
31
31
31
31
31
31
31
31
31
31
31
31
31
31
31
31
31
31
32
32
32
32
32
32
32
32
32
32
33
34
34
34
34
34
34
35
35
36
36
37
37
38
38
38
39
39
39
39
39
39
40
40
40
40
41
41
41
42
43
43
44
46
46
46
47
48
48
49
49
49
49
50
50
50
50
50
51
51
51
52
53
53
54
56
56
58
58
59
59
59
59
60
61
61
62
62
62
62
62
63
63
64
64
64
64
66
66
66
66
66
67
67
68
69
69
69
69
70
70
70
71
71
72
73
73
73
74
75
75
75
76
77
77
78
79
79
79
80
80
80
80
81
81
81
82
82
83
83
84
84
84
86
86
86
87
87
87
90
91
93
93
93
93
93
93
93
93
93
93
94
94
94
94
94
94
94
94
94
95
95
95
95
95
95
95
96
97
97
97
97
99
99
101
101
102
103
103
103
104
105
105
105
105
105
106
106
106
106
106
107
107
107
107
107
107
107
108
108
109
109
110
111
112
112
112
112
112
113
113
113
113
113
113
113
113
113
114
114
114
114
114
114
114
114
115
115
115
116
117
120
121
121
121
122
124
125
126
126
126
126
126
126
126
126
127
127
127
127
128
129
130
132
134
134
134
136
136
137
137
137
137
137
137
137
137
138
138
138
138
138
138
138
139
139
139
140
143
146
146
146
146
146
146
146
148
149
149
149
152
152
153
153
153
154
154
154
154
154
154
161
161
162
163
163
163
164
165
167
168
169
170
171
171
171
171
171
171
171
171
171
172
172
173
173
174
174
174
175
175
179
180
195
195
202
203
204
207
210
212
215
216
218
218
218
218
219
220
221
221
221
222
222
222
222
222
222
223
223
223
225
226
226
227
228
228
228
228
229
229
229
229
229
229
229
229
230
230
230
230
230
230
230
230
230
230
231
231
231
231
234
235
235
235
235
235
237
237
237
237
238
238
238
238
238
238
239
239
239
239
239
239
239
239
239
240
240
240
241
241
246
246
247
247
248
248
248
248
250
251
253
262
262
263
264
265
265
266
266
275
278
279
279
279
280
280
281
282
283
283
284
286
286
287
288
290
291
291
291
291
291
291
291
292
292
292
293
293
293
293
293
294
294
296
298
298
298
298
299
300
300
302
302
303
314
314
316
316
320
322
325
327
329
330
331
336
336
338
338
343
350
359
364
366
366
369
370
370
373
373
379
380
380
381
385
386
386
387
387
391
391
393
395
398
399
399
400
401
402
408
409
409
410
410
410
410
411
412
413
414
414
415
417
418
419
419
419
420
421
423
424
424
424
424
425
425
425
426
426
427
427
428
429
429
430
430
431
431
432
433
433
435
435
435
435
436
436
436
436
437
437
437
437
437
437
437
437
437
438
438
438
438
439
439
439
440
440
440
441
443
443
444
444
444
444
444
445
446
446
446
446
447
448
449
449
449
450
451
452
454
455
455
456
456
456
459
460
461
464
464
464
465
465
465
465
467
467
467
469
469
470
470
470
471
471
471
471
471
471
472
472
472
472
472
472
473
473
474
474
476
477
482
486
489
491
492
492
494
494
495
495
495
500
501
502
503
505
507
507
507
507
508
508
508
509
510
510
510
512
512
513
514
514
515
515
516
516
517
517
518
518
519
519
520
521
522
522
523
523
524
524
525
525
525
525
526
526
526
527
528
528
529
530
530
530
531
531
532
532
532
532
533
533
534
534
534
535
535
537
537
538
538
538
539
539
539
540
542
544
544
544
545
545
545
545
548
548
548
548
549
549
550
550
550
550
551
552
553
553
553
554
555
556
557
558
558
558
559
559
560
560
560
564
564
565
566
567
570
570
571
574
574
575
576
576
576
577
578
578
579
579
580
580
581
582
582
582
583
583
584
584
584
584
586
586
586
586
587
587
589
590
591
593
594
594
595
595
595
596
597
597
597
597
598
598
601
603
604
604
604
604
604
604
604
605
605
606
608
608
609
610
610
610
610
611
614
615
615
615
616
618
618
619
619
619
619
620
620
621
621
621
622
622
622
623
624
624
625
625
625
626
628
628
628
628
628
628
629
629
629
629
629
629
629
629
629
629
630
630
631
631
632
632
633
634
634
634
635
635
636
637
637
638
638
638
639
639
640
640
640
641
642
642
642
643
644
644
644
645
645
646
648
648
649
650
652
653
653
655
655
656
656
656
659
659
660
661
661
663
664
664
665
665
665
665
665
666
666
668
668
670
670
670
670
670
671
671
673
674
679
679
679
680
680
681
686
694
695
697
699
699
699
701
701
701
702
702
702
703
703
705
711
713
713
715
716
717
717
717
717
717
718
718
718
719
719
719
719
719
719
721
722
722
723
726
727
727
727
727
728
728
729
731
735
737
737
738
739
740
740
741
741
745
745
745
746
746
747
747
747
747
748
748
749
751
751
751
755
755
755
755
755
756
756
756
756
756
756
756
756
756
756
756
756
757
757
757
757
757
758
762
763
763
764
765
767
768
771
772
772
773
775
778
779
780
782
782
782
782
782
783
783
783
786
786
787
789
789
789
790
790
795
795
795
795
796
796
797
799
803
804
805
806
808
809
812
812
813
814
817
819
820
820
820
821
821
821
821
822
824
825
825
827
828
834
836
837
838
839
839
839
840
842
845
845
847
847
848
850
850
852
852
853
854
854
855
855
855
855
855
856
857
861
861
861
868
870
871
871
872
872
874
875
875
875
876
877
877
877
877
877
878
880
880
881
881
883
883
884
885
885
886
886
886
888
888
889
889
890
890
890
892
892
892
893
893
894
894
894
895
895
895
896
896
896
896
897
897
899
901
901
903
903
904
904
905
905
905
906
906
906
906
906
907
907
908
909
911
913
913
915
916
918
918
918
921
921
922
922
924
925
926
926
926
929
929
929
930
930
931
932
932
932
933
933
933
933
933
934
934
934
934
934
935
936
938
938
938
939
939
939
939
940
941
941
941
941
941
941
943
943
944
944
945
945
946
946
949
950
951
951
952
952
952
952
953
953
955
956
958
959
961
961
970
971
974
975
976
976
979
983
985
985
987
987
989
990
994
994
996
998
1000
1000
1001
1001
1001
1003
1005
1006
1006
1006
1007
1007
1008
1008
1008
1009
1009
1010
1010
1011
1011
1013
1013
1013
1016
1017
1017
1017
1019
1019
1019
1019
1021
1021
1022
1022
1023
1023
1024
1024
1025
1026
1026
1026
1027
1028
1030
1030
1031
1033
1034
1035
1036
1037
1039
1041
1042
1042
1042
1043
1044
1045
1045
1046
1047
1047
1049
1050
1050
1053
1058
1059
1059
1066
1066
1067
1069
1069
1070
1072
1073
1073
1073
1073
1074
1074
1075
1075
1080
1089
1092
1092
1092
1093
1093
1093
1094
1099
1100
1102
1106
1106
1109
1116
1124
1126
1130
1130
1132
1139
1141
1144
1145
1150
1172
1181
1190
1196
1202
1205
1214
1214
1215
1216
1218
1219
1220
1220
1229
1229
1230
1231
1234
1235
1236
1237
1240
1240
1244
1244
1247
1250
1250
1251
1251
1252
1252
1254
1256
1256
1257
1257
1258
1258
1258
1260
1260
1266
1266
1269
1269
1269
1270
1277
1278
1279
1279
1281
1282
1282
1283
1283
1284
1286
1288
1288
1291
1292
1292
1293
1293
1294
1294
1295
1296
1296
1296
1297
1298
1298
1299
1300
1301
1301
1302
1303
1304
1305
1305
1305
1305
1306
1308
1308
1309
1309
1311
1313
1314
1315
1316
1317
1318
1320
1321
1325
1325
1325
1328
1336
1337
1338
1341
1353
1356
1356
1359
1367
1369
1374
1374
1374
1375
1376
1377
1379
1381
1381
1381
1385
1386
1388
1388
1388
1389
1389
1390
1390
1391
1392
1392
1392
1393
1393
1394
1395
1396
1399
1399
1404
1406
1407
1407
1408
1414
1415
1419
1420
1423
1432
1436
1444
1445
1469
1469
1470
1471
1474
1475
1475
1476
1477
1477
1479
1481
1483
1483
1484
1486
1486
1487
1487
1488
1488
1489
1491
1491
1492
1493
1497
1499
1502
1504
1506
1506
1506
1507
1509
1509
1511
1513
1513
1517
1518
1519
1520
1521
1521
1524
1527
1527
1527
1528
1530
1535
1535
1539
1540
1541
1542
1544
1547
1547
1549
1559
1564
1570
1577
1578
1583
1599
1607
1612
1613
1613
1613
1614
1614
1614
1614
1614
1616
1618
1618
1619
1620
1620
1621
1621
1623
1627
1633
1634
1634
1637
1646
1648
1649
1650
1653
1654
1655
1655
1655
1656
1658
1658
1659
1659
1662
1662
1663
1667
1668
1668
1668
1669
1681
1685
1691
1693
1696
1705
1711
1712
1714
1717
1719
1720
1720
1724
1725
1728
1728
1730
1732
1732
1733
1734
1737
1739
1739
1748
1750
1755
1760
1761
1764
1766
1766
1766
1771
1771
1772
1773
1774
1777
1778
1779
1780
1784
1785
1788
1790
1795
1798
1803
1805
1806
1806
1807
1807
1807
1808
1808
1808
1808
1808
1812
1813
1821
1825
1825
1835
1837
1843
1846
1848
1851
1858
1863
1864
1865
1870
1875
1878
1878
1879
1888
1894
1896
1899
1900
1902
1902
1904
1905
1905
1906
1906
1906
1906
1907
1907
1909
1910
1913
1913
1917
1917
1917
1917
1918
1919
1919
1921
1921
1922
1922
1922
1924
1924
1926
1926
1926
1927
1927
1928
1928
1929
1929
1930
1933
1933
1933
1935
1937
1937
1937
1938
1938
1939
1940
1942
1943
1943
1943
1945
1946
1947
1948
1950
1952
1953
1954
1956
1956
1957
1957
1958
1960
1961
1961
1962
1963
1963
1965
1966
1970
1979
1981
1992
1997
2002
2005
2006
2008
2010
2011
2015
2015
2017
2018
2019
2020
2023
2026
2026
2029
2029
2031
2031
2033
2038
2043
2047
2050
2051
2051
2051
2052
2052
2052
2059
2060
2075
2075
2075
2076
2076
2077
2078
2078
2079
2083
2084
2091
2091
2092
2092
2093
2095
2097
2105
2105
2107
2110
2111
2112
2112
2115
2116
2116
2117
2121
2121
2123
2127
2130
2135
2135
2140
2142
2143
2143
2144
2146
2146
2155
2156
2158
2159
2162
2164
2164
2166
2166
2170
2171
2173
2176
2177
2177
2178
2179
2179
2180
2181
2181
2183
2186
2193
2194
2204
2204
2206
2207
2207
2207
2208
2208
2208
2209
2213
2214
2225
2227
2228
2228
2229
2230
2230
2233
2236
2237
2237
2237
2237
2237
2238
2238
2238
2239
2239
2239
2241
2242
2244
2246
2247
2247
2249
2251
2251
2252
2253
2254
2254
2254
2255
2256
2258
2258
2259
2260
2260
2261
2261
2261
2262
2262
2263
2263
2263
2263
2264
2264
2268
2268
2268
2269
2271
2272
2272
2273
2275
2275
2275
2276
2276
2277
2278
2278
2278
2278
2278
2279
2279
2283
2283
2283
2285
2286
2286
2288
2288
2288
2291
2292
2292
2293
2294
2295
2295
2296
2303
2307
2308
2310
2310
2311
2311
2318
2334
2341
2345
2349
2350
2360
2362
2362
2378
2378
2378
2379
2380
2383
2383
2387
2387
2391
2394
2395
2396
2398
2398
2400
2402
2405
2410
2410
2412
2413
2417
2422
2422
2423
2423
2444
2473
2473
2474
2474
2475
2478
2480
2482
2483
2485
2485
2486
2487
2491
2493
2493
2494
2498
2499
2500
2500
2500
2501
2501
2501
2502
2502
2509
2509
2510
2513
2515
2516
2517
2518
2521
2522
2522
2522
2522
2523
2524
2525
2526
2526
2527
2528
2528
2528
2528
2529
2530
2531
2533
2535
2537
2538
2540
2540
2542
2543
2547
2547
2551
2551
2558
2559
2561
2564
2564
2567
2568
2569
2576
2576
2577
2581
2583
2584
2584
2586
2586
2586
2587
2589
2591
2594
2594
2596
2599
2600
2600
2601
2601
2602
2604
2606
2608
2608
2609
2624
2625
