0
0
0
2
2
2
3
4
4
5
5
5
5
6
6
7
7
7
8
8
8
8
8
9
9
9
9
10
10
10
10
10
10
11
11
11
12
12
12
12
13
13
13
13
13
14
14
14
15
15
16
16
17
17
17
17
17
17
17
18
18
19
19
19
19
19
19
19
20
20
20
20
20
20
20
20
20
20
20
20
21
21
21
21
21
21
21
21
21
21
22
22
22
22
22
22
22
22
22
22
22
22
22
22
23
23
23
23
23
23
23
23
23
23
23
23
23
23
23
23
23
23
23
23
24
24
24
24
24
24
24
24
24
24
24
24
24
25
25
25
25
25
25
25
26
26
26
26
27
27
28
28
28
28
29
29
29
29
29
29
30
30
30
30
30
30
30
30
30
30
30
30
30
30
30
30
30
30
30
30
31
31
31
31
31
31
31
31
31
31
31
31
31
31
31
31
32
32
32
32
32
32
32
33
33
34
34
35
35
35
35
35
35
35
36
36
36
36
36
36
36
36
36
36
36
36
37
37
37
37
37
37
37
37
37
37
37
37
37
37
37
37
37
37
38
38
38
38
38
38
38
38
38
38
39
39
39
39
39
39
39
39
39
40
40
40
41
41
41
42
42
42
42
42
43
43
43
43
43
43
43
43
44
44
44
44
44
45
45
45
45
45
46
46
46
46
46
47
47
48
48
48
48
48
48
49
49
49
49
49
49
50
50
50
50
51
51
51
51
51
51
51
52
52
53
53
53
54
54
54
55
55
55
55
55
55
56
56
56
56
56
57
57
58
58
58
59
59
60
60
61
61
61
61
61
61
62
62
63
63
64
64
64
64
65
65
65
65
65
66
66
66
67
67
67
67
67
67
67
67
68
68
68
68
68
69
69
69
69
70
70
70
71
72
72
72
72
72
72
73
74
74
75
75
75
75
75
76
76
76
76
77
78
79
79
80
80
80
81
81
81
81
81
81
82
82
82
82
83
83
83
83
84
84
85
85
85
86
86
86
86
87
88
88
88
88
88
88
88
89
89
89
89
89
89
90
91
91
91
91
92
92
93
93
93
93
93
94
94
94
94
94
94
94
94
94
94
95
95
95
95
95
95
95
95
95
95
95
95
95
95
95
95
95
95
95
95
96
96
96
96
96
96
96
97
97
97
97
97
97
97
97
97
97
97
98
98
98
98
98
98
98
98
98
98
98
99
99
99
99
99
99
100
100
100
100
100
100
100
100
100
100
101
101
101
101
101
101
101
102
102
102
102
102
103
103
103
103
103
104
104
104
104
104
104
104
104
104
104
105
105
105
105
105
105
105
106
106
106
107
107
107
107
107
108
108
108
109
109
109
109
109
109
110
110
110
110
110
111
111
112
112
112
112
112
112
112
112
113
113
113
113
113
113
113
114
114
114
115
115
115
115
115
115
116
116
116
116
117
118
118
118
119
119
119
119
119
119
119
119
119
120
120
121
122
122
123
123
123
123
123
124
124
124
125
125
125
125
126
126
126
127
127
127
128
128
128
129
129
130
130
130
130
130
131
131
131
131
132
132
132
133
133
133
135
135
135
135
135
135
135
135
135
135
136
136
136
136
136
137
137
137
138
138
138
139
140
141
141
141
141
142
142
142
143
143
144
144
145
145
146
146
146
146
146
146
146
146
146
146
146
147
147
147
147
147
147
147
147
147
147
147
147
148
148
148
148
148
149
149
149
149
149
149
149
149
149
150
150
150
150
150
150
150
150
150
150
151
151
151
151
151
151
151
151
151
151
152
152
152
153
153
153
154
154
154
154
155
155
155
156
157
157
157
158
159
160
160
160
161
161
161
161
162
162
162
162
163
164
166
167
167
167
168
168
168
169
169
169
169
171
172
172
172
173
173
174
174
175
176
176
176
176
176
178
180
181
182
182
182
182
183
183
184
184
184
185
185
185
186
186
186
187
187
188
188
188
189
189
191
193
194
194
196
197
198
199
199
199
199
200
200
200
201
201
202
202
203
203
203
204
205
205
206
206
207
207
208
208
208
209
211
211
213
213
213
215
216
216
216
217
217
218
218
218
218
219
219
220
220
220
221
221
221
222
222
224
224
224
224
225
225
226
226
226
226
226
226
227
227
227
227
228
228
228
229
229
229
230
230
230
231
231
232
233
233
234
234
235
235
236
237
237
237
237
238
238
238
239
239
240
242
242
243
244
245
245
245
247
248
249
249
250
251
251
252
252
253
253
253
253
253
253
253
253
253
253
253
253
253
254
254
255
256
256
257
257
258
258
259
259
259
260
261
261
261
261
261
263
264
264
265
265
266
268
268
269
269
269
269
271
271
271
273
273
273
274
274
274
275
277
277
278
278
278
279
279
280
281
282
282
282
283
283
284
284
284
286
286
286
289
289
289
289
290
290
291
291
293
293
293
294
297
297
297
297
297
297
298
299
300
301
301
302
302
302
303
303
303
304
304
304
305
305
305
306
306
306
307
307
308
308
308
309
309
309
309
309
311
311
311
311
311
311
311
311
311
312
312
312
312
312
312
312
312
312
312
312
313
313
313
313
313
313
313
313
313
313
313
313
314
314
314
314
314
315
315
315
317
317
318
318
318
319
319
319
319
319
319
319
320
320
320
320
320
321
321
321
321
321
321
321
321
321
321
321
321
321
321
322
322
322
322
322
322
322
322
322
322
322
323
323
323
324
324
325
325
325
325
325
325
325
325
325
325
325
325
326
326
326
326
326
326
326
326
326
327
327
328
328
329
329
329
329
329
329
330
330
331
331
331
331
331
332
332
333
333
333
333
333
333
334
334
334
334
334
334
334
335
335
335
335
335
335
336
336
336
336
336
336
336
336
336
336
336
337
337
337
337
337
337
337
338
338
338
338
338
338
339
340
340
340
340
341
342
342
343
343
344
345
345
345
346
346
347
347
347
348
349
349
349
350
351
351
351
351
351
351
352
352
353
353
353
354
354
354
355
355
355
355
355
355
356
356
356
356
356
356
357
357
357
357
357
358
358
359
359
359
359
360
360
360
360
360
361
361
361
361
361
362
362
362
363
363
363
363
363
364
364
365
365
365
366
366
367
367
367
368
368
368
368
368
368
368
368
368
368
369
369
369
369
369
370
370
370
371
371
371
371
371
372
372
372
372
373
373
374
374
374
374
375
375
375
375
375
376
376
376
376
377
377
377
377
378
378
378
378
378
378
379
379
380
380
381
381
382
382
382
382
383
384
384
384
384
384
385
385
385
385
385
386
387
387
387
387
387
387
388
388
388
388
389
390
390
391
391
391
391
391
392
392
392
392
393
394
394
394
394
395
395
395
395
396
396
397
397
397
397
398
398
398
399
399
399
399
400
400
400
400
401
401
401
402
402
402
404
404
404
404
406
406
408
408
409
410
410
410
410
410
410
411
411
411
411
411
412
412
412
412
412
412
412
412
412
413
413
414
415
415
415
415
415
415
416
420
422
422
423
423
424
424
424
424
424
424
425
425
426
428
429
429
431
431
431
432
433
433
433
433
434
435
437
439
442
443
444
444
445
445
447
447
447
447
453
457
459
461
463
463
464
464
465
465
466
469
473
476
476
479
480
480
483
490
492
492
493
494
495
497
498
499
499
500
500
500
500
500
501
501
501
501
502
502
502
503
506
506
507
507
507
507
508
508
508
509
509
509
510
510
510
511
511
511
512
512
512
512
513
513
514
514
515
517
518
518
518
519
519
519
520
520
520
521
522
524
525
525
526
527
529
529
530
530
530
530
530
530
531
531
534
534
534
535
538
539
539
539
539
540
540
540
541
542
542
542
544
544
545
546
546
546
546
546
547
547
548
549
550
552
556
557
558
558
559
560
561
562
562
563
563
563
564
565
565
565
568
573
574
574
575
577
579
581
582
586
588
593
596
597
602
602
603
604
604
607
609
613
614
615
616
616
616
618
618
618
618
619
619
620
620
621
621
622
623
623
623
623
623
623
623
624
624
628
628
628
629
629
630
630
630
630
631
631
632
633
633
633
633
634
636
636
636
637
641
641
641
645
645
645
646
651
655
659
660
660
661
662
662
662
663
663
664
664
665
666
666
667
667
667
669
671
672
672
675
675
676
677
679
680
680
686
686
686
686
688
690
690
694
696
696
696
697
698
701
701
701
704
706
708
708
709
709
710
710
712
712
712
713
713
714
714
715
715
715
715
715
716
716
716
717
718
718
720
720
722
722
723
724
724
725
726
728
728
728
729
729
729
729
730
730
730
730
730
730
730
731
731
732
733
733
734
735
736
736
738
739
740
740
740
741
741
742
742
742
742
742
743
744
744
744
744
745
745
745
745
745
746
746
746
747
747
747
747
747
749
749
749
750
750
750
750
750
751
751
751
752
753
753
753
754
755
756
756
756
756
756
756
756
757
758
758
759
759
759
760
760
761
762
762
762
762
763
763
763
764
764
764
764
764
765
765
766
766
766
766
767
767
769
769
772
772
772
773
773
774
775
776
778
785
785
786
790
794
794
796
813
813
817
819
820
821
823
823
828
830
830
830
831
831
832
836
838
839
841
841
841
842
842
842
843
843
847
848
852
852
853
853
857
859
860
860
861
862
862
866
867
868
869
870
872
875
875
877
877
877
880
880
881
883
884
884
890
891
892
892
894
899
909
911
933
936
936
936
938
939
940
943
945
945
946
957
960
960
961
962
962
963
964
967
967
970
970
971
971
972
973
973
973
974
975
978
978
978
981
982
983
983
984
985
987
989
1004
1013
1013
1026
1027
1038
1043
1047
1080
1082
1090
1094
1096
1108
1108
1111
1111
1113
1114
1121
1122
1125
1126
1126
1127
1128
1128
1130
1132
1142
1163
1164
1165
1166
1170
1170
1172
1174
1175
1176
1179
1180
1181
1183
1183
1183
1190
1194
1199
1199
1200
1200
1200
1200
1201
1203
1204
1206
1206
1206
1207
1217
1218
1218
1219
1219
1222
1224
1224
1224
1225
1225
1227
1227
1228
1228
1229
1229
1229
1229
1229
1229
1231
1231
1231
1235
1235
1235
1236
1237
1238
1239
1240
1240
1240
1243
1243
1244
1244
1244
1244
1244
1245
1246
1246
1246
1247
1248
1249
1249
1249
1249
1250
1250
1250
1250
1251
1252
1253
1253
1254
1254
1255
1255
1257
1257
1257
1259
1259
1260
1261
1261
1262
1262
1263
1264
1265
1266
1267
1267
1267
1268
1270
1271
1272
1273
1275
1276
1276
1284
1286
1288
1293
1294
1294
1298
1302
1302
1307
1309
1310
1316
1316
1336
1337
1340
1341
1342
1344
1347
1347
1354
1355
1358
1358
1359
1359
1362
1365
1368
1370
1371
1371
1372
1372
1373
1376
1377
1379
1381
1383
1383
1385
1385
1389
1391
1391
1392
1393
1396
1399
1399
1399
1399
1399
1400
1400
1400
1402
1403
1406
1419
1421
1422
1423
1425
1426
1427
1427
1433
1434
1434
1585
1587
1593
1601
1605
1606
1606
1608
1609
1611
1630
1635
1637
1640
1643
1646
1647
1647
1648
1649
1650
1651
1653
1655
1679
1680
1680
1703
1710
1726
1740
1745
1752
1777
1778
1783
1804
1804
1807
1812
1815
1815
1837
1901
1911
