0
0
0
2
3
3
3
4
4
5
5
6
6
6
6
7
8
8
9
9
10
11
11
11
12
12
12
12
13
14
15
16
16
17
17
17
17
19
19
20
20
21
21
22
22
23
23
24
24
24
24
24
24
24
25
25
25
26
26
27
27
27
27
28
28
29
29
30
30
31
31
31
31
31
31
31
31
32
32
32
32
32
32
32
32
32
32
33
33
33
34
36
36
36
36
36
36
36
36
37
37
37
37
37
37
37
37
37
37
37
37
37
37
37
37
37
38
38
38
38
38
38
38
38
38
38
38
38
38
38
38
39
39
39
40
40
41
41
42
42
43
43
43
43
43
43
44
44
44
44
44
45
45
45
45
45
46
46
46
46
46
46
46
47
47
47
47
48
48
48
49
50
50
50
50
51
51
52
52
52
52
52
52
52
52
53
53
53
53
53
53
53
53
53
54
54
54
54
55
55
55
55
55
55
56
56
56
56
56
56
56
56
56
57
57
57
57
57
57
57
57
57
57
58
58
58
58
58
58
58
59
59
59
59
59
59
59
60
60
60
60
60
60
60
61
61
61
61
61
63
63
64
64
64
64
65
65
65
66
66
66
66
66
67
67
68
68
68
69
70
70
71
71
72
72
72
72
72
72
72
72
73
73
73
73
73
73
73
73
73
74
74
74
74
74
75
76
77
78
78
78
78
78
78
79
79
79
80
80
80
80
80
80
81
81
81
82
83
84
84
85
85
86
87
87
88
89
89
90
90
90
90
90
91
91
91
91
91
92
92
93
93
94
94
94
94
96
97
97
98
98
99
99
100
100
101
102
104
105
105
106
107
107
108
109
109
109
109
110
110
110
110
110
110
110
111
111
111
111
111
111
111
112
112
112
112
112
112
112
113
113
113
113
113
113
114
114
114
114
114
114
114
114
115
115
115
115
116
116
116
116
116
116
116
117
117
117
117
118
118
119
119
120
120
121
121
121
121
122
123
123
123
124
124
124
125
125
126
126
127
127
127
127
127
128
128
129
129
129
130
130
130
131
132
132
133
133
133
133
134
134
134
134
134
134
134
134
135
135
135
135
135
135
135
135
135
135
135
136
136
136
136
137
137
138
139
139
140
140
141
141
141
141
141
141
141
141
141
142
142
142
142
142
142
142
142
142
143
143
143
143
143
144
144
144
144
145
145
147
147
148
148
148
148
148
148
148
148
148
148
149
149
149
149
149
150
150
150
150
151
151
151
152
152
152
152
152
152
152
152
152
152
152
153
153
153
153
153
153
153
153
154
154
154
154
155
155
155
155
155
155
155
155
155
155
155
156
156
156
156
156
156
156
156
156
156
156
156
157
157
157
157
157
157
157
157
157
157
158
158
158
158
158
159
159
159
159
160
160
160
160
160
161
163
163
163
163
164
164
165
166
166
166
166
167
167
168
169
170
170
172
173
174
175
175
175
177
177
177
178
179
179
179
179
180
181
181
182
182
182
182
183
183
183
183
184
184
184
185
185
185
185
186
186
187
187
188
188
188
189
189
189
189
189
189
190
190
192
194
194
195
195
196
196
196
197
197
198
198
198
198
198
199
199
199
199
200
200
201
202
202
202
202
202
203
203
203
203
203
204
204
204
204
204
205
206
206
207
207
208
208
208
208
209
209
209
210
210
211
211
212
212
212
212
212
213
213
213
213
213
213
213
213
213
213
213
214
214
214
214
214
214
214
214
214
214
215
216
216
216
216
217
217
217
218
219
219
219
220
220
220
220
221
221
221
222
222
223
223
223
223
223
223
224
225
225
225
226
226
227
228
229
230
230
230
230
230
231
231
231
232
234
235
236
237
237
238
238
238
239
240
240
240
240
240
241
241
241
241
242
242
242
243
243
243
243
243
243
243
243
243
244
244
244
244
244
244
244
244
245
245
246
247
248
249
250
250
250
250
251
251
252
252
253
253
254
254
256
257
258
258
258
258
260
260
260
261
262
262
262
263
263
263
264
264
265
266
268
268
268
269
269
269
270
270
270
270
271
272
272
272
273
273
274
274
274
275
275
276
276
276
277
277
278
279
280
280
280
280
280
280
280
281
281
281
281
282
283
283
284
284
285
285
285
285
286
286
287
287
289
289
290
290
290
290
291
291
291
291
292
292
292
292
292
292
292
292
293
293
293
293
293
293
293
294
294
294
294
294
295
295
295
297
298
299
299
300
300
300
301
302
302
302
303
305
305
305
306
306
307
307
308
310
311
311
311
311
311
312
312
313
313
313
314
315
316
316
316
317
317
317
317
317
317
318
318
319
319
319
322
322
323
324
324
324
325
325
325
325
327
329
330
331
331
331
331
331
331
332
332
332
333
334
334
334
335
335
336
337
338
339
340
340
341
342
343
343
344
345
348
349
350
350
350
351
351
351
351
351
351
351
351
352
352
352
352
352
352
352
352
352
354
354
354
355
355
355
356
357
359
359
360
360
360
360
360
362
363
363
363
363
363
363
364
366
366
366
366
366
367
367
367
367
368
369
369
370
371
371
371
372
372
372
373
373
373
374
375
376
376
376
377
377
377
378
379
379
379
380
381
382
383
383
384
384
385
386
387
387
387
388
389
389
389
389
389
390
391
392
392
393
393
394
394
395
396
396
397
397
398
399
399
400
400
401
403
403
404
404
404
404
405
405
405
405
405
407
408
409
410
412
412
412
412
412
412
412
413
413
413
415
416
416
416
416
417
417
419
422
422
423
423
424
424
425
427
427
429
431
432
432
432
433
434
434
434
435
435
435
438
439
440
441
442
442
443
443
443
444
444
445
445
446
446
448
451
451
453
453
454
456
457
458
458
460
460
461
461
461
465
466
468
468
469
470
470
470
471
477
479
479
480
481
481
482
482
486
488
490
491
491
492
492
492
493
497
497
497
500
501
505
506
507
507
508
510
512
512
513
514
514
515
525
528
530
531
531
532
533
536
540
541
545
548
550
551
552
553
553
556
557
560
563
563
564
565
565
572
573
574
574
575
575
575
575
576
576
577
577
578
580
582
583
584
585
586
588
588
591
591
594
594
595
595
596
596
600
601
603
603
604
605
606
606
607
607
609
609
612
612
612
614
615
618
618
618
623
623
623
623
623
624
624
624
624
624
624
624
624
624
625
625
625
625
627
628
630
632
632
634
635
635
635
636
637
638
641
642
643
644
644
644
646
647
648
648
648
648
648
648
650
656
656
658
659
663
663
663
664
665
665
667
670
672
673
673
674
674
675
675
676
676
677
679
679
679
680
680
681
681
682
682
684
685
687
687
688
689
691
692
693
693
693
693
693
694
695
699
700
700
700
701
702
702
707
708
708
710
713
713
713
714
714
714
714
714
714
714
716
716
717
717
718
720
721
722
724
726
728
728
732
733
733
735
735
735
735
736
737
737
738
739
739
739
741
741
742
742
742
744
745
750
751
752
755
755
756
757
757
757
758
758
759
759
760
765
767
767
768
769
769
773
777
778
778
778
778
781
781
790
790
791
791
792
793
794
795
795
796
796
797
797
797
799
799
800
800
801
801
802
803
803
805
805
805
805
805
805
806
806
806
806
807
807
807
808
809
810
810
810
811
811
811
812
812
812
813
813
813
814
814
815
815
815
816
816
817
817
817
818
820
820
820
820
823
823
824
825
825
827
827
827
829
830
831
831
831
832
833
833
835
835
836
836
837
837
838
838
839
840
842
842
842
843
843
843
845
845
846
847
847
849
849
849
850
850
850
851
852
854
854
854
854
854
856
856
856
856
856
857
857
858
859
859
859
859
860
860
861
861
861
861
861
861
862
862
862
862
862
862
862
862
862
863
863
864
864
864
865
867
869
870
870
870
870
871
871
872
872
872
872
873
873
874
874
875
876
877
877
878
878
879
880
880
881
882
882
884
885
885
887
888
891
894
895
895
895
898
901
901
901
901
902
905
905
906
906
910
911
911
911
912
912
913
919
919
920
926
928
929
930
930
932
932
933
933
934
935
938
938
938
938
939
939
939
940
941
942
943
945
946
947
947
947
947
948
948
948
950
950
951
952
955
955
955
956
956
956
956
956
957
957
959
961
962
962
962
962
962
962
962
962
962
962
962
962
963
963
963
963
964
964
965
965
965
967
967
969
969
970
971
971
973
975
977
978
979
979
981
989
990
991
991
991
991
992
992
993
993
995
996
996
996
997
999
1001
1002
1002
1002
1003
1003
1004
1005
1006
1006
1006
1008
1008
1009
1009
1009
1010
1011
1011
1012
1012
1012
1012
1012
1013
1015
1015
1015
1015
1015
1017
1019
1021
1021
1022
1023
1023
1024
1025
1026
1026
1028
1028
1029
1029
1029
1030
1031
1036
1036
1036
1037
1038
1041
1042
1043
1043
1044
1044
1044
1046
1046
1047
1047
1047
1049
1049
1050
1050
1050
1055
1056
1056
1057
1057
1057
1058
1060
1060
1061
1062
1063
1063
1064
1066
1067
1068
1069
1069
1071
1074
1076
1076
1078
1079
1080
1082
1084
1084
1085
1085
1086
1087
1094
1095
1096
1098
1099
1100
1101
1101
1102
1102
1102
1102
1103
1103
1103
1103
1104
1106
1107
1109
1109
1109
1110
1111
1111
1112
1112
1112
1115
1116
1118
1118
1118
1119
1121
1122
1122
1124
1124
1124
1125
1126
1127
1127
1127
1127
1128
1130
1130
1131
1131
1132
1133
1134
1134
1135
1135
1136
1136
1136
1138
1140
1141
1142
1142
1143
1144
1147
1147
1148
1148
1148
1148
1150
1151
1151
1151
1152
1152
1152
1152
1152
1152
1153
1154
1154
1154
1155
1156
1156
1156
1156
1157
1157
1159
1162
1163
1167
1171
1171
1172
1173
1173
1173
1173
1174
1174
1174
1178
1178
1178
1180
1180
1180
1181
1182
1182
1184
1185
1185
1186
1189
1189
1190
1191
1191
1192
1194
1196
1196
1197
1197
1197
1198
1199
1200
1201
1201
1203
1204
1210
1221
1224
1254
1257
1261
1283
1283
1284
1284
1285
1285
1285
1286
1286
1287
1287
1289
1290
1290
1291
1296
1297
1305
1305
1308
1308
1308
1309
1309
1311
1313
1314
1316
1316
1317
1317
1319
1320
1321
1323
1324
1324
1325
1328
1328
1328
1329
1329
1330
1330
1330
1330
1332
1332
1334
1334
1334
1335
1335
1336
1336
1336
1337
1337
1337
1337
1337
1338
1338
1340
1340
1342
1342
1343
1346
1348
1348
1349
1349
1349
1353
1354
1354
1355
1355
1356
1357
1357
1357
1357
1358
1358
1359
1359
1360
1360
1362
1363
1365
1365
1366
1366
1366
1367
1367
1367
1370
1370
1371
1371
1372
1373
1375
1375
1376
1379
1380
1381
1381
1381
1384
1385
1386
1388
1388
1389
1389
1389
1393
1393
1394
1395
1396
1397
1397
1397
1400
1422
1430
1431
1441
1454
1454
1498
1521
1524
1526
1529
1530
1531
1532
1548
1553
1556
1561
1584
1585
1589
1637
1648
1649
1655
1655
1664
1712
1713
1716
1720
1731
1733
1734
1734
1735
1735
1736
1736
1736
1736
1737
1738
1739
1740
1741
1744
1747
1747
1750
1752
1752
1752
1755
1755
1759
1766
1769
1770
1774
1780
1780
1781
1785
1785
1786
1788
1788
1789
1789
1789
1790
1790
1791
1794
1796
1797
1800
1801
1803
1803
1812
1815
1815
1815
1817
1817
1817
1818
1819
1829
1830
1835
1838
1838
1839
1840
1843
1843
1850
1851
1852
1853
1855
1860
1861
1864
1869
1871
1873
1875
1877
1878
1885
1887
1892
1893
1896
1896
1915
1955
1955
1958
1960
1967
2006
2013
2016
2038
2038
2048
2056
