0
1
2
2
2
3
3
5
5
6
6
7
7
7
7
8
8
9
9
9
9
10
10
10
10
11
11
11
11
11
12
12
12
12
12
13
13
14
14
14
14
14
15
15
15
16
16
17
17
17
17
17
18
18
19
19
20
20
21
21
21
21
21
21
21
21
21
22
22
22
22
23
23
23
23
24
24
24
24
24
24
24
24
24
24
24
24
24
24
24
24
25
25
25
25
25
25
25
25
25
25
25
25
25
25
25
25
25
25
25
25
26
26
26
26
26
26
26
26
26
26
26
26
26
26
26
26
26
26
26
27
27
27
27
28
28
28
28
28
29
29
29
29
29
29
29
30
30
30
30
30
30
30
31
31
32
32
32
33
33
34
34
34
34
34
34
35
35
36
36
37
37
37
37
38
38
39
39
39
39
39
39
40
40
40
40
40
41
41
41
42
42
43
43
43
43
44
44
44
45
45
46
46
46
46
46
46
46
46
46
47
47
47
47
48
48
48
49
49
49
49
49
49
49
50
50
51
51
51
52
52
53
53
53
53
54
54
54
54
55
56
56
56
56
56
56
56
57
57
57
57
58
59
59
59
59
59
59
60
61
61
61
61
61
61
61
61
61
62
62
62
62
62
62
63
63
64
64
64
65
65
65
66
66
66
67
67
67
67
67
68
68
68
68
68
69
70
71
72
72
73
73
73
74
74
75
75
75
75
75
76
76
76
77
77
77
77
77
78
78
79
79
81
82
82
82
83
84
85
86
87
87
87
87
87
88
88
89
89
89
90
92
93
93
94
94
94
95
95
95
95
95
96
96
96
96
97
97
98
99
99
100
100
101
102
103
103
103
103
103
104
104
104
104
105
105
105
105
105
106
106
106
106
106
107
107
107
107
107
108
109
109
110
111
111
111
112
113
113
113
113
113
114
114
115
115
115
115
116
116
116
117
118
118
118
121
122
122
122
124
125
125
126
126
127
129
129
129
129
130
133
134
134
135
137
137
140
145
146
147
148
148
148
154
154
154
156
160
161
161
162
162
162
162
162
163
163
163
164
164
164
165
165
166
167
167
169
171
171
171
174
174
177
178
179
179
180
180
180
182
183
183
185
186
186
186
187
188
189
189
189
190
191
191
191
192
193
193
193
193
196
199
199
199
200
200
202
202
203
203
204
204
204
205
206
207
207
207
208
208
208
208
208
209
210
211
211
211
212
212
212
212
212
212
213
214
214
216
216
216
217
217
219
220
220
221
223
224
224
225
226
226
227
227
227
227
228
228
229
229
230
230
230
230
231
231
231
231
232
232
233
234
234
235
236
236
238
238
239
240
240
241
243
243
244
245
245
245
246
246
246
247
247
248
248
249
250
250
250
252
252
252
253
253
253
253
253
253
253
254
254
254
254
254
254
254
254
255
255
255
256
256
256
256
256
257
257
258
258
259
259
259
259
260
260
260
262
262
263
263
263
264
264
264
265
266
266
266
267
268
269
269
270
271
271
271
271
271
271
272
272
272
273
274
274
275
276
276
277
277
277
277
277
278
278
278
278
279
279
279
281
282
282
283
284
284
284
284
284
284
284
284
284
284
285
286
286
286
287
287
287
288
288
290
290
292
292
292
293
293
293
293
294
294
294
294
294
295
295
295
297
299
299
299
299
299
299
300
300
301
301
301
301
301
301
301
301
302
302
302
303
303
304
304
306
306
307
307
308
310
310
310
310
310
311
311
311
311
311
311
311
311
311
311
312
312
312
312
313
313
313
314
314
315
315
315
316
316
316
316
316
316
316
316
316
316
317
317
317
317
317
317
317
317
317
317
318
318
318
318
318
318
318
318
318
319
319
322
322
323
323
323
323
323
323
323
323
324
324
324
324
324
324
324
324
325
325
325
325
325
325
326
326
326
327
328
328
329
329
332
333
334
334
335
335
335
335
335
336
338
338
338
338
339
342
342
342
342
342
342
343
343
344
345
346
346
347
348
348
349
349
349
351
351
351
352
352
352
352
353
353
353
354
357
360
360
360
361
361
362
362
365
365
366
367
367
367
368
368
368
368
368
369
369
369
369
369
369
369
369
369
369
369
370
370
370
370
370
370
370
371
371
371
372
372
372
373
374
374
376
376
377
378
378
378
378
378
379
381
382
382
383
383
383
383
383
383
384
384
385
385
385
388
388
388
389
389
390
390
391
391
391
392
392
393
394
395
396
397
399
399
400
401
401
401
402
402
404
405
405
406
406
407
407
407
407
408
410
411
412
413
413
415
415
415
417
417
419
420
420
420
421
422
422
423
423
423
423
423
423
423
424
425
426
426
426
427
428
428
428
429
429
429
430
432
432
433
434
436
436
436
436
437
437
437
441
445
445
445
445
446
446
447
447
448
450
450
451
452
452
453
453
453
455
456
457
457
458
459
459
460
460
460
460
461
461
461
461
461
461
461
462
462
462
462
463
463
464
464
465
465
465
465
467
468
471
471
472
472
472
472
473
473
473
474
474
474
475
475
475
476
476
476
477
478
478
478
479
479
479
480
480
480
480
480
480
480
480
480
481
481
481
481
482
482
482
482
482
482
482
483
483
484
484
485
485
487
487
488
488
488
490
490
490
490
490
491
491
491
492
492
493
494
495
495
495
495
496
496
496
497
497
497
497
498
498
498
500
503
504
505
505
505
506
507
507
507
507
511
512
512
518
519
521
524
524
524
526
527
529
529
531
534
535
535
535
540
541
543
543
544
545
545
545
546
546
546
548
550
551
551
552
552
552
553
556
559
560
562
562
564
567
569
570
571
571
573
573
573
573
574
574
574
574
574
575
577
577
581
581
581
581
583
584
585
585
587
588
590
591
594
595
595
595
596
597
597
600
600
601
602
602
602
602
603
603
603
604
604
604
604
605
607
608
610
610
611
612
612
612
613
614
614
618
619
619
619
619
620
620
621
621
621
621
621
621
622
623
624
625
627
629
629
630
630
631
632
632
632
632
633
633
633
633
633
633
634
634
634
634
634
634
634
635
635
635
635
635
635
636
637
637
637
641
641
642
642
644
644
644
644
645
645
646
647
647
647
648
649
649
649
650
650
650
651
653
656
657
659
660
661
661
663
664
665
665
665
666
666
667
667
667
668
669
669
670
670
670
674
674
674
675
675
675
675
675
675
675
675
675
675
675
675
676
676
676
676
676
676
676
676
676
676
676
676
676
676
676
677
677
677
677
677
678
678
678
678
678
679
679
679
682
683
683
685
686
686
687
688
688
691
694
697
697
697
698
698
698
698
701
702
702
702
703
703
703
705
707
708
711
713
714
716
716
716
718
720
720
720
720
721
721
721
721
722
727
730
731
731
731
732
732
733
736
739
742
742
744
744
747
747
748
750
750
750
752
755
755
755
758
759
760
760
762
762
763
763
764
765
766
766
767
767
768
769
770
771
771
772
773
773
773
775
776
777
778
781
783
783
783
784
786
786
788
790
792
794
798
799
801
802
802
803
803
803
803
803
803
804
804
804
805
805
810
811
813
814
817
818
819
823
824
825
826
828
829
832
835
835
837
837
838
840
841
841
843
845
845
845
846
846
847
847
847
848
853
854
854
854
855
859
862
865
866
876
878
878
879
879
879
879
879
879
879
879
880
881
881
882
882
883
884
885
887
888
890
891
891
892
892
894
895
895
896
896
897
898
899
899
899
900
900
901
901
901
902
902
902
904
906
909
910
911
916
917
918
921
921
923
924
926
928
928
932
934
934
935
935
935
935
935
936
938
940
940
941
946
947
949
949
950
951
951
952
953
955
956
967
968
969
970
970
970
971
971
973
974
975
975
975
975
978
979
979
979
979
981
982
983
983
991
997
999
1005
1006
1011
1011
1012
1012
1013
1013
1015
1015
1018
1018
1020
1023
1023
1023
1024
1028
1031
1034
1035
1035
1035
1035
1035
1035
1035
1035
1035
1036
1036
1036
1036
1036
1036
1036
1036
1036
1037
1038
1040
1040
1043
1044
1044
1046
1047
1048
1049
1049
1049
1050
1050
1055
1055
1056
1056
1057
1058
1058
1058
1060
1062
1063
1063
1063
1064
1064
1064
1071
1072
1076
1077
1077
1077
1079
1083
1084
1085
1086
1086
1089
1091
1091
1092
1093
1093
1093
1094
1094
1094
1094
1094
1095
1095
1095
1095
1095
1095
1095
1096
1096
1097
1098
1099
1101
1101
1102
1104
1106
1110
1110
1110
1112
1114
1119
1122
1125
1126
1127
1129
1129
1129
1130
1132
1135
1136
1140
1141
1143
1144
1147
1151
1152
1154
1156
1156
1158
1159
1162
1162
1164
1168
1169
1173
1173
1174
1176
1177
1180
1182
1183
1183
1185
1185
1186
1186
1187
1187
1190
1194
1196
1196
1196
1197
1199
1200
1204
1205
1207
1210
1210
1210
1211
1213
1213
1213
1213
1214
1216
1216
1217
1217
1219
1220
1221
1222
1223
1224
1225
1226
1226
1227
1230
1230
1234
1234
1234
1235
1236
1237
1239
1239
1240
1241
1242
1242
1243
1246
1247
1248
1249
1250
1250
1250
1253
1256
1256
1258
1260
1261
1262
1263
1264
1264
1265
1267
1267
1267
1268
1270
1273
1274
1278
1278
1278
1278
1280
1280
1281
1282
1283
1284
1287
1287
1287
1289
1290
1290
1291
1293
1295
1296
1299
1300
1300
1301
1301
1301
1305
1305
1307
1307
1307
1308
1310
1314
1317
1318
1324
1326
1327
1327
1330
1330
1331
1335
1343
1343
1344
1344
1344
1351
1352
1352
1352
1352
1352
1352
1353
1353
1356
1356
1364
1365
1366
1370
1372
1372
1374
1382
1383
1384
1389
1398
1400
1406
1408
1408
1411
1414
1416
1416
1417
1418
1418
1422
1423
1424
1424
1424
1427
1432
1435
1435
1435
1438
1439
1439
1440
1442
1444
1444
1444
1445
1449
1450
1451
1451
1452
1452
1452
1456
1457
1457
1457
1458
1458
1463
1463
1465
1465
1466
1468
1468
1468
1469
1469
1469
1469
1469
1470
1470
1473
1476
1476
1476
1476
1476
1477
1477
1477
1477
1477
1477
1477
1478
1478
1478
1479
1483
1485
1486
1488
1488
1489
1494
1497
1500
1501
1503
1504
1506
1506
1508
1513
1513
1513
1514
1514
1514
1517
1517
1517
1517
1518
1518
1518
1518
1518
1532
1533
1540
1543
1545
1545
1545
1551
1558
1560
1571
1571
1571
1573
1578
1580
1581
1582
1582
1584
1584
1586
1589
1589
1590
1590
1591
1591
1591
1591
1591
1595
1596
1602
1604
1614
1631
1631
1635
1637
1637
1638
1640
1640
1645
1645
1646
1646
1647
1649
1649
1650
1653
1656
1662
1662
1662
1663
1664
1664
1666
1666
1673
1675
1678
1681
1682
1686
1699
1704
1707
1708
1710
1710
1713
1716
1717
1719
1720
1720
1721
1722
1722
1723
1723
1728
1729
1732
1732
1734
1736
1736
1738
1742
1744
1748
1751
1757
1760
1761
1767
1768
1768
1775
1786
1786
1793
1795
1799
1800
1800
1801
1804
1808
1809
1818
1830
1840
1844
1860
1860
1861
1862
1863
1875
1878
1886
1887
1889
1890
1894
1896
1905
1908
1912
1913
1914
1928
1931
1939
1941
1953
1978
1982
1993
2001
2037
2039
2051
2052
2055
2056
2059
2060
2061
2069
2088
2102
2126
2126
2128
2131
2133
2150
2157
2190
2192
2194
2194
2194
2196
2197
2202
2211
2215
2218
2238
2251
2259
2365
2375
2407
2408
2458
2472
2506
2520
2584
2657
2706
2707
2707
2707
2708
2719
2719
2728
2756
2776
2870
2870
2891
2893
2904
2905
2906
2907
2912
2914
2914
2916
2924
2930
2941
2941
2941
2941
2941
2941
2942
2942
2942
2943
2943
2943
2947
2948
2948
2951
2958
2958
2959
2961
2961
2964
2965
2980
2981
3026
3029
3070
3071
3072
3075
3077
3079
3080
3082
3094
3106
3109
3110
3115
3119
3121
3121
