3
4
4
4
4
5
5
5
6
7
7
8
9
10
10
10
11
11
12
13
15
16
17
17
18
19
19
20
20
22
22
23
24
26
27
28
28
28
28
28
28
29
29
29
29
30
31
33
33
34
36
38
38
39
39
39
39
40
40
40
40
40
40
40
40
40
41
41
41
41
41
41
41
41
43
43
43
43
45
45
45
46
48
48
49
49
49
50
51
51
51
51
53
53
54
56
57
57
59
59
60
60
60
60
60
60
60
60
60
61
61
61
61
61
61
61
61
61
61
61
61
61
61
62
62
62
62
62
63
63
63
64
64
66
68
68
71
72
72
72
73
74
74
75
77
78
78
79
79
80
81
82
82
83
83
84
85
86
86
88
88
89
90
93
93
97
98
98
98
98
98
99
100
100
100
100
103
103
108
109
109
110
111
112
112
113
113
114
115
115
116
119
123
126
126
126
126
126
126
126
126
126
127
127
127
127
127
127
127
128
128
128
128
128
128
128
129
129
129
129
129
129
130
131
131
132
132
134
134
134
135
135
136
136
137
137
137
137
137
137
137
138
139
139
139
139
140
140
140
141
142
142
142
142
143
143
143
143
143
143
143
143
143
144
144
144
144
144
144
145
145
145
145
145
145
146
146
146
146
146
146
146
146
146
146
146
147
147
147
148
149
149
150
150
152
155
157
157
159
160
160
167
170
172
172
172
173
173
173
173
173
173
173
173
173
174
174
174
174
174
174
174
174
174
175
175
176
176
179
179
180
186
193
193
193
193
193
193
193
194
194
194
194
194
194
195
195
195
196
196
196
196
197
197
197
202
203
206
207
209
210
211
211
211
211
211
212
212
214
214
214
214
214
215
215
215
215
215
215
215
215
215
215
217
218
219
219
220
220
220
220
220
220
221
221
221
222
222
222
222
222
223
223
223
223
228
228
231
231
232
232
232
234
235
235
235
236
236
237
238
238
240
247
248
248
249
250
251
253
254
255
257
258
260
264
266
267
268
268
268
268
268
269
269
271
272
275
276
276
276
276
276
276
276
277
277
277
277
277
279
279
281
282
285
285
285
285
285
285
286
286
286
286
286
290
291
291
291
292
294
295
296
296
296
296
297
297
299
299
301
303
305
305
305
306
306
309
310
311
311
312
312
313
314
315
316
316
318
320
323
323
323
323
324
325
325
326
328
329
331
332
333
333
333
336
336
338
338
339
339
340
341
341
341
342
342
347
348
349
350
350
350
351
352
354
354
355
355
355
362
365
366
368
368
371
371
371
373
374
376
377
381
383
386
386
387
390
396
399
399
400
400
400
401
401
401
401
401
401
401
401
401
402
402
402
402
403
405
406
406
407
410
411
413
413
414
414
415
415
415
416
421
423
423
424
424
427
427
430
431
431
431
433
433
433
436
439
439
449
452
456
456
457
457
458
460
461
468
472
476
477
478
478
478
478
479
479
479
479
479
479
480
481
483
484
484
484
484
484
484
485
485
485
485
486
486
486
486
486
486
486
487
487
488
488
489
490
490
491
491
491
492
494
498
499
505
506
506
507
508
509
510
511
511
512
512
513
513
513
513
513
513
513
514
514
514
514
515
515
521
521
521
521
522
523
523
524
526
526
526
528
530
532
532
532
532
532
532
532
532
532
532
532
532
533
533
534
536
538
538
539
541
541
545
546
548
549
549
550
550
552
552
552
553
555
556
556
556
556
557
562
563
563
563
563
564
566
568
569
569
570
570
571
573
573
575
575
576
576
576
577
577
577
577
577
577
577
578
578
578
578
578
578
578
578
578
578
579
579
579
583
585
585
586
586
588
589
589
590
590
590
592
593
594
594
601
601
602
603
604
605
605
606
607
616
619
625
626
626
626
627
627
627
628
628
635
636
638
638
642
643
643
644
644
644
645
645
645
645
645
646
648
649
649
654
655
655
655
655
655
655
655
655
655
655
655
656
656
657
659
664
664
665
666
666
666
668
668
668
668
669
669
669
670
672
673
674
675
681
682
685
686
688
690
690
692
692
693
693
699
699
700
704
705
706
707
711
711
714
715
718
718
720
721
723
724
727
729
729
729
730
732
733
736
738
739
741
745
746
751
751
753
754
755
759
759
763
765
766
792
792
805
809
809
809
811
814
816
820
824
841
842
844
844
845
853
855
861
861
862
868
872
873
876
887
887
888
888
889
889
890
891
892
893
894
896
898
900
901
902
902
903
904
904
905
905
905
905
905
905
906
906
906
907
907
907
908
909
909
909
909
917
917
919
919
920
920
923
923
923
925
925
925
926
926
926
927
928
928
929
929
930
931
931
931
931
933
933
934
934
934
935
938
939
939
940
941
942
943
943
943
944
944
944
944
946
948
951
952
952
954
954
958
962
963
965
968
968
969
969
970
970
976
977
978
978
979
980
986
989
989
990
999
1008
1008
1008
1008
1008
1008
1008
1008
1009
1009
1010
1011
1018
1019
1019
1020
1020
1022
1023
1026
1027
1029
1030
1033
1034
1034
1035
1037
1037
1039
1040
1044
1045
1045
1045
1047
1049
1049
1052
1054
1056
1057
1058
1059
1061
1062
1066
1067
1072
1078
1078
1079
1086
1086
1087
1087
1088
1089
1097
1097
1099
1100
1102
1103
1105
1111
1111
1112
1114
1115
1116
1118
1119
1127
1129
1130
1131
1133
1137
1138
1138
1139
1139
1139
1143
1143
1143
1145
1146
1147
1147
1148
1148
1148
1148
1149
1150
1152
1152
1153
1154
1154
1155
1155
1156
1156
1157
1158
1158
1158
1162
1163
1163
1164
1165
1165
1167
1168
1169
1169
1171
1172
1173
1174
1174
1175
1177
1177
1177
1182
1183
1185
1188
1189
1191
1191
1191
1191
1191
1192
1193
1193
1194
1194
1194
1195
1195
1195
1198
1200
1202
1202
1202
1205
1205
1208
1209
1210
1210
1210
1210
1210
1210
1211
1211
1211
1211
1211
1214
1217
1219
1220
1223
1224
1224
1224
1227
1233
1234
1235
1237
1237
1238
1239
1240
1243
1245
1245
1246
1252
1253
1253
1256
1256
1261
1263
1265
1266
1267
1275
1275
1275
1278
1279
1284
1285
1289
1291
1291
1292
1293
1294
1294
1296
1298
1299
1299
1301
1302
1303
1303
1313
1314
1317
1318
1320
1322
1324
1324
1324
1325
1326
1329
1331
1336
1336
1339
1339
1339
1340
1341
1342
1343
1343
1343
1343
1344
1344
1344
1344
1344
1354
1371
1374
1378
1378
1379
1379
1380
1381
1381
1385
1385
1387
1392
1393
1395
1397
1401
1403
1405
1406
1408
1409
1420
1425
1426
1427
1427
1428
1428
1429
1430
1438
1439
1442
1444
1453
1453
1461
1463
1465
1485
1503
1516
1523
1525
1525
1533
1537
1543
1556
1558
1561
1566
1567
1568
1568
1569
1574
1577
1580
1582
1586
1586
1587
1587
1592
1598
1598
1601
1601
1602
1602
1602
1608
1609
1612
1615
1616
1618
1619
1620
1620
1622
1622
1622
1623
1623
1624
1625
1627
1628
1631
1635
1635
1638
1643
1645
1645
1646
1647
1648
1650
1652
1652
1653
1655
1655
1663
1663
1663
1663
1663
1663
1663
1663
1664
1664
1664
1664
1664
1664
1664
1664
1665
1666
1666
1667
1667
1667
1668
1669
1669
1671
1671
1672
1674
1675
1675
1677
1678
1678
1684
1685
1685
1687
1689
1691
1692
1694
1697
1699
1699
1699
1702
1703
1704
1706
1706
1706
1707
1708
1710
1710
1710
1713
1713
1715
1717
1721
1721
1725
1725
1725
1726
1728
1730
1730
1731
1733
1734
1735
1736
1737
1738
1740
1751
1759
1760
1761
1762
1762
1765
1766
1766
1766
1766
1766
1767
1767
1767
1769
1773
1773
1774
1774
1774
1774
1774
1775
1776
1776
1777
1782
1785
1791
1794
1795
1801
1810
1811
1812
1816
1818
1818
1821
1821
1825
1829
1830
1831
1832
1833
1834
1840
1840
1846
1847
1848
1849
1859
1861
1869
1869
1870
1870
1871
1871
1873
1875
1875
1875
1877
1879
1885
1889
1893
1915
1917
1920
1922
1940
1941
1949
1961
1961
1962
1972
1975
1980
1983
1984
1988
1992
1996
1996
1997
2001
2001
2004
2005
2006
2006
2006
2006
2008
2012
2014
2014
2015
2019
2028
2034
2040
2048
2048
2049
2060
2063
2065
2066
2069
2069
2069
2076
2076
2077
2079
2080
2082
2083
2083
2093
2094
2096
2097
2097
2097
2102
2105
2106
2108
2114
2114
2115
2123
2123
2129
2130
2135
2135
2139
2141
2146
2146
2148
2149
2151
2155
2155
2155
2158
2163
2164
2165
2165
2166
2169
2171
2171
2171
2171
2172
2173
2174
2179
2181
2183
2186
2186
2187
2187
2188
2189
2196
2196
2197
2197
2197
2197
2198
2200
2200
2200
2200
2201
2201
2201
2202
2203
2203
2205
2205
2205
2206
2208
2208
2209
2214
2216
2218
2219
2222
2223
2226
2226
2226
2228
2229
2230
2232
2233
2234
2236
2236
2236
2237
2243
2245
2246
2247
2249
2250
2251
2252
2253
2256
2258
2258
2259
2259
2260
2262
2265
2267
2267
2268
2269
2272
2273
2274
2276
2278
2278
2281
2282
2283
2284
2287
2288
2290
2291
2291
2293
2293
2293
2298
2298
2300
2303
2305
2306
2306
2307
2307
2312
2312
2315
2315
2318
2323
2325
2331
2332
2335
2335
2343
2343
2343
2344
2356
2357
2357
2357
2361
2372
2372
2373
2373
2374
2374
2374
2374
2375
2375
2375
2377
2379
2380
2385
2386
2386
2387
2388
2390
2395
2396
2397
2397
2397
2397
2400
2403
2404
2406
2406
2406
2406
2406
2408
2408
2408
2408
2408
2414
2416
2417
2421
2425
2425
2426
2428
2438
2440
2442
2450
2450
2458
2467
2470
2470
2471
2475
2481
2482
2483
2484
2484
2484
2485
2489
2490
2490
2492
2492
2495
2496
2496
2496
2497
2497
2498
2499
2499
2502
2503
2504
2508
2509
2510
2511
2511
2520
2522
2522
2523
2523
2525
2529
2532
2533
2535
2536
2536
2538
2538
2539
2539
2540
2544
2545
2546
2551
2563
2564
2567
2567
2570
2578
2587
2590
2595
2596
2613
2615
2615
2617
2620
2620
2620
2630
2630
2638
2639
2642
2644
2645
2647
2647
2653
2658
2659
2663
2663
2665
2666
2666
2667
2668
2668
2670
2670
2671
2671
2671
2671
2672
2672
2672
2672
2672
2672
2673
2678
2680
2692
2693
2694
2699
2700
2702
2703
2707
2721
2723
2724
2724
2737
2742
2750
2751
2754
2758
2760
2780
2784
2784
2785
2788
2789
2793
2793
2795
2800
2801
2804
2808
2814
2822
2853
2860
2863
2865
2865
2868
2868
2869
2871
2874
2886
2894
2895
2895
2916
2919
2928
2941
2944
2944
2945
2945
2974
2974
2981
2986
3005
3011
3020
3083
3083
3083
3084
3089
3104
3116
3127
3142
3163
3170
3171
3175
3204
3207
3211
3212
3212
3213
3213
3214
3225
3225
3230
3238
3245
3246
3247
3260
3261
3279
3282
3297
3323
3323
3328
3332
3334
3335
3338
3341
3346
3350
3355
3359
3360
3366
3372
3373
3376
3391
3392
3393
3395
3397
3401
3405
3408
3408
3408
3408
3409
3410
3411
3411
3412
3419
3419
3420
3422
3425
3425
3426
3426
3427
3428
3432
3434
3435
3436
3436
3437
3439
3444
3445
3449
3451
3458
3466
3480
3495
3503
3503
3528
3540
3549
3554
3556
3558
3569
3583
3590
3592
3592
3598
3627
3631
3632
3634
3648
3654
3656
3669
3671
3672
3705
3706
3711
3734
3751
3762
3835
3835
3835
3874
3886
3888
3889
3943
3946
3952
3980
3986
3993
4003
4010
4017
4020
4156
4161
4184
4195
4196
4202
4225
4225
4225
4225
4225
4225
4226
4226
4230
4239
4246
4247
4249
4249
4255
4258
4258
4259
4261
4264
4264
4267
4268
4268
4269
4270
4271
4279
4281
4293
4294
4309
4309
4309
4309
4309
4309
4341
4507
4508
4509
4521
4530
4537
4538
4538
4539
4540
4550
4557
4557
4557
4561
4582
4587
4613
4614
4614
4614
4615
4616
4618
4619
4620
4622
4624
4624
4644
4645
4649
4650
4671
4715
4757
4785
4810
4826
4839
4842
4843
4848
4853
4891
4891
4891
4903
4907
4908
4909
4916
4916
4918
4920
4927
4929
4929
4933
4934
4934
4951
4974
4978
4978
4978
5126
5127
5138
5150
5269
5282
5299
5310
5311
5312
5322
5322
5325
5326
5330
5331
5338
5368
5385
5386
5409
5438
5460
5462
5462
5463
5474
5476
5482
5610
5640
5645
5665
5703
5704
5705
5708
5728
5741
5746
5748
5771
5776
5786
5786
5792
5795
5797
5802
5849
5851
5861
5882
5901
5903
5914
5971
6035
6040
6041
6045
6046
6049
6067
6342
6439
6491
6550
6574
6657
6657
6723
6730
6750
6755
6758
6838
6842
6846
6847
6919
7609
7621
7622
7623
7624
7624
7863
7863
7971
7981
7983
8039
8497
8838
8838
8848
8850
8851
