0
0
0
2
2
3
4
4
4
4
5
6
6
7
9
10
10
11
11
12
12
13
13
13
13
13
14
15
15
16
16
18
19
19
19
20
20
20
20
21
21
21
21
21
21
21
21
21
21
21
22
22
22
22
22
23
23
23
23
23
24
24
24
24
24
24
24
24
24
24
24
24
24
24
25
25
25
25
25
25
25
25
25
25
25
25
25
25
25
25
25
25
26
26
26
26
26
26
27
27
27
27
27
28
28
28
29
29
29
29
29
30
30
30
30
30
30
30
30
30
30
30
31
31
31
32
32
32
32
32
32
32
33
33
33
33
34
34
34
34
35
35
37
37
38
38
38
38
38
39
39
39
39
40
40
40
40
40
40
40
40
41
41
41
41
42
42
43
43
43
43
43
43
43
43
44
46
46
47
47
48
50
50
50
51
51
51
52
52
52
52
53
54
55
55
56
56
57
58
58
58
59
59
59
60
60
63
64
65
66
66
66
69
71
73
74
74
74
75
84
88
88
90
91
91
91
91
91
92
92
92
93
94
95
96
97
98
99
101
101
101
102
103
104
104
104
105
106
106
106
106
107
107
107
108
109
109
109
109
109
111
112
112
112
113
113
114
115
116
116
117
117
118
119
119
119
120
120
122
123
123
123
123
124
125
128
128
129
129
130
132
133
133
133
134
134
135
135
137
139
139
140
140
140
142
143
143
143
143
144
145
146
148
148
148
149
150
150
150
151
152
152
152
153
153
153
154
154
155
155
155
156
156
156
156
157
157
157
157
157
158
158
158
158
158
158
158
158
158
158
158
158
159
159
159
160
162
162
165
165
165
165
166
166
166
168
168
169
172
173
174
175
175
176
176
178
179
179
180
181
182
182
184
184
184
184
185
185
185
188
188
188
189
189
189
190
190
191
191
191
191
191
191
192
192
194
194
194
195
195
195
196
197
197
197
198
198
198
198
198
199
199
199
199
200
201
201
201
201
202
202
203
204
205
205
205
206
206
207
207
208
209
210
210
210
213
214
215
215
215
216
216
216
217
219
219
220
221
223
223
224
224
224
224
225
225
225
225
225
225
225
225
225
225
225
226
226
226
226
226
226
226
226
226
226
227
227
227
227
227
228
228
229
229
229
230
231
232
232
232
233
233
233
233
233
234
234
235
235
236
237
238
238
239
239
239
239
240
240
240
241
241
241
241
241
242
242
242
244
244
244
244
244
244
245
245
245
245
245
245
245
246
246
246
246
246
246
246
246
246
247
247
247
247
247
248
248
250
251
252
254
255
257
258
258
259
260
260
260
261
261
261
261
262
262
262
263
263
263
263
263
264
264
264
264
264
265
265
265
265
265
265
265
265
265
265
265
266
266
266
266
270
270
271
272
272
273
274
275
275
275
275
276
276
276
277
277
277
277
277
277
277
277
277
277
277
278
278
278
278
278
278
278
278
278
278
278
279
279
279
279
279
279
279
279
279
279
279
279
279
280
280
280
280
280
281
281
281
281
282
282
283
283
283
283
283
283
283
284
284
284
284
284
284
284
284
284
284
284
284
285
285
285
285
285
285
285
285
286
286
286
286
286
286
286
286
286
286
286
287
287
287
288
289
290
290
290
291
291
291
291
291
292
292
292
293
293
294
294
295
296
296
296
296
296
296
297
297
297
297
297
297
297
297
297
298
298
298
298
298
298
298
298
299
299
299
299
299
299
300
300
300
300
300
301
301
302
302
302
302
302
303
303
303
303
304
304
304
304
305
305
305
305
305
306
306
306
306
307
307
308
308
308
308
308
308
308
309
309
309
309
309
309
309
309
310
310
310
310
310
311
311
313
314
314
314
314
315
316
316
316
316
316
316
316
317
318
318
318
319
319
320
320
320
320
320
320
320
320
320
321
321
321
321
321
321
321
321
321
321
321
321
321
321
322
322
322
322
323
323
323
324
324
324
324
325
325
325
326
327
327
328
328
329
329
329
329
330
330
330
331
331
331
331
332
333
333
333
333
333
334
334
334
334
334
335
336
337
337
338
338
339
339
339
340
340
340
342
342
344
344
344
346
346
346
346
347
348
348
349
349
349
349
350
350
351
351
351
351
351
352
353
354
354
354
356
356
358
358
358
358
358
358
359
359
359
360
360
361
362
362
363
363
364
364
364
365
365
366
367
367
368
368
368
368
369
369
369
369
369
369
370
370
370
370
370
370
370
371
371
373
373
374
374
375
375
376
376
378
378
379
379
380
380
381
381
382
383
383
383
383
384
384
384
384
384
384
384
384
385
385
385
387
387
388
388
389
389
389
390
390
390
390
390
390
390
390
390
391
391
391
391
391
392
392
392
392
393
393
393
393
394
394
395
395
395
395
396
396
396
398
400
401
401
401
401
401
402
402
402
402
402
402
402
402
404
404
404
404
405
405
407
408
409
409
410
412
413
413
413
414
415
416
417
417
418
418
419
419
422
424
424
427
429
430
430
431
431
432
433
433
433
433
434
436
439
441
441
441
442
442
443
444
445
445
445
447
453
453
454
454
456
459
459
459
461
463
463
477
477
478
481
484
485
487
487
487
488
489
491
492
494
494
495
495
496
496
497
499
500
502
503
504
504
505
507
509
509
509
511
514
514
514
515
515
516
516
517
518
519
520
522
524
526
526
527
527
530
530
531
531
531
531
531
531
531
531
532
532
532
532
533
533
533
533
535
535
536
536
537
537
538
539
539
540
540
541
542
543
543
544
544
544
544
544
544
544
545
545
545
545
545
547
548
549
549
549
549
551
551
551
551
551
552
552
552
552
553
554
555
556
556
556
556
556
556
557
557
559
559
559
561
562
563
564
565
565
567
567
567
567
568
569
569
570
570
571
572
572
572
573
573
573
574
574
574
574
575
575
575
577
578
580
580
581
582
584
584
586
588
590
592
593
594
596
598
598
600
602
606
616
618
618
619
619
619
619
619
619
619
619
620
621
622
626
636
641
642
643
647
651
651
652
655
655
656
670
670
670
687
695
702
705
705
705
706
706
713
713
713
717
717
717
718
718
723
725
725
725
727
727
728
728
729
732
732
735
736
736
738
738
739
739
739
740
743
743
744
745
745
746
746
747
747
748
749
749
750
751
751
751
753
754
756
756
757
759
759
759
760
760
760
760
760
760
760
761
763
763
763
763
764
765
765
769
769
769
770
770
773
774
775
775
776
778
781
782
782
783
784
786
787
789
789
790
790
792
793
797
800
801
803
805
809
815
815
815
824
827
840
840
840
841
841
841
842
849
850
850
850
850
850
850
850
850
850
850
850
850
851
851
851
851
851
852
852
852
868
872
878
878
879
882
882
890
890
892
893
896
897
899
909
910
912
912
913
913
916
917
917
919
919
922
923
923
923
925
925
928
935
937
938
946
952
953
953
955
957
957
958
958
959
959
959
961
961
964
965
966
966
967
967
968
969
969
970
970
971
971
971
972
973
974
978
982
988
990
990
991
991
992
993
994
997
998
999
1002
1002
1002
1003
1003
1003
1007
1008
1009
1010
1023
1032
1033
1039
1046
1053
1054
1055
1056
1059
1061
1064
1066
1069
1075
1075
1076
1080
1080
1081
1084
1085
1086
1086
1087
1087
1090
1091
1091
1093
1093
1093
1094
1096
1097
1097
1098
1098
1101
1101
1102
1103
1103
1103
1105
1106
1108
1109
1111
1111
1112
1112
1113
1114
1115
1116
1117
1118
1119
1123
1124
1125
1127
1128
1130
1130
1132
1133
1133
1134
1134
1134
1135
1135
1135
1136
1136
1137
1138
1138
1140
1145
1145
1150
1150
1150
1151
1152
1157
1158
1158
1159
1161
1169
1170
1170
1175
1177
1177
1178
1180
1180
1182
1182
1182
1182
1187
1188
1197
1208
1210
1213
1214
1214
1215
1216
1218
1219
1219
1222
1222
1222
1223
1226
1226
1227
1230
1230
1231
1232
1232
1233
1233
1233
1234
1234
1236
1236
1237
1237
1238
1238
1240
1242
1242
1242
1242
1242
1244
1244
1245
1245
1246
1247
1247
1250
1251
1252
1252
1254
1254
1254
1254
1258
1261
1261
1262
1263
1264
1272
1276
1276
1277
1278
1278
1280
1280
1280
1281
1283
1283
1283
1283
1284
1284
1284
1284
1284
1285
1286
1286
1286
1286
1286
1288
1288
1290
1292
1293
1295
1296
1296
1297
1297
1298
1299
1301
1303
1305
1306
1306
1306
1307
1307
1307
1308
1309
1312
1314
1314
1315
1315
1315
1315
1315
1315
1315
1316
1316
1316
1316
1316
1317
1317
1317
1317
1317
1317
1317
1319
1319
1322
1323
1323
1326
1327
1327
1327
1328
1328
1329
1331
1331
1333
1335
1336
1344
1346
1350
1351
1355
1355
1355
1356
1357
1371
1371
1371
1372
1400
1457
1461
1461
1462
1588
1601
1602
1603
1606
1609
1609
1614
1617
1621
1625
1627
1629
1644
1646
1646
1650
1651
1655
1656
1659
1659
1660
1660
1661
1662
1664
1665
1666
1667
1669
1673
1677
1677
1682
1683
1685
1688
1688
1691
1691
1692
1693
1695
1695
1696
1697
1699
1699
1700
1702
1702
1703
1703
1704
1705
1705
1705
1706
1706
1708
1708
1708
1708
1709
1710
1712
1714
1715
1717
1717
1718
1718
1718
1719
1720
1720
1721
1725
1725
1725
1725
1726
1726
1727
1727
1727
1727
1728
1728
1728
1729
1729
1730
1732
1733
1733
1735
1736
1736
1737
1737
1738
1738
1739
1739
1739
1740
1741
1741
1742
1744
1744
1745
1746
1747
1747
1749
1750
1750
1751
1751
1752
1753
1754
1754
1755
1755
1756
1756
1757
1759
1759
1760
1762
1768
1804
1815
1823
1827
1828
1836
1836
1839
1840
1841
1843
1844
1848
1849
1849
1849
1851
1852
1852
1853
1853
1854
1854
1855
1856
1857
1857
1857
1857
1858
1859
1859
1862
1862
1862
1863
1863
1865
1868
1868
1869
1869
1869
1871
1871
1871
1873
1873
1874
1874
1874
1874
1874
1875
1878
1881
1882
1886
1887
1888
1888
1890
1890
1898
1901
1902
1903
1903
1903
1903
1903
1904
1906
1907
1908
1909
1909
1910
1911
1912
1913
1913
1914
1914
1917
1917
1918
1925
1927
1927
1927
1930
1930
1930
1932
1934
1935
1938
1940
1948
1949
1950
1951
1952
1959
1959
1960
1960
1968
1988
1988
2036
2053
2059
2078
2078
2078
2081
2081
2082
2083
2083
2084
2085
2085
2086
2088
2089
2090
2093
2094
2096
2097
2097
2100
2101
2101
2102
2102
2105
2105
2107
2108
2109
2110
2116
2117
2120
2120
2121
2122
2123
2124
2125
2125
2126
2128
2130
2131
2132
2132
2132
2133
2133
2135
2136
2136
2137
2139
2140
2142
2142
2143
2144
2147
2147
2161
2179
2179
2180
2180
2184
2185
2187
2187
2217
2218
2220
2225
2237
2239
2239
2241
2241
2244
2244
2246
2247
2250
2250
2252
2253
2253
2256
2258
2259
2261
2261
2262
2263
2273
2276
2280
2284
2288
2291
2292
2292
2293
2294
2294
2294
2295
2295
2297
2297
2298
2298
2298
2301
2301
2301
2302
2303
2304
2305
2306
2307
2307
2307
2308
2308
2308
2310
2312
2313
2314
2315
2316
2316
2316
2317
2317
2318
2321
2321
2322
2323
2323
2324
2330
2330
2331
2332
2333
2335
2337
2337
2338
2339
2340
2408
2409
2412
2417
2418
2419
2420
2424
2429
2430
2430
2431
2432
2443
2443
2444
2448
2453
2454
2636
2637
2638
2639
2642
2644
2658
2660
2667
2685
2685
2689
2694
2697
2698
2700
2700
2701
2712
2714
2716
2774
2806
2806
2806
2807
2807
2808
2809
2810
2816
2817
2819
2820
2820
2821
2822
2827
2827
2828
2829
2832
2837
2838
2839
2839
2840
2840
2841
2844
2849
2851
2851
2853
2854
2858
2859
2862
2862
2864
2865
2870
2871
2872
2874
2878
2897
2899
3092
3098
3099
3099
3100
3109
3109
3116
3127
3127
3129
3133
3149
3151
3166
3176
3177
3182
3183
3183
3186
3188
3191
3192
3192
3199
3200
3201
3204
3218
3219
3221
3223
3223
3226
3227
3231
3236
3254
3255
3255
3256
3257
3260
