2
2
3
3
3
3
4
4
5
5
5
5
5
6
6
6
7
8
8
8
9
9
9
10
11
11
12
12
12
14
14
14
14
14
15
16
16
16
16
16
17
18
18
18
18
18
19
19
19
19
20
20
20
20
20
20
20
20
21
21
21
21
21
21
21
22
22
22
22
22
22
22
23
23
23
24
24
24
24
24
25
25
25
25
25
25
25
26
26
26
26
26
26
27
27
27
27
27
27
27
27
27
28
28
28
28
28
29
29
29
30
31
31
31
31
31
32
32
32
32
33
33
33
33
34
34
34
34
34
34
35
35
35
36
36
37
37
37
37
37
37
37
37
37
38
38
38
38
38
38
38
38
38
38
38
38
38
38
38
38
38
39
39
39
39
39
39
39
39
39
39
39
39
40
40
40
40
40
40
40
40
41
41
41
42
42
42
42
42
42
42
42
42
43
43
43
43
43
44
44
44
45
45
45
46
46
46
47
47
47
47
47
47
47
47
47
47
47
48
48
48
49
49
49
49
49
49
49
49
49
49
50
50
50
50
50
50
50
50
50
51
51
51
51
51
51
52
52
52
52
52
52
52
53
53
53
54
54
54
54
55
56
56
57
58
58
58
58
58
59
59
60
60
60
60
61
61
61
61
61
61
61
61
61
61
61
61
62
62
62
62
63
63
65
65
65
65
65
66
66
66
66
67
67
68
68
68
68
68
69
69
69
70
70
70
70
70
70
71
71
71
71
72
72
73
73
73
73
74
75
75
75
75
76
76
77
78
78
78
79
79
79
79
80
80
80
80
81
81
81
82
82
82
82
82
83
84
85
85
86
86
86
86
86
87
87
87
87
87
87
87
87
87
87
87
87
87
87
87
87
88
88
88
88
88
88
88
89
89
89
89
89
89
89
89
90
90
90
90
90
90
90
90
90
90
90
90
90
91
91
91
92
93
93
93
94
94
94
94
94
94
95
95
95
96
96
96
97
97
97
97
97
98
98
98
99
100
101
101
103
103
104
104
104
104
104
104
104
105
105
105
106
106
106
107
108
108
108
109
109
109
110
110
110
110
110
110
110
110
111
111
111
111
111
111
111
111
111
111
111
111
112
112
112
112
113
113
113
114
114
114
114
115
115
115
115
115
115
115
116
117
117
117
117
117
117
118
118
118
119
119
119
119
119
119
120
120
120
120
120
122
122
123
123
124
124
124
124
124
124
125
125
125
125
125
125
125
126
126
126
126
126
126
126
127
127
127
127
127
127
127
127
128
128
128
128
128
128
128
129
130
130
131
131
131
132
132
132
132
132
132
133
133
133
133
133
134
134
134
135
135
136
136
137
137
138
138
139
139
139
141
141
142
142
142
143
143
143
143
143
144
144
145
145
146
146
146
146
147
147
147
147
150
150
150
150
150
151
151
151
151
151
151
152
152
152
152
152
152
152
152
152
153
153
153
153
153
153
153
153
153
153
154
154
154
154
154
154
154
154
155
155
155
156
156
156
157
157
158
158
159
160
160
160
160
162
162
162
164
167
167
168
168
168
168
169
169
170
170
170
170
170
170
170
170
171
171
171
171
171
171
171
171
171
171
171
171
171
172
172
172
172
174
174
175
175
175
175
175
176
178
179
181
181
181
181
182
182
182
182
183
186
188
188
190
191
194
195
195
196
196
198
199
200
200
201
202
203
204
205
207
207
207
208
209
209
210
210
210
210
210
210
210
211
211
212
212
213
213
214
214
214
214
215
215
216
216
217
218
218
219
219
219
219
220
220
220
220
220
220
220
221
221
221
221
221
221
221
221
221
221
221
221
222
222
222
222
222
222
222
222
224
224
224
224
224
225
226
226
226
226
226
226
227
227
227
227
227
227
228
228
228
229
229
229
230
230
231
231
233
234
234
235
235
235
235
235
236
236
237
238
238
240
240
241
244
244
245
246
247
247
247
247
247
247
247
248
248
248
252
252
252
253
253
254
254
254
255
255
255
257
259
259
259
260
260
261
262
263
263
263
264
265
265
265
265
266
266
266
267
267
268
269
269
269
269
270
271
272
273
274
274
275
276
276
276
276
277
278
278
279
280
280
281
281
281
282
282
283
283
284
284
285
285
285
285
286
286
287
287
289
290
291
291
292
292
292
293
293
294
294
295
295
296
296
296
296
296
297
297
297
297
297
299
299
300
300
300
300
301
301
302
302
302
302
303
303
303
303
304
304
304
305
306
306
306
307
307
307
307
307
307
307
308
308
308
308
308
308
308
308
308
308
309
309
310
311
312
312
313
314
314
314
314
314
314
314
314
315
315
315
315
315
315
316
316
317
317
318
318
318
319
319
320
320
321
321
322
322
322
323
323
323
323
323
323
324
324
324
324
324
324
325
325
325
325
325
325
326
326
326
326
326
326
327
327
327
327
328
328
328
328
329
329
329
330
330
330
330
331
331
331
331
331
332
333
333
333
334
334
335
335
335
335
336
336
336
336
338
338
338
339
339
339
339
343
344
344
344
345
346
346
346
346
347
347
347
348
348
348
348
348
349
349
351
352
353
353
355
355
357
358
358
359
360
360
361
362
364
364
364
365
365
366
366
367
367
367
367
367
368
368
368
368
369
369
369
369
370
370
371
371
371
371
372
372
372
372
373
374
374
375
376
376
376
377
378
378
378
378
378
378
379
379
379
379
380
380
380
380
380
380
382
383
383
383
383
383
384
384
384
384
384
386
386
387
387
387
388
388
388
389
389
389
390
390
390
390
390
390
391
391
391
392
392
393
393
393
394
394
396
396
398
398
399
399
400
401
401
401
402
405
405
405
406
406
410
410
412
413
415
415
415
416
416
417
417
417
417
417
418
419
419
420
420
421
421
421
421
421
423
424
424
425
425
426
426
426
427
427
427
427
429
431
431
433
433
436
440
440
440
441
443
444
449
450
455
459
460
460
460
460
461
472
472
473
474
474
475
476
477
477
477
478
479
479
481
481
481
482
482
483
484
485
486
487
488
489
489
490
490
490
490
491
491
491
491
491
491
492
493
494
495
497
498
498
498
499
499
499
500
500
500
500
500
501
507
508
509
509
513
515
515
516
517
518
518
519
524
525
526
526
526
527
532
532
532
534
535
536
536
537
538
538
538
539
539
540
542
543
543
543
543
548
549
549
549
550
551
552
553
553
554
554
555
556
556
556
556
556
556
557
557
558
558
560
561
562
562
564
564
564
565
566
566
567
567
568
568
569
571
577
577
577
578
578
578
578
579
580
581
581
582
583
585
585
585
585
585
588
588
589
590
595
599
599
602
603
605
606
607
608
608
608
613
614
615
616
616
618
619
624
625
627
628
628
633
634
642
643
645
649
651
652
659
663
663
665
665
666
670
670
671
673
673
673
674
675
676
680
682
684
685
685
686
686
686
687
687
687
687
687
689
691
691
691
691
692
692
695
696
696
697
697
700
701
702
706
706
707
707
708
709
710
710
710
711
713
715
716
717
717
717
725
734
735
739
743
743
745
745
748
748
749
749
750
754
756
756
757
758
758
758
758
758
758
758
759
759
759
759
759
759
759
760
761
764
765
765
765
765
766
768
768
768
770
776
781
783
783
797
798
798
801
809
810
811
849
854
856
857
862
864
878
880
889
897
897
898
898
905
915
916
921
941
944
944
946
946
952
952
954
955
957
957
957
957
957
957
957
957
957
957
958
958
960
962
963
963
963
964
965
965
965
966
967
967
967
969
971
971
971
972
973
973
974
976
977
978
980
981
982
984
984
988
992
1003
1003
1003
1003
1003
1003
1003
1004
1016
1018
1021
1022
1023
1023
1026
1026
1029
1063
1066
1070
1081
1082
1091
1096
1099
1100
1103
1103
1104
1111
1112
1112
1112
1114
1115
1115
1116
1116
1118
1121
1121
1124
1124
1124
1124
1125
1126
1126
1127
1128
1128
1130
1130
1130
1130
1133
1134
1134
1134
1134
1136
1138
1139
1140
1141
1141
1142
1143
1143
1143
1144
1144
1145
1145
1147
1148
1149
1149
1151
1152
1152
1152
1154
1154
1154
1154
1154
1155
1155
1155
1156
1157
1157
1158
1160
1162
1165
1165
1167
1168
1168
1182
1182
1225
1226
1230
1231
1236
1240
1243
1245
1254
1258
1258
1259
1259
1261
1262
1274
1275
1277
1279
1281
1287
1290
1292
1292
1294
1294
1294
1294
1295
1296
1296
1297
1297
1297
1299
1300
1300
1301
1303
1303
1303
1304
1304
1304
1305
1306
1306
1307
1307
1308
1309
1309
1312
1313
1313
1313
1313
1314
1314
1316
1316
1317
1317
1317
1317
1317
1318
1319
1323
1323
1324
1326
1326
1326
1327
1327
1327
1328
1329
1330
1333
1334
1335
1336
1336
1337
1338
1338
1339
1340
1341
1341
1341
1342
1342
1343
1344
1346
1346
1347
1348
1352
1355
1359
1361
1366
1367
1369
1372
1373
1374
1375
1375
1376
1377
1379
1380
1382
1382
1397
1403
1406
1406
1407
1407
1407
1413
1418
1419
1421
1424
1432
1434
1446
1453
1454
1460
1463
1472
1499
1543
1545
1546
1546
1547
1547
1549
1551
1552
1552
1560
1562
1565
1566
1567
1568
1570
1575
1582
1588
1590
1590
1591
1592
1593
1594
1597
1598
1598
1599
1600
1601
1601
1602
1602
1603
1603
1604
1606
1607
1609
1610
1612
1612
1614
1614
1615
1616
1616
1618
1618
1618
1621
1621
1622
1622
1624
1624
1624
1624
1625
1625
1626
1627
1629
1630
1631
1632
1632
1633
1634
1634
1635
1636
1636
1636
1636
1636
1637
1637
1637
1638
1639
1639
1639
1640
1640
1640
1640
1640
1641
1643
1643
1643
1646
1647
1647
1647
1649
1649
1649
1650
1650
1651
1651
1655
1655
1657
1657
1658
1658
1658
1658
1658
1659
1659
1659
1659
1660
1661
1661
1662
1662
1662
1663
1663
1664
1664
1664
1665
1666
1666
1666
1668
1668
1668
1668
1669
1669
1669
1670
1670
1670
1672
1673
1674
1675
1675
1676
1676
1676
1677
1677
1677
1677
1679
1679
1680
1681
1681
1681
1681
1682
1682
1683
1684
1685
1686
1686
1686
1687
1687
1688
1688
1694
1694
1695
1704
1705
1714
1715
1716
1717
1717
1733
1740
1765
1781
1782
1796
1798
1800
1804
1806
1806
1806
1806
1809
1815
1815
1815
1815
1819
1820
1823
1823
1826
1826
1826
1827
1833
1834
1835
1863
1878
1879
1879
1933
1942
1943
1943
1944
1961
1974
1977
1982
1983
1986
1987
1993
2004
2004
2005
2009
2012
2014
2015
2016
2022
2024
2026
2027
2030
2030
2039
2047
2056
2081
2083
2083
2098
2122
2126
2141
2182
2182
2182
2189
2191
2192
2196
2212
2214
2215
2218
2223
2271
2274
2282
2296
2297
2299
2299
2300
2301
2303
2303
2303
2309
2311
2315
2316
2317
2318
2319
2321
2322
2323
2323
2326
2327
2333
2333
2334
2336
2336
2336
2339
2339
2339
2340
2340
2341
2342
2343
2347
2347
2349
2350
2357
2358
2368
2426
2435
2435
2435
2440
2441
2445
2448
2449
2450
2451
2452
2453
2454
2456
2457
2457
2458
2458
2458
2458
2458
2458
2459
2459
2464
2471
2475
2476
2488
2493
2497
2513
2524
2530
2573
2599
2607
2611
2614
2617
2617
2626
2633
2635
2636
2637
2688
2705
2711
2719
2725
2725
2729
2729
2730
2730
2730
2734
2735
2735
2735
2735
2738
2739
2742
2742
2743
2756
2756
2757
2758
2761
2769
2769
2789
2800
2809
2809
2813
2813
2827
2906
2908
3123
3189
3204
3206
3208
3210
3212
3220
3242
3259
3260
3263
3279
3287
3340
3345
3345
3346
3348
3350
3490
3490
3490
3493
3494
3497
3510
3514
3526
3526
3529
3531
3543
3601
3621
3707
3710
3716
3730
3766
3818
3837
3838
3840
3848
3849
3851
3861
3867
3870
3871
3874
3874
3877
3877
3880
3880
3881
3895
3901
3909
3909
3916
