0
0
0
2
2
2
3
4
4
5
5
6
6
6
6
7
7
7
8
8
9
9
9
10
11
11
12
12
12
12
12
13
13
13
13
15
15
16
16
16
16
17
17
18
18
19
19
19
19
19
19
19
19
19
19
20
20
20
20
20
20
20
20
20
20
20
20
20
20
20
20
20
20
20
20
20
20
20
20
20
20
20
20
20
20
20
20
20
20
20
20
21
21
21
21
21
21
21
21
21
21
21
21
22
22
22
22
22
22
22
23
23
23
23
23
23
23
24
24
24
24
24
24
25
25
25
25
25
25
26
26
26
26
26
26
26
26
27
27
27
27
27
27
27
27
27
27
28
28
28
28
28
28
28
28
28
28
28
28
28
29
29
29
29
29
29
29
29
29
29
29
29
29
29
29
29
29
29
29
30
30
30
30
30
30
30
30
30
30
30
31
31
31
31
31
31
31
31
32
32
32
33
33
33
33
34
34
34
35
35
35
35
35
36
36
36
36
36
36
36
36
37
37
37
37
37
37
37
37
37
37
37
38
38
39
39
39
39
39
39
40
40
40
41
41
41
41
41
42
42
42
43
43
43
43
43
43
44
44
44
44
45
45
45
45
45
45
45
46
46
47
47
47
48
48
48
48
49
49
49
49
49
50
50
50
50
50
50
50
50
50
50
50
50
50
50
50
51
51
51
51
51
51
51
51
51
51
51
52
52
52
52
52
53
54
55
55
55
55
55
56
56
57
57
57
57
58
58
58
59
59
59
59
59
59
59
59
61
61
61
62
62
62
63
63
63
63
63
64
65
65
66
66
66
66
66
66
67
68
68
68
70
71
71
71
72
72
73
73
74
74
75
75
75
76
76
77
77
78
78
79
79
80
80
81
81
81
81
82
82
83
83
84
84
84
85
85
85
85
85
85
85
85
86
86
86
86
87
88
89
89
89
90
90
90
90
90
91
91
91
92
93
93
93
93
94
94
94
94
94
94
94
94
94
94
94
95
95
95
95
95
95
95
95
95
95
95
96
96
96
97
98
98
99
100
100
100
100
101
101
102
104
104
104
104
104
104
105
106
106
106
106
107
107
107
107
107
108
108
108
108
108
108
108
109
109
109
109
109
109
109
109
110
111
111
112
113
113
113
113
113
113
114
114
114
114
114
115
115
115
115
116
117
117
118
118
118
118
119
119
119
119
119
119
120
120
120
120
120
121
121
122
122
122
123
123
123
123
124
124
124
124
124
124
124
124
124
124
125
125
125
125
125
125
125
125
125
126
126
126
126
126
126
126
126
126
127
127
127
127
127
127
128
128
128
128
129
129
129
129
129
129
129
130
130
130
131
131
131
131
131
131
131
132
132
132
132
132
133
133
135
136
136
136
136
136
136
137
137
137
138
138
139
139
140
140
140
141
141
141
141
142
142
143
144
144
145
146
146
146
147
147
147
148
148
148
149
149
149
150
150
151
151
152
152
152
152
155
155
156
157
158
158
160
160
160
161
161
161
161
161
161
161
162
162
162
162
162
162
163
163
165
167
167
167
168
168
168
168
169
169
170
171
171
171
171
171
172
172
175
175
176
176
177
180
181
181
181
182
182
182
183
183
183
184
184
184
185
185
187
188
189
190
191
192
193
194
194
194
194
195
196
196
197
197
198
199
199
199
200
200
200
200
201
201
202
202
203
203
204
205
206
206
206
207
207
207
208
208
208
208
209
209
209
209
209
210
210
210
210
210
211
211
211
212
212
212
213
215
215
215
216
216
216
217
217
217
217
217
217
217
217
218
218
218
218
219
219
219
220
220
220
220
220
220
220
220
221
221
221
221
222
223
223
223
223
223
223
224
224
224
224
225
226
226
226
226
227
227
228
228
228
228
228
229
229
229
229
229
230
230
230
230
230
231
231
231
232
232
232
233
234
234
234
235
235
235
235
239
240
240
240
240
240
240
241
241
241
241
241
241
241
241
242
242
242
242
243
243
243
244
246
246
246
246
246
247
247
247
247
247
247
247
247
247
247
247
247
248
248
248
248
248
249
249
249
249
249
251
254
254
255
256
257
257
258
262
262
264
264
264
265
265
266
267
269
271
274
276
277
277
277
278
280
280
281
281
281
282
282
283
287
287
288
288
291
291
291
291
291
294
294
294
295
295
295
295
296
296
296
296
296
296
296
296
297
297
297
297
297
297
297
298
298
298
298
298
298
298
301
302
304
304
305
306
306
306
307
308
309
310
311
311
311
312
313
313
314
317
326
327
328
328
329
330
331
331
332
332
333
334
337
337
338
338
338
339
340
340
340
340
341
341
342
343
344
345
346
347
347
347
347
347
347
347
350
350
351
352
352
353
353
353
354
354
356
358
359
361
362
363
363
365
366
366
368
368
369
371
371
371
371
372
372
372
373
375
377
377
377
378
378
381
385
385
386
387
388
388
389
389
389
389
389
389
391
392
392
393
394
394
396
396
396
396
397
397
397
397
397
397
398
398
401
402
403
405
406
407
407
407
407
408
408
409
409
412
412
413
417
421
422
422
423
424
425
428
428
428
428
429
429
429
429
430
431
432
433
434
435
435
436
436
436
436
436
436
437
437
438
438
440
440
441
441
442
442
442
444
444
445
445
445
445
446
446
446
447
447
447
447
448
448
448
448
448
448
448
449
449
451
451
451
451
453
453
453
453
453
453
454
454
454
454
455
455
455
456
457
457
457
457
458
458
458
458
459
459
459
460
461
461
461
461
461
462
462
462
463
463
463
463
464
465
465
465
465
466
466
466
466
467
467
468
469
470
470
471
473
475
477
477
479
480
481
482
483
483
485
486
487
487
488
489
489
492
493
494
494
494
495
496
496
497
499
501
501
502
503
503
503
503
504
506
507
507
507
507
507
507
508
510
513
514
515
515
517
518
518
520
521
523
525
525
525
525
525
532
533
538
539
540
541
542
545
546
546
548
549
551
551
554
555
557
557
559
559
560
563
565
568
568
575
576
578
580
582
584
599
600
602
603
603
603
604
604
605
606
609
609
610
610
610
612
614
615
616
629
640
641
642
642
642
645
649
652
653
657
660
660
670
675
680
680
681
686
690
692
693
693
693
693
693
693
694
694
695
698
698
698
698
698
698
700
700
702
702
703
703
710
711
712
712
712
714
716
717
717
719
720
722
723
723
725
731
732
732
732
732
734
734
734
735
735
735
736
737
737
737
738
738
740
741
741
741
741
741
741
741
742
742
742
743
743
743
743
743
744
744
744
746
746
747
748
750
750
753
753
754
755
755
755
756
756
758
758
759
759
761
761
761
761
764
767
769
769
770
771
771
771
772
772
775
777
779
780
780
781
781
782
783
783
784
784
784
786
788
789
790
790
790
791
791
791
791
791
791
791
792
792
792
792
792
792
792
793
793
793
793
793
794
794
794
794
794
795
795
796
796
796
797
799
801
801
802
803
803
803
803
805
807
807
807
807
807
807
808
808
808
812
813
813
817
818
818
818
818
818
818
818
820
821
824
824
827
828
828
829
829
829
830
830
830
830
830
830
830
831
831
831
832
832
832
836
837
837
839
841
842
843
843
843
846
846
847
847
848
848
848
848
849
849
849
850
851
851
851
852
853
854
855
855
855
855
855
855
856
856
856
857
857
858
858
859
859
860
860
861
861
861
861
861
861
862
862
862
863
863
863
863
863
863
865
866
866
866
866
866
867
867
868
869
869
869
870
872
872
872
873
874
874
875
875
875
876
876
876
876
876
877
877
877
878
878
879
879
879
879
879
880
880
880
880
880
880
881
881
881
881
882
884
884
884
884
884
885
885
885
885
885
886
886
886
886
886
886
886
887
887
887
887
887
887
888
888
890
891
892
892
892
892
892
893
894
894
895
896
897
897
898
898
899
899
899
900
901
901
901
901
902
903
904
904
904
905
905
905
906
906
906
906
907
907
908
908
908
909
909
910
910
911
911
911
912
913
913
913
913
913
913
914
915
915
915
916
916
917
917
918
918
918
919
919
920
921
921
922
922
925
926
926
927
927
927
929
930
934
935
935
935
938
949
949
956
956
956
956
959
959
960
963
964
966
968
971
971
973
974
974
976
979
983
984
984
988
989
991
994
996
997
997
998
1000
1005
1005
1006
1006
1006
1006
1006
1006
1006
1006
1006
1007
1007
1007
1007
1009
1009
1010
1010
1010
1010
1011
1012
1012
1013
1013
1016
1022
1023
1023
1024
1024
1025
1026
1030
1030
1031
1031
1032
1035
1039
1041
1042
1044
1046
1047
1047
1049
1052
1055
1059
1059
1060
1063
1067
1071
1071
1073
1074
1080
1085
1088
1088
1097
1098
1107
1114
1117
1125
1138
1196
1198
1205
1205
1206
1206
1208
1209
1210
1210
1210
1212
1213
1215
1216
1216
1216
1217
1219
1220
1222
1223
1224
1229
1229
1229
1230
1231
1231
1231
1233
1233
1236
1236
1236
1237
1238
1239
1244
1246
1249
1252
1253
1254
1254
1256
1259
1260
1262
1262
1269
1272
1274
1279
1280
1281
1281
1282
1283
1283
1288
1289
1290
1291
1292
1297
1302
1304
1307
1308
1308
1310
1314
1316
1319
1321
1326
1328
1328
1329
1331
1333
1334
1335
1336
1336
1337
1342
1343
1344
1345
1346
1347
1347
1348
1349
1350
1352
1354
1354
1355
1355
1356
1357
1357
1357
1358
1358
1359
1359
1360
1360
1361
1361
1363
1363
1363
1366
1367
1367
1368
1369
1369
1370
1373
1374
1374
1375
1379
1379
1380
1380
1380
1380
1382
1384
1385
1386
1387
1387
1388
1388
1388
1390
1390
1391
1392
1392
1396
1397
1397
1399
1399
1399
1400
1400
1400
1400
1401
1401
1402
1404
1405
1406
1406
1411
1411
1411
1411
1413
1414
1414
1414
1415
1420
1420
1420
1421
1421
1422
1423
1423
1429
1429
1434
1435
1436
1443
1450
1452
1456
1458
1478
1483
1483
1484
1488
1498
1499
1500
1501
1506
1506
1506
1510
1511
1512
1513
1514
1514
1516
1521
1521
1522
1523
1525
1525
1526
1526
1527
1527
1527
1527
1529
1531
1533
1534
1535
1537
1537
1538
1538
1538
1539
1539
1544
1544
1544
1544
1544
1545
1547
1547
1547
1548
1548
1549
1549
1550
1550
1551
1551
1551
1553
1553
1554
1554
1554
1554
1556
1557
1557
1558
1559
1560
1561
1561
1562
1562
1562
1565
1567
1569
1569
1570
1570
1571
1571
1578
1579
1741
1746
1764
1770
1780
1789
1807
1820
1861
1862
1872
1876
1876
1877
1880
1882
1883
1884
1885
1887
1889
1901
1907
1910
2027
2035
2043
2044
2048
2049
2049
2055
2061
2067
2100
2102
2103
2103
2109
2113
2116
2119
2119
2119
2126
2128
2129
2129
2131
2131
2157
2157
2159
2161
2165
2166
2167
2169
2170
2171
2173
2175
2175
2177
2179
2183
2184
2187
2188
2189
2192
2194
2215
2217
2221
2224
2224
2225
2229
2230
2248
2258
2265
2273
2274
2274
2275
2275
2277
2277
2289
2289
2299
2309
2312
2313
2313
2317
2318
2325
2326
2326
2327
2327
2328
2328
2329
2329
2331
2331
2332
2332
2334
2335
2336
2340
2343
2345
2345
2348
2353
2353
2387
2401
2402
2425
2447
2448
2462
2473
2493
2495
2497
2652
2664
2670
2678
2679
2679
2681
2681
2681
2681
2682
2683
2684
2686
2686
2687
2687
2690
2690
2691
2691
2691
2695
2701
2701
2701
2705
2710
2719
2721
2722
2725
2726
2727
2728
2729
2738
2738
2739
2743
2745
2746
2747
2750
2750
2752
2753
2754
2755
2756
2759
2760
2762
2764
2768
2769
2781
2782
2787
2789
2790
2845
2846
