0
0
0
2
3
3
4
5
5
5
5
5
6
6
6
6
7
8
9
10
10
10
10
11
11
12
12
12
13
13
13
13
13
13
13
14
14
14
15
15
15
15
15
15
16
17
17
17
18
18
19
19
19
19
19
20
20
20
20
20
20
20
20
21
21
21
21
21
21
21
21
21
21
21
21
21
21
22
22
22
22
22
22
23
23
23
23
23
23
23
23
23
23
23
23
23
23
24
24
24
24
24
24
24
24
24
24
24
24
24
24
25
25
25
25
25
26
26
26
26
26
26
26
26
26
26
26
26
26
26
27
27
27
27
27
27
27
28
28
28
28
28
28
28
28
28
28
28
28
28
28
28
29
29
29
29
29
29
29
29
29
29
29
30
30
30
30
30
30
30
30
30
30
30
30
30
30
31
31
31
31
32
32
32
32
32
32
33
33
33
33
34
34
34
34
34
35
35
35
35
35
35
35
35
35
35
35
35
35
35
35
35
36
36
36
36
36
36
36
36
36
36
36
36
36
37
37
37
37
37
37
37
38
38
38
38
38
39
39
40
40
40
40
40
41
42
42
42
42
42
43
43
44
44
45
45
46
46
46
46
46
46
46
46
46
47
47
47
47
47
47
47
48
48
48
48
49
49
49
50
50
50
50
51
51
51
52
52
52
52
52
53
53
53
54
54
54
55
55
56
56
56
57
58
58
59
59
59
59
59
59
60
60
60
60
61
61
61
62
62
63
63
64
64
64
64
64
65
65
65
66
66
66
66
67
67
68
68
68
68
68
69
69
69
70
70
71
71
71
71
71
71
71
72
72
73
73
73
74
74
74
75
75
75
75
75
76
76
78
78
78
78
78
78
78
79
80
80
81
81
82
83
83
83
83
83
83
84
85
85
85
86
87
87
87
88
88
88
89
89
89
89
89
89
89
89
89
89
89
89
89
89
89
90
90
90
90
90
91
91
91
91
91
91
91
91
91
91
92
92
92
92
92
92
93
93
93
93
93
94
94
94
94
95
95
95
95
97
97
97
97
97
97
97
97
97
97
98
98
98
98
98
98
98
98
98
98
98
98
98
98
98
98
98
98
98
99
99
99
99
99
100
101
102
102
102
102
103
103
104
104
105
105
105
106
107
107
107
108
109
109
110
110
110
110
110
111
111
111
111
111
112
112
113
113
113
113
114
114
115
116
117
117
118
119
119
120
120
121
121
122
122
123
123
123
123
124
124
124
124
124
124
124
125
125
125
125
125
126
126
127
128
128
128
128
129
129
129
129
133
133
133
134
135
136
138
138
138
138
139
140
140
142
142
145
145
146
147
148
148
148
148
148
149
150
150
150
151
151
153
153
153
154
154
154
155
157
158
158
158
161
161
162
163
164
164
165
166
166
166
167
167
168
168
168
168
170
170
172
173
173
175
175
175
175
175
176
176
176
177
177
178
178
178
178
178
178
179
180
181
182
182
182
183
183
184
184
184
184
185
185
186
186
186
186
188
188
188
190
190
190
190
191
192
192
192
192
193
194
194
194
194
194
195
195
195
195
195
195
195
196
196
197
197
197
198
199
199
199
199
200
201
201
202
202
203
203
203
203
204
205
205
205
206
207
207
207
208
208
210
211
212
212
212
214
214
214
214
216
216
216
216
217
219
219
220
220
220
221
221
222
222
222
222
222
222
223
223
224
224
224
224
224
224
224
225
225
225
225
225
226
226
227
227
227
227
228
229
229
230
230
230
231
231
231
232
234
237
238
238
239
239
240
240
241
241
241
241
242
243
243
245
246
247
251
251
252
253
254
255
255
255
255
256
256
257
257
258
258
259
260
260
261
261
262
265
267
268
269
269
271
272
272
273
274
274
274
274
275
276
276
276
276
276
276
277
277
278
279
280
280
281
281
281
282
284
285
285
287
288
291
292
292
292
292
292
292
293
293
293
293
293
293
293
293
294
294
294
294
294
295
295
295
295
296
297
298
298
300
300
302
303
304
304
306
306
308
308
309
312
314
314
315
315
316
317
321
321
322
322
323
323
324
325
326
326
327
328
328
328
330
330
331
331
332
332
333
333
334
338
340
340
340
340
341
342
342
342
343
344
346
346
346
347
349
350
350
350
350
351
352
354
354
355
355
356
356
358
358
358
359
359
359
359
359
359
359
360
360
360
361
361
361
362
362
363
364
364
364
365
365
365
366
367
368
368
369
369
369
369
371
371
371
371
373
374
375
375
376
380
380
380
381
382
382
383
384
385
385
386
386
387
387
387
389
391
391
391
392
392
393
393
393
393
394
395
395
395
395
396
397
397
398
399
399
399
399
399
399
399
400
400
401
401
403
403
405
406
406
407
407
407
408
410
411
411
412
413
414
415
415
415
416
416
416
418
419
420
420
421
422
422
423
423
424
424
424
425
426
426
427
427
428
428
429
429
429
430
430
432
432
432
432
433
433
433
434
434
434
435
435
436
436
436
436
436
436
436
436
436
437
437
437
437
438
438
439
439
439
440
441
441
442
443
443
443
443
443
443
444
445
445
445
445
446
446
446
446
447
447
447
448
448
449
450
450
450
451
451
451
452
452
452
453
453
453
453
454
454
454
454
454
455
456
456
456
457
457
457
457
457
458
458
458
459
459
459
459
459
460
460
460
460
460
461
461
461
462
462
463
463
464
464
465
466
466
466
466
466
466
466
466
467
467
467
468
468
468
468
468
468
469
469
469
469
469
469
469
470
470
470
470
470
470
470
470
470
471
471
471
471
471
471
471
471
471
471
471
472
472
472
472
472
474
474
475
478
478
478
479
479
479
480
481
483
483
484
484
485
486
486
486
486
486
486
486
486
487
487
487
489
489
489
489
490
490
490
490
490
490
491
491
491
491
491
491
491
491
492
492
492
492
492
493
493
493
493
494
494
495
496
496
496
497
497
497
497
497
498
498
498
499
499
500
501
502
502
503
503
503
503
504
504
505
506
507
507
507
508
508
508
509
510
510
510
511
512
512
513
514
515
517
517
517
518
519
520
520
520
520
521
521
522
524
528
528
533
535
535
537
542
543
543
544
544
545
545
546
546
546
547
547
547
547
548
548
548
549
550
554
555
557
558
559
559
560
560
563
563
564
564
564
565
565
565
566
567
567
568
568
568
568
569
569
570
570
570
570
571
571
571
571
571
571
571
573
573
573
573
573
573
573
574
574
577
577
578
578
578
579
580
581
582
582
583
584
584
584
585
586
587
588
592
593
594
595
595
595
597
597
598
598
599
601
603
603
604
604
605
605
605
605
605
606
606
607
607
607
608
609
609
609
610
610
610
611
612
613
613
616
616
618
619
619
619
619
619
619
620
620
620
620
620
620
621
621
622
622
622
625
626
626
626
626
626
626
627
627
627
627
627
627
627
627
628
628
628
628
628
628
628
628
628
629
629
629
630
631
631
632
632
633
633
633
634
634
637
637
637
638
639
639
639
640
640
640
640
640
641
644
644
645
645
645
645
645
645
645
646
646
646
646
646
646
646
646
647
647
647
647
647
647
647
647
647
647
647
648
648
648
648
648
649
649
649
649
649
649
649
650
650
650
652
652
652
653
653
653
654
654
655
656
656
658
658
658
658
659
660
661
662
662
662
663
665
666
666
666
666
666
667
668
668
669
671
671
671
672
672
676
680
680
681
681
682
682
683
685
686
686
688
691
691
692
692
692
693
694
696
696
697
697
700
700
701
704
705
705
706
706
707
707
707
712
713
715
716
718
718
718
719
719
719
719
720
720
722
723
723
723
724
724
725
725
730
732
733
735
735
738
742
743
745
749
749
751
751
752
755
756
760
760
766
768
769
769
771
771
772
772
773
774
774
774
774
775
775
776
776
777
779
780
782
782
785
786
786
786
788
790
792
792
796
797
803
803
804
804
804
805
805
806
809
809
811
813
816
819
820
821
821
822
832
832
833
833
834
836
837
838
838
840
840
841
843
843
847
847
847
849
849
849
849
849
855
855
858
858
860
864
867
868
871
875
877
878
879
883
885
886
886
887
888
889
889
891
891
892
892
893
893
897
899
900
903
904
906
907
909
912
913
914
914
915
917
917
921
921
924
927
932
932
932
934
935
935
936
937
937
938
940
941
942
942
942
943
945
948
951
952
954
957
958
959
959
967
968
969
970
973
975
976
976
976
977
977
979
979
979
981
982
984
984
986
990
993
993
994
995
995
996
997
997
997
998
998
1001
1002
1002
1006
1009
1010
1010
1011
1012
1012
1013
1013
1013
1014
1015
1017
1018
1018
1018
1019
1021
1021
1021
1021
1022
1022
1023
1025
1026
1031
1031
1032
1033
1033
1037
1038
1040
1041
1041
1043
1044
1045
1046
1047
1048
1051
1055
1055
1057
1058
1058
1059
1061
1064
1065
1066
1069
1071
1073
1074
1075
1076
1076
1076
1077
1077
1080
1080
1080
1081
1081
1081
1081
1081
1081
1082
1082
1082
1082
1083
1083
1083
1083
1084
1086
1086
1089
1097
1098
1099
1101
1101
1101
1101
1102
1115
1118
1119
1123
1126
1126
1128
1128
1128
1133
1135
1137
1138
1144
1146
1148
1148
1155
1155
1157
1157
1157
1158
1159
1163
1167
1168
1170
1171
1174
1176
1181
1182
1184
1186
1186
1187
1189
1190
1190
1190
1192
1193
1195
1195
1195
1195
1196
1196
1196
1196
1197
1197
1197
1198
1198
1205
1207
1208
1210
1215
1215
1216
1216
1217
1217
1218
1219
1219
1222
1229
1231
1232
1232
1233
1236
1237
1241
1242
1244
1244
1245
1245
1247
1247
1248
1248
1248
1248
1249
1249
1250
1250
1250
1250
1250
1251
1251
1252
1252
1253
1253
1253
1255
1255
1256
1257
1257
1257
1258
1258
1258
1262
1263
1263
1263
1263
1263
1270
1271
1271
1271
1272
1272
1273
1277
1279
1279
1279
1280
1280
1283
1285
1286
1286
1287
1288
1289
1289
1290
1290
1291
1293
1294
1301
1304
1305
1305
1306
1307
1308
1309
1314
1314
1318
1323
1325
1332
1334
1335
1346
1356
1370
1372
1380
1382
1384
1385
1392
1394
1398
1400
1400
1403
1403
1405
1405
1407
1408
1409
1411
1411
1414
1416
1417
1418
1418
1425
1426
1432
1436
1443
1445
1445
1447
1448
1451
1451
1451
1453
1454
1454
1455
1455
1456
1462
1465
1470
1470
1471
1472
1502
1505
1506
1509
1510
1521
1522
1543
1544
1553
1563
1567
1572
1573
1578
1586
1591
1597
1599
1603
1605
1606
1611
1613
1614
1616
1616
1616
1619
1628
1634
1639
1640
1641
1642
1643
1643
1645
1652
1653
1654
1654
1655
1655
1657
1660
1666
1666
1667
1671
1676
1677
1677
1679
1680
1681
1685
1685
1685
1688
1688
1689
1690
1690
1691
1692
1692
1692
1692
1692
1692
1692
1692
1692
1692
1693
1693
1693
1693
1693
1693
1693
1693
1693
1693
1693
1694
1694
1696
1696
1697
1698
1702
1703
1703
1704
1704
1705
1709
1709
1714
1716
1721
1725
1725
1726
1741
1742
1746
1753
1754
1754
1754
1754
1755
1755
1758
1765
1770
1770
1773
1773
1774
1780
1784
1786
1789
1790
1790
1792
1797
1804
1804
1821
1832
1832
1842
1844
1849
1857
1863
1864
1875
1877
1877
1877
1877
1878
1879
1880
1881
1881
1884
1884
1885
1887
1900
1906
1911
1912
1917
1920
1920
1921
1968
1971
2004
2004
2010
2011
2013
2014
2014
2015
2019
2020
2023
2023
2025
2029
2031
2032
2039
2040
2040
2040
2050
2050
2052
2054
2057
2058
2061
2068
2091
2102
