1
5
10
12
19
19
19
20
20
20
21
23
23
23
24
25
25
25
25
25
25
25
25
26
26
26
28
29
29
29
30
30
30
31
31
31
31
31
31
31
31
32
32
32
32
32
32
32
32
32
32
32
32
33
33
37
38
38
38
38
38
38
39
39
39
39
40
40
41
41
42
45
45
46
48
49
49
50
51
53
56
58
58
59
59
60
60
60
60
60
60
60
60
61
61
61
61
61
61
62
62
62
62
63
63
64
64
66
66
66
67
67
72
72
73
74
76
76
76
77
77
77
79
80
80
80
80
80
81
81
81
81
81
82
82
82
82
82
83
83
84
85
85
85
85
85
85
85
85
85
86
87
87
88
88
89
90
90
90
91
91
92
96
100
101
101
101
101
101
101
101
102
103
103
103
104
104
105
105
105
105
106
107
107
107
108
111
111
111
112
112
112
115
115
115
115
115
116
116
117
117
119
119
119
120
120
120
122
122
123
123
125
125
125
125
126
126
126
126
129
130
130
130
130
130
131
131
131
131
132
132
132
133
136
137
139
139
140
141
142
143
144
144
144
145
146
146
147
147
147
148
148
149
149
150
150
151
155
156
157
162
163
167
169
176
179
184
184
184
188
188
190
193
203
203
205
205
206
206
207
208
216
216
216
217
238
250
251
261
263
264
265
266
267
269
269
271
273
274
274
274
275
276
277
280
280
281
300
300
303
313
313
317
318
318
318
321
322
323
324
325
329
329
333
334
334
334
335
335
335
337
339
340
342
345
347
352
353
356
360
366
368
368
369
373
383
383
383
384
384
384
385
387
387
390
391
391
392
393
394
395
395
395
398
400
400
401
403
403
404
405
406
410
410
414
415
415
415
415
416
416
416
417
417
418
419
422
426
427
435
436
439
440
440
441
448
448
449
459
459
464
466
470
470
470
470
470
471
473
473
474
481
483
488
491
492
493
496
504
506
506
507
510
510
511
520
521
525
536
539
542
544
544
545
546
548
559
561
564
565
568
571
571
574
579
579
580
583
586
590
591
597
612
613
622
638
642
643
646
646
646
646
647
647
647
648
649
651
651
655
662
665
667
667
667
668
672
676
676
680
691
697
699
704
705
713
715
721
723
734
735
736
737
761
767
767
770
771
775
801
816
821
824
826
826
827
827
828
834
834
834
835
837
874
874
878
884
891
901
902
902
904
907
908
924
928
929
929
932
939
943
944
946
946
957
959
964
966
966
986
987
990
991
992
995
1009
1009
1009
1010
1010
1010
1013
1014
1018
1019
1021
1023
1027
1028
1034
1039
1046
1050
1052
1063
1063
1068
1068
1071
1071
1072
1077
1079
1080
1085
1085
1093
1099
1109
1109
1109
1110
1114
1128
1138
