1
5
6
10
10
12
15
20
22
23
27
27
27
29
29
29
29
29
30
30
30
30
30
32
32
32
32
32
32
32
32
34
35
37
39
39
40
43
43
43
43
52
53
54
58
60
62
64
68
69
70
75
79
79
79
88
89
92
97
97
98
103
103
103
104
104
106
111
119
126
139
141
151
159
166
179
182
189
203
209
209
209
209
211
216
217
219
220
246
253
266
275
309
413
740
740
745
753
761
763
764
765
765
765
765
765
765
765
766
766
766
766
766
766
767
767
767
767
768
769
791
792
792
798
798
798
800
800
800
800
800
806
813
821
830
832
848
854
876
882
882
893
898
922
922
922
1044
1464
1496
1497
1504
1510
1510
1511
1511
1519
1519
1520
1521
1522
1522
1523
1523
1523
1523
1526
1550
1551
1552
1555
1557
1575
1576
1577
1581
1582
1582
1582
1582
1599
1599
1599
1606
1627
1640
1657
1659
1670
1674
1689
1689
1713
2114
2115
2116
2127
2144
2154
2172
2203
2283
2286
2296
2303
2319
2372
2375
2383
2385
2386
2387
2388
2389
2389
2392
2406
2413
2437
2439
2458
2503
2505
2512
2527
2532
2553
2577
2661
2743
2751
2760
2864
2865
2865
2866
2893
2893
2937
2937
2938
3046
3094
3095
3096
3096
3097
3114
3115
3116
3123
3163
3167
3185
3186
3189
3191
3199
3203
3203
3203
3203
3204
3204
3222
3300
3302
3306
3359
3359
3365
3366
3366
3367
3367
3367
3368
3368
3368
3368
3369
3369
3369
3369
3370
3379
3399
3404
3405
3435
3452
3454
3461
3521
3522
3647
3647
3647
3648
3658
3665
3777
3840
3881
3887
4007
4007
4008
4042
4045
4045
4048
4083
4170
4174
4196
4210
4222
4272
4278
4421
4451
4464
4464
4464
4465
4476
4477
4478
4484
4484
4493
4496
4987
5062
5064
5068
5098
5099
5102
5104
5148
5192
5194
5204
5205
5208
5208
5208
5208
5209
5209
5223
5251
5255
5273
5302
5306
5306
5320
5362
5395
5406
5492
5506
5508
5638
5648
5689
5689
5689
5689
5691
5698
5910
5917
5918
5919
5923
5926
5948
5964
5971
5972
5972
5973
5978
5978
5979
6000
6009
6018
6019
6019
6022
6022
6022
6023
6023
6024
6043
6043
6257
6257
6258
6259
6264
6302
6314
6314
6330
6335
6337
6375
6439
6451
6452
6454
6454
6461
6471
6472
6475
6490
6519
6521
6521
6522
6523
6541
6542
6542
6543
6543
6543
6544
6544
6609
6621
6630
6643
6655
6656
6656
6656
6657
6657
6657
6657
6658
6663
6670
6677
6686
6702
6748
6750
6750
6750
6751
6752
6759
6759
6763
6764
6765
6770
6868
6873
6935
6939
6966
6996
6996
6996
6997
6998
7007
7009
7024
7027
7076
7138
7156
7162
7176
7178
7199
7204
7215
7228
7429
7466
7480
7553
7569
7571
7573
7574
7574
7574
7574
7578
7578
7579
7579
7582
7582
7583
7583
7584
7584
7594
7611
7613
7614
7615
7618
7632
7642
7688
7702
7704
7716
7716
7722
7729
7776
7799
7810
7816
7836
7849
7862
7863
7866
7880
7880
7880
7880
7884
7887
7889
7892
7916
7937
7962
7976
8005
8017
8025
8025
8025
8061
8061
8078
8079
8093
8098
8100
8101
8161
8190
8204
8209
8216
8244
8244
8244
8245
8245
8245
8249
8249
8256
8261
8262
8264
8264
8335
8346
8373
8400
8428
8447
8452
