1
5
9
11
13
15
16
16
18
19
19
19
21
21
21
21
21
21
21
21
22
22
23
24
24
24
26
26
26
27
27
27
27
28
28
28
28
29
29
30
30
31
31
31
31
31
31
31
31
32
34
35
35
35
35
35
35
35
36
36
37
37
37
38
38
38
39
39
39
40
40
40
41
41
42
42
43
43
44
44
45
45
45
46
47
47
48
51
51
52
53
53
53
54
54
54
56
57
58
59
60
61
62
62
63
65
66
66
66
67
69
71
71
72
72
73
75
75
79
79
80
83
83
84
85
86
86
87
87
87
88
88
88
88
88
88
89
89
89
89
89
89
89
90
91
91
91
94
95
95
95
96
99
101
103
103
103
104
107
108
109
109
109
109
111
112
113
114
114
114
115
115
115
115
116
116
116
117
117
117
118
118
118
119
119
120
121
122
122
125
126
126
127
128
129
129
129
129
129
130
131
131
131
131
132
132
132
132
132
133
133
133
134
134
134
134
135
135
135
136
137
137
137
138
139
141
141
141
141
142
142
143
143
145
145
147
148
151
158
163
167
169
169
171
173
174
174
174
178
179
179
179
180
186
191
191
199
199
201
205
206
207
215
216
218
226
233
235
240
240
241
242
242
242
243
246
246
247
247
248
248
252
252
253
253
253
257
259
259
263
266
266
266
267
269
269
271
283
286
301
322
326
326
338
338
341
342
344
345
348
349
361
364
366
369
370
370
373
382
382
383
383
384
396
396
399
409
410
412
413
414
419
426
433
435
444
448
450
451
453
453
454
456
456
457
459
461
461
464
464
466
466
466
466
468
472
475
475
476
476
481
483
491
502
505
507
507
507
507
507
507
508
508
508
508
510
510
510
511
511
511
512
512
512
512
513
513
513
514
514
521
523
523
525
527
527
532
534
539
542
545
550
551
553
553
555
556
556
556
560
560
560
560
560
560
560
571
576
576
577
581
581
581
581
581
581
582
583
583
591
593
593
593
594
594
594
594
595
601
604
618
620
621
623
626
627
630
631
631
638
638
643
647
649
649
651
654
654
657
659
659
659
660
664
666
672
672
675
680
684
688
688
691
696
710
719
722
738
748
753
763
763
774
774
774
774
775
778
778
780
782
788
793
796
800
801
802
814
817
829
834
838
849
849
849
850
850
851
851
852
852
853
853
853
854
855
869
869
869
874
875
875
878
884
890
890
891
892
892
897
906
918
927
936
939
939
944
957
957
964
978
991
995
1001
1013
1019
1021
1028
1031
1036
1057
1068
1072
1073
1089
1093
1094
1096
1097
1107
1126
1132
1137
1148
1149
1149
1149
1189
1214
1217
1239
1239
1243
1277
1300
1317
1317
1321
1337
1343
1345
1359
1376
1380
1383
1383
