1
7
10
14
18
22
23
23
23
23
23
23
23
23
23
23
23
24
24
24
27
29
29
29
29
33
33
34
37
38
49
49
49
49
53
56
56
61
66
71
79
79
79
92
102
110
112
126
126
162
169
178
186
190
190
198
199
202
211
216
216
225
228
235
247
247
250
263
307
307
313
313
318
333
334
334
334
334
338
355
375
765
765
767
767
768
768
768
770
772
785
792
796
800
802
805
805
810
810
811
822
830
834
834
834
835
881
918
923
927
943
951
953
975
1114
1158
1159
1170
1184
1188
1259
1259
1259
1259
1307
1425
1431
1436
1456
1463
1476
1481
1481
1485
1487
1490
1510
1512
1515
1521
1529
1530
1533
1535
1570
1570
1571
1571
1572
1573
1573
1576
1579
1597
1602
1603
1603
1606
1607
1607
1607
1608
1616
1622
1623
1623
1625
1626
1638
1639
1645
1657
1659
1659
1659
1679
1686
1699
1701
1716
1749
1811
1888
1903
1955
2001
2014
2026
2040
2040
2040
2041
2041
2131
2141
2200
2205
2225
2247
2298
2306
2307
2307
2307
2308
2308
2308
2308
2308
2309
2311
2311
2313
2318
2400
2427
2448
2448
2449
2449
2450
2450
2453
2453
2453
2454
2455
2455
2461
2564
2596
2619
2625
2643
2644
2644
2648
2658
2680
2687
2688
2690
2690
2692
2693
2694
2702
2713
2838
2871
2897
2900
2901
2962
2965
2996
2996
3011
3024
3046
3051
3060
3060
3080
3080
3080
3081
3083
3088
3089
3106
3124
3135
3150
3150
3195
3200
3201
3202
3203
3224
3458
3466
3482
3484
3484
3484
3512
3517
3517
3525
3529
3549
3788
3811
3821
3825
3837
3837
3838
3842
3847
3855
3899
3954
4011
4017
4064
4094
4098
4100
4100
4101
4102
4191
4201
4202
4204
4205
4205
4247
4252
4270
4303
4403
4543
4643
4682
4855
5439
5447
5462
5482
5482
5504
5525
5534
5541
5651
5691
5692
5696
5696
5696
5696
5697
5697
5697
5697
5698
5698
5707
5711
5727
5745
5754
5864
5864
5865
5872
5886
5886
5888
5888
5888
5888
5889
5889
5889
5889
5940
5940
5941
5941
5941
5941
6002
6069
6099
6118
6119
6124
6159
6167
6169
6174
6199
6199
6205
6243
6329
6333
6336
6337
6337
6339
6339
6370
6382
6382
6397
6404
6509
6521
6522
6523
6524
6530
6540
6542
6544
6559
6588
6590
6590
6592
6593
6610
6611
6612
6612
6612
6613
6613
6613
6701
6712
6725
6725
6725
6726
6726
6726
6726
6726
6727
6732
6738
6739
6746
6756
6771
6817
6819
6819
6820
6820
6821
6828
6828
6833
6833
6834
6839
6859
6860
6931
6937
6942
7004
7008
7023
7035
7065
7066
7066
7066
7067
7076
7093
7094
7096
7145
7208
7225
7232
7234
7245
7248
7268
7272
7274
7284
7297
7317
7323
7333
7401
7417
7419
7421
7422
7422
7422
7422
7426
7427
7427
7427
7438
7613
7643
7643
7644
7644
7660
7661
7706
7707
7707
7707
7734
7758
7775
7779
7796
7808
7809
7813
7820
7823
7890
7901
7907
7925
7928
7940
7971
7971
7972
7972
7976
7978
7980
7983
8007
8028
8053
8068
8096
8108
8116
8116
8117
8152
8152
8169
8170
8170
8171
8171
8171
8172
8172
8176
8186
8229
8242
8284
8290
8297
8325
8325
8325
8325
8325
8325
8329
8329
8329
8331
8413
8424
8452
8479
8507
8526
8532
8540
8546
8581
8609
8622
8635
8642
8642
8642
