1
8
19
19
22
23
23
23
31
33
35
40
41
41
42
42
49
49
49
49
49
49
54
57
64
64
66
67
69
70
77
77
79
82
84
85
86
86
87
88
89
89
90
91
94
94
95
96
101
108
108
109
109
109
109
109
110
111
112
115
118
121
124
125
127
127
127
128
130
130
131
138
139
140
157
162
164
165
166
169
171
171
172
172
173
173
173
174
174
174
174
174
174
174
174
175
175
175
175
176
176
176
176
177
179
185
186
189
193
193
193
193
195
211
222
240
243
251
255
262
265
273
296
298
298
306
308
320
333
333
338
339
339
340
341
345
345
353
366
371
371
372
376
377
382
387
387
427
427
427
428
429
431
431
431
432
444
450
457
460
469
475
480
491
496
503
504
504
520
520
520
520
521
525
525
528
549
549
555
556
565
565
566
566
569
570
572
573
575
582
595
596
599
601
603
608
608
612
629
632
632
644
647
647
670
673
686
687
690
691
696
698
712
713
733
734
743
748
753
758
758
759
761
761
764
768
770
771
773
780
780
789
790
790
791
798
832
839
841
848
850
851
853
862
877
879
887
888
888
889
893
904
905
909
909
909
909
909
910
910
911
913
913
916
924
926
927
927
928
932
932
933
935
936
937
944
956
956
958
961
967
971
974
975
976
977
978
978
979
980
981
981
998
1004
1007
1015
1020
1020
1022
1023
1023
1024
1024
1025
1027
1028
1028
1029
1029
1032
1037
1049
1055
1055
1055
1055
1055
1055
1056
1064
1067
1067
1071
1079
1082
1090
1091
1098
1118
1120
1121
1122
1122
1135
1137
1138
1138
1138
1138
1142
1143
1146
1146
1148
1149
1150
1150
1151
1151
1165
1166
1166
1166
1182
1192
1201
1206
1213
1222
1223
1223
1223
1227
1227
1228
1228
1232
1242
1244
1244
1244
1245
1248
1254
1262
1266
1283
1307
1311
1318
1326
1336
1339
1343
1346
1347
1348
1357
1357
1360
1362
1366
1368
1374
1385
1414
1414
1418
1420
1423
1425
1439
1441
1444
1446
1446
1446
1447
1447
1447
1447
1447
1447
1447
1449
1450
1456
1492
1510
1519
1545
1557
1577
1578
1578
1578
1588
1615
1625
1625
1627
1628
1628
1634
1635
1635
1638
1639
1640
1641
1642
1642
1642
1642
1642
1642
1648
1658
1660
1672
1672
1672
1672
1672
1673
1673
1677
1677
1677
1677
1677
1678
1678
1678
1678
1678
1678
1686
1688
1688
1688
1688
1688
1688
1689
1689
1697
1711
1712
1713
1713
1714
1714
1715
1717
1724
1735
1745
1779
1781
1782
1806
1816
1821
1833
1839
1845
1845
1845
1852
1868
1877
1903
1928
1931
1935
1957
1962
1967
1973
1974
1976
1989
2006
2006
2006
2007
2011
2012
2012
2012
2027
2037
2050
2050
2066
2088
2090
2098
2122
2144
2159
2190
2195
2197
2215
2231
2240
2241
2242
2246
2250
2251
2251
2252
2252
2252
2252
2253
2253
2254
2255
2255
2255
2283
2374
2417
2417
2454
2473
2473
2474
2475
2498
2503
2506
2530
2565
2574
2603
2610
2626
2670
2680
2682
2688
2690
2722
2733
2747
2765
2780
2794
2794
2795
