1
5
11
12
16
19
19
23
27
27
28
28
28
28
28
28
28
28
28
28
28
29
29
29
33
34
36
36
36
38
39
39
41
43
44
48
49
50
50
52
52
52
53
53
53
54
54
54
54
54
55
55
55
56
56
56
56
56
56
57
57
57
57
57
58
58
58
58
58
59
59
59
60
60
60
60
61
61
62
62
62
63
63
63
63
63
64
64
64
64
64
65
65
66
67
67
69
69
70
70
70
70
71
73
74
76
76
76
77
78
79
79
80
80
80
81
81
81
82
83
84
87
92
92
93
94
94
95
95
96
97
100
100
100
101
101
101
101
102
102
102
102
102
102
103
103
104
104
104
107
108
108
109
111
111
112
112
112
113
113
113
113
113
113
113
113
114
115
116
117
117
117
118
118
119
119
119
119
119
120
120
120
120
120
120
121
122
123
123
124
124
124
124
125
126
126
126
129
130
131
132
133
137
139
144
145
146
146
148
150
151
152
152
154
155
156
156
158
158
164
164
168
172
175
176
180
184
187
195
197
205
206
207
209
214
220
220
220
220
222
222
222
224
240
246
248
253
255
272
274
279
288
288
290
299
324
328
329
334
334
335
339
342
346
347
349
353
353
357
364
370
370
370
370
370
372
372
372
373
374
375
380
381
384
385
385
385
391
409
412
423
424
427
427
427
428
428
428
428
429
429
429
429
430
436
437
437
439
439
440
442
444
447
449
453
453
454
454
455
455
457
460
461
466
472
472
472
472
477
481
485
485
488
488
489
490
490
491
493
496
498
499
500
501
501
507
508
510
516
516
516
517
519
519
523
525
528
533
534
534
534
535
535
535
535
536
536
540
546
550
552
554
554
554
555
555
556
556
557
558
568
570
580
588
593
597
610
611
613
616
616
621
639
641
641
642
643
646
647
652
658
658
660
665
673
674
674
674
674
677
681
697
700
704
704
707
712
712
726
742
753
753
753
753
761
761
766
766
768
770
779
779
787
791
793
793
793
793
795
796
796
797
805
806
814
829
831
838
839
841
841
843
845
856
861
867
884
887
892
899
900
901
904
913
917
917
917
918
918
919
919
923
927
928
935
935
935
936
936
936
937
938
946
950
958
961
961
963
965
971
976
978
978
978
979
979
979
980
980
980
981
983
992
993
994
994
996
996
999
1001
1002
1003
1020
1022
1023
1023
1023
1023
1025
1029
1031
1033
1033
1033
1033
1034
1036
1038
1039
1042
1043
1045
1046
1053
1053
1053
1054
1055
1057
1057
1058
1059
1061
1065
1065
1067
1069
1070
1072
1077
1087
1088
1089
1089
1097
1097
1099
1099
1100
1101
1101
1101
1101
1102
1102
1102
1102
1109
1109
1111
1118
1119
1119
1119
1120
1120
1120
1121
1121
1121
1122
1123
1124
1125
1125
1125
1126
