1
6
6
8
13
16
17
18
18
18
19
19
20
20
21
21
21
22
23
23
25
26
27
28
28
28
28
28
28
29
30
30
30
31
32
33
34
34
34
34
35
35
35
35
35
36
36
36
37
37
38
38
39
40
40
41
42
43
43
43
46
48
49
49
49
50
50
53
54
56
56
56
56
56
56
56
56
57
58
59
59
60
61
64
64
65
65
65
65
70
71
72
72
72
72
72
72
72
73
73
73
78
80
81
82
83
83
85
85
96
96
96
106
106
131
134
136
137
141
148
149
167
174
179
188
189
196
208
208
209
212
223
235
236
243
250
254
255
257
265
276
292
414
416
417
418
418
419
428
440
441
507
601
601
601
602
726
842
842
843
847
847
848
855
855
874
880
880
886
887
887
932
1182
1226
1299
1308
1311
1316
1319
1420
1444
1489
1499
1545
1546
1559
1565
1566
1569
1569
1579
1579
1581
1581
1582
1582
1582
1582
1583
1585
1586
1586
1587
1592
1592
1595
1604
1606
1607
1609
1613
1613
1613
1617
1625
1625
1629
1629
1629
1629
1629
1629
1631
1633
1633
1634
1634
1634
1634
1634
1635
1635
1635
1638
1649
1649
1650
1652
1657
1658
1663
1669
1672
1682
1688
1689
1704
1709
1711
1712
1718
1726
1789
1803
1816
1816
1817
1817
1821
1821
1821
1821
1821
1822
1822
1842
1845
1849
1934
1997
2019
2020
2020
2024
2026
2042
2075
2193
2567
2567
2568
2683
2684
2851
2880
2886
2887
2892
2894
2909
2911
2916
2917
2919
2930
2957
2964
2985
2986
2990
2997
3005
3027
3036
3039
3062
3071
3072
3074
3085
3111
3113
3120
3125
3143
3149
3149
3258
3311
3312
3323
3327
3336
3380
3516
3517
3517
3526
3531
3731
3756
3758
4148
4149
4385
4388
4412
4470
4513
4650
4675
4675
4684
4693
4753
5049
5058
5060
5072
5890
5902
5933
5933
5948
5949
5949
5949
6077
6078
6081
6082
6233
6249
6382
6382
6382
6385
6385
6386
6390
6722
6956
6990
6992
7025
7097
7097
7112
7140
7145
7163
7192
7305
7332
7366
7381
7396
7397
7747
7747
8098
8101
8167
8167
8168
8168
8169
8210
8219
8221
8248
8248
8250
8258
8380
8388
8388
8388
8390
8394
8394
8394
8512
8515
8515
8520
8521
8521
8521
8521
8531
8531
8531
8531
8553
8574
8574
8574
8575
8575
8575
8636
8636
8637
8637
8649
8688
8700
8700
8723
8841
8842
8843
8860
8860
8861
8863
8878
8917
8919
8919
8923
9085
9111
9119
9120
9120
9120
9120
9122
9129
9129
9129
9129
9129
9130
9130
9130
9130
9131
9131
9150
9159
9174
9223
9224
9242
9341
9345
9407
9411
9439
9473
9473
9474
9553
9615
9633
9639
9653
9680
9681
9705
9731
9740
9809
9825
9827
9828
9830
9830
9830
9830
9834
9834
9834
9835
9839
9839
9840
9840
9841
9841
9847
9852
9868
9872
9872
9875
9889
9900
9973
9973
9979
9985
9988
10056
10066
10073
10093
10096
10105
10119
10120
10123
10141
10144
10145
10149
10173
10193
10218
10233
10262
10273
10318
10318
10335
10335
10356
10416
10445
10495
10784
10795
10813
10823
10878
10897
10903
10911
10917
10952
10976
10989
11002
11008
11009
12720
12721
12721
13151
13152
13152
13166
13192
13202
13211
