1
4
9
13
13
14
14
14
15
15
19
19
19
19
19
19
19
20
20
20
20
20
20
20
20
20
22
24
24
24
24
24
24
24
24
25
25
25
25
25
25
25
25
26
27
27
29
29
30
31
32
32
33
33
33
33
34
34
34
37
39
39
40
40
40
41
41
41
42
42
42
42
43
43
43
44
44
44
44
44
45
45
46
46
47
47
47
48
48
48
49
49
51
51
53
53
53
53
53
54
54
54
55
55
56
57
58
59
59
62
64
64
64
66
66
68
69
70
72
73
73
73
74
75
77
80
81
84
85
86
89
89
90
93
93
96
99
99
99
99
99
99
99
100
103
103
104
105
105
105
105
106
106
106
108
109
109
109
110
110
112
113
113
115
115
116
116
118
118
118
119
119
119
121
121
123
124
129
130
134
143
150
151
152
152
153
153
153
158
158
168
169
192
194
198
200
203
203
209
216
218
218
218
218
224
232
232
233
233
233
233
233
233
235
236
257
262
329
364
385
394
400
401
419
420
420
434
435
440
442
445
448
448
459
462
464
465
465
466
471
478
491
495
513
515
515
515
515
516
534
576
578
586
587
591
597
598
605
612
618
645
648
648
689
690
690
695
695
695
695
696
696
696
720
730
732
734
735
745
746
752
773
773
774
787
824
824
824
849
864
865
874
875
880
885
886
886
886
887
889
889
890
890
890
890
890
890
890
891
894
897
903
903
905
905
927
930
931
931
931
931
931
932
932
932
933
933
934
941
944
944
948
948
952
952
953
957
957
960
961
964
967
988
989
990
990
991
996
1007
1007
1008
1010
1012
1012
1012
1014
1014
1026
1035
1036
1114
1156
1166
1207
1214
1225
1227
1227
1229
1229
1230
1230
1230
1232
1235
1251
1259
1276
1279
1282
1285
1295
1317
1323
1329
1341
1368
1387
1397
1398
1416
1416
1420
1422
1423
1426
1427
1429
1429
1433
1433
1486
1539
1544
1544
1548
1549
1555
1561
1589
1613
1614
1624
1627
1629
1629
1636
1636
1642
1642
1643
1643
1643
1643
1643
1644
1644
1645
1645
1654
1680
1681
1681
1696
1702
1712
1727
1730
1745
1751
1751
1772
1788
1820
1909
1914
1922
1929
1930
1930
1931
1935
1935
1937
1946
2001
2001
2005
2006
2007
2018
2024
2027
2028
2037
2048
2098
2116
2119
2134
2156
2184
2270
2280
2288
2290
2304
2312
2332
2332
2342
2342
2398
2399
2431
2495
2522
2535
2551
2583
2591
2623
2647
2767
2769
2964
2977
2991
3032
3032
3033
3041
3045
3047
3102
3105
3121
3124
3151
3157
3158
3254
3254
3256
3256
3256
3257
3257
3258
3281
3305
3402
3459
3684
3684
3684
3684
3684
3685
3696
3715
3715
3716
3716
3717
3717
3719
3722
3726
3752
3768
3844
3874
4208
4211
4313
4317
4455
4455
4457
4457
4457
4700
4742
4760
4765
4765
4765
4765
4767
4769
4771
4771
4774
4774
4775
4775
4776
4866
4866
4872
4873
4927
4927
4933
4940
4944
4945
4945
4945
4946
4946
4946
5135
5248
