1
7
16
22
22
22
22
22
22
23
24
25
27
28
28
28
28
29
30
30
30
30
30
30
31
31
31
35
39
39
43
53
55
64
66
69
69
69
73
74
89
92
105
110
134
134
135
135
135
144
146
153
160
163
165
168
173
176
181
202
202
203
210
218
218
218
219
221
221
222
222
222
222
224
224
226
226
230
244
264
266
282
285
286
287
313
317
331
347
424
477
484
484
489
568
676
722
761
779
829
856
858
869
1032
1033
1044
1049
1059
1064
1066
1074
1097
1150
1179
1209
1216
1217
1221
1356
1358
1392
1406
1440
1444
1449
1449
1449
1450
1457
1459
1470
1482
1494
1495
1496
1497
1501
1501
1502
1502
1503
1503
1504
1505
1506
1508
1513
1515
1517
1517
1517
1517
1517
1517
1517
1519
1521
1522
1526
1526
1527
1529
1529
1538
1539
1539
1542
1546
1550
1568
1575
1584
1586
1588
1610
1611
1624
1625
1629
1637
1682
1799
1843
1848
1854
1862
1866
1933
1937
1942
1947
1949
1949
1950
1950
1950
1952
1952
1994
2070
2083
2083
2087
2104
2106
2107
2107
2108
2121
2128
2129
2143
2144
2145
2178
2181
2289
2300
2320
2350
2359
2372
2376
2397
2399
2406
2410
2411
2414
2473
2523
2583
2610
2619
2624
2625
2625
2626
2626
2626
2628
2633
2641
2653
2667
2667
2667
2667
2667
2680
2681
2682
2683
2683
2685
2685
2686
2686
2722
2723
2723
2731
2805
2808
2838
2846
2851
2869
2908
2911
2953
3009
3040
3041
3042
3043
3047
3063
3065
3080
3081
3089
3098
3103
3107
3141
3173
3181
3195
3234
3256
3281
3301
3311
3316
3327
3328
3328
3336
3337
3400
3506
3507
3509
3510
3514
3514
3514
3514
3514
3515
3515
3515
3518
3521
3521
3522
3522
3523
3530
3558
3565
3573
3577
3577
3577
3577
3577
3577
3577
3577
3577
3577
3578
3578
3578
3578
3578
3578
3578
3579
3579
3592
3592
3592
3593
3594
3603
3643
3643
3644
3644
3644
3645
3646
3693
3701
3702
3703
3704
3705
3709
3709
3710
3710
3711
3757
3757
3757
3765
3778
3794
3819
3826
3845
3845
3845
3852
3852
3852
3852
3852
3852
3879
3879
3923
3931
3949
3949
3950
3964
4031
4073
4105
4156
4159
4174
4174
4175
4175
4176
4176
4178
4179
4180
4198
4199
4201
4201
4202
4204
4220
4258
4266
4274
4280
4281
4281
4282
4283
4284
4284
4284
4285
4285
4294
4305
4306
4317
4336
4398
4400
4455
4456
4456
4456
4457
4498
4683
4692
4694
4708
4723
4765
4766
4771
4774
4775
4778
4791
4794
4807
4819
4819
4822
4822
4904
4928
4982
4997
5002
5015
5037
5038
5064
5066
5067
5067
5068
5077
5096
5097
5139
5157
5161
5163
5182
5306
5311
5312
5312
5313
5313
5326
5337
5338
5365
5369
5371
5385
5401
5401
5465
5483
5484
5486
5486
5486
5488
5489
5503
5506
5506
5512
5517
5520
5530
5537
5537
5538
5558
5568
5579
5590
5592
5612
5619
5624
5640
5640
5642
5642
5642
5648
5700
5714
5731
5741
5751
5760
5763
5766
5768
5773
5773
5773
5773
5773
5773
5774
5774
5774
5775
5775
5775
5776
5776
5780
5797
5836
5838
5857
6056
6107
6108
6164
6179
6229
6306
6311
6311
6328
6328
6337
6338
6338
6338
6339
6339
6339
6339
6339
6340
6434
6463
6484
6494
6497
6527
6528
6551
6552
6604
6604
6616
