1
26
28
28
29
29
29
30
30
30
38
42
46
46
51
52
52
53
54
62
67
68
70
74
75
76
77
79
83
85
86
91
96
98
99
101
103
105
111
114
115
121
122
122
122
122
122
123
124
126
131
133
134
136
137
137
137
139
149
149
165
166
190
199
202
245
277
290
342
344
360
449
454
464
519
535
551
588
591
591
591
617
621
717
724
740
763
817
820
821
821
830
830
831
833
833
833
834
846
882
885
928
929
933
933
934
934
935
963
986
1001
1014
1031
1094
1100
1102
1112
1134
1141
1142
1151
1158
1159
1175
1237
1272
1272
1273
1273
1274
1293
1297
1331
1373
1384
1390
1402
1416
1416
1439
1439
1439
1440
1440
1440
1440
1441
1441
1442
1443
1443
1443
1446
1446
1446
1453
1459
1477
1486
1489
1492
1493
1494
1496
1496
1499
1500
1509
1516
1517
1534
1534
1556
1565
1568
1569
1569
1569
1569
1570
1571
1573
1574
1574
1580
1581
1588
1589
1589
1593
1594
1596
1599
1600
1613
1628
1644
1652
1655
1655
1675
1710
1712
1746
1780
1783
1789
1790
1790
1790
1796
1804
1805
1805
1860
1869
1899
1907
1925
1961
1984
2008
2020
2020
2023
2030
2040
2053
2074
2075
2076
2078
2100
2218
2227
2227
2227
2328
2348
2401
2416
2416
2417
2420
2439
2466
2522
2535
2536
2539
2556
2560
2560
2561
2562
2562
2563
2563
2563
2563
2563
2563
2563
2563
2564
2568
2568
2568
2573
2576
2577
2578
2640
2652
2652
2654
2655
2662
2662
2662
2662
2664
2670
2671
2675
2685
2697
2708
2730
2874
2938
2967
2967
2967
2967
2968
2969
2969
2983
3044
3079
3079
3079
3080
3080
3089
3089
3089
3090
3119
3136
3137
3137
3137
3147
3151
3151
3151
3151
3151
3151
3152
3152
3152
3156
3156
3156
3157
3157
3157
3158
3159
3159
3159
3204
3213
3254
3259
3266
3269
3270
3270
3270
3284
3308
3341
3368
3376
3396
3398
3398
3408
3408
3409
3410
3500
3500
3500
3505
3505
3506
3507
3508
3509
3509
3510
3539
3687
3687
3688
3688
3688
3688
3688
3689
3691
3693
3693
3694
3695
3695
3695
3696
3697
3713
3720
3722
3723
3736
3742
3764
3769
3774
3774
3775
3776
3777
3791
3799
3800
3802
3839
3842
3929
3937
3940
3941
3949
3961
3970
3974
3975
3975
3976
3977
3977
3977
3977
3978
3980
3982
3982
3989
3995
3995
3995
4009
4023
4083
4108
4122
4123
4124
4135
4136
4157
4158
4159
4159
4160
4160
4194
4210
4233
4234
4234
4234
4235
4236
4288
4290
4309
4309
4310
4310
4311
4330
4420
4421
4422
4477
4618
4618
4622
4627
4739
4834
4874
4893
4896
4899
4900
4900
4907
4909
4909
4910
4911
4928
4931
4931
4932
4933
4992
5014
5023
5028
5054
5071
5102
5115
5176
5179
5179
5180
5181
5185
5200
5202
5202
5202
5215
5232
5301
5304
5317
5344
5356
5414
5415
5432
5452
5474
5474
5474
5498
5500
5500
5549
5608
5611
5620
5620
5629
5638
5643
5651
5657
5666
5667
5667
5667
5667
5668
5668
5668
5682
5682
5683
5684
5692
5693
5698
5698
5700
5704
5704
5706
5709
5709
5710
5711
5712
5712
5712
5714
5714
5714
5715
5715
5715
5715
5716
5725
5749
5753
5753
5753
5753
5753
5762
5762
5762
5771
5774
5785
5793
5814
5819
5872
5874
5900
5980
6135
6191
