1
10
11
14
14
18
22
24
29
31
32
33
33
33
33
33
34
34
34
35
38
38
51
55
55
55
55
55
55
55
55
55
55
56
56
56
56
56
56
56
56
57
57
58
58
59
60
69
70
73
75
76
77
77
78
84
85
91
92
99
99
100
103
105
109
112
113
114
115
122
126
136
136
137
137
137
146
174
186
190
195
198
213
229
260
299
300
303
303
303
304
304
304
305
305
305
305
306
306
309
310
356
357
357
358
358
362
363
363
363
363
363
365
366
371
375
375
379
382
384
384
384
385
385
385
385
385
389
390
400
409
440
453
457
472
526
597
606
636
641
643
643
646
648
648
648
649
649
649
651
652
653
653
654
656
665
665
667
671
673
677
678
683
684
690
693
701
701
704
707
707
708
708
711
712
712
712
712
713
713
713
714
714
714
714
714
715
715
718
719
720
720
720
722
722
727
729
760
764
764
765
766
774
779
779
783
799
800
802
803
804
838
910
913
914
930
943
943
968
968
969
971
975
995
995
995
995
995
995
995
995
1001
1005
1008
1008
1012
1012
1013
1013
1018
1019
1024
1042
1076
1105
1115
1130
1158
1165
1186
1222
1239
1240
1252
1254
1262
1280
1280
1282
1282
1282
1283
1285
1295
1301
1317
1318
1318
1319
1319
1328
1329
1331
1338
1339
1339
1341
1342
1360
1360
1365
1366
1367
1367
1367
1368
1368
1368
1368
1368
1368
1370
1374
1374
1374
1374
1375
1375
1375
1375
1376
1377
1391
1395
1396
1396
1396
1397
1398
1403
1404
1405
1406
1410
1414
1414
1418
1418
1418
1428
1473
1505
1506
1512
1513
1513
1513
1513
1513
1514
1514
1523
1530
1531
1532
1532
1537
1538
1544
1549
1550
1555
1556
1568
1570
1574
1574
1577
1579
1579
1579
1590
1595
1620
1627
1633
1633
1635
1636
1638
1639
1644
1647
1656
1656
1658
1661
1661
1662
1663
1667
1697
1698
1699
1700
1702
1702
1702
1712
1717
1719
1721
1735
1762
1774
1775
1779
1782
1782
1785
1786
1787
1793
1796
1796
1798
1798
1800
1803
1804
1805
1806
1810
1812
1819
1825
1833
1835
1843
1847
1855
1872
1876
1878
1913
1916
1944
1947
2003
2105
2193
2193
2248
2270
2276
2277
2291
2292
2418
2420
2423
2447
2504
2520
2609
2680
2707
2709
2709
2725
2773
2780
2842
2843
2848
2863
2868
2868
2869
2870
2870
2871
2872
2877
2915
2925
2925
2926
2926
2931
2931
2933
2934
2938
2938
2939
2953
2963
3016
3016
3031
3103
3103
3118
3144
3145
3153
3155
3157
3157
3158
3159
3160
3160
3164
3169
3186
3187
3187
3187
3188
3188
3188
3188
3197
3200
3200
3205
3208
3211
3246
3247
3255
3257
3257
3263
3269
3274
3279
3279
3280
3282
3291
3297
3307
3317
3331
3353
3354
3372
3384
3401
3404
3405
3408
3437
3454
3466
3484
3536
3541
3569
3574
3586
3613
3633
3650
3697
3750
3763
3813
3829
3829
3829
3830
3843
3843
3843
3843
3844
3844
3844
3855
3874
3892
3911
3911
3911
3911
3911
3911
3911
3912
3928
3930
3936
3939
3940
3940
3940
3991
4056
4057
4059
4063
4070
4075
4096
4098
4109
4115
4176
4205
4222
4277
