1
4
7
8
9
11
13
13
18
19
20
20
20
20
21
21
22
23
23
26
31
31
32
32
34
34
34
34
35
35
36
37
38
39
40
40
43
44
45
46
46
48
49
49
49
49
50
50
50
51
51
52
52
52
53
53
53
53
53
55
55
56
56
56
57
57
57
57
57
58
59
60
61
62
62
62
62
62
62
63
63
63
63
64
64
64
64
66
67
68
68
70
70
72
73
74
76
76
76
76
76
76
77
82
83
86
86
89
91
91
91
98
99
102
104
112
113
114
114
116
116
124
125
125
126
130
131
131
131
131
131
131
133
133
136
136
137
137
137
137
138
140
141
142
142
143
144
156
164
165
182
183
184
186
186
186
187
187
187
188
189
190
190
192
192
194
196
196
197
206
214
215
215
215
216
229
229
231
235
235
236
236
236
236
237
240
246
258
258
262
265
279
281
287
300
308
313
327
366
374
386
401
410
435
457
459
459
468
468
469
481
482
487
491
496
496
501
503
504
516
519
519
519
519
519
520
520
520
522
523
523
523
523
524
524
524
524
524
524
524
524
524
541
542
545
551
554
563
577
585
587
644
644
648
651
651
651
692
705
706
707
725
727
755
762
922
922
934
950
955
957
962
963
963
964
964
967
970
1000
1000
1000
1051
1051
1051
1071
1079
1079
1083
1100
1125
1133
1139
1139
1140
1140
1140
1141
1142
1144
1144
1148
1152
1153
1153
1159
1164
1178
1179
1244
1245
1246
1248
1251
1273
1283
1288
1289
1299
1299
1321
1428
1430
1430
1431
1432
1432
1443
1444
1447
1451
1452
1453
1453
1454
1454
1455
1455
1463
1463
1463
1463
1464
1464
1465
1465
1467
1468
1468
1468
1469
1469
1469
1469
1474
1475
1476
1476
1476
1477
1477
1477
1480
1481
1482
1492
1499
1505
1518
1520
1520
1521
1521
1522
1522
1522
1533
1534
1535
1535
1540
1548
1551
1552
1552
1553
1553
1553
1554
1554
1554
1555
1555
1556
1563
1563
1565
1565
1565
1566
1572
1576
1577
1578
1579
1579
1581
1588
1589
1589
1595
1596
1596
1596
1596
1609
1613
1622
1627
1634
1637
1638
1641
1642
1643
1644
1647
1647
1648
1648
1654
1658
1658
1659
1660
1680
1712
1712
1714
1715
1718
1738
1782
1789
1827
1862
1889
1893
1895
1896
1896
1897
1898
1898
1906
1908
1930
1937
1944
1945
1945
1950
1950
1954
1955
1964
1979
1982
1990
1991
1992
1992
2083
2089
2104
2148
2149
2149
2149
2150
2151
2151
2155
2173
2173
2173
2173
2198
2243
2285
2373
2388
2407
2439
2451
2452
2452
2452
2452
2453
2453
2456
2457
2459
2459
2460
2461
2490
2490
2492
2508
2517
2537
2576
2579
2589
2608
2636
2646
2649
2707
2708
2710
2717
2740
2755
2758
2762
2788
2791
2791
2813
2814
2826
2826
2826
2832
2846
2867
2871
2877
2880
2881
2886
2891
2895
2910
2912
2932
2932
2951
2982
2983
3008
3008
3016
3034
3035
3039
3049
3060
3067
3093
3102
3110
3116
3138
3143
3193
3242
3242
3244
3244
3257
3268
3278
3286
3293
3293
3294
3303
3394
3403
3472
3613
3620
