1
12
14
19
25
25
25
26
26
26
26
26
26
26
27
27
32
35
36
37
38
38
39
42
42
43
43
43
43
44
46
47
48
48
48
48
48
49
49
50
50
51
51
51
52
52
54
54
54
54
54
57
58
59
60
61
62
70
74
74
78
79
80
82
87
90
90
93
94
95
96
98
99
99
99
100
100
100
100
100
101
101
101
101
106
106
107
113
118
121
128
132
132
135
142
147
155
157
160
163
168
171
179
186
234
291
300
315
324
342
402
406
411
424
425
459
498
530
579
623
639
651
674
677
680
686
687
688
690
692
697
704
704
706
714
718
730
730
731
732
739
750
753
758
764
787
798
801
802
806
856
868
910
926
932
939
940
957
982
983
984
986
988
990
991
991
1004
1012
1019
1021
1023
1025
1041
1042
1057
1059
1066
1066
1068
1089
1100
1108
1110
1113
1115
1117
1120
1121
1134
1168
1179
1190
1190
1191
1192
1195
1199
1201
1201
1211
1233
1242
1243
1246
1246
1247
1248
1248
1251
1251
1251
1254
1265
1266
1269
1270
1271
1273
1322
1324
1329
1329
1332
1349
1353
1364
1364
1364
1378
1402
1402
1402
1417
1418
1418
1419
1426
1427
1427
1428
1429
1440
1447
1450
1451
1477
1481
1481
1487
1514
1514
1514
1518
1518
1518
1519
1519
1519
1519
1519
1519
1519
1519
1519
1520
1520
1521
1521
1522
1522
1523
1523
1523
1527
1569
1570
1571
1580
1581
1591
1595
1596
1598
1600
1604
1604
1612
1614
1615
1626
1631
1636
1636
1637
1640
1656
1689
1690
1690
1691
1691
1692
1692
1693
1694
1694
1696
1737
1737
1738
1739
1739
1756
1759
1765
1772
1773
1774
1774
1774
1774
1775
1775
1775
1776
1803
1805
1810
1812
1815
1825
1854
1879
1881
1900
1904
1912
1936
1947
1994
2012
2013
2047
2065
2088
2091
2128
2130
2133
2155
2222
2223
2257
2257
2275
2275
2276
2280
2280
2280
2280
2280
2281
2281
2281
2281
2281
2286
2287
2288
2288
2292
2298
2300
2300
2300
2302
2302
2302
2304
2315
2315
2316
2317
2329
2330
2335
2336
2338
2338
2339
2339
2358
2358
2370
2370
2370
2371
2381
2381
2381
2381
2381
2381
2381
2381
2381
2381
2382
2383
2391
2392
2398
2398
2399
2414
2417
2418
2425
2433
2435
2436
2436
2446
2459
2459
2459
2459
2462
2466
2467
2467
2467
2467
2473
2473
2474
2474
2475
2475
2475
2476
2476
2477
2488
2493
2495
2495
2500
2508
2511
2520
2534
2535
2536
2548
2559
2560
2560
2561
2561
2563
2566
2581
2594
2601
2604
2605
2610
2624
2650
2651
2653
2655
2656
2657
2680
2681
2681
2683
2683
2684
2692
2696
2712
2712
2749
2812
2863
2865
2876
2876
2876
2877
2877
2877
2878
2894
2913
3156
3157
3168
3169
3170
3170
3171
3171
3182
3226
3266
3270
3281
3283
3288
3315
3315
3323
3325
3325
3337
3341
3349
3349
3349
3350
3356
3357
3402
3430
3430
3435
3436
3437
3437
3440
3450
3450
3451
3451
3452
3463
3465
3476
3499
3499
3499
3499
3500
3502
3502
3503
3527
3546
3548
3552
3556
3560
3560
3561
3561
3573
3578
3580
3590
3591
3591
3591
3591
3593
3595
3602
3605
3605
3608
3611
3622
3634
3646
3654
3687
3756
3757
3771
3782
3792
