2
3
4
9
10
10
11
13
16
16
16
17
18
18
18
19
20
20
20
20
20
20
21
21
22
22
22
23
23
23
23
23
24
24
24
25
25
25
25
26
27
27
27
27
28
28
29
29
30
30
30
30
31
31
31
31
31
31
32
32
32
32
33
33
33
34
34
37
39
39
39
40
40
43
43
44
45
45
48
48
49
50
50
50
51
51
52
52
54
55
57
57
58
58
59
59
59
59
59
59
60
61
62
63
64
65
65
65
65
66
66
67
67
69
69
69
69
70
70
70
70
70
70
70
70
70
70
70
71
71
71
71
71
71
71
71
71
72
73
73
74
76
76
76
76
76
76
76
76
76
76
76
76
76
76
76
76
76
76
76
76
76
76
76
77
77
77
77
77
77
77
77
77
77
77
77
77
77
77
77
77
77
77
77
77
77
77
77
78
79
79
79
79
79
79
79
79
79
79
79
79
79
79
79
80
80
80
80
80
80
80
80
80
80
80
80
80
80
80
80
80
80
80
80
80
80
81
81
81
81
81
81
81
82
82
84
84
85
85
87
87
87
92
92
94
95
95
96
96
96
99
101
102
102
102
102
105
105
106
106
106
106
106
107
107
107
107
107
107
107
107
108
109
110
110
114
114
115
115
115
115
116
117
117
117
118
119
119
119
120
122
122
123
123
123
123
123
124
124
124
125
125
126
127
128
130
130
131
133
134
144
144
145
150
171
177
177
185
192
192
192
192
192
192
192
192
192
192
192
192
192
192
192
192
192
192
192
192
193
193
193
193
193
193
193
193
193
193
193
193
193
193
193
193
193
193
193
193
193
193
193
193
193
193
193
193
193
193
194
194
207
210
211
211
228
228
234
234
236
237
238
238
241
241
241
247
251
255
255
255
256
258
259
259
263
263
264
273
283
291
291
305
306
308
311
315
318
335
339
339
341
351
351
351
353
356
356
357
360
360
364
364
365
365
377
377
377
377
377
378
379
379
385
391
398
398
398
407
410
411
411
437
437
437
437
447
447
447
450
457
458
460
472
484
485
485
487
491
491
493
503
510
511
535
536
563
563
565
567
570
574
587
595
595
601
601
604
612
613
622
625
640
650
650
650
650
652
667
667
667
670
672
672
672
689
689
704
714
721
734
737
737
742
742
746
746
746
746
768
770
770
777
785
785
804
804
822
825
825
825
825
825
825
825
857
887
887
887
887
887
887
888
888
888
889
923
923
923
940
950
968
994
994
994
995
996
997
997
1001
1001
1001
1002
1014
1016
1029
1029
1030
1037
1055
1061
1061
1065
1065
1067
1068
1072
1086
1106
1106
1106
1149
1161
1167
1167
1181
1181
1186
1191
1193
1196
1206
1267
1274
1297
1297
1298
1298
1303
1303
1305
1306
1332
1333
1333
1339
1341
1341
1342
1350
1351
1351
1355
1355
1419
1422
1424
1424
1424
1425
1426
1428
1429
1429
1435
1435
1435
1435
1435
1435
1437
1440
1441
1441
1449
1457
1462
1462
1468
1480
1482
1482
1485
1485
1486
1487
1498
1503
1503
1503
1503
1503
1503
1503
1503
1528
1549
1563
1563
1563
1582
1584
1586
1594
1594
1594
1594
1595
1595
1602
1602
