4
5
7
9
13
13
14
15
16
17
21
21
23
24
24
25
25
25
25
25
28
29
30
31
32
32
32
32
32
32
32
33
36
37
37
37
38
39
39
39
40
40
40
40
40
41
41
42
45
46
47
47
47
49
49
49
50
51
53
54
55
55
56
57
57
57
57
58
58
58
58
58
58
60
60
60
60
60
60
60
61
61
61
62
62
63
63
64
64
67
68
69
69
69
69
71
71
72
74
75
75
75
75
76
76
77
78
80
82
85
86
86
87
88
91
91
91
91
91
92
92
92
92
92
92
93
93
93
93
94
94
96
97
99
99
102
102
103
104
104
104
104
104
104
104
104
104
107
108
109
111
111
113
113
114
117
117
117
117
117
117
118
118
119
119
119
119
120
121
122
123
124
124
124
124
124
124
125
127
127
127
128
128
128
128
128
135
135
138
141
141
149
150
170
176
178
179
179
183
186
186
187
187
187
187
187
188
189
189
191
196
196
196
197
197
198
198
198
198
199
199
199
199
199
199
199
200
200
200
200
200
200
200
201
201
201
201
201
201
202
202
202
202
202
202
202
202
203
203
203
203
203
203
203
203
203
203
203
203
203
204
204
204
204
204
204
204
205
205
206
208
208
209
210
210
210
219
221
221
221
262
263
271
283
290
311
313
314
338
344
344
346
354
367
367
372
378
378
378
379
379
379
380
380
381
381
381
384
385
388
388
388
388
388
388
388
388
388
388
388
388
388
389
389
389
389
389
389
389
389
389
389
389
389
389
389
389
389
389
389
389
389
390
390
390
390
406
406
407
408
413
429
430
449
451
480
504
504
504
504
504
504
504
505
505
522
525
525
526
536
557
557
564
612
664
667
678
680
683
687
690
695
699
701
724
752
753
754
761
764
772
784
792
797
806
807
809
823
826
826
835
837
847
847
847
847
855
860
865
871
874
878
881
881
881
884
892
892
895
895
901
902
902
903
905
907
911
913
917
918
924
925
925
927
928
929
930
932
933
934
934
935
935
936
939
939
939
939
939
939
939
939
939
940
940
940
940
940
940
941
941
941
942
943
944
944
944
945
945
945
945
945
946
946
946
946
946
946
946
946
946
946
946
946
946
947
947
948
948
950
950
951
951
952
953
953
953
954
954
954
954
954
954
954
954
954
954
954
955
955
955
955
955
955
955
956
956
956
956
957
959
962
967
968
971
971
971
971
971
972
972
972
972
972
972
972
976
977
979
980
980
982
982
985
986
987
987
989
990
991
992
993
993
995
996
998
999
1001
1002
1003
1004
1004
1004
1007
1010
1010
1015
1018
1020
1020
1022
1023
1023
1024
1025
1026
1027
1028
1028
1034
1036
1037
1039
1041
1045
1045
1047
1049
1049
1055
1055
1058
1063
1069
1073
1074
1075
1076
1079
1081
1082
1083
1088
1098
1099
1103
1105
1106
1108
1110
1112
1127
1129
1130
1133
1135
1137
