2
3
4
7
12
13
13
16
21
21
21
21
26
26
26
26
27
28
28
29
29
29
29
29
29
29
29
30
30
30
30
30
30
30
30
30
30
30
30
30
31
31
32
32
33
33
33
33
34
34
35
35
35
36
36
36
36
36
36
37
38
39
39
39
39
40
41
41
41
41
41
41
41
41
41
41
43
43
43
47
48
48
49
49
51
52
52
53
54
55
57
57
57
59
60
61
61
61
61
62
62
62
62
62
63
65
65
66
66
66
66
66
66
69
69
70
72
72
72
73
74
75
75
75
77
77
78
78
80
81
83
83
87
89
90
90
90
90
90
91
91
91
92
92
92
93
93
93
93
93
93
93
93
93
93
94
94
94
94
95
95
95
95
95
96
96
96
97
97
97
99
100
101
101
101
102
102
102
103
103
104
104
104
104
104
104
105
109
110
114
114
115
118
118
118
121
127
127
128
130
133
134
135
135
145
147
151
152
152
152
162
175
181
182
183
183
183
184
203
207
208
215
221
225
235
235
239
242
246
252
272
272
273
279
298
306
310
311
324
339
339
339
340
340
340
340
343
348
348
348
353
353
353
355
356
358
359
363
373
383
388
388
392
395
396
407
409
421
429
434
438
449
451
451
456
456
466
474
481
484
493
495
497
505
507
509
516
530
534
537
543
543
548
548
551
551
551
551
554
554
554
559
568
573
573
586
586
586
586
586
586
586
586
587
588
588
592
592
592
592
592
592
592
592
598
600
605
605
605
605
605
605
605
605
605
606
607
607
607
609
609
609
612
613
614
623
636
641
641
642
642
643
645
645
645
651
651
651
651
651
651
651
651
651
651
651
651
651
651
653
656
658
660
662
667
679
680
700
706
726
737
739
753
753
759
762
772
773
781
801
803
829
833
855
856
885
885
898
905
915
915
922
969
990
999
1000
1000
1000
1000
1000
1000
1000
1000
1000
1000
1000
1000
1000
1000
1000
1000
1000
1000
1000
1000
1000
1000
1000
1000
1000
1000
1000
1000
1000
1000
1000
1000
1000
1000
1000
1000
1000
1000
1000
1000
1000
1000
1000
1000
1000
1000
1000
1000
1000
1000
1000
1000
1001
1001
1001
1001
1001
1001
1001
1001
1001
1003
1003
1005
1005
1006
1006
1006
1006
1007
1007
1008
1008
1009
1009
1009
1010
1010
1010
1010
1010
1012
1012
1012
1012
1013
1013
1013
1013
1013
1013
1013
1013
1013
1013
1013
1013
1013
1013
1013
1013
1013
1013
1013
1013
1013
1013
1013
1013
1013
1013
1013
1013
1015
1018
1020
1020
1020
1020
1020
1020
1021
1021
1021
1028
1028
1028
1028
1028
1028
1028
1028
1028
1028
1028
1029
1034
1037
1037
1037
1037
1038
1038
1038
1038
1038
1038
1038
1038
1038
1038
1038
1039
1039
1039
1039
1039
1062
1062
1062
1072
1072
1072
1072
1072
1072
1072
1078
1081
1085
1085
1086
1088
1088
1089
1103
1103
1112
1112
1114
1117
1119
1119
1121
1122
1134
1140
1150
1153
1153
1153
1153
1153
1153
1153
1153
1153
1153
1153
1153
1153
1190
1191
1200
1212
1244
1269
1269
1298
1298
1298
1298
1298
1298
1298
1299
1299
1299
1299
1299
1299
1299
1302
1319
1319
1319
1319
1319
1319
1319
1346
1350
1379
1381
1381
1396
1397
1397
1397
1397
1397
1400
1420
1420
1437
1437
1437
1445
1463
1468
1468
1479
1494
1562
1634
1637
1657
1681
1683
1690
1692
1707
1724
1732
1743
1769
1780
1780
1784
1784
