2
3
4
9
10
15
15
15
19
19
22
22
24
30
30
30
31
33
37
37
37
38
39
39
41
42
42
42
42
42
43
44
45
46
49
52
54
55
56
56
57
57
57
57
58
62
64
66
76
77
78
79
81
81
82
84
84
85
87
88
92
94
99
102
104
104
104
104
104
104
104
104
105
105
109
109
109
109
109
109
109
109
109
109
109
110
110
115
115
115
116
116
116
116
116
116
116
116
116
116
117
118
119
122
124
129
129
131
136
142
164
179
187
206
216
220
221
227
249
268
270
272
274
294
307
308
310
318
323
324
325
329
357
367
410
423
429
429
429
429
429
429
435
437
441
450
473
474
479
479
485
496
520
520
521
523
523
577
577
578
578
589
592
592
610
612
623
659
664
682
688
688
696
700
701
708
708
709
709
716
755
767
769
780
780
780
801
824
825
874
878
990
992
993
994
1006
1007
1007
1028
1028
1034
1045
1065
1076
1078
1078
1078
1080
1092
1092
1094
1094
1094
1094
1107
1114
1139
1139
1141
1141
1154
1155
1178
1184
1215
1224
1273
1366
1368
1385
1395
1426
1439
1447
1449
1450
1462
1462
1462
1462
1463
1463
1468
1468
1468
1469
1494
1502
1503
1513
1514
1518
1531
1531
1532
1532
1546
1549
1554
1569
1569
1578
1596
1620
1620
1620
1620
1620
1620
1620
1620
1620
1620
1621
1621
1621
1621
1621
1621
1621
1621
1621
1621
1621
1621
1621
1621
1621
1621
1626
1626
1626
1626
1627
1627
1627
1627
1627
1627
1627
1627
1627
1627
1627
1627
1627
1627
1628
1628
1628
1628
1628
1628
1628
1628
1628
1628
1628
1628
1628
1628
1628
1628
1629
1629
1629
1629
1629
1629
1629
1629
1629
1629
1629
1629
1629
1629
1629
1629
1629
1629
1629
1629
1629
1629
1629
1629
1629
1629
1629
1629
1629
1630
1630
1631
1632
1632
1632
1632
1632
1632
1632
1632
1632
1632
1632
1632
1632
1632
1632
1632
1632
1635
1635
1635
1636
1636
1636
1636
1636
1636
1636
1636
1636
1636
1636
1636
1636
1636
1636
1636
1636
1637
1637
1637
1637
1637
1637
1637
1637
1637
1637
1637
1637
1637
1637
1637
1637
1637
1637
1637
1637
1637
1638
1639
1648
1678
1678
1679
1679
1679
1679
1679
1684
1698
1768
1794
1802
1802
1803
1803
1803
1803
1805
1832
1833
1833
1837
1840
1840
1843
1843
1866
1872
1875
1876
1876
1886
1913
1921
1924
1934
1935
1954
1956
2008
2035
2036
2038
2051
2157
2254
2261
2280
2309
2331
2334
2383
2389
2413
2454
2455
2455
2456
2456
2456
2456
2457
2457
2457
2457
2457
2457
2457
2457
2457
2457
2457
2457
2457
2460
2460
2460
2463
2465
2485
2487
2492
2493
2501
2507
2509
2509
2512
2520
2636
2639
2655
2664
2685
2685
2703
2707
2724
2724
2724
2736
2740
2744
2746
2746
2753
2753
2754
2754
2756
2783
2790
2790
2790
2790
2838
2846
2848
2848
2857
2860
2860
2861
2864
2865
2871
2879
2894
2897
2897
2898
2905
2926
2933
2933
2933
2954
3025
3025
3056
3078
3115
3115
3115
3115
3115
3119
3154
3154
3155
3155
3157
3157
3177
3177
3177
3188
3188
3188
3210
3222
3227
3234
3234
3234
3234
3234
3236
3242
3242
3242
3242
3242
3251
3256
3258
3260
3260
3262
3269
3271
3295
3295
3295
3310
3317
3329
3329
3329
3329
3329
3329
3329
3329
3329
3337
3342
3344
3395
3459
3460
3462
3466
3474
3530
3530
3530
3530
3530
3530
3530
3530
3530
3547
3547
3559
3559
3567
3612
3617
3617
3617
3627
3645
3650
