2
3
5
6
11
11
18
18
18
20
21
21
23
23
24
24
24
24
25
25
25
28
28
29
29
30
30
30
31
32
32
32
33
33
34
35
35
37
38
38
38
39
40
40
41
41
41
42
42
42
42
43
45
46
48
49
51
52
52
52
52
52
53
53
53
54
55
56
57
57
59
59
60
60
60
60
60
60
61
62
63
65
65
67
67
67
67
69
69
70
72
72
72
74
74
75
75
75
76
76
76
77
77
77
77
77
77
78
78
78
79
80
80
80
80
80
80
81
81
82
83
83
84
84
85
87
87
90
91
93
93
94
94
96
97
97
97
97
97
97
97
97
97
97
97
97
97
97
97
97
98
98
98
99
99
100
100
100
101
101
101
102
102
102
102
102
103
103
103
103
104
104
104
104
105
105
106
108
109
110
116
125
126
126
129
138
140
140
156
157
158
174
181
218
226
228
228
228
228
232
232
232
232
232
232
232
232
232
232
232
232
232
232
232
232
232
232
232
232
232
232
232
232
232
232
232
232
232
232
232
232
238
238
238
242
252
252
326
352
361
361
363
364
370
375
376
377
378
380
388
419
428
449
450
454
456
513
514
515
519
531
531
531
531
531
531
531
531
531
532
533
542
547
557
561
576
577
583
587
588
589
589
606
611
635
645
659
660
660
661
670
671
674
676
678
686
687
697
701
703
704
706
707
707
711
718
720
729
733
735
736
736
736
736
736
736
736
736
736
736
736
736
736
736
736
736
736
736
736
736
736
736
736
736
736
736
736
736
736
736
736
736
736
736
736
736
737
737
737
737
737
737
737
739
740
740
740
741
741
742
750
756
758
762
762
762
762
762
762
762
762
762
762
762
762
762
762
762
762
762
762
762
762
762
762
762
762
762
763
763
763
763
763
763
763
763
763
763
763
763
763
763
763
763
763
764
767
769
771
771
771
771
771
772
772
772
772
772
772
772
772
772
772
772
772
772
772
772
772
772
772
772
772
772
772
772
772
772
772
772
772
773
773
773
773
773
773
773
773
773
773
773
773
773
773
773
773
773
773
773
773
773
773
774
778
779
782
782
789
796
796
796
796
796
796
796
796
796
797
797
797
797
800
828
829
837
837
837
839
842
842
842
849
859
859
859
859
859
880
882
883
896
899
903
903
905
923
924
932
939
940
941
941
949
951
952
955
957
962
972
977
1000
1013
1015
1016
1016
1016
1016
1017
1019
1019
1022
1025
1025
1025
1025
1025
1025
1025
1026
1028
1037
1040
1040
1040
1040
1040
1040
1040
1040
1040
1040
1040
1040
1040
1040
1040
1040
1040
1040
1040
1040
1040
1040
1040
1040
1040
1040
1040
1040
1042
1051
1051
1051
1051
1052
1052
1058
1060
1060
1060
1060
1067
1068
1068
1068
1068
1070
1070
1074
1075
1075
1077
1077
1077
1078
1078
1085
1087
1090
1090
1091
1091
1092
1092
1093
1095
1098
1098
1100
1102
1104
1105
1127
1151
1153
1157
1157
1161
1161
1161
1161
1161
1161
1161
1161
1161
1161
1161
1161
1161
1161
1161
1161
1161
1161
1161
1161
1161
1161
1161
1161
1161
1165
1165
1168
1168
1170
1171
1172
1173
1173
1178
1178
1179
1180
1192
1192
1192
1192
1192
1192
1192
1192
1192
1192
1192
1192
1192
1192
1192
1195
1208
1211
1216
1224
1229
1230
1241
1248
1249
1250
1250
1250
1250
1251
1251
1253
1260
1262
1263
1265
1265
1265
1266
1268
1283
1283
1325
1339
1361
1362
1362
1363
1363
