2
3
5
8
11
13
13
18
18
19
19
19
19
20
21
23
23
23
25
25
25
25
26
26
27
27
27
29
29
29
29
30
30
30
30
30
30
31
31
32
32
32
32
33
33
33
33
33
33
34
34
34
34
34
35
36
36
38
38
38
39
39
40
40
41
41
42
42
44
45
45
47
48
48
48
48
49
49
49
49
50
51
52
52
53
55
57
60
62
62
63
64
64
65
65
67
67
67
68
69
70
70
73
74
74
75
77
78
78
79
80
80
80
81
81
82
82
82
83
83
84
84
84
85
85
86
86
86
87
87
88
88
88
88
88
88
90
90
90
91
92
96
96
97
97
97
98
98
98
98
98
98
99
99
102
102
103
107
108
108
108
108
108
108
108
108
109
109
109
111
112
113
115
115
116
116
116
116
116
116
117
117
117
117
117
119
124
126
127
129
130
134
135
137
137
138
138
138
138
142
145
148
148
149
150
157
157
157
157
157
158
158
158
158
158
158
159
159
159
161
161
161
162
163
164
164
164
165
167
167
178
190
201
215
224
229
231
232
235
236
252
254
294
294
294
296
297
305
330
344
345
345
347
347
351
351
358
360
370
382
386
394
394
412
450
462
463
463
465
469
492
493
500
500
500
500
501
501
501
501
501
501
501
501
502
502
503
503
503
503
503
504
504
504
504
504
504
504
504
504
504
504
505
505
505
505
505
505
505
505
505
505
505
505
506
506
506
506
506
506
506
506
506
506
507
507
507
507
507
507
507
507
507
509
510
510
510
510
510
526
526
526
526
527
527
527
528
534
537
541
541
547
547
554
579
579
579
589
593
595
595
598
598
598
599
599
600
606
606
607
617
621
642
643
658
658
660
660
661
665
679
680
712
729
733
742
748
751
751
760
760
763
768
768
769
775
778
778
778
781
784
786
795
803
803
810
812
813
814
814
820
823
834
836
840
840
840
840
841
841
841
846
847
848
848
848
848
848
848
848
848
848
848
848
848
848
848
849
851
852
854
854
854
854
854
855
855
855
855
855
855
857
860
860
860
861
861
861
862
862
862
862
862
862
862
862
862
862
862
862
862
862
862
862
862
862
863
863
863
863
863
863
863
863
863
863
863
863
863
863
863
864
865
866
867
869
869
869
869
869
869
869
869
870
870
870
872
875
876
876
876
876
876
876
876
877
877
877
877
877
877
877
877
877
877
877
877
877
881
881
883
885
887
887
887
889
890
893
894
894
894
894
899
901
903
907
911
911
911
911
911
911
916
917
918
918
921
924
932
933
934
934
934
937
937
938
938
945
945
945
945
945
945
945
945
949
950
950
956
963
965
970
971
975
977
988
988
988
988
988
988
988
988
1004
1004
1013
1013
1013
1017
1018
1018
1018
1019
1021
1025
1025
1027
1028
1031
1031
1032
1037
1039
1039
1039
1039
1039
1039
1039
1039
1041
1043
1043
1044
1048
1048
1054
1057
1057
1057
1072
1073
1077
1100
1100
1100
1100
1101
1105
1105
1109
1119
1119
1142
1142
1142
1142
1144
1156
1162
1162
1162
1167
1168
1170
1170
1170
1170
1170
1170
1170
1170
