2
5
10
10
21
21
21
21
21
21
23
25
28
29
31
31
31
32
32
32
33
33
33
34
34
34
36
36
36
38
38
38
40
41
41
41
41
41
43
43
48
48
49
49
55
56
56
57
60
60
61
62
67
70
71
71
71
71
71
72
72
74
74
75
75
75
75
75
75
75
77
77
81
81
84
87
88
88
91
93
95
95
95
95
96
96
98
100
100
100
101
101
102
102
103
106
107
107
107
107
108
108
108
108
108
108
108
108
109
109
109
109
113
113
113
113
114
115
115
116
121
125
126
127
131
134
140
144
148
150
151
165
167
185
188
203
219
237
238
239
239
245
253
257
258
260
261
289
290
291
300
348
378
381
383
385
397
426
444
461
462
520
593
596
617
625
629
636
641
657
657
670
681
701
704
720
725
725
725
726
728
729
729
729
730
730
730
730
730
730
730
730
730
730
731
731
731
731
731
731
731
731
731
731
731
731
731
731
731
731
731
731
731
731
731
731
732
732
732
734
735
735
736
736
736
736
736
737
737
737
737
737
738
739
739
739
748
764
764
764
765
777
777
797
823
824
826
831
831
831
831
832
832
832
847
850
862
862
886
890
893
909
909
920
933
933
934
935
937
941
952
953
976
977
989
989
989
989
989
989
990
990
990
990
990
990
990
990
990
990
990
990
990
990
1002
1004
1009
1014
1018
1031
1031
1031
1031
1031
1031
1046
1057
1058
1075
1079
1100
1108
1149
1163
1180
1198
1220
1232
1233
1234
1238
1238
1243
1243
1243
1243
1243
1244
1244
1244
1244
1244
1244
1244
1244
1244
1244
1245
1245
1245
1249
1249
1249
1249
1249
1249
1249
1249
1249
1249
1249
1249
1249
1249
1249
1249
1249
1249
1249
1250
1250
1250
1250
1250
1250
1250
1250
1250
1250
1250
1250
1250
1250
1250
1250
1250
1250
1250
1250
1250
1250
1250
1250
1250
1250
1250
1250
1250
1250
1250
1251
1251
1251
1251
1252
1266
1279
1283
1296
1308
1318
1363
1372
1422
1424
1441
1441
1441
1444
1492
1555
1580
1625
1632
1635
1700
1817
1817
1824
1824
1825
1826
1845
1848
1852
1862
1867
1868
1870
1881
1882
1882
1944
1944
1994
1995
1995
1996
1996
2029
2030
2030
2030
2030
2030
2030
2030
2030
2031
2031
2033
2054
2069
2086
2109
2130
2132
2175
2221
2236
2246
2246
2262
2274
2276
2380
2511
2528
2553
2567
2568
2571
2589
2591
2599
2602
2677
2704
2704
2704
2704
2704
2705
2737
2787
2794
2795
2795
2795
2795
2795
2795
2795
2795
2795
2795
2813
2833
2840
2851
2857
2859
2862
2863
2864
2880
2881
2884
2885
2924
2924
2924
2924
2924
2924
2924
2924
2930
2930
2930
2930
2930
2930
2930
2930
2930
2930
2930
2936
2936
2936
2936
2936
2936
2936
2936
2942
2946
2946
2946
2946
2946
2946
2946
2967
2976
2976
3027
3034
3062
3065
3073
3123
3124
3132
3132
3133
3135
3137
3141
3146
3147
3164
3179
3181
3184
3185
3199
3202
3202
3202
3202
3228
3246
3260
3260
3283
3283
3288
3292
3292
3349
3351
3364
3364
3384
3384
3384
3406
3412
3412
3412
3412
3420
3432
3432
3432
3433
3444
3446
3446
3447
3455
3464
3474
3482
3492
3492
3492
3492
3492
3492
3492
3492
3492
3492
3492
3496
3502
3502
3502
3502
3519
3519
3546
3546
3546
3546
3546
3546
3546
3546
3546
3579
3582
3600
3606
3609
3612
3666
3666
3666
3666
3666
3666
3666
3666
3666
3671
3690
3706
3706
3709
3709
3709
3716
3716
3728
3729
