2
2
2
3
3
3
3
4
4
4
6
6
6
6
7
7
7
7
8
8
8
8
8
8
8
8
9
9
9
9
9
10
10
10
10
10
11
11
11
11
12
12
12
12
12
12
12
12
12
12
12
12
12
13
13
13
13
13
13
14
14
14
14
14
15
15
15
15
16
16
16
16
16
16
17
17
17
17
18
18
18
18
18
18
19
19
19
19
19
19
19
19
19
20
20
20
20
20
20
20
20
21
21
21
22
22
23
23
23
25
25
25
25
25
25
26
26
26
26
26
27
27
27
28
28
28
28
28
28
28
29
29
29
29
30
30
30
30
30
30
30
30
31
31
31
31
32
32
32
32
32
32
32
33
33
33
33
33
34
34
35
35
35
35
35
35
36
37
37
38
38
38
39
39
40
40
41
42
43
43
44
44
45
45
45
46
47
47
48
48
48
49
50
50
50
52
52
52
54
55
55
55
56
57
57
58
58
58
58
58
58
58
59
59
59
59
59
60
60
60
60
60
61
61
61
61
62
63
63
63
64
64
65
65
65
66
66
66
66
66
66
67
67
67
67
68
68
70
70
71
71
71
72
72
73
73
73
73
74
74
74
74
74
74
74
75
75
75
76
76
76
76
76
76
77
77
77
77
78
78
78
78
78
79
79
79
79
80
80
81
81
81
81
81
82
82
83
83
83
83
83
84
84
85
86
86
86
86
87
87
88
88
88
88
88
88
88
89
90
90
90
90
92
92
93
93
93
93
94
94
94
95
95
95
96
96
96
96
96
96
97
97
97
97
97
98
98
99
100
100
101
102
102
102
103
103
103
103
103
103
103
103
104
104
104
105
105
105
105
105
106
106
107
107
107
107
108
108
108
108
108
108
108
109
111
111
111
111
111
112
112
112
113
113
113
114
114
114
114
114
115
115
115
116
116
116
117
117
118
118
118
119
119
119
119
119
119
120
120
120
120
121
121
121
122
122
122
123
124
124
124
125
126
126
127
127
127
127
128
128
129
130
131
132
132
132
132
133
133
134
134
134
135
135
135
135
136
136
136
136
136
136
136
136
136
137
137
137
138
138
138
139
139
139
140
140
140
140
141
141
141
141
142
142
142
143
143
144
144
144
145
145
145
145
145
145
145
145
145
145
146
146
146
146
146
146
147
147
147
147
147
147
147
148
148
148
148
148
149
149
149
149
149
149
149
150
150
150
150
151
151
151
151
151
151
151
152
152
152
152
152
152
152
153
153
153
153
153
153
154
154
154
154
154
155
155
155
155
155
155
155
156
156
156
156
156
156
156
156
157
157
157
157
157
157
157
158
158
158
158
158
159
159
159
159
159
159
159
159
159
159
159
159
159
159
159
159
159
160
160
160
160
160
160
160
160
160
161
161
161
161
161
161
161
161
161
161
161
161
161
161
161
161
162
162
162
162
162
162
162
162
162
162
163
163
163
163
163
163
163
163
163
163
163
163
163
163
163
163
164
164
164
164
164
164
165
165
165
165
165
165
166
166
166
166
166
166
166
166
167
167
167
167
167
167
167
167
167
168
168
168
168
168
169
169
169
169
169
169
169
169
170
170
170
170
170
170
170
170
171
171
171
171
171
172
172
172
172
172
172
172
172
172
172
173
173
173
173
173
173
173
173
173
173
173
173
173
173
174
174
174
174
174
174
175
175
175
175
175
175
175
175
175
175
176
176
176
176
176
176
176
176
176
176
177
177
177
177
177
177
178
178
178
178
178
178
178
178
178
179
179
179
179
179
179
179
179
179
179
179
179
180
180
180
180
180
181
181
181
181
181
181
181
181
181
181
182
182
182
182
182
183
183
183
183
183
183
184
184
184
184
184
184
184
185
185
185
185
185
185
186
186
186
186
186
186
186
187
187
187
187
187
187
187
188
188
188
188
189
189
189
189
189
189
189
189
189
189
189
189
190
190
190
190
190
190
190
190
190
190
191
191
191
191
191
191
191
191
191
192
192
192
192
192
192
192
192
192
193
193
193
193
193
193
193
193
194
195
195
195
195
196
196
196
196
197
197
197
197
197
197
197
197
198
198
198
198
198
198
198
199
199
199
199
200
200
200
200
200
200
200
200
200
200
200
201
201
201
201
202
202
202
202
202
202
203
203
204
204
204
204
204
204
204
205
205
205
205
205
205
205
205
205
206
206
206
207
207
207
207
207
207
207
207
207
207
208
208
208
208
208
208
208
209
209
209
209
209
209
209
209
209
209
210
210
210
210
210
210
210
210
210
211
211
211
211
211
211
211
211
211
211
211
211
211
211
211
212
212
212
212
212
212
212
213
213
213
213
213
213
214
214
214
215
215
215
215
215
215
215
215
215
215
215
215
215
216
216
216
216
216
216
217
217
217
217
217
217
217
217
217
217
217
217
217
218
218
218
218
218
218
218
218
218
218
218
218
219
219
219
219
219
219
219
219
219
219
219
219
219
220
220
220
220
220
220
220
220
220
220
220
221
221
221
221
221
222
222
222
222
222
222
222
222
223
223
223
223
223
223
223
223
223
223
223
224
224
224
224
225
225
225
225
226
226
226
226
226
227
227
227
227
228
228
228
228
229
229
229
229
229
229
229
229
229
229
229
230
230
230
231
231
231
231
231
231
232
232
232
232
233
233
233
233
233
233
233
234
234
234
234
235
235
235
236
236
236
237
237
237
237
237
237
237
237
238
238
238
238
238
238
238
238
238
238
239
240
240
240
240
241
241
241
241
242
242
242
243
244
244
244
245
245
245
245
246
246
246
246
247
248
248
248
248
248
248
249
249
250
250
250
251
251
252
252
252
252
252
252
253
253
253
253
253
253
254
254
254
254
254
255
255
255
256
256
257
257
257
257
257
258
258
258
258
258
259
260
260
260
261
261
262
262
262
262
265
265
266
266
266
267
267
267
268
269
269
270
271
272
273
276
276
277
277
277
278
278
278
278
279
280
281
282
282
282
283
283
283
284
285
286
287
287
287
290
291
291
291
292
292
292
292
296
296
297
299
299
299
299
300
300
302
305
305
307
308
310
310
310
310
311
313
314
314
315
315
316
317
319
319
320
320
321
322
323
324
325
325
325
326
329
329
332
332
333
333
335
336
336
337
337
341
343
343
346
347
349
350
351
353
355
355
356
356
356
357
357
358
359
359
360
362
362
363
363
363
363
364
366
366
366
367
367
367
370
371
372
372
372
374
375
376
376
377
378
379
379
380
380
380
380
381
383
384
384
385
388
391
391
392
392
393
393
393
394
395
395
395
395
397
398
400
400
400
401
401
402
402
402
403
403
405
406
407
407
407
407
408
409
409
410
412
415
417
417
418
419
422
422
422
424
425
427
427
428
429
430
430
430
431
432
432
433
436
436
437
437
437
438
438
438
438
439
439
439
440
441
441
442
443
443
444
445
445
445
446
447
447
448
448
448
449
449
450
450
451
451
451
452
452
452
452
452
454
454
456
460
460
462
463
464
469
472
472
473
475
475
475
478
478
479
480
486
486
487
493
501
505
507
507
541
542
546
548
551
644
706
706
710
711
711
716
717
717
719
720
724
725
727
727
731
731
731
731
732
733
736
742
742
743
746
747
748
749
751
751
751
751
760
763
776
783
792
796
802
809
814
819
820
820
831
838
1028
1048
1050
1053
1054
1059
1061
1063
1067
1072
1074
1077
1080
1081
1083
1084
1084
1087
1088
1092
1092
1097
1117
1117
1118
1118
1119
1119
1124
1124
1126
1126
1127
1127
1129
1130
1143
1143
1144
1151
1155
1156
1157
1161
1161
1161
1163
1187
1423
1423
1424
1430
1431
1432
1433
1434
1435
1435
1437
1437
1439
1442
1443
1443
1444
1444
1444
1444
1444
1445
1445
1445
1445
1446
1446
1447
1448
1448
1449
1449
1451
1455
1456
1464
1468
1469
1469
1469
1470
1470
1470
1472
1473
1473
1473
1474
1474
1474
1474
1474
1476
1476
1477
1477
1477
1477
1477
1477
1477
1478
1478
1478
1478
1478
1479
1479
1479
1480
1480
1480
1480
1480
1481
1481
1481
1483
1483
1483
1483
1483
1483
1484
1484
1485
1485
1485
1489
1490
1490
1491
1491
1491
1492
1493
1494
1495
1495
1497
1500
1500
1500
1502
1502
1502
1503
1503
1504
1506
1507
1510
1512
1513
1516
1519
1519
1519
1519
1519
1519
1521
1523
1524
1524
1524
1525
1525
1529
1529
1531
1533
1546
1549
1549
1562
1562
1569
1571
1571
1571
1578
1579
1581
1583
1587
1588
1590
1594
1596
1597
1599
1600
1603
1604
1604
1605
1605
1606
1612
1615
1617
1619
1623
1624
1628
1628
1629
1629
1629
1631
1631
1633
1637
1637
1640
1640
1643
1644
1645
1645
1649
1650
1650
1650
1652
1653
1653
1655
1656
1658
1659
1660
1667
1667
1669
1669
1671
1675
1679
1688
1688
1690
1690
1690
1690
1690
1690
1691
1691
1699
1700
1709
1710
1711
1711
1712
1715
1715
1717
1720
1721
1721
1721
1722
1724
1725
1730
1733
1733
1734
1735
1737
1738
1739
1750
1765
1769
1770
1772
1775
1778
1781
1786
1808
1808
1814
1821
1828
1838
1858
1865
1937
1968
1991
2000
2010
2012
2014
2158
2160
2167
2173
2235
2235
2235
2235
2238
2238
2238
2238
2238
2238
2238
2238
2238
2313
2313
2318
2318
2345
2346
2600
2603
2927
2928
2932
2935
2936
2937
2941
2946
2955
2961
2963
2963
2969
2970
2971
2972
2972
2974
2978
2978
2982
2983
2985
2991
2992
2994
3000
3002
3004
3018
3019
3019
3021
3023
3023
3024
3028
3030
3031
3031
3036
3040
3048
3049
3053
3066
3087
3089
3094
3094
3096
3099
3101
3101
3102
3102
3106
3106
3108
3108
3109
3110
3112
3112
3113
3113
3114
3115
3115
3115
3116
3116
3117
3122
3124
3125
3126
3127
3127
3128
3132
3134
3134
3144
3146
3146
3165
3182
3192
3206
3208
3212
3218
3218
3225
3230
3231
3233
3237
3241
3245
3252
3252
3299
3478
3478
3782
3782
3789
3790
3794
3847
3852
3856
3856
3858
3858
3859
3859
3863
3867
3868
4050
4062
4067
4067
4068
4072
4074
4074
4083
4098
4100
4104
4106
4205
4205
4221
4237
4239
4240
4241
4243
4245
4245
4250
4255
4255
4275
4324
4324
4325
4326
4333
4465
4467
4468
4468
4469
4470
4470
4474
4475
4476
4476
4477
4477
4478
4478
4481
4481
4482
4483
4485
4487
4487
4487
4487
4488
4489
4490
4490
4491
4496
4502
4504
4508
4515
4525
4533
4535
4536
4538
4541
4542
4542
4544
4544
4545
4545
4548
4548
4553
4554
4556
4558
4559
4559
4561
4562
4569
4570
4571
4572
4576
4576
4576
4576
4576
4577
4577
4578
4579
4579
4579
4582
4582
4582
4584
4585
4585
4585
4586
4586
4586
4587
4587
4588
4588
4589
4589
4589
4590
4593
4594
4601
4610
4624
4634
4637
4639
4640
4642
4642
4645
4646
4647
4649
4649
4649
4653
4654
4654
4658
4659
4660
4661
4661
4661
4662
4662
4662
4663
4664
4664
4664
4666
4667
4668
4668
4669
4670
4670
4672
4672
4674
4674
4674
4675
4676
4679
4682
4682
4682
4684
4684
4684
4684
4686
4686
4688
4688
4689
4689
4691
4692
4693
4695
4695
4695
4697
4700
4707
4712
4713
4713
4718
4720
4720
4721
4722
4723
4728
4761
4762
4763
4771
4772
4785
4980
4986
4988
4989
4990
4998
5000
5000
5004
5004
5007
5012
5012
5014
5031
5032
5046
5123
5242
5247
5248
5252
5266
5266
5266
5267
5269
5273
5276
5276
5276
5278
5280
5282
5283
5284
5284
5284
5285
5290
5290
5290
5294
5295
5298
5302
5302
5302
5307
5308
5313
5313
5313
5315
5320
5320
5327
5327
5327
5328
5328
5328
5329
5330
5330
5333
5333
5333
5333
5333
5337
5338
5340
5341
5342
5342
5344
5345
5345
5345
5345
5347
5349
5350
5350
5351
5351
5352
5352
5352
5353
5353
5354
5357
5358
5358
5359
5361
5364
5366
5371
5375
5375
5376
5385
5385
5385
5385
5453
5454
5457
5457
5457
5457
5457
5457
5458
5458
5458
5461
5478
5478
5478
5478
5478
5478
5478
5478
5481
5481
5481
5481
5481
5481
5481
5483
5487
5487
5487
5487
5487
5487
5491
5491
5491
5491
5493
5493
5493
5493
5493
5502
5502
5506
5506
5506
5506
5506
5506
5506
5506
5506
5506
5549
5561
5561
5561
5673
5673
5674
5675
5675
5679
5680
5683
5684
5687
5691
5691
5691
5691
5691
5691
5691
5691
