2
2
3
3
3
3
3
4
4
5
5
5
5
6
6
7
7
7
7
7
7
7
7
7
8
8
8
8
8
8
8
8
9
9
9
9
9
9
9
9
10
10
10
10
10
10
11
11
11
11
11
11
12
12
12
12
12
12
12
13
13
13
13
13
13
13
13
13
13
13
13
13
13
13
13
14
14
14
14
14
14
14
15
15
15
15
15
15
15
15
15
15
15
16
16
16
16
16
17
17
17
17
17
17
18
18
18
18
18
18
18
19
19
19
20
21
21
21
21
21
21
21
21
22
22
22
22
22
23
23
23
24
24
24
25
25
25
26
26
26
26
26
27
27
27
27
27
28
28
28
28
28
28
29
29
29
29
30
30
30
30
31
31
31
31
32
32
32
33
33
33
33
34
34
34
34
35
35
35
36
36
37
37
38
38
38
39
39
40
40
41
41
41
41
41
42
42
42
43
43
43
43
43
43
43
43
43
44
44
44
44
45
45
46
46
47
49
49
49
49
49
50
50
50
51
52
53
53
53
53
53
54
54
54
55
55
55
56
56
56
56
57
57
57
58
58
58
58
58
59
59
59
59
59
59
59
59
59
59
59
59
60
60
60
60
60
61
61
61
61
62
62
62
62
63
63
63
63
63
63
63
63
64
64
65
65
65
66
66
66
66
66
66
67
67
67
67
67
67
68
68
68
68
68
70
71
71
71
71
71
71
71
71
72
73
73
73
73
74
74
74
74
75
75
75
75
76
76
76
76
77
77
77
77
78
78
79
79
80
80
80
80
80
80
81
81
81
82
82
82
82
82
83
83
83
83
83
83
84
84
84
84
85
85
85
85
85
85
85
86
86
86
86
86
86
87
87
88
88
88
88
88
89
89
89
89
91
91
91
92
92
92
92
92
92
92
92
93
93
93
93
93
94
94
94
94
94
95
95
95
96
97
97
97
98
98
98
98
99
99
100
100
100
100
101
102
102
103
104
105
105
105
105
106
107
107
108
108
109
109
110
110
110
110
110
111
111
112
112
112
113
113
114
115
115
115
116
116
116
116
117
117
117
117
117
117
117
118
118
118
118
119
119
119
119
119
120
120
121
121
123
123
123
123
123
123
123
124
124
125
126
127
127
127
127
127
128
128
128
128
128
128
128
128
129
129
129
129
130
130
130
130
131
132
132
132
133
133
133
133
134
134
134
135
135
135
136
136
136
137
137
137
137
137
138
138
138
138
139
139
139
140
140
141
141
141
142
142
143
144
144
144
144
144
144
145
145
145
146
146
146
147
148
148
149
150
150
151
151
152
152
152
153
154
154
154
154
155
155
155
155
155
155
155
155
155
155
156
156
156
156
156
156
156
156
156
157
157
157
157
157
157
157
157
157
157
158
158
158
158
158
158
159
159
159
159
159
160
160
160
161
161
162
162
162
162
163
163
163
164
164
164
164
164
164
165
165
166
166
166
166
166
166
167
167
167
167
168
168
168
168
169
169
169
169
169
169
170
170
170
170
171
171
171
171
172
172
172
172
173
173
173
173
173
174
174
174
174
174
174
175
175
175
175
176
176
176
176
176
176
176
176
177
177
177
177
177
177
177
177
177
177
177
177
177
177
177
178
178
178
178
178
178
178
178
179
179
179
179
179
179
179
179
179
179
179
179
179
180
180
180
180
180
180
180
180
180
181
181
181
181
181
182
182
182
182
182
182
182
182
182
182
182
182
183
183
183
183
184
184
184
184
184
184
184
185
185
185
185
185
185
185
185
185
185
186
186
186
186
186
186
186
186
187
187
187
188
188
188
188
189
189
189
189
189
189
190
190
190
190
190
190
191
191
191
191
191
191
191
191
192
192
193
193
193
194
194
194
194
194
194
195
195
195
195
196
196
196
196
197
197
197
197
197
197
198
198
198
198
198
198
198
198
198
198
198
198
198
199
199
199
199
199
199
199
199
199
199
200
200
200
200
200
200
200
200
200
201
201
201
201
201
201
201
201
201
201
201
201
201
201
201
201
202
202
202
202
202
202
202
203
203
203
203
203
203
203
203
203
203
203
203
204
204
204
204
204
204
205
205
205
205
205
205
205
205
205
206
206
206
206
206
206
206
206
206
206
206
206
206
207
207
207
207
207
207
207
207
207
207
208
208
208
208
208
208
208
208
209
209
209
210
210
210
210
210
210
210
211
211
211
211
211
211
212
212
212
212
212
212
213
213
213
213
213
213
213
213
214
214
214
214
214
214
214
214
215
215
215
215
215
215
215
216
216
216
217
217
217
217
218
218
218
219
219
219
219
219
219
220
220
220
220
221
221
221
221
221
221
221
221
221
221
222
222
222
223
223
223
223
223
224
224
224
224
224
224
225
226
226
227
227
227
227
227
228
228
228
228
229
229
229
229
229
230
230
230
230
231
231
232
233
233
233
233
233
233
233
233
233
233
234
234
234
234
234
234
235
235
236
236
236
236
236
237
237
237
237
237
237
237
237
237
237
238
238
238
238
238
238
238
238
238
238
238
238
238
239
239
239
239
239
239
239
239
239
240
240
240
240
240
240
240
240
240
241
241
241
241
241
242
242
242
242
242
243
243
243
243
244
244
244
244
244
244
245
245
245
245
245
245
245
245
245
245
245
246
246
246
246
246
246
246
247
247
247
247
247
247
247
247
247
247
248
248
248
248
248
249
249
249
249
249
249
249
249
249
250
250
250
250
250
250
250
251
251
251
251
251
251
251
251
252
252
252
252
252
252
252
252
253
253
253
253
253
253
253
253
253
253
254
254
255
255
255
255
255
255
256
256
256
256
256
257
257
257
257
257
257
257
258
258
258
259
259
259
259
260
260
260
260
260
260
261
261
261
261
261
261
262
262
262
262
262
263
264
264
264
265
265
265
265
266
266
266
267
267
267
267
267
267
268
268
268
268
268
268
269
269
269
270
270
271
271
271
271
272
272
272
272
273
274
274
275
275
275
275
276
276
276
277
277
277
277
277
277
277
277
278
279
279
279
279
279
279
280
280
280
280
281
281
281
281
282
282
282
282
282
283
283
283
283
283
284
284
284
284
284
284
284
285
285
285
285
286
286
286
287
287
288
288
289
289
289
290
290
290
290
291
291
291
291
291
291
291
291
291
292
292
292
293
295
295
295
295
296
296
297
297
297
297
297
298
298
301
303
303
304
304
305
305
306
306
308
310
315
316
318
319
319
320
321
321
333
336
336
336
337
338
341
342
342
342
347
349
350
350
357
358
358
358
359
359
360
360
362
363
363
363
363
365
365
366
367
368
368
368
369
369
371
371
372
374
374
375
376
380
383
383
384
385
386
388
391
394
394
397
400
400
400
401
401
402
402
404
404
406
407
408
412
413
413
416
417
418
420
420
424
424
424
432
435
436
438
438
439
440
441
442
443
443
444
447
447
450
451
451
451
451
453
453
454
457
457
458
459
460
463
463
465
468
468
468
471
473
474
475
476
476
481
481
486
489
492
495
495
501
506
507
534
714
715
716
716
718
720
729
730
730
743
747
747
748
753
757
757
761
763
769
772
772
775
775
781
786
798
829
1127
1162
1166
1167
1170
1174
1176
1187
1190
1190
1191
1270
1283
1286
1335
1337
1338
1350
1379
1394
1416
1422
1426
1435
1435
1435
1436
1437
1437
1437
1437
1439
1439
1441
1442
1442
1443
1443
1443
1445
1445
1446
1446
1446
1447
1447
1447
1448
1448
1448
1448
1448
1450
1450
1451
1452
1453
1453
1453
1453
1454
1454
1454
1456
1456
1457
1457
1458
1458
1458
1459
1459
1459
1459
1459
1460
1460
1460
1460
1461
1461
1461
1461
1461
1461
1461
1462
1462
1462
1462
1462
1462
1462
1463
1463
1463
1463
1463
1463
1464
1464
1464
1464
1464
1465
1466
1466
1466
1466
1466
1467
1468
1468
1468
1469
1470
1470
1470
1471
1471
1471
1471
1472
1472
1472
1472
1473
1474
1475
1475
1477
1477
1477
1477
1478
1479
1480
1480
1481
1482
1486
1487
1489
1490
1490
1491
1491
1492
1493
1495
1496
1496
1498
1498
1499
1499
1501
1504
1505
1507
1507
1507
1508
1509
1513
1516
1516
1517
1519
1519
1519
1526
1528
1537
1538
1540
1540
1540
1541
1545
1547
1550
1551
1553
1554
1555
1556
1557
1560
1561
1561
1562
1562
1563
1563
1564
1564
1565
1566
1567
1568
1568
1569
1572
1572
1572
1573
1577
1578
1578
1578
1578
1578
1578
1579
1580
1581
1581
1581
1582
1582
1583
1584
1585
1586
1587
1587
1588
1588
1590
1591
1592
1592
1593
1594
1595
1596
1599
1600
1601
1601
1601
1602
1603
1605
1605
1605
1605
1605
1606
1606
1607
1607
1607
1607
1608
1609
1610
1611
1614
1614
1614
1614
1615
1616
1617
1617
1617
1618
1619
1619
1620
1622
1622
1623
1623
1625
1626
1627
1627
1628
1628
1628
1629
1630
1630
1631
1631
1632
1633
1634
1635
1635
1635
1636
1636
1637
1639
1639
1640
1641
1642
1642
1644
1646
1647
1648
1650
1651
1653
1661
1666
1666
1667
1672
1675
1675
1677
1677
1679
1679
1683
1689
1692
1692
1693
1693
1693
1695
1706
1719
1731
1731
1733
1742
1743
1744
1748
1749
1750
1750
1750
1750
1752
1753
1759
1771
1786
1786
1788
1789
1799
1799
1806
1819
1819
1820
1821
1821
1846
1979
1984
1986
1989
1993
2015
2032
2359
2372
2384
2384
2386
2386
2389
2389
2392
2392
2392
2392
2392
2393
2393
2405
2594
2597
2597
2597
2598
2598
2599
2600
2603
2611
2611
2612
2614
2754
2765
2767
2798
2800
2802
2806
2811
2812
2817
2817
2818
2843
2847
2859
2859
2863
2893
2902
2904
2911
2923
2963
2968
2976
2977
2977
2977
2980
2981
2984
2985
3046
3064
3068
3078
3080
3081
3081
3087
3090
3091
3115
3116
3122
3134
3137
3141
3166
3167
3167
3243
3244
3248
3250
3344
3364
3365
3366
3375
3378
3379
3410
3695
3697
3703
3706
3707
3711
3712
3715
3716
3717
3717
3717
3717
3717
3720
3720
3721
3721
3722
3724
3725
3726
3729
3857
3857
3863
3865
3866
3873
3873
3873
3874
3884
3884
3891
3896
3896
3898
3900
3900
3900
3901
3902
3903
3904
3905
3909
3910
3914
3916
3917
3919
3920
3921
3921
3924
3927
4196
4200
4200
4202
4204
4208
4215
4221
4225
4226
4226
4226
4226
4227
4227
4227
4229
4230
4230
4231
4231
4232
4233
4235
4237
4238
4239
4239
4240
4242
4248
4249
4252
4253
4255
4257
4259
4260
4264
4268
4268
4269
4271
4271
4272
4272
4272
4273
4273
4274
4274
4278
4278
4282
4282
4341
4531
4568
4570
4570
4570
4571
4571
4573
4573
4577
4578
4581
4583
4584
4594
4594
4597
4597
4597
4597
4598
4600
4608
4608
4609
4611
4613
4613
4616
4619
4620
4632
4636
4636
4641
4650
4679
4714
4721
4729
4731
4732
4733
4734
4734
4738
4739
4828
4844
4845
4845
4848
4849
4877
4880
4886
4899
4902
4902
4909
4909
4911
4911
4914
5222
5228
5229
5229
5231
5232
5235
5235
5239
5240
5242
5245
5248
5253
5255
5260
5260
5263
5263
5270
5270
5271
5271
5275
5279
5281
5282
5282
5283
5283
5284
5284
5285
5285
5286
5288
5289
5290
5293
5295
5299
5304
5307
5307
5307
5308
5309
5325
5333
5337
5357
5364
5378
5378
5395
5398
5399
5406
5406
5407
5408
5409
5418
5418
5420
5421
5433
5434
5444
5622
5625
5625
5625
5626
5631
5635
5636
5636
5638
5639
5644
5647
5667
5677
5678
5679
5679
5679
5679
5680
5680
5682
5683
5683
5683
5683
5683
5683
5686
5686
5686
5686
5686
5686
5686
5691
5691
5692
5693
5694
5694
5697
5698
5698
5699
5699
5699
5700
5702
5705
5705
5708
5709
5709
5712
5713
5715
5716
5716
5716
5716
5716
5716
5716
5716
5719
5724
5732
5732
5733
5734
5734
5735
5736
5738
5740
5752
5770
5772
5815
5850
5853
5853
5853
5853
5856
5861
5861
5861
5866
5869
5873
5875
5875
5875
5876
5876
5876
5876
5881
5909
5909
5917
5921
5921
5925
5925
5935
5935
5937
5937
5952
5952
6079
6096
6098
6103
6278
6279
6284
6284
6284
6284
6284
6284
6287
6287
6288
6289
6295
6300
6305
6307
6307
6309
6309
6309
6309
6309
6309
6309
6310
6310
6311
6313
6315
6316
6316
6316
6320
6320
6320
6321
6322
6323
6323
6323
6327
6335
6342
6343
6345
6345
6345
6345
6345
6345
6346
6347
6348
