2
2
2
2
3
3
3
4
4
5
5
8
9
9
9
9
9
9
10
10
10
10
10
10
10
10
11
11
11
11
11
11
11
11
11
11
11
11
11
12
12
12
12
12
12
12
12
12
12
12
12
12
12
13
13
13
13
13
13
13
13
13
13
13
13
14
14
15
15
15
15
16
17
17
17
18
18
18
18
18
18
18
19
19
19
20
20
21
21
22
22
22
22
23
23
23
23
23
23
23
23
24
24
24
24
24
24
24
24
24
24
24
24
24
27
28
28
28
29
29
29
29
30
30
30
31
31
32
32
32
32
32
32
33
33
33
33
34
34
34
34
36
37
37
37
37
38
39
40
40
40
40
41
42
42
42
42
42
42
43
44
45
45
45
45
45
45
45
46
46
47
47
47
47
47
47
48
48
49
49
49
49
50
50
51
52
52
52
53
55
55
55
55
55
55
55
55
56
57
57
58
58
59
59
59
59
60
60
60
60
61
62
62
62
62
63
63
63
63
64
64
65
65
66
67
67
67
67
67
67
68
68
69
69
69
69
69
70
70
71
72
72
72
73
74
74
74
74
74
74
75
76
76
77
79
79
81
82
83
83
84
84
85
86
88
90
90
90
90
91
94
94
94
97
97
97
99
100
100
103
103
103
105
105
106
107
107
108
109
109
110
110
110
111
111
112
112
112
113
113
114
114
114
115
116
116
117
117
118
118
119
119
119
120
121
121
121
121
123
123
124
124
124
124
125
125
125
126
126
126
126
126
127
128
129
129
130
131
131
131
131
131
133
135
135
137
137
137
137
139
141
141
141
141
142
143
143
143
146
146
147
147
148
148
149
149
149
149
149
150
150
150
150
151
151
151
151
152
152
152
152
152
153
153
153
154
155
155
156
156
156
156
157
157
157
158
158
158
158
158
160
162
162
163
163
163
165
165
166
167
169
171
171
171
172
173
175
175
176
176
177
177
177
178
180
180
183
184
186
187
188
188
189
189
189
189
189
191
191
191
193
193
194
195
195
195
195
196
196
198
198
198
198
198
199
199
199
202
202
202
202
202
202
203
203
205
205
205
206
210
211
212
212
212
213
213
214
215
215
215
215
216
216
216
216
217
217
218
218
220
220
220
221
221
221
221
221
223
223
223
224
225
225
226
227
227
227
227
228
229
229
229
230
230
230
230
230
230
230
230
231
231
231
231
231
232
232
232
232
232
233
233
234
235
235
235
235
236
236
238
240
241
243
243
244
244
244
245
245
247
247
248
249
250
250
251
251
251
251
251
252
252
252
253
253
253
253
253
255
256
256
256
259
259
259
259
259
259
259
259
260
260
260
260
261
261
262
262
262
262
263
263
263
263
263
264
264
264
264
264
264
265
266
267
267
268
268
268
268
269
269
269
272
272
273
273
274
274
279
280
282
283
286
289
290
290
297
300
301
303
303
305
307
307
307
307
307
308
308
309
309
309
311
312
313
313
315
318
320
321
322
323
323
323
324
325
326
336
339
339
342
343
344
344
345
357
357
359
360
361
361
361
362
363
363
365
365
365
365
367
368
368
369
370
373
373
375
376
378
378
381
390
390
391
393
396
396
396
396
397
399
407
409
410
413
413
413
416
417
418
421
422
422
425
425
428
428
435
453
454
454
455
455
456
456
456
456
457
457
458
464
465
465
465
465
465
466
466
466
467
468
468
469
469
472
473
488
490
491
492
497
498
505
507
509
510
515
517
518
518
518
519
519
519
520
521
521
521
521
521
521
521
521
522
522
526
526
526
527
527
527
528
529
530
530
530
530
531
532
533
534
534
534
535
535
535
536
537
537
538
538
539
539
540
540
541
543
544
545
547
550
551
551
551
552
553
553
554
556
557
557
558
559
561
562
563
564
564
565
565
567
568
570
571
571
571
571
572
572
572
572
573
573
574
574
575
576
576
580
580
580
582
583
583
583
583
584
585
587
588
589
591
593
593
593
593
593
594
594
594
594
594
595
595
596
596
596
596
597
597
597
598
598
600
600
600
600
601
602
602
604
607
607
607
609
610
611
614
614
615
616
617
617
618
618
618
619
619
619
619
619
622
625
628
628
629
630
630
630
632
633
639
639
639
639
640
644
645
651
652
652
652
652
653
674
675
676
677
679
684
684
684
685
689
689
690
692
694
694
701
707
708
725
731
736
738
742
743
743
743
746
747
748
748
751
754
762
762
782
782
805
806
812
822
831
834
838
842
848
856
858
865
869
874
875
876
876
876
879
891
891
892
894
895
895
906
907
911
917
919
920
921
924
933
934
934
941
954
954
970
974
986
987
987
988
988
993
995
1001
1001
1002
1003
1003
1005
1006
1006
1006
1007
1007
1008
1011
1011
1016
1016
1025
1027
1027
1028
1029
1033
1034
1035
1035
1035
1037
1038
1039
1041
1043
1045
1046
1047
1048
1049
1050
1051
1051
1052
1052
1053
1054
1056
1058
1061
1061
1064
1064
1068
1069
1074
1075
1076
1077
1078
1085
1092
1097
1102
1102
1103
1103
1103
1104
1105
1115
1122
1122
1122
1123
1124
1127
1130
1131
1159
1176
1176
1184
1188
1191
1193
1196
1198
1202
1204
1246
1254
1270
1278
1296
1297
1323
1325
1326
1340
1342
1348
1350
1353
1361
1365
1365
1368
1369
1370
1370
1378
1379
1380
1380
1381
1381
1391
1391
1392
1392
1392
1392
1392
1392
1398
1398
1399
1399
1400
1400
1400
1401
1405
1411
1413
1421
1426
1432
1437
1437
1437
1438
1438
1439
1439
1440
1440
1441
1441
1442
1442
1444
1446
1447
1447
1449
1449
1450
1454
1455
1457
1459
1460
1462
1463
1464
1468
1469
1469
1470
1470
1473
1475
1478
1479
1480
1480
1480
1480
1481
1481
1481
1483
1486
1488
1493
1497
1498
1498
1499
1500
1505
1506
1508
1510
1511
1513
1513
1513
1515
1516
1516
1517
1517
1518
1518
1518
1519
1520
1520
1520
1520
1521
1521
1522
1523
1524
1524
1524
1525
1526
1531
1532
1534
1534
1536
1537
1539
1539
1540
1541
1543
1543
1546
1546
1546
1547
1548
1549
1549
1552
1553
1554
1555
1559
1561
1561
1561
1561
1562
1562
1562
1562
1562
1563
1563
1564
1565
1571
1572
1575
1576
1584
1584
1587
1588
1592
1592
1597
1598
1600
1605
1605
1605
1609
1609
1610
1610
1610
1611
1612
1612
1612
1612
1612
1613
1615
1616
1617
1618
1618
1619
1619
1619
1619
1622
1623
1624
1624
1624
1626
1626
1626
1627
1627
1627
1629
1629
1629
1629
1630
1630
1635
1637
1639
1641
1642
1642
1645
1646
1650
1650
1650
1651
1651
1653
1653
1654
1655
1659
1660
1661
1661
1663
1668
1669
1670
1671
1671
1671
1672
1672
1674
1675
1676
1677
1678
1680
1680
1682
1682
1690
1691
1694
1694
1694
1704
1705
1706
1706
1708
1708
1711
1722
1724
1724
1724
1726
1729
1732
1732
1747
1749
1753
1769
1789
1789
1794
1794
1795
1795
1797
1797
1797
1797
1801
1822
1826
1827
1827
1827
1830
1830
1831
1832
1840
1841
1854
1856
1857
1869
1869
1870
1915
1915
1916
1917
1917
1919
1920
1932
1935
1936
1943
1944
1948
1949
1949
1949
1949
1951
1954
1958
1959
1961
1962
1964
1964
1964
1965
1965
1965
1966
1971
1972
1973
1987
1987
1988
1992
2000
2000
2008
2010
2011
2011
2014
2019
2019
2021
2025
2027
2034
2035
2038
2038
2040
2046
2051
2052
2053
2054
2054
2063
2064
2065
2066
2068
2069
2076
2079
2088
2089
2089
2089
2089
2089
2089
2089
2089
2092
2093
2096
2098
2098
2101
2103
2104
2118
2121
2123
2129
2158
2166
2166
2168
2171
2173
2176
2180
2181
2187
2195
2203
2208
2208
2209
2210
2211
2222
2284
2315
2320
2324
2343
2343
2352
2386
2389
2408
2411
2413
2428
2429
2429
2430
2437
2438
2448
2464
2499
2505
2506
2513
2516
2517
2517
2517
2517
2518
2521
2765
2774
2878
2883
2922
2924
2966
2966
2969
2981
2981
2981
2981
2982
2982
2982
2984
2987
2989
2989
2989
2989
2990
2993
2994
2995
2995
2996
2996
2997
2997
2998
2999
2999
2999
3000
3000
3000
3001
3001
3002
3002
3003
3003
3007
3007
3009
3010
3010
3011
3011
3011
3011
3012
3012
3013
3015
3015
3018
3018
3018
3018
3019
3019
3019
3020
3023
3026
3028
3029
3033
3034
3034
3037
3038
3041
3043
3044
3048
3049
3050
3050
3051
3053
3054
3058
3060
3060
3062
3077
3078
3088
3088
3089
3089
3089
3099
3101
3110
3110
3110
3111
3111
3112
3112
3113
3113
3125
3125
3126
3128
3131
3135
3135
3135
3136
3137
3138
3141
3145
3145
3145
3146
3147
3147
3148
3149
3149
3152
3152
3154
3154
3154
3154
3156
3157
3158
3158
3159
3159
3163
3163
3163
3163
3163
3165
3165
3165
3168
3170
3170
3171
3174
3174
3174
3175
3175
3175
3177
3180
3181
3181
3182
3184
3185
3187
3187
3188
3192
3193
3195
3195
3195
3195
3195
3196
3197
3197
3200
3201
3206
3206
3207
3208
3208
3208
3208
3209
3209
3209
3209
3209
3209
3210
3210
3210
3210
3211
3211
3219
3222
3222
3222
3223
3223
3224
3224
3228
3229
3230
3231
3234
3235
3237
3237
3239
3239
3241
3241
3242
3242
3243
3244
3247
3247
3248
3248
3255
3257
3257
3260
3263
3267
3271
3271
3273
3274
3279
3280
3280
3288
3294
3317
3317
3321
3321
3322
3322
3323
3344
3349
3353
3356
3365
3373
3379
3423
3438
3441
3444
3445
3445
3446
3446
3447
3448
3493
3494
3508
3514
3518
3520
3542
3543
3546
3553
3558
3569
3571
3572
3572
3573
3573
3575
3603
3623
3627
3627
3637
3670
3672
3675
3688
3690
3699
3699
3700
3704
3705
3706
3714
3727
3738
3739
3744
3746
3751
3827
3917
3944
3999
4001
4003
4003
4006
4011
4012
4020
4066
4081
4082
4086
4120
4138
4148
4151
4153
4154
4298
4298
4298
4298
4298
4299
4299
4300
4337
4352
4355
4400
4405
4414
4414
4415
4439
4441
4442
4442
4446
4463
4463
4472
4474
4478
4490
4490
4490
4491
4494
4496
4499
4501
4502
4503
4513
4513
4517
4526
4526
4526
4527
4527
4527
4527
4527
4532
4532
4532
4532
4533
4533
4539
4547
4547
4550
4550
4551
4552
4564
4565
4567
4568
4577
4578
4610
4611
4614
4614
4614
4615
4618
4619
4624
4624
4626
4634
4635
4637
4638
4643
4643
4643
4649
4650
4650
4650
4660
4663
4663
4663
4663
4663
4664
4664
4664
4666
4666
4667
4668
4668
4675
4678
4688
4688
4688
4690
4691
4693
4693
4693
4694
4694
4694
4695
4695
4697
4699
4699
4701
4701
4701
4701
4702
4702
4702
4702
4702
4708
4715
4726
4727
4729
4729
4747
4763
4763
4768
4769
4769
4769
4781
4789
4791
4795
4797
4807
4810
4817
4818
4818
4818
4819
4820
4822
4824
4831
4832
4832
4832
4834
4835
4835
4835
4845
4862
4868
4869
4869
4872
4873
4882
4895
4897
4898
4933
4933
4939
4940
4947
4947
4949
4957
4978
4987
4995
4997
4999
4999
4999
5000
5008
5013
5013
5020
5024
5025
5061
5065
5065
5066
5066
5067
5098
5112
5112
5123
5137
5154
5157
5157
5168
5178
5183
5184
5184
5184
5231
5237
5238
5261
5261
5262
5264
5265
5266
5278
5282
5290
5337
5350
5463
5477
5540
5554
5566
5598
5603
5653
5656
5678
5704
5717
5748
5750
5750
5751
5757
5758
5760
5809
5824
5825
5833
5872
5882
5882
5884
5884
5885
5886
5887
5888
5891
5899
5901
5904
5910
5910
5912
5912
5912
5912
5913
5913
5913
5914
5914
5915
5915
5915
5917
5920
5920
5920
5922
5922
5942
6024
6024
6024
6026
6034
6034
6038
6087
6087
6088
6095
6121
6123
6125
6128
6132
6134
6136
6150
6151
6154
6155
6160
6166
6168
6170
6173
6174
6175
6179
6180
6181
6184
6184
6186
6187
6189
6189
6190
6190
6192
6193
6193
6198
6207
6210
6211
6212
6214
6215
6217
6217
6219
6221
6223
6235
6240
6247
6274
6274
6275
6277
6284
6288
6294
6301
6301
6304
6305
6314
6315
6320
6321
6322
6336
6336
6336
6338
6349
6349
6397
6407
6410
6421
6421
6439
6445
6448
6454
6463
6474
6489
6503
6536
6559
6560
6560
6561
6563
6565
6566
6567
6567
6567
6568
6568
6569
6572
6572
6582
6583
6596
6599
6600
6601
6601
6621
6706
6708
6709
6711
6712
6712
6713
6713
6715
6715
6716
6727
6727
6727
6727
6728
6738
6749
6753
6757
6758
6774
6776
6782
6789
6790
6795
6796
6800
6816
6819
6823
6823
6823
6824
6840
6863
6961
6962
7064
7069
7070
7070
7070
7083
7084
7095
7098
7098
7098
7098
7098
7098
7098
7098
7099
7102
7102
7102
7104
7104
7104
7109
7124
7129
7129
7129
7133
7143
7153
7299
7434
7435
7488
7509
7531
7533
7537
7545
7554
7557
7562
7567
7572
7572
7578
7606
7618
7618
7618
7620
7642
7643
7646
7647
7648
7650
7653
7655
7656
7665
7669
7673
7673
7673
7674
7674
7679
7680
7681
7681
7681
7681
7681
7681
7694
7705
7706
7706
7709
7710
7728
7796
7826
7840
7854
7854
7925
7925
7930
7930
7930
7931
7932
7934
7953
7966
7988
7989
7993
7994
7995
7997
8007
8007
8007
8007
8010
8011
8015
8057
8058
8058
8058
8058
8070
8103
8105
8107
8114
8148
8148
8151
8157
8173
8173
8173
8189
8189
8189
8206
8218
8222
8222
8222
8223
8223
8229
8307
8308
8356
8375
8375
8433
8433
8452
8457
8457
8457
8457
8457
8461
8461
8461
8461
8461
8461
8461
8487
8488
8489
8513
8514
8514
8516
8516
8523
8524
8524
8524
8524
8572
8681
8767
8767
8772
8772
8774
8947
8947
8947
8948
8976
8989
8989
8989
8989
8989
8989
8989
8998
9014
9018
9069
9077
9081
9083
9088
9093
9100
9100
9139
9140
9141
9143
9168
9171
