2
2
3
3
3
3
4
4
4
5
5
6
6
6
6
7
7
7
7
7
7
8
8
8
8
9
9
9
9
9
9
9
9
9
9
9
10
10
10
10
10
10
10
10
10
10
10
10
10
10
10
11
11
11
11
12
12
12
12
12
12
12
13
13
13
13
13
13
13
13
13
14
14
14
14
15
15
15
15
15
15
15
15
15
15
15
16
16
16
16
16
16
16
16
16
17
17
18
18
18
19
19
20
20
20
20
20
21
21
21
21
21
22
22
22
22
22
22
22
23
24
24
24
24
24
24
25
25
25
25
26
26
26
26
26
26
26
26
26
27
27
27
27
27
27
27
27
27
27
28
28
28
28
28
29
29
29
29
29
29
30
30
30
30
31
31
31
32
32
32
32
33
33
33
33
33
33
34
34
35
35
35
35
35
36
36
36
37
37
37
37
37
37
37
38
38
39
39
39
39
39
40
40
40
41
41
41
41
41
42
42
42
42
42
43
43
43
45
45
45
46
46
46
46
46
47
47
47
47
47
47
47
47
48
48
49
49
49
50
50
50
50
50
50
50
50
50
51
51
51
51
51
51
51
52
52
52
52
52
52
53
53
53
53
53
54
54
54
54
55
55
55
55
55
55
56
56
56
56
56
56
56
56
57
57
57
57
57
57
57
58
58
58
58
58
59
59
59
59
59
60
60
60
60
60
60
60
60
60
60
60
60
61
61
61
61
61
61
61
62
62
62
62
62
62
63
63
63
63
64
64
64
64
64
64
64
64
64
64
64
64
64
64
64
64
64
65
65
65
65
65
65
65
65
66
66
66
66
66
66
66
67
67
67
67
67
67
68
68
68
68
68
68
68
68
69
69
69
69
69
70
70
70
70
71
71
71
71
71
72
72
72
72
72
72
73
73
73
74
74
74
74
74
74
74
75
75
75
75
75
75
75
76
76
76
77
77
77
78
78
78
78
79
79
79
79
79
79
79
79
80
80
80
80
80
80
80
81
81
81
81
81
81
82
82
82
83
83
83
83
83
83
83
83
84
84
84
84
85
85
85
85
85
85
85
85
85
85
85
86
86
87
87
87
87
87
88
88
88
88
88
89
89
90
90
90
90
90
90
91
91
91
92
92
92
92
93
93
93
93
93
93
93
93
94
94
95
95
95
95
95
95
95
96
96
96
96
96
96
96
96
96
96
97
97
97
98
98
98
98
98
98
99
99
99
99
99
99
99
99
99
99
99
100
100
100
100
100
100
101
101
101
101
101
101
101
101
101
101
101
101
102
102
102
102
102
102
102
102
102
103
103
104
104
104
104
104
105
105
105
105
106
106
106
106
106
106
106
106
107
107
107
107
107
107
108
108
108
108
108
109
109
109
109
110
111
111
111
112
112
113
113
113
113
113
113
113
114
114
114
114
114
114
115
115
115
115
115
116
116
117
118
118
119
119
120
120
120
120
121
121
121
121
121
121
121
121
122
122
122
122
122
123
123
123
123
123
123
124
124
124
124
124
124
125
125
125
126
126
126
126
126
126
126
127
127
127
128
129
129
130
130
130
130
131
131
131
131
131
131
131
132
132
132
133
133
134
134
134
134
135
135
135
136
136
136
137
137
137
138
138
138
138
138
138
138
139
139
139
139
139
140
140
140
140
140
141
142
143
143
144
144
144
145
145
145
145
146
147
147
147
147
148
148
148
149
150
150
151
151
151
151
152
152
152
152
152
152
152
153
153
153
153
153
153
153
154
154
154
154
154
154
154
154
154
154
154
155
155
155
155
155
155
155
155
155
155
156
156
156
156
156
156
156
156
157
157
157
157
157
157
158
158
158
158
158
158
158
159
159
159
159
159
159
160
160
160
160
160
160
161
162
162
162
162
162
162
162
162
162
162
162
162
163
163
163
164
164
164
164
165
165
165
166
166
166
167
167
167
167
168
168
169
169
169
169
169
169
169
170
170
170
170
171
172
172
173
173
173
173
174
174
174
174
174
175
175
175
175
175
175
175
175
175
175
175
176
176
176
176
176
177
177
177
177
177
177
178
178
178
179
179
180
180
180
180
181
181
181
181
181
183
184
184
185
186
186
186
186
186
187
187
187
187
188
188
188
188
188
189
189
189
189
189
190
190
190
190
191
191
191
191
191
191
191
191
191
191
191
192
193
193
193
193
193
193
193
193
193
194
194
194
194
195
196
196
196
196
196
197
197
197
197
198
198
198
198
199
199
199
199
199
199
199
199
199
199
200
200
201
201
202
202
203
203
204
204
204
205
205
205
206
206
206
207
207
207
207
207
208
208
208
208
209
209
209
210
210
210
210
211
211
211
211
212
212
212
212
212
213
213
213
213
213
213
214
214
214
214
214
214
214
215
215
215
215
215
215
215
215
216
216
216
216
216
217
217
217
217
217
217
217
217
217
218
218
218
218
218
218
218
218
218
218
218
218
218
219
219
219
219
219
219
220
220
220
220
220
220
220
221
221
222
222
222
222
223
223
224
225
225
225
225
225
225
226
226
226
226
227
228
228
229
229
230
230
231
231
231
231
231
231
231
231
231
231
232
232
232
233
233
233
233
234
234
234
234
235
236
236
236
236
236
236
236
237
237
237
237
238
238
238
238
239
239
239
239
239
239
239
240
240
241
241
241
241
241
241
241
241
241
242
242
242
242
243
243
243
244
244
244
244
244
244
244
245
245
245
245
246
246
246
247
247
247
247
247
247
247
249
249
249
250
251
251
251
251
253
253
254
255
255
255
256
257
258
258
258
258
258
259
259
259
260
261
262
262
262
262
263
263
263
263
265
265
265
265
265
265
265
266
266
266
266
266
267
269
269
270
271
272
273
275
276
276
276
276
277
279
279
281
282
282
284
285
285
286
286
286
286
288
288
289
290
290
291
291
291
293
294
294
296
297
298
298
298
299
300
301
302
302
302
302
303
303
303
305
305
306
306
308
308
309
309
312
313
313
314
314
314
315
315
315
315
316
316
316
317
317
317
317
318
318
319
319
319
321
324
324
325
329
331
331
331
332
333
338
339
343
348
351
351
351
352
358
358
358
358
359
359
361
361
361
361
361
362
363
364
364
364
365
366
368
368
369
369
375
375
383
387
388
389
389
389
389
389
391
391
393
393
393
393
394
394
394
394
394
394
399
400
401
405
407
409
413
413
413
413
413
413
416
416
416
416
417
417
417
417
419
421
421
421
422
423
428
429
433
433
434
435
437
437
440
442
443
445
445
450
450
454
456
457
457
457
463
466
466
466
467
467
469
471
472
472
474
474
475
476
478
479
479
480
480
485
485
486
486
489
489
489
489
490
490
491
491
491
492
494
496
498
499
499
499
500
500
501
502
502
502
502
502
502
502
502
502
503
503
504
506
510
510
513
513
514
515
516
516
516
517
517
517
518
519
519
520
520
520
520
520
524
525
525
526
527
527
527
528
528
530
531
532
532
532
533
533
533
534
534
535
535
539
539
543
543
544
544
547
547
547
548
548
549
551
551
552
553
553
553
553
555
556
557
559
559
563
564
566
567
569
570
570
570
571
571
571
571
572
574
574
575
575
575
576
576
576
576
576
578
580
580
580
582
582
583
584
591
591
591
591
592
592
592
592
593
594
596
597
597
601
601
602
603
604
604
605
605
605
605
606
607
607
607
610
610
610
610
610
610
610
610
614
615
615
615
615
618
618
618
618
618
619
628
628
628
629
630
630
634
634
635
637
638
646
647
648
648
658
658
658
658
659
660
663
664
667
668
679
683
686
687
691
694
695
698
701
703
711
713
721
721
724
724
724
725
734
735
736
736
737
745
748
749
749
749
750
751
751
751
751
751
752
752
752
753
753
755
755
758
761
762
764
764
765
769
770
771
772
773
774
775
775
780
781
781
782
783
783
783
783
786
786
787
788
789
790
791
791
793
794
794
795
795
795
795
798
799
801
803
805
807
809
810
811
812
812
812
812
813
814
814
815
815
816
816
818
819
820
821
821
821
821
822
822
823
824
824
824
824
824
825
825
826
826
827
827
828
830
831
831
834
834
837
837
837
838
839
839
842
842
843
843
844
844
844
846
846
851
853
854
860
861
861
861
863
864
864
865
869
872
875
875
876
882
895
896
902
902
902
902
903
904
909
913
915
916
919
920
920
921
922
922
922
922
923
925
925
929
934
935
938
941
943
944
946
947
951
952
961
961
965
967
968
968
969
969
976
976
977
978
979
979
980
982
982
982
983
983
988
989
992
993
997
997
1007
1009
1010
1014
1019
1020
1022
1027
1027
1028
1029
1030
1032
1033
1034
1034
1037
1038
1040
1040
1042
1042
1046
1046
1047
1048
1048
1048
1049
1049
1050
1052
1053
1054
1056
1056
1057
1058
1058
1058
1058
1059
1059
1061
1067
1067
1068
1068
1072
1084
1085
1096
1108
1116
1148
1148
1149
1149
1151
1156
1158
1160
1160
1161
1162
1163
1165
1166
1167
1168
1172
1174
1174
1175
1175
1176
1176
1179
1181
1184
1185
1189
1189
1191
1192
1192
1192
1192
1196
1197
1198
1198
1202
1204
1204
1205
1206
1206
1211
1213
1222
1252
1274
1283
1302
1303
1317
1329
1333
1335
1340
1343
1343
1364
1365
1372
1373
1375
1375
1379
1379
1384
1386
1386
1387
1387
1391
1395
1397
1398
1398
1400
1400
1403
1403
1422
1425
1425
1426
1427
1427
1428
1428
1428
1429
1429
1429
1429
1429
1429
1429
1430
1430
1430
1430
1430
1430
1430
1430
1431
1431
1431
1433
1433
1435
1436
1436
1437
1437
1437
1438
1438
1438
1438
1438
1438
1441
1441
1442
1447
1447
1447
1448
1448
1448
1448
1448
1448
1449
1449
1450
1451
1451
1452
1453
1453
1454
1454
1454
1455
1456
1458
1458
1459
1459
1462
1463
1464
1465
1465
1466
1466
1466
1466
1466
1467
1467
1469
1470
1470
1470
1471
1472
1472
1472
1473
1473
1473
1474
1474
1475
1476
1476
1477
1477
1484
1484
1484
1484
1484
1485
1485
1485
1486
1486
1486
1487
1489
1491
1492
1495
1495
1497
1497
1498
1498
1498
1499
1502
1503
1504
1506
1507
1508
1508
1508
1508
1508
1508
1508
1510
1510
1511
1512
1513
1513
1513
1514
1514
1514
1514
1515
1516
1517
1517
1518
1521
1522
1522
1524
1525
1525
1525
1525
1525
1526
1528
1530
1534
1535
1536
1537
1538
1538
1539
1544
1544
1545
1545
1545
1545
1546
1546
1546
1546
1547
1559
1559
1559
1559
1560
1561
1562
1562
1563
1563
1563
1563
1565
1567
1572
1573
1573
1573
1576
1576
1577
1578
1578
1578
1579
1579
1580
1581
1583
1584
1585
1585
1588
1590
1595
1596
1596
1597
1597
1598
1598
1603
1603
1605
1605
1605
1610
1613
1619
1619
1621
1621
1621
1621
1621
1621
1622
1622
1622
1624
1624
1626
1626
1627
1627
1627
1627
1628
1628
1629
1631
1631
1632
1632
1634
1635
1638
1638
1638
1640
1640
1641
1641
1641
1643
1643
1644
1644
1644
1644
1645
1645
1647
1648
1648
1648
1648
1650
1650
1651
1651
1651
1651
1651
1655
1655
1657
1657
1658
1658
1658
1658
1660
1660
1665
1665
1667
1669
1671
1674
1675
1678
1679
1679
1680
1680
1683
1683
1683
1684
1684
1684
1685
1689
1690
1695
1696
1698
1698
1698
1701
1702
1702
1704
1704
1704
1704
1705
1710
1716
1716
1717
1718
1721
1728
1729
1732
1732
1733
1746
1751
1754
1754
1754
1754
1754
1757
1762
1766
1774
1774
1774
1774
1776
1777
1778
1779
1779
1780
1780
1782
1782
1796
1798
1801
1805
1810
1810
1814
1823
1823
1834
1834
1836
1842
1842
1842
1848
1859
1866
1875
1885
1888
1890
1890
1892
1892
1892
1893
1894
1896
1896
1899
1899
1901
1918
1918
1918
1918
1918
1918
1921
1921
1921
1924
1924
1924
1925
1925
1926
1926
1927
1930
1936
1936
1936
1936
1940
1942
1942
1944
1950
1957
1957
1962
1962
1962
1962
1967
1967
1976
1980
1987
1987
2004
2004
2007
2007
2008
2008
2013
2020
2037
2047
2047
2050
2052
2060
2061
2065
2074
2078
2079
2080
2081
2105
2107
2113
2114
2116
2117
2120
2120
2120
2122
2128
2128
2128
2128
2130
2134
2136
2137
2154
2158
2158
2158
2161
2163
2178
2192
2193
2217
2231
2262
2262
2263
2263
2278
2289
2335
2345
2349
2359
2376
2408
2531
2531
2613
2668
2724
2768
2776
2800
2800
2810
2811
2812
2818
2819
2885
2893
2903
2926
2962
2962
2975
2986
2986
2996
2998
3004
3005
3006
3006
3006
3006
3006
3010
3015
3017
3018
3036
3045
3048
3051
3051
3051
3056
3056
3056
3056
3056
3056
3057
3057
3057
3057
3057
3057
3057
3059
3067
3067
3071
3071
3078
3078
3078
3084
3084
3084
3095
3099
3103
3112
3112
3112
3112
3113
3113
3114
3129
3133
3139
3147
3147
3147
3147
3147
3147
3147
3149
3160
3163
3166
3166
3166
3166
3166
