1
2
2
3
3
3
3
4
4
5
5
5
5
6
6
7
7
7
7
8
8
8
8
8
8
9
9
9
9
9
9
9
10
10
10
10
10
10
11
11
11
11
11
11
11
11
11
11
11
11
11
11
11
12
12
12
12
12
12
12
12
12
13
13
13
13
14
14
14
14
14
14
14
14
15
15
15
15
15
15
15
15
16
16
17
17
17
17
18
18
18
18
18
18
19
19
19
19
19
19
19
19
19
20
20
20
20
20
20
21
21
21
22
22
22
22
22
22
22
22
22
23
23
23
23
23
24
24
24
24
25
25
25
25
25
25
27
27
27
27
28
28
28
29
29
29
30
30
31
31
31
31
31
31
31
31
31
32
32
32
32
32
32
33
33
33
33
33
33
34
34
34
35
35
35
35
36
36
36
36
36
36
36
36
37
37
37
38
38
38
38
38
39
39
40
40
40
40
40
40
41
42
42
42
42
42
42
42
42
43
43
43
44
44
45
45
46
46
46
46
46
47
48
49
49
49
49
50
50
50
50
51
51
51
51
51
51
51
52
52
52
52
52
52
52
53
53
53
53
54
54
54
54
54
54
54
55
55
55
55
55
55
55
55
56
56
56
56
57
57
57
57
58
58
58
58
59
59
59
59
59
59
59
59
59
59
60
60
60
60
60
60
60
60
61
61
61
61
61
61
61
61
61
62
62
62
62
62
62
62
63
63
63
63
63
64
65
65
65
65
66
67
68
68
68
68
68
68
69
69
69
69
69
70
70
70
71
71
71
71
71
71
72
72
72
73
73
73
73
73
73
73
74
74
74
74
74
75
75
75
76
77
77
78
78
78
78
78
78
79
79
79
79
79
80
80
80
81
81
81
81
81
82
82
82
82
82
82
82
82
83
83
83
83
84
84
84
84
84
84
84
85
85
85
85
86
86
86
87
87
87
87
88
88
88
88
88
88
88
88
88
88
89
89
89
89
90
90
90
91
91
91
92
92
92
93
93
94
94
94
94
94
94
94
94
95
95
95
95
95
95
95
95
96
96
96
97
97
97
98
98
98
99
99
99
99
99
100
100
100
100
101
101
101
101
101
101
102
102
102
103
103
103
103
103
103
103
103
103
104
104
104
104
104
104
106
106
107
107
108
108
108
108
108
109
109
109
109
109
109
109
109
109
109
110
110
110
110
110
110
110
110
111
111
111
112
112
112
112
113
113
113
113
113
113
113
114
114
114
114
114
115
115
115
115
115
115
115
115
115
116
116
116
116
117
117
117
117
118
118
118
118
118
118
119
119
119
120
120
120
120
120
121
121
121
121
121
121
121
122
122
122
122
122
122
122
122
122
122
122
123
123
123
123
124
124
124
124
124
125
125
125
125
126
126
127
127
127
127
128
128
128
128
128
128
129
129
129
129
129
129
130
130
130
130
130
130
130
131
131
131
131
131
131
132
132
132
132
133
134
134
134
134
135
135
135
135
136
136
136
136
136
136
136
136
136
137
137
137
137
137
137
137
138
138
138
138
138
139
139
140
140
140
141
141
141
142
142
142
143
143
143
143
143
144
144
144
145
145
145
145
145
146
146
146
146
146
147
147
147
147
148
148
148
148
149
149
149
149
150
151
151
152
152
152
152
152
152
153
153
153
153
153
153
153
153
153
153
154
154
154
154
155
155
155
155
156
156
156
157
158
158
158
158
158
159
159
160
160
160
161
161
161
162
162
163
163
164
164
165
165
165
165
165
166
166
167
169
170
171
171
171
171
171
171
172
172
173
173
173
173
174
174
174
174
174
174
174
175
175
175
175
175
175
176
176
176
176
176
176
177
177
177
177
177
178
178
179
179
179
179
179
179
180
180
180
180
181
181
181
181
182
182
182
182
182
183
183
183
183
183
184
184
184
184
184
184
184
184
184
184
185
186
186
186
186
186
186
186
187
187
187
188
188
188
188
188
188
189
189
189
189
190
190
190
190
190
191
191
191
191
191
191
192
192
193
193
193
193
193
194
194
194
194
194
194
194
194
195
195
195
195
195
195
195
196
196
196
196
196
196
196
196
196
196
196
196
197
197
197
197
197
197
197
197
197
198
198
198
198
198
198
198
198
198
198
199
199
199
199
199
199
199
199
199
199
200
200
200
200
201
201
201
201
201
201
201
201
201
201
201
201
201
202
202
202
202
202
202
203
203
203
203
203
203
204
204
204
204
204
204
204
204
204
204
204
204
205
205
205
205
205
205
205
205
205
206
206
206
206
206
206
206
206
206
206
207
207
207
207
207
208
208
208
208
208
208
208
208
209
209
209
209
209
209
209
209
209
209
210
210
210
210
210
210
211
211
211
211
212
212
212
212
212
212
212
212
213
213
213
213
213
213
214
214
214
214
214
214
214
214
215
215
215
215
215
215
215
215
216
216
216
216
216
216
217
217
217
217
217
218
218
218
218
218
218
218
218
219
219
219
219
219
219
220
220
220
220
220
220
220
220
220
220
221
221
221
222
222
223
223
224
224
225
225
226
226
226
226
226
226
226
227
227
227
227
227
227
227
227
227
227
227
227
228
228
228
228
228
228
228
228
228
228
228
228
228
228
229
229
229
229
229
229
229
230
230
230
230
230
231
231
231
231
231
231
231
232
232
232
232
232
232
232
232
232
232
233
233
233
233
233
233
233
233
233
233
234
234
234
234
234
234
234
235
235
236
236
236
236
236
237
237
237
237
238
238
238
239
239
240
240
240
241
241
242
242
242
242
242
242
243
243
243
243
243
243
244
244
244
244
244
244
245
245
245
246
247
247
248
248
249
249
249
249
249
249
249
250
250
251
251
251
252
252
252
253
255
255
255
255
255
256
256
256
256
257
257
257
257
257
257
257
258
258
258
258
258
258
258
259
259
259
260
261
262
264
264
264
265
265
265
266
267
267
267
267
267
267
268
268
268
268
268
268
268
269
269
269
270
270
271
271
272
272
272
272
272
272
273
273
273
273
273
273
273
273
274
274
274
274
275
275
275
275
276
276
276
276
276
277
277
277
277
278
278
278
279
279
279
280
280
282
283
284
285
285
286
286
287
287
287
287
287
287
287
287
287
287
288
288
289
289
289
290
290
291
292
293
294
294
294
294
294
295
295
295
295
295
296
296
296
296
296
296
297
297
298
298
298
299
300
300
300
301
301
302
302
302
303
303
304
304
304
304
304
305
305
305
306
306
306
310
310
312
312
312
313
313
313
314
316
317
317
318
320
321
322
323
323
324
324
325
325
326
326
326
326
326
327
330
331
334
336
338
338
341
342
342
342
344
345
349
349
349
351
352
352
354
355
356
356
357
357
360
361
366
366
367
368
368
369
369
370
373
373
379
381
381
383
386
386
392
400
404
404
406
408
418
421
423
428
434
441
441
442
443
444
444
445
445
445
446
446
451
452
452
453
454
456
456
457
457
459
459
459
461
462
465
467
469
469
471
474
476
476
477
477
480
480
483
484
484
488
492
499
500
501
504
510
510
513
517
530
530
532
535
539
541
543
549
553
554
556
556
557
561
562
564
565
566
567
569
570
571
571
571
572
581
609
611
638
674
677
678
679
680
683
685
691
695
711
720
723
734
739
740
740
740
742
748
752
754
760
760
761
770
771
772
776
776
777
777
777
777
778
778
778
778
778
780
785
785
787
789
789
790
791
791
816
819
900
905
931
934
935
935
938
938
938
939
945
948
950
950
957
958
978
988
989
989
991
1015
1038
1038
1042
1052
1058
1058
1064
1065
1067
1094
1118
1141
1141
1169
1195
1196
1198
1212
1232
1233
1235
1243
1244
1249
1251
1252
1261
1262
1263
1264
1266
1266
1267
1268
1271
1273
1273
1277
1280
1291
1291
1292
1296
1299
1300
1305
1305
1305
1306
1308
1308
1310
1311
1312
1314
1316
1321
1323
1323
1324
1326
1326
1326
1326
1327
1327
1327
1327
1328
1329
1340
1349
1349
1364
1364
1364
1366
1367
1424
1438
1439
1439
1440
1440
1440
1440
1440
1441
1441
1442
1445
1446
1446
1446
1446
1446
1447
1447
1448
1448
1449
1450
1450
1450
1450
1450
1450
1450
1451
1451
1451
1451
1452
1452
1453
1453
1453
1454
1454
1454
1455
1456
1458
1459
1459
1460
1460
1461
1461
1464
1464
1465
1465
1465
1466
1466
1466
1466
1466
1467
1467
1467
1467
1468
1468
1468
1469
1469
1469
1470
1470
1470
1471
1471
1471
1472
1472
1473
1473
1473
1473
1473
1473
1475
1476
1476
1477
1478
1478
1479
1479
1480
1480
1480
1481
1484
1485
1485
1485
1485
1486
1486
1486
1488
1489
1489
1490
1491
1493
1495
1495
1495
1495
1496
1496
1497
1498
1499
1499
1500
1500
1503
1506
1509
1510
1512
1512
1518
1518
1519
1519
1526
1526
1527
1530
1530
1530
1534
1535
1535
1535
1536
1537
1539
1540
1543
1544
1549
1550
1552
1552
1556
1557
1557
1557
1560
1566
1567
1569
1572
1573
1585
1587
1592
1592
1594
1596
1599
1601
1601
1603
1604
1604
1604
1604
1607
1607
1609
1610
1611
1613
1614
1615
1616
1617
1617
1617
1618
1620
1621
1624
1624
1624
1625
1627
1627
1627
1630
1630
1632
1632
1632
1632
1638
1639
1640
1641
1641
1641
1641
1642
1642
1642
1643
1645
1646
1646
1647
1652
1654
1654
1655
1657
1658
1659
1659
1664
1667
1667
1668
1668
1669
1669
1670
1674
1676
1681
1683
1693
1693
1693
1693
1693
1695
1697
1701
1703
1703
1703
1705
1706
1707
1707
1721
1726
1749
1759
1766
1769
1823
1823
1824
1963
1964
2022
2043
2067
2068
2170
2170
2178
2179
2188
2195
2195
2255
2261
2391
2395
2407
2459
2467
2469
2478
2498
2540
2742
2742
2743
2746
2798
2800
2804
2805
2808
2817
2818
2818
2823
2826
2827
2868
2870
2873
2934
2941
2950
2950
2951
2951
2951
2951
2951
2951
2952
2952
2955
2955
2959
2959
2959
2965
2967
2973
2973
2974
2974
2975
2977
2977
2978
2981
2981
2981
2985
2986
2986
2991
2996
2998
3001
3002
3004
3019
3020
3022
3022
3022
3029
3029
3030
3032
3040
3040
3042
3044
3047
3047
3048
3049
3052
3052
3053
3056
3058
3058
3059
3068
3073
3075
3075
3077
3078
3078
3080
3080
3080
3082
3082
3086
3086
3086
3087
3088
3090
3091
3091
3091
3091
3091
3092
3092
3093
3093
3095
3095
3096
3097
3099
3100
3100
3100
3100
3101
3101
3101
3101
3103
3103
3103
3103
3103
3104
3109
3110
3111
3111
3111
3112
3113
3113
3113
3113
3113
3113
3115
3116
3116
3116
3116
3117
3118
3118
3119
3119
3119
3121
3121
3121
3122
3122
3123
3124
3124
3124
3125
3126
3127
3127
3127
3128
3128
3128
3129
3129
3129
3130
3130
3130
3130
3130
3130
3130
3130
3130
3130
3132
3134
3134
3135
3136
3137
3137
3137
3139
3139
3139
3139
3142
3142
3143
3143
3143
3143
3143
3143
3143
3143
3143
3143
3144
3144
3144
3144
3144
3144
3145
3145
3145
3145
3145
3145
3146
3146
3148
3148
3148
3148
3148
3148
3148
3148
3148
3149
3151
3151
3153
3154
3154
3155
3155
3157
3157
3158
3160
3160
3161
3166
3166
3166
3167
3168
3168
3168
3168
3168
3168
3168
3168
3170
3174
3174
3174
3174
3178
3178
3178
3178
3179
3179
3179
3180
3180
3180
3180
3182
3182
3193
3198
3198
3199
3199
3202
3203
3205
3205
3208
3209
3209
3211
3211
3211
3220
3223
3227
3227
3228
3228
3232
3235
3256
3259
3262
3264
3275
3276
3276
3277
3277
3279
3281
3281
3288
3289
3299
3312
3321
3321
3321
3321
3321
3329
3342
3355
3358
3358
3358
3359
3359
3359
3360
3360
3360
3360
3360
3365
3365
3374
3378
3378
3379
3379
3380
3380
3380
3380
3382
3383
3388
3388
3388
3391
3391
3394
3394
3394
3394
3396
3396
3397
3397
3399
3399
3406
3406
3406
3406
3407
3407
3410
3410
3410
3411
3411
3416
3416
3416
3419
3419
3420
3429
3429
3429
3435
3435
3436
3436
3438
3438
3445
3446
3446
3447
3456
3456
3456
3456
3463
3463
3464
3468
3468
3468
3470
3470
3470
3475
3478
3479
3484
3497
3499
3505
3510
3514
3515
3515
3529
3529
3529
3548
3548
3550
3551
3564
3565
3573
3584
3594
3597
3609
3618
3620
3636
3725
3736
3740
3740
3740
3740
3741
3741
3741
3741
3758
3758
3758
3758
3772
3772
3772
3773
3773
3773
3773
3773
3773
3773
3796
3807
3807
3807
3807
3807
3807
3808
3808
3808
3808
3808
3808
3894
3931
3931
3931
3931
3942
3944
3953
3953
3956
3982
3988
3988
3993
3996
4002
4002
4002
4002
4002
4002
4002
4004
4006
4006
4011
4020
4023
4030
4030
4030
4030
4030
4030
4030
4031
4031
4031
4032
4034
4034
4038
4039
4039
4039
4039
4040
4040
4040
4040
4040
4040
4041
4041
4041
4050
4050
4050
4050
4051
4054
4056
4058
4058
4058
4058
4058
4059
4059
4059
4063
4064
4065
4065
4065
4065
4066
4067
4070
4075
4078
4079
4079
4079
4079
4080
4081
4081
4082
4085
4089
4090
4095
4096
4096
4100
4101
4101
4101
4103
4104
4106
4107
4107
4107
4107
4107
4107
4107
4113
4113
4116
4118
4118
4119
4120
4120
4121
4121
4121
4122
4122
4122
4122
4126
4126
4126
4126
4126
4126
4126
4127
