2
3
3
3
3
3
4
4
5
5
5
5
6
6
6
6
7
7
7
7
7
8
8
8
8
8
8
8
8
9
9
10
10
10
10
10
10
10
11
11
11
11
11
11
11
11
11
11
12
12
12
12
12
12
12
12
12
12
12
12
12
13
13
13
13
13
14
14
14
14
14
14
14
14
14
14
15
15
15
16
16
16
16
16
17
17
17
17
18
18
18
18
18
18
18
18
19
19
19
19
20
20
20
21
21
21
21
21
21
21
22
22
22
22
22
22
22
24
24
24
24
24
25
25
25
25
26
26
26
27
27
27
27
27
27
27
27
28
28
28
28
28
29
29
29
30
30
30
31
31
31
32
32
32
32
32
32
33
33
33
33
33
33
33
33
34
34
34
34
34
34
34
35
35
35
35
36
36
36
36
36
36
37
37
37
37
37
37
37
38
38
38
38
38
38
38
39
40
40
40
40
40
40
41
41
41
41
41
42
42
42
43
43
43
44
44
45
45
45
45
45
45
46
46
46
46
46
47
47
48
48
48
48
48
48
49
49
49
49
50
51
51
52
52
52
52
52
52
52
53
53
53
53
53
53
54
54
54
54
54
54
54
55
55
55
55
55
55
55
55
57
57
57
57
58
58
58
58
58
58
58
58
58
59
59
59
59
59
60
60
60
60
60
60
60
61
61
61
62
62
62
62
63
63
63
63
63
64
64
64
64
64
64
64
64
65
65
65
65
66
66
66
66
66
66
66
66
66
67
67
67
67
67
67
67
67
67
67
68
69
69
69
69
70
71
71
71
71
71
71
72
72
72
72
72
72
72
72
73
73
73
73
73
73
73
74
74
74
74
74
74
74
76
76
76
76
76
76
77
77
77
77
79
79
79
79
79
79
79
79
80
80
80
80
80
80
80
80
81
81
81
81
81
81
81
81
81
82
82
82
82
82
82
83
83
84
84
84
84
85
85
85
85
85
86
86
86
86
86
86
86
86
87
87
87
88
88
88
89
89
89
90
90
90
90
90
91
91
91
91
92
92
92
92
92
92
93
93
93
93
94
94
94
94
94
94
94
95
95
95
95
95
95
96
96
96
97
97
97
97
97
97
97
97
97
98
98
99
99
99
99
100
100
100
100
100
102
102
102
102
103
103
104
104
105
105
105
106
106
106
106
106
106
106
106
106
107
107
107
107
107
108
108
108
108
108
108
108
108
108
108
108
109
109
109
109
109
109
109
109
110
110
110
110
111
111
111
111
111
112
112
112
112
112
112
112
113
113
113
113
113
114
114
114
114
114
114
114
115
115
115
115
115
115
115
115
115
115
115
116
116
116
116
116
116
117
117
117
117
117
117
117
118
118
118
118
118
118
118
118
119
119
119
119
119
119
120
120
120
120
120
120
120
120
121
121
121
121
121
122
122
122
123
123
123
123
123
123
123
123
124
124
124
124
124
125
126
127
127
127
127
127
127
128
128
128
128
128
128
129
129
129
129
130
130
130
130
130
130
130
130
130
130
130
130
130
130
131
131
131
131
132
132
132
133
133
133
134
134
134
134
135
135
135
135
136
136
136
136
136
136
136
136
136
136
136
137
137
137
137
137
137
137
137
138
138
138
138
138
138
138
138
138
138
139
139
139
139
139
140
140
140
140
140
140
140
141
141
141
141
141
141
141
141
142
142
142
143
143
143
143
143
143
143
143
144
144
144
144
144
144
144
144
144
144
144
145
145
145
145
145
145
145
145
145
145
145
146
146
146
146
146
147
147
147
147
147
147
147
148
148
148
148
148
148
148
148
148
149
149
149
149
149
149
150
150
150
151
151
151
151
151
151
151
151
152
152
152
152
152
152
152
152
152
152
152
152
152
152
152
153
153
153
153
153
153
153
153
153
153
153
153
153
153
154
154
154
154
154
154
154
154
154
154
154
154
155
155
155
155
155
156
156
156
156
156
156
156
156
156
156
156
156
157
157
157
157
157
158
158
159
159
159
159
159
159
160
160
160
160
160
160
160
160
160
161
161
161
161
161
161
161
161
161
161
161
161
161
162
162
162
162
162
162
162
162
162
162
162
162
163
163
163
163
163
163
163
163
163
163
163
163
164
164
164
164
164
164
164
164
164
164
164
164
164
164
165
165
165
165
165
165
165
166
166
166
166
166
166
166
167
167
167
167
167
167
167
167
167
167
167
168
168
168
168
168
168
168
168
168
168
168
168
168
169
169
169
169
169
169
169
169
169
169
170
170
170
170
170
170
171
171
171
171
171
172
172
172
173
173
173
173
174
174
174
175
175
175
175
175
175
175
176
176
176
176
176
176
176
176
176
176
176
177
177
177
177
177
177
177
178
178
178
178
178
179
179
179
179
179
179
180
180
180
180
180
181
181
181
182
182
182
182
182
182
182
183
183
183
183
184
184
184
184
184
184
184
184
184
184
184
184
185
185
185
185
185
185
186
186
186
186
186
186
187
187
187
187
187
188
188
188
188
188
188
188
188
188
188
188
188
188
189
189
189
189
189
189
189
189
189
189
189
189
190
190
190
190
190
191
191
191
191
191
191
192
192
192
192
192
192
192
192
192
192
193
193
193
193
193
193
193
194
194
194
194
194
194
194
194
195
195
195
195
195
195
195
195
196
196
196
196
196
196
196
197
197
197
197
197
197
197
198
198
198
198
199
199
199
199
200
200
200
200
200
200
200
200
201
201
201
201
201
202
202
202
202
202
202
202
202
202
203
203
203
203
203
204
204
205
206
206
206
207
207
207
207
207
207
207
208
208
208
209
209
209
209
210
210
211
212
212
212
212
212
213
213
213
213
214
214
214
214
214
214
214
214
215
215
215
215
215
215
215
215
216
216
217
219
220
220
220
220
221
221
221
221
221
221
221
221
221
222
222
222
222
222
222
222
223
223
223
223
223
224
224
224
224
224
224
225
225
225
225
226
226
226
226
227
227
227
227
227
228
228
228
229
229
230
230
230
230
230
230
231
231
232
232
232
232
232
233
233
234
234
234
234
234
234
234
234
235
235
235
236
236
236
236
237
237
239
239
239
240
241
243
244
244
244
244
244
244
244
244
245
245
246
247
248
248
249
250
250
251
251
252
252
252
252
252
252
253
254
254
254
255
255
255
255
256
256
257
257
258
259
261
261
261
262
262
263
264
264
264
265
265
266
267
267
267
268
268
268
268
268
269
270
270
272
273
275
275
277
277
277
278
278
279
279
280
280
280
281
281
282
282
283
283
283
283
284
284
287
288
288
289
289
289
290
296
296
298
299
301
303
304
305
323
327
330
336
337
338
344
344
353
367
369
381
388
470
470
471
474
474
475
475
477
478
479
481
481
481
482
483
484
486
489
492
493
496
497
498
499
500
503
504
507
507
508
509
509
510
510
510
511
511
515
515
517
517
518
519
519
520
520
521
521
522
523
524
524
524
524
525
526
527
527
527
529
530
530
532
534
534
537
540
541
541
542
542
542
543
545
546
547
547
547
547
547
548
548
549
549
550
552
552
552
553
554
556
557
558
558
558
558
559
560
561
562
563
563
564
564
565
568
571
571
572
573
576
576
576
577
577
577
577
578
579
580
582
584
591
595
596
597
597
600
601
601
603
603
605
605
608
616
616
616
617
617
621
622
625
627
627
629
633
636
654
655
659
679
699
699
704
707
717
733
734
734
736
737
781
847
851
853
855
855
859
859
859
871
872
873
883
884
884
885
895
895
895
905
905
906
907
908
910
911
914
919
919
919
924
926
928
932
939
939
940
940
940
941
941
944
945
947
951
954
957
963
964
965
965
965
967
970
971
971
972
973
973
989
990
990
990
990
991
993
993
994
994
995
995
995
1109
1132
1132
1133
1206
1226
1226
1226
1227
1234
1240
1243
1249
1274
1280
1280
1281
1281
1281
1281
1287
1297
1297
1304
1307
1307
1308
1308
1310
1311
1313
1314
1320
1324
1325
1326
1326
1326
1327
1333
1334
1334
1334
1339
1345
1345
1357
1358
1362
1368
1382
1383
1393
1397
1414
1419
1426
1429
1430
1430
1433
1441
1451
1451
1451
1454
1454
1455
1455
1456
1456
1457
1457
1457
1458
1459
1459
1459
1459
1459
1460
1462
1463
1463
1463
1463
1465
1469
1471
1472
1473
1476
1476
1476
1480
1482
1484
1485
1485
1486
1486
1487
1488
1488
1488
1488
1488
1489
1489
1489
1490
1490
1491
1491
1491
1492
1495
1496
1497
1497
1497
1498
1498
1499
1499
1500
1501
1502
1503
1503
1505
1506
1507
1508
1510
1510
1510
1511
1511
1512
1513
1515
1515
1518
1519
1519
1520
1521
1521
1521
1525
1526
1527
1527
1529
1529
1531
1531
1532
1535
1535
1535
1536
1537
1537
1538
1538
1538
1539
1541
1542
1544
1544
1545
1546
1549
1550
1550
1553
1555
1555
1557
1557
1558
1559
1561
1561
1562
1563
1564
1564
1564
1565
1566
1570
1571
1571
1573
1574
1575
1575
1576
1576
1577
1586
1586
1587
1587
1592
1593
1593
1594
1595
1595
1597
1600
1601
1601
1608
1608
1611
1612
1614
1614
1619
1621
1622
1624
1626
1628
1629
1629
1631
1632
1632
1633
1633
1633
1637
1637
1638
1640
1640
1642
1643
1644
1645
1645
1645
1646
1646
1647
1648
1649
1651
1654
1654
1663
1664
1665
1666
1671
1672
1672
1672
1678
1679
1682
1683
1685
1686
1686
1686
1686
1686
1688
1688
1688
1690
1691
1691
1691
1692
1692
1693
1694
1696
1698
1698
1698
1699
1699
1701
1708
1709
1709
1715
1716
1721
1721
1721
1723
1730
1731
1737
1739
1740
1741
1742
1765
1765
1766
1768
1778
1779
1793
1804
1849
1900
1903
1912
1913
1913
1913
1915
1920
1921
1922
1954
1994
2084
2091
2091
2092
2092
2102
2108
2222
2236
2236
2238
2245
2246
2250
2253
2255
2281
2291
2291
2292
2292
2313
2373
2373
2421
2501
2510
2513
2557
2612
2620
2633
2636
2641
2642
2642
2646
2650
2651
2670
2674
2679
2693
2698
2698
2702
2703
2706
2708
2708
2708
2710
2710
2711
2711
2712
2712
2714
2722
2730
2730
2735
2736
2738
2739
2739
2739
2739
2739
2744
2747
2749
2751
2753
2755
2755
2755
2756
2756
2758
2760
2761
2761
2771
2771
2771
2772
2772
2775
2777
2777
2779
2779
2793
2798
2801
2802
2819
2829
2834
2835
2841
2842
2873
2873
2874
2878
2878
2879
2880
2881
2883
2885
2887
2888
2891
2892
2899
2901
2902
2912
2918
2918
2921
2921
2923
2928
2929
2932
2932
2937
2944
2945
2963
2966
2966
2974
2975
2980
2981
2985
2987
2989
2990
2990
2991
2992
2993
2994
3002
3008
3023
3023
3023
3023
3024
3030
3031
3031
3031
3031
3031
3034
3046
3046
3047
3050
3051
3054
3056
3058
3058
3059
3062
3064
3065
3065
3070
3071
3072
3072
3073
3076
3076
3076
3078
3079
3079
3081
3089
3091
3096
3097
3100
3100
3102
3102
3102
3104
3106
3106
3108
3109
3109
3110
3110
3110
3111
3112
3113
3118
3122
3135
3137
3145
3145
3147
3147
3148
3151
3181
3186
3189
3202
3203
3214
3216
3216
3216
3216
3218
3233
3236
3236
3265
3279
3289
3292
3293
3304
3309
3309
3311
3312
3315
3318
3319
3323
3324
3397
3397
3404
3404
3406
3407
3407
3407
3415
3418
3418
3419
3422
3423
3423
3424
3425
3426
3427
3427
3428
3448
3449
3450
3452
3452
3627
3630
3637
3652
3657
3657
3667
3677
3677
3692
3692
3693
3693
3694
3694
3705
3705
3708
3708
3708
3719
3723
3723
3776
3779
3787
3817
3888
3888
3888
3894
3900
3902
3932
3932
3932
3934
3934
3937
3937
3940
3940
3940
3943
3945
3945
3946
3952
3952
3954
3954
3954
3955
3956
3959
3976
3978
3979
3985
3986
4003
4004
4004
4004
4004
4006
4063
4063
4065
4066
4066
4072
4072
4074
4077
4078
4079
4086
4088
4089
4091
4094
4103
4104
4105
4109
4109
4110
4112
4112
4112
4114
4115
4116
4116
4116
4116
4118
4118
4118
4118
4120
4121
4121
4121
4121
4121
4121
4121
4121
4124
4124
4124
4124
4124
4125
4125
4125
4125
4125
4125
4125
4125
4125
4127
4127
4127
4127
4128
4128
4128
4128
4128
4129
4129
4129
4130
4130
4131
4132
4132
4132
4133
4133
4135
4135
4136
4138
4138
4140
4140
4141
4141
4141
4141
4141
4141
4142
4142
4142
4142
4142
4142
4144
4144
4144
4144
4146
4146
4146
4146
4148
4148
4148
4149
4149
4151
4151
4153
4154
4154
4154
4154
4154
4166
4171
4193
4193
4193
4193
4193
4193
4194
4194
4194
4194
4194
4202
4202
4202
4202
4205
4205
4213
4214
4215
