2
3
3
4
5
6
6
7
7
8
9
9
9
10
10
10
10
10
11
11
12
12
12
12
12
13
13
13
13
14
14
14
14
14
14
15
15
15
16
17
17
17
18
18
19
19
19
20
20
21
21
22
22
23
24
24
24
24
24
24
24
25
26
27
27
28
30
31
31
32
32
33
33
35
35
36
37
37
37
37
37
39
40
40
40
40
41
41
41
41
41
41
42
42
43
43
43
44
45
45
46
46
46
46
46
46
47
48
48
48
48
48
49
49
49
50
50
51
51
51
52
52
52
52
52
53
53
54
54
55
55
55
55
56
56
56
56
56
57
57
57
57
57
57
58
58
58
59
59
59
60
60
60
61
61
61
61
61
62
62
62
63
63
63
63
63
64
65
66
66
66
66
67
67
67
67
68
68
68
69
69
69
69
69
69
70
70
71
71
71
71
72
72
72
72
72
73
73
73
73
73
73
74
74
74
75
75
76
76
78
78
80
80
80
82
83
83
84
86
86
86
87
87
87
89
89
89
89
90
90
91
91
92
92
93
93
94
94
94
94
95
96
96
96
96
96
97
97
98
98
98
98
99
99
99
100
100
100
101
101
101
102
102
104
105
105
106
107
107
107
109
109
110
110
110
111
111
112
113
113
113
113
113
115
116
116
116
116
116
117
117
119
119
119
119
120
120
121
121
122
123
123
124
124
124
124
126
127
127
127
127
127
128
128
128
128
128
128
128
129
129
129
130
130
130
130
132
132
132
133
134
134
134
134
134
134
134
134
134
135
135
135
135
135
136
136
136
137
138
138
138
139
140
141
141
141
141
142
142
143
143
144
144
144
144
145
145
145
145
145
146
146
146
146
146
147
147
147
147
148
148
148
148
148
148
149
149
149
149
149
149
149
149
149
150
150
151
151
151
151
152
152
152
153
153
153
153
153
153
154
154
154
155
155
156
156
156
157
157
157
157
158
159
159
159
159
159
159
160
160
160
161
161
163
163
163
163
163
164
164
164
164
164
167
167
167
168
169
169
170
170
170
171
171
171
172
174
174
175
175
175
176
176
177
177
177
177
177
177
177
178
178
178
178
178
178
181
183
183
184
185
185
186
186
186
187
188
189
190
191
191
191
191
192
192
192
193
193
193
194
194
194
195
195
195
196
196
198
198
199
199
199
199
199
199
200
200
200
201
201
201
202
202
203
204
204
204
208
209
211
211
212
212
216
219
220
230
230
231
231
231
234
234
235
235
236
238
247
247
248
248
249
249
249
250
250
251
251
251
254
255
257
257
260
260
260
260
261
261
261
262
263
263
265
265
266
267
267
267
268
269
269
270
270
270
270
272
273
274
275
276
277
277
277
277
278
281
283
283
284
284
286
287
287
294
294
294
300
302
311
318
322
322
325
334
337
340
341
343
344
346
349
351
352
353
353
371
374
444
445
446
446
447
447
448
448
448
449
449
449
450
450
450
456
457
459
460
469
482
494
495
498
498
498
499
500
500
501
502
503
503
504
506
511
512
513
514
515
516
516
517
518
521
521
522
524
524
524
524
526
526
530
530
531
531
532
532
532
533
533
533
534
534
535
535
536
537
537
538
538
540
540
541
542
545
546
547
549
552
554
555
556
556
557
562
564
565
567
569
570
570
572
577
577
579
580
581
581
581
582
583
584
588
588
590
590
592
593
593
593
593
593
593
597
597
599
602
603
603
604
604
604
606
607
610
611
612
612
616
619
620
621
621
626
627
627
627
635
635
636
640
641
641
643
645
649
652
652
657
658
659
659
660
668
668
669
669
672
679
679
679
679
681
684
686
686
687
688
700
702
718
719
733
737
738
742
745
745
745
775
790
794
824
825
832
849
881
882
883
884
886
887
888
892
894
896
896
896
900
905
906
915
933
935
940
942
942
942
945
950
952
952
953
954
954
958
959
959
959
960
961
962
964
966
968
970
970
972
973
973
976
978
983
983
992
992
993
994
994
998
998
999
1001
1001
1003
1006
1006
1006
1006
1006
1006
1006
1011
1015
1015
1016
1017
1019
1022
1023
1023
1023
1024
1025
1029
1029
1031
1031
1031
1033
1033
1035
1035
1055
1067
1067
1067
1072
1083
1083
1086
1086
1101
1102
1102
1104
1107
1107
1109
1109
1109
1110
1114
1117
1119
1119
1120
1132
1133
1134
1136
1139
1139
1140
1140
1141
1142
1142
1142
1143
1143
1144
1144
1144
1145
1145
1152
1152
1153
1153
1154
1154
1155
1157
1178
1180
1184
1185
1185
1185
1186
1190
1190
1191
1192
1193
1195
1197
1199
1202
1202
1209
1213
1216
1216
1219
1219
1220
1221
1223
1232
1236
1238
1243
1259
1266
1274
1282
1285
1285
1308
1332
1344
1359
1384
1398
1399
1400
1400
1417
1419
1419
1423
1428
1430
1434
1434
1435
1435
1435
1435
1439
1439
1441
1441
1442
1442
1442
1443
1443
1445
1446
1446
1446
1447
1447
1447
1447
1447
1447
1447
1448
1448
1448
1448
1448
1448
1448
1448
1448
1448
1449
1449
1449
1450
1450
1450
1452
1452
1455
1455
1457
1457
1458
1458
1459
1459
1460
1461
1461
1461
1462
1462
1462
1464
1464
1464
1464
1464
1464
1465
1466
1466
1467
1468
1468
1469
1470
1470
1471
1471
1472
1472
1472
1472
1472
1472
1472
1472
1473
1473
1473
1473
1473
1474
1474
1474
1474
1476
1476
1476
1476
1477
1477
1477
1477
1477
1477
1478
1478
1478
1478
1479
1479
1480
1480
1480
1480
1481
1481
1481
1481
1482
1482
1482
1482
1483
1483
1483
1483
1484
1484
1484
1484
1485
1485
1485
1485
1485
1485
1485
1485
1485
1486
1486
1486
1486
1487
1487
1487
1488
1488
1488
1489
1489
1490
1490
1491
1492
1492
1493
1493
1494
1495
1497
1497
1498
1498
1498
1499
1500
1500
1501
1502
1502
1504
1504
1505
1505
1507
1508
1508
1508
1509
1509
1510
1512
1513
1519
1520
1522
1522
1528
1532
1533
1537
1542
1545
1560
1561
1563
1563
1563
1564
1567
1568
1569
1570
1571
1571
1572
1573
1573
1573
1573
1573
1573
1573
1573
1575
1578
1578
1578
1578
1578
1578
1578
1578
1578
1579
1579
1579
1579
1580
1581
1581
1582
1582
1585
1586
1587
1587
1587
1588
1588
1589
1589
1590
1591
1593
1593
1593
1593
1593
1593
1594
1595
1595
1596
1596
1596
1596
1596
1596
1596
1596
1597
1597
1597
1597
1597
1597
1597
1598
1598
1599
1601
1601
1602
1602
1604
1604
1605
1605
1605
1606
1606
1607
1608
1609
1609
1609
1609
1609
1609
1609
1610
1610
1610
1610
1610
1610
1610
1610
1610
1611
1611
1611
1611
1612
1612
1612
1612
1612
1613
1614
1616
1616
1616
1617
1617
1618
1619
1620
1621
1621
1622
1623
1623
1625
1627
1627
1628
1629
1630
1630
1632
1632
1633
1634
1634
1634
1634
1635
1635
1636
1637
1639
1639
1641
1641
1642
1643
1644
1644
1645
1647
1648
1649
1652
1654
1655
1657
1657
1658
1661
1661
1662
1662
1663
1664
1664
1665
1665
1665
1665
1666
1667
1667
1667
1668
1668
1668
1669
1673
1673
1674
1674
1674
1674
1674
1674
1675
1675
1675
1675
1676
1677
1678
1678
1680
1680
1680
1681
1681
1682
1682
1682
1683
1683
1683
1683
1683
1683
1684
1684
1684
1684
1685
1686
1686
1686
1688
1688
1688
1690
1690
1691
1691
1692
1693
1693
1693
1693
1693
1693
1694
1694
1694
1697
1699
1700
1701
1702
1702
1702
1705
1706
1706
1707
1707
1707
1708
1709
1711
1711
1713
1713
1713
1713
1713
1714
1714
1717
1721
1723
1723
1723
1725
1727
1733
1734
1736
1740
1742
1743
1754
1757
1762
1763
1763
1764
1769
1773
1774
1776
1777
1777
1779
1779
1782
1783
1783
1785
1785
1785
1786
1787
1787
1788
1788
1793
1793
1794
1797
1799
1802
1806
1806
1817
1821
1821
1828
1836
1836
1841
1847
1855
1856
1864
1867
1869
1871
1887
1888
1888
1920
1930
1931
1954
2070
2071
2072
2072
2072
2115
2115
2115
2116
2116
2118
2119
2123
2128
2129
2131
2131
2131
2135
2142
2145
2145
2150
2155
2159
2168
2169
2185
2185
2187
2187
2187
2187
2189
2190
2191
2192
2199
2199
2200
2201
2201
2202
2208
2210
2211
2211
2211
2212
2212
2213
2213
2213
2213
2214
2214
2214
2214
2215
2216
2224
2225
2232
2254
2254
2255
2260
2262
2273
2330
2339
2342
2342
2343
2343
2345
2362
2364
2379
2441
2450
2457
2464
2468
2477
2479
2484
2502
2504
2506
2510
2514
2518
2521
2521
2521
2529
2532
2534
2534
2534
2534
2545
2545
2546
2550
2550
2550
2552
2552
2556
2561
2565
2569
2571
2616
2621
2626
2626
2627
2627
2627
2629
2638
2645
2646
2651
2654
2655
2657
2658
2660
2661
2665
2687
2719
2721
2730
2732
2737
2738
2738
2746
2746
2746
2750
2752
2756
2771
2780
2786
2787
2787
2787
2790
2799
2808
2819
2828
2840
2850
2850
2851
2851
2860
2860
2898
2898
2900
2906
2906
2906
2906
2906
2906
2906
2907
2907
2909
2909
2910
2915
2916
2916
2916
2916
2917
2918
2921
2923
2923
2925
2935
2935
2935
2939
2942
2942
2944
2945
2947
2959
2959
2962
2966
2968
2970
2970
2971
2975
2979
2979
2983
2983
2984
2987
2988
2996
2996
2997
2997
2998
2999
2999
3000
3001
3001
3002
3005
3006
3006
3009
3016
3017
3021
3021
3027
3027
3030
3030
3033
3035
3035
3039
3040
3043
3045
3045
3045
3045
3047
3047
3049
3050
3050
3051
3053
3053
3062
3062
3064
3064
3065
3069
3069
3070
3071
3071
3071
3071
3077
3077
3079
3079
3080
3083
3085
3085
3085
3086
3086
3088
3088
3089
3091
3093
3093
3097
3100
3101
3103
3103
3103
3104
3104
3105
3105
3106
3107
3109
3112
3112
3119
3122
3122
3122
3126
3127
3130
3130
3131
3142
3143
3148
3148
3148
3150
3151
3152
3152
3155
3157
3160
3160
3162
3163
3163
3163
3165
3167
3168
3168
3168
3170
3170
3171
3173
3173
3173
3179
3179
3180
3180
3207
3209
3213
3215
3216
3217
3219
3221
3223
3227
3228
3228
3228
3229
3229
3233
3239
3242
3244
3246
3252
3253
3253
3254
3262
3262
3262
3262
3263
3263
3264
3267
3267
3267
3267
3267
3268
3268
3268
3268
3277
3278
3278
3278
3280
3280
3285
3285
3287
3292
3295
3295
3295
3295
3300
3303
3305
3306
3309
3314
3321
3332
3362
3383
3412
3419
3420
3420
3422
3422
3439
3460
3497
3526
3527
3535
3536
3539
3558
3558
3561
3574
3574
3574
3596
3597
3598
3599
3648
3686
3694
3694
3694
3714
3738
3744
3764
3767
3773
3774
3776
3794
3839
3848
3855
3857
3861
3862
3863
3875
3875
3932
3933
3937
3942
3945
3945
3956
3967
3968
3968
3979
4008
4130
4165
4165
4165
4172
4196
4210
4210
4218
4245
4246
4246
4254
4284
4285
4290
4298
4300
4303
4306
4326
4326
4326
4327
4335
4338
4340
4343
4343
4345
4345
4345
4345
4347
4349
4349
4349
4383
4383
4384
4397
4399
4409
4414
4453
4457
4459
4460
4461
4467
4476
4489
4492
4515
4516
4524
4533
4539
4539
4540
4540
4540
4544
4547
4585
4593
4594
4595
4597
4613
4618
4620
4620
4622
4624
4627
4629
4629
4630
4644
4644
4648
4653
4653
4655
4655
4655
4655
4655
4655
4655
4656
4656
4657
4657
4657
4657
4657
4662
4663
4663
4663
4663
4663
4665
4665
4665
4666
4667
4667
4671
4671
4671
4671
4671
4676
4676
4679
4681
4687
4690
4691
4692
4695
4695
4699
4706
4707
4707
4707
4711
4711
4711
4711
4712
4713
4717
4721
4724
4726
4730
4733
4737
4737
4743
4743
4753
4761
4797
4806
4822
4833
4856
4860
4872
4874
4888
4899
4904
4910
4924
4924
4924
4924
4925
4925
4941
4942
4942
4942
4980
4981
5007
5023
5024
5025
5035
5079
5097
5131
5138
5138
5140
5143
5147
5169
5252
5269
5289
5303
5303
5394
5400
5405
5408
5409
5412
5416
5419
5420
5421
5421
5425
5426
5452
5491
5677
5689
5698
5714
5714
5737
5744
5777
5809
5809
5861
5904
5911
5912
5916
5919
5920
5924
5929
5937
6002
6002
6003
6004
6067
6068
6068
6069
6076
6076
6076
6077
6078
6079
6090
6093
6111
6118
6125
6126
6126
6139
6145
6145
6147
6151
6155
6156
6157
6157
6157
6159
6166
6175
6175
6177
6179
6183
6184
6184
6186
6186
6187
6188
6189
6191
6191
6191
6192
6193
6193
6194
6210
6211
6214
6217
6221
6233
6238
6243
6253
6255
6268
6272
6298
6308
6309
6378
6390
6391
6440
6555
6560
6569
6776
6779
6783
6806
6810
6882
6885
6892
6894
6896
6896
6898
6901
6912
6918
6921
6922
6928
6928
6933
6945
6951
6964
6980
6980
6980
6981
6982
6983
6986
6993
6996
6997
7015
7022
7022
7078
7078
7084
7088
7088
7095
7097
7100
7198
7217
7234
7260
7302
7319
7321
7321
7323
7325
7332
7356
7356
7358
7390
7392
7401
7417
7538
7543
7544
7556
7566
7567
7567
7567
7568
7569
7570
7570
7574
7574
7574
7587
7588
7588
7593
7593
7594
7594
7596
7597
7599
7599
7602
7608
7608
7611
7611
7611
7611
7611
7614
7614
7619
7620
7620
7620
7620
7620
7622
7622
7624
7624
7624
7624
7632
7632
7632
7632
7645
7649
7649
7650
7650
7650
7653
7653
7653
7661
7663
7665
7669
7673
7673
7674
7678
7679
7681
7682
7683
7683
7684
7688
7688
7689
7691
7691
7691
7703
7709
7711
7711
7712
7712
7715
7716
7723
7736
7736
7739
7758
7778
7977
7978
8100
8183
8186
8186
8187
8197
8199
8202
8202
8207
8208
8208
8209
8211
8212
8214
8216
8228
8229
8229
8230
8232
8234
8234
8234
8248
8256
8292
8307
8363
8450
8452
8542
8542
8550
8551
8608
8610
8611
8617
8626
8642
8647
8658
8658
8659
8659
8659
8661
8663
8673
8684
8698
8701
8702
8705
8706
8707
8708
