2
3
3
3
4
5
5
6
7
7
7
7
8
8
8
8
9
9
9
9
9
9
9
9
10
10
10
12
12
12
13
14
14
14
14
14
15
15
15
15
16
16
16
16
16
16
16
16
16
17
17
17
17
17
18
18
18
18
18
19
19
20
20
20
20
20
20
26
27
27
27
27
28
28
29
29
29
30
31
32
33
33
35
35
35
35
36
36
36
36
37
37
37
38
38
39
39
40
41
42
44
45
46
46
46
48
48
49
49
50
50
50
50
50
51
52
52
53
53
55
57
57
58
59
60
60
61
61
61
62
62
62
63
63
66
66
67
67
68
68
68
69
69
69
69
70
70
70
71
72
73
74
74
76
77
78
78
79
79
79
79
79
80
82
83
83
84
84
84
85
85
85
86
86
87
87
88
88
89
90
90
90
93
93
94
95
95
96
96
98
98
98
100
100
100
101
102
102
102
102
103
103
103
105
108
108
109
109
109
110
111
115
116
116
117
117
117
118
119
120
120
120
120
120
121
121
124
124
124
125
126
127
128
128
128
128
128
130
130
131
134
134
134
135
138
138
139
141
141
141
141
141
143
144
144
145
145
145
146
146
146
146
148
149
149
150
152
152
155
155
160
160
161
161
161
162
162
163
164
164
164
166
166
167
167
168
169
169
170
170
171
172
172
172
172
173
174
175
176
176
177
177
178
180
180
180
181
181
181
181
181
182
182
183
183
183
183
184
184
184
184
185
185
185
185
186
186
186
186
188
188
188
190
192
193
193
193
194
194
196
196
200
201
202
204
205
206
206
207
207
209
209
209
211
212
212
212
212
214
215
216
217
217
217
218
220
220
220
220
221
221
222
222
223
223
223
224
225
225
226
227
230
233
234
234
236
236
237
237
237
237
237
237
238
239
239
241
242
242
242
242
243
244
244
244
244
244
246
246
250
251
251
252
254
256
256
261
262
263
267
267
268
268
268
268
269
269
270
274
274
276
276
277
278
278
278
278
279
279
279
282
283
283
285
285
286
286
286
291
296
296
298
299
300
300
300
300
301
302
302
302
303
305
307
307
308
308
312
316
317
318
320
321
322
322
326
327
328
328
329
330
330
331
333
334
334
336
336
337
342
342
343
343
345
345
347
348
349
351
351
353
353
354
355
355
356
356
356
359
359
363
366
367
372
374
377
378
379
385
385
388
389
389
389
390
391
391
392
394
394
397
397
398
398
405
405
405
405
405
406
406
410
414
426
426
428
428
473
475
480
485
486
489
490
494
507
511
513
525
527
528
529
530
531
532
533
533
548
549
555
556
560
563
563
565
566
568
568
572
573
574
575
577
582
585
586
592
594
596
596
597
598
600
600
601
604
605
608
609
610
611
612
612
613
613
620
621
623
634
635
638
638
639
644
644
651
653
658
661
662
663
665
666
668
668
669
669
670
670
670
671
675
675
678
691
697
697
700
700
704
707
708
711
712
720
720
721
723
723
723
725
727
727
728
728
737
737
739
741
741
743
744
761
762
763
781
783
784
794
814
815
815
818
821
834
838
838
839
840
841
841
850
852
857
859
859
866
870
901
914
916
926
928
929
932
932
937
948
950
951
955
971
972
973
976
976
977
978
983
984
986
989
990
990
991
992
994
994
995
995
996
998
1000
1005
1009
1009
1026
1054
1060
1060
1064
1091
1092
1137
1158
1162
1174
1202
1222
1225
1228
1231
1251
1263
1264
1265
1273
1278
1358
1360
1370
1372
1377
1377
1380
1381
1385
1386
1390
1390
1401
1401
1403
1414
1417
1420
1422
1424
1425
1426
1427
1427
1428
1429
1429
1430
1430
1432
1432
1433
1436
1436
1436
1436
1437
1437
1437
1438
1439
1439
1441
1441
1442
1442
1443
1444
1444
1444
1444
1445
1445
1445
1445
1445
1445
1445
1445
1446
1446
1446
1446
1447
1447
1449
1449
1449
1450
1450
1454
1454
1455
1455
1457
1458
1458
1459
1459
1459
1460
1460
1460
1460
1461
1461
1461
1462
1462
1464
1464
1465
1465
1465
1466
1467
1467
1467
1469
1469
1469
1470
1470
1470
1470
1471
1472
1472
1472
1473
1473
1474
1474
1474
1475
1476
1476
1476
1476
1477
1477
1477
1477
1477
1478
1478
1478
1478
1478
1479
1479
1479
1479
1479
1480
1480
1481
1481
1482
1482
1482
1482
1482
1484
1484
1485
1486
1487
1487
1488
1490
1492
1493
1493
1494
1497
1500
1509
1523
1524
1525
1526
1527
1532
1540
1553
1556
1556
1556
1558
1558
1560
1563
1567
1568
1568
1568
1569
1569
1572
1573
1574
1575
1576
1577
1578
1578
1579
1582
1582
1584
1586
1586
1587
1597
1597
1599
1599
1602
1602
1603
1610
1610
1610
1614
1615
1617
1617
1618
1619
1620
1624
1625
1626
1627
1630
1631
1635
1636
1639
1645
1645
1646
1648
1648
1648
1650
1651
1651
1651
1651
1652
1652
1653
1653
1656
1657
1657
1658
1659
1660
1660
1660
1660
1661
1661
1662
1662
1663
1664
1665
1666
1666
1667
1667
1667
1667
1667
1667
1668
1669
1669
1672
1674
1675
1675
1676
1677
1679
1680
1681
1682
1686
1687
1687
1687
1691
1692
1692
1692
1693
1693
1693
1693
1693
1694
1694
1694
1694
1694
1694
1696
1696
1701
1702
1702
1702
1704
1704
1704
1704
1704
1704
1705
1705
1706
1708
1710
1710
1711
1711
1711
1712
1712
1713
1713
1717
1718
1719
1719
1724
1725
1729
1738
1739
1741
1742
1742
1743
1743
1743
1744
1745
1745
1745
1746
1746
1747
1748
1748
1750
1755
1757
1757
1760
1763
1764
1766
1766
1767
1769
1770
1770
1770
1772
1772
1773
1773
1774
1774
1774
1774
1774
1775
1775
1776
1781
1784
1784
1785
1785
1786
1789
1790
1790
1791
1793
1793
1795
1798
1800
1800
1802
1803
1816
1819
1827
1828
1832
1835
1837
1837
1842
1844
1847
1852
1853
1853
1853
1859
1865
1877
1877
1877
1877
1877
1881
1881
1882
1882
1882
1883
1889
1889
1891
1895
1900
1909
1910
1911
1912
1915
1922
1928
2080
2107
2115
2120
2130
2139
2139
2139
2140
2162
2168
2190
2193
2197
2199
2207
2212
2213
2213
2213
2213
2213
2216
2229
2240
2241
2243
2244
2246
2247
2257
2262
2279
2287
2287
2290
2292
2293
2294
2299
2304
2304
2304
2305
2306
2315
2316
2316
2320
2327
2329
2336
2336
2337
2337
2339
2340
2347
2352
2354
2355
2358
2412
2413
2413
2459
2479
2481
2482
2486
2486
2503
2507
2520
2522
2531
2548
2550
2552
2552
2556
2557
2557
2557
2558
2558
2559
2559
2563
2567
2571
2571
2575
2617
2628
2632
2641
2641
2642
2643
2644
2645
2648
2651
2653
2658
2661
2667
2668
2669
2669
2669
2671
2675
2675
2676
2677
2677
2677
2678
2679
2679
2680
2684
2684
2686
2696
2703
2706
2708
2708
2709
2710
2710
2710
2715
2719
2723
2724
2724
2727
2728
2729
2730
2731
2732
2733
2741
2748
2748
2748
2748
2748
2749
2750
2755
2762
2763
2777
2781
2781
2782
2782
2782
2782
2783
2784
2784
2784
2784
2785
2786
2787
2804
2805
2807
2807
2815
2816
2817
2818
2818
2818
2818
2818
2818
2818
2819
2819
2819
2819
2833
2834
2844
2844
2852
2853
2853
2853
2853
2854
2854
2855
2858
2858
2860
2862
2862
2864
2872
2875
2883
2883
2885
2892
2900
2902
2902
2906
2908
2912
2921
2921
2924
2928
2930
2934
2937
2937
2937
2938
2939
2944
2964
2964
2965
2969
2970
2977
2978
2980
2981
2985
2985
2986
2989
2997
2998
2999
3000
3000
3003
3004
3005
3005
3006
3007
3008
3016
3064
3066
3071
3077
3078
3084
3093
3100
3105
3106
3106
3108
3109
3111
3112
3112
3114
3114
3114
3115
3116
3118
3119
3119
3122
3123
3124
3124
3129
3131
3136
3137
3138
3138
3139
3140
3141
3142
3143
3143
3144
3144
3146
3147
3147
3153
3153
3155
3156
3157
3158
3158
3159
3160
3160
3161
3166
3166
3167
3168
3172
3174
3174
3174
3175
3176
3179
3179
3181
3181
3182
3182
3182
3183
3183
3183
3184
3185
3186
3187
3189
3191
3192
3192
3192
3193
3193
3193
3194
3194
3194
3195
3196
3198
3204
3223
3226
3229
3231
3231
3231
3231
3255
3265
3266
3269
3270
3270
3270
3270
3271
3271
3271
3271
3271
3271
3299
3300
3301
3304
3304
3305
3309
3310
3336
3345
3349
3351
3352
3352
3360
3382
3388
3393
3393
3399
3400
3401
3403
3412
3414
3418
3420
3424
3430
3431
3431
3432
3432
3434
3434
3437
3439
3440
3443
3447
3453
3462
3466
3466
3500
3501
3511
3512
3513
3514
3516
3517
3519
3530
3534
3544
3557
3559
3561
3563
3564
3565
3577
3582
3584
3591
3591
3598
3606
3609
3621
3625
3626
3637
3639
3640
3641
3647
3656
3661
3667
3667
3670
3671
3671
3671
3672
3672
3677
3720
3724
3724
3785
3807
3813
3814
3815
3816
3816
3816
3816
3816
3817
3817
3817
3818
3818
3854
3862
3865
3865
3898
3904
3912
3914
3939
3948
3950
3956
3956
4010
4017
4024
4033
4033
4033
4034
4035
4037
4038
4039
4040
4041
4049
4049
4050
4051
4051
4051
4052
4053
4053
4065
4066
4066
4068
4072
4078
4078
4079
4079
4080
4091
4092
4093
4093
4095
4097
4097
4097
4098
4099
4104
4111
4117
4117
4121
4121
4138
4138
4152
4157
4158
4158
4159
4160
4164
4165
4170
4170
4170
4170
4170
4171
4171
4172
4176
4183
4186
4199
4200
4212
4217
4220
4220
4222
4245
4251
4254
4263
4319
4324
4328
4330
4347
4353
4354
4355
4360
4362
4366
4380
4425
4433
4440
4453
4455
4460
4462
4463
4463
4463
4463
4463
4464
4464
4465
4465
4469
4470
4471
4474
4483
4498
4507
4509
4515
4518
4519
4556
4575
4579
4588
4588
4594
4605
4606
4606
4611
4611
4613
4613
4613
4616
4617
4618
4619
4620
4620
4624
4628
4630
4630
4631
4635
4638
4638
4639
4639
4639
4640
4640
4641
4641
4643
4649
4649
4652
4652
4653
4654
4663
4665
4667
4668
4680
4681
4683
4683
4709
4710
4715
4724
4724
4734
4734
4734
4734
4741
4741
4757
4757
4758
4758
4758
4760
4761
4827
4841
4855
4877
4878
4878
4882
4882
4893
4897
4911
4926
4927
4935
4964
4965
4977
4978
4986
4987
5040
5041
5044
5052
5084
5110
5130
5130
5131
5149
5150
5158
5166
5166
5170
5172
5173
5174
5178
5184
5191
5198
5201
5202
5205
5238
5240
5244
5262
5273
5309
5311
5311
5312
5350
5373
5377
5379
5379
5440
5443
5443
5443
5464
5472
5473
5475
5549
5552
5552
5565
5580
5580
5600
5633
5646
5646
5657
5671
5676
5684
5712
5716
5717
5744
5744
5747
5749
5750
5767
5769
5770
5771
5771
5775
5775
5778
5802
5802
5845
5845
5849
5856
5856
5856
5867
5933
5935
6010
6035
6038
6038
6039
6040
6041
6046
6047
6048
6054
6054
6054
6055
6056
6056
6056
6057
6057
6057
6057
6059
6062
6066
6066
6067
6067
6068
6071
6072
6075
6078
6081
6081
6082
6089
6089
6094
6094
6095
6096
6097
6103
6124
6149
6152
6163
6164
6167
6169
6206
6234
6234
6237
6238
6238
6239
6243
6246
6246
6258
6258
6261
6270
6272
6275
6279
6281
6285
6292
6296
6305
6306
6317
6335
6346
6349
6367
6370
6371
6374
6375
6375
6376
6377
6377
6378
6383
6391
6397
6398
6402
6412
6413
6416
6424
6424
6459
6459
6459
6459
6459
6459
6460
6625
6663
6725
6733
6770
6771
6794
6799
6825
6825
6826
6905
6913
6914
6920
6920
6920
6955
6988
7007
7024
7026
7036
7100
7137
7144
7144
7145
7147
7147
7170
7171
7174
7174
7176
7202
7340
7358
7425
7426
7435
7446
7447
7468
7471
7471
7473
7473
7475
7475
7477
7477
7477
7478
7480
7481
7481
7483
7484
7485
7485
7485
7489
7490
7494
7495
7495
7498
7498
7499
7499
7500
7507
7508
7519
7521
7522
7523
7524
7525
7525
7525
7525
7526
7528
7530
7537
7541
7550
7551
7560
7562
7562
7562
7563
7565
7565
7565
7566
7567
7567
7567
7572
7575
7576
7578
7580
7581
7581
7583
7583
7585
7591
7597
7598
7600
7602
7604
7610
7645
7651
7653
7653
7656
7663
7664
7668
7677
7677
7684
7687
7694
7694
7697
7698
7698
7806
7812
7814
7814
7876
7876
7908
7909
7910
7911
7914
7915
7950
7976
7979
7980
7981
7983
7994
8016
8026
8035
8036
8037
8041
8046
8049
8050
8056
8057
8059
8063
8066
8071
8073
8073
8075
8082
8082
8085
8092
8104
8114
8116
8117
8123
8125
8125
8125
8128
8136
8138
8147
8149
8150
8155
8155
8159
8166
8172
8184
8185
8186
8187
8200
8208
8221
8229
8230
8235
8245
8247
8247
8266
8267
8268
8268
8268
8269
8290
8292
8292
8294
8294
8294
8359
8408
8412
8412
8412
8417
8444
8453
8456
8457
8458
8466
8475
8482
8484
8504
8505
8505
8507
8509
8509
8510
8516
8516
8518
8519
8519
8519
8522
8524
8524
8526
8526
8526
8526
8526
8526
8526
8526
8526
8527
8527
8527
8527
8530
8530
8530
8530
8530
8530
8532
8537
8537
8537
8537
8537
8537
8542
8542
8542
8544
8555
8555
8555
8555
8555
8555
8555
8555
8555
8555
8555
8555
8555
8555
8555
8555
8555
8555
8555
8555
8557
8557
8559
8559
8559
8559
8559
8559
8559
8559
8559
8559
8559
8559
8559
8559
8559
8559
8559
8559
8559
8559
8569
8569
8569
8574
8578
8578
8578
8583
8583
8583
8583
8583
8583
8593
8593
8594
8594
8594
8597
8597
8598
8600
8603
8603
8603
8605
8605
8605
8605
8605
8605
8607
8607
8607
8608
8608
8608
8611
8611
8611
8611
8611
8613
8616
8618
8621
8624
8629
8638
8638
8639
8641
8644
8649
8650
8651
8652
8653
8663
8663
8666
8666
8666
8671
8671
8671
8677
8678
8678
8680
8680
8681
8681
8699
8699
8699
8704
8704
8712
8712
8715
8715
8715
8718
8744
8759
8761
8761
8761
8774
8780
8793
8793
8793
8793
8800
8800
8800
8800
8800
8800
8803
8803
8803
8803
8803
8803
8803
8805
8805
8805
8805
8876
8992
9003
9003
9003
9003
9003
9041
9042
9044
9044
9044
9044
9046
9046
9046
