2
3
3
3
3
4
4
4
4
5
6
6
6
6
6
6
7
7
7
7
7
8
8
8
8
8
8
8
8
8
8
9
9
9
9
9
9
9
9
9
9
9
10
10
10
10
10
10
10
10
10
11
11
11
11
11
11
12
12
12
12
12
12
12
12
12
13
13
13
14
14
14
14
14
14
14
14
15
15
15
15
15
15
15
15
16
16
16
16
16
16
16
16
16
17
17
17
17
18
18
18
18
18
18
18
18
18
19
19
19
19
19
19
19
19
19
19
19
19
20
20
21
21
21
21
21
21
22
22
22
22
22
22
22
23
23
23
23
24
24
24
24
24
24
24
24
24
25
25
25
25
25
25
25
26
26
26
26
27
27
27
27
28
28
28
28
28
28
29
29
29
29
29
30
30
31
31
31
31
31
31
31
31
31
31
31
31
32
32
32
32
32
32
32
32
32
33
33
33
34
34
34
34
34
34
34
34
34
34
35
35
35
35
35
35
35
36
36
36
36
36
37
37
37
37
38
38
38
38
39
40
40
40
40
41
41
41
41
41
41
41
41
42
42
42
42
42
42
42
42
43
43
43
43
43
43
44
44
44
44
45
45
45
45
45
45
45
46
46
46
46
46
46
46
46
46
46
46
47
47
47
47
47
47
48
48
48
48
48
50
50
50
51
51
51
51
51
51
51
52
52
52
52
52
53
53
53
53
53
53
53
53
53
53
53
53
53
53
53
54
54
54
54
54
54
55
55
55
55
55
55
55
56
56
56
56
56
56
57
57
57
58
58
58
58
58
59
59
60
60
60
60
60
60
60
60
60
60
60
61
61
61
61
62
62
62
62
62
62
63
63
63
63
63
63
63
63
63
63
63
64
64
64
64
64
64
64
64
64
64
64
64
64
64
64
64
64
65
65
65
65
65
65
65
66
66
66
67
67
67
67
67
67
67
67
67
68
68
68
68
68
68
68
68
68
68
68
69
69
69
69
69
69
69
69
69
69
69
69
69
69
69
70
70
70
70
70
70
70
71
71
71
71
71
71
71
73
73
73
73
73
75
75
75
76
76
76
76
77
77
77
77
77
77
77
77
77
78
78
78
78
78
78
78
78
79
79
79
79
80
80
80
80
81
82
82
82
83
83
84
84
84
84
84
84
84
85
85
86
86
86
87
87
87
87
87
88
88
88
88
89
89
89
90
90
90
90
91
91
91
91
91
91
91
91
91
92
92
92
92
92
92
92
92
92
92
92
92
92
92
92
92
92
92
92
93
93
93
93
93
93
94
94
94
94
94
94
94
94
94
95
95
95
95
95
95
96
96
96
97
97
97
98
98
98
98
98
98
98
98
98
99
99
99
99
100
100
100
100
100
100
100
100
100
101
101
101
101
101
102
102
102
102
103
103
104
104
104
104
104
105
105
105
105
105
106
106
106
106
107
107
107
107
107
107
108
108
108
109
109
109
109
109
110
110
110
110
110
111
111
111
111
111
111
112
112
112
112
113
113
113
113
114
114
114
114
114
114
114
114
115
115
116
116
116
117
118
118
118
118
118
119
119
119
119
119
119
121
121
121
121
122
122
122
122
122
122
122
123
123
124
124
125
125
126
126
127
127
127
127
127
128
128
128
128
128
128
128
128
128
129
129
130
131
131
132
132
133
133
134
134
134
134
134
135
135
135
135
135
136
136
136
136
137
137
137
137
138
138
138
138
138
139
139
139
139
139
139
139
139
140
140
141
141
141
141
141
142
142
142
142
142
143
143
143
144
144
144
144
144
145
146
146
146
146
146
146
146
147
147
147
147
147
147
147
147
147
147
147
148
148
148
148
148
148
149
149
149
150
150
150
150
150
150
150
150
151
151
151
151
152
152
152
153
153
153
153
153
153
153
153
154
154
154
154
154
154
154
154
154
155
155
155
155
155
155
155
156
156
156
156
156
156
156
156
156
157
157
157
157
157
157
158
158
158
158
158
159
159
160
161
161
161
161
162
162
162
162
163
163
163
163
163
164
164
164
165
165
165
166
166
166
167
167
167
167
167
167
168
169
169
169
169
169
169
169
169
170
170
170
170
170
171
171
171
171
171
171
171
171
171
171
172
172
172
172
173
173
174
174
174
174
175
175
175
175
176
176
176
176
177
178
180
181
181
181
181
181
181
181
182
182
182
182
182
183
183
183
183
184
184
185
185
185
185
185
185
185
186
186
186
186
186
186
187
187
188
188
188
188
188
188
188
188
188
189
189
189
189
190
190
190
191
191
191
192
192
192
192
192
192
193
193
193
194
194
194
195
195
195
195
195
196
196
196
196
197
198
199
199
199
200
200
200
200
200
200
200
201
201
202
202
202
202
203
203
203
203
203
204
204
204
205
205
205
206
206
206
206
207
207
207
207
207
208
208
208
209
209
209
210
210
210
210
210
210
210
211
211
211
211
211
211
212
212
212
212
212
212
213
213
213
213
214
214
214
214
214
214
215
215
215
216
216
216
216
216
216
216
216
216
216
216
216
217
217
218
218
218
218
218
219
220
220
220
220
220
220
221
222
222
222
222
222
222
222
222
223
223
223
223
223
223
223
224
224
224
224
224
224
224
224
224
225
225
225
226
226
226
226
226
226
226
226
226
226
227
227
227
227
228
228
228
228
230
230
230
231
232
232
232
232
232
233
233
234
234
234
234
234
235
235
235
235
235
235
235
235
235
236
236
236
236
236
236
236
236
238
238
238
239
239
239
239
239
239
239
239
240
240
240
241
241
241
242
242
243
243
243
243
243
243
243
244
245
246
246
246
247
247
247
247
248
248
249
249
249
250
250
251
251
252
252
253
253
253
254
254
254
254
254
254
254
255
255
256
256
256
256
257
257
258
259
261
262
262
264
264
265
265
265
266
267
267
269
271
272
273
273
273
273
274
274
274
277
277
277
278
278
279
282
283
284
285
286
287
290
290
290
293
293
293
293
293
293
296
297
297
297
300
301
301
302
302
303
303
303
304
306
306
311
311
311
311
314
315
315
316
316
316
316
317
317
318
320
320
320
321
322
323
323
323
324
325
327
327
331
331
332
332
332
333
334
335
336
336
338
339
340
342
343
343
344
344
345
345
345
346
346
348
348
348
348
349
349
350
350
350
350
351
351
352
352
353
355
355
355
357
357
358
359
359
359
360
362
362
362
362
363
363
363
364
364
365
365
365
365
365
365
366
366
366
366
366
366
367
367
367
368
368
368
368
368
369
369
369
370
370
370
371
372
372
372
372
373
373
373
374
374
374
375
375
376
376
377
377
378
378
378
379
379
379
379
379
379
380
380
380
380
380
381
381
381
381
381
382
382
382
382
382
382
383
383
383
383
384
384
384
384
384
384
385
386
386
386
386
387
387
387
387
387
388
389
389
389
389
389
390
390
391
391
391
391
391
391
391
392
392
392
392
392
392
392
395
397
397
397
397
397
398
399
399
399
399
401
402
402
403
403
404
405
405
405
405
407
407
408
408
408
409
410
410
411
412
412
412
413
413
414
414
414
415
415
415
416
417
417
418
422
423
423
424
424
425
425
425
425
427
428
430
431
432
433
434
435
436
437
437
437
437
437
438
438
439
439
439
441
443
443
448
448
453
457
458
458
459
462
463
468
471
473
474
480
480
483
484
487
490
492
492
493
493
495
497
497
498
498
498
498
498
498
499
499
500
506
509
510
511
511
512
514
517
518
518
520
521
521
521
521
521
522
525
530
532
533
533
535
537
537
537
541
542
543
544
549
558
564
566
577
586
586
601
605
607
607
607
609
609
611
618
618
620
624
625
628
629
631
635
639
649
658
658
660
661
664
666
666
666
666
666
667
671
671
671
672
673
674
675
675
676
676
676
676
681
682
682
683
683
683
684
684
684
685
686
686
686
687
687
689
697
699
699
700
702
703
704
704
707
708
708
708
709
709
711
712
712
713
714
714
715
715
716
716
718
720
720
721
724
724
725
725
725
725
725
727
729
730
730
731
731
732
737
737
737
739
745
746
746
749
750
750
751
753
757
759
760
761
761
761
761
762
763
763
768
768
768
769
769
769
769
769
769
769
770
770
770
770
773
773
774
775
775
780
781
782
784
784
786
786
788
789
789
792
792
794
795
798
800
800
804
804
804
805
808
810
810
812
813
814
817
825
828
831
834
836
836
840
840
848
849
851
852
852
853
853
853
853
853
854
863
863
866
866
876
877
883
883
884
887
890
902
902
904
904
919
922
923
929
930
939
940
942
942
943
946
950
959
970
973
976
977
980
990
992
993
994
995
995
997
998
999
1000
1000
1008
1008
1009
1009
1010
1010
1021
1022
1023
1025
1026
1028
1030
1030
1032
1032
1034
1035
1036
1040
1044
1044
1045
1045
1045
1046
1046
1051
1055
1055
1056
1059
1063
1064
1065
1066
1067
1068
1069
1076
1077
1077
1078
1079
1079
1080
1080
1081
1082
1083
1089
1092
1096
1099
1108
1112
1123
1124
1125
1125
1126
1126
1131
1131
1132
1135
1135
1137
1137
1137
1137
1138
1138
1138
1138
1139
1140
1142
1144
1146
1146
1151
1157
1158
1159
1160
1168
1170
1172
1173
1173
1173
1173
1173
1176
1177
1178
1179
1179
1182
1182
1182
1185
1185
1185
1186
1189
1189
1190
1192
1193
1197
1199
1200
1203
1203
1203
1206
1207
1207
1207
1209
1209
1210
1210
1210
1213
1213
1214
1214
1214
1216
1218
1218
1221
1221
1223
1224
1225
1227
1227
1233
1234
1237
1240
1241
1241
1243
1245
1246
1246
1249
1250
1258
1259
1262
1263
1264
1267
1267
1268
1270
1272
1274
1276
1280
1280
1281
1281
1281
1281
1282
1282
1282
1282
1284
1284
1285
1286
1290
1293
1294
1298
1300
1303
1304
1304
1304
1304
1307
1307
1314
1314
1317
1319
1321
1330
1338
1338
1342
1348
1368
1375
1388
1400
1408
1410
1410
1410
1413
1413
1415
1417
1418
1418
1421
1427
1430
1430
1431
1431
1431
1432
1432
1432
1432
1437
1438
1439
1445
1445
1454
1457
1465
1469
1470
1470
1471
1471
1472
1475
1476
1477
1477
1478
1479
1479
1480
1480
1480
1482
1486
1487
1487
1487
1487
1487
1488
1488
1488
1494
1494
1495
1497
1497
1497
1497
1497
1500
1502
1503
1506
1507
1508
1508
1509
1509
1510
1511
1511
1513
1513
1513
1514
1514
1515
1516
1518
1518
1520
1523
1524
1524
1524
1526
1528
1528
1532
1534
1534
1534
1534
1535
1535
1535
1536
1536
1538
1538
1539
1543
1544
1544
1548
1553
1555
1557
1557
1561
1561
1561
1561
1563
1564
1565
1565
1570
1580
1582
1589
1589
1589
1592
1593
1593
1593
1593
1597
1597
1597
1597
1599
1602
1604
1604
1604
1605
1605
1605
1605
1606
1606
1607
1607
1607
1609
1612
1612
1613
1613
1613
1614
1615
1615
1616
1616
1616
1616
1616
1620
1620
1620
1620
1620
1621
1621
1621
1621
1623
1623
1623
1624
1625
1626
1628
1628
1628
1629
1632
1632
1632
1632
1633
1633
1633
1634
1634
1634
1634
1634
1634
1634
1634
1634
1635
1636
1636
1636
1637
1637
1639
1639
1639
1642
1643
1643
1643
1643
1644
1646
1646
1646
1647
1650
1650
1650
1650
1650
1650
1650
1650
1650
1652
1652
1654
1655
1656
1657
1659
1665
1667
1670
1670
1671
1671
1671
1671
1671
1673
1675
1675
1675
1675
1675
1678
1679
1680
1683
1683
1684
1685
1686
1686
1686
1689
1691
1702
1702
1704
1705
1706
1706
1718
1719
1721
1721
1722
1722
1723
1732
1732
1732
1732
1732
1735
1735
1735
1735
1741
1743
1745
1750
1750
1755
1756
1759
1761
1762
1762
1765
1766
1768
1769
1769
1769
1771
1773
1777
1778
1779
1779
1781
1782
1782
1787
1790
1790
1790
1790
1790
1791
1791
1792
1792
1792
1792
1795
1799
1802
1807
1815
1817
1828
1838
1846
1846
1849
1854
1854
1860
1863
1879
1880
1882
1884
1887
1887
1888
1889
1890
1897
1898
1905
1905
1917
1917
1921
1922
1922
1927
1932
1933
1933
1933
1933
1933
1933
1933
1933
1933
1933
1933
1933
1933
1935
1937
1939
1939
1939
1939
1939
1941
1942
1946
1947
1949
1949
1952
1955
1959
1961
1962
1965
1965
1965
1965
1965
1965
1972
1972
1972
1972
1972
1972
1974
1985
1991
1991
1993
1995
1996
2002
2002
2002
2002
2003
2010
2010
2010
2010
2010
2011
2018
2019
2024
2031
2033
2055
2056
2059
2061
2063
2064
2065
2066
2066
2066
2066
2067
2071
2071
2072
2073
2073
2073
2081
2084
2084
2091
2093
2093
2093
2098
2098
2098
2098
2098
2098
2099
2099
2099
2099
2099
2099
2105
2105
2113
2113
2113
2113
2122
2176
2198
2221
2250
2256
2261
2270
2270
2274
2276
2277
2315
2318
2318
2319
2319
2353
2355
2365
2367
2368
2368
2368
2370
2393
2395
2395
2395
2401
2402
2428
2430
2432
2433
2490
2492
2496
2498
2498
2503
2504
2504
2504
2505
2505
2505
2522
2529
2529
2529
2535
2541
2543
2545
2578
2594
2599
2606
2606
2610
2611
2616
2616
2625
2629
2656
2656
2677
2678
2678
2679
