2
3
3
4
4
4
5
5
5
6
7
7
7
8
8
8
8
8
9
9
9
10
10
10
10
10
11
11
11
11
11
11
11
11
11
11
12
12
12
12
12
13
13
13
13
13
13
13
13
13
13
14
14
14
14
14
15
15
15
15
15
16
17
17
17
17
18
19
19
20
20
20
21
21
22
23
24
24
25
26
26
26
26
27
28
29
29
29
29
29
29
30
30
30
30
31
31
32
32
32
32
33
34
34
34
34
34
35
36
37
38
38
38
39
40
40
40
40
40
40
40
40
42
46
47
48
48
48
48
49
49
50
50
50
53
53
55
55
55
57
58
59
60
62
62
62
63
64
65
65
65
66
66
66
69
69
69
69
70
70
73
73
74
75
77
77
78
79
80
82
84
87
87
88
89
91
91
93
93
94
94
94
95
98
101
101
104
105
105
106
106
110
114
117
118
122
122
123
124
125
127
128
129
130
134
136
136
138
139
139
140
141
142
143
145
146
146
149
150
152
154
154
155
156
156
157
158
158
158
158
159
159
159
160
162
162
162
162
164
165
169
174
176
177
177
177
180
181
181
181
183
183
183
183
183
184
184
187
187
188
188
188
189
190
192
192
192
193
193
193
193
194
195
196
197
198
199
200
200
201
202
202
203
204
204
204
204
204
205
205
206
206
207
207
208
208
208
209
210
211
211
212
214
215
215
216
216
216
216
217
218
218
219
219
219
220
222
223
225
226
227
227
228
228
229
229
230
230
232
232
232
233
236
236
238
238
239
239
239
239
240
240
241
242
243
244
245
246
247
247
247
248
249
251
251
253
261
261
262
264
265
267
268
268
269
270
272
276
277
277
279
281
282
283
283
283
285
287
289
289
293
294
294
295
301
301
307
307
310
310
311
311
311
312
314
318
319
320
322
324
325
329
329
329
330
331
331
333
333
336
336
337
338
339
340
342
343
343
346
346
347
348
349
350
352
355
355
356
358
359
362
362
362
362
362
363
363
364
365
367
371
371
373
375
376
379
379
381
385
387
392
394
396
398
398
400
404
404
407
409
409
423
426
426
427
440
458
460
492
493
495
495
496
497
498
502
503
506
509
520
520
521
521
523
526
527
528
530
531
532
534
535
535
536
536
540
541
542
544
544
546
547
548
550
551
551
552
553
553
554
555
556
562
563
563
563
564
564
567
569
570
577
582
584
584
589
594
597
597
597
602
603
603
606
606
606
606
606
611
612
616
617
633
636
637
642
643
648
649
650
653
655
659
667
668
669
673
673
675
675
679
682
683
684
685
689
690
694
694
694
698
698
698
698
699
700
705
705
706
706
707
712
720
720
723
724
727
727
727
728
729
730
731
731
736
745
749
754
754
755
764
767
768
768
768
786
787
789
791
793
812
815
816
818
822
823
840
841
842
844
847
849
849
869
893
972
984
1009
1017
1025
1026
1030
1032
1036
1040
1041
1043
1044
1044
1054
1059
1059
1060
1060
1060
1060
1067
1070
1074
1076
1076
1077
1077
1078
1079
1079
1080
1081
1081
1082
1082
1082
1082
1083
1083
1085
1085
1087
1088
1089
1089
1096
1097
1097
1097
1098
1101
1109
1121
1121
1122
1129
1136
1154
1155
1155
1161
1162
1174
1175
1176
1176
1176
1179
1186
1186
1187
1192
1202
1239
1243
1243
1245
1264
1276
1276
1303
1304
1307
1325
1326
1326
1326
1336
1341
1346
1353
1359
1409
1421
1425
1425
1425
1426
1426
1426
1427
1427
1427
1429
1429
1430
1432
1432
1433
1435
1435
1437
1438
1439
1439
1439
1440
1441
1441
1442
1442
1446
1447
1448
1449
1449
1450
1452
1455
1456
1457
1458
1460
1460
1461
1462
1462
1464
1465
1465
1465
1465
1466
1467
1467
1468
1468
1468
1469
1469
1470
1470
1470
1471
1472
1473
1473
1473
1473
1473
1473
1473
1474
1474
1475
1475
1475
1475
1475
1475
1475
1475
1476
1476
1476
1477
1477
1477
1478
1479
1479
1479
1480
1480
1480
1480
1480
1481
1481
1481
1481
1481
1482
1482
1483
1483
1485
1488
1488
1488
1489
1489
1489
1490
1490
1491
1492
1492
1493
1494
1495
1495
1496
1497
1498
1498
1502
1509
1511
1515
1515
1517
1521
1535
1543
1545
1552
1552
1552
1552
1552
1552
1556
1558
1559
1563
1567
1569
1576
1577
1579
1581
1584
1584
1584
1585
1586
1589
1593
1595
1597
1598
1599
1600
1605
1611
1613
1615
1618
1618
1619
1620
1626
1629
1630
1630
1630
1633
1647
1656
1662
1665
1667
1667
1669
1670
1670
1670
1676
1676
1676
1677
1677
1678
1678
1685
1692
1694
1694
1695
1695
1695
1695
1695
1695
1695
1696
1697
1699
1700
1701
1710
1715
1715
1716
1720
1750
1753
1754
1756
1757
1766
1784
1784
1784
1787
1788
1788
1789
1789
1790
1826
1853
1854
1860
1866
1870
1872
1874
1877
1879
1879
1881
1882
1883
1890
1891
1912
1915
1916
1925
1931
1931
1932
1932
1932
1934
1934
1934
1938
1938
1939
1940
1940
1944
1946
1946
1946
1950
1955
1959
1962
1963
1964
1964
1965
1966
1969
1975
1975
1975
1976
1976
1982
1983
1983
1986
1990
1997
2000
2007
2008
2008
2010
2011
2011
2014
2016
2021
2022
2023
2024
2028
2028
2029
2029
2029
2031
2033
2034
2037
2046
2046
2050
2052
2053
2054
2054
2057
2060
2060
2061
2065
2067
2073
2083
2114
2125
2146
2158
2161
2161
2163
2173
2179
2183
2183
2183
2185
2189
2194
2203
2220
2222
2240
2363
2363
2373
2374
2388
2399
2404
2406
2414
2415
2418
2420
2421
2421
2451
2454
2471
2498
2521
2524
2524
2568
2659
2660
2670
2681
2703
2713
2726
2726
2751
2767
2770
2776
2776
2777
2782
2812
2822
2828
2829
2836
2836
2839
2839
2846
2847
2847
2850
2851
2856
2856
2859
2860
2953
2961
2963
2964
2966
2969
2970
2970
2970
2972
2974
2978
2979
2982
2986
2987
2988
2988
2989
2989
2993
2995
2996
2998
2999
2999
3002
3004
3006
3007
3007
3008
3008
3011
3011
3013
3018
3070
3073
3073
3086
3091
3100
3100
3103
3107
3108
3108
3108
3108
3109
3112
3113
3115
3123
3123
3126
3127
3130
3133
3135
3140
3141
3142
3145
3145
3147
3156
3169
3185
3189
3195
3195
3200
3205
3206
3207
3207
3211
3212
3213
3214
3215
3215
3217
3218
3220
3221
3239
3242
3244
3245
3249
3252
3253
3296
3298
3298
3301
3304
3305
3308
3314
3314
3314
3315
3324
3325
3326
3327
3327
3327
3327
3327
3328
3328
3329
3329
3329
3329
3331
3332
3333
3335
3347
3347
3347
3347
3347
3347
3348
3350
3350
3350
3351
3351
3352
3352
3352
3353
3353
3353
3445
3446
3456
3457
3458
3459
3465
3469
3473
3474
3475
3475
3475
3475
3480
3480
3483
3486
3488
3490
3494
3499
3499
3499
3499
3500
3501
3501
3501
3501
3502
3511
3514
3514
3514
3516
3518
3518
3519
3519
3519
3520
3520
3521
3522
3527
3529
3550
3553
3555
3555
3555
3556
3556
3558
3559
3561
3561
3569
3572
3574
3588
3597
3597
3597
3597
3598
3598
3598
3598
3600
3602
3603
3604
3613
3647
3651
3653
3666
3666
3667
3669
3669
3669
3669
3671
3671
3671
3672
3672
3672
3673
3674
3675
3678
3679
3679
3680
3683
3684
3685
3686
3686
3687
3687
3688
3688
3705
3705
3707
3712
3714
3715
3717
3718
3719
3721
3722
3726
3736
3774
3780
3781
3784
3791
3793
3794
3794
3794
3799
3799
3799
3799
3805
3806
3807
3807
3807
3812
3812
3816
3817
3818
3819
3824
3824
3824
3825
3831
3831
3831
3831
3831
3834
3835
3835
3839
3841
3842
3845
3855
3856
3861
3893
3893
3894
3940
3941
3945
3953
3959
3961
3983
3985
4011
4012
4018
4018
4055
4056
4058
4058
4058
4060
4072
4073
4073
4074
4074
4080
4081
4081
4082
4083
4083
4087
4092
4092
4094
4102
4103
4105
4113
4115
4115
4116
4116
4146
4148
4149
4151
4153
4160
4164
4166
4169
4170
4179
4180
4180
4182
4183
4183
4190
4190
4204
4229
4263
4290
4320
4460
4462
4462
4463
4471
4472
4475
4475
4475
4477
4479
4481
4485
4487
4487
4489
4489
4490
4495
4496
4497
4498
4500
4501
4501
4501
4504
4505
4506
4508
4510
4512
4512
4514
4518
4518
4525
4527
4527
4527
4533
4535
4536
4547
4548
4549
4553
4554
4560
4561
4585
4593
4597
4618
4618
4618
4618
4618
4618
4630
4638
4639
4649
4653
4653
4653
4653
4659
4660
4665
4666
4676
4676
4677
4679
4679
4679
4681
4683
4686
4693
4693
4697
4697
4699
4700
4701
4706
4707
4710
4714
4723
4724
4727
4729
4729
4729
4730
4731
4731
4731
4731
4732
4732
4735
4737
4737
4738
4739
4739
4742
4745
4746
4747
4750
4753
4760
4762
4763
4765
4767
4767
4773
4775
4775
4778
4781
4792
4797
4800
4811
4822
4825
4834
4841
4841
4842
4842
4843
4843
5018
5021
5038
5038
5043
5043
5044
5046
5046
5047
5047
5051
5056
5056
5057
5057
5058
5058
5059
5059
5063
5070
5073
5074
5074
5074
5075
5075
5076
5076
5076
5076
5077
5081
5084
5085
5085
5087
5087
5090
5098
5104
5126
5132
5134
5142
5142
5144
5152
5153
5158
5164
5165
5165
5173
5173
5174
5175
5176
5179
5181
5182
5186
5190
5210
5211
5213
5223
5223
5224
5258
5263
5270
5278
5279
5336
5339
5350
5384
5390
5400
5402
5403
5414
5415
5415
5419
5423
5423
5423
5425
5425
5440
5469
5470
5474
5482
5484
5486
5535
5634
5634
5638
5639
5639
5640
5644
5645
5647
5671
5673
5688
5690
5692
5694
5716
5717
5730
5731
5738
5738
5738
5740
5743
5751
5752
5754
5768
5768
5769
5772
5775
5775
5778
5796
5804
5810
5812
5859
5870
5877
5881
5882
5884
5885
5888
5889
5892
5911
5911
5923
5989
5990
5990
5990
6027
6028
6029
6030
6036
6038
6048
6050
6106
6106
6107
6109
6113
6113
6114
6116
6116
6119
6128
6130
6132
6132
6132
6137
6137
6140
6141
6142
6143
6143
6154
6158
6158
6159
6159
6160
6160
6176
6177
6179
6182
6182
6191
6195
6199
6202
6226
6228
6231
6243
6256
6265
6272
6284
6289
6289
6292
6292
6292
6292
6294
6294
6295
6303
6310
6311
6313
6331
6338
6338
6349
6350
6523
6523
6528
6529
6529
6532
6534
6542
6542
6571
6572
6572
6627
6637
6725
6746
6748
6753
6755
6760
6799
6805
6808
7120
7126
7127
7128
7128
7129
7129
7129
7129
7129
7129
7130
7130
7134
7134
7136
7141
7144
7144
7144
7151
7168
7170
7172
7172
7188
7199
7411
7415
7416
7574
7577
7587
7589
7691
7696
7708
7792
7891
7893
7894
7920
7920
7921
7923
7928
8005
8005
8006
8006
8006
8008
8014
8032
8042
8046
8047
8048
8053
8056
8069
8069
8069
8070
8081
8082
8089
8089
8093
8098
8100
8100
8102
8103
8106
8107
8111
8112
8113
8116
8117
8118
8119
8120
8120
8121
8121
8125
8125
8126
8172
8172
8181
8184
8200
8202
8203
8203
8204
8206
8217
8217
8218
8218
8218
8218
8218
8218
8219
8219
8220
8222
8222
8223
8236
8245
8246
8246
8250
8250
8251
8251
8258
8258
8262
8299
8341
8342
8530
8545
8546
8549
8549
8550
8551
8562
8563
8566
8566
8583
8583
8583
8584
8584
8620
8623
8624
8631
8633
8635
8642
8643
8648
8648
8648
8649
8649
8649
8649
8651
8655
8661
8671
8677
8685
8686
8686
8687
8693
8717
8722
8722
8723
8728
8731
8738
8740
8748
8748
8748
8749
8749
8796
8805
8805
8805
8805
8812
8813
8814
8814
8817
8831
8836
8836
8848
8856
8856
8856
8856
8858
8858
8858
8858
8862
8862
8871
8875
8877
8948
8994
8996
8998
8999
9000
9009
9010
9015
9015
9020
9022
9023
9026
9060
9061
9064
9068
9100
9104
9112
9112
9113
9113
9114
9118
9118
9124
9127
9128
9140
9145
9145
9145
9146
9146
9169
9177
9182
9192
9194
9199
9199
9209
9210
9210
9216
9216
9217
9220
9221
9223
9226
9226
9228
9229
9232
9238
9239
9240
9241
9241
9247
9254
9256
9270
9271
9279
9283
9289
9291
9291
9298
9342
9390
9421
9421
9422
9422
9422
9423
9426
9437
9437
9440
9453
9485
9512
9512
9527
9532
9539
9543
9790
9801
9802
9805
9840
9918
9918
9919
9920
9924
9925
10207
10296
10302
10344
10378
10378
10396
10396
10554
10560
10588
10588
10593
10684
10747
10757
10758
10763
10770
10771
10783
10789
10864
10867
10867
10867
10867
10873
10873
10873
10885
10886
10890
10890
10890
10935
10936
10936
10937
10937
10949
10956
10963
10965
10966
10974
10975
10977
10983
10983
10983
11100
11108
11113
11116
11116
11116
11130
11136
11151
11220
11245
11245
11245
11256
11397
11397
11397
11397
11399
11399
11399
11399
11400
11400
11400
11400
11400
11401
11403
11405
11421
11432
11432
11432
11432
11432
11432
11435
11435
11435
11436
11436
11436
11439
11439
11444
11444
11444
11451
11452
11452
11452
11452
11452
11470
11483
11488
11494
11559
11597
11600
11600
11616
11617
11618
11621
11621
11627
11627
11637
11642
11642
11644
11649
11649
11650
11651
11667
11667
11667
11667
11667
11667
11667
11667
11667
11667
11667
11669
11669
11669
11669
11669
11669
11671
11676
11687
11690
11694
11694
11701
11705
11705
11709
11716
11716
11719
11720
11727
11727
11731
11731
11740
11740
11746
11747
11751
11752
11753
11757
11759
12008
12010
12010
12023
12023
12024
12024
12032
12044
12044
12044
12044
12044
12044
12044
12044
12044
12044
12044
12044
12044
12044
12044
12044
12044
12044
12044
12044
12044
12044
12044
12044
12050
12083
12097
12101
12104
12104
12105
12123
12129
12129
12130
12131
12143
12148
12149
12149
12149
12151
12151
12151
12153
12153
12153
12200
12202
12204
12208
12209
12216
12219
12230
12230
12230
12235
12235
12235
12235
12236
12236
12240
12240
12240
12240
12240
12240
12243
12246
12246
12246
12250
12256
12257
12257
12257
12259
12347
12354
12355
12500
12501
12504
12516
12516
12519
12523
12523
12681
12681
12682
12682
12682
12682
12683
12683
12738
12748
12778
12778
12778
12778
12778
12780
12780
12784
12784
12784
12784
12784
12792
12795
12800
12805
12812
12847
12847
12855
12855
12857
12857
12882
12886
12887
12894
12894
12894
12894
12894
12898
12900
12901
12901
12908
12916
12917
12919
12924
12927
12927
12927
12927
12929
13026
13026
13048
13048
13048
13048
13048
13070
13070
13070
13070
13070
13070
13070
13070
13070
13070
13077
13077
13153
13162
13180
13181
13181
13188
13188
13188
13188
13204
13218
13218
13223
13223
13223
13225
13225
13230
13234
13234
