2
2
3
3
3
3
4
4
5
5
5
6
6
7
7
7
7
7
8
8
8
8
8
8
8
8
9
9
9
9
9
9
9
9
9
9
9
9
9
10
10
10
10
10
10
11
11
11
11
11
11
11
11
11
12
12
12
12
12
12
12
12
12
12
13
13
13
13
13
13
14
14
14
14
14
14
14
14
14
14
15
15
16
16
16
16
17
17
17
17
18
18
18
18
19
19
20
20
20
20
20
20
20
20
21
21
22
22
23
23
23
23
24
24
24
24
25
25
25
25
25
25
26
26
26
27
27
27
28
28
28
28
28
29
29
29
30
30
30
32
32
32
33
33
33
34
34
34
35
35
35
35
36
36
36
36
37
37
37
37
38
38
38
39
39
39
40
40
40
40
40
40
40
40
41
41
41
41
41
41
42
43
43
43
44
44
44
45
45
45
45
46
47
47
47
48
48
48
49
49
50
50
51
51
51
51
51
52
52
52
52
53
53
54
54
54
55
55
55
56
56
57
57
58
58
58
58
58
59
59
59
59
59
60
60
60
61
61
62
63
63
63
64
64
64
65
65
65
65
66
66
67
67
68
68
68
69
69
69
69
69
70
70
70
70
71
71
71
71
71
72
72
72
72
72
73
73
73
73
73
73
74
74
74
75
75
75
76
77
77
77
77
77
78
78
78
78
78
78
78
79
79
80
80
80
80
81
81
82
82
82
82
82
83
83
84
84
84
84
85
85
85
85
86
87
87
88
88
89
89
90
91
91
91
92
92
93
93
93
94
94
94
95
95
95
95
95
95
95
96
96
96
96
97
98
98
98
98
99
100
100
100
101
101
101
101
101
102
102
102
102
102
102
103
103
103
103
103
104
104
104
104
104
104
105
105
105
105
105
105
106
106
106
107
107
107
107
107
108
108
108
108
108
109
109
109
109
109
109
110
110
110
110
110
111
111
111
112
113
114
115
115
116
117
117
118
118
118
119
119
121
121
121
122
123
124
124
124
124
124
124
125
125
125
126
126
127
127
127
128
128
128
128
128
128
128
128
129
130
130
130
130
130
131
131
131
131
131
131
132
132
132
133
133
133
133
133
134
134
134
134
135
135
135
135
136
136
137
137
138
138
138
138
138
138
140
140
140
140
140
141
141
142
142
143
143
143
143
143
143
143
143
144
144
144
145
145
146
146
146
146
147
147
147
147
147
147
147
147
147
148
148
148
148
148
148
149
149
149
149
149
150
150
150
150
150
150
151
151
151
151
151
151
152
152
152
153
153
153
153
154
154
154
154
154
154
155
155
155
155
155
155
155
155
155
155
155
155
155
156
156
156
156
156
156
156
156
156
157
157
157
157
157
157
157
157
157
157
157
158
158
158
158
158
158
158
158
158
159
159
159
159
159
159
159
160
160
161
161
162
162
162
162
162
163
163
163
163
163
163
163
163
163
164
164
164
164
164
164
164
164
165
165
165
165
165
166
166
166
166
166
166
166
167
167
167
167
167
167
167
167
167
168
168
168
168
169
169
169
169
169
169
169
169
169
169
170
170
170
170
171
171
171
171
171
171
171
171
172
172
172
172
172
172
172
173
173
174
174
174
175
175
175
175
175
175
175
175
175
176
176
176
176
176
177
177
177
177
177
177
178
178
178
179
179
179
180
180
180
180
181
182
182
183
183
183
183
183
183
184
184
184
184
185
185
185
185
185
186
186
186
186
186
187
187
187
187
187
188
188
189
189
189
189
189
189
189
190
190
190
190
190
191
191
191
191
191
192
192
192
192
192
192
192
193
193
193
194
194
194
194
194
194
194
195
196
196
197
197
197
197
197
197
197
198
198
198
198
199
199
199
199
199
199
199
199
199
199
200
200
200
200
200
201
201
201
202
202
202
202
202
202
202
203
203
203
203
203
203
203
204
204
204
204
206
206
206
208
208
208
208
208
208
209
209
210
210
210
210
211
211
211
211
211
212
212
212
212
213
213
213
213
213
214
214
214
214
214
214
214
215
215
216
216
216
217
218
218
218
219
219
220
220
220
221
221
221
221
221
221
221
222
222
223
223
223
223
224
224
224
224
225
225
225
226
226
226
226
227
227
227
227
227
228
228
228
228
228
228
229
230
230
230
230
230
231
232
232
232
232
233
234
235
235
235
236
236
238
238
238
238
238
239
239
239
240
240
240
240
240
240
241
241
241
241
241
241
242
243
243
244
244
245
245
245
245
245
246
246
246
246
247
247
247
247
247
247
247
248
248
248
248
248
249
249
249
249
249
249
249
250
250
250
250
250
250
251
251
251
251
251
251
251
251
252
252
252
253
253
253
253
253
254
254
257
257
258
258
258
259
260
260
260
261
261
261
262
263
264
266
266
269
269
269
270
270
270
271
272
272
273
273
274
274
274
274
276
276
276
276
276
277
277
278
278
278
279
279
279
279
279
280
280
280
280
280
280
280
280
280
281
281
281
281
282
282
282
282
282
283
283
284
284
284
285
285
285
285
286
286
287
287
287
289
289
290
291
292
292
292
293
293
293
294
295
296
296
296
297
298
298
298
299
300
302
303
304
306
307
307
309
310
310
312
312
313
313
313
315
315
315
315
315
316
316
317
324
324
324
324
325
326
327
329
331
331
331
332
335
336
336
336
336
337
337
340
341
341
345
346
347
348
349
358
359
364
364
366
368
370
370
370
370
370
370
371
371
371
372
374
374
375
376
378
379
379
380
380
382
384
384
385
385
386
386
386
387
387
387
388
388
388
388
390
390
390
391
391
392
393
394
396
397
397
397
397
397
397
398
399
399
399
400
400
401
401
402
403
406
406
406
407
407
407
407
408
408
409
409
411
411
411
413
416
416
417
418
418
419
420
420
420
421
422
423
424
424
425
425
430
432
434
434
435
436
437
440
441
441
443
444
445
446
447
447
448
448
448
448
448
448
450
451
458
463
463
464
466
467
467
468
470
472
472
473
473
477
484
488
488
489
490
490
492
499
500
504
505
506
508
508
509
510
512
512
512
513
514
515
515
517
517
517
518
518
518
519
519
520
521
523
523
524
526
526
527
528
530
531
534
534
536
536
540
540
540
550
555
558
559
559
561
571
574
574
574
575
576
577
579
582
582
583
583
586
589
590
591
591
593
593
593
595
596
598
598
600
600
601
601
603
603
604
610
614
618
619
619
628
631
631
637
645
648
652
654
657
657
660
661
662
662
671
674
677
678
709
727
768
771
772
835
836
872
892
892
899
915
916
919
920
923
924
926
938
938
939
939
939
939
945
956
958
960
960
972
976
976
978
995
999
1000
1149
1149
1205
1240
1244
1247
1276
1277
1277
1277
1279
1292
1295
1296
1296
1297
1299
1300
1313
1315
1316
1320
1338
1339
1364
1376
1379
1384
1387
1406
1407
1421
1422
1422
1427
1427
1428
1428
1431
1431
1432
1432
1434
1434
1434
1434
1434
1434
1435
1435
1436
1436
1436
1436
1436
1437
1437
1437
1437
1438
1438
1438
1438
1438
1438
1439
1439
1439
1439
1440
1440
1440
1440
1440
1440
1440
1440
1440
1440
1440
1440
1440
1440
1441
1441
1441
1441
1441
1442
1442
1442
1442
1442
1443
1443
1443
1444
1444
1444
1445
1445
1445
1445
1446
1446
1447
1447
1448
1450
1451
1452
1452
1453
1456
1458
1464
1465
1465
1466
1466
1467
1467
1467
1467
1467
1468
1477
1477
1482
1482
1482
1483
1484
1492
1492
1493
1493
1494
1494
1494
1495
1495
1495
1496
1496
1496
1496
1496
1497
1500
1500
1500
1504
1504
1504
1505
1505
1506
1507
1507
1507
1508
1508
1509
1510
1510
1511
1513
1514
1514
1515
1515
1516
1520
1520
1522
1522
1522
1524
1524
1524
1525
1526
1531
1532
1532
1533
1533
1533
1533
1533
1535
1535
1536
1536
1537
1538
1538
1540
1540
1541
1542
1545
1549
1550
1553
1553
1556
1557
1557
1557
1558
1559
1561
1561
1562
1570
1570
1571
1572
1572
1572
1573
1574
1575
1575
1575
1575
1577
1578
1580
1580
1580
1582
1585
1585
1586
1586
1586
1587
1588
1588
1589
1590
1592
1592
1592
1594
1594
1596
1602
1603
1605
1606
1606
1608
1608
1609
1609
1609
1609
1609
1610
1612
1612
1613
1614
1615
1616
1616
1617
1617
1617
1617
1618
1618
1618
1619
1619
1620
1620
1620
1620
1623
1624
1624
1624
1625
1625
1628
1630
1632
1633
1634
1636
1642
1642
1645
1646
1651
1651
1652
1652
1653
1654
1655
1658
1658
1664
1665
1670
1671
1671
1672
1672
1672
1672
1672
1672
1677
1680
1681
1681
1686
1686
1688
1688
1688
1688
1688
1688
1688
1688
1688
1689
1689
1690
1690
1690
1690
1690
1690
1690
1697
1698
1698
1698
1698
1700
1700
1700
1700
1702
1705
1705
1705
1707
1708
1708
1708
1709
1710
1711
1711
1714
1714
1715
1716
1716
1718
1719
1720
1720
1734
1743
1759
1761
1763
1779
1876
1877
1877
1877
1877
1919
1947
1947
1948
1948
1948
1949
1951
1951
1958
1958
1960
1960
1964
1966
1967
1967
1967
1967
1968
1980
1982
2003
2005
2024
2026
2029
2029
2055
2056
2129
2196
2196
2207
2218
2234
2235
2237
2239
2250
2252
2254
2256
2258
2260
2261
2268
2273
2292
2296
2320
2326
2364
2367
2372
2374
2381
2407
2410
2424
2425
2443
2444
2461
2491
2503
2508
2508
2508
2518
2518
2528
2542
2545
2546
2548
2554
2555
2558
2565
2566
2572
2580
2584
2585
2587
2588
2588
2589
2599
2602
2606
2610
2612
2613
2625
2637
2744
2749
2753
2762
2770
2771
2772
2772
2781
2781
2783
2788
2789
2818
2834
2836
2839
2844
2861
2862
2862
2862
2874
2905
2907
2911
2912
2914
2915
2937
2938
2941
2942
2944
2945
2951
2953
2955
2981
2985
2986
2987
2987
2995
2996
2997
2998
3000
3000
3002
3002
3003
3024
3036
3041
3055
3140
3151
3154
3154
3156
3167
3167
3169
3170
3171
3173
3174
3177
3177
3179
3179
3181
3181
3183
3187
3188
3189
3190
3236
3237
3249
3249
3258
3269
3275
3282
3282
3290
3291
3291
3296
3300
3348
3348
3358
3358
3389
3406
3418
3429
3484
3546
3558
3627
3633
3634
3634
3649
3653
3658
3663
3665
3666
3666
3666
3666
3667
3667
3676
3677
3679
3684
3704
3755
3839
3842
3844
3847
3849
3851
3851
3853
3854
3857
3858
3861
3864
3867
3869
3870
3870
3870
3874
3875
3878
3879
3880
3883
3883
3888
3890
3896
3898
3907
3910
3912
3913
3918
3918
3918
3919
3919
3920
3921
3923
3929
3929
3932
3936
3936
3938
3938
3942
3942
3943
3944
3947
3947
3948
3948
3948
3949
3949
3950
3951
3951
3951
3953
3953
3955
3955
3958
3959
3965
3969
3970
3978
3979
3979
3979
3980
3981
4010
4140
4156
4157
4192
4289
4290
4291
4292
4294
4294
4305
4305
4306
4309
4310
4314
4315
4315
4316
4317
4318
4322
4322
4326
4326
4327
4327
4329
4330
4333
4337
4342
4344
4346
4346
4354
4355
4355
4355
4355
4357
4373
4373
4373
4373
4374
4374
4374
4374
4381
4385
4385
4385
4388
4391
4391
4391
4391
4392
4393
4393
4393
4393
4393
4393
4394
4397
4400
4400
4400
4400
4400
4400
4402
4405
4406
4407
4407
4407
4407
4407
4407
4407
4409
4409
4411
4411
4412
4412
4412
4413
4414
4414
4416
4416
4419
4422
4422
4432
4432
4437
4438
4440
4440
4449
4451
4454
4461
4461
4461
4461
4461
4464
4467
4468
4468
4468
4468
4468
4468
4468
4473
4474
4475
4475
4478
4484
4484
4486
4486
4486
4488
4488
4488
4488
4527
4541
4555
4558
4558
4561
4577
4577
4577
4577
4577
4577
4577
4577
4577
4577
4577
4577
4580
4580
4580
4580
4580
4580
4585
4589
4594
4595
4606
4606
4606
4606
4608
4610
4611
4612
4612
4612
4612
4612
4612
4612
4612
4615
4618
4622
4628
4629
4631
4632
4632
4638
4661
4666
4722
4722
4725
4742
4909
4917
4931
4932
4932
4937
4940
4941
4955
4956
4962
4974
4980
4986
4989
4996
4996
4997
5000
5026
5075
5084
5084
5084
5085
5085
5085
5086
5101
5102
5108
5111
5111
5111
5113
5129
5133
5139
5147
5183
5191
5193
5200
5221
5363
5375
5375
5375
5378
5378
5384
5385
5385
5385
5386
5388
5389
5389
5391
5397
5403
5403
5409
5410
5412
5413
5426
5463
5465
5471
5476
5477
5477
5478
5478
5481
5481
5487
5487
5492
5492
5498
5498
5498
5498
5498
5498
5498
5498
5498
5498
5513
5513
5513
5523
5534
5534
5534
5534
5534
5534
5536
5536
5536
5536
5536
5536
5536
5536
5536
5536
5536
5536
5537
5537
5537
5537
5537
5537
5545
5545
5545
5545
5545
5545
5552
5552
5552
5552
5552
5552
5553
5553
5553
5553
5553
5553
5563
5563
5563
5564
5564
5564
5566
5566
5566
5567
5567
5567
5567
5567
5571
5571
5573
5574
5574
5584
5590
5590
5591
5593
5593
5593
5593
5593
5594
5594
5594
5594
5594
5594
5600
5601
5608
5608
5608
5608
5608
5608
5608
5611
5611
5611
5611
5611
5611
5611
5619
5619
5619
5620
5620
5620
5620
5620
5624
5626
5628
5629
5635
5635
5637
5644
5644
5651
5653
5653
5657
5657
5657
5658
5658
5659
5661
5661
5668
5668
5668
5668
5668
5668
5668
5668
5671
5676
5676
5681
5682
5683
5683
5685
5687
5687
5687
5688
5688
