1
2
2
3
3
3
4
4
5
5
6
6
7
7
7
7
7
7
8
8
8
8
8
8
8
8
8
9
9
9
9
9
9
10
10
10
10
10
11
11
11
11
11
11
12
12
13
13
13
13
13
13
13
13
13
13
14
14
15
15
15
16
16
16
16
16
17
17
17
17
17
17
18
18
18
18
18
18
18
19
19
19
19
20
20
21
21
21
21
21
21
21
21
21
21
22
22
22
22
22
22
22
22
23
23
23
23
24
24
24
24
24
24
24
24
24
25
25
25
25
25
25
25
26
26
26
26
26
27
27
27
27
27
27
27
28
28
28
28
28
28
28
28
28
29
29
29
30
30
30
31
31
31
31
31
32
32
32
33
33
33
33
33
34
34
34
34
34
35
35
35
35
36
36
36
36
36
37
37
37
38
38
38
38
38
38
38
38
38
38
39
39
39
39
39
40
40
40
40
40
40
41
41
41
41
41
41
41
41
41
41
41
41
42
42
42
42
43
43
43
44
44
44
44
44
44
44
44
44
45
45
46
46
46
46
47
47
47
48
48
48
48
48
48
48
48
48
49
49
49
49
50
50
51
51
51
51
51
52
52
52
52
52
52
52
52
53
53
53
54
54
54
54
54
54
54
54
54
54
54
54
55
55
55
55
55
55
55
55
56
56
56
56
56
56
57
57
58
58
58
58
59
59
59
59
59
59
59
60
60
60
60
60
60
61
61
61
61
61
62
62
62
62
62
62
62
62
62
62
62
62
62
62
62
62
63
63
63
63
63
64
64
64
64
65
65
65
65
65
65
65
65
66
67
67
67
67
67
67
68
68
68
68
69
69
69
69
69
69
69
69
69
69
70
70
70
70
70
70
70
70
70
70
71
71
71
72
72
72
72
72
72
72
72
73
73
74
74
75
75
75
76
76
76
76
76
77
77
77
77
77
77
77
78
78
78
79
79
79
79
79
80
80
80
80
80
81
81
83
83
83
83
83
83
84
84
84
84
84
85
85
85
85
86
86
86
87
87
88
88
88
88
88
89
89
89
89
90
90
91
91
91
91
92
92
92
92
92
92
93
93
93
93
93
93
94
94
95
95
95
95
95
95
95
96
96
96
97
97
97
98
98
98
98
99
99
99
99
99
100
100
100
100
100
100
100
101
101
101
101
102
102
102
102
102
102
103
103
103
103
103
103
104
104
104
104
104
105
105
105
105
105
105
106
106
106
106
106
106
106
106
106
107
107
107
108
108
108
108
109
109
109
109
109
109
109
109
109
109
109
109
109
110
110
110
110
110
110
110
111
111
111
111
112
112
113
113
113
113
114
114
115
115
115
115
115
115
115
115
116
116
116
116
116
116
116
117
117
117
117
117
118
118
118
118
118
119
119
119
119
119
120
120
120
120
120
121
121
121
121
122
122
123
123
123
124
125
125
125
125
126
126
126
126
126
127
127
127
127
127
127
127
127
128
128
128
128
129
129
129
129
129
129
130
130
130
130
130
130
130
131
131
131
131
131
132
132
132
132
132
132
132
132
132
133
133
133
133
133
133
134
134
134
135
135
135
135
135
135
136
136
136
136
136
136
136
136
136
136
136
136
136
136
136
137
137
137
137
137
137
137
137
137
137
137
137
137
137
137
137
138
138
138
138
138
138
138
138
138
138
138
138
138
138
138
138
138
138
138
139
139
139
139
139
139
140
140
140
140
140
140
140
140
140
140
140
140
140
140
140
141
141
141
141
141
141
141
141
141
141
141
142
142
142
142
142
142
142
142
142
143
143
143
143
144
144
144
144
144
144
144
144
144
144
145
145
145
145
145
145
145
146
146
146
146
146
146
146
146
146
146
146
146
146
147
147
147
147
147
147
147
147
148
148
148
148
148
148
148
148
148
148
149
149
149
149
149
149
149
149
149
149
149
150
150
150
150
151
151
151
151
152
152
152
152
153
153
153
153
153
153
153
154
154
154
154
154
154
155
155
155
155
155
155
155
156
156
156
156
157
157
157
158
158
158
158
158
158
158
158
158
159
159
159
159
159
159
159
159
159
160
160
160
160
160
160
160
160
160
160
160
160
161
161
161
161
161
161
161
161
161
161
161
161
161
161
161
162
162
162
162
162
162
162
162
162
162
162
163
163
163
163
163
163
163
163
163
163
164
164
164
164
164
164
165
165
165
166
166
166
166
166
166
166
166
167
167
167
167
167
168
168
168
168
168
169
169
169
170
170
170
171
171
171
171
171
172
172
172
172
172
172
172
172
172
172
173
173
173
173
174
174
174
174
174
174
175
175
175
175
175
175
175
175
176
176
176
177
177
177
177
177
177
177
178
178
178
178
178
178
178
178
178
178
178
178
178
178
179
179
179
179
179
180
180
180
181
182
182
182
182
182
183
183
183
183
183
183
184
184
184
184
184
184
185
185
185
185
186
186
186
187
187
187
187
187
187
187
187
188
188
188
188
189
189
190
190
190
190
190
191
191
191
191
192
192
192
192
192
192
193
193
193
193
193
193
194
194
194
194
194
195
195
195
196
196
197
197
197
197
197
198
198
198
199
199
199
199
199
199
200
200
200
200
200
200
200
201
201
202
202
202
202
202
202
202
202
203
203
203
203
203
204
204
204
204
205
205
205
205
205
206
206
206
206
206
207
207
207
207
207
207
207
207
207
208
208
208
208
208
208
208
208
209
209
210
210
210
211
212
213
213
213
214
214
214
215
215
215
216
216
216
216
216
216
216
217
217
217
217
217
218
218
218
218
219
219
219
219
220
220
220
220
220
221
221
221
222
222
222
223
223
223
223
224
224
224
224
225
225
226
226
226
227
227
227
228
228
229
229
229
229
229
230
231
232
232
232
232
232
233
233
233
233
233
233
234
234
234
235
235
235
235
236
236
236
236
237
237
237
237
237
237
237
238
238
238
238
238
238
239
239
240
240
241
243
243
243
243
244
244
244
245
245
245
246
246
247
247
247
248
248
248
249
249
249
250
250
250
252
252
254
255
255
256
257
257
260
260
262
262
263
263
263
264
265
266
266
266
268
268
270
271
271
271
271
272
275
277
278
278
278
280
280
284
285
286
286
286
287
287
287
287
287
289
289
289
290
290
290
290
293
293
294
294
294
294
295
295
295
295
295
296
300
305
305
313
313
313
313
316
317
317
318
319
319
319
319
320
320
320
321
323
324
325
325
326
326
327
328
329
329
329
330
330
330
330
330
331
331
331
331
331
331
332
332
335
335
335
336
336
336
337
338
339
339
340
340
341
341
342
342
344
346
346
348
349
349
349
350
354
355
355
355
355
355
355
356
356
358
359
359
360
360
363
363
363
364
366
366
368
371
371
371
372
373
373
374
378
379
379
380
383
385
385
390
391
393
393
393
394
394
394
395
395
395
396
396
397
397
397
399
400
400
401
401
402
402
402
402
403
404
406
408
410
410
411
412
412
413
414
414
414
414
415
415
416
418
418
418
419
420
421
421
422
423
423
424
426
428
428
429
429
431
432
432
433
434
434
435
435
437
437
437
439
440
440
440
440
441
441
442
443
443
444
444
444
444
444
446
446
446
447
448
448
449
450
453
453
456
456
459
462
463
463
464
465
467
467
468
468
469
469
469
471
472
474
474
474
475
475
478
479
479
481
482
485
485
486
488
489
490
490
493
495
497
505
507
508
508
509
513
518
519
519
520
520
528
547
567
582
582
582
595
598
605
607
633
646
656
662
663
675
676
676
681
683
686
687
687
691
693
695
696
708
709
709
709
709
709
709
710
710
710
710
720
721
730
737
751
755
776
776
777
777
783
784
792
792
792
792
802
804
804
805
808
811
833
845
874
874
874
875
880
900
908
917
928
929
930
936
938
959
983
984
986
994
995
1000
1018
1027
1030
1035
1036
1042
1044
1045
1048
1049
1052
1053
1056
1060
1084
1093
1115
1139
1140
1251
1265
1274
1280
1293
1293
1305
1310
1311
1330
1334
1347
1350
1351
1351
1351
1361
1361
1362
1369
1410
1422
1423
1427
1427
1428
1431
1433
1434
1435
1435
1440
1440
1444
1445
1445
1446
1447
1448
1448
1448
1448
1449
1451
1451
1454
1455
1457
1457
1460
1462
1464
1466
1466
1466
1467
1467
1468
1471
1471
1473
1476
1479
1480
1480
1481
1482
1483
1484
1488
1490
1491
1491
1494
1497
1510
1511
1512
1513
1513
1513
1515
1522
1522
1525
1525
1525
1526
1527
1527
1530
1530
1532
1532
1536
1543
1549
1553
1554
1556
1562
1563
1565
1567
1567
1568
1568
1569
1569
1569
1571
1574
1575
1577
1577
1578
1580
1580
1581
1581
1582
1583
1583
1584
1585
1587
1594
1596
1596
1597
1598
1598
1599
1601
1601
1603
1603
1603
1604
1604
1605
1605
1606
1606
1606
1606
1606
1607
1610
1611
1613
1613
1615
1615
1615
1615
1616
1617
1617
1617
1619
1620
1620
1621
1621
1621
1621
1621
1621
1621
1621
1621
1621
1623
1623
1623
1623
1623
1623
1625
1625
1626
1626
1626
1626
1626
1626
1626
1627
1629
1631
1632
1635
1642
1642
1642
1645
1645
1645
1645
1650
1653
1655
1659
1659
1659
1660
1660
1666
1667
1669
1669
1670
1671
1672
1673
1675
1675
1675
1676
1676
1678
1678
1682
1683
1684
1687
1687
1689
1689
1689
1689
1690
1692
1693
1696
1697
1697
1697
1697
1698
1699
1699
1699
1705
1708
1708
1710
1710
1710
1710
1714
1714
1715
1715
1719
1720
1723
1725
1726
1726
1728
1731
1736
1737
1737
1745
1746
1749
1758
1762
1769
1770
1776
1784
1785
1785
1788
1804
1806
1810
1817
1821
1846
1848
1890
1909
1935
1936
1936
1941
1943
1944
1947
1951
1951
1959
1959
1961
1961
1961
1962
2193
2233
2295
2296
2399
2441
2445
2458
2458
2532
2532
2533
2539
2539
2543
2548
2548
2548
2585
2604
2616
2860
2891
2893
2896
2903
2971
2982
2982
2996
2996
3003
3005
3005
3057
3067
3070
3086
3086
3086
3086
3093
3094
3094
3094
3094
3094
3094
3094
3094
3094
3094
3107
3107
3116
3121
3122
3137
3149
3150
3153
3153
3155
3156
3158
3166
3167
3170
3170
3173
3174
3174
3176
3176
3176
3177
3178
3181
3183
3183
3183
3183
3183
3183
3183
3183
3183
3183
3183
3183
3184
3186
3186
3189
3189
3189
3189
3190
3190
3190
3190
3190
3190
3190
3190
3193
3198
3203
3210
3222
3223
3223
3223
3223
3227
3227
3228
3228
3229
3238
3240
3241
3241
3242
3246
3248
3249
3251
3251
3256
3258
3261
3268
3268
3269
3281
3289
3297
3331
3377
3406
3409
3410
3411
3418
3424
3429
3432
3440
3440
3443
3443
3445
3446
3447
3448
3453
3454
3454
3457
3466
3468
3468
3472
3474
3474
3479
3479
3484
3643
3649
3649
3713
3715
3735
3742
3908
3918
3918
3925
3926
3935
3936
3936
3938
3941
3945
3947
3948
3948
3950
3984
3984
4024
4118
4120
4122
4122
4123
4124
4127
4127
4128
4130
4131
4132
4133
4134
4134
4135
4137
4139
4159
4227
4237
4248
4268
4268
4271
4271
4318
4321
4339
4340
4341
4341
4342
4342
4358
4359
4360
4361
4363
4363
4368
4372
4372
4373
4376
4385
4386
4386
4386
4398
4400
4418
4418
4440
4453
4458
4463
4473
4476
4477
4485
4485
4488
4488
4488
4488
4488
4488
4488
4489
4490
4490
4499
4507
4519
4521
4523
4523
4523
4524
4525
4526
4532
4534
4535
4535
4540
4564
4577
4580
4580
4581
4582
4582
4583
4583
4587
4587
4587
4587
4587
4587
4589
4598
4601
4602
4603
4604
4604
4604
4604
4604
4604
4604
4604
4606
4606
4606
4610
4611
4614
4614
4614
4616
4618
4626
4628
4637
4638
4640
4640
4640
4640
4640
4640
4640
4640
4640
4640
4640
4640
4646
4646
4646
4646
4646
4647
4654
4655
4656
4656
4656
4656
4656
4657
4664
4665
4665
4665
4665
4665
4665
4665
4665
4668
4668
4671
4673
4678
4678
4678
4678
4678
4678
4679
4681
4681
4681
4683
4683
4683
4683
4683
4683
4683
4683
4683
4683
4683
4683
4683
4683
4683
4683
4684
4684
4685
4685
4685
4685
4685
4685
4685
4686
4686
4686
4686
4686
4686
4686
4693
4693
4695
4696
4696
4697
4699
4699
4699
4700
4700
4700
4704
4712
4712
4712
4713
4713
4715
4715
4715
4722
4725
4754
4754
4754
4754
4754
4754
4754
4754
4754
4754
4754
4772
4772
4774
4774
4779
4779
4781
4793
4793
4794
4797
4797
4798
4799
4800
4801
4805
4805
4805
4805
4805
4806
4807
4807
4809
4809
4811
4811
4811
4812
4813
4814
4815
4816
4816
4816
4816
4816
4817
4817
4820
4820
4820
4825
4825
4825
4828
4845
4845
4861
4908
4909
4923
4930
4930
4932
4932
4934
4934
4935
4937
4937
4938
4938
4941
4941
4945
4945
4945
4945
4947
4947
4947
4947
4947
4947
4959
4959
4968
4970
4970
4973
4973
4974
4974
4979
4979
4997
4997
4997
4997
4997
4997
4999
4999
5000
5000
5005
5005
5007
5007
5010
5010
5010
5010
5010
5010
5010
5010
5010
