1
2
2
3
3
3
4
4
5
5
5
6
6
6
6
7
7
7
8
8
8
8
8
8
8
8
8
8
8
9
9
9
9
9
9
9
9
9
10
10
10
10
10
10
10
10
10
10
10
11
11
11
11
11
11
11
11
11
11
11
11
12
12
12
12
12
12
12
12
12
12
13
13
13
13
14
14
14
14
14
15
15
15
15
15
15
16
16
17
17
17
17
18
18
18
18
18
18
19
19
19
19
19
19
20
20
20
20
20
20
20
21
21
21
22
22
22
22
22
23
23
23
23
23
24
24
24
24
25
25
25
25
25
26
26
26
26
26
26
26
26
27
27
27
28
28
28
28
28
29
30
30
30
30
30
30
31
31
31
31
32
32
32
32
32
33
33
33
33
34
34
34
34
34
34
34
35
35
35
35
36
36
36
38
38
39
39
40
40
40
41
41
41
41
41
41
41
42
42
43
43
43
43
43
43
44
44
44
44
44
45
45
45
45
46
46
46
46
47
47
47
47
48
48
48
48
48
49
49
49
49
49
50
50
50
50
50
50
50
50
50
50
50
51
51
51
51
51
51
51
52
52
52
52
53
53
53
53
53
53
53
53
53
54
54
55
55
55
55
55
55
55
56
56
56
56
56
56
56
56
57
57
58
58
58
58
58
59
59
60
60
61
61
61
61
61
62
62
62
62
62
62
63
63
63
63
63
63
63
63
63
64
64
64
64
64
64
64
64
65
65
65
65
65
65
66
66
67
67
67
67
68
68
68
68
69
69
69
69
69
69
70
70
70
71
71
72
72
73
73
73
73
73
73
73
73
73
74
74
74
74
74
74
74
75
75
75
75
75
75
75
75
76
76
76
76
76
77
77
77
77
77
77
77
77
77
78
78
79
79
79
79
79
80
80
81
81
82
82
82
82
82
82
83
84
84
84
84
84
85
87
87
88
88
88
88
88
88
89
90
90
90
90
90
91
91
91
92
92
92
92
92
92
92
93
93
93
94
94
94
94
95
95
95
95
96
96
97
97
97
98
98
98
98
98
98
98
98
99
99
100
100
100
101
101
102
104
104
104
106
106
107
107
108
108
108
108
108
108
110
110
110
110
110
111
111
111
111
111
112
113
113
113
113
114
114
114
114
114
114
115
115
115
115
116
116
116
117
117
117
118
118
118
118
118
118
118
118
119
119
119
120
120
120
121
121
122
122
123
124
124
125
125
125
125
126
126
126
127
128
128
128
128
128
129
129
129
129
129
129
129
130
130
130
130
130
130
131
131
131
131
131
131
131
131
131
131
131
132
132
132
132
132
132
132
133
133
133
133
133
133
134
134
134
134
134
134
134
134
135
135
136
136
136
136
136
137
137
137
137
137
138
138
138
138
139
139
139
139
139
140
140
140
140
140
140
140
140
140
141
141
141
141
141
141
142
142
142
142
142
142
142
142
142
143
143
143
145
145
145
145
145
145
145
145
145
145
145
145
145
146
147
147
148
148
148
148
149
149
149
149
149
150
150
150
150
150
150
151
151
151
151
151
151
151
151
151
151
151
151
152
152
152
152
153
153
153
153
153
154
154
155
155
155
155
155
155
156
156
156
156
156
156
156
156
156
157
157
157
157
157
158
158
158
158
159
159
159
160
160
160
160
160
160
161
161
161
161
162
162
162
162
162
163
164
164
164
164
164
164
164
164
165
165
165
165
165
165
166
166
166
166
166
166
166
167
167
167
167
167
168
168
168
168
169
169
169
169
169
169
169
169
169
169
170
170
171
171
171
171
171
172
172
172
173
173
174
174
174
174
175
175
175
175
176
176
176
176
176
176
177
177
177
178
178
179
179
179
179
179
179
179
180
180
180
180
181
181
181
181
181
181
181
181
182
182
182
182
183
183
183
183
183
183
183
183
183
183
184
184
184
184
184
184
185
185
185
185
185
185
185
186
186
186
186
186
187
187
188
189
189
189
189
189
190
190
190
190
190
190
191
191
191
191
192
192
192
192
193
193
193
194
194
196
196
197
197
197
198
198
199
199
199
200
200
201
201
201
201
201
201
202
202
202
203
203
203
204
204
204
204
204
205
205
205
205
206
207
208
208
208
208
209
209
209
210
211
212
212
212
214
214
215
215
216
216
217
217
217
217
218
218
218
219
219
220
221
222
222
223
223
224
225
225
225
226
226
226
226
227
228
228
229
229
230
230
231
231
232
232
233
233
234
234
237
238
240
240
240
240
241
241
241
241
241
241
242
242
244
244
245
246
247
249
252
252
254
256
257
259
260
262
265
269
269
270
283
292
295
296
321
331
332
413
422
428
431
436
439
439
440
440
441
441
442
442
442
442
445
445
446
446
447
448
450
451
451
451
451
451
455
456
456
456
456
456
458
458
460
461
463
464
464
465
466
467
468
468
469
471
472
473
474
475
476
477
478
478
478
478
479
480
481
481
481
482
482
482
483
483
483
486
486
486
486
486
487
487
487
488
488
489
491
491
491
493
493
494
494
494
496
497
498
500
501
501
503
503
503
503
503
504
504
506
506
508
508
510
512
512
512
517
521
523
524
524
525
527
527
528
528
529
535
538
538
539
540
540
540
540
541
542
542
542
542
543
543
543
543
543
543
545
548
548
549
554
554
558
565
571
572
574
577
580
582
582
584
603
614
615
615
618
620
620
624
624
628
630
634
635
639
642
648
654
659
686
687
691
696
723
758
761
767
770
771
772
776
776
787
845
849
855
857
858
859
863
874
875
876
883
885
890
893
896
897
899
906
907
908
909
911
917
918
919
919
920
920
921
921
926
926
927
946
947
951
952
956
959
960
960
961
963
965
967
969
970
971
972
974
978
980
981
981
981
985
986
986
989
990
990
991
991
992
992
993
995
995
996
996
996
996
1003
1004
1005
1006
1006
1006
1006
1007
1008
1008
1008
1010
1011
1012
1013
1013
1023
1025
1027
1030
1045
1047
1047
1051
1058
1064
1065
1135
1140
1141
1142
1146
1147
1149
1150
1153
1153
1154
1155
1157
1159
1164
1186
1190
1197
1201
1201
1202
1202
1203
1210
1227
1232
1239
1242
1242
1243
1249
1251
1253
1254
1254
1281
1290
1295
1296
1300
1306
1306
1311
1311
1316
1317
1320
1321
1321
1324
1327
1328
1328
1329
1332
1334
1334
1337
1338
1340
1340
1342
1343
1348
1352
1356
1365
1365
1365
1366
1368
1370
1379
1379
1379
1379
1395
1414
1415
1416
1416
1416
1417
1417
1417
1418
1418
1418
1420
1420
1420
1421
1421
1423
1424
1429
1431
1431
1431
1432
1435
1437
1437
1438
1438
1438
1439
1440
1440
1440
1441
1442
1443
1443
1444
1444
1445
1445
1447
1449
1449
1450
1451
1451
1453
1454
1454
1456
1457
1458
1458
1458
1460
1460
1460
1462
1462
1462
1463
1463
1463
1464
1464
1464
1465
1465
1466
1467
1467
1468
1468
1469
1469
1472
1473
1477
1477
1480
1481
1482
1482
1483
1486
1490
1490
1492
1492
1493
1494
1494
1497
1498
1500
1504
1511
1511
1511
1523
1524
1530
1534
1534
1535
1536
1537
1538
1538
1539
1539
1546
1547
1551
1551
1552
1554
1560
1565
1565
1565
1567
1568
1570
1574
1578
1580
1584
1586
1587
1587
1588
1588
1589
1589
1589
1590
1593
1595
1595
1595
1596
1596
1597
1598
1599
1601
1603
1603
1604
1605
1605
1605
1607
1608
1608
1620
1620
1620
1620
1626
1629
1630
1631
1632
1634
1636
1636
1639
1639
1644
1645
1646
1649
1653
1654
1654
1654
1654
1654
1655
1655
1656
1657
1657
1661
1662
1665
1667
1668
1669
1672
1675
1678
1679
1681
1681
1682
1682
1683
1698
1701
1703
1704
1705
1706
1706
1708
1708
1709
1710
1711
1711
1712
1713
1718
1718
1719
1719
1719
1719
1720
1720
1720
1722
1723
1723
1725
1727
1727
1730
1731
1731
1731
1732
1732
1734
1734
1734
1734
1736
1736
1736
1736
1738
1738
1740
1740
1742
1742
1748
1759
1760
1765
1765
1766
1767
1770
1771
1774
1777
1777
1780
1787
1791
1793
1793
1793
1798
1798
1798
1800
1800
1800
1802
1803
1803
1804
1804
1810
1839
1840
1841
1859
1870
1884
1884
1887
1887
1892
1892
1893
1893
1895
1897
1899
1903
1904
1904
1907
1908
1909
1910
1914
1924
1930
1938
1938
1938
1944
1949
1991
2020
2046
2046
2052
2054
2054
2054
2056
2075
2079
2080
2081
2081
2097
2097
2099
2108
2123
2123
2156
2168
2204
2207
2223
2228
2230
2232
2233
2234
2241
2241
2241
2241
2241
2255
2259
2269
2269
2270
2272
2277
2292
2292
2293
2315
2315
2320
2320
2321
2321
2322
2322
2323
2324
2327
2344
2345
2359
2371
2406
2406
2407
2485
2485
2524
2524
2550
2551
2556
2560
2561
2562
2563
2564
2564
2565
2570
2571
2576
2576
2589
2607
2607
2607
2610
2623
2632
2633
2633
2633
2633
2634
2634
2640
2641
2641
2641
2641
2642
2642
2647
2653
2659
2660
2662
2662
2676
2678
2702
2703
2705
2712
2713
2713
2716
2718
2718
2720
2723
2723
2725
2725
2745
2748
2753
2764
2767
2772
2774
2774
2777
2777
2779
2783
2783
2792
2799
2805
2806
2810
2811
2830
2831
2831
2832
2832
2832
2833
2833
2834
2835
2836
2848
2864
2864
2865
2866
2880
2880
2880
2880
2880
2887
2887
2887
2888
2944
2946
2960
2961
2976
2977
2995
2996
2998
2999
2999
2999
2999
3001
3002
3006
3007
3007
3007
3007
3010
3024
3024
3025
3025
3025
3028
3028
3038
3040
3041
3044
3048
3051
3051
3059
3060
3060
3072
3073
3097
3101
3105
3105
3105
3107
3108
3110
3116
3116
3120
3121
3121
3122
3123
3124
3125
3126
3126
3128
3130
3131
3131
3131
3134
3134
3135
3135
3136
3139
3139
3139
3140
3140
3140
3140
3141
3142
3143
3143
3143
3144
3145
3145
3147
3148
3148
3149
3149
3152
3153
3153
3155
3155
3156
3156
3156
3159
3160
3166
3167
3168
3169
3173
3175
3175
3177
3193
3193
3194
3195
3197
3200
3200
3202
3205
3205
3206
3206
3224
3225
3229
3229
3230
3230
3230
3234
3238
3240
3241
3246
3249
3263
3269
3271
3334
3341
3342
3347
3347
3349
3349
3349
3350
3350
3354
3358
3360
3360
3365
3371
3373
3374
3375
3382
3382
3390
3390
3392
3394
3395
3396
3396
3398
3425
3437
3541
3544
3546
3547
3548
3560
3576
3577
3618
3774
3786
3788
3788
3790
3791
3794
3795
3798
3801
3802
3804
3807
3808
3813
3816
3821
3821
3826
3830
3830
3833
3833
3833
3834
3836
3837
3838
3843
3845
3851
3851
4029
4031
4032
4036
4037
4037
4038
4040
4044
4044
4045
4049
4050
4052
4053
4057
4063
4071
4265
4331
4332
4335
4335
4366
4368
4370
4370
4371
4372
4377
4378
4379
4379
4379
4380
4381
4381
4381
4382
4382
4384
4386
4387
4389
4389
4390
4394
4396
4396
4397
4400
4400
4401
4401
4403
4403
4406
4406
4407
4408
4409
4410
4411
4413
4419
4426
4426
4426
4433
4443
4447
4546
4554
4557
4557
4558
4561
4564
4577
4578
4580
4582
4584
4589
4591
4591
4591
4595
4603
4606
4608
4609
4610
4611
4611
4611
4614
4615
4615
4626
4626
4628
4633
4635
4638
4638
4638
4638
4638
4640
4642
4643
4644
4645
4646
4646
4648
4649
4653
4654
4659
4661
4672
4674
4674
4674
4676
4676
4676
4677
4683
4683
4684
4685
4690
4699
4701
4707
4708
4708
4708
4709
4709
4711
4715
4715
4720
4721
4737
4739
4740
4751
4752
4755
4760
4785
4793
4812
4852
4871
4893
4904
4908
4910
4910
4910
4912
4913
4919
4919
4921
4921
4926
4927
4932
4936
4942
4942
4947
4948
4954
4955
4964
4966
4968
4968
4970
4975
4978
4979
4980
4981
4989
4990
4995
4996
4996
5000
5010
5015
5020
5021
5021
5023
5024
5025
5028
5028
5030
5032
5035
5035
5036
5041
5046
5049
5053
5054
5054
5054
5055
5055
5056
5074
5077
5080
5081
5084
5114
5118
5122
5199
5200
5202
5211
5212
5322
5329
5329
5336
5501
5521
5535
5543
5544
5551
5560
5561
5561
5561
5564
5576
5579
5581
5582
5582
5583
5583
5583
5592
5596
5597
5665
5665
5672
5708
5721
5722
5730
5739
5749
5758
5764
5764
5764
5764
5764
5765
5775
5797
5803
5813
5814
5816
5816
5816
5816
5816
5816
5817
5817
5817
5821
5821
5821
5821
5824
5824
5824
5824
5827
5827
5827
5827
5828
5832
5832
5833
5833
5833
5833
5833
5833
5833
5833
5836
5836
5836
5836
5836
5836
5836
5836
5836
5836
5836
5836
5836
5836
5847
5847
5847
5847
5847
5847
5847
5860
5860
5860
5860
5860
5860
5860
5860
5861
5862
5862
5862
5862
5862
5862
5862
5862
5862
5862
5862
5862
5864
5864
5864
5864
5864
5864
5864
5864
5864
5864
5864
5864
5873
5873
5873
5873
5873
5873
5873
5875
5875
5875
5875
5875
5875
5875
5876
5877
5880
5883
5886
5888
5890
5893
5895
5905
5905
5907
5907
5913
5915
5938
5938
5938
5938
5938
5938
5938
5938
5938
5938
5938
5938
5973
5973
5973
5973
5973
5973
5973
5973
5973
5973
5973
5973
5977
5977
5977
5977
5977
5977
5977
5977
5977
5977
5977
5977
6034
6034
6047
6064
6064
6070
6070
6070
6073
