9
9
11
12
15
16
18
18
18
18
18
20
20
22
22
24
24
24
25
25
25
25
25
25
25
25
25
25
26
26
26
26
26
26
26
26
26
26
27
27
27
29
30
30
30
30
30
30
32
32
33
34
35
37
39
41
41
43
47
48
48
49
50
50
50
50
50
51
51
52
53
54
55
55
55
56
56
57
58
58
59
59
59
60
60
61
63
63
63
64
64
64
64
65
67
67
67
67
68
68
68
70
70
71
71
73
75
80
84
84
84
85
86
86
87
87
87
90
90
93
93
95
95
96
96
96
99
100
101
101
101
102
103
104
104
104
106
106
106
106
106
107
107
107
107
108
108
108
109
111
111
112
112
117
117
117
118
118
119
121
122
124
125
125
125
126
127
129
130
130
131
131
131
131
131
132
133
133
140
140
142
142
142
142
144
146
147
148
148
149
149
149
150
152
153
155
155
155
156
161
161
163
163
164
166
166
167
167
167
167
167
168
168
168
168
168
169
174
174
175
175
175
177
179
183
183
183
183
183
183
183
184
186
199
203
203
203
203
204
204
204
206
209
210
212
212
215
217
218
219
219
223
223
226
229
233
233
233
241
241
247
247
249
251
251
251
262
263
271
273
273
274
274
275
280
280
282
283
293
313
313
315
320
320
323
333
333
336
353
359
363
364
374
377
377
385
385
385
385
385
385
385
386
395
396
396
402
407
409
410
413
413
420
424
430
434
435
436
437
445
447
447
451
454
455
459
467
467
467
477
478
480
482
485
485
485
486
495
507
512
512
515
515
516
520
525
528
528
529
529
530
541
544
547
549
553
562
563
563
564
564
564
574
590
590
590
590
590
590
590
590
590
590
590
590
590
590
590
590
590
591
591
591
591
599
599
600
600
600
600
600
600
600
600
600
600
600
600
600
600
601
601
601
601
601
601
601
601
601
601
601
601
601
601
601
601
601
601
601
601
601
601
601
602
603
603
603
603
603
603
604
604
604
604
604
604
604
604
604
604
604
604
604
604
604
604
604
604
604
604
604
604
604
604
604
604
604
604
604
604
604
604
604
604
604
605
605
605
605
605
605
605
605
605
605
605
605
605
605
605
605
606
606
606
606
606
606
607
607
607
607
607
607
607
607
607
607
607
607
607
607
607
607
607
607
607
608
608
608
608
608
608
608
608
608
608
608
608
608
608
608
608
608
608
608
608
608
612
617
617
618
622
623
623
623
628
628
628
628
628
628
628
636
645
649
650
651
653
684
712
716
732
740
744
744
745
759
759
762
763
766
787
788
794
797
819
821
823
823
823
823
823
830
837
858
860
860
870
876
877
882
884
884
887
888
903
909
909
927
929
932
946
948
961
973
973
982
993
996
1011
1013
1016
1016
1016
1019
1019
1019
1019
1019
1019
1019
1020
1020
1022
1023
1027
1028
1033
1034
