5
6
8
10
10
11
12
13
15
16
18
18
18
21
21
21
21
22
22
22
24
24
25
26
26
26
26
26
26
28
28
28
28
29
29
30
30
30
30
31
31
31
32
32
32
32
32
33
33
33
33
33
35
35
35
36
38
39
39
39
40
40
42
42
42
42
42
43
44
44
44
44
44
44
44
44
44
45
45
45
45
46
47
47
47
48
48
48
48
48
49
49
49
49
51
52
53
55
55
56
56
56
57
57
58
58
59
59
59
60
60
60
60
61
61
61
61
61
62
62
62
62
62
63
63
64
65
65
65
65
65
65
65
65
66
66
67
67
67
67
67
67
67
68
68
68
70
70
70
70
70
71
71
71
71
71
71
72
72
72
73
74
75
75
78
79
80
81
81
83
84
84
84
84
84
84
84
85
86
86
90
90
90
90
91
93
94
94
95
95
95
96
96
97
97
97
97
100
100
101
106
108
108
109
109
109
110
110
111
112
113
113
113
116
122
123
126
129
135
138
139
140
140
141
141
142
142
142
142
142
148
150
152
154
155
155
155
157
164
164
172
173
174
188
208
208
208
208
247
247
248
253
253
253
253
253
253
254
258
258
258
258
260
285
295
301
312
313
313
316
322
328
334
334
334
334
334
334
334
334
334
334
334
334
334
335
335
335
335
335
335
335
335
335
335
335
335
335
335
335
335
335
335
335
335
335
335
338
340
340
340
340
341
341
341
341
341
341
341
341
341
341
341
341
341
341
341
341
341
341
341
345
356
357
365
369
370
376
386
401
401
401
401
411
414
415
415
418
422
429
430
448
462
464
469
470
486
487
490
491
493
496
497
499
499
499
499
499
500
500
501
502
503
503
503
503
504
504
504
505
505
506
506
507
509
513
518
521
521
526
528
529
536
536
536
536
537
537
537
537
537
537
538
539
541
541
541
541
541
541
541
542
542
542
542
542
542
542
543
544
544
546
547
549
549
549
549
549
550
550
550
550
551
555
561
561
561
561
563
568
569
572
572
574
575
578
579
581
583
586
589
589
589
589
589
589
589
589
589
589
589
589
589
594
594
594
594
594
594
595
596
596
597
601
602
602
602
602
603
603
603
604
607
614
614
618
619
620
620
620
620
625
625
626
626
626
626
626
626
626
626
626
626
626
627
627
627
627
632
634
637
637
637
638
638
638
638
638
638
638
639
640
640
641
641
643
644
650
651
652
653
653
654
655
655
655
656
658
658
668
671
672
672
672
673
673
674
675
675
675
675
676
676
679
679
680
680
680
681
682
682
682
686
687
687
687
687
688
688
689
690
695
695
698
699
699
700
700
700
700
700
700
700
700
700
700
704
705
708
709
711
713
714
717
717
717
717
717
718
718
718
718
719
719
719
719
720
720
720
727
727
727
733
735
