5
6
6
10
10
14
16
18
18
18
18
22
23
23
23
23
23
24
24
25
26
26
26
26
26
27
28
28
28
28
28
29
31
31
31
34
34
35
35
37
37
46
46
47
48
48
49
49
50
50
51
51
52
53
53
53
54
54
56
56
57
59
59
60
61
62
62
64
64
64
64
64
66
67
72
73
73
73
74
74
74
76
80
81
81
81
81
81
83
85
85
86
87
87
87
87
87
87
89
89
89
89
90
91
92
92
92
92
93
93
93
93
93
94
95
95
96
97
97
98
104
104
105
105
106
106
107
110
114
117
117
117
117
117
117
117
117
117
117
117
118
118
118
118
118
119
120
121
121
121
121
121
121
121
121
121
121
121
121
121
121
121
122
122
122
122
122
122
122
122
122
122
122
122
122
122
122
122
122
122
122
122
123
123
123
123
123
123
125
126
126
128
131
132
135
136
136
136
136
136
144
152
156
156
158
159
159
160
164
174
174
190
191
192
194
195
196
196
196
196
197
197
199
202
202
213
216
216
216
216
216
216
218
219
223
247
248
250
251
258
259
260
260
266
268
280
282
282
293
298
302
303
303
311
311
312
315
319
320
320
321
325
326
326
326
328
341
341
342
347
349
350
351
353
354
357
357
359
370
372
386
389
389
395
400
412
413
413
415
418
418
421
425
430
435
437
437
438
442
449
449
449
455
455
457
458
467
470
470
479
480
480
491
497
497
499
499
499
501
502
504
513
513
513
513
514
514
514
514
514
514
514
514
514
519
519
519
519
519
519
519
519
519
519
519
519
520
520
520
520
520
520
520
520
520
520
520
520
520
520
520
524
524
524
524
524
524
524
524
524
524
524
525
525
525
525
527
527
528
528
528
528
528
528
528
528
528
528
528
528
528
528
528
528
528
528
528
528
528
528
528
529
529
529
529
529
529
529
529
529
529
529
529
529
529
529
529
529
529
529
529
539
541
551
557
559
562
564
565
567
580
589
590
591
591
591
591
594
599
599
600
600
603
614
616
616
616
616
616
620
622
637
637
640
640
640
643
644
645
647
650
665
665
665
665
666
670
672
672
672
675
676
677
677
678
679
681
682
682
684
686
688
697
699
699
699
700
707
708
713
714
727
743
745
745
753
757
757
761
768
769
776
786
787
787
787
788
796
796
799
807
813
814
814
825
828
828
828
829
834
834
837
855
855
867
870
872
875
875
875
888
889
898
899
901
908
910
915
915
916
928
928
928
949
958
962
964
964
970
970
974
977
979
981
981
982
982
985
989
1001
1005
1007
1011
1017
1020
1033
1037
1039
1039
1046
1055
1065
1065
1089
1089
1089
1091
1091
1091
1091
1092
1108
1116
1128
1141
1147
1147
1147
1151
1151
1154
1154
1162
1162
1170
1171
1187
1198
1205
1205
1207
1210
1212
1212
1212
1212
1243
1244
1244
1260
1263
1269
1269
1274
1274
1284
1284
1304
1304
1304
1304
1304
1304
1304
1304
1305
1305
1305
1305
1305
1305
1305
1305
1314
1315
1316
1329
1336
1343
1343
1347
1347
1349
1350
1352
1352
1355
1355
1355
1355
