0
0
0
2
2
2
3
3
3
4
5
6
6
8
9
9
9
11
11
12
15
15
16
17
18
18
19
19
20
20
21
21
22
23
23
25
25
25
25
26
26
26
26
27
27
28
28
28
28
29
29
29
30
30
30
30
31
31
31
31
31
31
31
31
31
31
32
32
32
32
32
32
32
32
32
32
32
32
33
33
33
33
33
34
34
34
34
34
34
35
35
36
36
36
37
37
37
38
38
38
38
39
39
39
40
40
40
42
42
42
42
45
46
47
47
48
48
48
49
50
50
51
51
52
52
52
52
53
54
54
54
55
56
57
58
59
59
62
62
62
62
62
63
63
64
64
65
65
65
65
66
66
66
66
67
67
68
68
69
70
76
76
77
77
77
77
77
78
78
78
78
79
79
80
80
81
81
81
82
82
82
83
83
83
84
85
85
85
85
86
86
86
86
87
87
88
89
91
92
93
94
94
96
96
97
97
97
98
98
99
99
99
100
100
101
101
101
103
103
103
103
104
105
105
105
106
106
106
106
107
108
109
110
110
111
111
112
113
113
114
114
115
115
116
116
117
119
119
120
123
125
126
128
128
129
129
132
134
136
136
138
138
140
142
143
144
147
148
151
151
151
153
153
154
155
155
160
161
162
163
163
164
165
165
165
166
169
169
169
170
172
172
173
175
176
176
177
179
180
180
180
180
180
180
181
183
185
187
187
188
188
190
192
195
197
197
199
200
200
200
204
204
205
206
207
207
209
209
210
211
212
214
214
214
215
216
218
219
221
222
224
225
225
226
226
227
228
228
228
229
229
229
230
230
230
230
231
231
231
231
232
233
234
234
234
235
235
236
238
239
239
240
240
241
241
241
242
242
243
243
244
244
245
246
246
247
248
249
249
251
252
253
253
253
256
257
257
259
260
260
261
261
261
261
262
264
264
265
265
267
268
269
269
270
270
270
270
270
270
270
270
270
270
270
270
270
270
271
271
271
271
273
273
274
274
275
275
275
276
276
276
278
279
279
280
280
281
281
284
285
285
286
287
287
288
291
293
294
294
295
296
296
305
306
307
307
313
315
315
316
316
317
318
318
318
318
318
319
319
319
320
320
320
320
320
320
320
320
320
321
321
321
321
321
322
322
324
325
327
327
328
330
331
331
336
339
339
340
342
343
343
344
344
344
345
346
347
349
350
352
354
354
355
355
356
356
357
359
359
360
361
362
366
366
371
377
377
383
383
393
399
407
407
411
412
414
420
425
430
434
439
440
445
445
447
449
455
456
456
457
468
469
469
470
470
473
474
475
477
478
479
482
484
484
484
485
487
489
491
494
496
502
503
503
503
507
508
508
509
511
512
512
513
516
518
519
519
521
522
523
525
525
525
526
526
526
526
526
527
527
527
527
527
527
527
527
528
528
528
528
528
531
531
531
532
532
533
534
537
539
539
542
543
544
545
546
546
547
547
550
554
555
555
557
557
561
562
562
562
562
563
563
563
563
563
563
563
563
563
563
563
563
564
564
564
564
564
564
564
565
565
566
566
568
570
570
571
571
571
575
577
589
591
597
600
601
601
601
602
602
604
606
607
608
609
611
611
611
612
612
614
614
615
618
621
623
628
628
629
629
630
632
633
633
637
637
638
638
642
644
649
651
654
657
658
659
660
660
662
664
665
668
669
672
673
679
681
681
682
682
684
685
685
686
688
688
689
689
689
689
690
690
690
690
691
691
691
692
692
692
692
693
696
699
699
705
709
710
716
717
721
722
723
727
727
727
727
728
729
729
731
731
733
733
737
745
804
871
874
876
881
884
888
892
892
893
897
898
900
913
916
919
927
929
930
930
932
935
935
935
937
941
942
946
948
951
951
953
953
955
956
957
961
966
967
967
968
968
968
970
971
971
971
971
973
976
977
978
980
984
985
985
986
988
989
990
1000
1002
1007
1012
1014
1020
1020
1021
1022
1028
1029
1031
1032
1032
1033
1033
1033
1034
1034
1034
1034
1034
1035
1036
1038
1039
1046
1047
1050
1051
1051
1052
1052
1052
1053
1053
1053
1055
1062
1063
1070
1074
1076
1076
1077
1091
1093
1096
1097
1097
1100
1101
1107
1179
1179
1179
1179
1204
1238
1298
1298
1298
1314
1315
1316
1321
1323
1326
1326
1326
1326
1330
1331
1331
1332
1332
1341
1347
1349
1349
1349
1350
1350
1350
1351
1351
1351
1351
1352
1352
1352
1352
1353
1353
1353
1353
1354
1358
1369
1370
1371
1372
1404
1405
1417
1417
1422
1422
1423
1423
1424
1424
1424
1424
1424
1425
1425
1425
1425
1425
1426
1427
1428
1430
1431
1432
1432
1432
1433
1434
1434
1435
1435
1436
1436
1436
1436
1436
1436
1436
1436
1436
1437
1437
1437
1437
1437
1437
1437
1437
1437
1437
1438
1438
1438
1438
1438
1440
1442
1442
1443
1445
1447
1447
1448
1448
1450
1450
1450
1450
1450
1450
1450
1450
1450
1451
1451
1452
1453
1454
1455
1456
1456
1456
1456
1456
1456
1456
1456
1456
1456
1456
1456
1457
1457
1457
1457
1457
1457
1457
1457
1457
1457
1458
1458
1458
1459
1460
1460
1462
1462
1466
1467
1467
1467
1468
1468
1468
1468
1469
1469
1469
1469
1469
1469
1470
1470
1470
1470
1471
1472
1472
1473
1473
1473
1473
1474
1476
1477
1477
1478
1479
1479
1480
1481
1482
1485
1485
1485
1485
1485
1485
1486
1486
1486
1486
1487
1487
1487
1487
1487
1487
1487
1487
1487
1487
1487
1487
1488
1488
1488
1488
1488
1488
1488
1488
1488
1488
1489
1489
1489
1490
1490
1492
1493
1493
1494
1494
1495
1495
1495
1495
1495
1495
1495
1495
1495
1495
1495
1495
1495
1495
1496
1496
1496
1496
1496
1496
1496
1496
1497
1497
1497
1498
1498
1499
1499
1499
1500
1500
1500
1500
1500
1501
1501
1501
1501
1501
1501
1501
1504
1505
1505
1505
1506
1506
1506
1506
1506
1507
1508
1510
1510
1510
1511
1511
1511
1511
1511
1512
1515
1517
1521
1526
1532
1535
1541
1544
1547
1552
1556
1560
1562
1563
1563
1563
1563
1567
1567
1570
1570
1571
1572
1572
1572
1574
1574
1575
1580
1580
1580
1580
1581
1585
1586
1588
1591
1593
1594
1594
1595
1595
1596
1596
1598
1599
1599
1600
1601
1602
1603
1604
1606
1606
1607
1609
1609
1610
1611
1611
1611
1612
1615
1615
1619
1619
1619
1621
1622
1624
1625
1625
1627
1628
1633
1635
1638
1641
1642
1643
1645
1654
1654
1654
1654
1654
1655
1655
1655
1655
1655
1656
1657
1658
1659
1659
1665
1667
1667
1667
1667
1667
1667
1668
1668
1669
1671
1671
1673
1673
1674
1675
1676
1676
1677
1677
1677
1677
1677
1677
1677
1678
1678
1678
1678
1678
1680
1682
1682
1683
1683
1683
1684
1684
1684
1686
1686
1686
1686
1686
1686
1686
1686
1687
1687
1687
1687
1687
1687
1687
1687
1688
1688
1688
1688
1688
1692
1697
1698
1698
1700
1701
1703
1703
1704
1704
1704
1704
1704
1705
1707
1709
1712
1715
1715
1717
1718
1722
1730
1732
1740
1742
1743
1743
1743
1746
1747
1747
1749
1750
1750
1753
1761
1768
1774
1785
1786
1794
1794
1795
1797
1799
1799
1799
1807
1808
1813
1813
1819
1822
1823
1823
1823
1824
1824
1824
1824
1824
1825
1825
1825
1825
1825
1825
1826
1827
1827
1828
1829
1830
1832
1834
1836
1837
1838
1839
1845
1850
1852
1852
1855
1855
1856
1856
1856
1857
1857
1858
1865
1866
1875
1878
1879
1898
1900
1904
1905
1907
1909
1926
1934
1935
1936
1937
1938
1938
1938
1938
1939
1961
1966
1966
1972
1975
2000
2002
2005
2026
2028
2042
2043
2048
2049
2060
2061
2064
2065
2065
2066
2068
2071
2073
2074
2092
2102
2106
2106
2113
2114
2116
2133
2134
2137
2149
2166
2167
2169
2169
2237
2240
2243
2243
2251
2258
2446
2446
2563
2563
2563
2565
2602
2610
2611
2611
2613
2621
2623
2623
2629
2632
2635
2636
2637
2639
2641
2643
2649
2649
2649
2650
2650
2651
2653
2653
2659
2659
2664
2676
2677
2677
2697
2697
2698
2698
2698
2699
2699
2699
2699
2700
2700
2700
2700
2700
2701
2701
2701
2701
2701
2701
2701
2701
2725
2731
2732
2754
2776
2889
2891
2939
2949
2967
2973
2977
2979
2979
2983
2983
2983
2986
2991
2998
3002
3003
3005
3005
3006
3008
3008
3009
3009
3009
3009
3014
3018
3023
3023
3027
3027
3027
3028
3028
3028
3029
3031
3032
3032
3032
3034
3035
3036
3037
3037
3038
3039
3042
3045
3045
3048
3048
3048
3050
3054
3057
3058
3059
3059
3060
3061
3061
3061
3062
3063
3063
3064
3066
3066
3066
3068
3069
3069
3071
3074
3076
3079
3080
3082
3083
3088
3091
3092
3101
3101
3101
3105
3111
3114
3116
3120
3120
3121
3124
3127
3128
3129
3131
3132
3135
3139
3139
3145
3147
3152
3154
3156
3156
3157
3159
3159
3163
3169
3170
3170
3170
3172
3173
3176
3180
3182
3185
3186
3189
3195
3196
3197
3202
3205
3210
3215
3217
3217
3218
3219
3220
3222
3223
3223
3223
3226
3226
3227
3227
3229
3229
3230
3230
3233
3233
3235
3237
3237
3238
3239
3239
3239
3240
3241
3242
3242
3242
3242
3243
3243
3244
3244
3244
3244
3246
3247
3247
3247
3247
3248
3248
3248
3249
3250
3250
3251
3251
3254
3256
3257
3258
3259
3261
3261
3261
3263
3263
3265
3267
3269
3271
3273
3274
3274
3274
3278
3278
3279
3279
3279
3280
3282
3284
3285
3285
3285
3290
3290
3292
3293
3294
3295
3296
3297
3298
3299
3300
3304
3307
3309
3309
3311
3311
3315
3315
3318
3319
3321
3321
3341
3341
3342
3346
3350
3351
3359
3367
3368
3372
3374
3380
3399
3400
3400
3401
3403
3405
3405
3406
3406
3406
3406
3406
3407
3409
3416
3419
3424
3427
3427
3428
3431
3444
3463
3468
3483
3486
3552
3553
3553
3554
3558
3566
3584
3595
3611
3612
3613
3617
3619
3629
3634
3636
3638
3643
3656
3699
3699
3719
3798
3833
3843
3844
3845
3847
3852
3853
3856
3871
3882
3883
3891
3896
3917
3946
3946
3951
3994
3997
3998
3999
3999
4014
4015
4015
4018
4071
4071
4071
4072
4073
4081
4082
4087
4094
4096
4098
4103
4104
4104
4106
4109
4112
4112
4118
4148
4152
4154
4155
4167
4239
4240
4241
4244
4261
4290
4296
4324
4326
4328
4337
4341
4341
4342
4423
4433
4437
4468
4523
4550
4550
4551
4555
4558
4560
4561
4563
4564
4564
4567
4572
4573
4577
4578
4580
4580
4583
4583
4587
4598
4598
4611
4612
4615
4622
4627
4628
4630
4635
4637
4643
4648
4651
4653
4653
4655
4665
4666
4678
4684
4688
4689
4689
4690
4691
4696
4696
4727
4729
4743
4744
4745
4749
4756
4756
4756
4759
4760
4762
4777
4784
4785
4785
4799
4803
4803
4810
4817
4818
4839
4842
4842
4843
4845
4854
4857
4867
4874
4876
4890
4901
4906
4931
4931
4932
4945
4950
4972
4972
4972
4975
5013
5013
5013
5014
5020
5021
5024
5025
5025
5026
5029
5041
5063
5065
5067
5077
5110
5119
5121
5123
5144
5148
5149
5151
5198
5199
5228
5231
5242
5252
5253
5256
5262
5266
5268
5296
5309
5312
5320
5323
5323
5370
5370
5380
5382
5388
5392
5413
5534
5577
5615
5619
5641
5717
5717
5731
5733
5733
5736
5740
5740
5740
5741
5742
5744
5744
5762
5800
5803
5811
5811
5820
5821
5825
5834
5839
5859
5881
6011
6014
6028
6048
6095
6095
6100
6113
6123
6125
6126
6134
6156
6167
6168
6168
6168
6168
6169
6169
6175
6176
6177
6179
6181
6195
6198
6205
6206
6240
6249
6255
6294
6299
6302
6305
6311
6316
6328
6332
6332
6333
6333
6333
6336
6341
6344
6357
6374
6383
6383
6383
6383
6383
6396
6408
6464
6470
6473
6474
6476
6488
6493
6496
6497
6498
6530
6619
6620
6627
6675
6773
6776
6777
6785
6790
6790
6792
6796
6798
6798
6799
6801
6801
6801
6806
6813
6831
7098
7103
7103
7175
7181
7186
7186
7187
7187
7201
7209
7209
7211
7220
7339
7342
7343
7343
7347
7349
7498
7560
7561
7561
7561
7561
7562
7562
7562
7562
7562
7563
7563
7563
7564
7564
7575
7593
7648
7649
7664
7666
7667
7670
7671
7681
7682
7688
7695
7697
7697
7700
7703
7705
7709
7718
7718
7725
7725
7725
7725
7725
7728
7729
7729
7730
7730
7730
7730
7731
7736
7753
7754
7760
7763
7767
7769
7783
7789
7790
7791
7791
7795
7801
7811
7812
7812
7812
7812
7812
7812
7812
7812
7813
7813
7813
7833
7837
7842
7913
7942
7946
7950
7957
7958
7989
7990
8003
8024
8027
8028
8030
8032
8033
8035
8039
8042
8043
8044
8049
8056
8058
8058
8059
8062
8065
8065
8069
8072
8075
8113
8207
8219
8224
8226
8230
8299
8307
8311
8311
8311
8314
8315
8316
8318
8318
8325
8327
8327
8327
8329
8379
8392
8397
8412
8430
8434
8441
8443
8450
8453
8459
