0
0
2
2
2
3
3
3
3
3
4
4
4
5
6
6
6
8
8
8
8
9
9
10
10
10
11
11
11
12
12
12
13
15
16
16
16
17
18
18
18
21
21
21
22
22
22
22
22
22
23
23
23
23
23
23
23
23
23
23
23
23
23
23
23
23
24
24
24
24
24
24
25
25
26
26
26
27
27
27
27
27
29
30
30
30
30
31
31
31
31
31
31
31
31
31
31
32
32
32
32
32
32
32
32
32
32
32
32
32
32
33
33
33
33
33
34
34
34
34
34
34
35
35
35
36
36
36
36
37
38
39
40
41
41
42
42
42
43
43
43
43
43
44
44
45
45
45
45
45
45
45
45
45
45
45
45
45
45
45
46
46
46
46
46
46
46
46
46
46
47
47
47
48
48
49
49
51
51
51
51
51
51
51
52
53
53
54
54
56
57
57
57
57
59
59
61
61
61
62
62
63
65
65
65
67
67
67
68
69
69
69
69
70
70
70
70
70
70
70
71
71
72
72
72
73
73
73
74
74
77
77
77
78
78
78
79
80
80
81
82
83
84
85
85
85
85
86
87
87
87
89
90
90
92
92
92
93
93
93
93
94
94
95
95
96
96
96
97
98
98
98
100
100
100
102
104
104
105
106
108
108
108
109
110
110
110
110
110
110
110
110
112
113
113
113
114
114
114
116
117
117
118
119
121
121
121
123
123
124
124
124
125
126
127
127
127
128
128
129
129
129
130
130
130
130
131
133
133
135
135
135
135
136
136
137
141
141
142
143
145
146
146
146
147
147
147
148
148
152
154
154
154
154
158
158
158
160
161
161
162
162
162
162
163
163
163
163
163
163
165
167
167
167
169
170
173
178
179
182
183
183
183
183
184
187
189
189
189
190
190
191
192
193
193
194
195
197
197
198
198
200
202
202
203
203
203
203
204
205
206
207
207
207
207
208
208
209
210
211
214
214
215
216
217
217
218
218
218
219
223
225
227
228
229
229
229
231
231
232
232
234
234
234
235
235
235
236
236
236
237
238
240
242
242
242
244
244
245
247
251
252
253
254
254
255
255
255
255
255
255
255
256
256
258
259
259
260
260
260
263
265
266
269
270
271
273
275
275
282
283
284
285
297
298
299
299
307
309
313
314
316
316
317
319
320
320
321
322
323
323
323
324
325
326
327
327
327
328
328
328
328
328
328
329
329
329
329
329
329
329
329
339
339
341
342
345
348
348
349
351
355
355
356
357
358
358
359
361
362
362
363
364
366
366
367
367
367
367
367
367
367
367
367
368
370
372
372
373
373
373
373
373
374
374
374
375
375
376
377
377
378
378
378
378
380
383
383
384
384
385
386
386
387
387
389
389
389
389
390
390
390
390
390
390
391
394
394
397
397
397
399
401
401
402
403
405
406
406
406
408
409
411
411
425
425
425
425
425
425
425
426
426
426
426
426
426
426
426
426
426
427
427
427
427
427
427
428
428
428
429
429
430
432
432
433
434
434
435
437
437
438
448
448
449
453
453
458
458
460
464
465
465
465
470
471
475
476
477
479
479
480
480
480
485
485
485
485
486
488
488
488
490
490
492
492
493
493
494
494
495
496
497
499
500
502
502
503
506
506
507
507
508
509
509
511
511
512
516
517
517
518
519
519
519
519
519
520
520
520
520
520
520
520
520
520
520
521
521
521
524
524
525
539
544
549
551
557
557
557
558
558
563
564
566
568
569
569
578
578
578
579
579
585
595
598
599
599
603
607
609
609
610
610
614
615
618
620
621
624
625
627
628
628
629
648
651
652
667
670
676
677
677
678
679
680
689
696
701
702
704
706
707
708
709
724
733
737
742
749
750
750
750
750
752
755
759
759
760
761
766
769
770
772
773
773
775
776
779
780
780
818
829
869
874
879
884
884
885
891
892
892
892
893
893
893
897
933
933
935
935
936
947
948
950
960
961
962
964
964
965
966
972
973
974
975
978
978
980
980
982
993
997
998
1001
1003
1007
1010
1018
1027
1040
1048
1067
1078
1080
1080
1081
1082
1091
1094
1124
1143
1158
1176
1201
1201
1202
1202
1203
1203
1204
1204
1204
1205
1205
1206
1206
1207
1208
1214
1214
1214
1214
1214
1214
1215
1215
1215
1216
1216
1218
1240
1264
1276
1283
1294
1295
1301
1304
1304
1304
1304
1305
1306
1314
1314
1314
1314
1315
1315
1315
1315
1315
1317
1328
1328
1329
1329
1329
1329
1329
1330
1330
1330
1330
1330
1330
1330
1331
1331
1331
1331
1343
1343
1344
1344
1345
1346
1346
1348
1349
1350
1350
1351
1351
1351
1351
1351
1352
1352
1355
1356
1356
1359
1360
1362
1363
1364
1365
1366
1368
1369
1370
1372
1374
1377
1391
1391
1392
1392
1396
1403
1404
1405
1407
1408
1409
1410
1411
1416
1418
1419
1419
1420
1420
1420
1420
1420
1420
1420
1420
1420
1420
1421
1421
1421
1421
1421
1421
1421
1422
1424
1429
1429
1429
1429
1430
1430
1430
1430
1430
1430
1430
1431
1431
1433
1434
1434
1435
1436
1436
1437
1438
1439
1440
1443
1444
1444
1445
1445
1446
1446
1446
1447
1450
1451
1452
1452
1453
1455
1455
1456
1458
1458
1458
1458
1459
1461
1461
1461
1462
1464
1466
1466
1468
1468
1468
1469
1470
1470
1470
1471
1471
1471
1471
1472
1472
1472
1472
1473
1473
1473
1473
1474
1475
1476
1476
1479
1479
1480
1480
1480
1480
1481
1481
1481
1483
1483
1484
1487
1488
1488
1488
1488
1488
1490
1493
1495
1498
1498
1498
1498
1499
1500
1500
1501
1502
1503
1504
1504
1505
1511
1512
1513
1513
1515
1516
1517
1517
1517
1522
1522
1523
1524
1524
1524
1525
1526
1527
1527
1527
1528
1528
1529
1529
1530
1532
1534
1534
1534
1534
1534
1535
1535
1535
1535
1535
1536
1536
1537
1538
1538
1538
1539
1539
1540
1541
1541
1544
1544
1550
1551
1557
1562
1563
1564
1565
1568
1570
1570
1575
1580
1581
1584
1584
1584
1585
1585
1585
1586
1586
1586
1590
1590
1591
1591
1591
1593
1595
1597
1599
1599
1601
1604
1605
1607
1611
1614
1614
1614
1616
1622
1623
1624
1626
1627
1629
1630
1632
1632
1632
1633
1633
1634
1636
1638
1638
1639
1641
1646
1647
1647
1647
1647
1647
1647
1648
1649
1650
1654
1657
1657
1657
1657
1659
1659
1659
1659
1659
1660
1660
1660
1662
1663
1663
1663
1664
1664
1666
1667
1674
1675
1677
1677
1677
1677
1678
1678
1678
1678
1678
1679
1679
1684
1687
1688
1694
1694
1694
1694
1698
1701
1701
1703
1703
1704
1707
1711
1712
1714
1714
1715
1715
1716
1717
1719
1722
1725
1727
1728
1729
1733
1739
1742
1744
1745
1745
1746
1747
1749
1757
1764
1766
1785
1786
1788
1817
1820
1820
1822
1824
1829
1830
1830
1847
1848
1855
1855
1859
1859
1861
1876
1885
1887
1889
1889
1890
1891
1895
1896
1899
1900
1901
1903
1908
1908
1908
1914
1915
1915
1919
1926
1934
1944
1945
1953
1953
1956
1963
1964
1967
1970
1970
1975
1991
1992
1993
1993
1999
2014
2017
2020
2037
2038
2042
2042
2044
2044
2044
2045
2045
2046
2046
2047
2047
2050
2050
2051
2051
2051
2051
2051
2051
2052
2057
2057
2057
2058
2058
2063
2066
2073
2074
2076
2079
2079
2080
2080
2080
2080
2096
2098
2099
2099
2099
2101
2104
2105
2106
2113
2119
2124
2130
2130
2130
2131
2145
2162
2166
2185
2197
2198
2199
2200
2201
2205
2207
2209
2210
2214
2216
2218
2219
2229
2230
2231
2231
2231
2232
2233
2233
2237
2247
2247
2248
2265
2265
2265
2266
2266
2278
2284
2296
2302
2309
2319
2319
2319
2387
2387
2388
2388
2388
2388
2399
2403
2403
2406
2425
2441
2446
2453
2453
2455
2455
2455
2459
2511
2517
2565
2565
2565
2565
2565
2565
2565
2566
2566
2566
2566
2566
2566
2566
2566
2567
2567
2567
2568
2573
2573
2573
2574
2574
2574
2574
2574
2574
2575
2575
2575
2575
2575
2576
2576
2639
2643
2643
2645
2649
2654
2654
2666
2667
2667
2668
2668
2672
2676
2683
2688
2714
2724
2729
2732
2733
2734
2741
2742
2742
2743
2743
2753
2754
2756
2764
2771
2780
2782
2783
2808
2814
2817
2820
2823
2830
2841
2852
2857
2858
2859
2860
2865
2868
2877
2877
2878
2879
2881
2882
2898
2898
2903
2924
2939
2945
2947
2953
2955
2960
2963
2965
2965
2966
2967
2968
2969
2973
2976
2980
2985
2986
2987
2988
2989
2989
2992
2997
2997
2997
2997
2997
3004
3005
3006
3007
3007
3008
3009
3009
3011
3012
3018
3027
3029
3029
3031
3032
3035
3047
3051
3060
3063
3065
3065
3068
3069
3071
3072
3074
3075
3075
3076
3077
3078
3079
3087
3089
3089
3090
3092
3092
3093
3094
3095
3095
3096
3096
3097
3098
3098
3099
3100
3100
3101
3101
3101
3102
3103
3104
3104
3107
3107
3109
3113
3116
3117
3126
3129
3133
3136
3137
3138
3139
3139
3141
3141
3142
3142
3145
3146
3146
3148
3149
3149
3150
3150
3150
3150
3151
3153
3158
3159
3161
3163
3165
3166
3166
3167
3168
3170
3171
3171
3172
3174
3175
3177
3184
3194
3195
3197
3199
3203
3205
3205
3206
3206
3206
3207
3208
3208
3208
3210
3210
3215
3218
3218
3236
3236
3241
3242
3244
3258
3284
3319
3321
3322
3323
3329
3330
3386
3408
3412
3419
3420
3421
3421
3425
3426
3435
3437
3444
3445
3448
3449
3455
3462
3464
3467
3468
3468
3470
3470
3471
3475
3475
3475
3477
3479
3480
3480
3480
3481
3481
3482
3483
3483
3485
3485
3486
3490
3490
3491
3492
3492
3493
3493
3499
3499
3501
3501
3503
3503
3506
3522
3591
3665
3683
3688
3689
3690
3690
3692
3711
3714
3718
3725
3727
3729
3730
3733
3741
3742
3764
3794
3794
3794
3836
3836
3859
3870
3871
3871
3881
3883
3886
3888
3901
3912
3926
3926
3926
3926
3926
3942
3942
3947
3954
3958
3958
3962
3964
3964
3966
3966
3968
3980
3994
3998
4000
4001
4002
4019
4033
4066
4081
4085
4101
4106
4148
4181
4184
4186
4190
4197
4201
4202
4202
4209
4212
4220
4224
4233
4233
4236
4237
4238
4238
4239
4240
4254
4264
4269
4270
4273
4276
4276
4279
4280
4283
4293
4297
4303
4309
4310
4310
4320
4324
4328
4328
4343
4348
4351
4355
4358
4370
4382
4443
4445
4447
4450
4450
4453
4457
4462
4463
4467
4470
4470
4539
4547
4556
4557
4569
4577
4579
4580
4583
4585
4603
4605
4605
4608
4618
4619
4623
4623
4624
4624
4625
4626
4633
4651
4657
4659
4661
4662
4669
4677
4690
4691
4693
4704
4706
4707
4707
4709
4711
4711
4712
4715
4718
4719
4731
4740
4742
4745
4749
4749
4749
4759
4769
4780
4786
4792
4815
4815
4816
4821
4828
4830
4830
4843
4864
4865
4868
4876
4888
4889
4905
4913
4913
4922
4923
4929
4930
4935
4935
4936
4936
4936
4946
4961
4986
5002
5016
5020
5021
5024
5028
5031
5032
5032
5033
5077
5079
5084
5086
5089
5099
5100
5130
5134
5135
5140
5250
5359
5361
5363
5373
5406
5418
5418
5421
5422
5428
5433
5446
5447
5453
5482
5483
5515
5515
5527
5530
5548
5548
5703
5838
5839
5853
5855
5861
5863
5863
5865
5873
5877
5879
5881
5886
5887
5887
5887
5888
5891
5905
5937
5938
5941
5942
5959
5964
5969
6006
6023
6026
6037
6066
6067
6067
6135
6157
6157
6160
6164
6169
6173
6195
6195
6195
6200
6200
6201
6202
6202
6206
6214
6214
6215
6216
6223
6224
6224
6224
6225
6227
6229
6234
6235
6237
6240
6298
6325
6329
6354
6355
6364
6366
6402
6402
6403
6434
6436
6455
6457
6461
6466
6529
6530
6532
6533
6534
6535
6538
6540
6542
6547
6560
6562
6562
6583
6593
6597
6597
6598
6599
6605
6606
6608
6608
6621
6630
6635
6635
6635
6636
6636
6637
6638
6638
6640
6640
6640
6642
6646
6650
6651
6652
6653
6655
6659
6659
6660
6661
6663
6665
6666
6933
6971
6974
6995
7007
7008
7013
7014
7014
7015
7015
7016
7017
7027
7027
7035
7036
7050
7051
7051
7057
7058
7066
7077
7090
7091
7096
7096
7096
7133
7148
7160
7169
7169
7169
7173
7174
7242
7450
7459
7462
7464
7467
7470
7472
7476
7484
7484
7491
7492
7492
7492
7492
7495
7496
7496
7496
7496
7497
7497
7498
7503
7503
7505
7519
7520
7526
7529
7533
7535
7549
7557
7557
7560
7561
7571
7587
7648
7649
7655
7665
7693
7693
7699
7700
7700
7704
7709
7709
7716
7722
7723
7734
7734
7735
7767
7773
7773
7774
7803
7823
7830
7830
7833
7843
7843
7864
7891
7948
7960
7967
7981
7996
7999
8005
8017
8028
8028
8045
8048
8048
8068
8074
8077
8079
8080
8081
8082
8089
8092
8092
8092
8099
8100
8102
8106
8106
8108
8109
8113
8121
8130
8147
8150
8158
8181
8182
8185
8191
8196
