0
0
0
0
2
2
2
2
3
3
4
5
5
5
6
6
7
7
7
8
8
8
8
8
8
8
9
9
10
10
10
10
11
11
11
11
11
11
11
11
12
12
12
13
13
13
13
13
13
13
14
14
15
15
15
15
15
16
16
16
16
16
17
18
18
18
19
19
19
19
19
19
19
19
19
20
20
20
20
20
21
21
21
21
21
21
21
21
21
21
21
21
21
21
21
21
21
22
22
22
22
22
22
22
22
22
22
22
22
22
22
22
22
22
22
22
22
22
22
22
23
23
23
23
23
23
23
23
23
23
23
23
23
24
24
24
24
24
24
24
25
25
25
25
25
25
25
25
25
26
26
26
26
27
27
27
27
27
27
27
27
28
28
28
28
28
28
28
29
29
29
29
29
29
29
29
29
29
29
29
29
29
29
29
30
30
30
30
30
30
31
31
31
31
31
31
31
32
32
32
32
33
33
33
33
33
33
33
33
34
34
34
34
34
34
34
35
35
35
35
35
36
36
36
36
36
37
37
37
37
37
37
37
37
37
37
38
38
38
38
38
38
38
38
38
38
38
38
38
38
38
38
39
39
39
39
39
39
39
39
39
39
39
39
39
39
40
40
40
40
40
40
40
40
40
40
41
41
41
41
41
41
41
42
42
42
42
42
42
42
43
43
43
43
43
43
43
43
43
43
43
44
44
44
44
44
44
44
44
45
45
45
45
45
45
45
45
45
45
45
45
45
45
46
46
46
46
46
46
46
46
47
47
47
47
47
47
47
47
47
48
48
49
49
50
50
50
51
51
51
51
51
51
51
51
51
52
52
52
52
52
53
53
53
54
54
55
55
55
55
55
55
55
55
56
56
56
56
56
56
56
57
57
57
58
58
58
58
59
59
59
59
60
60
60
60
60
60
61
61
61
61
61
61
61
61
61
61
62
62
62
62
62
62
62
62
63
63
64
64
64
64
64
64
65
65
65
65
65
65
65
66
66
66
66
66
66
66
67
67
68
68
68
69
69
69
70
70
70
70
70
71
71
71
71
72
72
72
72
72
72
72
72
73
73
73
73
73
73
74
74
74
74
75
75
75
75
75
76
76
76
76
76
77
77
78
78
78
78
78
79
79
79
79
79
79
79
80
80
80
80
80
81
81
81
81
81
81
81
81
81
81
82
82
83
83
83
83
84
84
84
84
84
84
84
84
84
84
85
85
85
85
85
85
85
85
86
86
86
86
86
86
87
87
87
87
87
87
87
87
88
88
88
89
89
89
89
89
89
89
90
90
91
91
91
91
91
91
91
91
91
92
92
92
92
92
92
92
92
92
92
92
92
92
92
93
93
93
93
93
93
94
95
95
96
96
96
96
96
96
96
97
97
97
98
98
98
99
99
99
99
99
99
100
100
100
100
100
100
101
101
101
101
101
101
101
101
101
102
102
102
102
102
102
103
103
103
103
103
103
104
104
104
105
105
105
106
106
106
106
106
107
107
107
108
108
109
109
109
109
109
109
109
110
110
110
110
110
110
110
111
111
111
112
112
112
112
112
113
113
113
114
114
114
114
114
114
114
114
114
115
115
115
115
115
115
115
115
115
116
116
116
116
116
116
116
116
116
117
117
117
117
117
117
118
118
118
118
119
119
120
120
120
120
120
120
120
120
120
120
120
120
120
121
121
121
121
121
121
121
121
121
121
121
121
121
122
122
122
122
122
122
122
122
122
122
123
123
124
124
124
124
124
124
124
124
124
124
124
125
125
125
125
125
125
125
125
125
125
125
125
125
125
125
125
125
125
125
125
125
126
126
126
126
126
126
126
126
126
126
127
127
127
127
127
127
127
127
128
128
128
129
129
129
129
129
129
130
130
130
130
130
131
131
131
132
132
132
132
132
132
133
133
133
133
133
133
134
134
134
134
134
135
136
136
136
136
137
137
137
137
138
138
138
138
139
139
139
139
139
139
139
139
139
140
140
140
140
140
140
140
141
141
141
141
143
143
143
143
144
144
144
145
146
146
146
146
146
146
146
146
146
146
146
146
146
147
147
147
147
147
148
148
148
149
149
149
150
150
151
151
151
151
151
151
152
152
152
152
152
152
152
152
153
153
153
153
153
154
154
154
155
155
155
155
156
156
157
157
157
157
157
158
158
158
158
158
159
159
159
159
159
160
160
161
161
161
162
162
162
162
162
162
162
163
163
163
163
163
163
163
164
164
164
164
164
164
165
165
166
166
166
166
167
167
168
168
168
168
169
169
169
171
171
171
171
171
172
172
172
172
173
173
174
174
174
175
175
176
176
177
177
177
177
177
178
178
178
178
178
179
179
179
180
180
180
181
181
181
181
181
181
182
182
182
182
184
184
185
185
185
185
186
188
188
188
189
189
189
190
190
190
190
191
191
191
191
192
192
193
193
193
193
194
194
194
194
195
195
195
195
195
197
197
197
197
198
198
198
200
201
201
201
201
201
202
202
203
203
203
204
204
204
204
205
205
205
205
206
206
206
207
207
207
207
208
208
208
208
209
209
209
209
209
209
210
210
210
210
210
210
210
210
211
211
211
211
211
212
212
212
212
212
212
212
213
213
213
213
213
213
213
213
213
214
214
214
214
215
215
215
216
216
217
217
217
217
217
217
218
218
219
219
219
219
220
220
221
221
221
221
222
223
223
223
223
224
224
225
225
227
227
229
229
230
230
230
231
232
233
234
235
236
236
237
237
238
239
240
240
241
241
241
242
242
244
245
252
252
252
254
255
256
256
257
257
258
258
258
258
259
259
260
260
260
261
262
262
262
263
264
264
264
264
265
265
266
267
268
272
272
273
273
273
274
274
275
275
275
275
275
276
277
277
277
278
278
278
278
279
279
279
279
279
279
279
280
280
280
281
281
281
281
282
282
282
282
282
283
283
285
286
286
287
288
290
290
293
294
295
295
296
298
298
298
298
299
299
300
301
302
302
304
307
308
309
310
310
310
310
312
312
312
313
315
315
315
316
318
319
320
322
322
322
323
323
324
325
330
330
331
332
332
332
333
334
334
335
335
336
336
337
337
337
338
339
339
339
340
343
344
345
345
345
345
345
345
345
346
347
347
348
349
352
352
352
352
353
353
354
354
355
361
361
364
366
367
367
369
373
387
389
389
390
390
393
394
395
395
395
396
397
398
399
399
402
405
406
406
406
406
407
408
409
409
409
411
413
415
415
416
421
421
422
422
422
423
423
424
424
424
425
425
427
427
427
428
429
430
435
435
437
438
438
440
441
442
443
445
445
445
446
446
446
447
448
449
453
454
454
454
454
455
455
455
456
456
456
456
457
459
460
461
462
463
463
463
463
463
463
463
465
465
466
466
466
467
468
468
468
469
469
470
470
471
473
474
474
475
475
476
478
479
479
479
479
479
480
480
480
480
480
481
481
481
481
481
481
481
482
482
482
482
482
485
486
486
490
491
491
491
491
493
495
495
495
495
496
496
498
500
500
500
500
501
505
512
513
517
518
520
529
529
531
537
538
539
539
539
539
541
542
543
546
546
546
547
547
547
548
550
550
551
552
552
552
552
555
557
558
558
558
561
561
561
563
576
580
596
596
596
596
596
596
596
596
596
597
597
606
611
627
644
644
645
654
663
664
681
683
687
693
695
700
704
710
713
716
716
717
725
725
737
738
738
742
745
747
749
752
755
758
759
764
764
766
766
768
769
771
771
773
773
774
774
775
775
779
780
783
783
786
786
787
787
788
788
789
790
792
792
794
795
796
797
797
802
804
809
810
813
814
822
824
825
825
832
834
835
835
836
836
836
870
883
887
888
891
891
892
896
897
897
900
901
902
902
902
902
902
902
902
902
902
903
903
903
903
903
903
904
904
904
904
904
905
905
905
905
905
906
906
907
908
911
911
912
913
913
920
920
920
921
921
923
929
930
931
933
935
939
939
939
940
945
945
947
950
950
950
952
953
955
955
955
960
965
965
981
983
991
997
1012
1013
1021
1026
1026
1026
1027
1027
1027
1027
1027
1028
1028
1028
1028
1029
1030
1032
1032
1032
1032
1032
1033
1035
1037
1042
1048
1055
1060
1061
1070
1070
1070
1072
1073
1073
1076
1079
1080
1082
1083
1086
1090
1096
1096
1116
1150
1152
1153
1154
1155
1155
1155
1156
1158
1158
1158
1158
1159
1159
1159
1159
1164
1167
1170
1171
1173
1180
1185
1186
1194
1202
1203
1210
1211
1227
1254
1256
1261
1272
1303
1303
1304
1304
1304
1306
1308
1309
1314
1332
1343
1349
1362
1363
1363
1363
1364
1364
1365
1370
1383
1383
1415
1421
1425
1426
1427
1429
1429
1430
1430
1430
1432
1435
1438
1438
1438
1439
1442
1445
1446
1446
1446
1446
1446
1446
1447
1447
1447
1447
1447
1448
1448
1448
1450
1451
1451
1451
1452
1453
1454
1456
1457
1457
1457
1458
1458
1458
1459
1459
1461
1461
1464
1465
1465
1466
1467
1468
1470
1470
1470
1471
1471
1471
1471
1472
1472
1473
1473
1476
1476
1477
1477
1477
1477
1478
1478
1478
1479
1480
1481
1481
1481
1482
1484
1484
1484
1485
1486
1486
1490
1496
1496
1498
1498
1499
1501
1502
1503
1507
1507
1507
1507
1508
1508
1508
1508
1508
1509
1510
1510
1511
1513
1513
1514
1517
1519
1524
1527
1529
1534
1536
1536
1537
1538
1539
1540
1540
1543
1545
1546
1547
1550
1551
1552
1552
1555
1555
1559
1561
1561
1562
1562
1563
1564
1565
1565
1566
1571
1574
1574
1574
1575
1577
1579
1580
1581
1582
1583
1584
1584
1586
1587
1587
1589
1590
1590
1591
1591
1593
1593
1594
1595
1596
1598
1600
1601
1601
1602
1605
1606
1606
1606
1606
1606
1607
1607
1608
1608
1609
1609
1610
1610
1611
1611
1612
1612
1613
1614
1614
1614
1615
1617
1618
1620
1621
1622
1623
1623
1624
1624
1625
1627
1627
1628
1631
1633
1639
1640
1643
1643
1643
1645
1646
1648
1650
1652
1652
1653
1656
1656
1656
1657
1657
1657
1658
1659
1659
1661
1662
1663
1665
1666
1668
1668
1668
1669
1672
1674
1675
1677
1679
1683
1684
1684
1685
1685
1686
1693
1694
1694
1695
1696
1697
1699
1699
1700
1700
1700
1701
1701
1702
1702
1702
1703
1704
1704
1706
1707
1708
1708
1708
1710
1710
1712
1713
1715
1715
1716
1716
1717
1719
1719
1719
1720
1720
1722
1722
1725
1725
1727
1727
1728
1728
1732
1733
1734
1734
1735
1735
1737
1737
1737
1738
1739
1739
1740
1740
1740
1741
1741
1741
1743
1746
1747
1747
1747
1748
1750
1751
1751
1752
1752
1756
1758
1760
1763
1764
1774
1774
1776
1776
1776
1777
1779
1779
1779
1782
1782
1783
1784
1784
1785
1786
1787
1788
1790
1790
1792
1794
1797
1800
1801
1802
1804
1804
1804
1805
1806
1807
1807
1808
1809
1812
1812
1812
1817
1818
1824
1826
1826
1827
1827
1827
1827
1828
1828
1828
1828
1828
1828
1828
1829
1829
1829
1829
1829
1829
1830
1830
1833
1834
1834
1840
1841
1845
1848
1848
1849
1850
1851
1851
1852
1854
1855
1855
1856
1858
1858
1859
1861
1862
1862
1867
1868
1869
1871
1872
1873
1873
1875
1875
1878
1879
1881
1881
1881
1882
1882
1882
1883
1888
1889
1896
1899
1900
1900
1909
1922
1930
1935
1988
1988
2007
2051
2051
2053
2057
2058
2068
2074
2076
2076
2101
2102
2140
2149
2285
2286
2294
2333
2334
2508
2509
2510
2529
2529
2529
2529
2530
2530
2530
2530
2544
2552
2559
2560
2561
2568
2572
2584
2584
2595
2679
2687
2693
2717
2732
2732
2742
2748
2756
2793
2793
2793
2799
2799
