0
0
0
0
2
2
2
3
3
3
3
3
4
5
5
6
7
7
7
7
7
7
8
8
9
9
10
10
10
10
10
11
11
11
11
11
11
12
12
12
12
12
13
13
14
14
15
16
16
16
16
16
17
17
17
17
18
18
18
18
18
19
19
19
19
19
19
19
19
19
19
19
20
20
20
20
20
20
20
20
20
20
20
20
20
20
20
21
21
21
21
21
22
22
22
22
22
22
22
22
23
23
23
23
23
23
23
23
24
24
24
24
25
25
25
26
26
26
26
26
26
27
27
27
27
27
27
27
27
27
28
28
28
28
28
28
28
28
28
28
28
28
28
29
29
29
29
29
29
29
30
30
30
31
31
31
31
31
32
32
32
32
32
32
32
32
32
33
33
33
33
33
33
33
33
33
33
33
33
34
34
34
34
34
34
34
34
34
34
34
34
34
34
34
34
34
34
34
34
34
34
34
34
34
34
34
35
35
35
35
35
35
35
35
35
35
35
35
35
36
36
36
36
36
37
37
37
37
38
38
38
38
38
38
38
38
38
38
38
38
38
38
38
39
39
39
39
39
39
39
40
40
40
40
40
41
41
41
41
41
41
41
41
41
42
42
42
42
42
42
42
42
42
42
42
42
42
42
42
42
42
42
42
42
42
42
42
43
43
43
43
43
43
43
43
43
43
43
43
43
43
43
43
43
43
44
44
44
44
44
44
44
44
44
44
44
44
44
44
44
44
45
45
45
45
45
46
46
46
47
47
47
47
47
47
47
48
48
48
48
48
48
48
48
48
49
49
49
49
49
50
50
50
50
50
51
51
52
52
52
52
52
53
53
53
53
54
54
54
54
54
54
54
54
54
54
55
55
55
55
55
56
56
56
56
56
56
56
56
58
58
58
58
59
59
59
59
59
60
60
60
60
61
61
61
61
61
61
62
62
62
62
62
62
62
63
63
63
63
63
63
64
64
64
64
64
64
64
64
65
65
65
65
65
66
66
66
66
66
67
67
67
68
68
68
68
68
69
70
71
71
71
72
72
72
72
72
72
73
73
73
73
73
74
74
74
74
74
74
74
74
74
74
75
75
75
75
76
77
77
78
78
78
78
78
79
79
79
79
79
79
79
80
80
80
80
81
81
81
81
81
81
82
82
82
82
82
82
82
82
83
84
84
85
85
85
85
85
85
85
85
86
86
86
86
87
87
87
87
87
87
87
87
88
88
88
88
89
89
89
89
89
89
90
90
90
90
90
90
91
91
91
91
91
91
92
93
93
94
94
94
94
95
95
95
95
95
95
95
96
96
96
97
97
97
97
97
97
97
97
97
97
98
98
98
98
98
99
99
99
99
100
100
100
101
101
101
101
102
102
102
102
102
102
103
103
103
103
103
104
104
104
104
104
105
105
105
105
105
105
106
106
106
107
107
107
108
108
108
108
108
108
108
108
108
108
109
109
109
109
109
109
109
110
110
110
110
110
110
110
110
110
111
111
111
111
111
112
112
113
113
113
113
113
114
114
114
114
114
115
115
115
115
115
115
115
116
116
116
116
116
116
116
116
116
116
116
116
116
116
117
117
117
117
117
117
117
118
118
118
118
118
118
118
118
118
119
119
119
120
120
121
121
121
121
121
121
122
122
122
122
122
122
123
123
123
123
124
125
125
125
125
125
126
126
126
126
126
126
127
127
127
127
128
128
128
128
128
128
129
129
129
129
129
129
130
130
131
131
131
131
132
132
132
132
132
133
133
133
133
134
134
134
134
134
134
134
134
134
135
135
135
135
135
135
135
135
135
136
136
136
137
137
137
137
137
137
138
138
139
139
139
140
140
140
140
140
140
140
141
141
141
141
142
142
142
142
142
142
142
142
142
142
142
142
142
142
142
143
143
143
143
143
143
144
144
144
144
144
144
144
144
144
144
144
145
145
145
146
146
146
146
146
146
146
147
147
147
148
148
148
149
149
149
149
149
149
149
150
150
150
151
151
151
151
151
152
152
152
152
152
153
153
153
154
154
154
154
155
155
155
156
156
156
157
157
157
157
157
157
157
157
158
158
159
159
159
159
159
159
160
160
160
160
160
160
160
160
161
161
161
161
162
162
162
162
163
163
163
163
163
163
163
164
164
164
165
165
166
166
166
166
167
167
168
169
169
170
170
170
170
170
170
171
171
172
173
173
173
174
174
174
174
175
175
175
175
175
175
175
176
176
177
178
178
178
178
178
178
179
180
180
180
180
181
182
182
182
182
182
183
183
183
183
183
183
184
184
184
184
185
185
185
185
185
186
186
186
186
186
187
187
187
187
188
189
189
189
190
190
190
190
191
191
191
191
191
192
192
192
192
192
193
193
193
193
194
194
194
194
194
194
194
194
195
195
195
195
195
195
195
196
196
196
196
196
196
196
196
196
197
197
197
197
197
198
198
198
199
199
199
199
199
200
200
200
200
200
200
201
201
202
202
202
202
202
202
202
202
203
203
203
203
203
203
203
203
204
204
204
204
204
204
204
204
204
204
204
204
205
205
205
205
205
205
205
206
206
206
206
206
206
206
207
207
208
208
208
208
208
209
209
209
209
209
209
210
210
210
210
210
210
210
210
210
210
210
210
211
211
211
211
211
212
212
212
212
212
212
212
212
213
214
215
215
216
216
217
217
218
218
218
219
219
219
219
220
220
220
220
220
221
221
221
222
223
223
223
223
223
223
224
224
224
224
224
224
224
225
225
225
225
225
225
226
226
226
226
226
227
227
227
227
228
228
229
229
229
230
230
230
230
231
231
231
231
232
232
232
232
232
232
232
233
233
233
233
233
233
233
233
233
233
233
234
234
234
234
234
234
234
234
235
235
235
235
235
235
235
235
235
235
236
236
236
236
236
236
236
236
236
236
237
237
237
237
237
237
237
238
238
239
239
240
240
240
240
240
240
241
241
241
241
241
241
241
241
241
242
242
242
242
242
242
242
242
243
243
243
243
243
243
243
244
244
244
245
245
245
245
246
246
247
247
248
248
248
248
249
249
249
249
250
250
250
250
251
251
251
251
251
251
251
251
251
251
252
252
252
252
252
252
252
253
253
253
254
254
254
254
254
255
255
255
255
255
256
257
257
257
257
258
258
258
258
258
258
258
258
259
259
259
259
259
259
259
260
260
260
260
261
261
261
261
262
262
263
263
263
264
264
264
264
265
265
265
265
266
266
267
268
269
269
269
269
270
270
270
270
271
271
271
271
271
271
271
271
271
272
272
272
272
272
273
273
273
273
273
274
274
274
274
275
275
277
277
277
277
278
278
279
279
280
281
281
281
281
282
282
282
282
282
283
283
284
284
284
284
284
284
285
285
285
285
285
286
286
286
287
289
289
290
291
291
292
292
293
293
293
293
294
294
296
297
298
298
300
300
301
302
302
303
304
304
305
307
308
308
308
309
310
310
311
311
311
311
312
313
315
316
316
316
317
317
317
317
317
317
317
317
317
317
317
317
317
317
317
317
318
318
318
318
318
318
318
318
318
319
319
319
319
319
319
320
320
320
320
320
320
320
321
321
322
322
323
324
326
327
330
331
331
332
334
336
336
336
338
340
340
340
340
341
341
341
342
343
348
349
349
349
350
350
350
350
354
355
355
364
365
365
367
368
369
369
369
370
370
374
374
374
374
375
375
375
375
375
375
376
376
377
378
378
380
380
380
381
381
382
383
384
384
384
385
385
385
386
387
387
388
388
389
389
390
390
391
391
393
394
395
395
395
395
396
396
396
396
398
402
402
402
402
402
403
403
404
405
405
406
410
410
411
415
416
416
417
421
421
422
423
423
434
438
445
447
449
449
452
459
459
459
460
461
462
463
466
467
469
469
470
472
472
473
475
476
482
484
490
491
491
492
493
494
502
503
506
507
508
508
509
510
513
514
514
515
515
516
516
516
517
517
519
522
522
523
525
536
536
537
537
538
539
539
539
541
559
570
584
585
588
588
598
605
608
609
613
617
617
617
617
617
618
618
618
622
625
631
638
641
645
649
656
671
693
693
714
720
733
734
750
751
762
764
785
787
805
902
904
918
919
919
919
920
925
934
934
936
938
941
1013
1026
1048
1122
1204
1214
1220
1223
1233
1235
1275
1284
1329
1341
1351
1410
1422
1428
1432
1438
1438
1441
1443
1447
1451
1453
1453
1454
1455
1456
1456
1459
1459
1462
1463
1463
1465
1468
1468
1468
1468
1468
1469
1470
1471
1471
1472
1473
1475
1476
1476
1476
1476
1477
1477
1477
1477
1478
1478
1480
1480
1480
1481
1481
1481
1481
1481
1483
1484
1485
1487
1488
1488
1489
1489
1490
1491
1491
1491
1491
1492
1492
1492
1492
1493
1493
1494
1494
1495
1497
1497
1499
1499
1500
1502
1502
1503
1504
1504
1505
1505
1506
1506
1506
1507
1507
1508
1509
1509
1510
1512
1513
1514
1515
1515
1516
1516
1519
1520
1522
1522
1522
1522
1527
1527
1527
1529
1531
1532
1534
1535
1535
1535
1537
1538
1540
1541
1542
1544
1545
1546
1550
1553
1553
1553
1557
1558
1561
1561
1562
1563
1563
1563
1564
1564
1566
1566
1566
1567
1568
1568
1568
1569
1570
1572
1572
1574
1574
1576
1577
1582
1582
1582
1587
1589
1592
1593
1593
1593
1593
1595
1596
1596
1598
1599
1600
1600
1600
1601
1602
1605
1605
1606
1606
1607
1607
1611
1611
1612
1612
1612
1613
1614
1615
1616
1616
1616
1617
1618
1618
1619
1621
1621
1622
1623
1625
1628
1629
1629
1630
1631
1631
1634
1635
1639
1640
1641
1641
1642
1643
1646
1647
1647
1647
1647
1649
1651
1652
1652
1655
1655
1655
1656
1656
1656
1656
1656
1657
1658
1659
1659
1661
1663
1665
1666
1668
1668
1669
1669
1672
1675
1676
1676
1676
1676
1679
1680
1681
1681
1685
1685
1685
1686
1687
1689
1691
1692
1692
1693
1693
1693
1693
1693
1695
1697
1697
1698
1698
1698
1700
1703
1705
1709
1716
1722
1723
1725
1727
1729
1731
1735
1736
1755
1756
1778
1785
1790
1794
1795
1797
1798
1799
1811
1891
1898
1913
1919
1921
1921
1922
1923
1929
1994
2042
2227
2240
2240
2241
2241
2241
2305
2307
2332
2426
2479
2480
2484
2485
2584
2633
2699
2719
2821
2885
2959
2976
2995
2996
2996
2996
2997
2997
3023
3025
3027
3047
3047
3047
3047
3058
3061
3061
3061
3064
3070
3075
3076
3076
3081
3083
3094
3095
3095
3113
3117
3118
3118
3124
3126
3129
3130
3133
3135
3137
3138
3138
3139
3139
3143
3144
3146
3147
3147
3148
3156
3156
3156
3157
3157
3172
3180
3193
3193
3195
3208
3230
3231
3231
3235
3239
3240
3243
3246
3247
3247
3249
3250
3250
3251
3252
3255
3257
3257
3257
3257
3257
3258
3258
3259
3259
3259
3260
3261
3262
3262
3262
3265
3265
3276
3277
3303
3369
3399
3422
3424
3425
3427
3428
3434
3484
3532
3543
3556
3604
4306
4334
4347
4402
4403
4404
4542
4544
4546
4548
4570
4580
4592
4628
4656
4657
4657
4657
4664
4700
4726
4729
4737
4746
4750
4751
4752
4753
4758
4761
4762
4764
4765
4766
4771
4771
4782
4784
4797
4798
4822
4823
4851
4852
4885
4885
4891
4893
4908
4909
4910
4911
4911
4911
4912
4912
4912
5058
5231
5304
5311
5311
5456
5468
5487
5525
5599
5656
5656
5660
5713
5739
5740
5740
5743
5746
5748
5754
5760
5767
5774
5904
6068
6070
6070
6100
6173
6193
6197
6202
6203
6203
6204
6206
6215
6215
6216
6216
6216
6216
6223
6224
6226
6247
6262
6269
