0
0
0
2
2
2
3
3
5
5
7
8
8
10
11
12
13
13
13
13
13
13
13
14
14
17
18
18
18
19
19
19
20
20
20
20
21
21
22
22
22
22
23
23
24
25
25
25
26
27
27
27
28
29
29
30
31
31
31
34
34
34
34
34
35
35
35
35
35
35
35
35
36
36
36
36
36
36
36
36
37
37
37
37
38
38
39
39
39
39
39
40
40
40
40
41
41
41
41
41
41
41
42
42
42
42
42
42
42
42
42
42
42
42
42
42
42
42
43
43
43
43
43
43
43
43
43
43
43
44
44
44
44
44
44
44
44
44
44
45
45
45
48
48
48
48
48
49
49
49
49
49
49
49
49
50
50
50
50
50
51
51
51
52
52
53
53
54
54
54
54
54
54
54
54
55
55
56
56
56
57
57
58
58
58
58
58
58
58
58
58
58
58
59
59
59
59
59
59
59
59
60
60
60
60
60
60
60
61
63
63
64
64
67
68
68
68
69
69
69
71
71
72
72
73
75
75
75
76
76
76
77
77
77
77
77
78
78
79
79
79
79
80
80
80
80
81
81
81
82
83
83
83
84
85
85
86
86
86
87
87
87
87
87
87
87
87
87
87
87
88
88
88
89
89
90
90
90
91
91
91
92
92
92
92
92
93
93
93
93
94
94
94
95
96
96
96
97
98
98
98
99
101
101
102
104
105
105
107
107
108
109
110
110
110
111
111
111
113
113
114
114
115
115
115
117
118
119
119
119
119
119
119
120
120
122
123
123
123
124
127
127
128
129
129
129
129
130
132
132
132
132
132
132
134
135
135
137
138
138
139
140
140
141
141
142
142
142
142
143
143
144
144
144
144
146
147
147
147
147
147
148
148
149
149
150
150
151
152
152
153
153
153
154
154
155
155
155
156
157
158
158
159
160
161
162
164
164
164
164
165
165
166
166
166
166
166
166
166
167
167
168
168
169
169
171
173
173
173
174
175
175
175
176
176
176
176
176
177
177
177
177
177
177
177
177
177
177
178
178
178
178
178
179
179
179
180
180
180
180
180
181
182
182
184
184
185
185
185
186
186
186
187
187
190
190
190
190
190
191
191
192
192
192
193
193
193
195
195
195
196
196
196
196
197
198
198
198
199
199
200
200
200
201
201
201
201
201
201
203
203
203
203
203
203
203
203
203
203
203
203
204
204
205
205
206
206
207
207
207
207
208
208
208
210
210
215
215
215
216
219
223
225
227
228
228
231
232
235
237
241
256
262
265
266
271
272
281
285
291
300
331
340
381
382
382
383
385
388
388
390
399
400
400
403
404
405
406
409
410
413
413
413
415
416
416
418
418
418
419
420
420
421
421
421
422
422
423
423
425
425
425
426
426
427
427
428
428
431
432
433
433
434
434
434
434
436
436
437
438
439
440
440
441
443
443
447
448
449
450
451
451
453
454
454
454
454
455
455
456
458
459
459
460
460
461
461
462
464
464
464
465
466
467
467
469
469
471
472
473
474
475
475
476
477
478
478
479
479
482
483
484
485
485
487
487
487
489
489
490
490
491
492
494
494
494
494
495
495
496
497
497
497
498
498
501
505
505
507
508
511
511
513
515
515
517
519
520
524
524
524
526
529
530
530
532
532
533
533
533
534
534
538
541
541
541
544
546
547
548
549
551
552
555
556
557
567
569
571
584
585
585
586
603
603
607
610
612
613
616
616
620
620
622
624
661
665
673
688
699
739
740
746
746
746
751
756
770
771
771
771
771
771
771
771
772
772
772
778
781
782
783
786
786
786
787
788
788
790
790
791
791
791
794
794
795
795
795
796
796
796
799
801
801
803
805
806
806
808
808
810
814
815
815
818
821
823
823
824
824
824
825
825
825
831
833
835
835
836
838
839
844
845
847
847
847
847
848
848
848
853
854
855
855
856
856
856
858
859
859
860
860
861
864
864
865
865
866
867
867
869
870
871
871
872
873
877
879
880
880
882
885
887
887
888
888
889
891
893
893
895
896
897
897
898
899
899
903
904
905
906
910
913
915
915
917
917
918
919
921
933
934
936
952
955
955
963
968
971
972
977
1092
1096
1100
1102
1102
1103
1109
1111
1120
1145
1145
1146
1148
1149
1150
1152
1161
1166
1174
1180
1182
1184
1242
1242
1243
1243
1244
1244
1244
1244
1246
1262
1263
1263
1264
1270
1292
1298
1300
1300
1305
1305
1305
1311
1313
1313
1316
1317
1326
1327
1327
1327
1328
1328
1328
1328
1328
1328
1329
1329
1329
1329
1329
1330
1330
1330
1330
1330
1331
1331
1331
1331
1331
1332
1332
1332
1332
1333
1333
1334
1334
1334
1334
1335
1335
1335
1335
1335
1335
1336
1336
1336
1336
1337
1339
1341
1341
1341
1342
1342
1342
1342
1343
1343
1343
1343
1344
1344
1344
1344
1344
1344
1345
1345
1346
1346
1346
1346
1346
1350
1350
1357
1361
1367
1368
1369
1369
1371
1371
1375
1379
1381
1389
1389
1389
1390
1393
1402
1410
1425
1426
1430
1432
1433
1434
1434
1434
1438
1440
1443
1444
1445
1446
1447
1447
1448
1448
1449
1449
1449
1451
1453
1454
1456
1456
1461
1461
1465
1466
1467
1467
1468
1469
1469
1469
1469
1475
1476
1477
1477
1478
1479
1481
1481
1481
1482
1482
1482
1482
1484
1488
1492
1541
1542
1542
1543
1544
1545
1548
1549
1550
1552
1552
1552
1553
1553
1554
1554
1555
1555
1556
1557
1557
1557
1557
1559
1559
1560
1561
1563
1565
1570
1571
1572
1572
1574
1574
1575
1576
1578
1579
1582
1582
1583
1584
1585
1586
1589
1590
1591
1591
1592
1592
1593
1593
1593
1594
1595
1600
1600
1601
1601
1601
1603
1604
1605
1605
1605
1607
1607
1610
1615
1615
1617
1617
1618
1622
1622
1622
1623
1623
1628
1630
1632
1635
1638
1642
1642
1646
1648
1649
1651
1652
1652
1655
1659
1662
1664
1668
1668
1668
1668
1671
1673
1674
1674
1675
1679
1683
1685
1686
1688
1688
1690
1690
1691
1691
1696
1703
1706
1706
1707
1708
1709
1717
1717
1717
1717
1718
1718
1718
1718
1718
1718
1718
1718
1719
1719
1719
1719
1719
1719
1719
1719
1719
1719
1719
1720
1720
1720
1721
1721
1721
1721
1721
1723
1730
1731
1731
1734
1742
1751
1824
1828
1828
1828
1846
1846
1849
1849
1855
1857
1880
1884
1885
1886
1889
1889
1891
1892
1894
1895
1895
1895
1896
1896
1897
1898
1898
1899
1899
1899
1899
1900
1900
1901
1901
1901
1901
1901
1901
1901
1901
1902
1902
1902
1902
1902
1902
1902
1904
1904
1904
1905
1906
1907
1907
1907
1908
1915
1916
1917
1918
1918
1918
1918
1919
1919
1919
1920
1920
1920
1920
1920
1920
1922
1922
1923
1927
1927
1927
1927
1927
1928
1931
1931
1936
1939
1943
1944
1945
1946
1947
1948
1949
1954
1955
1957
1960
1960
1969
1973
1979
1980
1980
1980
1988
2005
2005
2010
2015
2024
2082
2087
2092
2092
2131
2145
2199
2228
2251
2257
2276
2292
2310
2312
2321
2324
2326
2326
2333
2335
2335
2340
2359
2360
2363
2363
2366
2366
2366
2367
2367
2368
2371
2374
2375
2379
2381
2383
2384
2385
2385
2386
2387
2389
2392
2392
2392
2392
2392
2392
2393
2393
2393
2393
2393
2394
2394
2394
2394
2394
2394
2394
2395
2395
2395
2395
2395
2401
2401
2401
2402
2402
2402
2402
2402
2402
2402
2403
2403
2414
2414
2414
2429
2430
2430
2455
2457
2457
2462
2467
2486
2588
2588
2588
2588
2589
2589
2589
2589
2589
2589
2592
2593
2649
2649
2649
2649
2684
2696
2698
2712
2713
2714
2717
2717
2723
2725
2727
2728
2728
2729
2733
2740
2742
2742
2745
2749
2750
2751
2757
2758
2759
2760
2768
2772
2772
2781
2789
2790
2793
2795
2796
2798
2810
2811
2812
2814
2814
2817
2839
2891
2987
2990
2991
2994
2996
2999
3002
3004
3007
3010
3018
3019
3029
3043
3043
3045
3045
3046
3047
3051
3058
3060
3061
3061
3062
3064
3065
3068
3070
3070
3071
3073
3075
3076
3077
3083
3084
3084
3084
3085
3085
3085
3085
3085
3086
3086
3088
3091
3092
3093
3096
3099
3099
3101
3101
3102
3102
3109
3112
3117
3117
3118
3124
3137
3139
3140
3140
3141
3142
3143
3143
3144
3144
3145
3146
3146
3147
3147
3147
3147
3147
3148
3149
3149
3151
3152
3152
3152
3152
3152
3153
3153
3154
3158
3159
3161
3162
3163
3164
3164
3165
3166
3167
3167
3167
3168
3170
3171
3171
3173
3175
3177
3177
3177
3177
3178
3178
3180
3180
3182
3182
3182
3189
3190
3193
3193
3194
3194
3195
3197
3198
3198
3198
3198
3199
3200
3200
3204
3205
3206
3206
3206
3207
3207
3207
3208
3212
3214
3215
3217
3217
3218
3218
3219
3219
3219
3220
3221
3224
3227
3227
3227
3227
3228
3228
3228
3234
3234
3239
3241
3241
3245
3247
3247
3249
3250
3250
3251
3252
3252
3253
3254
3256
3282
3288
3459
3472
3478
3482
3492
3495
3498
3501
3503
3504
3505
3509
3509
3509
3509
3509
3509
3509
3510
3510
3510
3510
3510
3510
3511
3511
3513
3517
3517
3518
3520
3532
3535
3537
3540
3541
3542
3543
3565
3568
3569
3584
3585
3614
3618
3618
3618
3628
3629
3630
3630
3630
3632
3634
3670
3714
3717
3722
3726
3729
3831
3837
3839
3841
3860
3861
3861
3861
3864
3866
3872
3881
3901
3903
3910
3925
3935
3951
4002
4023
4027
4079
4121
4136
4146
4149
4149
4156
4163
4165
4171
4173
4175
4177
4184
4189
4190
4193
4193
4193
4193
4195
4216
4218
4231
4232
4259
4346
4359
4370
4371
4373
4377
4385
4386
4392
4395
4403
4404
4406
4407
4412
4414
4416
4417
4418
4420
4422
4431
4431
4433
4434
4446
4457
4461
4480
4483
4500
4527
4530
4532
4543
4545
4547
4548
4550
4560
4560
4561
4562
4564
4565
4573
4576
4577
4579
4580
4582
4582
4582
4583
4584
4590
4591
4592
4592
4593
4593
4594
4595
4596
4597
4598
4602
4606
4606
4608
4610
4613
4638
4659
4663
4666
4668
4672
4672
4676
4677
4678
4679
4681
4681
4683
4690
4690
4690
4692
4692
4692
4692
4703
4704
4706
4710
4716
4717
4734
4737
4740
4744
4745
4749
4750
4751
4751
4752
4752
4753
4756
4759
4763
4764
4764
4765
4767
4768
4769
4772
4776
4777
4777
4779
4779
4781
4781
4782
4783
4783
4784
4789
4792
4795
4796
4798
4803
4803
4803
4820
4821
4821
4822
4822
4852
4864
4865
4866
4866
4866
4871
4871
4872
4892
4934
4964
4964
4965
4969
4972
5185
5213
5232
5234
5239
5244
5246
5247
5247
5250
5250
5250
5255
5260
5262
5265
5267
5267
5267
5275
5289
5289
5289
5290
5290
5290
5307
5309
5311
5315
5317
5318
5318
5320
5321
5328
5329
5330
5330
5331
5331
5333
5336
5370
5371
5409
5441
5445
5450
5452
5453
5455
5461
5463
5476
5476
5477
5477
5477
5480
5480
5626
5631
5654
5655
5658
5660
5665
5668
5670
5670
5671
5685
5688
5692
5699
5799
5829
5836
5837
5837
5839
5848
5857
5861
5862
5867
5868
5868
5970
5971
5989
5993
5994
5999
6002
6003
6003
6005
6007
6011
6013
6014
6019
6020
6028
6029
6029
6032
6032
6033
6035
6037
6041
6049
6049
6056
6057
6057
6057
6057
6061
6062
6062
6062
6062
6062
6081
6085
6088
6092
6095
6096
6097
6100
6103
6105
6108
6110
6111
6112
6112
6113
6113
6120
6120
6121
6123
6123
6129
6129
6130
6131
6131
6134
6134
6134
6135
6136
6137
6138
6140
6140
6141
6141
6141
6141
6141
6141
6141
6141
6141
6141
6150
6150
6226
6236
6269
6270
6282
6286
6292
6293
6297
6302
6303
6308
6311
6319
6324
6329
6329
6334
6337
6340
6342
6342
6344
6348
6351
6351
6353
6355
6355
6356
6358
6361
6361
6373
6377
6378
6380
6386
6387
6389
6391
6397
6401
6403
6403
6409
6409
6411
6412
6415
6416
6419
6425
6431
6432
6434
6449
6449
6455
6456
6456
6457
6457
6459
6460
6460
6461
6462
6462
6463
6463
6464
6468
6469
6469
6470
6470
6471
6471
6472
6473
6474
6474
6475
6475
6476
6477
6478
6478
6479
6482
6482
6483
6487
6487
6490
6497
6498
6499
6500
6503
6504
6505
6507
6507
6510
6512
6516
6516
6516
6516
6518
6519
6524
6525
6534
6536
6538
6540
6548
6548
6564
6565
6586
6618
6622
6622
6624
6629
6634
6672
6697
6698
6701
6703
6706
6714
6720
6722
6724
6729
6752
6752
6754
6761
6769
6785
6785
6791
6791
6792
6792
6794
6796
6796
6798
6800
6801
6802
6804
6805
6806
6807
6807
6808
6808
6815
6816
6823
6825
6835
6837
6844
6845
6846
6846
6846
6847
6847
6850
6852
6857
6860
6862
6863
6867
6869
6870
6874
6874
6880
6880
6882
6884
6885
6886
6887
6889
6891
6895
6898
6903
6904
6907
6911
6912
6912
6912
