0
0
0
0
2
2
3
3
4
4
5
6
7
7
8
8
8
8
8
8
9
9
9
11
11
11
11
12
13
13
14
14
14
15
15
15
15
16
16
17
17
18
19
19
19
20
20
20
20
20
20
20
20
20
21
21
21
21
21
21
21
21
21
21
21
21
21
21
21
21
22
22
22
22
22
22
22
22
22
22
22
22
22
22
22
22
22
22
22
22
22
22
22
22
22
22
23
23
23
23
23
23
23
23
24
25
25
27
28
28
28
29
29
29
29
29
29
29
29
29
29
29
30
30
30
30
30
30
30
30
30
30
30
30
30
31
31
31
31
31
31
31
32
32
32
32
32
33
33
33
34
35
36
36
36
37
37
37
37
38
39
40
40
40
41
41
41
41
41
42
42
42
42
42
42
43
43
43
43
43
43
43
44
44
45
45
45
46
48
48
48
49
50
50
52
52
53
54
55
55
55
56
57
57
57
58
59
59
59
60
60
60
61
61
62
62
62
63
64
64
64
64
65
65
65
66
66
67
67
67
68
68
69
70
70
70
71
72
72
72
72
72
72
72
72
73
73
73
74
74
74
74
75
75
75
75
77
77
78
78
79
79
80
81
81
83
83
83
83
84
84
84
84
84
84
85
85
85
85
86
86
86
86
86
86
86
86
86
86
86
86
86
86
86
86
86
86
87
87
87
87
88
88
88
88
88
89
89
89
89
90
90
91
91
92
92
92
92
92
92
92
92
92
92
93
93
94
94
94
94
95
95
95
95
96
96
96
98
98
99
99
99
99
100
100
100
100
101
101
101
101
101
101
101
101
102
102
102
102
102
102
103
103
103
104
104
104
104
105
105
106
106
106
106
106
106
106
107
107
107
108
108
108
109
109
110
110
110
110
111
111
111
113
113
114
114
114
114
114
115
115
116
116
117
118
118
118
119
119
120
120
121
122
122
123
125
125
125
125
125
126
126
126
127
127
128
128
129
129
130
130
130
132
133
133
134
134
136
139
139
140
140
141
143
143
144
144
145
145
145
146
146
146
146
147
148
149
149
150
151
153
157
157
157
158
158
158
159
160
160
167
171
173
175
175
176
177
178
178
178
178
182
183
187
187
188
188
188
188
189
189
189
189
190
190
190
190
190
190
190
191
191
194
195
197
198
201
203
206
212
215
220
224
259
264
268
291
292
295
295
299
300
305
309
310
313
313
313
313
313
313
313
314
314
314
314
314
314
322
322
323
324
325
325
335
336
347
353
354
368
370
371
377
379
379
381
386
388
389
393
395
398
412
418
424
428
428
429
431
433
433
434
437
437
438
443
445
450
451
453
454
454
455
455
456
458
459
459
460
467
468
471
472
472
477
478
480
482
483
485
487
487
491
495
506
563
563
564
566
568
570
573
587
594
597
597
599
599
601
602
603
604
604
608
610
610
613
613
613
613
615
617
617
625
626
627
627
631
632
633
633
633
635
636
636
636
638
640
641
641
642
642
643
647
649
650
650
651
654
657
657
658
658
658
658
661
662
666
666
666
666
667
667
667
667
667
668
668
668
668
683
709
709
710
711
726
771
860
862
865
866
870
870
871
878
878
879
879
879
880
880
880
881
884
885
889
896
920
926
953
956
956
966
969
969
969
976
979
982
988
989
992
992
993
994
995
1003
1003
1003
1006
1007
1008
1009
1012
1015
1017
1018
1020
1022
1028
1028
1029
1031
1031
1033
1034
1036
1036
1037
1037
1039
1040
1041
1046
1048
1050
1053
1056
1060
1064
1064
1065
1065
1065
1066
1066
1066
1067
1067
1068
1075
1077
1080
1082
1090
1094
1194
1212
1214
1214
1214
1214
1219
1223
1224
1224
1225
1225
1225
1225
1225
1226
1226
1226
1226
1231
1231
1235
1236
1245
1253
1256
1258
1267
1270
1281
1295
1295
1295
1303
1304
1309
1315
1325
1332
1333
1336
1338
1344
1345
1345
1346
1346
1349
1350
1350
1351
1354
1354
1355
1355
1355
1356
1356
1361
1372
1374
1377
1378
1388
1390
1393
1394
1402
1415
1426
1427
1427
1427
1427
1427
1427
1427
1427
1428
1428
1428
1429
1429
1429
1429
1429
1429
1429
1429
1429
1429
1429
1430
1430
1430
1430
1430
1430
1430
1430
1430
1430
1430
1431
1431
1433
1435
1436
1436
1437
1437
1439
1439
1439
1440
1440
1441
1442
1444
1444
1444
1444
1446
1447
1447
1447
1447
1447
1447
1447
1450
1450
1452
1452
1452
1452
1453
1454
1457
1459
1459
1459
1464
1464
1465
1466
1467
1467
1471
1471
1471
1472
1473
1475
1478
1479
1483
1484
1488
1488
1489
1490
1490
1492
1493
1494
1497
1498
1498
1499
1502
1506
1506
1517
1544
1548
1549
1551
1555
1559
1559
1561
1561
1562
1562
1563
1565
1568
1569
1570
1570
1571
1571
1572
1573
1573
1574
1575
1575
1577
1579
1579
1579
1584
1586
1587
1588
1589
1589
1590
1591
1591
1591
1591
1591
1593
1593
1595
1595
1595
1595
1603
1606
1607
1610
1617
1619
1626
1629
1630
1631
1631
1633
1633
1633
1633
1634
1634
1634
1634
1634
1634
1634
1634
1634
1635
1635
1635
1635
1635
1635
1636
1636
1636
1638
1643
1648
1648
1648
1649
1649
1649
1649
1649
1650
1650
1650
1650
1651
1651
1651
1653
1653
1653
1654
1656
1659
1662
1662
1662
1662
1663
1663
1663
1663
1663
1664
1664
1664
1664
1665
1665
1665
1665
1666
1668
1668
1668
1670
1670
1670
1671
1671
1671
1671
1671
1671
1671
1671
1672
1672
1672
1672
1672
1673
1674
1674
1675
1675
1676
1677
1677
1677
1680
1681
1682
1685
1685
1686
1686
1687
1688
1690
1692
1692
1693
1693
1694
1695
1695
1697
1698
1699
1699
1700
1701
1702
1702
1702
1702
1703
1703
1703
1704
1705
1708
1713
1714
1714
1716
1719
1721
1722
1723
1724
1724
1725
1729
1730
1730
1730
1731
1731
1731
1732
1732
1733
1733
1733
1733
1733
1734
1735
1735
1736
1737
1737
1744
1746
1746
1748
1749
1752
1752
1753
1753
1754
1756
1757
1757
1758
1759
1766
1812
1814
1814
1818
1833
1844
1867
1867
1876
1879
1884
1884
1885
1885
1889
1892
1892
1895
1896
1910
1921
1931
1931
1931
1939
1944
1948
1954
1960
2006
2050
2052
2052
2053
2054
2057
2060
2071
2073
2076
2080
2087
2089
2095
2095
2103
2103
2103
2104
2105
2105
2105
2105
2105
2109
2109
2109
2109
2110
2111
2115
2116
2116
2119
2121
2125
2127
2128
2129
2130
2133
2133
2133
2135
2136
2141
2142
2143
2150
2155
2155
2157
2157
2161
2177
2179
2208
2209
2209
2210
2211
2232
2238
2246
2265
2322
2326
2349
2351
2351
2352
2353
2356
2358
2366
2366
2367
2368
2370
2370
2371
2372
2375
2385
2390
2397
2400
2404
2406
2414
2415
2415
2415
2415
2416
2416
2416
2416
2416
2416
2416
2416
2416
2417
2450
2451
2451
2451
2451
2464
2473
2473
2474
2477
2477
2494
2494
2494
2494
2494
2508
2514
2515
2518
2534
2575
2594
2595
2606
2606
2606
2606
2606
2606
2606
2606
2606
2607
2607
2607
2607
2607
2607
2607
2608
2608
2608
2609
2610
2614
2614
2614
2614
2614
2614
2615
2615
2615
2615
2615
2615
2615
2615
2615
2616
2616
2616
2616
2617
2619
2620
2623
2625
2631
2635
2638
2682
2721
2721
2723
2727
2738
2756
2785
2786
2786
2787
2787
2787
2787
2788
2788
2867
2872
2872
2872
2899
2904
2905
2913
2914
2914
2915
2919
2919
2919
2921
2922
2924
2935
2936
2941
2942
2943
2945
2951
2958
2964
2968
2970
2972
2977
2986
2986
2988
2988
2989
2997
3001
3002
3009
3017
3019
3019
3023
3024
3027
3029
3031
3034
3036
3037
3043
3043
3046
3047
3047
3050
3050
3052
3052
3053
3055
3058
3059
3061
3066
3067
3067
3070
3071
3072
3072
3076
3077
3079
3079
3080
3082
3082
3083
3083
3085
3085
3085
3086
3088
3089
3089
3090
3096
3097
3101
3101
3102
3105
3105
3107
3115
3125
3128
3141
3148
3151
3159
3162
3171
3175
3177
3181
3182
3188
3203
3205
3208
3210
3214
3215
3215
3217
3219
3220
3222
3223
3226
3226
3230
3245
3265
3272
3280
3282
3287
3291
3315
3319
3321
3322
3323
3329
3330
3332
3336
3336
3338
3343
3343
3347
3347
3348
3357
3357
3366
3367
3401
3404
3412
3414
3418
3421
3421
3421
3425
3425
3438
3449
3450
3453
3453
3454
3454
3454
3454
3455
3455
3455
3457
3462
3469
3475
3478
3481
3482
3484
3493
3499
3500
3515
3521
3523
3525
3526
3544
3544
3549
3549
3556
3557
3559
3582
3593
3594
3602
3610
3611
3621
3624
3626
3627
3627
3627
3630
3632
3636
3636
3646
3647
3650
3718
3729
3730
3752
3759
3762
3764
3775
3785
3793
3793
3793
3793
3793
3794
3794
3794
3794
3794
3794
3794
3794
3795
3795
3795
3796
3796
3796
3800
3801
3802
3804
3810
3817
3817
3832
3836
3836
3837
3842
3842
3848
3848
3849
3850
3881
3882
3897
3900
3905
3906
3923
3924
3925
3927
3935
3936
3953
3953
3955
3974
3979
3990
3995
3995
3999
3999
4000
4003
4003
4005
4006
4011
4011
4011
4012
4012
4015
4016
4017
4041
4050
4068
4073
4075
4087
4102
4104
4141
4193
4229
4233
4236
4238
4239
4242
4245
4247
4249
4250
4250
4256
4278
4281
4286
4287
4299
4315
4318
4318
4322
4324
4324
4328
4328
4331
4341
4345
4351
4354
4385
4389
4391
4391
4392
4392
4392
4394
4395
4406
4417
4418
4497
4502
4510
4512
4512
4521
4521
4527
4529
4530
4534
4537
4541
4542
4543
4545
4552
4554
4560
4561
4563
4563
4567
4570
4570
4572
4577
4578
4609
4626
4627
4630
4634
4636
4637
4637
4640
4640
4641
4645
4646
4646
4648
4649
4649
4650
4652
4654
4655
4655
4658
4672
4682
4682
4683
4683
4683
4684
4687
4698
4698
4701
4709
4722
4722
4736
4737
4756
4827
4833
4853
4861
4862
4869
4870
4875
4877
4878
4879
4885
4897
4901
4914
4917
4918
4919
4920
4925
4926
4943
4946
4947
4955
4961
4961
4964
4964
4964
4965
4968
4971
4971
4981
4997
5004
5012
5018
5018
5020
5029
5029
5070
5079
5079
5090
5100
5101
5174
5208
5218
5233
5255
5257
5263
5264
5265
5266
5272
5272
5280
5280
5281
5281
5322
5329
5332
5336
5336
5344
5344
5347
5348
5354
5358
5360
5372
5373
5379
5397
5397
5419
5428
5513
5516
5518
5664
5670
5678
5679
5699
5712
5717
5730
5746
5746
5750
5754
5756
5758
5758
5758
5759
5761
5762
5764
5767
5768
5769
5770
5771
5777
5780
5788
5792
5795
5797
5803
5803
5803
5804
5806
5807
5808
5811
5812
5812
5836
5839
5845
5847
5975
5977
5984
5989
5995
5998
5998
5999
5999
5999
5999
6000
6001
6002
6004
6004
6011
6036
6050
6051
6107
6109
6110
6111
6121
6127
6127
6127
6128
6139
6145
6152
6152
6158
6173
6187
6187
6199
6200
6205
6206
6212
6217
6219
6220
6220
6220
6220
6221
6221
6222
6226
6227
6228
6229
6230
6230
6230
6236
6237
6238
6239
6239
6239
6240
6244
6245
6245
6246
6246
6246
6248
6249
6249
6249
6249
6250
6250
6250
6251
6252
6252
6254
6256
6257
6262
6268
6270
6273
6274
6275
6277
6332
6351
6351
6352
6372
6393
6395
6424
6461
6498
6502
6508
6512
6559
6565
6606
6619
6620
6621
6622
6624
6624
6625
6641
6646
6646
6653
6661
6669
6669
6672
6680
6691
6694
6694
6695
6696
6698
6699
6700
6700
6704
6708
6756
6759
6760
6763
6766
6767
6767
6776
6777
6970
6974
6975
6985
6988
7004
7012
7034
7039
7041
7054
7055
7065
7067
7070
7073
7075
7079
7086
7086
7087
7087
7087
7094
7095
7095
7095
7095
7097
7098
7099
7100
7100
7100
7100
7100
7106
7117
7117
7119
7120
7121
7126
7129
7133
7135
7138
7138
7138
7138
7139
7149
7149
7153
7157
7158
7159
7160
7161
7162
7163
7163
7172
7172
7172
7174
7178
7178
7178
7178
7178
7178
7178
7178
7178
7179
7179
7179
7187
7187
7188
7199
7199
7207
7218
7228
7236
7243
7285
7294
7377
7388
7474
7476
7481
7491
7496
7507
7508
7512
7518
7520
7523
7524
7529
7534
7538
7540
7546
7547
7557
7565
7570
7579
7586
7586
7588
7592
7614
7616
7617
7619
7621
7626
7627
7639
7656
7658
7661
7662
7677
7679
7679
7681
7682
7683
7686
7686
7691
7694
7699
7733
7739
7752
7759
7768
7801
7813
7823
7839
7848
7852
7852
7854
7859
7864
7866
7867
7868
7871
7873
7875
7878
7883
7885
7889
7892
7892
7907
7913
7917
7919
7920
7925
7927
7928
7931
7933
7937
8001
8007
8096
8096
8134
8139
8140
8141
8142
8143
8146
8151
8159
8165
8165
8167
8170
8172
8179
8188
8188
8189
8190
8191
8193
8196
8209
8210
8212
8214
8219
8222
8223
8225
8227
8232
8234
8234
8234
8236
8239
8241
8242
8243
8248
8249
8253
8260
8270
8271
8272
8272
8272
8272
8273
8273
8276
8277
8278
8282
8285
8290
8300
8304
8305
8309
8311
8311
8313
8319
8329
8329
8342
8343
8343
8448
8449
8450
8452
8454
8457
8459
8461
8466
8479
8506
