0
0
0
0
2
2
2
2
2
3
3
3
4
5
5
6
6
6
6
7
7
7
7
8
8
8
8
9
10
10
10
10
11
11
11
12
12
12
12
12
12
12
13
13
13
13
13
14
14
14
14
15
15
15
15
16
16
16
16
17
17
18
18
19
19
19
19
21
22
22
22
22
22
22
22
22
22
22
22
23
23
23
23
23
23
23
23
23
23
23
24
24
24
24
24
24
24
24
24
24
24
24
24
25
25
25
25
25
25
25
26
26
26
26
26
26
26
26
26
27
27
27
27
27
27
28
28
28
28
28
28
28
28
28
28
28
28
28
28
28
28
28
29
29
29
29
29
29
29
30
30
30
30
30
30
30
30
31
31
31
31
31
31
31
31
31
31
31
31
31
31
31
31
31
31
31
31
31
31
31
31
31
31
31
31
32
32
32
32
32
32
32
32
32
32
32
32
32
32
32
32
32
33
33
33
33
33
33
33
33
33
34
34
34
34
34
35
35
35
35
36
36
36
36
36
36
36
36
36
36
36
36
37
37
37
37
37
37
37
38
38
39
39
40
40
40
40
40
40
40
40
40
40
40
40
41
41
41
42
42
42
43
43
43
43
43
43
43
44
44
44
44
44
44
45
45
45
46
46
46
47
47
47
47
47
48
48
48
48
48
48
48
48
48
49
49
50
50
50
50
51
51
51
51
51
51
52
52
52
52
52
52
52
53
53
53
53
54
54
54
54
54
54
54
55
56
56
56
57
57
58
58
59
59
59
59
60
60
60
61
61
62
62
62
62
62
62
62
63
63
63
63
64
64
65
65
65
65
66
66
66
66
67
67
67
67
67
67
67
68
68
68
69
69
69
69
69
69
70
71
71
71
72
72
72
73
73
73
73
73
74
74
74
74
74
75
75
76
76
77
77
77
78
78
79
79
79
79
79
80
80
80
80
80
80
80
80
80
81
81
82
82
83
83
84
84
84
84
84
84
85
85
85
85
85
85
86
86
86
86
86
86
86
87
87
87
87
87
87
88
88
88
88
89
89
89
89
89
89
89
89
90
90
90
90
90
91
91
91
92
93
93
94
94
94
95
95
95
95
96
96
96
96
97
97
97
97
97
98
98
98
98
98
98
99
99
99
99
100
100
100
100
100
100
100
100
101
101
101
102
102
102
102
103
103
104
104
104
104
105
105
105
105
105
105
105
105
105
106
106
106
106
106
106
106
106
106
106
106
106
107
107
107
107
107
107
107
107
107
107
107
107
107
108
108
108
108
108
108
108
108
108
109
109
109
109
109
109
109
110
111
111
111
111
112
112
113
113
113
113
113
114
114
114
114
114
114
115
115
115
115
116
116
116
116
116
116
116
117
117
117
117
118
118
118
119
119
119
119
119
119
119
119
120
120
120
120
120
120
120
120
120
120
120
121
121
121
122
122
122
122
123
123
123
124
124
124
124
124
124
124
124
124
124
125
125
125
125
126
126
126
127
127
127
127
127
127
128
128
128
128
128
128
128
128
129
129
129
130
130
130
130
130
130
130
131
131
131
131
131
131
132
132
132
132
132
133
133
133
133
133
133
133
133
133
133
133
133
134
134
134
134
134
134
134
134
134
134
135
135
135
135
135
135
136
136
136
136
136
137
137
137
137
137
137
138
138
139
139
139
139
139
139
139
139
140
140
140
140
140
140
141
141
141
142
142
142
143
143
144
144
144
144
144
144
144
145
146
146
146
147
147
147
148
148
148
148
148
149
149
149
150
150
150
150
150
150
150
150
150
151
151
151
151
152
152
152
152
152
152
153
153
153
153
153
153
153
153
153
153
153
154
154
154
154
154
154
154
154
155
155
155
155
155
155
155
155
155
155
155
155
156
156
156
156
156
156
157
157
157
157
157
157
157
157
157
158
158
158
158
158
159
159
159
159
159
159
159
160
160
160
160
161
162
162
162
163
163
163
164
164
164
164
164
164
164
164
165
165
165
166
166
166
167
167
167
167
167
167
167
168
168
168
168
168
168
168
169
169
170
170
170
170
170
170
170
170
171
171
171
171
171
171
171
171
172
172
172
172
172
172
172
172
172
173
173
173
173
174
174
174
174
175
175
175
175
175
175
175
175
176
176
176
177
177
177
177
177
178
178
178
178
178
178
178
178
179
179
179
179
179
179
179
180
180
180
180
180
180
180
180
180
181
181
181
181
181
181
181
181
182
183
183
184
184
185
185
185
185
185
185
185
186
186
186
186
186
186
186
187
187
187
187
188
189
189
190
191
191
191
191
191
191
191
191
193
193
193
194
194
194
195
195
195
195
196
197
197
198
198
198
198
198
199
200
200
200
201
201
201
201
201
201
201
202
202
202
202
202
203
203
203
203
204
204
204
204
204
205
205
205
205
205
205
205
206
206
206
207
207
208
208
209
209
209
210
210
211
211
211
212
213
213
214
214
215
215
215
215
216
217
217
217
217
218
218
219
219
220
220
220
220
223
223
223
224
224
225
225
225
225
225
226
226
226
226
226
226
226
226
226
227
227
227
227
227
227
227
228
229
230
230
230
231
232
232
233
233
233
234
235
236
237
237
238
238
238
239
239
239
240
240
240
240
240
240
240
240
240
240
240
241
241
241
243
243
244
245
245
245
247
247
247
248
248
248
249
249
249
250
250
250
251
252
252
254
254
254
254
254
257
260
260
260
260
261
261
261
261
262
262
262
262
262
262
262
262
262
262
263
264
264
265
266
266
266
267
267
267
268
269
273
273
274
275
276
276
277
277
277
279
279
279
280
281
281
283
285
285
286
287
287
287
287
288
289
289
291
291
295
295
295
296
296
296
299
299
300
300
301
302
303
303
303
304
304
305
305
305
306
306
307
307
307
308
309
310
310
310
311
311
311
311
311
311
312
312
313
313
314
314
314
315
317
318
319
320
320
321
323
324
324
324
326
327
327
328
329
329
330
330
331
331
331
331
333
333
334
336
336
337
337
337
337
339
339
339
340
340
340
340
340
342
342
342
342
342
342
342
342
343
343
343
343
343
344
346
347
348
348
348
348
348
350
350
351
351
352
353
354
354
354
354
354
354
354
354
354
354
355
355
356
356
356
359
360
361
362
362
363
363
364
365
365
366
366
367
368
368
371
371
372
373
374
374
376
377
377
378
380
381
382
382
383
387
388
394
396
397
409
413
415
428
429
431
431
431
431
432
433
434
435
435
438
438
440
441
443
443
448
452
452
453
453
453
454
456
459
460
465
466
468
472
473
475
479
483
485
485
486
487
487
488
488
491
492
496
499
505
510
511
513
516
524
527
534
543
552
553
554
555
561
562
562
563
563
565
568
569
570
570
571
571
571
572
576
576
577
578
578
580
580
582
587
587
588
590
591
591
592
593
594
594
594
595
611
625
627
628
629
636
640
640
645
648
656
657
658
658
658
659
659
659
659
660
665
666
673
674
675
677
679
682
683
691
702
705
708
709
710
716
722
729
729
729
731
733
734
739
741
745
746
748
750
750
754
755
759
761
761
763
769
773
776
784
789
789
789
789
790
794
805
812
828
828
828
828
833
833
833
840
841
842
842
842
842
843
843
844
844
844
844
844
848
848
849
849
850
856
857
857
858
862
864
868
869
876
878
878
889
898
899
901
901
902
912
913
927
929
937
940
943
949
951
955
962
962
962
962
963
963
963
963
963
963
964
974
975
977
980
981
991
992
999
1005
1012
1014
1016
1016
1020
1021
1022
1030
1032
1032
1033
1034
1034
1035
1036
1046
1048
1048
1062
1068
1069
1119
1121
1122
1132
1133
1133
1133
1134
1134
1134
1134
1150
1153
1162
1163
1163
1163
1163
1164
1164
1164
1164
1164
1164
1167
1171
1174
1177
1215
1223
1238
1238
1238
1238
1336
1336
1352
1358
1363
1394
1399
1400
1421
1424
1425
1427
1434
1436
1439
1439
1439
1440
1440
1440
1440
1441
1441
1441
1441
1441
1441
1441
1441
1441
1442
1442
1442
1442
1442
1442
1442
1442
1442
1442
1442
1442
1442
1442
1442
1443
1443
1443
1443
1443
1443
1443
1444
1444
1444
1447
1447
1448
1448
1448
1449
1451
1452
1452
1452
1455
1456
1457
1459
1459
1460
1460
1462
1462
1463
1463
1464
1465
1465
1466
1467
1467
1468
1469
1469
1470
1472
1474
1474
1475
1475
1475
1475
1476
1476
1476
1476
1476
1477
1478
1478
1478
1479
1479
1480
1481
1481
1483
1483
1484
1484
1485
1486
1486
1487
1487
1487
1488
1488
1489
1490
1490
1490
1491
1491
1492
1492
1493
1494
1494
1494
1494
1495
1495
1495
1495
1495
1496
1496
1496
1496
1497
1497
1497
1497
1498
1498
1499
1499
1501
1501
1502
1502
1504
1504
1506
1506
1507
1508
1508
1509
1512
1512
1513
1513
1515
1516
1516
1516
1516
1517
1518
1518
1519
1520
1521
1524
1527
1531
1531
1535
1536
1537
1538
1539
1539
1540
1542
1542
1543
1543
1543
1544
1545
1548
1548
1549
1549
1550
1551
1551
1551
1553
1555
1555
1556
1557
1561
1566
1576
1577
1577
1577
1581
1584
1585
1587
1587
1588
1589
1591
1591
1594
1594
1594
1596
1597
1599
1607
1607
1610
1610
1611
1614
1618
1618
1621
1621
1622
1622
1623
1623
1625
1626
1629
1631
1632
1633
1634
1634
1634
1634
1634
1635
1635
1635
1635
1635
1635
1635
1635
1635
1635
1636
1637
1637
1639
1640
1642
1644
1646
1647
1648
1652
1653
1655
1656
1656
1659
1659
1659
1659
1660
1663
1664
1665
1666
1667
1668
1671
1671
1671
1671
1671
1672
1672
1673
1674
1674
1674
1674
1678
1679
1681
1682
1682
1682
1682
1683
1683
1683
1684
1685
1686
1691
1691
1692
1693
1693
1693
1695
1696
1697
1697
1700
1700
1701
1703
1704
1704
1706
1706
1706
1710
1717
1719
1720
1723
1724
1729
1730
1733
1733
1735
1736
1742
1752
1754
1755
1755
1756
1757
1759
1761
1762
1763
1763
1763
1764
1764
1765
1765
1766
1766
1767
1769
1774
1775
1775
1775
1776
1776
1784
1788
1789
1793
1796
1796
1797
1799
1799
1800
1804
1804
1809
1810
1810
1811
1811
1811
1813
1814
1815
1819
1826
1829
1830
1830
1830
1835
1836
1837
1840
1844
1845
1846
1846
1848
1848
1849
1851
1851
1853
1854
1855
1857
1860
1864
1867
1868
1874
1874
1874
1875
1878
1881
1883
1885
1885
1891
1898
1899
1901
1901
1904
1907
1941
1943
1956
1961
1962
1963
1964
1978
1979
1979
1982
1986
1986
1986
1997
2001
2001
2001
2001
2001
2001
2001
2001
2002
2004
2006
2015
2016
2020
2026
2026
2029
2057
2061
2127
2130
2133
2164
2164
2178
2217
2223
2293
2295
2343
2417
2452
2454
2466
2497
2497
2497
2497
2498
2498
2530
2530
2555
2590
2609
2615
2651
2656
2656
2663
2663
2663
2664
2679
2686
2701
2708
2710
2711
2717
2836
3004
3005
3029
3029
3033
3040
3053
3056
3057
3068
3086
3091
3097
3100
3100
3103
3105
3105
3107
3110
3110
3113
3119
3127
3129
3160
3161
3166
3166
3168
3168
3169
3171
3176
3178
3182
3185
3186
3189
3197
3210
3214
3218
3224
3225
3225
3230
3231
3233
3248
3249
3249
3253
3255
3256
3257
3259
3260
3262
3264
3268
3268
3269
3269
3270
3271
3272
3277
3277
3280
3283
3283
3285
3287
3287
3288
3288
3289
3289
3289
3293
3306
3310
3313
3315
3323
3325
3325
3328
3329
3333
3334
3335
3337
3339
3341
3353
3406
3417
3425
3434
3437
3467
3483
3516
3517
3517
3517
3521
3541
3546
3547
3557
3563
3585
3737
3915
3932
4175
4178
4184
4187
4284
4284
4569
4571
4577
4581
4582
4595
4600
4665
4767
4771
4780
4780
4780
4792
4792
4795
4797
4801
4805
4806
4807
4834
4835
4837
4870
4870
4873
4874
4881
4889
4899
4900
