0
0
0
0
2
2
2
3
3
3
3
4
5
5
6
6
6
7
7
8
9
9
9
10
10
10
10
11
11
12
12
13
14
14
14
15
15
15
16
16
17
18
18
18
18
18
19
19
19
19
19
20
20
20
21
21
21
21
22
22
22
22
22
22
22
22
22
22
22
22
22
22
22
22
22
23
23
23
23
23
23
23
23
23
23
23
23
23
23
24
24
24
24
24
24
24
24
24
24
24
24
24
24
24
24
25
25
25
25
26
26
26
26
26
27
27
27
28
28
28
28
28
28
29
29
29
29
29
30
30
30
30
30
30
30
30
30
30
30
30
30
30
30
30
30
30
31
31
31
31
31
31
31
31
31
31
32
32
32
32
32
32
32
32
33
33
33
33
35
35
35
35
35
35
36
37
37
37
38
38
38
39
39
39
39
39
39
39
39
39
39
40
40
40
40
40
40
40
40
40
41
41
41
42
42
42
42
43
43
45
45
45
45
45
46
47
48
49
49
49
49
49
49
49
50
50
52
52
52
52
53
53
53
53
54
54
54
54
54
54
54
54
55
55
56
56
56
56
57
57
57
57
58
59
59
59
59
60
60
60
60
60
61
62
62
62
62
63
63
63
64
64
65
65
65
65
65
65
66
66
66
67
67
67
67
68
68
68
68
68
68
68
69
69
70
70
70
70
70
70
70
70
70
70
71
71
71
71
71
71
71
72
72
72
72
72
72
72
72
73
73
73
73
73
73
74
74
74
74
74
74
75
75
75
75
75
75
75
76
76
77
77
78
78
78
78
78
79
79
79
79
79
79
79
79
80
80
80
80
80
80
80
80
80
80
80
81
81
81
81
82
82
83
83
85
85
85
86
86
86
86
86
86
87
87
87
87
87
87
88
88
88
88
88
89
89
89
90
90
91
91
91
91
91
91
91
91
92
92
92
92
92
92
93
93
94
94
94
94
94
94
94
96
96
96
96
96
97
97
97
97
97
98
99
99
100
100
101
102
102
103
103
103
104
104
104
104
104
105
105
105
105
105
105
105
106
106
106
106
106
107
107
107
108
108
108
108
108
109
109
109
109
109
109
109
110
110
110
110
110
110
110
111
111
111
111
111
111
112
112
112
113
113
114
114
114
115
115
115
116
117
117
117
117
117
118
118
118
118
119
119
119
119
120
120
120
120
121
122
122
122
122
123
123
123
123
123
124
125
125
125
126
126
126
127
127
127
128
128
128
129
129
129
129
130
130
131
132
133
133
133
133
133
133
134
134
134
134
134
134
134
135
135
135
135
135
135
135
136
136
136
136
136
136
136
136
136
136
137
137
137
137
137
137
137
137
137
138
139
139
139
140
141
142
142
143
143
143
143
144
144
145
145
145
145
145
145
145
146
146
146
146
146
146
146
147
147
147
147
147
147
147
147
147
147
148
149
149
149
151
151
151
151
152
152
152
152
152
152
152
153
153
153
153
153
153
153
154
154
154
154
154
154
154
154
154
154
154
154
155
155
155
155
155
155
155
155
155
155
155
156
156
156
156
156
156
156
156
156
156
157
157
157
157
157
157
157
157
157
158
158
158
159
161
162
162
162
162
163
163
163
163
164
166
167
167
167
168
169
170
171
171
171
173
173
173
174
176
176
176
176
179
180
180
180
181
182
183
184
184
185
185
186
187
187
187
188
188
188
188
188
189
189
189
189
189
189
189
190
190
190
190
190
190
191
191
191
191
192
192
192
192
192
193
193
193
196
196
197
197
198
199
199
201
201
202
202
203
203
204
205
205
205
205
205
206
207
207
207
207
207
207
208
209
212
213
213
213
214
214
216
217
217
218
220
220
221
221
221
221
222
222
222
223
223
225
225
226
227
227
228
228
228
229
229
230
230
230
232
233
233
234
234
234
234
235
235
235
236
236
237
237
238
239
239
239
239
240
240
241
242
243
244
245
245
245
245
245
245
246
247
247
248
248
248
248
248
249
249
249
250
250
251
251
252
254
254
254
255
255
255
256
256
257
258
258
259
259
260
260
260
260
261
261
261
263
263
264
265
265
265
265
266
267
267
268
268
269
269
270
271
274
274
275
275
275
275
275
275
275
275
275
275
275
276
276
276
276
277
277
279
280
281
281
286
287
288
288
289
290
291
292
292
292
293
293
295
296
297
297
300
300
301
301
303
305
311
314
317
320
321
322
329
334
334
334
335
335
335
336
337
337
339
340
340
343
347
348
353
357
363
366
377
418
421
445
451
453
465
466
469
471
481
483
483
486
487
487
488
490
494
496
498
498
498
499
500
501
502
503
504
504
505
509
511
511
512
512
513
513
514
514
514
514
517
517
519
520
521
521
521
521
522
522
522
523
523
523
524
524
525
525
525
528
533
534
534
535
535
536
536
536
537
537
537
540
540
543
547
548
548
558
561
562
562
565
568
572
573
574
585
588
589
592
600
620
633
657
661
673
685
685
686
688
690
690
691
693
694
695
695
703
828
835
844
846
847
850
854
856
858
865
867
867
868
883
903
917
917
918
918
919
920
920
920
920
920
920
921
921
921
923
931
939
955
956
957
961
964
965
966
970
971
972
973
973
973
979
983
983
984
984
985
996
998
1002
1011
1011
1011
1013
1019
1021
1022
1023
1028
1033
1034
1034
1034
1035
1035
1036
1036
1036
1036
1036
1037
1040
1046
1048
1048
1048
1061
1069
1070
1073
1074
1105
1113
1113
1113
1114
1114
1114
1129
1132
1133
1149
1188
1197
1210
1210
1213
1217
1218
1221
1223
1228
1229
1230
1232
1247
1253
1253
1255
1256
1260
1265
1276
1276
1282
1283
1290
1295
1298
1300
1309
1309
1309
1310
1310
1310
1317
1318
1327
1327
1327
1327
1328
1347
1387
1387
1388
1388
1410
1419
1433
1434
1435
1435
1437
1438
1438
1439
1439
1440
1442
1442
1443
1443
1445
1447
1449
1449
1450
1450
1450
1450
1450
1450
1451
1451
1451
1451
1451
1451
1451
1451
1451
1451
1451
1451
1452
1452
1452
1452
1452
1452
1452
1453
1453
1454
1454
1454
1455
1455
1462
1463
1466
1467
1467
1467
1467
1469
1470
1470
1471
1472
1473
1474
1474
1475
1476
1477
1478
1479
1480
1481
1482
1482
1484
1487
1489
1489
1489
1489
1490
1491
1493
1496
1496
1497
1497
1499
1500
1501
1501
1505
1506
1506
1508
1508
1509
1510
1510
1511
1512
1512
1513
1513
1514
1516
1516
1517
1518
1518
1519
1520
1526
1527
1527
1530
1532
1532
1533
1534
1536
1536
1538
1538
1539
1540
1540
1541
1544
1546
1547
1548
1549
1550
1553
1554
1557
1560
1567
1568
1568
1570
1572
1572
1572
1572
1574
1580
1584
1590
1591
1594
1597
1611
1615
1616
1617
1621
1622
1622
1623
1623
1624
1625
1626
1626
1626
1628
1629
1630
1630
1630
1631
1633
1633
1633
1634
1634
1636
1637
1638
1638
1639
1640
1640
1640
1640
1642
1644
1644
1644
1647
1648
1652
1652
1652
1652
1652
1652
1652
1653
1653
1654
1654
1655
1655
1656
1656
1656
1656
1656
1657
1657
1657
1658
1658
1658
1659
1659
1659
1659
1659
1660
1660
1660
1661
1661
1662
1662
1663
1667
1669
1669
1670
1671
1673
1674
1675
1675
1676
1677
1678
1678
1678
1679
1680
1680
1680
1681
1681
1682
1682
1684
1684
1685
1685
1688
1688
1690
1691
1692
1694
1695
1695
1696
1696
1696
1698
1700
1700
1701
1701
1702
1703
1703
1703
1703
1703
1703
1703
1704
1705
1705
1705
1705
1705
1705
1706
1706
1707
1707
1707
1708
1708
1708
1710
1710
1710
1711
1711
1712
1712
1712
1712
1714
1715
1715
1716
1716
1717
1717
1719
1719
1720
1721
1721
1721
1722
1722
1724
1724
1725
1725
1725
1725
1725
1725
1726
1726
1726
1726
1726
1727
1727
1727
1727
1727
1727
1727
1729
1729
1730
1730
1731
1732
1732
1733
1733
1735
1736
1736
1736
1736
1737
1737
1738
1738
1739
1740
1741
1742
1743
1745
1746
1747
1748
1755
1756
1762
1775
1950
2013
2051
2056
2060
2146
2152
2152
2153
2159
2159
2160
2162
2166
2166
2168
2174
2178
2274
2275
2280
2281
2282
2284
2292
2294
2295
2295
2296
2296
2297
2301
2319
2320
2321
2321
2328
2328
2330
2332
2333
2336
2336
2336
2336
2336
2337
2337
2337
2337
2337
2337
2337
2338
2338
2338
2338
2338
2338
2338
2339
2339
2339
2339
2339
2341
2341
2341
2341
2342
2342
2342
2343
2343
2343
2343
2344
2346
2360
2369
2393
2420
2443
2444
2444
2445
2445
2445
2445
2445
2460
2468
2475
2494
2507
2510
2564
2574
2575
2578
2583
2647
2653
2653
2679
2775
2781
2782
2793
2804
2834
2834
2862
2877
2877
2878
2879
2881
2887
2889
2890
2906
2907
2909
2911
2913
2918
2921
2921
2947
2954
2956
2956
2958
2958
2965
2967
2968
2970
2970
2971
2972
2972
2974
2975
2975
2976
2979
2981
2982
2984
2985
2985
2985
2987
2989
2991
2995
2997
2997
2997
2997
2999
3000
3000
3056
3064
3067
3069
3069
3075
3076
3076
3076
3077
3077
3081
3081
3083
3085
3086
3091
3091
3091
3114
3118
3126
3131
3138
3145
3147
3149
3151
3152
3157
3159
3173
3179
3182
3182
3186
3197
3200
3216
3221
3231
3244
3246
3247
3253
3254
3255
3257
3262
3262
3265
3280
3282
3282
3291
3297
3298
3306
3308
3332
3341
3390
3407
3461
3463
3464
3466
3472
3492
3495
3510
3510
3514
3517
3519
3521
3525
3529
3538
3544
3548
3550
3557
3562
3592
3602
3605
3625
3626
3639
3643
3644
3646
3648
3649
3649
3649
3653
3654
3655
3658
3661
3669
3669
3691
3705
3712
3713
3718
3725
3731
3731
3731
3732
3735
3735
3742
3747
3747
3747
3751
3758
3763
3803
3807
3808
3810
3875
3878
3884
3906
3907
3908
4005
4014
4073
4078
4082
4083
4091
4093
4124
4144
4151
4161
4161
4161
4162
4163
4168
4169
4171
4173
4175
4224
4301
4357
4420
4429
4432
4432
4434
4460
4463
4464
4466
4466
4467
4470
4475
4503
4508
4523
4524
4527
4528
4529
4540
4540
4559
4574
4574
4574
4576
4578
4583
4586
4590
4591
4596
4600
4600
4601
4603
4604
4604
4605
4606
4608
4611
4614
4615
4621
4622
4622
4623
4623
4624
4624
4624
4634
4637
4642
4643
4646
4655
4664
4665
4668
4668
4668
4670
4675
4676
4677
4684
4684
4685
4687
4687
4688
4734
4734
4735
4736
4737
4737
4737
4737
4737
4738
4741
4743
4746
4748
4764
4774
4791
4796
4801
4805
4869
4929
4929
4934
4949
4950
4995
5008
5019
5020
5082
5189
5194
5212
5215
5222
5228
5228
5228
5228
5230
5233
5234
5239
5241
5243
5243
5248
5276
5551
5648
5650
5655
5659
5672
5673
5674
5674
5720
5743
5769
5774
5839
5840
5944
6031
6035
6106
6106
6125
6127
6130
6136
6145
6146
6146
6147
6150
6154
6154
6157
6157
6160
6161
6163
6165
6165
6166
6167
6175
6175
6178
6181
6181
6181
6182
6200
6200
6217
6222
6233
6235
6236
6244
6264
6265
6269
6272
6273
6289
6331
6332
6332
6340
6538
6630
6631
6637
6638
6645
6647
6647
6648
6648
6649
6655
6657
6658
6658
6661
6661
6661
6663
6674
6677
6734
6736
6749
6749
6749
6750
6750
6775
6777
6779
6779
6783
6788
6793
6794
6796
6799
6799
6799
6799
6800
6800
6804
6804
6805
6811
6830
6840
6850
6912
6915
6970
6973
6993
6994
7143
7150
7158
7161
7171
7176
7182
7183
7193
7259
7260
7266
7268
7270
7287
7288
7291
7292
7292
7292
7292
7294
7294
7298
7299
7301
7305
7309
7310
7313
7318
7319
7325
7332
7337
7338
7338
7338
7338
7339
7340
7341
7344
7347
7347
7361
7447
7467
7470
7474
7477
7478
7519
7522
7524
7525
7530
7531
7560
7645
7645
7649
7662
7665
7666
7667
7667
7670
7672
7676
7677
7678
7680
7683
7686
7695
7696
7697
7707
7711
7712
7714
7717
7762
7765
7769
7773
7780
7884
7904
7908
7925
7927
7928
7953
7970
7971
7977
7994
8006
8011
8026
8026
8030
8038
8038
8041
8041
8045
8049
8056
8060
8063
8121
8123
8134
8154
8155
8156
8159
8162
8181
8189
8191
8208
8208
8210
8210
8211
8216
8218
8219
8220
8221
8223
8223
8233
8236
8237
8237
8247
8253
8257
8263
8264
8273
8274
8274
8274
8275
8275
8279
8281
8286
8307
8311
8311
8315
8322
8324
8327
8328
8328
8330
8331
8332
8333
8336
8338
8349
8352
8354
8356
8357
8358
8366
8373
8375
8376
8385
8390
8391
8391
8392
8395
8398
