3
16
24
24
24
24
24
24
24
24
90
129
144
154
189
194
194
194
194
194
198
198
199
199
199
199
199
215
215
216
216
216
216
216
216
216
217
278
309
311
326
366
367
379
379
380
380
380
380
380
466
467
493
521
521
523
538
550
550
560
592
618
628
631
679
694
736
738
741
742
742
752
761
785
813
825
827
840
841
848
850
896
897
962
966
966
1004
1006
1018
1022
1022
1027
1080
1117
1117
1120
1149
1157
1159
1167
1167
1167
1167
1171
1172
1178
1178
1179
1196
1196
1224
1237
1240
1247
1263
1272
1289
1290
1296
1325
1358
1377
1388
1396
1418
1485
1500
1526
1560
1569
1593
1626
1656
1658
1676
1762
1773
1792
1819
1844
1851
1859
1860
1860
1861
1867
1891
1910
1916
1931
1977
2033
2090
2121
2122
2125
2182
2193
2203
2226
2254
2293
2294
2303
2303
2303
2303
2303
2303
2304
2304
2310
2311
2311
2323
2336
2340
2346
2352
2356
2356
2357
2369
2389
2417
2426
2442
2462
2470
2494
2494
2495
2501
2521
2636
2637
2637
2639
2679
2685
2691
2692
2697
2708
2713
2721
2748
2769
2769
2774
2783
2784
2829
2854
2908
2910
2911
2911
2911
2911
2911
3037
3038
3040
3044
3057
3057
3057
3057
3057
3068
3069
3076
3076
3076
3076
3076
3076
3076
3076
3076
3076
3079
3081
3081
3081
3081
3081
3081
3081
3081
3081
3081
3081
3081
3081
3081
3081
3081
3081
3081
3081
3082
3082
3082
3082
3082
3082
3082
3082
3082
3082
3082
3082
3082
3082
3082
3082
3082
3082
3082
3090
3091
3091
3091
3091
3091
3092
3092
3092
3092
3092
3093
3093
3096
3212
3213
3241
3242
3242
3243
3243
3243
3243
3243
3243
3243
3243
3243
3243
3243
3243
3243
3243
3243
3243
3243
3243
3244
3244
3244
3244
3258
3261
3261
3261
3261
3262
3262
3262
3262
3263
3263
3263
3264
3323
3337
3339
3341
3344
3383
3388
3421
3447
3448
3464
3466
3506
3532
3542
3542
3544
3546
3583
3603
3604
3671
3677
3720
3740
3741
3744
3804
3804
3839
3850
3900
3924
3941
3947
4100
4135
4163
4172
4176
4187
4190
4193
4205
4236
4297
4304
4305
4310
4311
4315
4319
4328
4356
4379
4480
4492
4492
4492
4492
4492
4492
4492
4493
4493
4495
4495
4530
4564
4565
4577
4601
4633
4643
4644
4647
4648
4669
4670
4673
4722
4800
4820
4858
4871
4875
4891
4904
4952
4953
4961
4976
4977
4982
4990
5000
5001
5085
5106
5115
5115
5133
5148
5149
5151
5175
5177
5214
5222
5256
5270
5277
5281
5296
5339
5344
5347
5381
5424
5430
5433
5492
5505
5537
5557
5559
5566
5570
5580
5581
5603
5614
5615
5636
5642
5651
5652
5672
5806
5806
5806
5807
5882
5934
5973
7042
7264
8684
8688
8688
8688
8688
8690
8690
8690
8690
8690
8690
8690
8690
8690
8690
8691
8709
8820
8820
8820
8882
8963
9125
9806
10160
10207
10208
10212
10221
10222
10227
10234
10240
10371
11183
11946
12199
13517
