4
14
22
23
23
23
23
23
23
23
89
124
139
149
183
187
188
188
188
188
192
192
192
192
192
192
193
208
208
208
208
208
208
208
209
209
209
271
302
304
319
359
360
360
360
360
361
373
373
374
464
495
524
524
525
541
553
553
562
595
621
629
631
634
682
697
739
741
744
744
744
755
763
788
816
828
830
843
844
851
852
898
899
964
968
968
1007
1009
1021
1025
1025
1030
1033
1083
1120
1120
1123
1151
1160
1162
1170
1170
1170
1170
1173
1175
1180
1181
1182
1199
1199
1226
1238
1242
1249
1265
1274
1291
1292
1298
1328
1361
1379
1390
1398
1486
1501
1528
1561
1571
1595
1627
1657
1659
1674
1677
1764
1775
1794
1820
1845
1852
1861
1861
1861
1862
1868
1893
1911
1918
1932
1978
2035
2092
2123
2124
2127
2183
2195
2204
2227
2256
2294
2296
2305
2305
2305
2305
2312
2324
2337
2341
2347
2353
2357
2357
2358
2390
2418
2423
2426
2443
2463
2471
2495
2495
2496
2502
2522
2637
2638
2638
2640
2680
2686
2692
2693
2698
2709
2714
2722
2749
2770
2770
2775
2785
2785
2830
2853
2907
2909
2909
2910
2910
2910
2910
2910
2910
2910
2910
2987
2987
3039
3039
3040
3041
3046
3058
3058
3058
3058
3059
3070
3070
3077
3077
3077
3077
3077
3077
3077
3077
3077
3077
3077
3082
3082
3082
3082
3082
3082
3083
3083
3083
3083
3083
3083
3083
3083
3083
3083
3083
3083
3083
3083
3083
3083
3083
3083
3083
3083
3083
3083
3083
3083
3083
3083
3083
3083
3084
3084
3084
3084
3084
3097
3097
3101
3102
3102
3106
3106
3107
3107
3107
3107
3107
3110
3152
3158
3158
3158
3224
3226
3254
3255
3255
3255
3255
3255
3255
3255
3255
3255
3256
3256
3256
3274
3274
3274
3274
3274
3274
3274
3274
3275
3275
3275
3275
3275
3313
3313
3314
3314
3314
3330
3344
3346
3348
3351
3387
3393
3426
3452
3453
3469
3471
3511
3537
3546
3546
3548
3550
3588
3607
3609
3676
3681
3725
3744
3745
3749
3808
3808
3844
3855
3905
3929
3945
3952
4029
4104
4139
4158
4172
4181
4185
4196
4199
4202
4245
4306
4313
4314
4319
4320
4324
4328
4337
4363
4389
4389
4389
4392
4392
4393
4393
4498
4510
4510
4510
4510
4510
4510
4510
4510
4510
4513
4513
4546
4584
4585
4597
4621
4653
4663
4664
4667
4669
4689
4690
4693
4723
4793
4816
4855
4867
4871
4888
4901
4949
4950
4958
4972
4973
4978
4986
4997
4997
5081
5102
5111
5112
5129
5144
5146
5147
5172
5257
5271
5278
5282
5297
5340
5345
5382
5387
5391
5425
5430
5434
5493
5506
5538
5558
5560
5566
5571
5581
5581
5604
5621
5641
5648
5657
5658
5678
5812
5812
5812
5813
5905
5958
7099
7321
9005
9005
9005
9005
9006
9006
9006
9006
9006
9006
9006
9006
9006
9006
9006
9006
9006
9006
9006
9006
9006
9006
9006
9006
9006
9006
9006
9006
9006
9006
9006
9006
9006
9006
9006
9007
9007
9007
9007
9007
9007
9014
9019
9019
9019
9019
9019
9019
9019
9019
9019
9019
9019
9019
9019
9019
9019
9019
9019
9019
9019
9019
9019
9020
9020
9020
9020
9020
9020
9020
9020
9020
9020
9020
9217
9219
9219
9219
9252
9255
9255
9268
10291
10318
10338
10339
10343
10353
10353
10544
10599
