4
4
5
5
5
6
9
10
11
12
12
13
15
16
16
17
19
21
21
21
21
22
24
24
25
25
26
26
26
26
26
27
27
27
27
28
30
31
32
33
35
36
36
36
36
36
36
41
41
41
41
41
41
41
42
43
44
44
44
45
47
47
47
47
47
48
48
48
48
48
49
49
49
49
49
51
51
52
53
56
56
56
56
57
57
58
58
59
60
61
61
62
63
63
65
66
67
67
68
69
70
70
70
71
71
72
72
76
76
82
82
87
88
89
90
90
90
90
90
92
92
92
93
94
94
95
95
96
97
97
97
97
98
98
98
99
100
100
100
100
101
102
102
103
103
103
103
103
103
103
103
103
103
103
103
103
104
104
105
105
105
106
106
107
108
108
108
108
108
109
109
109
109
109
109
109
110
110
110
110
110
110
110
111
111
111
112
113
115
117
117
118
119
119
119
119
119
119
119
120
120
120
120
120
121
123
123
124
124
126
127
127
127
127
128
131
131
132
137
138
141
144
146
151
152
153
154
158
159
176
177
178
202
207
208
212
213
214
219
250
252
253
257
259
259
261
287
300
303
318
318
318
318
318
318
320
328
329
332
332
350
351
357
369
370
374
378
379
387
387
389
398
409
411
411
414
423
424
426
435
439
439
450
453
454
460
463
465
476
478
484
496
497
498
498
500
501
501
504
506
517
518
521
532
535
538
543
543
543
553
554
564
571
571
575
590
590
591
591
592
595
600
604
605
608
611
611
611
611
614
615
616
620
620
621
621
621
623
625
626
629
633
633
634
640
647
648
659
659
675
682
683
690
691
702
708
723
726
727
729
731
731
732
734
734
751
752
762
763
766
770
771
775
775
775
776
791
792
796
799
799
799
799
800
800
803
804
808
813
814
817
818
821
825
827
830
830
830
830
837
846
847
849
861
861
863
867
868
870
873
874
877
877
877
879
879
879
879
879
879
879
880
880
880
880
880
880
882
882
883
884
884
884
884
884
884
884
884
884
884
884
884
885
885
885
885
890
890
890
890
890
890
890
890
890
890
890
890
890
890
891
893
893
894
894
894
894
894
894
894
894
894
894
902
902
902
902
902
902
903
903
903
903
903
903
903
903
903
903
903
908
909
909
909
909
909
909
909
909
909
909
914
915
915
915
915
915
915
915
915
915
915
921
921
921
922
925
929
939
943
945
949
954
960
966
977
978
978
978
978
978
979
979
988
989
989
989
990
990
990
990
991
991
991
991
992
994
994
995
1006
1007
1009
1009
1009
1009
1009
1009
1009
1010
1010
1010
1010
1010
1010
1010
1010
1010
1010
1010
1010
1010
1010
1010
1010
1010
1010
1011
1016
1016
1026
1028
1033
1049
1054
1055
