3
5
5
5
5
6
6
7
10
11
12
13
15
15
15
16
18
18
19
19
21
23
23
23
24
25
27
27
27
27
27
27
27
27
27
29
29
31
31
33
33
33
34
34
35
35
35
35
35
37
37
38
41
44
47
48
49
50
50
51
51
54
54
55
56
56
57
57
58
60
61
61
63
64
67
67
67
68
68
71
71
72
72
73
73
74
75
75
76
79
80
81
83
85
86
86
87
88
90
90
91
92
96
100
100
101
101
101
101
101
101
101
101
101
101
101
102
102
102
102
102
104
105
106
106
106
106
107
107
108
108
108
109
109
109
109
109
109
109
109
109
109
109
109
109
109
109
109
109
109
109
109
109
109
109
109
109
109
109
109
109
109
109
109
109
109
110
110
110
110
110
110
110
110
110
110
110
110
110
111
113
113
114
114
114
114
114
115
115
116
120
122
122
122
122
123
123
123
123
124
132
132
133
133
133
134
134
134
136
137
138
139
142
144
146
146
147
147
151
153
153
158
161
161
162
174
174
177
177
187
187
190
190
190
190
190
190
190
190
190
191
192
192
192
193
193
193
193
193
195
196
208
213
219
226
231
243
244
260
266
270
277
277
291
297
297
299
299
299
300
304
308
310
314
314
319
324
339
342
349
378
379
379
380
383
383
387
390
391
394
396
397
398
399
399
405
414
419
440
440
453
455
466
469
476
480
482
491
491
491
492
492
501
504
504
504
505
507
521
523
528
528
528
528
528
528
528
528
528
528
528
528
528
528
528
528
533
534
534
535
536
539
546
546
546
547
547
547
547
547
548
548
554
557
560
561
573
573
574
574
574
576
576
576
581
583
584
584
584
584
585
585
585
586
587
587
591
592
592
593
594
594
599
601
602
602
602
602
602
602
602
602
603
605
605
606
607
607
607
608
608
608
608
608
608
608
608
608
608
609
611
611
618
619
620
620
620
621
636
637
637
638
640
643
643
644
648
651
653
656
657
664
665
670
670
671
675
677
685
686
687
689
692
693
697
704
707
710
712
713
715
716
717
718
719
721
722
723
723
725
729
730
735
736
736
737
738
739
739
740
741
742
744
745
745
747
747
747
747
749
751
753
759
761
762
766
768
770
773
773
781
784
787
787
788
792
796
798
800
802
812
814
868
873
885
891
894
904
906
907
912
913
924
926
929
930
931
932
943
960
975
978
978
978
978
978
979
979
979
979
979
979
979
982
1017
1020
1020
1060
1061
1063
1073
1078
1084
1120
1167
1192
1198
1210
1215
1217
1217
1228
1239
1239
1252
1269
1312
1407
1426
1427
1576
1596
1654
1676
1817
1876
1907
1909
1979
1991
1998
2061
2093
2149
2151
2158
2163
2209
2215
2222
2226
2235
2236
2236
2236
2237
2237
2237
2237
2237
2237
2237
2237
2237
2237
2237
2237
2237
2238
2238
2238
2238
2238
2238
2238
2238
2238
2238
2239
