3
4
5
5
6
6
6
7
8
8
14
14
14
15
16
16
16
16
17
17
17
17
22
23
24
25
25
26
26
27
27
28
30
31
31
31
31
31
32
32
33
34
35
35
35
35
35
35
36
36
36
36
36
36
37
37
37
37
37
37
37
37
38
38
39
41
43
45
46
46
49
50
52
53
55
56
57
58
60
61
61
62
62
62
63
63
63
63
64
65
65
65
65
66
67
70
71
71
71
71
71
74
80
81
81
83
83
84
85
85
86
86
87
87
88
88
88
96
97
99
100
102
102
104
105
106
106
107
107
109
111
116
117
117
117
123
123
123
123
123
123
124
124
124
126
126
126
127
127
127
127
127
127
128
129
131
132
132
133
133
133
133
134
138
138
139
139
139
139
140
144
146
146
148
153
153
153
156
163
167
168
170
171
171
178
184
189
190
191
196
200
202
211
212
216
227
227
231
241
242
242
248
248
257
262
280
286
287
288
289
290
293
294
295
296
297
305
305
308
330
333
333
333
334
353
357
357
364
378
379
379
380
384
387
392
392
395
398
400
402
409
412
416
416
432
434
447
447
447
447
454
456
459
461
462
464
464
465
465
465
468
471
474
474
474
479
483
485
493
495
506
517
526
532
541
548
554
556
560
560
563
567
569
569
569
580
581
583
585
596
618
624
627
627
627
627
627
627
627
627
627
627
627
627
627
627
627
627
627
627
627
627
627
627
627
627
627
627
627
627
627
628
628
628
629
629
629
629
629
630
630
631
631
631
631
632
632
634
635
640
640
640
640
645
649
654
657
657
657
662
662
663
678
684
685
686
690
693
703
704
710
713
725
725
726
728
738
744
745
750
751
754
760
761
762
762
763
764
766
768
775
779
785
785
786
786
786
786
787
787
787
787
788
788
788
788
788
789
789
789
789
789
790
796
797
798
802
814
825
825
828
829
831
831
833
834
839
842
842
846
847
847
847
852
859
861
865
877
885
892
893
894
897
902
904
906
936
955
957
969
983
990
991
991
991
991
991
991
992
992
992
992
993
994
995
1000
1000
1004
1006
1006
1006
1006
1006
1006
1006
1006
1006
1006
1011
1013
1013
1013
1013
1013
1013
1018
1019
1022
1024
1026
1029
1041
1060
1063
1070
1070
1078
1084
1088
1095
1132
1136
1141
1142
1142
1142
1142
1142
1142
1142
1142
1142
1143
1143
1143
1143
1147
1147
1147
1148
1148
1148
1149
1149
1150
1164
1165
1169
1173
1174
1174
1178
1192
1192
1192
1192
1193
1194
1194
1195
1196
1208
1208
1212
1213
1220
1220
1220
1220
1220
1222
1223
1229
1246
1284
1297
1327
1349
1350
1363
1375
1407
1407
1407
1407
1407
1407
1407
1407
1407
1407
1407
1407
1407
1407
1407
1407
1407
1407
1407
1408
1408
1408
1408
1408
1408
1408
1408
1408
1408
1610
1654
1714
1714
1762
