3
4
5
6
6
8
8
9
10
11
14
16
17
17
17
17
17
18
19
20
21
21
21
21
21
21
21
21
21
22
22
22
29
29
30
31
35
35
36
37
41
50
50
50
53
53
55
55
55
55
57
58
59
59
60
60
61
62
63
64
64
64
64
65
65
66
66
67
68
68
69
71
72
72
72
72
72
73
73
73
74
75
75
80
83
83
84
85
86
86
88
89
89
90
92
94
97
97
98
98
99
99
100
100
101
102
102
107
107
107
107
107
107
107
108
108
108
108
108
109
110
111
111
112
113
113
113
113
113
113
113
113
113
114
114
114
115
115
115
115
115
115
115
115
118
118
120
123
124
127
130
131
132
135
140
145
150
156
157
160
206
207
217
220
226
236
238
238
239
240
303
381
405
411
427
429
436
436
446
452
458
466
473
474
493
498
502
504
513
514
528
528
547
547
548
548
548
548
548
548
548
582
583
583
583
583
583
589
589
589
589
589
589
589
589
589
594
599
601
602
603
608
624
626
626
628
628
637
643
646
649
650
652
661
667
668
679
709
709
709
709
712
714
732
744
744
749
753
755
764
764
765
769
774
776
781
795
797
804
804
805
813
813
818
819
819
819
819
819
819
819
819
819
819
820
820
820
820
823
823
823
824
826
828
830
833
834
835
836
837
842
851
853
856
860
860
860
860
860
860
860
860
860
860
860
860
860
860
860
860
860
860
860
860
860
860
860
867
868
872
895
895
896
898
899
902
902
902
902
902
902
903
903
903
912
912
912
912
913
913
915
916
916
916
916
916
916
916
916
916
916
916
916
916
916
917
917
917
917
917
917
917
917
917
917
917
917
917
918
918
918
919
919
919
919
919
919
919
919
919
919
919
919
919
920
920
920
920
920
920
920
920
920
920
920
920
920
921
921
922
924
925
926
926
926
934
935
939
941
942
943
946
948
948
948
948
950
954
954
954
954
954
954
954
954
954
954
954
955
955
955
955
955
955
955
955
955
955
955
955
955
955
955
956
956
956
956
956
956
956
956
956
956
956
956
956
956
956
957
958
959
959
959
960
962
962
962
963
964
965
969
969
969
972
979
979
979
979
989
990
993
995
995
996
996
998
1000
1000
1001
1002
1004
1008
1008
1008
1012
1012
1012
1012
1013
1019
1023
1034
1037
1038
1040
1040
1042
1045
1062
1067
1070
1079
1082
1085
1087
1088
1088
1092
1101
1106
1110
1111
1112
1116
1121
1131
1132
1135
1135
1137
1137
1140
1141
1146
1149
1150
1151
1152
1155
1156
1158
1159
1159
1165
1171
1178
1178
1180
1182
1182
1183
1183
1187
1188
1188
1188
1188
1194
1196
1203
1203
1205
1205
1212
1213
1218
1225
1231
1232
1232
1232
1232
1232
1232
1232
1232
1237
1242
1246
1248
1248
1250
1254
1259
1264
