3
4
4
6
6
7
8
10
13
13
14
16
16
17
18
19
22
22
22
23
23
24
24
24
24
25
26
27
29
29
29
29
31
32
32
33
33
36
36
37
40
40
40
40
42
45
45
46
47
48
48
49
52
52
52
53
54
55
57
59
59
60
60
62
63
64
65
68
68
68
68
69
71
71
72
74
77
78
80
80
80
81
82
83
83
84
85
85
85
86
87
87
88
90
90
90
90
91
94
94
94
98
98
99
99
99
100
100
101
101
101
101
101
102
102
103
103
104
104
104
104
104
105
105
105
107
107
108
108
109
112
112
113
113
113
114
114
115
115
117
118
118
118
119
120
123
138
146
151
162
162
165
184
185
192
193
193
211
218
238
239
240
241
252
259
274
283
289
291
291
294
294
294
296
298
300
319
323
323
328
329
340
343
345
348
350
350
352
352
353
356
356
357
360
362
363
370
373
374
375
378
382
401
401
411
413
415
422
434
434
434
434
434
434
434
434
434
434
434
434
434
434
434
434
434
434
435
436
436
436
436
436
436
437
437
437
437
437
437
438
438
438
439
439
439
439
439
440
440
440
440
440
440
440
440
440
441
442
442
442
442
442
442
442
442
442
442
443
443
443
443
443
443
443
443
443
444
445
448
511
512
514
521
524
547
549
575
581
583
592
601
603
608
617
620
621
621
622
625
627
627
638
646
646
646
646
651
654
660
662
671
671
671
674
675
676
677
678
678
682
686
689
689
689
689
689
691
692
692
715
717
718
721
724
724
725
727
733
734
737
737
737
737
741
746
746
746
746
746
746
746
746
746
746
746
746
746
747
747
747
752
752
752
752
752
752
752
752
752
752
753
753
753
753
753
753
753
753
753
753
753
753
753
753
753
753
759
759
759
759
759
759
759
759
759
759
759
759
759
760
760
760
760
760
760
760
760
760
760
760
760
760
760
760
761
761
761
761
761
761
761
761
762
763
765
766
766
766
768
768
769
772
772
772
772
774
779
783
784
785
790
790
802
802
803
804
804
804
804
804
804
804
804
805
808
808
808
808
809
810
815
825
828
829
838
848
851
853
865
882
890
891
901
902
903
904
913
916
924
933
935
938
938
939
942
944
944
945
946
950
950
951
952
952
953
954
959
960
960
960
960
961
961
961
961
961
966
970
971
974
982
982
983
984
984
984
1001
1014
1019
1019
1021
1022
1022
1024
1026
1028
1033
1034
1041
1044
1046
1048
1048
1050
1055
1059
1063
1070
1070
1076
1078
1086
1093
1097
1098
1106
1114
1115
1116
1121
1124
1125
1133
1133
1134
1136
1137
1139
1140
1140
1140
1143
1159
1160
1160
1161
1163
1163
1163
1163
1163
1163
1163
1163
1163
1167
1167
1180
1187
1187
1191
1199
1204
1217
1225
