0
0
2
2
3
4
4
4
4
5
5
5
6
7
7
7
8
9
9
10
10
10
11
11
12
12
12
12
12
12
12
13
13
14
14
14
14
14
14
14
14
14
15
15
15
15
16
16
16
16
16
16
17
17
17
17
17
18
18
18
18
18
18
18
18
18
18
18
18
18
18
18
18
19
19
19
19
19
19
19
19
20
20
20
20
20
20
21
21
21
22
22
22
22
22
22
22
22
23
23
23
23
23
23
23
23
23
23
23
24
24
24
24
24
24
24
24
24
24
24
24
24
24
24
24
24
24
24
24
24
24
25
25
25
25
25
25
25
25
25
25
25
25
25
25
25
25
25
26
26
26
26
26
26
26
27
27
27
27
27
27
27
28
28
28
28
29
29
29
29
29
29
29
29
29
30
30
30
31
31
31
31
31
31
32
32
32
33
34
34
34
34
34
34
34
34
34
34
34
34
34
34
34
34
34
34
34
35
35
35
35
35
35
35
35
35
35
35
35
35
35
35
35
35
35
35
35
35
35
36
36
36
36
36
37
37
37
37
37
37
38
38
38
38
38
39
39
39
39
39
39
39
40
40
40
40
40
40
40
40
40
41
41
41
41
41
41
41
42
42
42
42
43
43
43
43
43
43
44
44
44
44
44
45
45
45
45
45
45
46
46
46
46
47
47
47
47
47
47
47
47
47
47
48
48
48
49
49
50
50
50
50
50
50
50
51
51
51
51
51
51
52
52
52
52
52
52
53
53
54
54
54
54
54
54
54
55
55
55
55
55
55
55
55
55
55
56
56
56
56
57
57
57
58
58
58
58
58
58
58
59
59
59
59
59
59
59
60
60
60
60
60
61
61
61
62
62
62
62
62
63
63
63
63
64
64
64
64
65
65
65
65
65
65
65
66
66
66
66
66
67
67
67
68
68
68
68
68
69
69
69
70
70
70
70
70
71
71
71
71
71
72
72
72
72
73
73
73
73
73
73
74
74
74
74
74
75
76
76
76
77
77
77
77
77
78
78
78
78
78
78
78
79
79
81
81
81
82
82
82
82
82
83
83
84
84
84
85
85
85
85
86
86
86
86
86
87
87
87
87
87
89
89
90
90
90
90
90
90
90
90
91
91
91
91
91
91
91
91
92
92
92
92
92
92
92
92
92
92
92
92
93
93
93
94
94
94
94
94
94
94
94
95
95
95
95
95
95
95
95
95
96
96
96
96
96
97
97
97
97
97
98
98
98
98
98
98
98
98
98
98
99
99
99
100
100
100
100
100
101
101
101
101
101
102
102
102
102
103
103
103
103
103
103
103
103
103
104
104
105
105
105
105
105
105
105
105
106
107
107
107
107
107
107
108
108
108
109
109
109
109
110
111
111
111
112
112
112
112
112
112
112
113
113
113
113
113
114
114
114
114
115
115
116
116
116
116
116
116
117
117
117
117
118
118
118
118
118
118
119
119
120
120
120
120
121
121
121
122
122
122
122
124
124
124
125
125
125
125
125
126
126
126
127
127
127
127
128
129
129
130
130
131
131
131
132
132
132
132
132
133
133
133
133
134
134
134
134
135
135
135
135
137
137
138
138
139
140
140
142
142
142
144
145
145
146
146
147
147
147
148
148
150
150
151
151
152
152
152
153
153
153
153
153
153
154
154
154
154
154
155
155
155
155
156
156
156
158
159
159
160
161
161
161
161
162
162
162
162
163
163
163
164
164
165
165
165
166
167
167
168
168
168
168
168
170
170
171
171
172
172
173
173
174
174
174
174
174
174
176
176
178
178
179
179
180
180
181
181
181
183
184
187
187
188
189
189
189
190
190
192
193
193
193
194
194
194
194
194
196
197
199
201
201
201
203
203
203
203
203
203
204
204
204
204
204
204
204
204
204
204
204
204
204
204
204
204
205
205
205
205
205
205
205
205
206
206
206
206
206
206
206
206
207
207
208
209
209
210
211
212
212
212
212
213
213
213
215
215
216
217
217
217
218
219
219
221
222
222
223
223
223
223
224
224
224
225
226
226
226
227
228
228
229
230
231
233
235
235
236
237
238
238
238
239
240
241
241
241
241
242
242
242
242
242
242
243
243
245
245
245
245
245
246
247
249
249
251
253
253
253
253
253
253
254
255
258
258
258
259
259
260
260
260
261
261
261
263
263
263
264
265
265
266
266
267
267
269
269
269
270
270
270
270
270
270
270
270
270
271
271
271
271
271
271
271
271
271
271
271
271
271
271
271
272
272
272
272
272
272
272
272
272
273
273
273
273
273
273
273
273
273
273
274
275
276
276
276
277
277
277
277
277
278
278
279
280
280
280
280
280
281
281
281
282
282
283
283
283
284
285
285
285
285
285
285
286
286
286
286
286
287
287
287
287
287
287
287
288
289
289
290
290
290
290
290
291
291
291
291
291
291
291
291
292
292
292
292
292
292
292
292
293
293
293
293
293
293
293
293
293
294
294
295
295
295
296
296
297
297
299
299
300
300
300
300
302
302
303
303
303
303
304
304
304
304
305
305
305
306
306
307
307
307
307
307
308
308
308
309
309
309
309
310
311
311
311
312
312
313
316
316
317
317
318
319
319
320
320
320
320
321
321
322
323
324
324
325
326
326
327
328
328
328
328
328
329
329
329
329
329
330
330
331
331
331
332
333
333
333
334
335
335
337
338
338
340
340
340
340
340
340
341
344
344
344
347
348
349
349
349
349
349
349
349
351
351
352
353
353
354
355
356
356
357
358
359
361
362
362
362
363
363
363
363
363
364
364
364
364
364
364
364
364
364
364
364
364
365
365
365
365
365
365
366
366
367
367
367
368
368
369
370
370
370
371
371
371
372
372
372
372
374
374
375
376
377
377
378
378
378
379
379
379
381
381
381
381
382
382
382
382
384
384
384
385
385
386
386
388
388
390
390
391
391
391
393
393
395
395
396
396
396
396
396
396
396
396
396
396
397
400
401
401
402
402
402
402
404
404
405
405
405
406
407
407
407
407
407
407
408
408
408
409
410
410
411
413
413
414
415
418
419
419
420
420
421
421
422
422
422
424
424
424
424
424
425
426
426
427
427
428
428
429
429
430
430
430
431
431
432
432
433
433
433
435
435
435
436
436
436
437
439
439
440
441
441
442
444
444
445
446
448
451
453
453
453
456
457
457
457
458
459
459
460
460
460
461
461
461
461
461
462
464
464
466
466
466
467
468
468
469
469
469
472
472
472
473
474
478
479
479
482
483
484
485
486
486
487
487
487
488
489
489
491
492
492
493
494
495
495
496
496
498
498
500
500
500
501
501
501
501
502
502
504
504
505
505
507
507
507
508
508
508
509
510
510
510
511
511
511
512
512
512
512
512
512
512
512
512
512
514
514
514
514
514
514
515
517
517
519
519
520
520
520
520
521
522
522
524
524
524
524
526
527
527
528
528
529
529
530
531
531
532
532
533
533
533
534
535
535
536
537
537
538
538
539
541
541
542
542
543
543
544
544
544
545
547
547
548
548
548
548
548
549
549
549
551
551
551
552
552
552
552
552
552
553
553
553
553
553
553
553
553
554
554
554
554
554
555
557
560
560
560
560
561
561
562
562
562
562
562
562
563
563
563
563
565
567
568
569
569
569
570
570
571
571
571
571
571
573
574
574
574
575
575
578
579
579
580
580
580
581
583
583
584
589
590
590
590
591
591
593
594
597
598
598
598
599
601
602
603
606
608
609
610
612
613
615
616
617
618
618
618
619
621
622
625
625
628
628
630
630
633
635
636
636
636
637
638
638
639
639
639
640
640
642
644
645
645
650
651
653
653
654
654
655
656
656
659
660
663
663
663
663
663
664
665
666
667
667
667
667
668
670
670
673
674
678
678
678
680
681
683
686
688
689
689
691
697
699
699
700
700
700
701
701
701
702
704
704
706
706
706
707
708
708
708
709
712
713
717
717
718
718
718
719
721
725
727
729
732
732
732
732
733
733
739
740
741
743
746
752
759
759
759
760
760
768
768
769
770
770
771
771
773
776
777
780
780
781
781
782
786
787
788
789
789
789
792
792
793
797
800
807
807
813
814
816
816
817
818
823
823
824
826
826
827
828
829
829
829
830
831
831
831
831
833
835
837
839
840
840
841
841
841
842
842
843
845
845
846
849
849
850
850
851
851
851
853
858
860
860
862
863
863
864
865
865
867
868
868
868
868
869
869
869
869
870
870
870
871
871
871
872
872
872
872
872
872
872
873
873
873
873
873
874
874
874
874
875
875
875
875
875
875
877
877
878
878
881
882
883
884
884
885
885
886
887
887
888
888
889
892
892
892
892
893
893
895
896
896
896
896
896
897
897
898
898
898
899
899
899
899
899
900
900
900
904
904
907
907
907
907
907
907
908
908
908
908
908
908
909
912
913
915
917
918
920
921
922
923
925
929
929
929
930
930
930
933
934
934
935
935
935
936
937
937
937
944
945
946
946
947
949
950
952
953
956
957
957
959
961
965
966
967
974
974
975
976
977
979
980
980
981
981
981
981
981
981
981
981
981
982
982
982
982
982
982
982
982
982
982
982
982
982
982
982
982
983
983
983
986
988
997
999
1006
1007
1007
1008
1009
1013
1013
1014
1020
1020
1023
1023
1029
1029
1033
1034
1035
1037
1038
1039
1040
1041
1042
1042
1044
1045
1046
1048
1048
1051
1054
1054
1054
1055
1055
1056
1056
1056
1057
1060
1061
1062
1063
1063
1063
1064
1064
1064
1064
1064
1064
1064
1065
1065
1065
1065
1066
1066
1066
1067
1067
1067
1067
1067
1068
1068
1068
1068
1068
1068
1068
1069
1070
1070
1071
1071
1072
1072
1072
1073
1073
1073
1075
1077
1077
1079
1080
1080
1080
1081
1081
1085
1085
1087
1088
1089
1089
1092
1101
1103
1103
1104
1104
1109
1109
1110
1111
1113
1114
1115
1115
1116
1117
1118
1121
1121
1122
1122
1124
1124
1125
1126
1128
1129
1130
1130
1131
1132
1132
1133
1135
1135
1135
1136
1139
1149
1153
1159
1160
1160
1163
1164
1164
1165
1166
1166
1167
1169
1169
1169
1171
1176
1176
1177
1178
1179
1179
1181
1183
1184
1191
1191
1191
1193
1193
1196
1196
1196
1198
1198
1199
1199
1202
1206
1208
1210
1210
1212
1213
1214
1216
1219
1223
1224
1224
1225
1227
1228
1229
1229
1231
1233
1234
1236
1236
1237
1237
1241
1241
1242
1242
1243
1245
1245
1246
1248
1249
1250
1251
1252
1256
1259
1260
1261
1262
1268
1275
1277
1277
1279
1281
1281
1281
1282
1289
1290
1292
1293
1297
1298
1301
1302
1307
1307
1307
1311
1315
1318
1319
1319
1320
1324
1328
1329
1329
1330
1331
1332
1332
1333
1339
1340
1341
1342
1345
1354
1360
1361
1362
1368
1370
1372
1372
1373
1376
1383
1384
1384
1389
1390
1391
1391
1392
1393
1395
1406
1411
1411
1416
1416
1417
1418
1423
1425
1425
1427
1427
1428
1430
1431
1431
1432
1432
1434
1435
1436
1436
1437
1441
1442
1442
1445
1452
1452
1454
1454
1455
1456
1457
1459
1462
1463
1463
1463
1464
1465
1467
1467
1470
1470
1471
1471
1471
1471
1476
1491
1498
1499
1500
1532
1541
1544
1544
1545
1545
1545
1545
1552
1552
1552
1553
1561
1562
