0
2
3
3
3
3
4
4
5
6
6
6
7
7
7
8
8
8
9
9
9
9
10
10
10
10
10
10
11
11
11
11
11
12
12
13
13
13
13
13
13
14
14
14
15
16
16
16
17
17
18
18
18
18
18
18
18
19
19
19
19
19
19
19
19
19
19
20
20
20
20
21
21
21
21
22
22
22
22
22
22
22
22
22
23
23
23
23
23
23
23
24
24
24
24
24
25
25
25
25
25
25
26
26
26
26
27
27
27
27
27
27
27
27
27
27
27
27
27
28
28
28
28
28
29
29
29
29
29
29
29
29
29
29
30
30
30
30
30
31
31
31
31
31
31
31
31
31
31
31
31
31
31
32
32
32
32
32
32
32
32
32
33
34
34
34
35
35
35
35
35
35
35
35
35
36
36
36
37
37
37
37
38
38
38
38
38
38
39
39
39
39
39
39
39
39
40
40
40
40
40
40
40
40
41
41
41
41
42
42
42
42
43
43
43
44
44
45
45
45
45
45
45
46
46
46
46
46
47
47
48
48
48
48
49
49
49
49
49
49
49
49
49
49
49
49
50
50
50
50
50
50
50
50
50
50
50
50
50
50
50
51
51
51
51
51
52
53
53
54
54
54
54
55
55
56
56
56
57
57
57
57
57
57
57
57
58
58
58
58
58
59
59
60
60
60
61
61
62
63
64
64
65
65
65
65
66
66
66
66
66
67
67
67
67
68
68
69
69
70
70
70
70
70
70
70
71
71
71
71
71
72
72
72
72
72
72
73
73
73
73
73
73
74
75
75
75
75
76
76
76
77
77
77
78
78
78
78
78
79
79
79
79
79
80
80
80
80
81
81
81
82
82
82
82
82
82
83
83
83
83
83
83
83
83
83
84
84
84
84
84
84
84
84
84
84
84
84
84
84
84
85
85
85
85
86
86
86
86
87
87
87
87
88
89
89
89
89
90
90
90
90
90
90
91
91
91
91
92
92
92
92
92
92
92
92
93
93
93
93
93
93
93
93
94
94
94
94
94
94
94
94
94
94
94
94
95
95
95
95
95
95
95
95
95
95
95
96
96
96
96
96
97
97
97
97
97
98
98
98
98
99
100
100
100
100
100
100
101
101
101
101
101
101
101
101
101
101
101
102
102
102
102
102
103
103
103
104
104
104
105
105
105
105
105
105
105
105
105
105
106
106
106
106
106
106
106
106
106
106
106
107
107
107
107
107
107
107
107
107
107
107
107
107
107
107
107
108
108
108
108
108
108
108
108
108
109
109
109
109
109
109
109
109
109
109
109
110
110
110
110
110
110
110
110
110
110
110
111
111
111
112
112
112
112
112
112
112
113
113
113
114
114
114
114
114
114
114
115
115
115
115
115
115
115
115
116
116
116
116
116
117
118
118
118
119
119
119
119
119
119
119
119
119
119
119
119
119
119
119
119
120
120
120
120
120
120
121
121
121
121
122
122
122
122
123
123
123
125
125
125
126
126
126
126
126
126
126
126
126
126
127
127
127
128
128
128
128
128
128
128
128
128
129
129
130
131
131
131
131
131
133
133
133
133
133
133
134
134
134
134
134
135
135
135
135
135
135
135
135
136
136
136
136
136
137
137
137
137
138
138
138
138
138
139
139
139
139
139
139
139
139
140
140
140
140
141
141
141
141
142
143
143
143
143
144
144
144
144
144
144
145
145
146
146
146
146
146
146
146
146
147
147
147
147
148
148
148
149
149
149
149
150
151
151
152
152
152
152
152
152
152
152
153
153
153
153
153
153
153
153
154
154
154
154
154
155
155
155
156
156
156
156
156
156
157
158
158
158
158
159
159
159
159
159
159
160
160
160
160
160
160
160
161
161
161
162
163
163
163
163
163
164
164
164
164
165
165
165
165
165
165
166
166
166
166
166
167
167
167
167
167
167
167
167
167
167
168
168
168
168
168
168
168
169
169
169
169
169
170
170
170
170
170
170
171
171
171
171
171
171
171
172
172
172
172
173
173
173
173
173
173
173
173
174
175
175
176
176
176
176
177
177
177
177
177
178
178
178
178
178
178
178
178
178
179
179
179
179
179
179
179
179
180
180
180
180
180
181
181
181
181
182
182
182
183
183
183
184
184
184
184
185
185
185
185
186
186
186
186
186
186
186
186
186
186
187
187
187
187
187
187
187
187
187
187
187
187
187
187
187
187
187
187
187
187
187
187
187
188
188
188
188
188
188
188
188
188
188
189
189
189
189
189
189
189
190
190
191
191
191
191
191
192
192
193
193
193
194
195
195
195
196
196
196
197
197
198
198
198
199
199
199
199
199
200
200
200
201
201
201
202
202
203
203
204
204
204
204
205
206
206
206
206
206
206
207
207
208
208
209
209
210
210
210
210
210
211
212
212
212
213
213
213
213
213
213
214
215
215
215
215
215
216
216
216
216
217
217
218
219
219
219
219
220
220
220
221
221
221
221
221
221
221
222
222
222
223
223
224
224
224
224
224
224
225
225
226
226
227
227
228
229
229
230
231
231
231
232
232
233
233
234
234
234
234
234
234
235
235
235
236
236
236
237
237
237
237
238
238
238
239
239
239
239
240
241
241
241
242
243
243
243
243
243
243
244
244
244
245
246
246
246
247
247
247
247
248
248
249
250
250
252
253
254
254
255
255
256
256
258
258
258
258
259
259
259
259
260
260
260
260
260
260
260
260
262
264
266
266
267
268
268
270
271
271
271
274
274
275
277
277
280
281
281
282
282
284
285
286
286
286
287
287
287
287
288
288
288
288
288
288
288
288
289
289
290
290
290
291
291
292
293
294
295
296
297
297
298
298
299
299
299
299
299
299
299
299
299
299
299
299
299
300
300
300
300
300
300
300
300
300
300
300
300
301
301
301
302
302
303
303
304
304
306
306
306
306
306
306
307
307
307
308
310
310
311
311
312
314
317
317
321
322
323
323
324
324
324
324
324
324
325
326
326
328
329
329
330
333
334
336
336
336
338
339
339
340
340
340
342
342
343
344
345
345
348
348
349
350
350
351
351
351
352
352
353
354
354
354
354
355
355
356
357
357
357
358
359
360
360
361
362
364
364
367
367
368
373
374
374
374
374
378
378
378
379
379
380
382
382
384
384
386
386
387
388
388
388
389
390
396
399
399
400
401
401
401
402
403
404
405
405
405
406
407
408
416
419
422
422
422
425
426
426
427
427
428
429
429
429
430
431
433
434
436
440
442
442
450
451
458
459
460
462
464
464
468
468
474
475
475
475
476
476
479
482
486
487
487
489
489
489
489
489
489
490
490
490
490
490
490
490
491
492
493
494
495
496
498
498
504
505
505
505
505
506
507
507
508
509
509
509
509
509
509
509
509
509
510
510
510
510
510
511
511
512
514
515
518
518
519
519
519
520
520
521
521
521
521
521
521
522
525
526
526
529
529
530
530
530
531
531
538
538
539
539
541
541
541
542
543
543
544
547
549
549
549
551
553
555
557
558
558
559
559
559
560
561
562
563
563
567
567
571
571
572
573
574
574
575
576
576
577
577
577
578
578
579
579
579
580
580
580
580
580
580
580
581
582
582
583
584
584
584
585
585
587
593
596
597
598
601
603
605
609
611
611
617
617
617
620
622
623
623
625
626
626
627
629
630
631
631
632
632
632
638
639
639
640
640
641
641
642
644
645
646
646
647
647
648
649
651
652
652
657
657
658
658
659
660
661
662
662
662
663
663
663
664
664
664
664
664
665
665
666
666
668
671
672
672
674
675
676
676
678
678
679
682
683
684
686
686
689
690
693
693
694
695
695
697
698
702
709
710
710
711
711
711
711
713
714
716
716
717
717
719
719
720
720
721
721
721
721
723
723
723
724
724
725
725
726
728
731
732
732
733
734
735
736
736
737
738
739
740
740
741
743
743
744
744
745
745
747
747
747
748
748
748
749
750
751
752
755
759
760
760
760
761
761
763
764
764
765
767
768
768
769
771
771
772
773
776
777
778
779
783
785
786
786
788
791
792
793
793
795
796
801
802
804
808
814
814
816
817
820
820
820
823
823
823
826
826
827
827
828
828
829
830
832
834
834
834
835
835
836
837
840
844
847
848
848
849
849
849
850
850
851
852
852
852
857
857
858
861
862
862
865
868
868
870
873
873
874
874
875
876
877
877
877
877
877
878
879
879
881
882
882
887
888
889
889
890
890
892
895
895
895
896
897
898
900
901
901
905
906
907
909
910
912
913
920
927
927
929
929
929
933
933
933
933
933
933
934
935
936
936
939
940
941
942
944
944
946
948
948
948
949
950
951
953
954
954
954
954
955
956
956
957
957
958
958
959
959
960
962
962
965
965
965
967
967
967
967
968
968
968
968
970
971
972
972
972
974
975
975
975
975
976
977
979
979
979
980
980
980
981
982
983
984
985
985
986
988
988
989
990
992
995
995
996
997
998
1003
1006
1006
1009
1011
1012
1013
1013
1013
1015
1015
1017
1018
1022
1024
1024
1026
1028
1031
1031
1032
1033
1034
1034
1035
1037
1037
1038
1039
1039
1041
1042
1042
1043
1044
1044
1044
1044
1045
1047
1047
1048
1049
1049
1051
1051
1055
1055
1055
1060
1061
1063
1064
1064
1065
1068
1070
1070
1071
1072
1073
1075
1076
1076
1076
1080
1081
1081
1083
1084
1084
1088
1090
1090
1090
1090
1091
1091
1091
1096
1097
1099
1100
1101
1101
1102
1102
1103
1103
1104
1104
1105
1106
1107
1107
1107
1108
1108
1108
1110
1112
1112
1113
1114
1115
1115
1117
1118
1119
1120
1122
1124
1127
1129
1129
1133
1135
1138
1139
1142
1143
1145
1147
1147
1149
1149
1150
1152
1153
1153
1153
1155
1155
1156
1157
1159
1161
1162
1164
1165
1167
1168
1171
1171
1172
1174
1179
1180
1183
1184
1185
1187
1187
1188
1190
1194
1197
1199
1202
1203
1205
1206
1206
1206
1207
1208
1209
1209
1211
1212
1214
1214
1214
1218
1218
1221
1221
1222
1222
1224
1224
1224
1226
1226
1226
1226
1227
1227
1228
1228
1229
1230
1230
1230
1231
1231
1233
1234
1234
1234
1235
1235
1236
1236
1236
1237
1237
1239
1240
1240
1241
1241
1241
1244
1244
1245
1245
1245
1246
1247
1248
1251
1251
1252
1253
1254
1255
1255
1256
1256
1257
1258
1258
1258
1259
1261
1262
1263
1263
1264
1264
1264
1264
1266
1267
1270
1270
1271
1271
1271
1272
1272
1273
1274
1274
1274
1275
1276
1276
1280
1281
1281
1282
1283
1284
1285
1288
1288
1288
1289
1289
1290
1290
1290
1292
1293
1293
1293
1293
1294
1295
1296
1296
1297
1298
1298
1299
1299
1300
1301
1301
1302
1302
1302
1303
1304
1305
1305
1306
1306
1307
1307
1308
1308
1308
1308
1308
1308
1308
1309
1309
1310
1311
1311
1312
1314
1315
1318
1318
1318
1320
1321
1321
1323
1327
1328
1328
1328
1328
1328
1328
1329
1329
1329
1329
1329
1329
1329
1329
1329
1330
1330
1331
1331
1333
1333
1333
1334
1334
1334
1334
1335
1336
1338
1339
1339
1340
1345
1345
1345
1346
1346
1346
1347
1349
1349
1349
1349
1350
1351
1351
1351
1351
1355
1356
1357
1358
1358
1358
1359
1359
1359
1359
1360
1361
1366
1368
1371
1374
1375
1375
1376
1376
1377
1380
1392
1404
1404
1404
1405
1410
1410
1410
1410
1411
1411
