0
0
2
2
3
3
3
3
4
4
6
6
7
7
8
8
8
9
10
11
12
12
13
13
13
13
13
14
14
14
15
15
15
15
15
16
17
17
17
17
18
18
19
19
20
20
20
20
20
20
20
20
21
21
21
21
21
21
21
21
21
21
21
21
21
21
21
22
22
22
22
22
22
22
22
22
23
23
23
23
23
24
24
24
24
24
24
24
24
24
24
24
24
25
25
25
25
25
25
25
25
25
25
25
25
25
25
25
25
25
25
26
26
26
26
26
26
26
26
26
27
27
27
27
27
27
27
28
28
28
28
29
29
29
29
29
29
29
29
29
30
30
30
30
30
30
30
30
30
30
30
30
30
30
30
30
30
30
30
31
31
31
31
31
31
31
31
31
31
31
32
32
32
32
32
33
33
33
33
33
34
35
35
35
35
36
36
36
36
36
37
37
37
37
38
38
38
38
38
39
39
39
39
39
40
40
40
40
41
41
41
42
42
43
43
43
43
43
43
44
44
44
44
44
45
45
45
45
45
45
46
46
46
48
48
49
49
49
49
49
50
50
50
52
52
52
53
53
53
53
54
54
55
55
56
56
57
57
58
58
59
59
59
60
60
60
60
61
61
61
61
61
61
61
61
61
62
62
62
62
62
62
62
62
62
62
62
63
63
63
64
64
64
64
64
64
64
65
65
66
66
66
67
68
68
68
68
68
69
69
69
69
69
69
70
70
70
70
71
71
71
71
71
72
73
73
73
73
74
74
74
75
75
75
76
76
77
77
77
78
79
79
79
79
79
79
79
79
79
80
80
80
80
80
80
81
81
82
82
82
82
83
83
83
84
84
84
85
85
85
86
88
88
89
90
90
90
91
91
91
91
91
92
92
92
92
92
92
93
93
93
94
95
95
95
96
96
97
98
98
98
98
99
99
99
99
100
100
100
100
101
101
103
103
103
103
103
103
103
103
104
104
104
104
104
104
104
104
104
104
104
104
104
104
104
104
104
104
104
104
104
105
106
106
107
107
107
107
108
108
108
108
108
108
108
109
109
109
109
110
111
111
111
111
111
111
112
112
112
112
112
112
113
113
113
113
113
113
113
113
113
113
113
114
114
114
114
114
114
115
115
116
116
117
118
118
119
119
119
119
120
120
120
121
121
121
121
121
122
122
122
122
123
124
124
125
125
125
125
126
126
126
126
126
126
127
127
127
127
127
127
127
127
127
127
128
128
128
129
130
130
131
132
132
133
133
134
134
134
134
134
134
134
134
135
135
136
136
136
137
138
138
138
139
140
140
140
140
140
141
141
141
141
141
141
141
142
142
142
142
142
142
142
143
143
144
144
144
144
144
144
145
145
146
146
146
146
146
147
147
147
147
147
148
148
148
148
148
148
148
149
149
150
151
151
151
151
152
152
152
152
152
153
155
155
156
156
156
157
157
157
157
158
158
158
159
159
159
159
160
160
160
161
161
161
161
161
162
162
162
162
162
163
163
163
163
163
163
164
164
164
164
164
164
164
164
164
164
164
164
165
165
165
165
165
165
165
165
166
166
166
166
167
167
167
168
168
168
169
169
169
170
171
172
172
172
172
172
172
172
172
172
172
172
172
172
172
172
172
173
173
173
173
173
173
173
173
173
173
173
174
174
174
174
174
174
174
175
175
175
177
178
179
179
179
179
180
180
180
180
181
181
181
181
182
182
182
182
182
183
183
183
184
185
186
186
186
186
186
187
187
187
188
188
188
188
189
190
190
190
192
192
192
193
194
194
194
195
195
195
195
197
198
198
199
199
199
199
200
200
200
201
201
202
203
203
204
204
204
204
205
205
205
205
205
205
206
206
206
206
206
207
207
207
208
208
208
209
209
209
209
210
210
210
210
210
211
211
211
211
212
212
212
213
214
215
215
215
216
216
216
216
216
217
218
218
218
218
219
219
219
219
219
219
219
219
220
220
220
220
220
221
222
223
224
224
224
224
225
225
225
225
225
225
225
225
225
225
225
225
225
225
226
226
226
226
226
226
226
226
227
227
227
228
228
229
229
230
230
230
230
230
230
230
230
230
230
230
231
231
231
232
232
233
233
233
233
233
234
235
235
237
237
239
239
241
242
242
242
243
243
243
247
247
247
248
249
249
249
250
250
250
251
251
251
251
251
252
252
254
256
256
257
257
258
260
261
261
263
263
264
265
265
265
266
266
266
267
267
267
268
268
268
269
270
270
270
270
271
271
272
273
274
274
275
275
276
276
277
277
278
279
279
280
281
281
281
283
284
284
285
286
286
287
287
288
288
288
289
289
290
290
290
291
292
293
295
295
295
295
296
296
296
297
298
300
301
301
302
302
303
303
303
304
304
304
305
305
306
306
307
307
307
307
307
308
308
309
309
309
310
310
310
311
311
311
311
312
315
315
315
316
317
317
318
319
320
322
324
325
326
326
326
326
327
328
329
331
332
333
334
336
337
340
341
341
343
343
344
346
347
348
350
350
350
350
351
351
352
352
352
352
353
353
353
353
357
358
359
359
360
361
362
362
363
364
364
364
366
366
366
366
366
367
367
368
368
369
370
370
370
370
371
372
373
377
380
381
387
389
389
390
390
391
392
393
393
394
395
395
397
397
397
398
398
398
399
399
399
399
400
400
400
401
402
402
403
403
403
408
409
410
411
411
412
412
414
416
422
428
434
434
435
435
436
438
438
439
439
440
440
441
441
441
441
441
442
442
442
443
446
447
448
451
456
457
458
460
462
462
465
465
466
469
470
471
472
472
473
475
480
480
480
480
483
484
486
487
490
492
493
495
499
502
503
503
504
508
510
510
511
517
518
519
523
523
524
530
533
533
533
537
538
538
545
550
550
553
555
557
557
557
558
559
562
563
564
566
566
567
567
568
569
569
570
571
571
571
576
577
578
578
579
580
584
586
588
590
594
595
596
596
596
604
605
608
609
616
616
616
624
626
626
628
628
628
628
628
631
632
632
632
632
632
633
633
633
633
633
633
633
633
633
633
633
633
633
634
634
634
635
635
636
636
638
639
640
640
642
642
642
644
645
649
649
651
652
653
658
663
664
665
665
667
669
670
671
675
686
691
693
697
701
703
704
705
705
706
708
708
709
710
710
710
711
711
713
714
716
717
719
722
724
724
724
727
727
729
730
731
731
731
734
734
734
735
738
739
739
740
740
741
743
744
744
746
747
747
747
748
748
748
749
749
751
751
755
756
756
757
757
757
757
757
758
758
758
759
759
761
761
762
763
764
767
768
770
771
772
773
773
773
775
776
778
784
784
785
787
787
803
804
804
804
805
811
811
813
813
814
814
814
814
815
815
815
815
817
817
819
820
820
827
827
829
830
830
830
831
832
833
840
841
842
843
848
848
849
853
853
853
855
855
857
857
864
865
865
866
867
867
868
869
869
871
878
883
884
886
889
889
890
892
893
893
893
893
895
895
895
898
898
898
899
900
900
904
906
906
907
911
914
915
915
919
923
928
934
935
938
941
941
943
951
952
957
957
958
959
959
964
965
966
967
967
969
971
982
983
984
984
985
985
986
986
990
992
992
994
997
997
1000
1002
1003
1005
1005
1006
1010
1011
1011
1013
1014
1015
1016
1016
1016
1017
1017
1019
1020
1021
1021
1021
1022
1022
1023
1025
1025
1025
1025
1025
1025
1025
1026
1027
1027
1027
1028
1028
1029
1030
1030
1030
1030
1031
1031
1031
1033
1034
1035
1036
1036
1038
1038
1038
1038
1039
1040
1042
1044
1046
1046
1048
1049
1051
1052
1054
1058
1059
1059
1061
1061
1062
1062
1062
1063
1063
1065
1066
1067
1067
1067
1068
1068
1072
1072
1075
1076
1077
1077
1077
1080
1080
1083
1083
1084
1085
1085
1086
1088
1093
1093
1094
1096
1098
1098
1098
1101
1102
1102
1103
1103
1104
1106
1107
1107
1108
1109
1109
1110
1111
1113
1114
1114
1115
1115
1116
1116
1118
1118
1118
1119
1120
1121
1127
1127
1128
1128
1128
1128
1128
1128
1128
1129
1129
1129
1129
1129
1129
1129
1129
1129
1130
1138
1139
1139
1140
1147
1147
1148
1149
1152
1155
1156
1156
1157
1158
1158
1162
1162
1165
1174
1175
1176
1176
1177
1181
1183
1184
1184
1185
1186
1187
1189
1190
1193
1200
1201
1202
1202
1204
1205
1205
1205
1206
1209
1211
1218
1219
1220
1221
1222
1222
1228
1230
1230
1231
1231
1233
1233
1235
1235
1236
1237
1237
1238
1239
1240
1240
1242
1243
1244
1247
1247
1247
1247
1248
1248
1253
1253
1255
1256
1256
1260
1261
1261
1262
1262
1264
1266
1266
1266
1267
1267
1268
1269
1269
1269
1270
1271
1273
1273
1274
1275
1276
1277
1277
1279
1279
1280
1280
1281
1281
1284
1292
1295
1295
1295
1295
1297
1302
1302
1306
1307
1308
1309
1311
1311
1314
1315
1316
1317
1317
1319
1319
1319
1319
1320
1321
1322
1322
1324
1325
1325
1326
1331
1331
1335
1336
1337
1337
1337
1337
1340
1342
1342
1344
1345
1346
1348
1349
1350
1351
1351
1351
1352
1352
1352
1353
1354
1355
1355
1356
1357
1360
1362
1362
1363
1366
1367
1368
1370
1371
1371
1372
1373
1373
1374
1375
1376
1376
1376
1377
1379
1380
1380
1381
1381
1382
1382
1383
1383
1383
1384
1386
1391
1392
1395
1396
1397
1399
1402
1402
1411
1413
1413
1414
1418
1418
1421
1425
1429
1430
1430
1431
1431
1432
1432
1432
1432
1433
1437
1437
1438
1439
1441
1441
1441
1442
1442
1442
1443
1446
1449
1450
1452
1465
1468
1468
1470
1471
1471
1471
1472
1472
1472
1472
1472
1482
1483
1485
1488
1490
1495
1496
1497
1498
1498
1498
1498
1501
1501
1502
1502
1502
1503
1503
1504
1504
1505
1506
1506
1507
1508
1514
1515
1515
1515
1515
1516
1517
1517
1518
1520
1521
1522
1522
1523
1523
1524
1525
1525
1525
1525
1525
1529
1531
1531
1532
1532
1533
1533
1534
1534
1534
1535
1536
1538
1540
1541
1543
1547
1548
1549
1549
1549
1550
1550
1553
1555
1564
1564
1564
1566
1567
1568
1568
1568
1570
1570
1573
1580
1584
1584
1585
1585
1586
1586
1586
1586
1587
1587
1587
1587
1588
1589
1589
1590
1591
1594
1594
1594
1594
1595
1596
1596
1596
1596
1596
1596
1599
1600
1602
1602
1603
1603
1605
1605
1606
1606
1607
1607
1608
1609
1610
1613
1614
1615
1616
1618
1618
1619
1619
1619
1620
1620
1621
1621
1622
1623
1624
1627
1633
1638
1642
1647
1649
1651
1651
1652
1653
1655
1655
1657
1658
1658
1665
1666
1666
1667
1671
1672
1674
1683
1683
1684
1686
1692
1694
1698
1698
1700
1700
1702
1704
1705
1707
1707
1711
1712
1714
1714
1714
1715
1716
1716
1716
1717
1717
1718
1719
1720
1729
1734
1736
1737
1745
1748
1750
1750
1751
1751
1752
1753
1753
1757
1757
1758
1758
1758
1758
1759
1760
1761
1762
1762
1762
1763
1763
1763
1763
1764
1764
1764
1765
1765
1765
1766
1767
1769
1769
1771
1779
1780
1780
1788
1788
1788
1788
1789
1790
1790
1792
1792
1793
1795
1797
1801
1801
1802
1805
1806
1808
1808
1808
1810
1811
1811
1812
1814
1814
1815
1820
1821
1825
1825
1830
1830
1845
1846
1847
1848
1848
1850
1851
1851
1852
1855
1855
1859
1861
1863
1866
1866
1868
1868
1869
1869
1870
1870
1877
1877
1878
1880
1881
1884
1885
1887
1888
1888
1889
1889
1889
1890
1892
1892
1895
1895
1896
1898
1900
1904
1905
1905
1907
1907
1908
1909
1910
1910
1912
1913
1913
1914
1914
1914
1915
1915
1917
1918
1923
1924
1924
1925
1926
1928
1928
1928
1930
1930
1930
1931
1936
1936
1937
1939
1939
1940
1941
1943
1944
1950
1951
1955
1956
1958
1963
1964
1966
1967
1968
1973
1982
1982
1984
1984
1984
1998
1999
2001
2006
2007
2011
2013
2024
2026
2032
2032
