2
2
2
3
3
4
4
4
5
5
6
7
7
7
7
8
8
8
9
11
11
11
11
12
12
12
13
13
13
13
13
14
15
15
15
15
16
17
17
18
18
19
19
19
19
20
20
20
20
20
20
20
21
21
21
21
21
21
21
21
21
21
21
21
21
21
21
21
21
21
22
22
22
22
22
22
23
23
23
23
24
24
24
24
24
24
24
24
25
25
25
25
25
25
25
25
25
26
26
26
26
26
26
26
26
26
26
27
27
28
29
29
29
29
29
30
30
30
31
31
31
31
31
32
32
32
32
32
32
32
32
32
32
32
32
32
32
32
32
32
33
33
33
33
33
33
33
33
33
33
33
33
33
33
33
33
34
34
34
34
35
36
36
36
36
36
37
37
37
38
38
38
39
40
41
41
41
41
42
42
42
42
43
43
43
43
44
45
45
46
46
46
47
47
47
48
48
49
49
49
49
49
50
50
50
50
50
51
51
51
51
52
52
53
53
53
53
54
54
54
55
56
56
56
56
57
57
58
58
58
58
58
58
58
58
59
59
59
59
60
60
60
60
60
61
61
62
62
62
62
62
63
63
63
64
64
64
64
65
65
65
66
66
66
66
66
67
68
68
69
69
69
71
71
72
72
72
73
73
73
73
73
73
74
74
74
74
74
74
75
75
76
76
76
77
77
77
77
78
78
78
79
79
79
79
80
81
81
81
82
82
82
82
82
83
83
83
83
83
83
84
84
84
84
85
85
86
86
86
86
86
86
87
87
87
88
88
88
88
88
88
88
88
88
88
89
90
90
90
91
91
91
91
92
92
92
92
92
92
92
92
93
93
93
93
93
93
93
93
93
93
93
93
94
94
94
94
94
94
94
94
94
94
95
95
95
95
96
96
97
97
97
97
97
97
98
98
98
98
98
98
98
99
99
99
99
99
99
100
100
100
100
100
100
100
100
100
100
100
100
100
100
101
101
101
101
101
101
102
103
103
103
103
104
104
104
104
105
105
105
105
106
106
106
106
106
106
106
106
106
106
107
107
107
107
107
107
108
108
108
109
109
109
109
109
110
110
110
110
110
110
110
111
112
112
112
112
112
112
113
113
113
113
113
113
114
114
114
114
115
116
116
116
116
116
116
117
117
117
117
117
117
117
117
118
118
118
118
118
118
119
119
119
119
119
119
119
119
119
119
119
119
120
120
120
121
121
121
122
122
122
122
122
123
123
123
123
124
124
124
124
125
125
125
126
126
126
126
127
127
127
127
128
128
128
129
129
129
130
130
130
130
130
130
131
131
131
131
131
131
131
131
132
132
132
132
132
133
133
133
133
133
133
133
134
134
134
134
134
134
135
135
135
135
135
135
136
136
136
136
136
137
137
137
137
137
138
138
138
138
138
139
139
139
141
141
141
142
142
143
144
144
144
144
145
145
145
145
145
146
146
146
146
147
147
147
147
147
148
148
149
149
149
149
149
149
149
149
149
150
150
150
150
151
151
152
153
153
154
154
154
154
156
156
157
157
158
158
158
158
158
158
158
158
158
158
159
159
159
159
159
160
160
160
160
160
160
160
160
160
161
161
161
163
163
163
163
163
163
164
164
164
165
166
166
166
166
166
166
167
168
168
168
168
169
169
169
169
169
169
169
169
169
170
170
170
170
170
170
170
170
170
170
170
171
171
171
171
171
171
171
171
171
171
171
171
171
172
172
172
172
172
172
172
172
172
173
173
173
173
173
173
174
174
174
174
174
175
175
176
176
176
176
176
177
177
177
177
177
177
178
178
178
179
180
180
180
180
181
182
182
182
182
182
183
183
183
183
184
184
184
184
184
186
186
186
187
187
187
188
189
189
189
189
189
190
190
190
190
190
191
191
191
191
192
192
192
192
192
193
193
193
193
193
193
193
193
194
194
194
194
194
194
194
195
195
196
196
197
197
198
198
199
199
200
200
202
202
202
202
202
203
203
203
203
204
204
204
204
204
204
204
204
205
205
205
205
205
205
205
206
206
206
206
207
207
207
208
208
208
208
209
209
209
209
209
210
210
210
210
211
211
211
212
212
212
212
213
213
213
214
214
214
214
214
214
214
215
215
215
215
216
216
216
217
217
217
217
218
219
220
220
220
221
221
221
222
222
223
223
225
225
226
226
227
227
228
228
228
229
229
229
229
229
229
231
232
232
234
235
235
235
236
236
236
236
237
237
237
238
238
238
240
241
242
243
244
244
245
245
245
245
245
245
246
246
246
246
246
247
247
248
248
249
250
250
251
251
251
251
252
252
252
253
253
253
254
254
254
254
254
255
255
255
256
256
256
256
256
256
256
257
257
257
257
257
258
258
259
259
260
260
260
261
261
261
261
261
261
261
262
262
262
262
262
262
263
263
263
263
264
264
264
264
264
265
265
265
265
265
270
270
271
272
272
272
272
272
272
272
272
272
273
273
274
274
275
276
276
276
276
277
277
278
278
280
280
281
283
284
287
287
288
288
289
290
290
290
290
290
290
292
293
295
295
295
297
298
299
299
300
300
300
300
301
302
303
304
304
304
308
309
309
312
313
314
314
315
315
315
316
317
317
317
317
317
317
318
318
318
318
319
319
320
320
323
323
323
324
324
324
325
325
325
326
327
327
329
332
332
333
334
334
334
335
336
336
340
340
341
341
342
343
344
344
345
345
347
349
350
353
357
358
359
360
367
368
369
370
370
371
371
372
373
374
376
379
381
381
383
384
386
387
387
387
388
391
397
399
400
401
401
404
408
408
410
412
412
415
417
417
417
417
418
418
420
421
421
422
427
427
427
428
431
431
432
432
433
434
435
436
437
437
452
453
453
453
455
455
457
458
459
459
459
462
462
464
464
467
468
470
472
477
484
485
486
486
487
487
487
487
487
488
489
492
493
495
497
497
497
498
499
502
508
508
510
511
514
521
524
524
525
525
525
525
525
525
525
526
526
526
526
526
526
526
527
527
527
528
528
528
552
556
558
558
566
568
568
568
568
568
569
569
569
569
569
570
570
570
570
570
570
571
571
571
571
571
571
571
571
572
572
572
573
574
575
575
575
576
576
576
576
577
577
577
577
577
579
580
581
582
582
586
587
587
587
589
594
595
597
602
602
603
603
603
603
603
603
604
604
604
604
605
610
612
612
613
614
615
618
618
618
618
618
619
619
619
623
623
623
625
625
627
631
632
632
632
632
633
633
633
633
633
633
633
634
634
634
634
634
634
635
635
635
635
635
636
636
640
640
642
642
643
643
646
647
648
648
650
651
653
658
663
665
665
666
669
669
670
671
672
672
673
674
678
678
679
679
680
681
681
683
683
683
684
686
687
690
691
692
693
694
694
694
694
694
695
696
698
698
699
699
699
699
700
700
701
701
702
702
702
703
704
709
711
712
712
713
714
716
718
719
720
720
720
720
723
724
725
726
727
728
728
728
728
729
730
734
734
734
736
738
740
740
741
741
741
741
741
741
745
746
747
747
747
747
747
748
748
748
750
751
753
754
755
755
755
755
756
756
756
757
758
758
761
761
763
763
764
764
764
765
766
766
766
767
771
772
773
774
776
776
776
777
780
781
782
785
785
786
786
786
787
787
787
787
789
791
792
794
795
795
796
796
796
796
796
796
797
797
797
798
799
801
802
806
806
809
809
809
810
810
812
812
814
818
820
820
820
820
822
822
822
823
824
825
826
827
832
833
833
835
835
835
836
837
837
837
837
837
838
840
840
843
845
845
846
848
849
849
851
855
856
859
859
859
859
861
864
864
865
865
866
867
869
872
873
874
876
876
876
876
876
876
876
878
878
879
880
882
882
883
885
885
887
887
887
889
889
889
890
890
891
897
900
901
903
910
910
912
914
918
920
920
932
933
934
934
938
938
938
939
940
943
944
945
949
949
950
950
951
951
951
951
953
953
955
958
960
967
972
972
973
973
974
975
975
975
977
977
979
980
981
982
982
983
983
983
983
983
985
986
988
988
988
990
996
996
998
1000
1000
1000
1004
1005
1005
1005
1006
1006
1007
1007
1009
1012
1013
1014
1015
1016
1016
1022
1023
1025
1027
1027
1028
1029
1030
1030
1030
1031
1032
1034
1034
1038
1043
1045
1046
1048
1048
1051
1052
1053
1054
1054
1056
1057
1057
1059
1061
1062
1062
1065
1067
1067
1068
1068
1070
1073
1075
1075
1077
1080
1083
1083
1083
1083
1085
1086
1086
1086
1087
1088
1089
1089
1092
1092
1093
1094
1095
1095
1095
1096
1096
1097
1098
1098
1099
1101
1102
1103
1103
1103
1104
1104
1106
1108
1108
1110
1110
1110
1113
1114
1115
1115
1116
1117
1118
1119
1121
1121
1121
1121
1122
1123
1129
1133
1134
1134
1136
1137
1138
1139
1140
1141
1142
1142
1143
1145
1145
1148
1152
1153
1153
1153
1154
1154
1154
1155
1155
1158
1158
1159
1160
1162
1164
1164
1168
1171
1171
1173
1173
1173
1174
1176
1177
1179
1181
1182
1182
1183
1184
1184
1185
1185
1186
1187
1189
1191
1191
1191
1195
1196
1196
1196
1196
1197
1199
1200
1200
1201
1202
1203
1203
1204
1204
1204
1206
1209
1213
1216
1216
1218
1218
1219
1219
1219
1222
1222
1224
1224
1225
1225
1226
1227
1228
1228
1228
1229
1229
1231
1231
1231
1232
1233
1235
1236
1236
1236
1236
1236
1237
1239
1239
1241
1241
1242
1243
1243
1246
1247
1248
1248
1249
1249
1249
1250
1254
1254
1255
1256
1257
1261
1262
1265
1266
1266
1267
1268
1269
1269
1270
1270
1270
1270
1270
1271
1271
1271
1272
1272
1272
1273
1273
1273
1275
1275
1277
1277
1277
1277
1279
1279
1280
1280
1281
1281
1282
1283
1283
1283
1284
1285
1285
1286
1286
1286
1287
1287
1288
1288
1289
1290
1292
1292
1292
1292
1293
1294
1295
1295
1296
1297
1298
1298
1301
1301
1302
1302
1303
1303
1303
1303
1304
1306
1306
1307
1309
1309
1310
1310
1311
1311
1311
1311
1312
1312
1313
1314
1314
1315
1315
1315
1315
1315
1316
1316
1316
1316
1317
1317
1317
1317
1317
1318
1318
1318
1318
1319
1319
1319
1319
1319
1319
1320
1320
1320
1321
1321
1321
1322
1324
1326
1327
1329
1333
1336
1337
1338
1339
1339
1340
1340
1340
1341
1341
1342
1342
1344
1344
1344
1345
1346
1350
1351
1351
1352
1353
1353
1354
1355
1355
1358
1358
1358
1359
1359
1360
1360
1360
1364
1364
1364
1365
1365
1365
1366
1367
1368
1368
1368
1369
1369
1371
1371
1371
1372
1373
1373
1373
1373
1374
1374
1375
1377
1378
1378
1378
1380
1381
1381
1381
1381
1382
1383
1383
1383
1383
1384
1385
1386
1387
1387
1387
1389
1389
1391
1392
1392
1393
1394
1395
1396
1396
1397
1398
1399
1402
1403
1404
1406
1406
1406
1407
1408
1408
1408
1409
1409
1410
1412
1415
1415
1416
1418
1418
1422
1426
1470
1473
1476
1476
1490
1493
1496
1501
1504
1507
1508
1509
1531
1532
1534
1537
1539
1540
1540
1540
1544
1550
1550
1552
1553
1557
1561
1561
1562
1562
1563
1564
1566
1568
1570
1570
1572
1573
1573
1574
1575
1576
1577
1578
1579
1579
1580
1581
1581
1582
1585
1587
1588
1588
1588
1589
1589
1589
1590
1593
1593
1594
1594
1595
1595
1595
1595
1596
1596
1597
1598
1598
1599
1600
1601
1602
1602
1604
1605
1606
1606
1606
1607
1607
1607
1609
1611
1611
1612
1612
1613
1614
1614
1614
1616
1619
1620
1622
1623
1623
1623
1624
1624
1624
1624
1626
1626
1628
1629
1630
1631
1631
1633
1635
1637
1639
1639
1640
1640
1642
1643
1643
1643
1644
1646
