2
2
3
3
3
3
6
7
8
8
9
10
11
12
12
12
14
14
15
15
15
15
17
18
19
19
19
21
22
22
22
22
22
23
23
23
24
24
24
27
27
27
28
30
30
30
30
30
30
30
31
31
31
31
31
31
31
31
31
32
32
32
32
32
32
32
32
32
32
32
32
32
32
32
32
32
32
32
32
32
32
32
33
33
33
33
33
33
33
33
33
33
33
34
34
34
34
34
34
34
34
34
34
34
35
35
35
35
36
36
36
37
37
37
37
37
37
37
38
38
38
38
38
38
38
38
38
39
39
39
39
39
39
40
40
40
40
40
40
40
41
41
41
41
41
41
41
41
41
42
42
42
42
42
42
43
43
43
43
43
43
44
44
44
45
45
45
45
46
46
46
48
48
48
48
48
48
48
49
49
49
49
49
50
50
50
50
51
51
51
52
52
52
52
52
53
53
54
54
54
54
55
55
55
57
57
57
57
57
58
58
59
59
59
61
61
61
61
61
63
64
65
65
66
66
66
67
67
67
67
67
67
68
68
68
68
68
69
69
69
69
70
70
71
72
72
72
72
73
73
74
75
77
77
77
77
77
78
78
78
79
79
79
79
79
80
80
80
80
82
82
82
83
83
84
84
84
85
85
86
86
87
87
87
87
88
88
88
88
89
89
89
89
90
90
91
91
91
91
91
92
92
92
92
92
92
92
92
92
92
93
93
93
93
93
93
93
93
93
93
93
93
93
94
94
94
94
94
94
95
95
95
96
96
97
97
97
97
98
98
98
98
99
100
100
101
101
101
102
103
103
104
104
104
104
105
106
106
106
109
109
109
111
113
113
114
116
116
117
118
119
119
119
120
120
120
120
121
121
121
122
123
124
124
124
125
125
126
126
126
126
128
128
128
128
128
129
129
129
131
131
131
132
132
132
132
132
133
133
133
133
133
133
133
133
133
134
134
134
134
134
134
134
134
135
135
135
135
135
136
136
136
139
139
139
139
140
140
140
141
141
142
142
142
143
143
143
143
143
145
146
147
147
148
148
150
150
151
151
151
151
152
152
152
152
153
153
153
154
154
155
155
155
156
156
156
156
156
156
156
156
157
157
157
157
157
157
158
158
158
158
159
159
159
160
160
160
161
161
161
162
163
164
164
164
165
165
166
166
166
167
167
167
167
167
167
168
168
169
169
169
169
169
170
170
170
170
170
170
170
170
170
170
170
171
171
171
172
172
174
174
175
175
176
177
177
177
177
177
177
177
177
178
178
178
178
179
180
181
181
181
182
182
182
183
183
183
183
183
184
184
184
184
184
185
185
186
186
186
186
187
188
188
191
191
191
191
192
192
192
192
192
192
192
192
193
193
193
194
194
194
195
195
198
198
198
198
198
198
198
198
199
199
199
199
199
199
199
199
199
199
200
200
200
200
201
203
203
204
205
205
205
207
208
208
209
209
209
210
210
211
211
211
211
212
212
213
213
214
214
214
214
215
216
216
216
217
218
218
222
223
223
223
224
226
227
228
229
229
229
231
232
232
233
233
234
234
234
235
236
236
236
237
237
238
238
239
239
239
239
240
240
240
241
241
242
243
243
244
244
245
247
251
251
252
254
255
255
255
255
255
256
256
257
258
258
259
260
261
262
262
263
264
264
264
265
268
273
278
281
284
285
290
292
292
292
293
293
294
295
296
296
297
299
299
299
300
300
301
301
301
302
302
302
303
305
305
305
308
313
314
314
314
315
315
315
316
317
321
324
326
326
330
337
340
340
343
344
345
349
349
351
356
356
359
363
364
365
368
370
370
371
371
373
373
374
375
378
387
387
388
388
388
389
390
393
394
395
397
398
398
399
399
403
405
406
407
418
422
425
435
435
436
436
436
436
436
436
445
446
446
447
447
447
447
448
448
449
449
450
451
452
452
453
453
458
462
463
470
479
492
495
524
561
562
562
572
574
575
575
581
581
584
585
590
591
591
594
596
596
617
630
636
645
647
654
667
667
667
668
668
668
668
668
669
670
673
674
675
685
695
697
709
713
714
721
730
733
742
742
743
743
743
743
745
745
748
753
764
769
769
770
771
775
778
786
792
792
792
792
792
796
801
802
810
810
810
811
811
819
823
824
828
850
851
858
860
864
864
864
865
865
865
866
866
876
877
878
879
882
884
888
889
892
897
899
900
901
901
902
906
906
914
917
917
918
919
920
921
928
940
940
941
941
941
943
944
944
952
953
954
956
958
964
964
964
964
964
965
966
972
979
985
985
985
985
985
991
991
992
992
992
993
994
996
996
996
997
998
1003
1003
1005
1007
1008
1022
1022
1022
1023
1025
1025
1026
1027
1028
1028
1028
1030
1031
1032
1034
1034
1035
1038
1039
1045
1046
1046
1047
1048
1049
1050
1051
1052
1053
1054
1055
1056
1059
1059
1060
1061
1065
1065
1066
1067
1069
1070
1072
1074
1083
1084
1085
1090
1090
1090
1090
1090
1090
1090
1090
1090
1090
1091
1091
1091
1091
1092
1093
1094
1094
1095
1096
1098
1098
1098
1100
1101
1102
1103
1103
1104
1105
1105
1109
1109
1111
1112
1113
1114
1116
1116
1124
1147
1149
1149
1150
1150
1151
1157
1162
1167
1167
1168
1168
1168
1170
1172
1174
1175
1183
1183
1184
1188
1190
1195
1195
1198
1198
1200
1200
1201
1202
1203
1206
1207
1213
1217
1217
1217
1217
1217
1217
1217
1217
1218
1218
1218
1218
1218
1218
1218
1219
1219
1219
1224
1225
1225
1225
1226
1226
1227
1227
1227
1227
1227
1227
1227
1228
1231
1240
1247
1248
1256
1256
1257
1257
1257
1257
1257
1257
1258
1258
1258
1258
1258
1258
1258
1258
1258
1259
1266
1266
1267
1267
1271
1276
1280
1281
1282
1288
1295
1304
1308
1308
1309
1310
1311
1311
1311
1312
1313
1313
1313
1317
1317
1317
1318
1319
1322
1324
1324
1327
1327
1334
1341
1342
1342
1343
1343
1344
1348
1348
1349
1351
1351
1353
1354
1355
1356
1359
1360
1360
1361
1362
1363
1367
1367
1368
1368
1368
1368
1369
1370
1371
1372
1373
1374
1375
1375
1377
1381
1384
1385
1386
1386
1386
1386
1389
1389
1394
1396
1396
1396
1396
1397
1400
1402
1403
1404
1408
1409
1414
1415
1415
1415
1416
1417
1418
1419
1420
1420
1420
1421
1421
1422
1422
1423
1425
1425
1425
1426
1427
1427
1428
1428
1429
1430
1430
1431
1431
1431
1431
1431
1431
1432
1432
1433
1433
1434
1434
1435
1435
1436
1437
1437
1437
1438
1438
1439
1441
1442
1442
1442
1444
1444
1446
1446
1446
1447
1448
1448
1448
1449
1449
1451
1451
1453
1453
1453
1454
1455
1456
1456
1458
1458
1459
1460
1461
1461
1461
1462
1465
1466
1467
1467
1467
1467
1468
1468
1469
1469
1469
1469
1470
1480
1480
1505
1509
1512
1518
1518
1520
1522
1522
1525
1526
1527
1529
1530
1530
1532
1532
1533
1533
1535
1538
1539
1539
1539
1539
1540
1540
1540
1540
1540
1540
1540
1540
1541
1542
1542
1543
1544
1546
1546
1546
1546
1547
1547
1548
1548
1548
1548
1549
1549
1549
1549
1549
1550
1550
1551
1552
1553
1554
1554
1555
1556
1556
1556
1557
1557
1557
1560
1561
1562
1563
1563
1565
1566
1566
1566
1566
1567
1568
1568
1568
1568
1569
1569
1570
1570
1570
1570
1570
1571
1571
1572
1572
1572
1573
1573
1573
1574
1575
1575
1576
1576
1576
1576
1577
1577
1577
1578
1580
1581
1581
1582
1582
1582
1582
1583
1584
1589
1592
1593
1594
1594
1596
1596
1599
1599
1600
1601
1602
1602
1606
1607
1608
1608
1609
1609
1609
1610
1612
1612
1612
1613
1614
1614
1616
1616
1617
1619
1620
1620
1621
1621
1621
1621
1622
1625
1625
1626
1627
1627
1629
1629
1629
1631
1632
1632
1637
1640
1641
1643
1644
1645
1645
1647
1647
1647
1648
1650
1651
1655
1659
1660
1662
1662
1662
1662
1666
1669
1674
1680
1680
1682
1684
1684
1685
1688
1688
1689
1693
1694
1696
1696
1698
1698
1698
1700
1702
1707
1707
1712
1712
1712
1715
1716
1719
1720
1720
1720
1720
1721
1721
1722
1724
1726
1727
1727
1727
1727
1728
1728
1729
1729
1729
1730
1731
1736
1737
1737
1740
1743
1748
1749
1750
1751
1751
1751
1753
1754
1755
1755
1756
1756
1757
1758
1758
1762
1763
1764
1764
1766
1767
1769
1770
1771
1774
1777
1778
1787
1787
1787
1788
1789
1792
1800
1801
1803
1803
1817
1818
1818
1820
1824
1825
1826
1848
1852
1853
1857
1862
1867
1867
1873
1878
1885
1886
1886
1890
1896
1896
1898
1921
1922
1925
1934
1935
1936
1940
1954
1968
1968
1969
1971
1971
1973
1981
1983
1983
1984
1993
1993
2008
2009
2010
2016
2022
2023
2047
2047
2049
2051
2056
2068
2071
2088
2088
2099
2103
2107
2155
2157
2163
2164
2164
2168
2169
2169
2171
2172
2174
2176
2179
2179
2180
2181
2182
2182
2182
2182
2183
2184
2185
2186
2187
2187
2192
2196
2197
2200
2201
2201
2205
2206
2207
2213
2213
2213
2218
2218
2218
2219
2220
2220
2221
2224
2224
2224
2225
2226
2227
2228
2228
2230
2234
2234
2234
2234
2234
2236
2245
2247
2249
2250
2251
2251
2253
2257
2261
2267
2272
2278
2287
2289
2290
2291
2292
2292
2298
2298
2298
2299
2301
2307
2310
2316
2318
2319
2321
2323
2326
2341
2343
2346
2356
2361
2362
2368
2373
2377
2387
2387
2396
2401
2415
2415
2420
2426
2431
2437
2445
2449
2453
2459
2464
2467
2468
2470
2471
2471
2473
2475
2478
2479
2479
2480
2480
2482
2483
2485
2488
2492
2493
2494
2495
2497
2502
2503
2503
2503
2503
2504
2518
2520
2521
2522
2533
2534
2534
2535
2536
2536
2538
2539
2539
2541
2543
2544
2553
2559
2559
2570
2574
2579
2581
2583
2585
2606
2608
2611
2613
2626
2627
2627
2627
2632
2632
2633
2633
2633
2635
2643
2643
2648
2649
2653
2655
2658
2661
2662
2663
2666
2666
2666
2667
2667
2668
2668
2668
2676
2677
2678
2678
2678
2682
2682
2683
2684
2685
2685
2687
2688
2688
2690
2691
2691
2700
2701
2701
2705
2705
2708
2708
2710
2715
2722
2723
2723
2724
2728
2729
2730
2735
2738
2740
2741
2743
2745
2746
2747
2749
2751
2751
2753
2754
2754
2757
2758
2762
2764
2771
2771
2775
2776
2780
2793
2794
2797
2797
2798
2800
2806
2807
2807
2807
2807
2809
2812
2814
2819
2821
2822
2825
2826
2827
2830
2831
2835
2837
2837
2838
2840
2841
2841
2841
2841
2842
2842
2842
2842
2842
2843
2843
2844
2844
2844
2844
2844
2844
2845
2845
2845
2845
2845
2846
2846
2846
2851
2854
2854
2854
2857
2858
2860
2862
2863
2864
2865
2865
2866
2866
2869
2870
2871
2875
2876
2877
2879
2880
2880
2880
2884
2884
2885
2886
2889
2889
2892
2892
2892
2893
2896
2897
2898
2898
2900
2902
2902
2903
2903
2903
2904
2905
2905
2906
2907
2912
2914
2914
2914
2915
2915
2916
2916
2916
2917
2917
2918
2918
2918
2920
2921
2925
2934
2940
2964
2970
2979
2996
3001
3004
3004
3006
3007
3008
3009
3012
3014
3016
3018
3018
3018
3018
3020
3020
3020
3021
3021
3021
3021
3022
3024
3028
3029
3029
3029
3029
3032
3033
3034
3034
3034
3034
3034
3034
3034
3035
3035
3040
3044
3046
3048
3050
3058
3059
3059
3062
3062
3062
3065
3066
3068
3068
3070
3071
3072
3074
3074
3075
3075
3078
3078
3079
3079
3079
3080
3081
3081
3081
3082
3083
3083
3083
3085
3085
3086
3086
3087
3087
3088
3088
3088
3089
3090
3091
3091
3093
3093
3095
3095
3096
3096
3097
3097
3098
3101
3102
3103
3104
3110
3111
3113
3114
3118
3121
3121
3123
3125
3127
3127
3128
3130
3132
3134
3138
3139
3139
3146
3146
3147
3147
3149
3149
3149
3150
3152
3155
3156
3157
3157
3158
3159
3159
3160
3162
3163
3163
3163
3164
3166
3171
3173
3176
3179
3180
3181
3182
3182
3182
3182
3183
3185
3185
3186
3186
3187
3187
3188
3191
3191
3192
3193
3196
3197
3197
3197
3198
3199
3199
3203
3208
3210
3211
3212
3213
3213
3214
3214
3214
3216
3217
3217
3220
3221
3221
3222
3222
3224
3225
3226
3226
3226
3227
3228
3229
3230
3230
3230
3230
3231
3232
3237
3237
3237
3237
3238
3239
3241
3241
3241
3242
3242
3243
3243
3243
3244
3244
3244
3245
3246
3247
3249
3250
3254
3255
3255
3258
3258
3259
3260
3260
3261
3262
3262
3263
3265
3265
3265
3267
3267
3270
3271
3273
3273
3276
3281
3282
3282
3283
3284
3284
3286
3288
3288
3288
3289
3289
3289
3290
3293
3294
3296
3296
3296
3297
3299
