0
0
2
3
3
3
4
5
6
6
6
7
7
8
9
9
9
10
10
10
10
12
12
12
13
13
14
14
14
15
15
16
16
16
16
17
17
17
17
18
18
18
19
19
19
19
20
20
20
20
20
20
20
20
20
20
20
20
21
21
21
21
21
21
21
21
21
21
22
22
22
22
22
22
22
22
22
22
22
22
23
23
23
23
23
23
24
24
24
24
25
25
26
26
26
27
28
28
28
28
28
28
28
28
28
28
28
28
28
29
29
29
29
29
29
29
29
29
29
29
30
30
30
30
30
30
30
30
30
31
31
31
31
31
31
31
31
31
31
31
31
31
31
31
31
31
31
31
31
31
31
31
32
32
32
32
32
32
32
32
32
32
32
32
32
32
32
32
32
33
33
33
33
33
33
33
33
33
33
34
34
34
34
35
36
36
36
36
36
37
37
37
37
38
38
38
38
39
39
39
39
40
40
40
40
40
40
40
40
40
40
41
41
41
41
41
42
43
43
43
44
44
45
45
47
47
47
47
48
49
49
49
50
50
50
50
51
51
52
53
54
54
55
55
55
55
55
56
56
56
57
58
58
58
58
58
58
59
59
60
60
60
60
61
61
62
62
62
62
62
62
63
63
63
64
64
65
65
66
67
68
68
69
69
69
70
70
70
70
70
70
71
71
71
72
73
73
73
73
74
74
74
75
75
75
76
76
76
76
77
77
77
78
78
78
78
78
78
79
79
79
79
79
79
80
80
80
81
81
81
81
81
81
81
81
82
83
83
83
84
86
87
87
88
88
88
88
89
89
89
89
89
89
90
90
91
91
91
91
92
92
92
92
93
93
94
95
95
96
97
97
98
99
99
99
99
100
100
100
103
103
103
103
104
104
105
105
105
105
105
105
105
106
106
106
106
106
106
107
107
107
107
107
107
107
107
107
107
107
107
107
107
107
108
108
108
108
108
108
108
108
108
108
108
108
108
109
109
109
109
110
110
110
110
110
110
110
111
111
111
111
111
111
111
111
111
112
112
112
112
112
112
112
112
112
112
112
113
113
113
113
113
113
114
116
116
116
116
116
116
116
117
117
117
117
118
118
119
119
119
119
120
120
121
122
123
123
124
124
124
125
125
126
127
127
127
128
129
129
129
131
131
131
131
133
133
133
133
133
133
133
133
134
134
134
134
134
134
134
134
134
134
134
135
137
138
138
139
139
140
140
141
141
141
141
141
141
141
141
141
141
142
142
142
142
142
142
142
142
142
142
143
143
143
143
143
144
145
145
145
146
146
146
146
146
147
148
150
151
151
151
151
152
152
152
153
154
154
154
155
155
155
155
157
158
158
159
159
160
160
160
160
161
161
164
164
164
165
165
165
165
166
166
166
167
167
167
167
168
168
168
169
169
169
169
170
170
171
171
171
171
171
172
172
173
173
173
174
174
174
174
174
174
174
174
174
175
178
178
178
179
179
180
182
183
184
184
184
185
187
187
188
189
189
189
189
189
190
191
191
191
191
193
193
196
197
198
198
198
200
201
202
202
203
203
203
203
204
204
204
204
205
205
206
206
206
209
209
212
214
214
214
215
215
216
216
217
217
218
219
220
220
221
221
221
222
223
223
224
224
224
225
226
227
227
227
228
228
229
229
230
230
231
231
232
233
234
234
234
234
235
235
235
236
236
237
237
238
238
238
238
239
242
242
243
245
245
245
245
246
247
250
251
251
252
252
252
253
253
254
254
254
255
255
255
256
256
256
258
258
258
260
261
261
261
261
261
261
261
262
262
262
262
262
262
262
262
262
262
262
262
262
262
262
263
263
263
263
263
263
263
264
264
264
264
264
265
266
266
266
267
267
268
268
268
268
268
268
268
269
269
269
269
269
270
270
270
270
270
270
270
270
270
270
270
271
271
271
271
271
271
271
271
271
271
271
273
273
273
273
274
274
274
274
276
277
278
280
281
281
282
282
283
283
283
283
283
284
285
285
285
287
288
288
289
290
290
290
291
291
292
292
292
292
292
293
293
296
297
297
299
300
301
302
302
302
304
304
304
305
305
305
306
307
307
309
310
310
311
311
312
312
313
313
313
313
313
315
316
319
323
324
324
324
324
324
324
324
324
324
324
324
325
325
325
325
325
325
325
325
325
326
326
329
331
340
341
343
343
346
346
351
352
353
354
355
355
356
356
356
356
358
358
358
358
359
359
359
360
360
360
361
361
361
362
362
363
363
363
365
367
367
367
370
371
372
372
372
372
373
374
375
375
378
379
380
381
383
383
385
385
387
388
389
389
389
390
390
391
391
391
392
396
399
402
404
408
410
411
425
427
431
432
433
436
437
439
441
443
445
445
445
448
453
453
453
453
453
453
454
454
455
455
455
456
456
456
457
459
466
467
470
471
471
473
474
476
477
483
483
489
492
492
492
493
493
493
495
496
498
498
498
498
499
500
500
500
500
500
500
501
501
501
501
501
502
502
502
502
503
506
509
510
512
514
520
523
523
523
525
525
527
527
528
529
530
531
533
533
534
539
542
542
543
544
544
545
548
548
549
550
550
550
551
551
552
553
555
557
558
558
558
561
561
562
562
562
563
563
564
564
564
565
565
566
566
566
568
568
568
569
569
570
570
570
571
572
573
575
578
582
584
588
590
591
591
591
593
594
599
603
604
606
609
610
611
612
613
616
618
625
634
636
640
640
642
643
646
647
647
647
652
653
655
656
656
660
661
661
661
662
671
681
682
682
683
683
684
690
700
727
729
729
730
732
732
733
734
735
735
735
738
741
742
749
751
767
768
772
775
798
801
815
818
818
823
828
829
829
831
836
836
841
841
844
845
847
847
852
856
864
866
867
869
869
887
907
907
908
909
919
921
921
921
921
922
922
923
923
924
924
926
926
928
929
930
931
932
938
940
942
948
963
964
965
966
968
969
1006
1009
1012
1020
1023
1027
1029
1030
1037
1037
1038
1040
1042
1045
1045
1049
1052
1052
1055
1075
1077
1081
1090
1095
1099
1101
1113
1121
1121
1122
1122
1122
1122
1125
1128
1129
1129
1130
1130
1132
1135
1136
1138
1138
1138
1140
1142
1143
1144
1153
1153
1157
1158
1159
1159
1159
1160
1160
1160
1160
1161
1162
1165
1167
1167
1168
1171
1171
1171
1171
1172
1172
1172
1172
1174
1174
1179
1180
1180
1185
1194
1195
1229
1229
1231
1235
1243
1244
1248
1250
1250
1250
1252
1253
1256
1257
1266
1266
1270
1271
1271
1271
1272
1273
1275
1278
1278
1280
1280
1284
1286
1286
1286
1287
1287
1287
1287
1287
1288
1288
1289
1289
1289
1289
1289
1290
1290
1291
1292
1292
1292
1292
1293
1293
1294
1295
1304
1309
1311
1314
1315
1315
1317
1324
1326
1333
1339
1350
1355
1360
1366
1367
1369
1380
1401
1423
1423
1426
1427
1428
1430
1432
1433
1434
1434
1434
1435
1438
1438
1439
1440
1440
1440
1440
1440
1441
1442
1442
1442
1443
1443
1443
1443
1444
1444
1445
1446
1447
1447
1447
1447
1448
1448
1449
1449
1449
1450
1450
1450
1452
1453
1454
1454
1455
1456
1456
1457
1457
1457
1457
1458
1458
1459
1459
1460
1460
1461
1462
1462
1463
1463
1463
1464
1465
1465
1465
1466
1467
1468
1468
1468
1470
1470
1473
1474
1474
1475
1475
1475
1476
1477
1481
1481
1482
1482
1482
1485
1489
1489
1489
1491
1493
1497
1504
1516
1527
1548
1552
1552
1553
1554
1560
1566
1567
1569
1570
1573
1574
1575
1577
1577
1580
1586
1586
1587
1588
1588
1589
1589
1589
1590
1591
1591
1592
1593
1593
1594
1595
1595
1596
1597
1597
1597
1598
1598
1599
1600
1604
1604
1606
1606
1607
1608
1608
1608
1609
1609
1611
1611
1620
1621
1622
1623
1631
1631
1635
1636
1644
1645
1646
1646
1647
1647
1649
1649
1651
1651
1655
1657
1657
1658
1660
1660
1660
1661
1661
1668
1670
1671
1672
1674
1674
1674
1674
1675
1675
1676
1676
1676
1677
1677
1681
1681
1683
1684
1688
1691
1691
1697
1701
1701
1701
1701
1701
1701
1702
1704
1705
1707
1712
1716
1717
1721
1722
1722
1727
1728
1730
1733
1734
1735
1738
1740
1741
1742
1742
1742
1742
1742
1742
1742
1742
1743
1743
1743
1743
1746
1749
1750
1752
1753
1757
1759
1760
1760
1769
1773
1776
1778
1783
1786
1786
1791
1796
1796
1797
1798
1799
1804
1805
1808
1816
1819
1820
1820
1821
1826
1826
1826
1827
1831
1832
1832
1833
1833
1835
1842
1848
1849
1853
1855
1856
1866
1867
1868
1871
1872
1874
1874
1884
1884
1886
1891
1897
1900
1900
1900
1900
1900
1904
1911
1914
1914
1916
1922
1925
1926
1944
1945
1945
1947
1949
1950
1951
1952
1954
1962
1963
1969
1978
1987
1995
1995
1997
1999
2000
2001
2002
2005
2006
2015
2016
2028
2038
2055
2055
2056
2063
2064
2089
2129
2143
2151
2158
2160
2162
2166
2180
2182
2197
2198
2207
2213
2246
2252
2255
2277
2283
2288
2300
2302
2303
2316
2325
2327
2336
2337
2345
2355
2362
2371
2380
2423
2434
2438
2456
2464
2467
2471
2472
2473
2473
2482
2483
2484
2497
2525
2532
2535
2538
2547
2550
2575
2577
2589
2592
2592
2594
2596
2601
2601
2638
2640
2640
2643
2643
2655
2671
2673
2673
2696
2702
2706
2719
2744
2754
2758
2759
2759
2760
2760
2833
2841
2883
2899
2908
2932
2932
2933
2934
2937
2940
2940
2953
2955
2957
2959
2959
2961
2964
2967
2973
2973
2973
2978
2979
2980
3001
3007
3008
3009
3009
3012
3028
3028
3030
3030
3042
3042
3044
3045
3046
3049
3054
3056
3057
3058
3058
3059
3061
3061
3061
3062
3062
3063
3067
3070
3074
3074
3075
3076
3076
3077
3080
3083
3084
3086
3088
3088
3089
3090
3091
3091
3101
3101
3109
3112
3122
3127
3141
3144
3145
3149
3149
3153
3155
3155
3159
3161
3164
3165
3178
3178
3182
3184
3184
3190
3191
3192
3194
3205
3213
3213
3234
3234
3239
3240
3248
3254
3259
3263
3265
3266
3267
3267
3270
3272
3275
3276
3276
3276
3278
3284
3291
3291
3291
3292
3293
3296
3301
3301
3302
3313
3313
3385
3389
3398
3403
3409
3410
3411
3412
3412
3450
3481
3483
3490
3497
3501
3501
3507
3508
3518
3529
3530
3533
3533
3544
3554
3554
3555
3568
3577
3580
3721
3794
3808
3812
3854
3862
3903
3912
3915
3916
3923
3925
3936
3967
3986
4002
4011
4015
4017
4019
4050
4071
4073
4126
4131
4133
4139
4142
4147
4153
4250
4261
4278
4302
4341
4345
4347
4348
4349
4352
4368
4368
4369
4371
4374
4382
4386
4395
4402
4424
4440
4492
4492
4504
4514
4514
4516
4525
4525
4529
4536
4536
4538
4539
4540
4542
4546
4549
4550
4551
4552
4556
4559
4559
4560
4561
4562
4564
4565
4569
4569
4571
4572
4573
4573
4576
4581
4582
4583
4583
4585
4602
4608
4613
4613
4613
4619
4624
4625
4625
4626
4626
4626
4629
4639
4652
4659
4659
4663
4667
4669
4670
4670
4672
4683
4688
4696
4697
4703
4703
4703
4706
4717
4719
4724
4734
4734
4735
4740
4745
4762
4764
4766
4768
4771
4771
4772
4773
4773
4773
4773
4778
4783
4786
4787
4788
4793
4796
4801
4811
4815
4815
4825
4833
4841
4843
4843
4846
4847
4847
4847
4848
4848
4849
4849
4852
4852
4852
4862
4864
4867
4872
4876
4879
4880
4884
4885
4890
4917
4923
4925
4928
4928
4929
4932
4932
4942
4957
5069
5069
5088
5203
5204
5204
5204
5210
5312
5354
5356
5357
5364
5366
5366
5384
5385
5388
5394
5396
5397
5398
5406
5446
5447
5451
5452
5454
5460
5460
5461
5462
5467
5468
5469
5488
5488
5488
5496
5545
5559
5559
5580
5592
5595
5596
5598
5600
5601
5611
5611
5613
5622
5628
5672
5685
5691
5693
5694
5698
5733
5734
5737
5739
5740
5748
5749
5756
5758
5766
5768
5769
5779
5780
5821
5834
5835
5842
5845
5846
5846
5847
5847
5855
5861
5861
5861
5872
5879
5879
5879
5883
5886
5887
5887
5887
5887
5887
5891
5892
5892
5892
5892
5892
5893
5893
5909
5910
5911
5943
5947
5952
5955
5957
5960
5970
5978
5992
5997
5998
6027
6028
6032
6058
6059
6062
6068
6068
6072
6075
6079
6090
6119
6120
6128
6133
6135
6136
