0
2
2
2
3
3
4
4
5
6
6
6
7
7
7
7
8
8
9
10
10
10
10
11
11
11
11
11
11
11
11
11
12
12
12
12
12
13
13
13
13
13
13
13
14
15
15
15
15
15
16
16
16
16
17
17
18
18
18
19
19
20
20
20
20
21
21
21
21
21
21
22
22
22
22
22
22
22
23
23
23
23
24
24
24
24
24
24
24
24
25
25
25
25
25
25
25
25
25
25
25
25
25
26
26
26
26
26
26
26
26
26
26
26
26
26
26
26
26
26
26
26
26
26
26
26
26
26
26
26
26
27
27
27
27
27
27
27
27
27
27
27
27
27
27
27
27
27
28
28
28
28
28
28
28
28
28
28
29
29
29
29
29
29
29
29
30
30
31
31
31
31
31
31
31
32
32
32
32
32
32
32
32
32
32
33
33
33
33
33
34
34
34
34
34
34
34
34
34
34
35
35
35
35
35
35
35
35
35
35
35
35
35
35
35
35
35
35
36
36
36
36
36
36
36
36
36
37
37
37
37
37
38
38
38
38
38
38
38
38
39
39
39
39
39
39
40
40
40
40
40
41
41
41
41
41
42
42
42
42
43
43
43
43
43
43
43
43
43
43
43
43
43
43
43
43
43
44
44
44
44
44
45
45
45
45
45
45
45
45
45
46
46
46
47
47
47
47
47
47
47
47
47
48
48
48
48
48
49
49
49
49
49
49
49
49
49
49
50
50
50
50
50
51
51
51
51
51
51
51
51
51
51
51
52
52
53
53
53
53
54
54
54
55
55
55
55
55
56
56
56
56
56
56
56
56
56
56
57
57
57
57
57
57
57
57
57
57
57
57
57
57
58
58
58
58
58
58
58
59
59
59
59
59
60
60
60
61
61
61
61
61
62
62
62
62
62
63
63
63
63
63
63
63
63
63
64
64
64
64
64
64
64
64
64
65
65
65
65
65
65
65
65
65
66
66
66
66
66
66
66
66
67
67
67
67
67
67
67
67
67
67
67
67
68
68
68
68
69
69
69
69
69
69
70
70
70
70
70
70
70
70
70
70
70
70
70
71
71
71
71
71
71
71
71
72
72
72
72
72
72
73
73
73
73
73
73
74
74
74
74
74
75
75
76
76
76
76
76
77
77
77
78
78
78
78
78
78
78
79
80
80
80
80
80
80
80
80
80
80
80
81
81
81
81
82
82
82
82
82
82
82
83
83
83
83
83
83
83
83
84
84
84
84
84
84
84
85
85
85
85
85
86
86
86
86
86
86
86
87
87
87
87
87
87
87
88
88
88
88
88
88
88
88
88
89
89
89
89
90
90
90
90
90
90
91
92
92
92
92
92
92
92
93
93
93
93
93
93
93
93
93
93
93
94
94
94
94
94
94
94
94
94
95
95
95
95
95
95
96
96
96
96
97
97
97
97
97
98
98
98
98
99
99
99
99
99
100
100
101
101
101
102
102
102
102
103
103
103
103
103
104
104
104
104
104
104
104
105
105
105
105
105
106
106
106
106
106
106
106
107
108
108
108
108
108
108
108
108
109
109
109
111
112
112
112
112
112
112
112
112
112
112
112
112
112
113
114
114
114
114
114
114
114
114
115
115
115
115
115
115
115
115
115
116
116
116
116
116
116
117
117
117
117
117
117
117
117
117
117
117
118
118
118
118
118
118
118
119
119
119
119
120
120
120
120
120
120
120
121
121
121
121
122
122
122
122
122
123
123
123
123
123
123
123
123
123
123
123
124
124
124
124
124
125
125
125
126
126
126
126
126
126
126
127
127
127
127
127
127
127
127
127
128
128
128
128
128
128
129
130
130
130
130
130
131
131
131
131
131
132
132
132
132
132
132
132
132
132
132
132
133
133
133
133
133
133
133
134
134
134
134
134
135
135
135
135
135
135
135
136
136
136
136
136
136
136
137
137
137
137
137
138
138
138
138
139
139
139
139
139
139
140
140
140
140
141
141
141
141
141
141
142
142
142
142
142
142
143
143
143
144
144
144
145
145
145
145
146
146
146
146
146
146
146
147
147
148
148
148
148
149
149
149
149
149
149
149
149
150
150
150
150
150
150
150
150
151
151
151
151
151
152
152
152
152
152
152
152
152
152
152
152
152
152
152
153
153
153
153
153
153
153
153
153
153
153
153
153
153
153
153
153
153
154
154
154
154
154
154
154
154
154
154
154
154
154
154
154
154
155
155
155
155
155
155
155
155
156
156
156
156
156
156
156
156
156
156
156
156
156
157
157
157
158
158
158
158
158
158
159
159
159
159
159
159
159
159
160
160
160
160
160
160
160
160
160
160
160
161
161
161
161
161
161
161
161
162
162
162
162
162
162
162
163
163
163
163
163
163
164
164
164
164
165
165
165
165
165
165
165
166
166
166
166
166
166
166
166
166
166
167
167
167
168
168
168
168
169
169
169
169
169
170
170
170
170
170
170
170
170
170
170
170
171
171
171
171
171
171
171
171
171
171
171
171
172
172
172
172
172
172
172
172
173
173
173
173
173
174
174
174
174
174
174
175
175
175
175
175
175
176
176
177
177
177
177
177
177
177
177
178
178
178
178
179
179
180
180
180
180
180
180
181
182
182
182
182
183
183
183
183
184
184
184
184
184
184
184
185
185
185
185
185
186
186
186
186
186
186
186
187
188
188
188
188
189
189
189
189
189
189
189
190
190
190
190
190
191
191
191
191
191
191
191
191
191
191
192
192
193
193
194
194
194
195
195
195
196
196
196
196
196
196
196
196
196
196
197
197
197
197
197
197
197
197
198
198
198
198
198
198
198
199
199
199
199
199
199
199
199
199
200
200
200
201
201
201
201
201
202
202
203
203
203
203
204
204
204
204
205
205
205
205
206
206
206
206
206
207
207
208
208
208
208
209
210
210
210
210
210
210
210
211
211
211
211
211
211
212
212
212
212
213
214
214
214
214
214
214
214
214
214
214
215
215
215
215
215
215
216
216
216
217
217
217
217
217
217
218
218
218
220
220
220
221
221
221
221
221
221
222
222
223
223
223
223
223
224
224
224
225
226
227
227
228
228
229
230
231
232
232
232
232
233
233
237
237
238
238
238
239
239
239
239
240
240
241
241
241
241
241
241
242
242
242
243
244
244
244
244
244
245
245
245
245
246
246
247
247
248
248
249
249
249
249
250
250
250
250
251
251
253
254
254
254
257
258
258
258
259
260
260
260
261
261
261
262
262
262
263
263
263
263
263
263
264
265
265
266
266
267
267
267
268
269
269
269
269
269
270
270
270
270
271
271
271
271
271
272
273
273
274
274
274
275
275
276
276
276
276
276
276
277
278
278
278
279
279
279
279
279
280
281
281
281
282
282
283
283
283
285
285
285
286
287
289
290
291
291
292
292
292
293
294
294
294
296
296
296
298
298
299
299
300
300
301
301
302
302
305
305
306
306
308
308
309
310
311
312
312
312
314
315
315
315
316
317
317
317
319
319
319
319
320
320
320
320
320
320
320
321
321
321
321
322
322
322
322
323
323
323
323
323
324
324
324
324
324
325
325
325
325
325
325
325
325
326
327
327
327
329
329
330
330
330
331
331
331
331
332
332
332
332
332
332
334
334
334
334
335
336
337
338
338
338
338
339
339
339
339
340
341
342
345
345
345
347
348
348
349
351
352
352
353
353
354
356
358
359
360
360
360
360
360
361
362
363
363
363
365
366
367
368
368
368
370
371
371
372
372
372
373
373
373
374
374
374
374
374
375
375
375
375
375
375
375
375
376
376
377
378
381
382
383
385
385
386
386
386
387
387
387
388
388
389
389
390
390
391
391
392
392
392
393
395
395
395
395
396
397
398
400
400
400
401
402
404
407
408
408
408
408
412
413
413
413
414
414
414
414
414
414
414
414
414
414
414
415
415
415
415
415
415
415
415
415
415
415
416
416
419
419
419
419
420
420
422
422
422
422
423
423
423
423
423
423
423
424
426
426
427
427
428
431
431
434
435
436
436
437
440
440
441
442
442
445
446
447
449
449
450
450
455
455
456
458
458
458
459
459
459
459
459
460
460
460
461
461
461
461
461
461
461
461
464
465
468
468
469
470
471
472
472
478
479
481
481
483
486
486
488
489
491
491
491
492
493
493
498
499
500
501
503
506
509
510
510
510
512
512
514
516
518
522
522
523
523
523
527
528
528
530
533
533
534
534
534
535
535
535
536
536
537
537
539
539
540
540
541
541
542
544
545
547
548
548
549
550
552
554
555
555
555
555
556
556
556
557
557
559
562
562
563
563
563
564
571
571
571
572
573
574
575
582
583
583
584
585
585
585
586
586
586
586
586
587
587
589
593
597
603
604
605
606
607
607
608
608
608
608
609
609
609
609
610
610
611
611
613
621
622
624
626
627
628
629
630
631
631
635
637
637
641
642
643
645
649
653
654
654
654
655
655
656
656
658
659
659
659
661
661
661
661
661
662
662
662
665
665
666
666
667
667
667
668
668
669
671
671
672
673
673
673
674
674
677
679
680
680
681
683
683
684
685
686
686
687
687
687
687
687
689
690
690
691
691
692
692
694
697
699
699
700
700
700
700
701
701
702
704
707
707
711
711
711
712
712
716
716
717
717
718
718
719
719
719
720
721
723
723
724
726
727
727
729
729
733
735
735
739
741
741
742
743
744
745
745
746
747
747
750
750
750
750
751
752
756
757
759
760
762
763
763
764
767
767
768
769
769
769
770
771
773
775
777
778
779
781
781
782
783
784
784
785
788
788
789
790
791
791
791
792
792
792
793
795
795
795
797
800
801
803
804
806
809
810
811
814
816
817
817
818
818
819
819
820
824
824
825
826
827
829
830
831
832
832
832
832
839
842
842
843
843
844
846
847
847
848
852
855
857
857
858
865
865
865
866
866
867
867
867
868
869
870
870
872
872
877
878
878
881
881
882
883
883
885
886
886
887
888
888
888
889
890
892
893
894
895
895
895
895
895
895
895
895
897
897
898
898
898
899
899
900
900
902
902
902
903
903
904
906
908
910
911
912
913
914
914
914
916
916
917
917
917
918
919
920
921
922
923
923
923
923
923
923
924
925
927
927
928
928
928
928
929
929
929
929
929
929
929
931
931
937
937
938
941
941
942
947
947
947
948
948
949
949
949
953
956
958
958
959
959
959
960
962
962
966
968
969
970
971
973
975
976
978
992
993
993
995
995
996
1000
1002
1002
1004
1008
1010
1010
1010
1016
1016
1016
1018
1018
1021
1022
1023
1023
1026
1026
1027
1028
1028
1029
1029
1031
1031
1033
1033
1034
1038
1038
1039
1039
1040
1040
1041
1042
1043
1043
1045
1045
1047
1047
1048
1049
1049
1049
1050
1050
1052
1052
1053
1056
1056
1058
1059
1059
1059
1060
1060
1061
1061
1065
1067
1069
1071
1071
1072
1072
1073
