0
2
2
3
4
4
5
5
5
5
5
6
7
7
10
10
10
10
10
11
11
11
11
11
11
12
12
12
12
12
12
12
12
13
13
13
13
14
15
15
15
15
15
15
16
16
16
18
19
19
19
19
19
20
20
20
20
20
20
20
20
20
20
21
21
21
21
21
21
21
21
21
21
21
21
21
21
21
21
21
21
21
21
21
21
22
22
22
22
22
22
22
22
22
22
22
22
22
22
22
22
22
22
22
22
22
22
22
22
22
22
22
22
23
23
24
24
24
25
25
25
25
25
26
26
26
26
26
27
27
27
27
27
27
27
27
27
27
27
27
27
27
27
27
27
27
27
27
27
27
27
28
28
28
28
28
28
28
28
28
28
28
29
29
29
29
29
29
29
29
29
29
29
30
30
30
30
31
31
32
32
32
32
33
33
33
33
33
33
33
33
33
34
34
34
34
34
34
34
34
35
35
35
35
35
36
36
36
36
36
36
36
36
36
36
36
36
36
36
36
36
36
36
37
37
37
37
38
38
38
38
38
38
39
39
39
39
39
39
39
39
39
40
40
40
40
40
40
41
41
41
42
42
42
42
42
42
42
43
43
43
43
43
43
43
43
44
44
44
44
44
44
45
45
45
45
45
46
46
46
46
47
47
47
47
48
48
48
48
48
48
49
49
49
49
49
49
49
49
50
50
50
50
50
50
50
50
50
50
50
51
51
51
51
51
52
52
52
52
52
52
52
52
53
53
53
53
53
53
53
53
53
53
54
54
54
55
55
55
55
55
56
56
56
56
56
56
56
56
57
57
57
57
57
57
57
58
58
58
58
58
58
58
58
58
58
58
58
58
58
58
58
59
59
59
59
60
60
60
60
61
61
62
62
62
63
63
63
64
64
64
64
64
65
65
65
65
65
65
66
66
66
66
66
66
66
67
67
67
68
68
68
68
68
68
68
69
69
69
69
70
70
70
70
70
70
72
72
73
73
73
73
74
74
74
74
74
74
75
75
75
75
75
75
76
76
76
76
76
76
76
76
76
76
76
77
77
77
77
77
78
78
78
78
78
78
79
79
79
79
79
79
79
80
80
80
80
81
81
81
81
81
82
82
82
82
82
82
82
82
83
83
83
83
83
83
83
83
84
84
84
84
84
84
85
85
85
85
85
85
85
86
86
86
86
86
86
86
86
86
86
87
87
87
87
88
88
88
88
88
88
88
88
88
89
89
89
89
89
89
89
89
89
89
90
90
90
90
91
91
91
91
91
91
91
91
91
92
92
92
92
92
92
92
93
93
93
93
93
93
94
94
94
94
95
95
95
95
95
95
96
96
96
96
96
96
96
96
96
97
97
97
97
97
97
98
98
98
98
98
98
98
98
99
99
99
99
99
99
100
100
100
100
101
101
101
101
101
101
101
101
101
101
102
102
102
102
102
102
102
102
102
102
102
102
102
103
103
103
103
103
103
103
103
103
103
103
103
103
103
103
103
104
104
104
104
104
104
104
104
105
105
105
105
105
105
106
106
106
106
106
106
106
106
106
106
106
106
107
107
107
107
107
107
107
107
108
108
108
108
108
109
109
109
109
109
109
109
109
109
109
109
109
109
109
109
110
110
110
110
110
110
110
110
110
110
110
110
110
111
111
111
111
111
111
111
111
112
112
112
112
112
112
112
112
112
112
113
113
113
113
113
113
113
113
113
113
114
114
114
115
115
115
115
115
116
116
116
116
116
117
117
117
117
117
117
117
118
118
118
118
118
118
118
119
119
119
119
119
119
119
120
120
120
120
121
121
121
121
121
121
121
121
122
122
122
123
123
123
123
124
124
124
124
124
124
124
124
124
125
125
125
125
125
125
126
126
127
127
127
127
127
128
128
128
128
129
129
129
129
129
130
130
130
130
130
131
131
132
132
132
132
133
133
133
133
133
133
133
134
134
134
135
135
135
135
136
136
137
137
137
137
137
138
138
138
138
139
139
139
139
139
140
140
140
140
142
142
143
143
143
143
144
144
144
145
145
145
145
145
145
145
145
145
146
146
146
146
146
146
146
146
146
146
146
146
146
146
146
147
147
147
147
147
147
147
147
147
147
147
148
148
148
148
148
148
148
148
149
149
149
149
149
149
149
149
149
149
149
149
150
150
150
150
150
150
150
150
151
151
151
151
151
151
152
152
152
152
152
152
152
152
152
152
152
152
152
153
153
153
153
153
153
153
153
154
154
154
154
154
154
154
154
154
154
154
154
154
154
155
155
155
155
155
155
155
155
155
155
155
155
155
155
155
155
156
156
156
156
156
156
157
157
157
157
157
158
158
158
158
158
158
158
158
159
159
159
160
160
160
160
160
160
160
160
161
161
161
161
161
161
161
162
162
162
162
162
162
162
162
163
163
163
164
164
164
164
164
165
165
165
166
166
166
166
166
167
167
167
167
167
167
167
168
168
168
168
168
168
168
168
168
168
168
168
169
169
169
169
169
169
169
169
169
169
169
169
169
169
169
169
169
170
170
170
170
170
170
170
170
170
170
170
170
171
171
171
171
171
171
171
171
171
172
172
172
172
172
172
172
172
172
172
172
173
173
173
173
173
173
174
174
174
174
175
175
175
175
175
176
176
176
176
177
178
178
178
178
179
179
179
179
179
179
179
180
180
180
180
181
181
181
181
182
182
182
183
183
184
185
185
185
185
186
186
186
186
186
186
187
187
187
187
187
187
187
187
187
187
187
187
188
188
188
188
188
189
189
189
189
189
189
190
190
191
191
191
191
191
192
192
192
192
192
192
193
193
193
194
194
194
194
194
194
195
195
195
195
195
196
196
196
196
196
196
197
197
198
198
198
198
198
198
198
199
199
199
199
199
199
200
200
201
201
201
201
201
201
201
201
201
202
202
202
202
202
202
202
202
203
203
203
203
203
203
203
204
204
204
204
205
205
205
206
207
207
207
207
208
208
208
209
209
209
210
211
211
211
212
213
213
213
213
214
214
214
214
214
215
216
216
217
217
217
217
217
218
218
218
219
219
220
220
221
221
221
222
222
222
222
222
223
223
223
223
223
223
223
223
224
224
224
224
225
225
226
226
226
226
226
226
226
226
227
227
227
227
227
227
227
227
227
227
227
227
227
227
227
227
227
228
228
228
228
228
228
228
228
228
228
228
228
228
229
229
229
229
229
229
229
229
230
230
230
230
230
230
230
231
231
231
232
232
233
234
234
235
235
235
235
235
235
235
235
235
235
235
236
236
236
236
237
237
237
238
238
238
239
239
240
240
241
241
241
242
242
242
243
243
243
243
244
244
244
245
245
245
245
245
245
246
246
246
247
247
247
248
249
249
250
250
251
251
251
252
252
252
253
253
256
256
256
257
257
257
257
258
258
258
260
262
263
263
265
265
266
267
268
269
270
271
271
272
272
273
274
274
275
275
275
275
276
277
277
278
278
278
280
281
282
282
282
284
284
284
287
287
288
289
289
290
290
291
292
292
292
292
292
292
292
293
293
293
293
293
294
295
295
296
297
297
299
299
302
302
302
302
302
306
307
308
309
309
310
310
311
318
321
321
321
322
322
327
327
327
327
329
330
330
330
330
330
331
331
332
332
332
335
337
338
338
339
340
340
342
343
346
347
351
351
354
356
357
357
358
359
359
360
361
365
366
368
369
369
371
387
388
395
398
398
399
400
400
401
401
409
409
410
412
413
416
416
416
416
417
418
418
420
424
430
431
439
440
442
443
445
445
446
446
447
447
448
449
449
450
450
451
451
452
456
457
460
460
462
463
464
464
466
469
469
470
475
476
476
478
481
482
484
486
487
488
489
490
490
491
492
493
494
496
498
499
499
499
505
505
505
505
507
507
507
507
509
509
510
511
513
514
514
517
519
520
521
521
525
526
527
528
529
530
531
532
534
534
534
535
535
536
538
540
540
542
549
549
549
550
550
551
551
554
555
556
559
560
563
566
570
571
573
575
576
576
578
578
580
581
582
582
582
584
589
592
592
594
594
594
598
599
599
599
599
600
602
602
603
603
606
606
607
608
609
609
609
610
613
613
614
614
614
615
616
616
617
618
618
618
623
623
624
627
631
632
633
633
635
636
637
638
638
639
641
642
647
664
670
670
670
671
671
671
672
672
672
674
674
675
675
675
678
679
681
682
682
683
684
684
685
685
687
688
688
689
690
691
691
691
695
695
697
697
698
698
698
699
699
699
700
700
702
702
703
704
708
709
710
710
711
711
711
712
713
717
717
718
721
721
722
723
723
724
727
728
729
730
731
732
732
733
733
736
737
737
738
739
740
741
745
746
747
748
750
750
751
751
752
753
756
757
757
758
762
764
766
767
770
774
775
776
778
778
778
781
782
784
785
786
789
793
795
798
798
798
799
801
809
809
809
812
815
820
822
822
825
826
827
828
828
828
829
829
831
831
832
832
833
835
838
839
841
842
842
847
848
849
850
851
851
853
856
856
857
859
863
864
866
872
873
874
875
876
878
881
882
882
883
883
883
883
884
886
886
892
893
894
894
895
897
897
900
902
904
904
904
905
905
907
907
907
909
910
911
911
912
912
912
914
914
915
916
919
919
921
921
925
928
928
929
930
930
935
935
938
938
939
940
940
940
943
944
944
947
949
953
953
955
955
955
956
956
957
961
964
964
964
965
965
965
967
967
967
969
969
971
971
972
973
974
977
977
978
979
980
981
982
982
982
982
984
984
985
986
987
990
992
998
999
1000
1001
1006
1006
1006
1006
1007
1007
1011
1012
1012
1014
1014
1018
1019
1019
1020
1020
1022
1022
1022
1023
1024
1027
1027
1028
1030
1030
1030
1036
1038
1038
1039
1040
1040
1040
1041
1042
1042
1043
1043
1044
1044
1045
1047
1047
1050
1053
1055
1056
1056
1058
1058
1058
1058
1059
1059
1060
1060
1060
1061
1062
1062
1067
1068
1068
1068
1069
1072
1072
1072
1073
1073
1074
1074
1075
1076
1077
1077
1078
1078
1080
1082
1082
1082
1083
1083
1085
1086
1086
1088
1089
1089
1090
1090
1091
1091
1091
1092
1092
1092
1093
1093
1096
1097
1097
1097
1097
1097
1098
1098
1098
1098
1098
1099
1100
1101
1105
1106
1106
1106
1108
1109
1110
1111
1112
1116
1116
1116
1117
1117
1117
1117
1118
1118
1118
1118
1119
1120
1120
1121
1122
1122
1122
1123
1123
1125
1125
1127
1127
1128
1129
1129
1130
1134
1135
1137
1137
1137
1137
1138
1139
1139
1140
1140
1141
1141
1141
1142
1143
1144
1144
1145
1146
1146
1147
1147
1148
1148
1149
1150
1153
1153
1153
1153
1154
1155
1156
1156
1157
1158
1159
1159
1160
1160
1160
1160
1160
1161
1162
1163
1164
1164
1164
1165
1165
1165
1167
1168
1168
1169
1169
1170
1170
1170
1170
1170
1170
1171
1171
1172
1172
1173
1175
1176
1176
1177
1180
1181
1181
1182
1182
1184
1184
1186
1187
1188
1188
1188
1188
1189
1192
1196
1196
1197
1197
1197
1197
1197
1197
1197
1198
1198
1198
1203
1205
1205
1206
1206
1207
1207
1207
1208
1209
1210
1211
1211
1211
1211
1212
1214
1215
1215
1215
1216
