2
2
3
3
3
3
4
5
5
6
6
7
7
7
8
8
8
9
9
9
10
11
11
11
11
12
12
13
13
13
14
14
14
15
15
15
15
15
16
16
16
16
17
17
17
18
18
19
20
20
20
21
22
22
22
22
23
23
23
23
23
23
23
23
24
24
24
24
24
24
24
24
24
25
25
25
25
25
26
26
28
28
29
29
29
29
29
29
29
29
30
30
30
30
31
32
32
33
33
33
33
34
34
34
35
36
36
36
36
37
37
37
37
37
38
39
39
39
39
40
40
40
41
41
41
41
41
41
41
42
42
42
42
42
42
43
43
43
43
43
44
44
44
44
44
44
44
44
44
44
45
45
45
45
45
45
45
45
45
45
45
45
45
45
46
46
46
46
46
46
47
47
47
49
52
52
53
53
53
54
54
56
56
57
58
59
59
59
60
60
60
61
61
61
62
62
62
62
62
63
63
63
63
63
64
64
64
64
64
64
64
65
66
66
67
68
68
69
69
69
69
70
70
70
70
70
71
71
71
72
72
72
72
73
73
74
74
74
74
75
75
76
76
76
76
77
77
77
77
79
81
82
83
83
83
83
84
84
84
84
84
85
85
85
86
86
86
86
86
86
87
87
87
87
87
87
87
88
88
88
88
88
89
89
89
89
89
90
90
91
91
91
92
93
94
94
94
95
95
96
96
96
97
97
97
97
98
98
98
98
100
101
101
101
101
101
102
102
102
103
103
103
103
103
103
103
103
103
104
104
104
104
104
104
104
104
104
104
105
105
105
105
105
105
105
105
105
105
105
105
105
105
106
106
106
106
106
106
106
106
107
107
107
107
107
107
108
108
109
110
110
110
110
110
111
111
111
111
112
112
113
113
113
113
113
113
114
114
114
114
114
115
115
116
117
117
117
117
117
118
118
118
119
119
119
119
119
119
120
120
120
120
120
121
121
123
124
124
124
125
125
126
126
126
126
127
127
127
128
128
129
130
130
131
132
132
132
132
132
133
133
133
133
133
133
133
134
134
135
135
135
136
136
136
137
138
138
138
138
138
139
140
140
140
140
141
142
142
142
142
142
142
143
143
143
143
143
143
143
144
144
144
144
144
144
144
144
144
144
144
145
145
145
145
145
145
145
145
145
145
145
145
145
145
145
146
146
146
146
146
146
146
147
147
147
147
147
147
147
147
148
148
148
148
149
149
149
149
149
150
150
150
150
151
151
151
151
151
151
152
152
152
152
152
153
154
154
154
155
155
156
156
157
157
157
158
158
158
158
158
159
159
160
160
160
160
160
161
161
161
161
161
162
162
162
162
163
164
165
165
166
166
166
168
168
168
168
169
169
169
169
170
170
170
170
170
170
171
171
171
172
172
172
172
172
172
172
172
173
173
173
173
173
173
173
173
174
174
174
174
174
174
174
174
174
175
175
176
176
176
176
176
176
177
177
177
177
177
177
177
177
177
177
178
178
178
179
180
180
180
180
180
180
180
180
180
180
180
181
181
181
181
181
181
181
181
181
181
181
181
181
182
183
183
183
183
184
184
185
186
186
187
187
187
188
188
188
188
188
188
189
189
189
189
190
190
190
190
190
191
191
191
191
192
192
192
193
194
195
196
196
196
197
197
197
198
198
199
200
202
202
203
204
206
207
207
207
207
207
209
210
211
211
211
212
213
213
213
214
214
215
216
217
217
218
219
220
221
221
221
222
222
222
224
228
228
228
228
228
228
229
229
229
229
229
229
229
229
229
229
229
229
229
230
230
230
230
230
230
230
230
230
230
231
231
231
231
231
232
232
232
233
236
236
238
239
239
239
242
243
243
244
245
246
246
246
248
248
249
250
250
251
251
252
252
256
256
257
258
258
259
259
259
260
260
260
264
267
267
268
269
269
270
270
270
271
272
272
272
272
274
276
279
283
283
283
284
287
287
288
289
291
293
294
295
296
297
299
299
299
300
300
302
302
302
302
304
304
304
305
306
306
306
307
307
310
317
317
321
321
322
324
325
327
330
330
330
333
333
333
333
333
336
336
336
337
338
341
346
346
347
347
347
349
351
352
352
353
357
357
357
358
358
358
358
359
369
369
373
374
374
378
379
379
381
383
383
385
393
394
394
397
397
400
400
402
403
405
405
408
412
412
412
412
413
413
414
415
418
419
419
419
421
432
433
435
435
438
439
442
448
450
452
453
454
455
456
456
457
457
461
471
474
475
475
476
476
476
477
481
481
482
483
484
486
487
488
495
496
496
497
498
499
502
503
504
504
505
505
506
506
506
506
507
509
512
512
512
513
515
515
518
519
520
521
528
529
533
533
534
534
535
537
538
538
540
541
541
541
541
546
546
552
552
553
553
553
553
553
553
553
554
554
554
555
555
555
556
557
558
559
560
560
560
561
562
563
564
566
566
566
574
579
579
580
580
580
582
582
582
582
583
583
583
583
583
583
584
584
587
587
588
590
592
593
595
595
598
601
602
602
603
603
606
607
610
611
611
612
615
616
618
618
618
619
620
620
621
621
621
621
623
624
625
626
626
627
627
629
631
631
633
634
636
644
644
645
645
649
650
651
654
654
655
655
655
655
655
655
655
655
655
655
655
656
656
656
656
656
656
657
657
657
659
659
659
660
660
663
663
664
664
664
664
664
664
665
665
665
665
665
666
666
668
670
671
671
675
677
678
682
683
683
684
686
690
690
692
692
692
693
694
694
694
695
697
698
699
699
700
701
701
705
705
706
706
707
711
711
711
712
712
712
712
713
716
718
718
728
731
739
739
739
746
747
747
749
750
750
750
752
756
757
759
765
772
775
779
780
780
780
782
782
783
790
791
792
793
795
795
796
796
796
797
799
799
800
800
800
800
800
800
801
802
807
807
808
809
811
812
812
813
824
824
826
826
828
828
829
829
831
833
836
837
839
839
840
842
843
843
843
844
845
847
847
848
851
852
852
855
855
856
857
857
858
860
861
863
866
867
874
874
875
877
878
880
882
883
884
886
887
888
892
893
899
902
903
903
904
904
904
905
905
906
909
910
911
911
912
914
915
915
915
916
924
929
930
930
934
934
935
936
938
939
940
941
942
945
945
946
946
946
948
948
955
956
957
957
958
959
959
959
961
965
965
965
966
970
976
977
980
990
992
994
1000
1002
1002
1002
1003
1015
1016
1017
1019
1019
1020
1021
1022
1025
1026
1026
1026
1027
1027
1030
1033
1033
1033
1034
1035
1035
1035
1036
1037
1038
1038
1040
1043
1045
1045
1047
1049
1050
1051
1052
1052
1052
1053
1056
1056
1057
1059
1060
1061
1062
1063
1065
1068
1068
1070
1070
1071
1071
1074
1075
1076
1079
1080
1080
1080
1081
1083
1083
1083
1084
1085
1086
1087
1091
1094
1095
1096
1096
1097
1097
1097
1097
1097
1097
1098
1098
1099
1099
1099
1100
1101
1102
1102
1102
1104
1105
1108
1108
1109
1109
1110
1110
1110
1111
1111
1114
1115
1115
1116
1117
1118
1119
1120
1121
1123
1125
1125
1126
1126
1126
1127
1127
1128
1128
1128
1129
1130
1130
1131
1132
1132
1133
1133
1134
1134
1136
1137
1137
1137
1138
1138
1140
1141
1141
1142
1145
1146
1149
1150
1152
1152
1152
1153
1154
1154
1158
1160
1160
1161
1161
1163
1164
1164
1165
1165
1167
1168
1168
1168
1171
1174
1175
1176
1180
1181
1181
1184
1186
1187
1191
1191
1193
1193
1194
1195
1196
1196
1196
1197
1197
1198
1201
1201
1203
1204
1205
1205
1205
1205
1206
1206
1207
1207
1208
1208
1209
1210
1211
1211
1211
1212
1214
1217
1217
1218
1218
1220
1222
1222
1222
1223
1226
1227
1227
1227
1228
1229
1230
1231
1231
1232
1240
1242
1242
1243
1243
1244
1245
1246
1247
1247
1247
1247
1248
1251
1252
1253
1253
1253
1253
1254
1255
1256
1257
1259
1259
1261
1262
1262
1262
1262
1262
1263
1264
1264
1265
1267
1267
1267
1268
1268
1269
1269
1269
1269
1271
1273
1274
1275
1276
1277
1277
1278
1279
1280
1281
1281
1282
1283
1285
1285
1285
1285
1288
1291
1292
1294
1295
1296
1296
1297
1299
1299
1303
1303
1306
1306
1306
1306
1306
1310
1311
1312
1315
1318
1319
1322
1322
1322
1324
1325
1325
1327
1327
1328
1329
1329
1329
1330
1330
1331
1333
1335
1338
1338
1340
1340
1340
1342
1343
1350
1351
1351
1351
1352
1354
1355
1357
1358
1361
1361
1361
1362
1364
1366
1367
1369
1369
1369
1369
1371
1372
1372
1373
1376
1377
1377
1379
1380
1380
1381
1382
1382
1383
1383
1383
1383
1383
1384
1385
1385
1386
1387
1387
1388
1388
1389
1389
1389
1390
1390
1392
1392
1392
1392
1393
1393
1393
1393
1393
1393
1393
1393
1393
1393
1393
1393
1393
1394
1394
1394
1396
1396
1396
1396
1397
1398
1398
1398
1399
1400
1400
1401
1401
1402
1402
1402
1402
1404
1404
1406
1406
1406
1409
1410
1411
1411
1411
1411
1411
1411
1411
1412
1412
1412
1412
1412
1412
1412
1412
1412
1412
1412
1413
1413
1413
1413
1414
1414
1415
1415
1417
1418
1421
1421
1426
1427
1427
1428
1428
1428
1429
1433
1434
1438
1441
1441
1446
1448
1448
1448
1448
1448
1449
1449
1449
1450
1450
1450
1451
1451
1453
1455
1455
1456
1461
1461
1468
1468
1469
1473
1474
1475
1480
1480
1484
1486
1486
1500
1503
1504
1505
1505
1506
1507
1508
1508
1508
1509
1512
1516
1517
1520
1521
1522
1522
1523
1524
1525
1526
1527
1527
1528
1529
1531
1531
1531
1532
1532
1532
1532
1532
1532
1532
1532
1532
1533
1534
1536
1537
1538
1539
1539
1539
1539
1540
1540
1540
1540
1540
1541
1541
1541
1543
1543
1545
1554
1555
1556
1556
1557
1560
1561
1561
1562
1567
1569
1569
1569
1569
1570
1570
1570
1570
1570
1570
1570
1570
1570
1570
1571
1575
1576
1576
1576
1577
1578
1578
1581
1581
1583
1583
1583
1588
1591
1592
1592
1592
1593
1593
1596
1596
1597
1603
1604
1605
1607
1608
1611
1613
1616
1617
1618
1618
1621
1622
1623
1623
1624
1631
1632
1632
1635
1636
1636
1637
1637
1638
1640
1640
1641
1642
1644
1647
1649
1649
1650
1652
1653
1653
1655
1656
1658
1658
1659
1659
1662
1663
1664
1665
1665
1665
1669
1669
1670
1670
1670
1671
1672
1677
1677
1680
1682
1688
1690
1690
1692
1696
1697
1699
1699
1702
1703
1703
1705
1706
1708
1712
1712
1713
1715
1715
1716
1716
1717
1718
1720
1721
1724
1725
1725
1725
1726
1726
1728
1729
1729
1730
1731
1731
1732
1734
1736
1736
1736
1739
1739
1740
1741
1743
1743
1743
1745
1745
1747
1748
1749
1751
1754
1754
1754
1757
1759
1762
1762
1762
1764
1764
1766
1771
1771
1773
1774
1775
1777
1777
1779
1779
1781
1782
1783
1787
1787
1789
1789
1789
1789
1790
1792
1792
1792
1792
1793
1793
1795
1796
1797
1800
1803
1804
1807
1813
1815
1815
1816
1817
1818
1818
1819
1820
1820
1820
1821
1821
1822
1822
1825
1825
1826
1828
1831
1831
1831
1831
1832
1833
1837
1839
1840
1841
1841
1842
1844
1846
1846
1846
1847
1848
1850
1851
1852
1854
1855
1857
1859
1860
1861
1862
1862
1862
1862
1863
1863
1864
1865
1865
1865
1865
1866
1866
1866
1868
1868
1869
1871
1871
1872
1872
1874
1875
1876
1876
1877
1880
1881
1886
1889
1889
1890
1890
1890
1891
1891
1891
1893
1893
1894
1894
1896
1898
1899
1900
1900
1900
1902
1904
1904
1905
1905
1905
1907
1909
1916
1919
1919
1919
1919
1919
1920
1920
1921
1921
1921
1921
1923
1923
1924
1933
1935
1936
1937
1937
1938
1938
1938
1939
1939
1940
1941
1942
1943
1944
1944
1947
1949
1949
1949
1950
1951
1952
1952
1955
1957
1958
1963
1970
1971
1974
1976
1980
1982
1990
1995
1995
2000
2007
2014
2022
2027
2027
2034
2036
2040
2042
2044
2044
2046
2046
2047
2048
2050
2053
2059
2064
2070
2073
2087
2103
2135
2145
2145
2161
2161
2172
2178
2179
2179
2198
2198
2200
2200
2223
2223
2224
2224
2224
2225
2226
2235
2264
2265
2266
2266
2282
