0
0
2
3
3
3
4
4
6
6
7
7
7
7
7
7
7
7
8
8
9
9
9
9
9
9
9
10
10
10
10
10
10
10
11
12
12
12
13
13
13
13
13
14
14
14
14
15
15
15
16
16
16
17
17
18
18
18
18
18
19
19
20
20
20
20
20
20
20
20
20
20
21
21
21
21
21
21
21
21
22
22
22
22
22
22
22
22
22
23
23
23
23
23
23
24
25
25
25
25
25
26
27
27
27
27
27
27
27
28
28
28
29
29
29
29
29
29
29
30
30
30
30
30
30
30
30
30
30
31
31
31
31
32
32
32
32
32
32
33
33
33
33
33
33
33
33
33
33
34
34
34
34
35
36
36
37
37
38
38
38
39
39
39
39
39
39
40
41
41
41
41
41
41
41
41
41
41
41
42
42
42
42
42
42
42
42
42
42
42
42
42
43
43
43
43
43
43
43
43
43
44
44
44
44
44
46
47
47
47
48
48
49
49
50
50
50
51
51
51
51
52
52
52
53
53
54
54
54
55
55
55
55
55
55
55
55
55
55
56
56
56
56
56
56
56
56
57
57
58
58
58
59
60
60
60
61
61
61
61
61
61
62
62
62
62
63
63
63
63
63
63
63
63
63
64
65
65
66
66
67
67
67
68
68
69
69
69
70
70
70
70
71
71
71
72
72
72
72
72
72
72
72
72
73
73
73
73
74
74
74
74
74
74
74
74
75
75
75
75
75
75
77
77
77
78
78
78
78
78
78
78
78
78
79
79
79
79
80
80
80
80
80
80
80
80
81
81
81
81
81
82
82
82
82
83
83
83
84
87
87
87
87
88
89
89
90
90
90
90
90
90
91
91
91
91
91
92
92
92
92
92
93
93
93
93
93
94
94
94
94
94
94
94
94
94
95
95
96
96
96
96
96
96
96
96
97
97
97
97
97
97
97
97
98
98
98
98
98
98
99
99
99
99
99
99
100
100
100
101
101
101
102
102
102
102
102
102
102
102
102
103
103
103
103
103
103
104
104
104
104
104
105
105
105
105
105
106
106
106
106
106
107
107
107
107
107
107
107
107
107
108
108
108
108
108
108
108
109
109
109
109
109
109
109
110
110
110
110
111
111
111
111
111
111
111
111
111
111
111
111
112
112
112
112
113
113
113
113
113
113
114
115
115
115
116
116
116
116
117
117
117
118
118
118
118
118
119
119
119
119
119
120
120
120
120
121
121
121
121
121
121
121
121
121
121
122
122
123
123
123
123
124
124
124
124
124
125
125
125
125
126
126
126
126
127
127
128
128
128
128
128
128
129
129
130
130
130
131
132
132
132
132
132
132
133
133
133
133
133
133
133
133
133
133
133
133
134
134
134
135
135
135
135
135
135
136
136
136
137
137
137
137
137
138
138
139
139
139
139
139
139
139
140
140
140
140
140
140
140
140
140
140
140
140
140
140
140
141
141
141
141
141
141
141
141
141
141
141
141
141
142
142
142
142
142
142
143
143
143
143
143
143
143
143
143
143
143
143
143
144
144
144
144
144
144
144
144
144
144
144
144
144
145
145
145
145
145
145
145
145
145
145
145
145
145
145
145
145
146
147
147
148
148
148
148
148
149
149
150
150
150
150
151
151
151
152
152
152
152
152
152
152
152
152
153
153
153
153
153
153
153
153
153
154
154
154
154
154
154
154
155
155
155
155
155
155
155
155
155
155
156
157
157
157
157
158
158
160
161
161
162
162
162
162
162
163
163
163
163
163
163
164
164
164
164
165
165
165
165
165
166
166
166
167
167
167
167
168
168
168
168
169
170
170
170
171
171
171
171
172
173
173
173
173
173
173
173
174
174
174
174
174
175
175
175
176
176
176
176
176
176
177
177
177
177
177
177
178
178
178
179
179
180
180
180
180
180
180
180
181
181
181
181
181
181
182
182
182
182
182
182
183
183
183
183
183
183
185
185
185
185
185
185
186
186
186
186
187
187
187
187
187
187
187
187
187
187
188
188
188
188
188
188
188
188
188
189
189
189
189
189
189
189
190
190
190
191
191
192
193
193
194
194
194
195
195
196
197
198
198
198
198
199
199
200
200
200
201
201
201
201
202
202
203
203
204
204
204
204
204
204
204
205
206
206
206
206
206
206
207
207
208
208
208
209
209
209
210
210
210
212
212
212
213
213
213
213
213
213
215
215
215
216
216
216
216
216
216
217
217
217
217
217
218
218
219
220
220
220
221
221
222
223
223
224
225
225
225
226
227
227
227
227
228
228
230
230
231
233
234
234
234
234
234
235
235
235
235
235
235
235
235
235
235
236
236
236
236
236
236
236
236
236
237
237
237
237
237
237
238
238
238
238
238
238
239
239
239
239
239
240
240
240
240
240
242
242
242
242
243
244
244
245
245
245
245
246
246
246
247
247
247
247
247
248
249
249
251
251
252
253
253
254
254
255
255
258
259
260
262
263
264
264
264
266
267
267
268
268
270
270
270
271
271
273
277
278
278
278
280
281
281
284
284
285
285
286
289
289
289
290
291
291
292
292
293
293
294
295
297
297
297
297
300
304
306
306
307
312
313
315
315
316
316
316
317
317
317
317
317
317
317
318
318
318
318
319
320
322
323
324
324
325
326
326
327
328
329
329
331
331
332
332
332
333
334
335
335
335
335
335
336
336
336
337
337
337
337
338
338
338
339
339
340
340
341
342
343
344
345
348
348
348
349
349
350
351
351
353
354
362
364
364
364
364
364
364
365
365
365
365
365
365
365
365
365
365
366
366
366
366
366
366
367
367
367
370
373
373
373
373
374
374
374
375
375
375
375
378
378
380
380
380
381
383
385
385
386
386
386
387
389
389
393
394
395
395
395
396
401
403
403
403
404
404
405
408
411
413
413
413
413
413
413
417
419
419
424
425
426
427
427
428
430
430
431
431
433
434
435
436
436
437
437
437
437
439
440
446
447
448
448
449
449
450
452
454
454
454
455
455
455
459
461
462
463
468
468
473
478
479
479
481
484
485
486
489
489
494
496
497
497
499
500
503
503
503
503
503
503
503
504
504
504
504
504
504
504
504
504
505
505
505
505
505
506
507
507
507
507
508
508
510
510
511
511
511
511
511
511
512
512
512
512
512
514
514
514
514
514
514
515
515
515
515
517
524
526
526
528
529
530
530
531
532
533
533
534
537
538
539
539
543
543
544
548
550
552
552
552
557
558
561
565
565
566
569
571
573
573
574
577
577
581
584
585
587
587
588
592
592
593
594
596
598
598
599
599
600
600
602
603
603
603
604
605
606
607
607
607
608
608
608
610
611
611
612
613
614
614
614
617
620
623
623
623
625
625
627
628
629
630
630
633
635
635
635
635
635
635
636
637
637
637
639
643
645
646
647
647
648
648
648
652
652
653
654
657
658
658
658
659
659
661
661
661
662
664
664
667
668
668
670
670
670
671
672
672
672
673
674
674
677
680
681
681
681
681
681
681
682
682
682
683
683
684
685
686
686
687
687
687
689
689
690
690
690
691
691
691
691
692
693
693
694
694
694
694
695
695
696
697
698
698
698
698
699
701
702
702
703
703
704
704
704
705
706
706
706
707
707
707
709
709
711
712
712
713
714
715
715
715
716
716
717
717
717
719
719
719
720
720
721
721
723
723
724
727
730
731
733
734
739
739
741
745
747
748
749
749
750
751
752
753
753
754
755
755
755
757
758
759
759
760
760
760
761
761
761
762
762
763
763
763
764
764
764
768
768
768
772
773
774
776
777
777
777
778
779
780
781
782
782
787
788
789
790
792
792
794
794
796
797
797
800
800
801
803
803
804
804
804
805
805
806
807
807
808
808
808
808
809
809
809
810
810
811
812
814
814
815
816
816
816
817
817
817
817
818
819
819
819
820
822
822
823
823
826
826
826
826
827
830
831
831
831
833
837
838
839
839
840
843
844
849
853
859
861
863
865
868
868
871
872
873
873
874
876
879
880
880
882
883
884
885
888
889
889
893
893
894
894
896
897
898
899
900
900
904
911
911
913
914
914
917
918
918
919
923
923
927
929
929
932
932
932
933
933
934
935
935
936
936
936
936
938
939
939
940
943
943
944
945
946
946
948
948
948
949
950
953
953
956
962
963
966
975
975
977
978
979
979
982
984
989
994
997
1000
1002
1004
1009
1009
1009
1009
1009
1011
1011
1013
1014
1019
1019
1019
1019
1019
1020
1020
1021
1021
1021
1022
1022
1022
1023
1024
1025
1026
1027
1027
1029
1031
1034
1035
1035
1036
1037
1037
1039
1040
1044
1047
1049
1049
1049
1049
1049
1050
1051
1052
1053
1053
1053
1054
1055
1057
1057
1057
1058
1059
1059
1060
1060
1061
1061
1062
1062
1062
1062
1062
1062
1062
1062
1063
1063
1063
1063
1063
1063
1063
1063
1063
1064
1064
1065
1065
1065
1066
1067
1068
1068
1068
1069
1070
1070
1072
1073
1074
1074
1075
1076
1076
1076
1076
1076
1077
1077
1077
1078
1078
1078
1079
1080
1080
1083
1083
1084
1084
1084
1085
1085
1085
1085
1086
1086
1086
1087
1087
1088
1088
1088
1089
1090
1090
1090
1090
1091
1092
1092
1092
1093
1093
1093
1094
1094
1096
1098
1098
1098
1099
1101
1101
1101
1102
1102
1102
1103
1103
1103
1105
1105
1105
1106
1106
1106
1107
1113
1114
1114
1114
1114
1114
1115
1117
1117
1118
1119
1119
1120
1120
1121
1122
1123
1124
1124
1124
1126
1127
1127
1127
1128
1128
1128
1128
1128
1128
1128
1128
1128
1128
1128
1128
1128
1128
1129
1129
1130
1130
1130
1131
1131
1131
1133
1133
1133
1133
1135
1135
1136
1138
1138
1139
1139
1141
1142
1143
1144
1144
1144
1145
1145
1145
1145
1146
1146
1149
1150
1150
1150
1151
1153
1154
1156
1156
1156
1156
1157
1157
1157
1157
1158
1158
1159
1159
1159
1160
1161
1162
1162
1163
1163
1163
1164
1165
1165
1165
1166
1166
1166
1168
1168
1168
1168
1168
1168
1169
1169
1170
1170
1170
1171
1172
1173
1173
1174
1175
1175
1176
1178
1179
1179
1180
1180
1181
1181
1181
1182
1183
1183
1184
1185
1186
1186
1187
1188
1188
1188
1188
1189
1189
1190
1191
1192
1192
1194
1195
1195
1195
1195
1196
1196
1197
1198
1199
1199
1199
1202
1206
1207
1209
1210
1210
1211
1211
1211
1211
1211
1211
1211
1212
1212
1213
1213
1215
1216
1216
1218
1218
1218
1219
1219
1220
1221
1222
1222
1223
1223
1224
1224
1224
1225
1225
1226
1226
1226
1226
1227
1228
1228
1229
1230
1230
1231
1232
1233
1233
1233
1235
1235
1238
1238
1239
1239
1239
1239
1240
1240
1240
1240
1240
1242
1242
1243
1243
1243
1243
1243
1245
1245
1246
1246
1247
1248
1249
1250
1250
1250
1251
1252
1253
1254
1254
1255
1255
1256
1256
1256
1256
1257
1258
1258
1259
1259
1260
1261
1261
1262
1263
1263
1263
1263
1263
1263
1264
1265
1265
1266
1266
1266
1266
1267
1267
1267
1267
1267
1267
1267
1269
1269
1269
1270
1271
1272
1273
1273
1273
1273
1274
1274
1275
1275
1275
1275
1276
1276
1277
1278
1278
1278
1278
1279
1279
1279
1281
1282
1284
1286
1288
1288
1290
1291
1293
1293
1293
1294
1297
1297
1298
1300
1300
1300
1301
1301
1302
1302
1303
1303
1304
1304
1304
1304
1304
1305
1305
1306
1307
1308
1310
1310
1311
1311
1311
1311
1312
1312
1313
1313
1313
1314
1314
1314
1315
1316
1318
1318
1319
1319
1320
1320
1320
1320
1321
1321
1323
