0
2
3
4
4
4
5
5
6
7
8
8
8
8
9
9
9
10
10
10
11
11
13
13
14
15
17
18
18
18
19
19
20
20
21
21
21
22
22
22
22
22
23
23
23
23
23
23
23
23
23
23
23
24
24
24
24
24
25
25
25
25
25
26
26
27
27
28
28
29
30
30
30
30
30
30
30
30
30
30
30
30
30
31
31
31
31
31
31
31
31
31
31
31
31
32
32
32
32
33
33
33
33
34
35
35
35
36
37
38
38
39
40
41
41
41
41
41
41
41
41
41
41
41
41
42
42
42
42
42
42
42
42
42
42
42
42
43
43
43
44
45
46
46
47
47
49
49
49
49
49
49
49
49
49
49
50
50
50
50
51
51
52
52
52
52
53
53
53
53
53
53
53
54
54
54
54
55
55
55
55
55
56
56
56
56
57
57
57
57
57
58
58
58
58
59
59
59
59
59
60
60
60
60
60
61
61
61
62
62
63
63
63
64
64
64
65
65
66
66
66
66
67
67
67
68
68
68
68
69
69
69
69
69
69
69
70
70
70
71
71
72
72
72
72
72
73
73
73
73
73
74
74
74
74
74
74
74
75
75
75
76
76
76
76
76
76
76
76
76
76
77
77
77
77
77
77
78
78
78
78
78
79
79
80
80
80
80
84
84
85
86
86
86
87
87
87
88
88
89
89
89
89
89
90
90
91
92
93
93
94
94
94
95
95
95
96
96
97
97
97
98
98
99
99
99
99
100
100
100
101
101
101
101
103
103
104
104
104
104
105
105
105
106
107
108
108
110
110
110
111
111
112
112
112
113
113
114
114
114
115
115
115
115
115
115
116
116
116
116
117
118
118
119
120
120
121
122
122
122
124
125
125
125
126
127
127
130
130
130
131
131
131
132
133
133
133
134
134
135
136
136
137
137
139
140
141
141
141
141
142
143
144
144
144
145
145
146
146
147
147
147
149
150
150
150
150
151
151
151
153
153
154
154
155
155
159
159
159
160
160
160
160
161
162
163
163
164
164
164
165
165
167
167
167
167
167
168
170
170
170
170
170
170
171
171
171
171
171
171
171
171
172
172
172
172
172
172
172
172
172
172
172
173
173
173
173
173
173
173
173
173
173
173
173
173
174
175
175
175
175
175
175
176
176
176
178
179
180
180
180
180
180
180
180
181
181
181
181
181
181
181
182
182
182
182
182
182
182
182
182
182
184
186
186
186
187
187
189
189
189
190
190
191
193
194
194
195
195
196
196
196
196
196
196
196
196
196
197
197
197
197
197
197
197
197
197
197
198
198
198
198
198
198
198
198
198
198
199
199
199
200
202
203
203
204
204
204
204
205
205
206
208
209
209
211
211
212
212
212
213
214
214
215
215
217
217
217
220
221
221
221
221
221
222
222
223
223
224
224
227
227
229
233
233
233
234
235
236
237
241
241
242
244
245
245
246
246
247
248
248
248
249
250
251
252
253
253
254
255
256
257
257
257
258
259
260
261
262
263
263
264
264
266
266
266
266
267
267
267
268
269
271
274
274
274
277
278
279
279
280
280
280
280
282
283
283
284
286
286
286
291
292
293
293
293
293
294
294
295
296
297
299
300
300
301
302
302
303
304
305
306
306
307
308
309
309
310
310
313
313
313
314
319
319
320
320
320
321
321
322
322
323
323
324
324
325
326
326
326
326
328
329
329
329
330
331
331
331
331
332
333
333
333
335
335
336
338
342
344
349
351
354
356
356
357
358
358
358
359
361
361
361
362
362
364
365
371
371
373
375
376
378
379
380
380
381
382
383
384
384
384
386
386
389
393
394
395
395
396
397
397
397
398
398
398
400
402
402
405
405
406
408
411
413
414
414
415
415
415
415
415
415
416
417
418
418
418
419
419
420
420
420
421
421
421
421
421
421
421
421
424
425
431
432
432
434
434
434
435
435
437
437
438
438
438
439
439
439
441
443
443
444
445
446
446
447
447
448
449
449
451
451
453
454
454
455
455
455
457
457
458
458
458
458
459
461
461
465
466
466
469
469
469
469
469
469
469
469
470
470
470
470
473
474
476
477
477
478
479
479
479
479
480
480
480
482
482
483
483
484
484
487
487
487
488
488
489
489
489
490
490
490
490
491
491
491
494
494
495
495
496
496
496
496
499
501
501
504
507
508
511
513
513
515
517
517
519
519
520
524
531
532
532
533
535
535
535
536
539
540
545
546
546
548
549
549
549
550
550
550
551
552
553
554
554
557
557
558
558
558
558
561
561
561
561
561
562
562
562
562
562
562
563
564
564
565
566
567
568
568
569
570
570
571
572
572
576
576
578
580
582
584
585
586
587
587
588
588
590
590
590
593
594
595
596
596
600
600
602
602
603
603
603
603
603
603
603
604
605
610
610
610
611
611
611
611
611
611
611
612
612
612
613
614
614
615
616
619
619
620
623
623
624
624
624
624
625
625
626
627
628
630
630
630
631
631
631
632
632
633
633
633
633
634
634
634
636
636
636
637
637
637
637
639
639
639
639
640
640
641
641
643
643
644
644
644
645
645
645
646
652
653
654
656
657
657
659
659
662
662
663
663
663
664
666
666
667
667
667
667
667
668
668
669
669
671
671
672
674
676
680
680
684
685
687
690
690
690
691
691
692
692
693
693
694
695
695
696
698
699
699
701
701
701
702
703
703
705
706
711
711
712
712
713
714
714
714
716
716
716
716
716
717
720
720
721
721
721
721
721
721
721
721
721
722
722
722
722
722
724
725
725
725
726
726
726
729
730
730
730
732
733
733
739
739
740
743
745
745
746
747
748
748
749
750
751
754
754
755
755
755
755
756
756
756
756
756
756
757
757
757
758
758
759
769
769
771
771
771
771
772
772
772
772
774
774
774
774
774
775
775
775
775
776
776
777
777
777
778
778
778
778
779
784
785
785
786
786
787
788
788
789
789
793
793
794
794
794
799
800
800
801
803
803
803
804
805
806
806
812
815
816
816
817
818
819
819
819
822
822
825
827
828
832
833
834
837
838
838
839
839
839
841
841
841
843
844
846
846
846
846
847
847
847
847
847
849
850
860
862
862
863
863
866
867
869
869
870
871
873
873
875
878
878
880
883
885
890
892
892
892
894
895
895
896
896
897
897
897
899
901
901
901
902
902
905
906
908
910
910
910
911
913
915
915
915
916
921
921
923
923
924
924
924
924
924
926
926
928
929
931
932
932
941
942
943
944
945
946
946
946
946
949
950
950
951
951
951
951
952
953
955
957
963
963
964
964
964
965
965
966
966
969
970
970
972
973
973
974
974
975
977
977
977
979
980
980
983
983
984
986
990
992
995
995
996
996
997
998
999
999
999
1002
1013
1019
1020
1023
1023
1025
1027
1028
1029
1030
1033
1033
1034
1034
1034
1035
1035
1035
1036
1036
1036
1036
1036
1036
1037
1037
1041
1042
1055
1060
1063
1064
1066
1071
1073
1073
1074
1076
1078
1081
1081
1082
1082
1083
1084
1085
1091
1099
1100
1105
1105
1105
1106
1107
1107
1107
1107
1111
1111
1111
1113
1116
1117
1117
1117
1123
1128
1131
1132
1134
1137
1142
1143
1145
1147
1147
1148
1148
1152
1152
1160
1164
1165
1165
1169
1169
1170
1172
1179
1179
1180
1182
1183
1185
1186
1187
1193
1195
1199
1199
1200
1204
1207
1207
1208
1222
1224
1231
1232
1234
1237
1243
1246
1254
1259
1260
1265
1265
1267
1277
1282
1287
1288
1289
1290
1292
1293
1294
1295
1303
1303
1303
1304
1306
1307
1309
1309
1311
1315
1321
1321
1322
1327
1330
1333
1333
1338
1338
1340
1340
1340
1345
1347
1349
1350
1350
1351
1352
1353
1354
1354
1355
1356
1357
1359
1361
1362
1362
1363
1363
1364
1365
1366
1368
1370
1374
1375
1375
1376
1381
1382
1382
1395
1399
1404
1407
1411
1414
1415
1416
1418
1419
1419
1424
1427
1429
1431
1433
1434
1435
1443
1445
1445
1460
1465
1466
1470
1470
1472
1474
1474
1477
1483
1484
1486
1498
1498
1499
1500
1500
1500
1501
1506
1506
1508
1508
1511
1513
1514
1517
1517
1518
1518
1518
1520
1524
1524
1524
1524
1525
1525
1526
1526
1526
1526
1529
1530
1531
1533
1536
1538
1538
1538
1539
1540
1540
1543
1543
1544
1546
1546
1546
1547
1547
1548
1548
1550
1551
1554
1554
1554
1554
1554
1555
1555
1556
1557
1557
1558
1558
1558
1558
1558
1559
1560
1563
1564
1565
1567
1568
1568
1569
1570
1570
1570
1571
1572
1573
1573
1574
1576
1579
1579
1581
1581
1582
1583
1584
1586
1590
1590
1604
1612
1614
1618
1619
1619
1628
1630
1631
1631
1632
1632
1633
1635
1643
1643
1652
1657
1657
1661
1663
1669
1671
1673
1674
1675
1676
1677
1677
1678
1681
1681
1682
1683
1684
1684
1684
1685
1686
1688
1689
1691
1693
1693
1700
1701
1702
1703
1703
1709
1710
1714
1715
1717
1719
1719
1719
1719
1721
1721
1736
1736
1738
1741
1745
1747
1750
1751
1752
1752
1754
1754
1755
1758
1763
1764
1770
1776
1779
1780
1782
1783
1786
1786
1788
1790
1801
1805
1811
1813
1815
1820
1820
1823
1836
1837
1838
1839
1840
1840
1846
1846
1851
1853
1853
1861
1865
1866
1872
1872
1872
1873
1873
1877
1877
1880
1882
1883
1884
1884
1890
1894
1895
1896
1898
1899
1901
1902
1902
1906
1907
1907
1908
1908
1908
1909
1909
1909
1912
1913
1916
1916
1918
1925
1928
1929
1932
1933
1934
1935
1936
1937
1938
1939
1939
1940
1941
1942
1945
1946
1946
1947
1948
1948
1955
1956
1957
1957
1963
1963
1964
1965
1966
1967
1967
1968
1968
1970
1974
1975
1976
1978
1978
1983
1984
1984
1985
1986
1987
1990
1997
2010
2016
2021
2023
2025
2033
2034
2035
2038
2040
2040
2043
2045
2045
2054
2057
2058
2058
2059
2064
2066
2068
2069
2073
2073
2075
2083
2083
2084
2086
2086
2086
2089
2089
2093
2093
2094
2094
2094
2095
2096
2099
2099
2099
2102
2107
2111
2112
2113
2114
2116
2121
2122
2123
2123
2124
2125
2129
2133
2139
2140
2140
2145
2145
2146
2147
2148
2148
2158
2159
2160
2161
2162
2163
2163
2164
2165
2166
2167
2169
2173
2174
2176
2177
2183
2195
2195
2195
2198
2201
2205
2209
2213
2213
2216
2225
2227
2230
2233
2236
2242
2246
2247
2252
2252
2256
2260
2264
2265
2265
2278
2284
2290
2290
2291
2291
2304
2307
2308
2308
2308
2308
2316
2320
2320
2321
2322
2322
2322
2325
2327
2329
2338
2338
2339
2339
2340
2342
2347
2348
2349
2351
2352
2352
2353
2359
2359
2360
2361
2364
2367
2367
2371
2371
2375
2375
2376
2379
2381
2382
2383
2395
2399
2401
2418
2419
2428
2436
2437
2443
2444
2469
2471
2473
2479
2479
2485
2485
2486
2486
2490
2497
2497
2500
2504
2504
2508
2513
2515
2515
2517
2517
2518
2520
2525
2527
2527
2528
2538
2542
2553
2554
2554
2556
2556
2556
2557
2559
2564
2567
2575
2576
2581
2582
2586
2587
2588
2590
2593
2593
2593
2593
2597
2598
2599
2599
2601
2602
2603
2604
2607
2609
2611
2621
2623
2625
2630
2636
2637
2639
2640
2645
2653
2656
2659
2661
2661
2663
2667
2671
2672
2673
2677
2681
2684
2687
2688
2691
2694
2694
2695
2695
2695
2695
2696
2698
2699
2700
2700
2714
2726
2738
2745
2747
2751
2755
2774
2775
2783
2787
2792
2817
2826
2835
2849
2849
2849
2850
2851
2868
2879
2887
2887
2887
2887
2888
2888
2892
2893
2895
2900
2920
2925
2927
2933
2933
2933
2934
2934
2934
2934
2971
2971
2971
2983
2991
2995
3008
3010
3017
3037
3073
3073
3075
3075
3089
3112
3125
3125
3138
3138
3159
3174
3174
3175
3175
3176
3176
3182
3187
3188
3196
3214
3216
3226
3227
3234
3234
3235
3237
3244
3264
3308
3316
3320
3320
3321
3322
3323
3328
3334
3334
3335
3337
3341
3341
3356
3409
3410
3410
3416
3417
3424
3425
3439
3450
3456
3458
3458
3458
3458
3458
3459
3459
3459
3459
3459
3459
3459
3459
3459
3459
3459
