0
2
2
2
3
3
4
4
4
7
7
7
7
8
8
8
8
10
10
10
11
11
11
12
12
12
13
13
14
15
15
15
15
15
15
15
15
15
16
16
17
17
17
18
18
18
18
18
18
19
19
19
19
19
19
19
19
19
19
19
20
20
20
20
20
20
20
20
20
20
20
20
21
21
21
21
21
21
21
22
22
22
22
22
22
22
22
22
23
23
23
23
23
23
23
24
24
24
24
24
24
25
25
25
25
26
26
26
26
26
26
26
26
27
27
27
27
27
27
27
27
27
27
28
28
28
28
28
28
28
28
29
29
29
29
29
29
29
29
30
30
30
30
31
31
31
31
31
31
31
31
31
32
32
32
32
32
32
32
32
32
32
32
32
33
33
33
33
33
33
33
33
33
33
33
33
33
34
34
34
35
35
35
35
35
35
36
36
36
37
37
37
37
37
37
38
38
39
39
39
39
39
39
40
40
40
41
41
41
41
42
42
42
42
42
42
42
42
42
42
42
42
42
42
42
43
43
43
43
43
44
44
46
46
46
46
47
48
48
48
48
48
48
48
49
51
51
51
52
52
52
53
53
53
54
54
55
55
55
56
57
58
59
60
60
60
61
61
61
61
62
62
63
63
63
64
64
64
64
64
64
64
64
65
66
67
67
67
67
68
69
69
69
69
69
70
70
70
71
72
72
72
73
73
74
74
76
76
76
77
77
77
77
77
77
77
78
78
78
78
78
78
78
79
79
79
79
79
79
79
80
80
80
81
82
82
83
83
83
84
84
85
86
86
86
87
87
87
87
88
88
88
88
89
89
89
89
90
90
90
92
92
92
92
92
92
92
92
92
92
93
93
93
93
93
93
93
93
93
93
93
93
93
94
94
94
94
94
95
95
95
95
95
95
95
96
96
96
97
97
97
97
98
98
99
100
100
100
100
100
100
101
101
101
101
101
101
102
102
103
103
103
103
103
103
103
103
103
103
104
104
104
104
104
105
105
106
106
106
106
106
107
107
107
109
109
110
111
111
112
112
112
112
113
113
113
113
113
113
114
114
114
114
114
114
114
115
115
115
116
116
116
116
117
117
117
117
118
118
118
118
118
118
118
119
119
119
119
119
119
121
121
121
122
122
122
122
122
123
123
124
124
125
126
126
126
126
127
128
129
129
129
129
129
129
129
129
129
130
131
131
131
132
132
133
133
133
135
136
136
136
138
138
140
143
144
144
144
144
145
146
147
148
148
148
149
149
149
150
151
155
155
155
156
156
156
156
157
157
157
157
157
157
157
157
157
157
157
157
158
158
158
158
158
158
158
159
159
159
159
159
159
159
159
159
161
162
163
163
163
164
164
164
165
165
165
166
166
166
166
166
166
168
168
169
169
169
169
169
169
169
169
169
169
170
170
170
171
171
171
171
172
172
172
175
175
175
175
176
176
176
177
178
178
179
179
180
180
180
180
181
181
181
181
182
183
183
186
186
188
188
189
190
190
190
192
193
193
193
194
194
195
195
195
196
196
196
197
197
197
198
198
200
200
201
203
204
205
205
207
207
209
209
210
210
211
211
211
212
212
213
214
214
215
215
215
215
215
216
216
216
216
216
216
216
217
217
217
218
218
218
219
220
220
220
222
222
223
223
224
224
224
225
225
225
226
227
227
229
231
232
233
233
235
235
235
235
236
236
236
236
236
237
237
238
238
239
239
239
240
240
241
241
241
241
242
242
242
242
243
244
244
245
245
246
246
247
247
247
247
247
248
248
249
250
251
253
253
253
254
254
254
254
254
254
254
254
255
255
256
256
257
258
258
259
259
260
260
263
264
264
265
265
265
267
270
271
272
273
275
276
278
279
280
281
281
281
282
282
283
283
283
283
284
284
287
287
288
288
289
289
290
290
290
292
293
293
293
294
294
294
294
294
294
294
294
295
296
296
297
298
299
301
302
302
305
308
310
310
311
311
312
313
313
314
317
317
318
320
320
321
321
322
323
323
324
326
329
330
330
331
331
331
332
333
334
335
335
337
337
338
338
339
339
341
342
342
342
343
343
344
345
345
346
346
347
348
349
350
350
350
352
352
353
355
358
358
360
360
364
367
367
368
368
368
370
370
373
374
375
375
375
378
383
383
385
388
389
390
392
392
392
394
395
395
397
398
406
406
406
406
406
406
406
406
406
406
407
407
407
407
407
407
407
408
408
410
413
414
414
417
417
417
424
426
428
428
430
431
432
433
434
440
441
442
443
443
443
443
444
444
444
445
445
445
445
449
453
456
457
457
458
458
458
458
458
458
458
458
458
459
459
459
459
459
460
461
462
462
462
472
473
477
477
478
480
487
488
489
494
502
510
515
517
518
518
521
522
527
533
541
546
551
554
557
558
558
558
562
565
565
565
567
569
570
570
571
584
586
588
589
589
593
596
599
599
599
600
600
600
600
600
600
600
600
600
600
600
600
601
601
601
601
605
607
607
610
615
616
616
616
616
620
624
630
634
635
635
646
647
648
649
654
655
656
657
657
657
661
662
671
675
676
679
684
685
686
690
691
691
692
693
693
697
700
703
712
712
713
718
720
730
739
741
741
742
743
744
750
753
762
762
763
773
773
773
774
774
774
774
774
775
776
776
777
778
780
781
781
782
782
788
794
796
798
817
823
830
838
838
839
840
841
843
845
846
846
847
848
848
848
856
865
895
895
899
905
905
906
910
911
913
914
917
921
936
937
937
938
940
952
952
954
954
954
954
954
954
955
956
961
963
964
964
969
970
971
971
972
972
972
972
972
973
974
974
974
976
984
986
987
987
987
987
988
988
990
990
991
995
995
999
999
1000
1000
1001
1001
1001
1001
1002
1002
1002
1006
1007
1008
1008
1008
1008
1008
1008
1008
1010
1010
1012
1014
1017
1018
1019
1019
1020
1029
1037
1049
1050
1064
1066
1073
1076
1091
1093
1098
1119
1121
1126
1127
1153
1155
1171
1180
1180
1190
1193
1193
1194
1195
1196
1196
1197
1199
1201
1207
1209
1210
1210
1211
1214
1216
1220
1221
1223
1227
1229
1235
1235
1235
1236
1239
1240
1243
1249
1256
1260
1260
1260
1261
1261
1261
1261
1261
1262
1262
1265
1266
1266
1270
1274
1277
1277
1280
1294
1297
1298
1298
1299
1300
1300
1304
1309
1309
1311
1322
1323
1331
1348
1351
1353
1353
1354
1357
1374
1376
1376
1380
1382
1384
1388
1388
1392
1420
1420
1420
1421
1421
1421
1421
1421
1422
1422
1423
1423
1423
1429
1431
1431
1432
1432
1432
1433
1433
1433
1433
1434
1434
1434
1435
1437
1437
1437
1439
1439
1440
1441
1442
1443
1443
1444
1444
1444
1445
1445
1445
1446
1446
1446
1447
1447
1448
1448
1451
1451
1452
1452
1453
1453
1454
1455
1456
1456
1456
1457
1458
1458
1460
1460
1460
1460
1460
1461
1461
1461
1461
1462
1463
1463
1464
1464
1464
1464
1464
1466
1466
1467
1468
1468
1468
1469
1469
1469
1470
1470
1471
1471
1473
1474
1475
1476
1476
1477
1477
1477
1482
1483
1483
1485
1486
1489
1490
1490
1490
1490
1490
1494
1494
1495
1508
1510
1510
1518
1531
1548
1552
1552
1553
1553
1554
1556
1558
1561
1562
1564
1565
1566
1566
1566
1566
1566
1566
1566
1567
1567
1567
1567
1567
1567
1567
1568
1568
1568
1568
1568
1568
1568
1568
1570
1570
1572
1573
1574
1575
1575
1577
1577
1580
1582
1583
1585
1585
1586
1586
1586
1589
1591
1591
1591
1592
1592
1595
1595
1596
1596
1597
1599
1599
1599
1600
1601
1602
1602
1604
1604
1606
1609
1609
1609
1610
1610
1610
1612
1613
1613
1613
1613
1613
1614
1614
1614
1615
1615
1615
1617
1618
1621
1621
1622
1623
1623
1624
1624
1625
1626
1627
1627
1628
1628
1632
1633
1636
1636
1637
1638
1638
1640
1641
1643
1645
1646
1647
1647
1648
1648
1648
1649
1649
1649
1652
1654
1656
1657
1657
1657
1657
1660
1660
1662
1663
1663
1664
1664
1664
1664
1664
1664
1665
1665
1666
1666
1666
1666
1667
1667
1667
1667
1667
1667
1667
1668
1668
1668
1668
1668
1668
1669
1670
1670
1670
1671
1671
1671
1671
1671
1672
1672
1672
1672
1673
1673
1677
1678
1681
1683
1684
1686
1695
1695
1699
1700
1704
1704
1704
1704
1705
1705
1705
1706
1710
1710
1711
1712
1713
1714
1714
1717
1719
1723
1725
1728
1729
1730
1731
1732
1734
1737
1737
1739
1740
1741
1745
1745
1745
1749
1750
1751
1752
1754
1756
1757
1758
1760
1762
1763
1763
1768
1769
1770
1770
1771
1775
1777
1779
1780
1782
1784
1785
1786
1791
1791
1794
1794
1794
1796
1804
1805
1810
1818
1830
1847
1847
1851
1858
1862
1863
1866
1887
1900
1901
1902
1902
1904
1932
1932
1933
1933
1933
1933
1933
1933
1933
1933
1934
1934
1934
1934
1934
1934
1934
1934
1935
1935
1935
1935
1935
1935
1935
1935
1935
1935
1935
1936
1936
1938
1945
1948
1949
1949
1954
1973
1973
1976
1976
1979
1979
1987
2007
2013
2050
2070
2070
2072
2076
2077
2078
2092
2096
2148
2151
2157
2165
2168
2168
2184
2189
2194
2201
2202
2203
2209
2233
2243
2245
2252
2253
2253
2256
2256
2257
2257
2258
2258
2258
2258
2259
2259
2259
2259
2260
2263
2265
2265
2265
2270
2271
2272
2272
2283
2284
2288
2293
2306
2313
2330
2332
2337
2337
2350
2351
2352
2355
2369
2425
2431
2431
2434
2435
2435
2443
2445
2457
2482
2500
2504
2505
2507
2508
2509
2510
2510
2525
2536
2536
2541
2544
2546
2548
2556
2557
2559
2560
2560
2565
2565
2565
2565
2571
2572
2576
2577
2583
2584
2585
2586
2586
2589
2628
2629
2666
2694
2711
2711
2733
2740
2956
2962
2964
2976
2978
2983
2984
2985
2985
2985
2985
2986
2986
2987
2988
2989
2991
2992
3052
3072
3074
3078
3079
3081
3081
3081
3082
3086
3086
3088
3088
3091
3094
3095
3095
3095
3096
3098
3098
3098
3098
3099
3100
3100
3104
3107
3107
3109
3111
3111
3112
3114
3116
3122
3122
3123
3128
3128
3128
3130
3131
3132
3132
3132
3134
3134
3134
3134
3135
3139
3140
3140
3153
3174
3182
3215
3224
3230
3232
3243
3272
3272
3272
3308
3331
3411
3418
3419
3456
3456
3468
3476
3483
3484
3511
3512
3541
3543
3552
3557
3573
3575
3577
3589
3595
3599
3604
3608
3608
3611
3614
3614
3622
3630
3630
3640
3643
3701
3707
3707
3721
3766
3796
3798
3799
3799
3799
3806
3809
3810
3810
3811
3811
3816
3818
3828
3834
3835
3835
3845
3847
3850
3852
3853
3854
3892
3920
3923
3998
3999
4000
4000
4003
4003
4023
4049
4051
4087
4108
4110
4112
4142
4147
4161
4161
4163
4169
4169
4171
4181
4187
4307
4309
4320
4326
4327
4367
4367
4368
4371
4378
4387
4388
4395
4396
4438
4454
4464
4464
4467
4469
4470
4473
4475
4479
4479
4491
4538
4540
4542
4547
4547
4549
4552
4552
4558
4563
4564
4564
4564
4565
4567
4569
4570
4570
4571
4571
4571
4574
4574
4575
4578
4579
4580
4584
4587
4588
4589
4591
4594
4594
4596
4598
4603
4605
4612
4614
4615
4615
4616
4617
4617
4626
4626
4626
4626
4627
4628
4632
4661
4704
4707
4713
4721
4724
4724
4727
4733
4736
4740
4743
4752
4753
4754
4754
4766
4769
4770
4773
4774
4781
4782
4782
4782
4782
4782
4798
4814
4815
4815
4821
4826
4830
4834
4851
4852
4855
4856
4860
4867
4871
4877
4882
4986
4995
5013
5015
5021
5025
5026
5026
5040
5055
5060
5060
5061
5064
5068
5071
5081
5102
5178
5185
5194
5194
5220
5220
5222
5222
5223
5225
5225
5233
5235
5236
5239
5247
5256
5261
5261
5272
5274
5275
5278
5279
5284
5291
5297
5297
5297
5299
5299
5303
5303
5306
5307
5310
5318
5318
5318
5320
5327
5329
5331
5333
5333
5333
5334
5335
5335
5335
5337
5337
5342
5343
5350
5352
5352
5352
5353
5473
5474
5513
5514
5546
5567
5569
5584
5599
5674
5698
5698
5698
5702
5718
5725
5725
5725
5726
5729
5729
5731
5737
5742
5745
5748
5749
5754
5788
5793
5811
5816
5826
5838
5842
5848
5849
5850
5855
5855
5861
5879
5881
5883
5884
5885
5886
5891
5893
5896
5900
5901
5902
5903
5908
5910
5911
5912
5915
5918
5918
5918
5920
5923
5926
5928
5929
5942
