2
2
2
3
3
3
4
4
5
5
5
7
8
8
8
8
9
9
9
10
10
10
12
12
12
12
12
13
13
13
13
13
14
14
14
14
16
16
17
17
17
17
17
17
18
19
19
20
20
20
20
20
20
20
21
21
21
21
21
21
21
21
21
21
22
22
22
22
22
22
22
22
23
23
23
23
23
23
23
23
23
23
23
23
23
24
24
24
24
24
24
24
24
24
24
24
24
24
24
24
24
25
25
25
25
25
26
26
26
27
27
27
28
28
28
28
28
28
28
28
29
29
29
29
29
29
29
29
29
30
30
30
30
30
30
30
30
30
30
31
31
31
32
32
32
32
32
32
32
32
32
32
32
32
33
33
33
33
33
33
33
33
33
33
33
33
33
33
34
34
34
34
34
34
34
34
34
34
34
34
34
35
35
35
36
36
36
36
36
36
36
36
37
37
37
37
37
37
37
37
37
37
37
38
38
38
38
38
39
39
39
40
40
41
42
42
42
42
42
43
43
43
43
44
45
45
45
46
46
47
47
47
48
48
48
48
48
48
49
49
49
49
49
49
50
50
50
50
50
50
50
50
51
51
51
51
51
51
51
52
52
52
52
53
53
53
53
53
54
54
55
55
56
56
56
57
57
57
57
57
57
57
58
58
58
59
59
59
59
59
60
61
61
62
62
62
62
63
63
63
63
63
64
64
64
64
65
65
65
65
65
65
65
66
66
66
66
67
67
67
68
68
68
68
69
69
70
70
70
70
71
71
71
71
71
71
72
73
74
74
74
74
74
74
75
75
76
76
76
76
77
77
77
77
77
78
78
78
78
78
78
79
79
80
80
80
80
81
81
81
81
81
82
83
83
83
83
83
83
84
85
85
85
86
86
86
86
87
87
87
87
88
88
88
88
88
89
89
89
89
90
90
90
91
91
92
92
93
93
93
93
94
94
94
94
94
95
95
95
95
95
96
96
96
96
96
96
96
96
96
96
96
96
97
97
97
97
97
97
97
97
97
97
97
97
98
98
98
98
98
98
98
99
99
99
99
99
99
99
100
100
100
100
100
100
101
101
101
101
101
102
102
102
102
102
102
102
102
103
103
103
104
104
104
104
104
105
105
105
105
105
106
106
106
106
107
107
108
109
109
110
111
111
111
113
113
114
114
114
114
114
115
116
116
116
116
116
117
117
117
117
117
117
117
117
118
118
119
119
119
119
120
121
121
121
121
122
122
122
122
122
122
123
123
123
123
123
123
123
124
124
124
124
124
125
125
125
125
125
125
125
125
126
126
126
126
126
126
126
126
126
126
126
127
127
127
127
127
128
128
129
129
129
129
130
130
130
130
131
131
131
131
131
131
132
132
132
132
132
132
133
133
133
134
134
134
134
134
134
135
135
135
136
136
137
138
138
138
139
139
139
140
140
141
141
141
142
142
142
142
142
142
142
142
143
143
144
144
144
145
145
145
145
145
145
146
146
147
147
147
148
148
148
148
148
149
149
149
149
151
151
151
152
152
152
152
153
153
156
156
156
157
157
157
157
157
157
157
157
158
158
158
158
159
159
159
159
159
159
160
160
160
161
161
162
163
163
163
163
164
164
164
164
164
165
167
167
167
167
167
167
168
168
168
168
168
168
168
168
168
168
168
168
168
169
169
169
169
169
170
170
171
171
171
171
171
172
172
173
173
173
173
173
174
174
174
175
175
175
175
175
176
176
176
176
176
177
177
177
177
177
177
178
179
179
180
180
180
180
180
180
181
181
182
182
182
183
183
183
183
184
184
184
184
185
186
186
186
187
187
188
189
189
190
190
191
193
193
193
194
195
195
196
196
197
197
198
198
198
198
199
199
199
199
200
200
202
202
202
202
204
205
205
205
205
206
207
207
207
207
208
208
208
209
211
211
211
212
213
213
213
213
214
215
215
215
216
216
216
216
217
217
217
217
217
217
217
218
218
218
218
218
219
219
219
219
219
219
219
220
220
220
220
220
220
221
221
221
222
222
223
223
224
224
224
224
225
226
226
226
227
227
227
227
227
228
228
228
228
228
228
229
229
229
229
229
229
229
230
230
230
230
230
230
231
231
231
232
232
233
233
233
234
234
235
235
236
236
236
236
237
237
237
238
238
238
239
239
239
240
241
242
242
245
246
246
246
247
247
247
247
247
247
247
247
247
248
249
250
250
250
250
251
251
252
252
252
252
253
253
253
253
254
255
256
256
257
257
259
259
259
260
260
261
261
261
261
262
262
263
263
263
264
265
266
267
267
267
268
268
268
268
269
269
270
270
270
270
271
272
272
272
273
274
275
277
277
281
281
282
283
283
283
283
283
284
284
284
285
285
285
286
287
287
288
288
288
289
289
291
293
297
298
299
299
300
301
302
302
303
306
306
306
307
308
308
310
311
311
312
313
317
317
319
319
320
321
321
322
323
323
327
328
328
329
329
330
333
333
334
336
338
339
340
345
346
350
351
352
352
352
354
356
356
357
358
361
365
365
368
369
370
373
373
375
375
377
379
379
382
387
388
390
392
393
394
395
395
399
400
401
401
406
406
408
409
412
412
413
415
416
419
420
420
420
422
422
425
428
430
430
431
431
432
433
434
436
439
440
441
441
442
442
444
444
445
446
447
448
448
448
449
450
455
457
459
460
461
463
463
465
465
465
465
467
467
467
467
468
471
473
475
478
480
480
484
486
486
487
487
488
488
488
489
492
496
499
499
503
505
507
508
509
509
511
512
513
513
513
513
516
517
518
524
526
528
531
533
534
543
545
551
551
552
552
552
561
561
561
562
563
564
565
566
566
567
567
568
584
584
586
589
589
589
590
591
591
591
594
595
599
600
600
600
600
601
608
608
608
609
609
617
618
619
619
619
619
619
619
619
623
625
628
630
639
648
648
650
653
655
661
662
663
663
663
663
664
664
665
666
667
668
669
669
671
672
672
673
673
674
675
675
676
676
679
679
679
680
680
680
681
682
682
683
684
688
689
691
692
692
697
697
697
698
698
698
699
699
699
700
700
700
702
702
703
703
704
704
704
704
704
705
705
705
706
707
707
707
707
708
711
712
714
715
716
717
735
735
741
742
745
745
746
750
750
752
752
760
763
764
765
765
765
765
765
765
765
765
765
765
766
766
766
766
766
766
767
768
771
771
771
771
772
772
772
772
772
772
772
773
773
773
773
773
773
773
773
774
774
774
774
774
774
774
774
774
775
775
775
775
775
776
777
778
779
781
781
782
783
783
784
787
789
789
789
789
789
789
789
789
789
790
790
790
790
790
790
791
791
791
791
791
791
791
792
792
792
792
792
793
793
794
794
794
794
797
798
800
800
801
801
802
803
804
804
805
806
807
807
807
811
812
815
817
817
820
821
827
828
831
839
844
845
845
848
849
850
851
852
853
854
854
857
859
863
864
864
865
866
867
869
869
869
869
869
870
870
871
871
871
871
872
872
873
873
873
874
874
874
874
876
876
883
884
884
885
886
886
887
889
890
890
891
891
891
891
891
891
891
891
891
891
891
892
892
892
892
892
894
894
895
898
904
904
904
905
906
910
913
918
924
928
930
932
933
933
933
935
936
936
938
938
939
939
939
939
939
940
943
945
945
946
947
949
949
949
950
951
952
952
953
955
961
961
961
964
972
973
973
974
974
980
982
982
982
982
983
983
983
983
983
983
984
984
984
984
984
986
988
990
992
994
995
997
998
999
999
1000
1002
1002
1003
1003
1003
1004
1005
1005
1005
1006
1006
1007
1009
1009
1009
1013
1015
1017
1022
1027
1028
1030
1032
1033
1033
1034
1037
1038
1038
1042
1043
1045
1049
1050
1052
1057
1060
1060
1061
1062
1063
1064
1067
1068
1069
1070
1072
1073
1074
1075
1076
1082
1083
1085
1092
1093
1094
1098
1098
1099
1099
1101
1102
1103
1108
1108
1109
1110
1112
1112
1113
1113
1114
1115
1115
1117
1120
1120
1120
1121
1127
1133
1137
1137
1145
1145
1145
1146
1147
1153
1154
1154
1156
1157
1159
1160
1160
1161
1162
1167
1168
1169
1169
1174
1190
1194
1199
1203
1204
1205
1205
1207
1215
1221
1222
1224
1224
1229
1230
1232
1240
1243
1249
1255
1264
1264
1266
1281
1287
1288
1291
1302
1304
1305
1316
1317
1317
1319
1319
1320
1320
1320
1323
1325
1331
1333
1340
1341
1345
1347
1347
1348
1350
1357
1358
1361
1361
1362
1362
1363
1364
1365
1366
1370
1372
1373
1376
1376
1377
1377
1378
1379
1379
1380
1380
1380
1381
1383
1384
1385
1386
1386
1388
1389
1389
1389
1391
1394
1397
1397
1398
1399
1399
1401
1404
1404
1404
1405
1405
1408
1409
1409
1410
1411
1412
1413
1417
1418
1420
1421
1421
1421
1422
1422
1422
1422
1425
1425
1426
1426
1427
1427
1427
1428
1429
1429
1430
1430
1430
1432
1432
1432
1432
1432
1433
1433
1434
1435
1435
1436
1436
1438
1438
1438
1441
1441
1442
1442
1443
1445
1447
1450
1450
1451
1451
1451
1452
1454
1456
1457
1458
1460
1468
1473
1477
1482
1489
1493
1494
1495
1495
1500
1501
1504
1505
1508
1511
1512
1516
1519
1521
1522
1523
1525
1527
1529
1529
1534
1534
1535
1537
1542
1543
1543
1543
1544
1547
1547
1547
1547
1548
1549
1549
1550
1551
1551
1552
1552
1552
1553
1556
1557
1558
1558
1560
1561
1561
1562
1563
1565
1566
1566
1567
1568
1568
1569
1571
1573
1573
1574
1575
1575
1575
1577
1577
1577
1577
1580
1583
1586
1588
1588
1591
1595
1596
1597
1599
1599
1599
1599
1600
1602
1602
1602
1604
1604
1605
1607
1608
1610
1611
1612
1612
1612
1612
1615
1620
1620
1621
1623
1623
1624
1627
1628
1628
1628
1629
1629
1630
1630
1631
1634
1634
1651
1656
1662
1667
1669
1671
1673
1680
1680
1681
1693
1694
1695
1696
1697
1701
1708
1710
1711
1713
1714
1714
1714
1714
1714
1714
1715
1719
1722
1723
1726
1727
1728
1731
1731
1732
1733
1734
1735
1736
1736
1736
1737
1740
1740
1743
1743
1746
1747
1753
1754
1754
1756
1758
1761
1761
1764
1764
1765
1765
1769
1780
1790
1791
1792
1794
1796
1799
1803
1810
1814
1818
1819
1820
1822
1825
1827
1828
1828
1828
1829
1842
1845
1853
1858
1860
1864
1875
1875
1879
1882
1882
1890
1893
1901
1904
1907
1911
1911
1913
1915
1916
1916
1921
1921
1923
1923
1927
1930
1931
1936
1938
1948
1953
1955
1966
1966
1966
1967
1967
1967
1967
1967
1967
1967
1968
1973
1974
1976
1976
1977
1979
1980
1980
1981
1981
1981
1982
1988
1988
1989
1992
1998
1998
1999
2001
2002
2010
2014
2015
2017
2021
2022
2022
2024
2027
2027
2029
2030
2037
2038
2045
2048
2050
2059
2062
2063
2065
2066
2067
2067
2070
2070
2076
2085
2087
2089
2090
2091
2092
2092
2095
2096
2098
2099
2101
2102
2106
2106
2107
2108
2108
2109
2109
2110
2111
2111
2114
2114
2116
2116
2118
2118
2119
2120
2120
2122
2122
2124
2125
2126
2126
2126
2127
2131
2131
2132
2133
2133
2137
2143
2144
2152
2152
2158
2158
2159
2161
2161
2162
2162
2162
2163
2165
2165
2166
2168
2168
2168
2169
2175
2176
2179
2181
2181
2184
2187
2188
2192
2198
2201
2201
2201
2202
2202
2202
2202
2202
2202
2202
2202
2202
2202
2203
2203
2204
2209
2214
2217
2217
2222
2223
2223
2232
2232
2233
2234
2234
2236
2236
2237
2238
2242
2242
2243
2243
2244
2245
2246
2247
2247
2249
2253
2256
2258
2261
2263
2264
2267
2268
2270
2270
2271
2280
2282
2283
2286
2286
2286
2287
2288
2289
2290
2291
2294
2294
2299
2300
2302
2305
2305
2306
2307
2307
2309
2309
2309
2310
2311
2314
2315
2318
2320
2320
2321
2322
2323
2323
