2
2
3
3
4
4
5
5
5
6
7
8
8
9
9
9
10
10
10
10
10
10
11
11
12
13
13
13
13
13
13
14
15
15
15
15
16
16
17
18
18
19
20
20
20
20
20
20
21
21
21
21
21
21
22
22
22
22
22
22
22
22
22
22
22
22
22
22
22
22
22
22
22
22
23
23
23
23
23
23
23
23
23
23
24
24
24
24
24
25
25
25
25
26
26
26
27
27
27
28
28
29
30
30
30
30
30
30
30
30
30
30
30
31
31
31
31
31
31
31
31
31
31
31
31
31
31
32
32
32
32
32
32
32
32
32
32
32
32
33
33
33
33
33
33
33
33
33
33
33
34
34
34
34
34
34
34
34
34
34
34
34
34
34
35
35
35
35
35
35
35
35
35
35
35
35
36
36
36
36
36
36
36
36
36
36
36
37
37
37
38
38
38
38
39
39
39
39
39
39
39
39
39
39
39
39
39
39
39
40
40
40
40
40
40
40
41
41
41
41
41
41
42
42
42
42
42
42
42
42
43
43
43
43
43
44
44
44
45
45
45
45
45
45
45
46
46
46
46
47
47
49
49
50
51
51
51
51
52
52
52
52
52
53
53
54
54
54
54
55
56
56
56
56
57
57
58
58
59
59
60
60
60
60
61
61
61
61
62
62
62
62
63
63
63
64
64
65
65
65
65
65
65
66
66
66
66
67
67
67
67
67
67
68
69
70
70
71
71
72
72
72
72
73
74
74
74
74
75
75
75
75
75
75
76
76
76
77
77
77
77
77
78
78
78
78
79
79
80
80
81
81
83
83
84
84
84
85
85
85
85
85
85
86
86
86
86
86
87
87
87
87
88
88
88
88
88
88
88
89
89
89
89
89
89
89
89
90
90
90
91
91
92
92
92
92
92
92
93
93
93
93
93
94
94
94
94
94
94
95
95
95
95
96
96
96
96
96
96
97
97
97
97
97
97
97
97
98
98
98
98
98
98
98
98
99
99
99
99
99
99
99
99
99
99
100
100
100
100
100
100
100
100
101
101
102
103
103
103
104
104
105
105
105
105
106
106
106
106
106
107
107
107
107
107
107
107
107
107
107
108
108
108
108
108
109
109
110
110
110
110
111
111
112
112
112
112
112
112
113
113
113
113
113
113
113
113
114
114
114
115
115
115
116
116
117
117
117
117
117
118
118
118
118
118
119
119
119
119
119
120
121
121
121
122
122
122
122
122
122
123
124
124
125
125
125
125
125
125
126
126
126
127
127
128
128
129
129
130
130
130
130
131
131
131
132
132
133
133
133
133
133
134
134
134
135
135
136
136
136
136
137
138
139
139
139
140
141
141
142
142
143
143
143
144
144
144
144
144
144
145
145
145
145
145
145
146
146
146
146
147
147
147
147
147
147
147
147
148
148
148
148
149
149
149
149
149
150
150
150
150
151
151
151
153
153
153
153
153
154
154
154
154
154
154
155
155
155
155
156
156
156
156
156
156
156
157
157
158
158
159
160
160
161
162
162
162
162
162
162
163
163
163
163
163
164
164
164
165
166
167
167
168
168
169
169
171
171
171
171
171
171
173
173
173
173
173
175
177
180
181
182
183
185
186
186
188
189
189
189
190
190
190
191
192
192
192
192
192
193
193
193
194
197
197
197
198
198
201
202
203
203
204
204
206
207
208
208
208
208
209
209
209
210
210
212
212
212
212
213
213
214
214
214
214
214
216
216
217
217
217
218
218
220
220
220
222
222
223
224
225
226
226
226
227
227
228
228
229
229
229
230
230
231
231
232
234
234
235
235
235
235
235
236
236
236
237
237
237
237
237
237
237
237
237
238
238
239
240
240
240
241
241
241
241
241
242
242
242
242
242
242
243
243
243
243
243
243
244
244
244
244
245
245
246
246
246
246
246
246
247
247
247
247
247
248
248
249
249
249
249
249
250
251
251
251
251
251
252
252
252
253
253
253
253
254
254
254
254
254
255
255
255
255
255
255
255
256
256
256
256
256
257
257
257
257
259
260
261
261
261
263
263
263
264
265
266
267
268
268
268
268
268
269
269
270
271
271
272
272
272
272
272
273
275
275
275
276
277
277
277
277
277
277
278
279
282
283
284
284
284
285
286
286
287
288
288
289
289
290
291
292
292
293
294
294
294
295
295
296
297
297
297
299
299
299
300
301
301
304
304
307
308
309
309
310
312
316
317
319
320
321
322
322
323
324
326
327
328
329
329
336
336
337
339
341
344
345
345
348
348
348
349
351
352
354
358
358
359
360
360
361
361
361
363
365
366
366
367
367
367
368
368
368
372
372
373
373
373
374
374
374
374
375
375
375
377
378
380
381
384
386
386
386
387
388
389
397
399
400
402
404
405
407
407
407
408
409
409
410
414
414
416
416
417
418
420
421
421
421
421
422
422
424
425
426
427
430
430
433
436
436
442
443
444
445
448
449
450
451
452
453
453
453
453
453
454
454
454
454
455
455
455
455
456
456
456
457
457
458
458
458
459
461
461
463
467
467
468
471
473
474
474
474
475
475
479
480
481
483
485
487
488
488
488
488
488
488
488
488
488
488
489
489
489
492
493
495
496
496
497
497
497
497
498
498
511
512
515
518
522
523
524
528
528
530
530
531
531
532
532
532
532
533
533
533
535
536
537
537
546
547
549
550
551
552
554
555
557
557
558
559
560
560
560
560
561
563
564
564
564
565
566
566
566
566
568
569
569
572
575
575
577
579
580
580
581
581
581
581
583
584
584
585
586
586
588
588
589
589
589
590
591
592
595
596
597
600
600
601
602
603
603
604
609
610
610
610
612
612
612
613
613
615
615
615
615
617
618
619
619
623
632
632
632
633
633
638
641
642
642
644
648
649
649
651
651
652
652
653
660
662
664
666
667
668
669
670
670
671
672
679
681
682
682
682
682
682
682
682
682
682
682
683
683
683
683
686
687
688
688
688
688
691
691
699
701
708
709
710
711
711
712
712
712
712
712
713
713
713
713
713
714
714
714
714
715
715
715
715
716
716
716
716
717
717
721
727
728
730
730
731
731
731
732
732
732
732
732
733
733
733
733
733
733
733
733
733
733
733
733
733
734
734
734
737
738
738
741
741
741
741
741
743
747
748
749
753
758
766
767
771
772
775
780
782
785
785
786
786
788
788
789
793
795
795
796
796
796
796
796
796
797
797
797
797
798
798
798
798
798
801
801
802
802
802
802
804
806
806
807
808
808
809
812
813
813
813
813
813
813
814
814
818
820
820
821
826
826
827
831
844
846
846
846
847
849
855
856
857
861
862
864
865
867
873
883
914
915
917
921
925
929
929
938
945
945
946
946
949
951
957
959
960
964
964
965
965
965
966
966
966
966
966
967
967
967
967
968
968
969
970
974
975
975
976
978
979
980
980
986
988
995
995
998
998
1002
1003
1003
1005
1005
1005
1005
1007
1008
1009
1010
1011
1011
1011
1012
1013
1015
1018
1019
1019
1020
1022
1022
1023
1025
1025
1028
1028
1032
1033
1034
1034
1034
1035
1035
1036
1039
1041
1041
1041
1043
1045
1046
1047
1048
1048
1049
1049
1049
1049
1049
1049
1049
1049
1049
1050
1050
1050
1050
1050
1050
1051
1051
1051
1051
1051
1051
1051
1052
1052
1052
1052
1052
1052
1053
1054
1054
1057
1066
1067
1067
1071
1071
1072
1075
1076
1076
1078
1078
1078
1079
1081
1084
1085
1085
1087
1088
1089
1098
1105
1107
1108
1108
1108
1109
1110
1111
1114
1118
1118
1118
1121
1121
1122
1128
1128
1130
1133
1142
1143
1143
1143
1145
1146
1146
1146
1146
1147
1149
1150
1151
1152
1153
1154
1156
1158
1160
1160
1161
1161
1163
1164
1164
1165
1166
1167
1167
1168
1172
1173
1176
1176
1177
1179
1179
1183
1198
1200
1200
1205
1205
1206
1207
1207
1209
1210
1213
1213
1215
1216
1224
1225
1228
1232
1234
1234
1234
1235
1236
1238
1244
1246
1246
1246
1246
1248
1248
1248
1248
1249
1249
1249
1249
1251
1252
1255
1256
1256
1258
1260
1261
1263
1263
1266
1267
1267
1267
1273
1275
1276
1276
1276
1279
1279
1279
1279
1279
1279
1283
1285
1286
1286
1287
1287
1287
1289
1291
1296
1298
1301
1302
1303
1315
1318
1322
1322
1326
1326
1328
1330
1331
1331
1331
1332
1333
1333
1333
1334
1335
1336
1337
1337
1339
1340
1341
1344
1345
1355
1360
1362
1362
1366
1379
1381
1382
1383
1385
1386
1387
1391
1392
1393
1394
1395
1395
1395
1396
1396
1396
1397
1397
1398
1399
1401
1405
1406
1409
1413
1413
1415
1415
1417
1419
1419
1420
1420
1421
1421
1421
1421
1421
1421
1421
1421
1422
1423
1423
1424
1425
1425
1426
1426
1426
1426
1426
1427
1427
1428
1428
1429
1429
1430
1430
1430
1431
1431
1431
1432
1433
1434
1434
1434
1435
1435
1436
1437
1437
1437
1437
1438
1439
1439
1439
1440
1440
1442
1442
1443
1443
1444
1444
1445
1446
1446
1446
1447
1447
1447
1448
1448
1448
1448
1448
1448
1449
1449
1450
1450
1450
1450
1450
1450
1451
1452
1452
1453
1453
1455
1455
1455
1457
1457
1461
1461
1462
1467
1471
1481
1482
1483
1484
1485
1492
1495
1496
1496
1499
1499
1502
1511
1513
1514
1517
1520
1522
1523
1526
1526
1531
1534
1535
1536
1536
1536
1539
1540
1540
1543
1545
1545
1546
1546
1546
1547
1548
1548
1549
1549
1550
1551
1551
1551
1551
1551
1551
1554
1555
1555
1555
1557
1557
1558
1558
1559
1559
1561
1561
1561
1561
1562
1562
1562
1562
1562
1562
1562
1562
1562
1563
1563
1564
1564
1565
1566
1566
1567
1567
1568
1570
1570
1570
1571
1573
1574
1574
1575
1575
1576
1576
1576
1577
1578
1578
1579
1579
1580
1582
1584
1584
1585
1588
1589
1589
1590
1591
1592
1593
1593
1594
1595
1596
1598
1599
1599
1600
1602
1603
1604
1604
1606
1607
1607
1610
1610
1610
1611
1612
1612
1613
1613
1615
1615
1616
1616
1616
1617
1624
1624
1625
1625
1628
1629
1629
1629
1629
1630
1631
1633
1634
1634
1635
1635
1636
1637
1637
1639
1639
1643
1644
1644
1645
1650
1651
1660
1664
1667
1668
1668
1669
1671
1675
1675
1675
1679
1682
1682
1683
1686
1690
1692
1693
1694
1695
1701
1702
1705
1705
1709
1710
1711
1711
1711
1711
1718
1719
1719
1720
1720
1725
1728
1729
1732
1733
1736
1737
1738
1744
1753
1763
1769
1770
1771
1775
1775
1785
1819
1826
1831
1832
1837
1838
1838
1840
1841
1841
1842
1842
1842
1842
1842
1843
1843
1844
1844
1846
1846
1846
1847
1847
1848
1852
1853
1854
1854
1855
1856
1859
1861
1876
1880
1888
1889
1890
1891
1897
1905
1906
1907
1908
1910
1910
1914
1918
1920
1921
1922
1924
1928
1939
1941
1944
1944
1945
1945
1952
1961
1967
1968
1971
1974
1974
1974
1976
1977
1977
1979
1982
1982
1984
1984
1986
1986
1987
1988
1988
2007
2011
2012
2015
2021
2030
2030
2030
2031
2035
2036
2036
2041
2048
2049
2057
2062
2063
2064
2069
2078
2080
2080
2081
2082
2097
2106
2107
2112
2113
2115
2116
2118
2119
2121
2122
2122
2123
2129
2132
2133
2133
2134
2135
2136
2136
2138
2138
2144
2144
2145
2145
2148
2149
2150
2151
2151
2152
2152
2153
2153
2157
2162
2164
2166
2189
2195
2204
2211
2215
2231
2235
2239
2241
2254
2258
2275
2286
2292
2296
2298
2300
2301
2302
2317
2320
2322
2332
2333
2350
2357
2359
2365
2368
2371
2371
2372
2378
2378
2379
2380
2381
2381
2392
2395
2403
2404
2405
2406
2406
2406
2409
2410
2410
2413
2413
2415
2415
2416
2416
2421
2426
2426
2427
2432
2437
2442
2443
2446
2450
2451
2452
2453
2456
2488
2492
2492
2492
2496
2496
2497
2497
2498
2500
2501
2502
2503
2503
2505
2513
2515
2517
2518
2519
2526
2551
2552
2553
2554
2555
2555
2555
2556
2557
2557
2558
2563
2564
2565
2566
2566
