0
2
3
3
3
4
4
5
6
6
6
6
7
7
7
8
8
8
9
9
9
9
11
11
11
11
12
12
12
12
12
12
13
13
13
13
13
13
13
14
14
14
15
15
15
15
15
15
15
16
16
16
16
16
16
16
16
16
16
16
16
16
16
17
17
17
18
18
19
19
19
19
19
19
19
19
19
20
20
20
20
20
20
20
20
20
20
20
20
20
20
21
21
21
21
21
21
21
21
21
21
21
21
21
21
21
21
21
22
22
22
22
22
22
23
23
23
23
23
23
23
23
23
23
23
24
24
24
24
24
24
25
25
25
25
25
25
25
26
26
26
26
26
26
26
26
27
27
27
27
27
27
28
28
28
28
28
28
28
28
28
28
29
29
29
29
29
29
29
30
30
30
30
30
30
30
30
30
30
30
31
31
31
31
32
32
32
32
33
33
33
33
33
34
34
34
34
34
34
35
35
35
35
35
35
35
35
35
35
35
35
35
35
36
36
36
36
36
36
36
36
36
36
36
36
36
36
36
36
36
36
36
36
36
37
37
37
37
37
37
37
37
38
38
38
38
38
38
38
38
39
39
39
39
39
39
40
40
40
40
40
40
40
40
40
40
40
40
41
41
41
41
41
41
41
41
41
42
42
42
42
42
42
42
43
43
43
43
43
43
43
43
44
44
44
44
44
44
44
44
44
44
45
45
45
45
45
45
46
46
46
46
46
46
47
47
47
47
47
47
48
48
48
48
48
48
48
48
48
49
49
49
49
49
49
50
50
50
50
50
50
50
50
50
50
50
51
51
51
51
51
51
51
51
51
52
52
53
53
53
53
53
53
53
53
53
54
54
54
54
54
54
54
54
54
54
54
55
55
55
55
55
55
56
56
57
57
57
57
57
57
57
58
58
58
59
59
59
59
59
59
60
60
60
60
60
60
61
61
62
62
62
62
62
62
63
63
63
63
63
63
63
64
64
64
64
64
64
64
64
65
65
65
65
65
66
66
67
67
68
68
68
69
69
69
69
69
69
70
70
70
70
70
70
71
71
71
72
72
72
72
72
72
72
72
72
72
73
73
73
74
74
74
74
74
74
75
75
76
76
76
76
76
77
77
77
77
78
78
78
79
79
79
79
79
79
79
79
80
80
80
80
80
80
80
80
81
81
81
81
81
81
81
82
82
82
82
82
82
82
82
83
83
83
83
83
83
83
83
83
83
83
83
83
83
84
84
84
84
84
84
84
84
84
85
85
85
85
86
86
86
87
87
88
88
88
88
88
88
88
89
89
89
89
89
89
89
89
89
90
90
90
90
90
90
91
91
92
92
93
93
93
93
93
94
94
94
94
94
95
95
95
95
95
95
96
96
96
96
96
96
96
96
96
96
97
97
97
98
98
98
98
98
98
98
98
98
98
99
99
99
99
100
100
100
100
100
101
101
101
101
101
101
102
102
102
102
102
102
103
103
103
103
104
104
104
104
105
105
105
106
106
106
106
107
107
107
107
107
107
107
107
107
108
108
108
108
109
109
109
109
109
110
110
110
110
111
111
112
112
112
112
112
112
112
112
112
112
113
113
113
113
113
113
113
113
114
114
115
115
116
116
116
116
116
116
117
117
117
117
117
117
117
117
117
117
117
117
117
117
117
118
118
118
118
118
118
118
118
118
118
118
118
119
119
119
119
119
119
119
120
120
120
121
122
122
122
122
122
123
123
123
123
124
124
124
124
124
124
124
124
124
124
125
126
126
126
126
126
126
126
127
127
127
127
127
128
128
129
129
129
129
130
130
130
130
130
130
130
130
131
131
131
132
132
132
133
133
133
134
134
135
135
136
136
136
136
136
136
136
137
137
137
138
138
138
138
139
140
140
141
141
141
141
141
141
142
142
142
142
142
142
142
142
142
142
142
143
143
143
143
143
143
143
143
144
144
144
144
144
144
144
144
144
144
145
145
145
145
146
146
146
146
147
147
147
147
147
147
147
148
148
148
148
149
149
150
150
150
151
151
151
152
152
152
152
152
153
153
153
153
153
154
154
154
154
154
154
154
155
155
155
155
155
155
155
155
156
156
156
156
157
157
157
157
157
158
158
158
158
158
158
158
159
159
159
159
159
160
160
160
160
160
160
160
160
160
160
161
161
161
161
161
161
162
162
162
162
162
162
162
162
162
162
163
163
164
164
164
164
164
164
164
164
164
164
164
164
164
164
164
165
165
165
165
165
166
166
166
166
167
167
167
168
168
168
168
168
169
169
169
169
169
169
169
169
169
170
170
170
170
170
170
171
172
172
172
172
174
174
174
175
175
176
176
176
177
177
177
177
178
178
178
178
178
178
178
178
178
179
179
179
179
179
179
179
179
180
180
181
181
181
182
182
182
183
183
183
183
183
183
183
183
184
184
185
185
185
185
186
186
187
187
187
187
188
188
188
188
188
189
189
189
189
190
190
190
191
191
191
192
193
193
193
193
194
194
194
194
195
195
196
196
196
196
196
197
197
197
197
198
199
199
200
200
200
200
200
201
201
202
202
202
202
202
202
202
203
203
204
204
205
205
206
206
206
208
208
208
208
208
209
209
209
209
209
209
209
209
210
210
210
210
210
211
211
211
211
211
211
211
211
212
212
213
213
213
213
213
214
214
214
215
215
215
215
216
216
216
216
216
216
217
217
217
217
218
218
219
219
220
220
220
221
221
221
222
222
222
222
222
223
223
223
223
223
224
224
224
225
225
226
226
226
227
227
227
227
228
228
228
229
229
230
230
230
231
231
232
232
232
232
233
233
233
233
233
233
234
234
234
235
235
235
236
236
236
236
236
237
238
239
240
241
241
241
241
241
241
242
242
242
243
244
244
245
245
246
246
246
246
247
247
248
248
249
249
249
249
250
250
250
250
251
251
251
252
252
253
254
255
255
255
255
256
256
257
257
257
257
257
257
258
258
258
260
260
260
260
260
260
261
261
261
262
263
263
264
264
264
265
265
265
265
265
266
266
266
266
266
267
267
267
268
269
269
269
269
270
272
272
273
273
273
273
273
273
274
274
275
276
276
277
277
277
277
277
277
277
278
278
278
279
280
281
281
282
283
284
284
285
286
286
286
286
287
288
288
288
288
288
288
289
289
289
290
290
290
290
291
292
292
292
293
293
293
293
293
293
293
294
294
294
294
294
294
295
295
295
295
295
295
296
296
297
297
297
298
298
299
299
300
300
300
300
300
301
301
302
302
302
303
303
304
304
305
305
306
306
306
306
307
308
308
309
309
309
309
310
310
311
311
311
312
312
313
313
313
314
315
315
315
316
316
317
317
317
317
317
318
319
319
319
319
321
321
322
322
323
324
324
325
325
325
326
326
326
326
326
327
327
327
328
328
329
329
329
330
331
331
331
331
331
331
331
333
334
334
334
334
334
334
335
336
336
336
336
337
337
338
338
340
340
342
342
342
342
343
344
344
344
344
344
344
344
345
345
345
345
345
345
345
346
346
346
346
346
346
346
346
346
346
347
348
348
349
349
349
350
350
350
350
350
351
351
351
351
351
351
351
353
353
353
353
353
353
353
354
354
354
354
354
354
354
354
354
355
355
355
355
355
355
356
356
356
356
357
357
357
358
358
358
358
359
359
359
359
359
359
359
360
360
360
360
360
361
361
362
362
363
363
363
363
364
365
365
365
365
365
366
367
368
368
368
369
369
369
369
371
371
372
373
373
373
373
373
374
374
374
374
375
375
375
375
375
377
377
378
379
379
380
381
381
382
382
383
383
385
386
387
388
389
389
389
390
391
391
392
392
393
393
394
394
396
396
396
399
399
401
402
404
406
406
409
410
410
411
411
412
413
413
413
414
417
417
418
419
420
420
420
421
421
421
421
421
424
424
424
425
426
426
428
431
433
433
435
436
437
437
437
437
438
439
441
442
444
444
446
446
447
448
454
455
455
455
455
456
456
456
457
458
460
461
462
462
466
467
467
467
468
471
473
474
474
475
476
476
476
477
477
479
479
479
480
481
482
483
483
484
484
485
488
488
488
489
489
489
490
490
490
490
491
491
491
491
491
491
492
492
492
492
493
499
499
499
500
501
501
501
503
503
503
504
504
504
505
505
505
508
508
508
510
510
512
513
513
514
516
517
518
524
526
528
528
528
529
529
529
530
532
533
535
535
536
536
537
537
537
538
538
542
546
547
549
549
549
549
550
550
550
550
551
551
554
555
555
556
556
556
556
557
558
559
560
560
560
561
562
564
564
568
570
570
572
576
577
577
578
578
579
579
580
580
581
581
581
582
586
586
587
589
590
590
592
593
593
594
595
595
595
596
596
597
598
599
599
601
601
601
601
601
602
602
603
609
610
610
611
614
614
616
617
617
617
618
618
620
620
621
621
622
623
623
624
624
624
625
626
626
628
629
630
630
630
630
631
632
633
634
636
638
638
639
641
642
642
644
645
645
646
647
647
649
650
650
650
650
653
653
654
654
656
657
657
657
657
659
660
661
661
662
664
667
668
668
668
672
672
673
674
676
676
676
676
677
679
680
680
681
683
689
690
690
691
691
692
693
694
695
695
697
700
702
707
707
707
707
708
708
710
712
712
712
713
713
714
714
714
715
715
715
715
715
716
718
719
720
721
721
721
721
721
721
722
723
723
724
724
724
724
724
726
727
727
730
731
735
737
737
737
737
745
747
747
755
757
758
758
759
760
760
761
763
767
768
769
769
769
769
769
769
769
770
770
770
770
770
770
771
771
771
771
771
772
772
772
772
772
772
772
772
772
772
772
773
778
778
778
778
778
778
778
779
780
781
784
784
785
785
785
786
787
787
789
791
791
791
793
795
796
799
802
803
803
803
803
803
803
803
804
805
806
806
807
810
810
811
811
811
811
815
817
819
821
822
822
823
824
824
825
825
826
827
828
830
831
831
832
832
832
833
834
835
840
840
840
841
842
844
844
848
848
848
848
849
849
849
849
852
853
859
863
864
866
866
866
867
867
868
869
870
873
873
878
879
879
880
884
884
885
885
886
887
889
892
897
899
899
901
901
905
905
905
911
912
912
914
915
917
918
919
920
920
920
924
924
927
928
928
928
929
931
942
945
948
948
949
951
952
954
959
959
959
960
960
961
961
962
962
962
963
964
964
973
973
973
977
978
978
979
980
984
984
986
986
987
992
996
997
997
998
1002
1002
1006
1011
1017
1025
1025
1027
1036
1037
1042
1044
1044
1052
1064
1065
1066
1066
1068
1070
1073
1074
1075
1080
1081
1081
1082
1082
1084
1084
1086
1086
1088
1088
1090
1093
1093
1093
1096
1096
1100
1103
1104
1104
1112
1113
1118
1121
1126
1127
1134
1134
1135
1137
1137
1138
1139
1144
1146
1150
1151
1154
1169
1173
1175
1178
1179
1179
1179
1179
1180
1180
1180
1181
1181
1181
1181
