0
2
2
3
3
4
4
4
4
5
6
6
6
6
7
7
7
7
7
8
8
8
8
9
9
10
10
10
11
11
11
11
11
12
12
12
12
12
13
13
13
13
13
13
13
14
14
14
14
14
14
14
14
15
15
15
15
15
16
16
16
16
16
16
16
16
17
17
17
17
18
18
18
18
19
19
19
19
19
19
19
20
20
20
20
20
20
21
21
21
21
22
22
22
22
22
23
23
23
23
23
23
23
23
24
24
24
24
24
24
24
24
24
25
25
25
25
25
25
25
25
25
25
25
25
25
25
25
25
26
26
26
26
26
26
26
26
26
26
26
26
26
26
26
26
26
26
26
27
27
27
27
27
27
27
27
27
27
27
27
28
28
28
29
29
29
29
29
30
30
30
30
30
30
30
30
30
30
30
30
31
31
31
31
31
31
31
31
31
31
31
31
32
32
32
32
32
32
32
32
32
32
32
32
32
32
32
32
32
32
32
32
32
32
33
33
33
33
33
33
33
33
33
34
34
34
34
34
35
35
35
35
35
35
35
35
35
36
36
36
36
36
36
36
36
37
37
37
37
37
37
37
37
38
38
38
38
38
39
39
39
40
40
40
40
40
40
40
40
40
40
41
41
41
41
41
41
41
41
41
41
41
42
42
42
42
42
42
42
42
42
42
42
42
43
43
43
44
44
44
44
44
44
44
44
44
44
44
45
45
45
45
46
46
46
46
46
46
47
47
47
47
47
47
47
47
48
48
48
48
49
49
49
49
49
49
49
49
49
50
50
50
50
50
51
51
51
51
51
51
51
51
51
52
52
52
52
52
53
53
53
53
53
53
54
54
54
54
54
54
54
54
54
55
55
56
56
56
56
56
56
56
56
56
57
57
57
57
57
57
57
57
57
58
58
58
58
58
58
58
59
59
59
59
59
60
60
60
60
61
61
61
61
61
61
61
61
61
62
62
62
62
62
62
62
62
63
63
63
63
63
63
63
63
63
63
63
63
63
63
63
63
63
63
63
64
64
64
64
64
64
64
64
64
64
64
64
64
64
64
65
65
65
65
65
65
65
65
65
65
65
65
66
66
66
66
66
66
67
67
67
67
67
68
68
68
68
68
68
68
68
68
69
69
69
69
69
69
69
69
69
70
70
70
70
71
71
71
71
71
71
71
71
72
72
72
72
72
72
72
73
73
74
74
74
74
74
75
76
76
76
77
77
77
77
77
77
78
78
78
78
78
78
78
79
79
79
79
80
80
80
80
82
82
82
82
83
83
83
83
83
84
84
85
85
85
86
86
86
86
86
86
86
87
88
88
89
89
89
89
89
89
90
90
91
91
91
92
92
92
92
92
92
93
93
93
93
93
93
93
93
93
93
93
94
94
94
94
94
94
94
95
95
95
95
96
96
96
96
97
97
98
98
99
99
100
100
100
100
101
101
101
102
102
102
103
104
104
105
105
105
105
106
106
106
106
106
106
106
106
106
106
107
107
107
108
108
108
109
109
110
110
110
111
111
111
111
112
112
112
112
112
113
113
114
114
114
114
115
116
116
116
116
116
116
118
119
119
120
120
120
121
121
121
121
121
121
121
122
122
122
122
122
123
123
123
123
124
124
124
125
125
125
125
126
127
127
127
127
127
127
127
127
127
127
128
128
128
129
129
129
129
129
129
129
129
129
129
129
130
130
131
131
131
131
131
131
131
131
131
132
132
133
133
133
133
133
134
134
134
134
134
134
134
134
134
134
135
135
135
135
135
135
135
135
136
136
136
136
136
136
136
137
137
137
137
137
137
137
137
137
138
138
138
138
138
138
138
139
139
139
139
139
139
139
139
139
139
139
140
140
140
140
140
140
140
141
141
141
141
141
141
141
141
141
142
142
142
142
142
142
142
142
142
142
143
143
143
143
145
145
145
145
146
147
147
147
148
148
148
148
148
149
149
149
150
150
150
151
152
153
153
153
154
155
156
156
156
157
157
157
158
158
158
158
158
159
159
159
160
160
160
160
160
161
161
161
161
161
161
162
162
163
163
163
163
163
164
164
165
165
165
165
165
166
167
167
167
168
168
168
168
168
169
170
170
170
170
170
170
171
171
171
171
172
172
172
172
172
174
175
175
175
175
176
176
176
176
176
176
177
177
177
177
177
177
177
177
178
178
178
178
178
178
178
179
179
179
179
179
180
180
180
180
182
182
182
182
182
182
182
182
183
183
183
183
183
183
183
184
184
184
184
184
184
184
185
185
185
186
186
186
186
187
187
188
188
188
189
189
190
190
190
191
192
192
192
192
192
193
193
194
195
195
196
196
197
197
197
197
197
197
198
198
198
198
198
198
199
199
200
200
200
200
200
202
203
203
203
204
204
204
204
205
205
206
206
207
207
208
209
209
209
209
209
210
210
210
210
210
211
211
211
212
212
212
212
213
213
213
213
213
214
214
215
217
217
218
218
218
218
219
220
221
221
222
222
222
223
224
224
225
226
226
226
227
227
228
228
228
228
228
228
228
230
230
230
231
231
231
231
234
235
235
236
236
237
239
240
241
241
242
242
242
243
245
246
247
247
250
250
250
250
250
251
252
255
255
257
258
259
259
261
263
263
265
265
266
266
266
266
267
267
269
269
270
270
270
271
272
273
274
275
276
276
278
278
278
278
279
279
281
281
281
282
282
283
285
286
290
290
291
292
294
295
296
297
299
300
302
304
305
305
306
306
310
314
316
316
316
316
316
316
317
317
317
318
318
318
324
324
324
324
325
325
325
325
326
326
326
326
326
326
326
326
326
326
326
326
330
334
334
334
335
336
336
337
337
337
338
341
342
343
351
353
355
356
357
363
363
363
363
365
367
367
368
377
381
383
385
385
386
388
388
390
391
393
396
396
396
397
399
400
403
404
406
408
410
412
414
416
416
416
417
418
419
419
420
421
422
422
423
423
424
425
425
432
433
433
434
435
437
438
438
439
441
442
445
446
446
448
450
450
451
453
453
454
455
460
463
465
466
467
468
471
473
474
474
477
478
479
479
482
483
483
486
486
492
493
493
494
495
496
496
496
496
497
497
498
498
499
501
502
503
505
506
507
508
509
510
510
512
515
516
516
519
520
521
521
522
522
523
524
524
524
525
525
525
525
525
528
528
529
529
530
531
531
533
533
534
535
535
535
535
537
537
539
540
540
541
542
543
543
545
545
546
547
548
553
556
559
559
560
562
562
562
563
567
567
572
574
576
576
576
576
577
578
579
580
580
580
586
589
590
592
594
594
596
597
599
600
600
601
602
603
604
605
606
611
615
617
619
619
620
620
622
623
623
623
624
624
626
626
626
629
629
630
632
633
633
633
635
638
638
638
639
640
641
643
644
645
649
650
650
650
653
654
654
655
658
658
659
661
662
662
663
663
663
663
663
663
665
670
670
673
673
673
677
677
677
677
677
677
677
677
677
677
677
678
678
678
678
678
678
678
678
678
678
678
678
679
679
679
679
680
680
680
680
680
680
680
680
680
680
681
681
681
681
682
683
683
685
686
686
686
687
688
688
688
689
689
689
689
689
690
690
690
697
697
698
698
698
698
698
698
698
699
699
699
699
700
700
703
705
707
711
711
712
712
712
715
715
715
715
715
715
715
715
716
717
718
719
719
719
720
720
720
721
723
726
728
729
731
737
737
737
738
738
738
739
739
739
739
741
743
744
744
745
745
746
747
749
750
754
754
754
755
758
758
759
759
763
765
766
767
769
770
770
772
778
779
789
792
793
796
797
797
797
798
799
799
801
805
811
816
819
823
824
824
825
826
829
829
830
830
832
835
836
836
837
838
839
839
839
840
841
842
842
843
843
843
843
844
844
844
845
846
849
850
850
851
851
852
854
856
857
857
861
863
864
871
872
872
872
873
873
873
874
874
875
878
878
879
883
883
888
894
896
897
900
902
908
910
921
922
922
923
923
923
923
923
924
925
928
936
939
950
953
958
963
966
967
972
973
975
986
988
993
1006
1012
1021
1021
1025
1028
1028
1033
1037
1037
1040
1040
1041
1046
1047
1051
1052
1054
1061
1072
1075
1076
1084
1084
1090
1094
1094
1095
1095
1095
1095
1095
1095
1095
1096
1096
1096
1096
1096
1096
1097
1097
1100
1102
1105
1118
1133
1133
1133
1135
1135
1137
1139
1139
1142
1143
1145
1149
1149
1150
1150
1150
1153
1154
1157
1157
1160
1163
1163
1172
1175
1175
1176
1179
1181
1182
1183
1188
1188
1188
1193
1193
1195
1197
1201
1204
1205
1208
1209
1215
1221
1226
1227
1231
1236
1236
1239
1240
1240
1241
1242
1243
1243
1244
1245
1255
1256
1260
1262
1262
1262
1263
1264
1264
1264
1264
1264
1265
1265
1265
1265
1265
1265
1266
1266
1266
1266
1267
1267
1268
1268
1269
1270
1270
1271
1271
1272
1274
1277
1277
1277
1277
1277
1277
1282
1283
1289
1290
1293
1296
1296
1300
1305
1310
1311
1311
1314
1318
1319
1321
1323
1323
1323
1329
1330
1343
1344
1345
1348
1358
1359
1360
1375
1377
1378
1378
1378
1379
1379
1382
1385
1385
1385
1385
1386
1388
1389
1390
1391
1394
1397
1409
1410
1414
1415
1417
1418
1419
1420
1420
1422
1422
1424
1424
1424
1424
1425
1426
1426
1427
1428
1428
1428
1429
1429
1429
1431
1431
1432
1432
1433
1434
1434
1435
1436
1436
1437
1437
1438
1438
1439
1439
1440
1440
1441
1441
1441
1441
1441
1441
1441
1442
1444
1444
1444
1444
1445
1447
1447
1448
1451
1453
1453
1455
1455
1455
1456
1456
1456
1459
1460
1463
1464
1465
1466
1466
1467
1467
1468
1468
1468
1468
1468
1468
1468
1468
1469
1471
1472
1473
1473
1475
1476
1477
1477
1479
1481
1481
1482
1482
1482
1483
1483
1483
1484
1484
1484
1484
1486
1486
1486
1486
1488
1490
1490
1490
1490
1490
1491
1491
1491
1492
1492
1493
1493
1493
1493
1493
1494
1494
1494
1494
1494
1494
1495
1495
1495
1496
1497
1499
1500
1502
1502
1502
1502
1503
1504
1505
1505
1508
1508
1509
1510
1510
1510
1512
1512
1512
1513
1513
1513
1513
1513
1513
1514
1515
1516
1516
1517
1518
1518
1518
1519
1519
1519
1520
1521
1522
1522
1523
1524
1525
1526
1527
1528
1538
1539
1541
1545
1546
1546
1549
1550
1550
1553
1554
1555
1558
1559
1560
1560
1561
1563
1563
1563
1564
1566
1567
1567
1567
1568
1571
1572
1573
1575
1577
1578
1578
1580
1580
1581
1582
1583
1583
1589
1590
1590
1592
1592
1594
1595
1595
1595
1600
1601
1603
1606
1608
1608
1608
1608
1609
1611
1614
1614
1614
1617
1622
1625
1627
1627
1629
1629
1629
1631
1633
1633
1636
1637
1637
1638
1640
1640
1644
1644
1646
1646
1647
1647
1648
1649
1650
1651
1652
1652
1652
1654
1655
1657
1659
1659
1659
1659
1659
1659
1660
1661
1663
1663
1665
1666
1667
1668
1669
1672
1672
1673
1674
1679
1680
1681
1682
1686
1693
1700
1700
1710
1710
1710
1710
1710
1710
1710
1710
1710
1710
1711
1711
1711
1711
1711
1711
1711
1711
1711
1711
1711
1712
1713
1716
1720
1720
1720
1721
1721
1721
1721
1721
1721
1721
1721
1721
1721
1721
1722
1722
1722
1722
1722
1723
1723
1724
1725
1726
1732
1739
1740
1742
1743
1744
1744
1746
1752
1763
1765
1769
1770
1782
1787
1789
1790
1790
1790
1792
1794
1794
1795
1796
1796
1797
1797
1798
1819
1821
1827
1827
1830
1830
1835
1836
1836
1836
1855
1857
1865
1867
1868
1868
1872
1873
1873
1877
1881
1884
1893
1894
1897
1898
1898
1898
1898
