2
2
3
3
3
4
4
5
5
5
7
7
7
7
9
10
10
11
11
12
12
13
13
14
15
16
16
16
17
18
18
18
19
19
20
20
21
21
21
21
21
21
22
22
22
22
22
22
22
22
23
23
23
23
23
23
23
23
23
23
23
23
23
24
24
24
24
24
24
24
24
24
24
24
24
24
24
24
25
25
25
25
25
25
25
25
25
25
25
25
26
26
26
26
26
26
26
26
26
26
26
26
26
26
26
26
26
26
27
27
27
27
27
27
27
27
27
27
27
27
27
27
27
28
28
28
28
28
29
29
29
29
29
30
30
30
30
30
30
31
31
31
31
31
31
31
31
31
31
31
31
32
32
32
32
32
32
33
34
34
34
34
34
34
34
34
34
34
34
35
35
35
35
35
35
35
35
36
36
36
36
36
37
37
37
38
38
39
39
39
40
40
40
40
40
40
40
40
40
41
41
41
41
41
42
43
43
44
44
44
44
44
44
45
45
45
45
45
46
47
47
47
47
47
48
48
48
48
49
50
50
52
52
53
53
53
53
54
54
54
54
54
54
56
56
57
57
57
58
58
59
59
59
60
60
60
61
62
62
62
62
62
63
64
64
65
66
66
66
67
67
67
67
67
67
67
67
68
68
69
69
69
70
70
72
72
72
72
72
72
73
73
74
74
75
75
75
75
75
76
76
76
77
77
77
77
78
78
79
79
80
80
81
81
81
82
84
84
84
84
84
84
84
85
85
85
85
86
86
88
88
88
88
89
89
89
89
90
90
90
90
90
90
91
92
92
93
93
94
96
96
96
97
98
98
99
100
100
100
100
101
101
101
101
102
102
102
102
102
103
103
104
104
104
104
104
106
106
106
106
106
106
106
107
107
107
107
107
107
107
107
108
109
109
109
109
109
110
110
110
110
111
111
111
111
111
112
113
113
113
114
114
116
117
117
117
118
119
121
121
122
122
123
124
127
128
128
129
129
129
129
131
131
132
134
135
136
139
139
139
142
143
143
144
144
145
146
146
146
147
148
148
149
149
150
150
150
151
151
151
152
152
152
154
155
155
156
156
157
157
157
157
157
159
159
159
159
159
160
160
160
162
162
162
162
162
163
163
163
164
164
167
167
168
169
169
171
171
173
174
175
176
177
178
178
179
180
180
181
181
181
182
182
183
183
183
183
184
184
184
184
185
185
185
186
186
186
186
187
188
188
188
188
188
188
188
188
188
189
189
189
189
189
189
189
189
189
189
189
190
190
190
190
190
190
190
191
191
191
191
191
191
191
191
191
192
192
192
192
193
194
195
195
195
195
195
195
196
196
196
196
196
196
196
197
197
197
198
198
198
200
200
200
200
201
202
202
203
203
205
205
205
206
206
206
206
206
206
206
206
207
207
207
207
207
207
207
207
207
207
207
207
208
208
208
208
208
208
208
208
208
209
209
209
209
209
209
209
209
210
210
210
210
210
210
210
211
211
211
211
211
212
212
212
212
213
213
216
216
219
219
220
220
220
222
223
223
223
223
224
224
224
224
224
224
225
225
225
226
226
227
227
227
227
227
228
228
228
229
229
230
230
230
230
230
230
230
230
231
232
233
233
234
235
236
236
237
241
241
242
243
243
243
243
243
244
244
244
244
244
244
244
244
244
244
244
244
245
245
245
245
245
245
245
246
246
246
246
246
246
246
246
247
247
247
248
248
249
250
253
257
257
259
259
260
260
260
260
260
262
263
264
264
267
267
267
269
269
273
274
274
274
274
275
275
275
275
280
281
285
286
286
288
288
288
288
288
289
289
289
290
291
292
292
292
293
294
294
294
295
295
295
296
296
298
299
301
302
303
303
304
305
305
306
306
307
308
311
311
311
312
313
315
315
315
316
316
316
316
317
317
317
317
317
317
317
317
317
319
320
320
320
322
325
325
326
326
327
327
328
328
328
330
331
332
332
332
333
334
337
337
338
338
340
341
341
342
344
344
345
345
346
346
347
347
347
347
348
348
348
348
348
348
348
349
349
349
349
352
353
353
356
359
359
360
360
360
361
361
361
361
361
361
362
362
362
363
363
363
363
364
364
365
365
368
368
368
369
369
370
370
370
372
373
373
373
373
374
374
374
376
376
377
378
378
378
378
379
381
381
381
382
383
384
385
385
385
386
387
387
387
388
388
391
394
394
394
395
397
397
398
399
399
399
399
401
401
402
402
402
402
402
403
403
407
407
409
410
414
414
415
415
415
415
417
418
418
419
421
421
421
422
422
423
423
424
424
425
425
425
426
426
430
430
431
431
432
432
436
436
436
436
437
437
438
439
440
440
441
441
441
441
441
442
442
442
442
443
443
446
446
447
449
449
450
451
452
452
453
453
453
453
454
454
454
455
455
455
455
455
457
457
457
457
458
459
459
460
460
462
463
463
464
464
464
465
466
466
466
466
466
466
466
468
468
468
470
470
471
471
472
472
472
472
472
473
474
476
476
477
477
477
479
481
481
481
482
486
487
488
488
489
491
493
493
493
495
496
496
498
498
498
499
499
500
500
501
502
503
503
504
505
506
507
509
509
510
510
511
512
513
515
515
518
518
518
519
520
520
520
521
522
522
523
523
523
523
524
524
524
524
524
525
525
525
525
525
525
525
526
526
526
527
528
530
530
531
533
533
534
534
535
535
536
536
536
536
536
536
537
537
537
537
538
540
541
542
542
542
542
542
542
542
542
542
542
543
543
543
543
543
543
543
543
543
543
543
544
544
544
544
544
544
544
544
546
546
546
547
547
548
549
550
550
550
551
551
551
551
552
552
552
552
552
553
553
555
556
556
558
561
561
563
566
566
566
566
571
573
573
574
574
574
576
578
578
578
579
579
579
582
583
583
583
584
584
585
586
586
586
587
590
590
591
592
592
593
594
595
595
596
598
598
598
599
599
600
600
601
602
606
607
608
608
609
609
610
610
611
613
614
615
615
615
616
617
617
618
621
621
622
627
628
628
628
628
630
630
630
631
632
632
632
633
634
635
635
635
636
636
638
638
638
640
641
641
642
644
646
646
647
647
647
647
648
648
648
649
649
649
651
652
655
656
656
657
658
659
660
660
662
663
663
664
664
666
666
667
668
670
670
670
671
674
674
674
674
676
677
677
678
679
682
682
682
683
684
684
684
685
685
688
689
690
690
690
691
691
691
691
693
693
694
698
698
699
703
705
706
706
711
714
716
717
718
719
720
723
724
724
728
733
733
733
733
733
734
734
736
738
738
738
738
739
741
741
742
743
744
753
754
755
755
755
756
759
761
762
763
763
766
766
767
767
769
770
771
773
775
776
778
779
779
781
784
788
789
790
791
792
792
793
793
793
793
794
797
797
798
800
800
800
801
802
807
808
809
812
812
812
813
813
814
814
814
815
815
816
821
825
827
827
829
830
832
833
834
835
835
836
838
840
842
842
842
842
843
844
845
845
846
846
846
848
850
850
850
850
853
855
856
860
860
861
872
872
872
873
875
876
882
883
883
884
892
892
894
895
898
899
901
901
901
902
903
903
905
905
908
912
918
921
925
926
926
926
927
927
930
931
931
931
933
934
935
936
936
938
939
941
941
944
944
944
945
946
947
947
949
950
951
951
951
952
952
954
954
954
955
956
956
957
957
965
966
966
967
968
970
978
984
985
990
991
994
994
996
997
998
998
999
999
999
999
1000
1001
1001
1001
1002
1002
1004
1005
1005
1008
1009
1011
1012
1013
1013
1013
1014
1016
1018
1018
1018
1021
1023
1023
1025
1030
1032
1033
1035
1036
1038
1038
1039
1040
1040
1045
1047
1054
1064
1066
1069
1070
1072
1075
1078
1078
1079
1084
1100
1111
1112
1112
1115
1115
1117
1119
1121
1124
1125
1126
1127
1129
1130
1132
1132
1133
1133
1135
1136
1137
1137
1137
1138
1138
1143
1143
1147
1149
1150
1154
1155
1156
1167
1168
1170
1171
1171
1172
1174
1174
1175
1175
1175
1177
1178
1186
1187
1190
1191
1195
1195
1198
1201
1202
1205
1206
1207
1207
1208
1208
1209
1211
1212
1213
1215
1218
1219
1220
1220
1220
1221
1221
1227
1229
1231
1231
1231
1231
1232
1232
1232
1233
1234
1238
1247
1248
1248
1250
1253
1253
1254
1254
1255
1258
1258
1258
1259
1263
1263
1264
1264
1264
1265
1265
1266
1268
1268
1268
1269
1269
1269
1269
1270
1270
1270
1270
1270
1270
1271
1271
1271
1271
1271
1273
1273
1275
1275
1278
1278
1278
1278
1280
1281
1281
1281
1281
1283
1286
1286
1287
1287
1292
1294
1294
1296
1296
1296
1296
1296
1298
1301
1302
1303
1306
1306
1307
1308
1309
1310
1310
1312
1312
1315
1315
1317
1320
1326
1327
1328
1329
1329
1330
1331
1334
1336
1338
1339
1340
1340
1344
1345
1346
1353
1353
1354
1354
1355
1355
1356
1356
1357
1358
1360
1361
1361
1363
1367
1370
1370
1371
1372
1377
1378
1378
1383
1384
1384
1385
1390
1390
1393
1394
1394
1394
1394
1394
1395
1396
1397
1397
1398
1399
1400
1400
1401
1403
1407
1407
1407
1407
1407
1407
1408
1409
1411
1411
1411
1412
1414
1420
1420
1435
1443
1472
1473
1474
1474
1476
1477
1477
1480
1481
1486
1488
1489
1492
1493
1494
1494
1495
1495
1495
1496
1496
1498
1499
1500
1500
1501
1501
1501
1501
1502
1502
1502
1502
1502
1502
1502
1502
1503
1504
1505
1506
1506
1506
1507
1507
1509
1509
1510
1510
1511
1511
1512
1512
1513
1514
1514
1514
1515
1518
1522
1522
1524
1531
1531
1532
1533
1534
1534
1535
1536
1537
1537
1539
1540
1541
1542
1542
1542
1543
1545
1545
1547
1547
1548
1548
1548
1550
1551
1553
1555
1555
1559
1561
1563
1563
1563
1564
1564
1566
1571
1573
1576
1578
1580
1581
1581
1585
1602
1603
1607
1623
1653
1655
1655
1656
1656
1658
1658
1660
1660
1661
1662
1664
1667
1672
1674
1675
1679
1679
1680
1681
1687
1688
1688
1689
1691
1693
1696
1696
1697
1697
1697
1698
1698
1700
1703
1704
1705
1705
1707
1708
1710
1710
1711
1714
1715
1716
1717
1717
1718
1718
1718
1719
1723
1725
1726
1727
1735
1740
1741
1744
1745
1745
1746
1746
1748
1748
1748
1748
1749
1750
1752
1754
1755
1756
1757
1757
1763
1765
1765
1766
1769
1773
1774
1775
1776
1777
1780
1784
1784
1793
1794
1794
1797
1798
1798
1801
1801
1804
1806
1806
1807
1809
1815
1816
1816
1820
1820
1820
1821
1822
1822
1822
1823
1828
1831
1832
1838
1839
1839
1840
1841
1842
1842
1843
1847
1848
1849
1851
1851
1852
1853
1855
1859
1867
1868
1872
1874
1881
1886
1887
1892
1907
1913
1918
1921
1922
1924
1925
1927
1942
1943
1946
1948
1951
1952
1953
1953
1953
1954
1955
1959
1960
1961
1961
1962
1966
1966
1968
1969
1969
1972
1972
1973
1975
1981
1985
1986
1992
1992
1993
1994
1996
1998
1999
1999
2001
2004
2004
2006
2009
2012
2012
2014
2015
2022
2028
2029
2029
2030
2030
2033
2035
2036
2037
2037
2037
2037
2039
2039
2044
2045
2047
2048
2048
2050
2050
2050
2053
2055
2061
2062
2065
2065
2066
2068
2071
2073
2074
2075
2075
2076
2079
2079
2080
2082
2086
2089
2089
2089
2090
2091
2094
2099
2101
2104
2106
2110
2118
2122
2125
2126
2132
2135
2141
2142
2142
2144
2146
2147
2148
2148
2148
2149
2154
2155
2159
2160
2169
2169
2170
2171
2172
2173
2173
2177
2178
2178
2178
2180
2181
2181
2181
2190
2191
2191
2193
2196
2197
2199
2200
2204
2209
2217
2218
2219
2219
2221
2235
2236
2237
2247
2255
2260
2265
2268
2282
2282
2292
2299
2300
2304
2310
2317
2318
2319
2320
2327
2330
2333
2333
2336
2347
2355
2356
2357
2366
2371
2386
2387
2411
