2
2
2
2
3
4
4
4
7
7
8
9
9
11
11
12
13
13
13
14
14
15
16
16
16
17
18
19
19
20
21
21
21
21
21
21
21
21
21
21
21
21
21
21
22
22
22
22
22
22
22
22
22
22
23
23
23
23
23
24
24
24
28
28
28
29
29
30
30
30
30
30
30
30
30
31
31
31
31
31
32
32
32
33
33
34
35
36
38
38
39
39
39
39
40
40
40
40
40
40
40
40
40
40
40
40
40
40
41
41
41
41
41
41
41
41
41
41
41
41
42
42
42
42
43
43
43
43
43
43
43
43
43
43
44
44
44
44
44
51
51
51
51
51
51
52
52
52
52
53
54
55
55
57
57
57
57
58
58
59
59
60
60
60
60
61
61
62
62
62
62
62
62
62
62
62
62
62
63
63
63
63
63
63
63
63
63
65
65
67
67
67
69
70
70
70
72
74
75
76
76
77
77
77
77
78
79
79
81
82
82
82
83
83
84
84
84
85
85
85
85
87
87
89
90
90
91
92
92
92
93
95
95
95
96
96
97
97
97
97
97
98
100
100
101
101
101
104
105
106
109
109
109
109
111
112
113
114
115
115
115
116
116
116
117
117
117
118
120
120
120
121
121
122
122
123
123
124
125
126
127
127
127
127
128
129
129
129
129
129
129
130
130
130
131
131
132
133
133
134
134
135
138
139
140
141
142
142
143
144
144
144
145
145
148
151
151
151
152
152
153
154
154
154
155
156
156
157
158
158
161
161
169
170
170
171
171
171
172
173
173
176
177
179
179
180
182
182
183
186
187
187
188
191
191
191
191
192
192
192
192
192
194
196
196
196
197
197
198
198
198
198
201
201
202
202
203
206
207
211
212
212
225
225
226
226
227
230
230
230
231
231
231
231
231
232
232
232
232
233
234
234
234
235
237
237
237
237
237
237
237
237
238
239
239
239
240
240
240
240
243
243
243
244
246
248
249
250
250
251
251
252
252
252
256
260
260
260
262
262
264
266
267
269
269
270
272
273
273
274
277
281
282
283
283
284
285
285
285
286
287
288
288
288
289
290
292
292
292
293
295
300
300
300
303
304
305
309
310
310
311
311
311
313
313
316
317
322
324
327
329
329
333
335
335
336
342
343
344
346
347
351
352
352
352
353
359
361
363
364
364
365
366
367
368
368
371
372
377
378
378
378
381
382
382
384
388
389
391
398
398
398
402
405
406
407
411
412
415
417
418
419
419
419
420
420
422
423
423
425
426
428
428
429
429
430
433
434
434
435
435
438
439
440
440
441
442
443
443
444
445
445
446
448
448
448
450
450
453
453
454
456
457
458
459
460
467
468
469
469
470
471
473
476
476
477
477
477
478
478
478
478
478
478
479
479
479
479
479
479
479
479
479
481
483
484
485
485
486
486
486
486
486
487
487
487
488
488
489
492
495
496
496
498
498
502
505
505
505
506
507
510
512
512
513
514
514
516
521
521
525
526
526
527
532
534
536
541
545
545
549
549
550
550
556
560
560
560
561
561
562
563
567
570
574
576
576
577
578
580
580
582
583
583
585
586
586
587
587
593
595
599
602
607
607
611
613
618
619
627
628
629
633
636
637
638
639
643
645
645
646
648
650
650
651
652
653
657
658
658
664
672
673
683
686
689
691
700
701
702
702
702
702
702
704
714
717
718
724
726
727
727
727
728
730
730
731
733
735
735
735
735
736
736
738
738
739
740
742
748
749
754
756
758
758
760
760
761
762
762
763
763
764
765
766
770
771
771
771
774
794
799
801
808
811
812
812
813
814
814
814
814
814
816
826
828
831
831
832
832
832
832
839
840
844
845
848
851
854
856
863
864
867
870
872
872
874
874
878
881
882
882
885
886
890
914
917
917
918
918
921
922
923
924
926
929
935
935
936
936
936
937
937
937
937
937
938
938
939
939
943
946
948
952
961
971
972
974
975
976
977
983
988
989
990
990
991
999
999
1000
1011
1026
1030
1034
1037
1042
1048
1048
1048
1048
1048
1051
1055
1056
1062
1063
1064
1064
1068
1076
1078
1081
1082
1084
1085
1089
1090
1091
1096
1099
1099
1099
1099
1107
1110
1126
1142
1143
1149
1154
1168
1168
1173
1173
1173
1173
1174
1174
1175
1175
1180
1180
1180
1180
1180
1181
1181
1194
1195
1203
1203
1205
1205
1205
1205
1206
1206
1206
1206
1207
1207
1207
1208
1208
1209
1210
1210
1210
1211
1211
1211
1211
1211
1211
1211
1212
1212
1212
1212
1213
1213
1213
1213
1213
1213
1213
1213
1214
1214
1214
1214
1214
1214
1214
1214
1214
1214
1214
1214
1214
1215
1222
1222
1227
1228
1232
1235
1237
1238
1241
1243
1244
1244
1249
1250
1254
1288
1291
1291
1300
1302
1306
1315
1318
1318
1319
1324
1325
1331
1342
1349
1350
1355
1357
1357
1359
1367
1368
1369
1369
1369
1369
1369
1369
1369
1369
1369
1369
1369
1369
1370
1370
1370
1370
1370
1370
1370
1375
1377
1380
1382
1385
1385
1386
1392
1393
1401
1416
1420
1420
1421
1421
1421
1421
1421
1422
1422
1422
1424
1429
1429
1430
1430
1430
1430
1430
1430
1431
1431
1431
1432
1437
1437
1438
1439
1439
1439
1439
1439
1439
1439
1442
1442
1443
1444
1445
1446
1449
1449
1449
1450
1450
1451
1451
1453
1453
1454
1455
1455
1456
1457
1457
1458
1458
1460
1461
1461
1462
1462
1463
1463
1464
1465
1466
1467
1467
1467
1468
1470
1471
1471
1472
1472
1472
1472
1472
1473
1473
1474
1474
1474
1475
1475
1476
1476
1476
1477
1478
1478
1479
1480
1480
1481
1482
1482
1482
1483
1484
1486
1487
1493
1497
1498
1498
1500
1501
1502
1504
1504
1509
1509
1511
1511
1515
1516
1516
1517
1518
1519
1521
1522
1526
1527
1527
1532
1557
1565
1570
1570
1573
1574
1576
1578
1578
1578
1578
1579
1580
1581
1583
1586
1589
1593
1593
1594
1595
1595
1597
1598
1600
1601
1601
1602
1604
1604
1610
1611
1612
1614
1616
1618
1619
1624
1625
1625
1625
1633
1648
1648
1649
1652
1653
1653
1653
1653
1653
1653
1653
1654
1654
1654
1654
1654
1654
1657
1657
1658
1658
1658
1658
1659
1659
1659
1664
1665
1665
1665
1665
1666
1666
1667
1667
1667
1667
1668
1670
1671
1671
1673
1675
1682
1682
1684
1686
1686
1690
1693
1700
1701
1701
1707
1717
1721
1722
1722
1724
1726
1729
1735
1735
1736
1737
1738
1738
1740
1741
1741
1748
1748
1749
1752
1757
1759
1764
1764
1765
1765
1765
1766
1767
1767
1767
1767
1771
1771
1773
1774
1775
1776
1776
1778
1778
1783
1783
1784
1785
1786
1786
1786
1786
1790
1793
1794
1797
1802
1803
1805
1807
1808
1810
1810
1817
1818
1821
1831
1845
1852
1856
1857
1857
1858
1858
1858
1858
1860
1861
1861
1862
1863
1864
1864
1865
1872
1872
1873
1874
1875
1875
1876
1878
1882
1888
1889
1892
1895
1909
1909
1926
1930
1931
1932
1932
1938
1941
1943
1943
1949
1949
1949
1954
1957
1959
1960
1961
1963
1963
1965
1968
1968
1970
1970
1971
1971
1973
1976
1979
1979
1981
1982
1983
1984
1985
1988
1989
1989
1989
1990
1990
1993
1997
1999
2000
2000
2001
2001
2002
2003
2004
2005
2007
2008
2009
2009
2011
2011
2014
2014
2014
2015
2015
2015
2015
2015
2016
2016
2016
2016
2016
2016
2017
2019
2020
2020
2021
2022
2022
2030
2030
2031
2031
2032
2032
2033
2033
2033
2033
2033
2033
2034
2034
2034
2034
2038
2038
2038
2038
2039
2039
2039
2039
2040
2042
2043
2045
2046
2048
2051
2053
2053
2053
2062
2075
2079
2079
2088
2090
2095
2096
2096
2100
2101
2107
2108
2112
2129
2129
2131
2134
2136
2138
2171
2173
2179
2181
2186
2187
2188
2204
2215
2215
2270
2271
2271
2271
2271
2272
2272
2272
2272
2281
2285
2336
2369
2372
2382
2384
2387
2417
2434
2436
2466
2467
2481
2490
2514
2537
2557
2568
2585
2611
2612
2612
2613
2613
2616
2616
2616
2617
2618
2618
2620
2620
2621
2621
2621
2622
2623
2653
2653
2664
2676
2677
2677
2678
2683
2699
2719
2720
2722
2724
2725
2725
2727
2736
2737
2738
2740
2740
2743
2751
2753
2764
2772
2773
2775
2779
2785
2786
2790
2793
2801
2803
2803
2812
2812
2813
2814
2818
2820
2821
2824
2826
2826
2826
2834
2835
2838
2847
2853
2860
2861
2862
2863
2869
2871
2876
2880
2883
2898
2909
2949
2950
2955
2961
2963
2964
2965
2965
2965
2966
2966
2966
2967
2970
2975
2975
2976
2977
2977
2978
2978
2979
2982
2983
2987
2991
2991
2993
2993
2993
2995
3003
3004
3004
3004
3004
3005
3005
3005
3006
3011
3011
3018
3028
3031
3038
3042
3042
3042
3046
3050
3051
3053
3062
3063
3063
3066
3067
3068
3069
3070
3074
3074
3075
3075
3076
3077
3077
3078
3079
3079
3080
3087
3088
3088
3090
3092
3093
3094
3094
3095
3095
3101
3102
3102
3103
3104
3105
3107
3108
3108
3113
3115
3118
3118
3119
3120
3123
3123
3127
3128
3128
3128
3129
3130
3130
3130
3131
3131
3131
3131
3132
3133
3134
3135
3136
3146
3147
3148
3149
3150
3151
3151
3153
3153
3154
3155
3155
3155
3156
3156
3157
3157
3158
3158
3159
3163
3170
3173
3176
3177
3179
3183
3183
3183
3183
3183
3183
3183
3184
3184
3184
3186
3188
3192
3199
3203
3208
3209
3213
3222
3222
3222
3222
3222
3223
3238
3240
3242
3249
3249
3250
3250
3255
3258
3258
3263
3266
3277
3278
3291
3292
3293
3305
3306
3330
3344
3346
3351
3357
3362
3362
3362
3363
3363
3369
3380
3384
3395
3395
3395
3398
3403
3404
3407
3413
3421
3426
3427
3428
3429
3429
3431
3434
3435
3438
3440
3446
3455
3461
3462
3462
3463
3467
3468
3471
3473
3474
3477
3478
3487
3487
3501
3511
3512
3550
3573
3576
3577
3590
3590
3597
3616
3648
3674
3675
3679
3691
3699
3713
3720
3729
3736
3751
3754
3769
3778
3798
3798
3808
3808
3814
3816
3858
3872
3878
3891
3928
3936
3936
3946
3947
3947
3958
3962
3975
3977
3989
3990
3991
3992
3992
3993
3994
3996
4000
4013
4014
4018
4018
4053
4053
4053
4054
4067
4068
4068
4085
4086
4097
4102
4106
4118
4122
4125
4126
4130
4150
4153
4153
4161
4162
4163
4163
4176
4178
4178
4179
4183
4184
4189
4198
4198
4203
4204
4204
4218
4226
4230
4267
4268
4270
4271
4274
4298
4303
4306
4309
4312
4315
4318
4324
4326
4331
4332
4333
4335
4342
4367
4375
4376
4379
4392
4398
4405
4406
4408
4409
4419
4421
4423
4425
4437
4440
4443
4443
4464
4471
4471
4479
4483
4491
4491
4491
4491
4492
4508
4509
4510
4516
4529
4535
4536
4548
4560
4562
4567
4568
4569
4570
4572
4572
4573
4580
4580
4580
4582
4583
4583
4587
4591
4592
4593
4594
4594
4594
4598
4599
4599
4599
4599
4600
4600
4601
4601
4602
4607
4607
4607
4607
4609
4612
4613
4614
4615
4616
4616
4617
4617
4619
4620
4620
4621
4621
4626
4626
4635
4637
4641
4646
4648
4650
4650
4651
4655
4658
4668
4669
4672
4673
4679
4681
4693
4697
4702
4707
4710
4717
4717
4718
4720
4724
4733
4734
4736
4738
4739
4746
4747
4750
4750
4752
4753
4772
4789
4791
4793
4794
4795
4807
4808
4815
4816
4822
4822
4824
4834
4834
4835
4839
4846
4851
4852
4855
4863
4872
4888
4906
4907
4916
4916
4916
4920
4931
4937
4938
4939
4947
4947
4949
4955
4956
4977
4982
4983
4992
5008
5020
5023
5023
5024
5031
5031
5034
5037
5045
5049
5051
5053
5061
5064
5064
5076
5081
5081
5098
5104
5158
5162
5167
5170
5176
5178
5184
5185
5187
5192
5194
5198
5202
5214
5214
5214
5215
5215
5216
5217
5218
5223
5268
5271
5272
5273
5274
5284
5286
5287
5289
5294
5297
5304
5304
5304
5311
5312
5312
5312
5312
5315
5315
5316
5316
5316
5316
5317
5317
5318
5322
5335
5340
5341
5344
5350
5354
5357
5358
5361
5364
5367
5373
5378
5413
5430
5431
5433
5435
5435
5440
5442
5442
5443
5454
5456
5465
5466
5467
5467
5470
5476
5476
5478
5478
5482
5484
5484
5485
5491
5492
5496
5504
5505
5511
5512
5515
5524
5525
5527
5528
5559
5565
5568
5578
5582
5583
5585
5587
5589
5591
5594
5594
5597
5598
5598
5598
5599
5599
5600
5603
5613
5614
5630
5633
5634
5639
5656
5660
5671
5671
5678
5683
5686
5686
5686
5690
5691
5692
5693
5695
5700
5700
5702
5710
5713
5718
5733
5735
5740
5749
5751
5752
5755
5756
5757
5760
5766
5767
5769
5769
5772
5773
5774
5781
5785
5788
5793
5800
5800
5801
5801
5802
5807
5808
5808
5808
5810
5815
5816
5816
5816
5817
5818
5829
5833
5841
5842
5849
5851
5854
5857
5860
5860
5864
5864
5866
5878
5880
5890
5898
