2
2
2
2
3
4
4
4
5
6
6
6
6
8
9
9
9
10
10
10
11
11
11
12
12
13
13
14
14
14
14
14
15
15
15
15
16
16
16
16
16
17
17
17
17
17
19
19
20
20
20
20
20
21
21
22
22
22
23
24
24
24
25
25
26
26
26
27
27
28
28
28
28
28
29
29
29
29
29
29
29
29
29
30
30
30
30
30
30
31
31
31
31
31
31
31
31
31
32
32
32
32
32
32
32
32
32
32
32
32
32
32
32
32
32
33
33
33
33
33
33
33
33
33
33
34
34
34
34
35
35
35
35
35
35
35
35
35
35
35
35
35
36
36
36
36
37
37
37
38
38
38
38
38
38
39
39
39
39
39
39
39
39
39
39
39
39
39
40
40
40
40
40
40
40
40
40
40
40
41
41
41
41
41
41
42
42
42
42
42
42
42
42
42
42
42
42
43
43
43
44
44
44
44
45
46
46
46
46
46
46
47
47
48
48
48
49
49
49
49
49
50
50
50
50
50
50
51
53
53
53
53
54
54
54
54
54
54
54
54
55
55
55
55
55
55
55
55
55
55
55
56
56
56
56
56
56
56
56
57
57
57
57
58
58
58
59
59
59
59
60
60
60
60
61
61
62
62
62
62
63
63
63
63
64
64
64
64
64
65
65
65
65
65
66
66
66
66
66
67
67
68
68
68
69
69
69
69
69
70
70
70
71
71
71
71
71
72
72
72
72
73
73
74
74
74
74
74
74
74
75
75
75
75
76
76
76
76
77
77
77
77
77
77
77
78
79
79
79
79
79
80
80
80
80
80
80
81
81
81
82
82
82
82
83
83
83
83
84
84
84
84
84
84
85
85
86
86
86
87
87
88
88
88
89
89
89
89
89
89
90
90
90
91
91
91
93
93
93
93
94
94
94
94
94
94
94
94
94
94
94
94
94
94
94
94
94
94
95
95
95
95
95
95
95
95
96
96
96
96
96
96
96
96
96
97
97
98
98
98
98
98
99
99
100
101
101
101
101
102
102
103
103
103
103
103
103
103
104
104
104
104
104
105
105
105
105
105
105
105
106
106
106
107
108
108
108
108
108
109
109
109
109
110
110
110
110
110
111
111
111
111
111
111
111
111
111
112
112
112
112
112
112
112
112
112
112
112
112
112
112
112
112
112
112
113
113
113
113
113
113
113
113
113
113
113
113
114
114
114
114
114
114
115
115
115
116
116
117
117
117
117
117
118
118
118
119
119
119
120
120
120
120
120
120
120
120
120
120
120
121
121
121
121
121
121
121
122
122
123
123
123
123
123
124
124
124
125
125
126
126
127
127
127
127
127
128
128
128
129
129
129
129
129
129
129
130
130
130
130
130
130
131
131
131
132
133
135
135
136
137
138
138
139
139
140
140
141
141
141
142
143
144
144
144
144
145
145
146
146
146
146
147
147
147
148
148
149
149
149
149
150
150
150
150
151
152
152
152
152
152
153
153
153
154
154
155
155
155
155
155
155
156
157
157
157
158
158
158
159
159
160
160
160
160
161
161
161
161
161
161
161
161
161
162
162
162
163
164
164
165
165
165
166
166
166
166
166
166
166
166
167
167
167
167
167
167
167
168
168
168
168
168
168
169
169
169
169
169
169
169
170
170
170
170
170
170
170
170
170
171
171
171
172
172
172
172
173
173
173
174
174
175
175
175
175
175
175
176
176
176
176
176
176
176
176
176
176
176
177
177
177
177
177
177
177
177
178
179
179
179
180
181
182
183
183
184
184
184
184
184
184
184
185
185
185
185
185
186
186
186
186
186
186
187
187
187
187
188
188
188
188
188
189
189
190
190
190
190
190
191
191
192
192
193
193
193
194
194
194
195
195
196
196
196
196
196
196
196
196
197
197
197
197
198
198
198
199
199
199
199
199
200
200
201
201
202
202
202
202
203
203
203
204
204
205
205
205
205
205
205
205
205
205
205
205
205
205
206
206
206
206
206
207
207
207
207
208
209
209
209
210
210
211
211
211
212
212
212
212
212
212
213
214
214
215
215
216
216
216
216
216
216
216
218
219
219
220
220
220
221
221
221
221
221
221
222
222
222
222
223
223
223
223
224
224
225
225
226
226
226
226
228
229
229
229
229
230
230
231
231
231
231
231
232
232
232
233
233
234
234
234
234
234
235
235
237
238
239
239
239
239
239
239
240
241
241
242
242
243
243
244
244
244
244
246
247
247
248
248
248
248
248
248
249
249
249
250
250
250
250
251
252
252
252
252
253
254
255
255
255
256
256
256
256
256
256
257
257
257
257
257
258
258
259
259
259
259
260
260
261
261
261
261
261
261
262
262
262
263
263
263
263
264
264
265
266
268
269
270
270
271
271
271
272
273
274
275
275
276
276
276
276
276
277
277
277
277
277
277
278
278
278
279
279
279
280
281
282
284
288
289
289
290
293
294
294
295
296
296
297
299
299
301
303
303
304
305
306
309
309
310
313
315
318
318
318
320
320
322
323
323
323
324
326
328
329
330
332
335
335
337
339
340
341
341
342
349
350
351
354
357
357
366
369
369
370
370
371
372
372
372
372
373
374
374
377
377
378
379
381
382
382
383
390
398
406
407
416
421
423
425
425
425
430
431
431
435
435
436
438
438
440
442
444
444
444
451
452
453
456
461
469
469
474
476
476
476
477
477
477
478
478
479
480
480
480
481
482
482
483
483
484
484
484
485
486
486
488
490
490
491
491
492
492
492
492
493
497
497
498
498
498
499
499
500
502
502
506
506
507
507
507
509
511
512
512
513
514
514
515
516
516
516
517
521
527
530
533
534
534
534
535
535
536
536
536
536
536
536
536
536
536
536
536
536
536
537
537
537
537
537
537
537
537
537
537
537
537
538
538
538
539
541
543
544
545
545
545
545
546
546
546
546
546
547
547
548
550
550
552
559
561
562
563
563
564
565
565
568
569
570
571
573
573
573
573
574
574
575
575
575
575
576
576
576
576
576
576
576
576
577
577
577
578
578
578
579
579
579
584
584
585
586
587
589
590
590
598
603
604
604
606
607
608
616
617
619
620
621
622
623
623
623
624
624
624
625
626
627
628
632
633
633
635
636
636
637
640
642
643
643
643
644
644
645
645
645
645
645
645
646
646
646
646
646
646
646
646
646
647
647
647
647
647
647
648
648
648
648
648
649
649
650
650
651
652
653
655
656
657
658
658
663
669
671
671
671
672
673
673
673
673
673
674
674
677
681
682
682
686
687
687
688
688
688
688
690
690
690
690
691
692
693
693
694
694
695
696
696
696
697
697
697
697
699
699
699
700
700
700
701
702
702
702
702
703
703
706
707
707
707
708
708
708
708
708
709
710
710
713
713
713
714
715
715
716
716
716
716
716
717
719
719
719
723
723
724
725
725
725
726
726
727
727
728
729
729
731
731
732
732
732
732
733
733
735
738
740
743
743
746
747
747
749
749
750
750
752
752
753
754
756
756
756
757
757
759
759
760
763
765
767
768
771
772
772
774
774
774
775
775
777
778
779
780
783
787
792
792
792
793
795
798
800
800
800
801
801
804
806
807
812
812
812
814
816
816
816
819
820
821
823
823
823
823
826
827
827
827
828
829
830
830
831
832
833
833
834
835
835
836
836
837
838
840
840
841
842
843
843
844
845
849
850
850
851
852
857
857
858
859
864
865
866
866
866
867
867
868
868
868
869
869
870
870
870
870
871
871
871
874
874
876
876
877
880
880
880
881
881
881
881
881
881
882
882
883
885
886
886
887
888
888
889
889
889
889
889
890
890
890
891
893
894
894
895
896
896
896
896
897
897
899
901
905
907
907
908
909
909
910
910
913
915
916
916
917
917
918
918
919
922
922
923
923
924
925
925
926
927
927
928
929
929
934
934
935
936
941
941
941
942
942
944
944
944
945
945
949
951
953
954
957
958
962
962
962
962
963
963
964
966
966
967
967
967
968
971
972
973
976
976
976
976
976
977
977
977
977
977
977
977
977
978
978
978
979
980
981
984
984
984
987
988
989
991
993
993
993
995
997
997
998
999
999
1000
1000
1000
1001
1001
1001
1002
1002
1005
1005
1005
1008
1008
1010
1012
1013
1013
1014
1014
1014
1018
1019
1020
1020
1022
1022
1023
1023
1023
1023
1023
1023
1023
1023
1028
1033
1036
1036
1037
1040
1041
1042
1042
1042
1044
1044
1044
1044
1045
1047
1049
1050
1051
1051
1051
1051
1051
1051
1052
1052
1057
1058
1059
1059
1059
1060
1060
1060
1060
1060
1061
1062
1062
1064
1066
1066
1066
1066
1066
1066
1067
1068
1070
1071
1072
1072
1073
1074
1074
1074
1075
1075
1076
1077
1077
1077
1078
1080
1080
1080
1081
1083
1084
1085
1086
1087
1088
1091
1092
1092
1093
1094
1096
1097
1097
1099
1100
1101
1103
1104
1105
1105
1106
1107
1107
1109
1110
1111
1115
1116
1122
1125
1126
1126
1127
1135
1136
1136
1138
1140
1141
1142
1144
1144
1149
1153
1154
1155
1155
1155
1156
1156
1157
1157
1160
1160
1161
1162
1162
1163
1166
1166
1167
1167
1168
1168
1169
1170
1170
1171
1172
1174
1176
1176
1177
1178
1178
1179
1179
1181
1181
1181
1183
1184
1184
1187
1187
1187
1188
1190
1190
1192
1193
1194
1195
1195
1196
1198
1198
1199
1200
1201
1201
1202
1202
1205
1209
1210
1211
1212
1213
1213
1213
1216
1216
1216
1217
1218
1218
1218
1219
1220
1222
1223
1223
1223
1223
1223
1223
1224
1224
1224
1224
1224
1225
1225
1226
1226
1227
1228
1228
1228
1228
1228
1228
1228
1229
1229
1230
1233
1236
1236
1236
1237
1238
1240
1240
1241
1241
1242
1242
1243
1244
1245
1245
1245
1245
1246
1248
1248
1248
1248
1249
1249
1250
1251
1252
1252
1252
1252
1253
1254
1255
1256
1256
1256
1257
1258
1258
1259
1260
1262
1262
1263
1265
1268
1269
1272
1273
1274
1274
1275
1275
1275
1275
1277
1278
1279
1282
1283
1283
1283
1283
1284
1285
1286
1287
1287
1287
1287
1287
1288
1288
1289
1289
1292
1293
1294
1294
1298
1298
1299
1300
1300
1300
1301
1301
1304
1304
1305
1305
1310
1310
1310
1310
1311
1313
1315
1315
1315
1316
1318
1319
1319
1320
1324
1325
1325
1328
1328
1329
1329
1329
1330
1331
1332
1332
1332
1333
1333
1334
1334
1334
1335
1336
1336
1337
1338
1339
1339
1340
1341
1341
1343
1343
1343
1343
1343
1344
1344
1344
1346
1346
1348
1348
1349
1349
1350
1350
1350
1350
1351
1352
1354
1354
1356
1357
1358
1359
1361
1362
1362
1362
1363
1363
1363
1365
1367
1367
1368
1368
1368
1369
1369
1370
1371
1375
1378
1379
1385
1385
1388
1390
1390
1393
1394
1395
1397
1399
1400
1401
1402
1402
1402
1403
1404
1405
1405
1408
1408
1409
1409
1409
1410
1411
1411
1414
1428
1428
1431
1434
1439
1445
1485
1488
1504
1505
1515
1522
1524
1525
1526
1528
1529
1529
1529
1532
1532
1532
1532
1533
1533
1534
1536
1536
1537
1538
1540
1540
1550
1550
1553
1554
1557
1561
1562
1565
1565
1565
1565
1576
1576
1576
1576
1576
1578
1578
1578
1578
1578
1579
1580
1581
1582
1583
1583
1583
1583
1584
1584
1585
1586
1587
1587
1588
1588
1589
1589
1589
1590
1591
1592
1593
1597
1599
1602
1602
1603
1604
1605
1605
1606
1609
1609
1610
1611
1613
1617
1618
1618
1619
1623
1623
1626
1634
1635
1635
1637
1639
1639
1639
1641
1643
1643
1644
1644
1645
1646
1646
1650
1651
1652
