0
1
2
3
3
4
4
4
4
5
6
6
7
7
7
7
7
8
8
8
8
10
10
10
10
10
10
11
11
11
12
12
12
13
13
13
13
13
13
13
14
14
14
14
14
14
14
15
15
15
16
16
17
17
17
17
17
18
19
19
19
19
19
19
19
19
20
20
20
20
20
20
20
20
20
20
20
20
20
20
20
20
21
21
21
21
21
21
21
21
21
21
21
21
21
22
22
22
22
22
23
23
23
23
23
23
24
24
24
24
24
24
25
25
25
25
25
25
25
26
26
26
26
26
26
26
26
26
26
26
26
26
27
27
28
28
28
28
28
29
29
29
29
29
29
30
30
30
30
30
30
30
31
31
32
32
33
33
33
33
34
34
35
35
35
35
36
36
36
36
36
36
36
36
36
36
36
36
37
37
37
37
37
37
37
39
39
39
39
39
39
39
39
39
40
41
41
41
41
41
41
41
42
42
42
42
42
42
42
42
42
42
42
43
43
43
43
43
43
43
43
43
43
43
43
44
44
44
44
44
44
44
45
45
45
45
45
45
45
46
46
46
46
46
46
46
47
47
47
47
47
47
48
48
48
48
48
48
48
49
49
49
49
50
50
51
51
51
51
51
51
52
52
52
52
52
52
52
53
53
53
54
54
54
54
54
54
54
54
55
55
55
55
56
56
56
56
56
56
56
56
57
57
57
57
57
57
58
58
58
58
59
59
59
60
60
60
60
60
60
61
61
61
62
62
62
62
63
63
63
63
63
63
64
64
65
65
65
65
65
65
65
65
66
66
66
66
66
66
66
67
67
67
68
68
68
68
68
69
69
70
70
70
70
70
70
70
70
70
71
71
71
71
71
72
72
72
72
72
74
74
74
74
74
75
75
75
75
75
76
76
76
76
76
77
77
78
78
78
78
78
79
79
79
79
79
79
79
79
80
80
80
80
80
80
81
81
81
81
81
81
81
81
82
82
82
83
83
83
83
83
83
84
84
84
84
85
85
85
85
86
86
86
86
87
87
87
87
87
87
87
88
88
88
89
89
89
90
90
90
90
90
91
91
91
92
92
92
93
93
93
94
94
96
96
96
96
96
96
96
96
96
96
97
97
97
97
97
97
97
97
97
97
97
97
97
98
98
98
98
98
98
98
98
98
98
98
98
98
99
99
99
101
101
101
102
102
102
103
103
103
103
104
104
104
104
104
104
104
104
104
105
105
105
105
105
105
105
105
106
106
106
106
106
107
107
107
107
108
108
108
108
109
109
109
109
109
109
109
109
109
110
111
111
111
112
112
112
112
112
113
113
113
113
113
113
113
114
114
114
115
115
115
115
116
116
116
116
116
117
117
117
118
118
118
119
119
119
119
119
119
119
119
120
120
120
121
121
122
122
123
123
123
124
124
124
124
124
124
125
125
126
126
126
126
126
126
126
126
126
127
127
127
127
127
127
127
127
127
127
127
127
128
128
128
128
128
128
128
128
128
129
129
129
129
129
129
129
129
130
131
131
131
132
132
132
132
132
132
133
133
133
133
133
133
134
134
134
134
134
134
135
135
135
135
136
136
136
136
136
136
136
136
137
137
137
137
137
137
137
137
137
137
137
137
137
137
138
138
138
138
138
138
138
138
139
139
139
140
140
140
140
140
140
140
141
142
142
142
142
142
143
143
143
143
143
143
143
144
144
144
144
144
144
145
145
145
145
145
146
146
146
146
146
146
146
146
146
146
146
146
146
146
147
147
147
147
147
147
147
147
147
147
147
147
147
147
147
147
147
147
147
148
148
148
148
148
148
148
148
148
148
149
149
149
149
149
149
149
150
150
150
150
151
151
151
151
151
151
151
151
152
152
152
152
152
153
153
153
153
153
153
154
154
154
154
154
154
154
154
155
155
155
155
155
155
155
155
156
156
156
156
157
157
157
157
157
157
158
158
158
158
158
158
159
159
159
160
160
160
160
161
161
161
162
162
162
162
163
163
163
163
163
164
164
164
165
165
165
165
165
165
165
166
166
166
166
166
166
166
166
166
166
166
167
167
167
167
167
167
167
167
168
168
168
168
168
168
169
169
169
169
169
169
169
169
169
169
169
169
170
170
170
170
171
171
171
172
172
172
172
172
173
173
173
173
173
173
174
174
174
175
175
175
175
175
175
175
175
175
176
176
176
176
177
177
179
179
179
179
179
180
180
180
181
181
181
181
181
182
182
182
182
183
183
183
183
184
184
184
184
184
184
184
185
185
185
185
186
186
186
186
186
187
187
187
187
187
187
187
188
188
188
188
188
189
189
189
189
190
190
190
190
190
190
191
191
191
191
191
191
192
192
192
192
193
193
194
195
195
195
195
195
196
196
197
197
197
197
197
197
198
199
199
200
201
201
202
202
203
203
203
203
204
205
205
207
208
212
212
212
213
216
216
217
217
218
218
219
219
229
229
229
230
231
232
232
232
233
233
233
234
234
234
234
235
235
236
236
237
237
237
237
238
238
239
239
240
240
240
240
240
240
241
242
243
243
243
243
243
245
245
246
248
248
248
248
248
249
250
251
251
252
252
252
253
253
254
254
254
254
254
255
255
255
255
255
255
255
256
256
256
256
257
257
257
257
257
257
257
258
259
259
259
259
259
259
260
260
260
260
262
262
262
262
263
263
263
263
263
263
263
264
264
264
265
265
265
265
265
265
265
265
266
266
266
266
266
266
266
266
267
267
268
268
268
268
268
268
268
269
270
270
271
271
271
272
273
274
274
274
274
274
274
274
275
275
276
276
277
278
279
279
280
282
282
282
283
283
283
283
284
284
284
285
285
285
285
285
286
286
287
287
287
287
287
287
287
288
288
288
288
288
288
288
288
288
288
289
289
289
291
292
292
292
293
293
293
293
293
293
293
293
293
293
294
294
295
295
295
296
296
296
297
297
298
299
299
299
299
300
300
301
306
306
308
308
309
310
311
312
313
315
316
317
318
319
319
320
320
321
322
323
325
326
327
329
330
331
332
333
334
335
339
341
343
344
347
348
348
348
348
348
350
350
350
351
352
353
354
354
356
356
357
358
359
359
361
361
362
363
364
364
364
364
364
364
364
365
367
368
368
371
372
374
374
374
374
374
374
378
379
379
386
392
392
392
394
394
394
397
397
397
398
398
398
398
398
398
398
399
399
399
399
400
400
400
401
407
407
408
408
410
412
418
424
425
426
433
437
437
437
438
438
438
439
440
441
448
452
453
455
456
458
459
460
460
465
468
475
476
479
479
479
479
479
480
480
480
480
480
480
480
480
480
480
480
480
480
481
481
481
481
481
481
481
481
486
487
487
487
488
488
489
489
489
489
489
490
490
490
497
498
498
502
502
502
513
513
513
513
513
513
513
514
516
517
517
519
519
519
519
520
521
521
521
522
522
524
524
527
529
531
535
536
539
539
543
543
543
543
549
551
553
553
556
557
559
561
563
565
566
569
570
571
572
577
577
578
579
579
581
585
586
590
591
592
594
596
596
596
596
597
597
598
598
598
598
599
599
602
602
603
605
611
612
612
612
613
614
615
615
615
619
621
621
621
621
621
622
622
622
622
622
623
623
623
623
624
624
624
624
624
624
625
625
625
625
625
625
625
626
626
632
635
637
637
639
643
643
644
646
647
648
649
651
651
652
655
656
657
658
658
658
658
659
659
661
661
662
663
665
665
665
665
666
666
667
669
670
672
672
672
673
673
673
676
678
679
680
681
682
685
685
685
687
688
688
690
691
693
695
701
705
705
706
707
710
714
717
717
718
718
718
721
721
721
721
722
723
724
725
726
726
727
729
730
730
733
733
734
734
735
735
736
736
736
737
738
738
738
739
739
739
740
744
745
745
746
746
747
747
748
748
748
748
749
750
750
750
751
751
751
752
752
752
752
753
754
755
756
757
758
758
759
761
762
763
764
764
764
766
768
769
769
770
772
772
773
773
773
780
782
782
783
783
783
784
784
785
786
787
789
790
790
792
794
794
795
795
798
798
798
798
798
799
801
802
803
805
806
806
809
811
814
815
816
817
818
818
819
820
823
824
825
827
829
829
829
831
831
831
831
833
833
833
834
835
835
836
836
837
838
840
840
841
841
841
841
842
842
842
843
843
846
847
847
847
848
848
848
848
848
849
850
850
851
851
854
856
857
857
857
859
861
862
862
864
865
865
865
867
867
867
868
868
868
868
868
869
869
870
871
871
871
872
872
874
874
875
875
875
876
877
878
880
882
882
883
886
888
892
892
894
894
896
896
897
897
898
898
901
904
904
904
904
905
905
906
906
906
906
906
907
907
908
908
908
909
910
910
910
912
913
913
913
914
916
917
918
918
919
920
920
921
922
922
922
923
923
923
924
924
925
926
929
929
929
930
930
930
931
931
932
933
933
934
934
935
936
937
937
937
938
938
939
939
939
940
942
945
946
946
947
948
948
948
948
949
950
950
953
953
953
955
955
955
956
956
957
957
958
959
959
959
959
960
960
961
961
961
961
962
963
963
966
966
966
967
967
969
969
969
972
973
974
975
975
977
978
978
978
979
979
979
979
979
980
980
981
981
982
982
984
984
985
985
985
986
986
986
986
987
988
988
988
988
989
989
990
991
991
991
993
996
996
997
998
999
999
999
999
999
1000
1001
1001
1001
1001
1004
1004
1005
1007
1008
1008
1008
1008
1008
1009
1010
1012
1012
1013
1013
1013
1013
1014
1017
1017
1018
1018
1019
1020
1021
1022
1023
1025
1026
1028
1029
1029
1029
1030
1030
1030
1030
1031
1031
1031
1031
1032
1032
1032
1032
1032
1032
1033
1034
1035
1036
1036
1036
1036
1036
1036
1037
1037
1037
1037
1038
1039
1040
1040
1041
1041
1042
1042
1042
1042
1042
1042
1043
1043
1043
1043
1045
1045
1046
1046
1046
1046
1048
1048
1048
1049
1049
1049
1050
1050
1051
1052
1052
1053
1053
1054
1054
1054
1056
1056
1056
1057
1057
1059
1059
1059
1061
1061
1061
1061
1061
1062
1063
1063
1064
1065
1065
1067
1067
1067
1068
1068
1068
1070
1071
1073
1073
1073
1074
1074
1076
1076
1079
1079
1080
1082
1082
1083
1083
1083
1085
1086
1086
1087
1087
1087
1087
1088
1089
1089
1089
1092
1093
1093
1093
1094
1094
1094
1094
1095
1096
1097
1097
1098
1098
1098
1099
1100
1100
1101
1102
1103
1104
1104
1104
1105
1105
1105
1106
1108
1109
1109
1109
1110
1110
1110
1111
1111
1112
1112
1112
1113
1113
1113
1114
1114
1114
1114
1114
1114
1115
1116
1116
1116
1116
1117
1117
1117
1118
1118
1119
1119
1119
1120
1120
1121
1121
1122
1123
1123
1124
1124
1124
1124
1124
1124
1125
1125
1125
1127
1127
1127
1128
1128
1129
1130
1130
1132
1132
1132
1132
1133
1136
1137
1138
1138
1140
1140
1142
1143
1143
1144
1144
1144
1145
1145
1145
1146
1146
1146
1146
1146
1146
1147
1147
1147
1148
1149
1149
1149
1150
1150
1151
1151
1151
1152
1153
1154
1154
1156
1156
1156
1156
1156
1157
1157
1160
1160
1161
1161
1161
1162
1162
1163
1164
1165
1165
1166
1166
1167
1167
1167
1167
1168
1168
1168
1169
1170
1170
1170
1170
1171
1171
1172
1172
1173
