2
2
2
3
3
3
4
4
5
5
6
6
6
7
7
7
7
8
8
9
9
9
9
9
10
10
10
10
10
10
10
10
10
11
11
11
11
12
12
12
12
13
13
14
14
14
15
15
15
15
16
16
17
17
17
18
18
18
18
18
18
18
18
18
19
19
19
19
19
20
20
20
20
20
20
20
20
20
20
20
20
20
20
20
20
20
20
21
21
21
21
21
21
21
21
21
22
22
22
22
23
23
23
23
23
24
24
24
24
24
24
24
24
24
24
25
25
25
25
25
25
25
25
25
25
25
26
26
26
26
26
26
26
26
26
27
27
27
27
27
27
27
27
27
27
28
28
28
28
28
28
28
29
29
29
29
30
30
30
30
30
30
30
30
30
30
30
30
30
30
31
31
31
31
31
32
32
32
32
32
32
33
33
33
33
33
33
34
34
34
35
35
35
35
35
35
35
35
36
36
36
36
36
36
36
36
36
36
36
36
36
37
37
37
37
37
37
37
38
38
38
39
39
39
39
39
39
39
39
40
40
40
40
40
40
40
40
40
40
40
40
40
40
41
41
41
41
41
41
41
41
41
41
41
41
41
41
41
41
41
42
42
42
42
42
43
43
43
43
43
44
44
44
44
44
44
45
45
45
45
45
45
45
45
45
46
46
46
46
46
46
46
46
46
46
47
47
47
47
47
47
47
47
47
47
47
47
48
48
48
48
48
48
48
48
49
49
49
49
49
49
49
49
50
50
50
50
50
51
51
51
51
51
51
52
52
52
52
52
52
52
52
53
53
53
53
53
53
53
53
53
54
54
54
55
55
56
56
56
56
56
56
57
57
57
57
57
57
57
57
57
58
58
58
58
58
58
58
59
59
59
59
59
59
59
59
59
59
59
59
59
60
60
60
60
60
60
60
60
61
61
61
61
62
62
62
62
63
63
63
63
63
63
63
63
64
64
65
65
65
65
65
65
65
65
66
66
66
66
66
66
66
66
67
67
67
67
67
68
68
68
69
69
69
69
70
70
70
70
70
70
71
71
71
71
71
71
71
71
72
72
72
72
73
73
73
73
73
73
74
74
74
75
75
75
75
75
75
75
75
76
76
76
76
77
77
77
77
78
78
78
78
78
79
79
79
80
80
80
81
81
81
81
82
82
83
83
83
84
84
84
84
86
87
87
87
88
88
88
88
88
89
89
90
90
90
90
90
91
91
91
92
93
93
94
94
94
94
95
95
95
95
95
95
95
96
96
97
97
98
98
98
98
99
99
99
99
100
100
101
101
101
101
102
102
102
102
102
103
103
103
103
103
103
103
103
103
103
103
104
104
104
104
104
105
105
106
106
106
106
106
106
107
107
107
107
107
107
107
108
109
109
109
109
110
110
110
110
111
111
111
111
111
112
112
112
112
112
112
112
112
112
112
113
113
114
114
114
114
115
115
115
115
115
117
117
117
118
118
118
118
119
119
119
120
120
120
121
121
121
121
121
121
121
121
121
121
121
122
123
123
123
123
123
123
124
124
124
124
124
124
124
125
125
125
125
126
126
127
127
127
129
129
129
130
130
130
130
131
131
131
131
133
134
135
135
135
136
136
136
137
137
137
138
138
138
138
138
138
139
139
139
139
139
139
139
139
139
139
139
139
139
139
139
139
139
139
139
140
140
140
140
140
140
140
140
140
141
141
141
141
141
141
142
142
142
142
142
142
142
143
143
143
143
143
143
143
144
144
144
144
144
144
145
145
145
145
145
145
145
145
145
145
146
146
146
146
146
146
146
147
147
147
147
147
148
148
148
148
148
149
149
149
149
149
149
150
150
150
150
150
150
151
151
151
151
151
151
151
152
152
152
152
152
152
152
152
152
152
152
153
153
153
153
153
153
153
153
154
154
155
155
155
155
156
156
157
157
157
157
157
157
157
157
157
158
158
159
159
159
159
159
160
160
160
160
160
160
160
161
161
161
161
161
161
161
162
162
162
162
162
163
163
163
163
163
163
164
164
164
165
165
165
165
165
166
166
166
166
166
166
167
167
167
168
169
169
169
169
169
170
170
170
170
170
171
171
171
171
171
171
171
172
172
172
173
174
174
174
174
174
174
174
175
175
175
175
175
176
176
176
176
177
178
178
179
179
179
179
179
180
180
182
183
183
183
183
183
183
183
183
184
185
185
185
186
186
186
186
187
187
187
188
188
189
189
190
190
190
190
190
191
191
191
192
192
192
192
192
192
193
193
193
193
193
194
194
194
194
195
195
195
195
196
196
196
196
196
196
196
196
196
196
196
196
196
197
197
197
197
197
197
197
197
197
197
198
198
198
198
198
198
199
199
199
199
199
200
200
200
200
200
200
201
201
201
201
201
202
202
203
203
203
203
203
203
203
203
203
204
204
205
206
206
206
206
206
206
206
207
207
207
207
207
207
208
208
208
208
208
209
209
211
211
211
211
211
211
211
212
212
213
213
213
213
213
213
213
213
214
214
214
214
214
215
215
215
215
215
215
215
215
215
216
216
216
216
216
216
216
217
217
217
217
217
217
217
217
217
217
218
218
218
219
219
219
219
219
220
220
220
220
221
221
221
221
221
221
221
222
223
223
223
223
223
224
224
224
224
225
226
226
226
226
226
226
227
227
231
232
232
233
234
234
235
235
235
236
236
237
237
237
238
239
239
239
240
241
241
243
244
244
244
245
247
248
248
248
248
250
251
251
251
251
253
255
256
257
257
259
259
261
261
261
262
262
264
264
265
265
268
268
268
269
269
270
270
270
270
272
276
278
279
279
280
282
284
285
286
286
288
289
289
291
292
292
292
292
293
293
294
297
297
297
297
298
298
298
299
300
302
302
303
303
303
303
304
304
304
309
309
310
311
311
311
311
311
312
312
313
313
313
313
313
313
314
314
315
315
316
316
317
318
318
319
321
322
324
324
325
326
326
328
328
329
329
329
330
330
331
331
331
331
333
333
334
334
334
334
336
337
337
338
339
339
339
341
341
342
342
343
344
345
345
345
347
348
348
349
349
352
352
355
355
356
356
357
357
358
359
359
360
361
361
361
361
361
361
365
365
368
370
370
371
371
371
371
371
371
373
374
374
374
374
375
376
377
378
378
378
378
381
382
384
385
388
390
390
390
390
391
391
392
393
393
394
394
394
394
394
394
395
395
396
397
401
401
402
402
403
404
404
405
405
405
405
406
408
408
409
411
411
412
412
412
412
413
414
414
415
416
417
418
418
420
420
421
421
423
423
423
424
424
424
425
425
425
425
426
426
426
426
427
427
427
428
428
428
429
429
430
430
435
436
436
437
438
438
438
439
440
442
443
443
443
444
445
445
449
449
450
450
450
450
451
451
451
451
451
451
451
451
451
451
451
453
454
454
457
457
457
457
460
466
466
466
467
467
469
470
470
470
471
471
472
472
472
472
472
478
479
480
480
480
481
482
483
484
484
487
487
489
489
489
489
490
492
492
493
494
494
495
495
495
495
500
501
501
502
502
502
505
506
506
508
509
510
510
510
510
514
514
514
515
515
515
517
517
520
520
520
521
522
522
525
526
527
528
529
529
529
530
531
534
535
537
537
538
538
539
540
540
541
542
544
545
546
547
548
548
549
549
549
549
550
550
550
550
550
551
551
552
552
553
553
553
553
553
554
554
555
555
556
556
557
557
558
558
560
560
561
561
562
563
563
564
564
565
565
565
565
565
565
566
566
566
566
567
567
568
569
569
571
571
572
572
572
572
573
573
573
573
574
574
575
576
577
577
577
577
578
578
579
580
581
581
583
583
587
587
587
588
589
589
589
589
589
590
591
591
591
594
595
595
596
597
598
598
599
599
599
599
602
602
604
605
605
606
606
607
607
608
610
610
611
611
611
612
613
613
613
613
613
613
613
614
615
615
615
615
616
616
616
616
616
616
616
616
616
616
616
617
617
617
617
618
618
618
619
619
620
620
620
620
620
621
621
621
622
623
625
625
626
626
626
626
626
626
626
626
626
626
626
627
627
627
627
627
627
627
627
627
627
628
628
628
629
629
629
629
630
630
630
631
631
631
631
631
631
631
631
631
631
631
631
632
632
632
632
632
632
632
632
633
633
634
634
634
634
634
634
634
634
635
635
635
636
636
636
636
636
636
636
636
636
636
636
636
637
637
637
637
638
638
639
639
640
640
641
641
641
641
641
642
643
643
645
645
647
649
650
650
650
651
652
652
652
653
654
654
654
654
655
656
657
657
658
658
659
659
659
660
660
661
661
662
664
665
666
666
666
667
667
667
668
668
668
669
669
669
669
669
669
670
670
670
670
670
671
671
671
673
673
674
674
674
674
675
675
676
678
679
680
680
682
682
682
683
683
683
684
684
687
688
689
689
690
698
699
699
700
701
702
703
704
710
710
711
712
712
713
713
717
717
718
722
723
723
726
726
729
729
729
733
735
736
736
737
737
739
740
743
747
748
749
750
752
753
757
757
757
760
761
762
762
764
765
765
766
767
770
771
771
772
777
782
782
782
784
785
785
787
789
792
792
793
794
795
795
795
796
797
798
802
803
806
807
808
809
809
811
816
817
819
821
824
825
830
830
833
834
836
838
839
840
841
841
842
842
844
844
847
847
848
855
856
857
858
858
859
860
861
865
879
888
893
893
894
895
895
895
896
896
901
901
901
902
905
905
910
917
918
919
919
923
923
923
924
924
924
924
924
924
924
926
926
926
928
929
938
943
947
951
955
957
959
961
961
962
967
968
968
971
971
974
974
974
975
975
976
976
976
977
978
979
982
983
983
991
997
1002
1002
1003
1007
1008
1021
1024
1025
1025
1027
1027
1030
1030
1031
1033
1036
1036
1036
1037
1037
1037
1037
1037
1040
1040
1045
1046
1047
1048
1048
1049
1050
1050
1050
1051
1052
1055
1056
1056
1057
1060
1063
1065
1070
1071
1074
1077
1077
1078
1078
1079
1082
1083
1083
1084
1084
1084
1084
1085
1085
1086
1086
1086
1088
1090
1091
1091
1092
1093
1093
1093
1094
1094
1095
1096
1100
1107
1108
1111
1112
1119
1123
1123
1126
1127
1128
1129
1129
1133
1133
1134
1136
1137
1137
1138
1138
1141
1142
1144
1144
1145
1146
1147
1147
1148
1148
1148
1151
1152
1153
1156
1159
1161
1166
1167
1171
1178
1179
1183
1189
1191
1196
1199
1200
1201
1201
1203
1204
1204
1204
1210
1210
1218
1219
1222
1222
1227
1231
1234
1236
1237
1239
1241
1244
1246
1247
1248
1249
1252
1254
1255
1260
1265
1267
1269
1275
1277
1279
1280
1288
1289
1289
1290
1297
1303
1313
1313
1314
1318
1326
1327
1332
1334
1336
1338
1340
1342
1342
1342
1342
1344
1345
1347
1347
1347
1349
1349
1349
1350
1351
1352
1352
1353
1356
1357
1358
1360
1360
1360
1360
1368
1368
1369
1369
1370
1371
1372
1374
1375
1376
1376
1378
1379
1380
1380
1382
1391
1394
1397
1399
1400
1401
1402
1402
1405
1408
1409
1411
1412
1412
1413
1414
1417
1423
1423
1427
1428
1428
1429
1430
1431
1432
1433
1433
1439
1441
1448
1449
