2
2
3
6
6
6
6
8
8
11
13
13
15
17
20
20
21
21
22
23
30
30
30
30
30
30
30
31
31
31
31
31
31
31
31
31
31
31
32
32
32
32
32
32
32
33
33
33
33
33
33
33
33
34
34
34
34
34
34
34
34
34
34
34
34
34
34
34
35
35
35
35
36
36
36
36
37
37
37
37
37
37
37
37
38
39
39
39
40
40
40
40
40
40
40
41
41
41
41
41
41
41
41
41
41
41
42
42
42
42
43
43
43
43
43
43
43
43
44
44
44
44
44
44
46
47
49
49
49
50
51
52
52
52
52
52
52
53
53
53
53
53
54
55
57
63
63
63
64
64
65
66
66
68
68
68
69
69
69
69
70
71
74
76
77
77
77
77
77
78
78
78
78
78
78
78
79
79
79
86
87
89
91
91
93
94
94
97
100
100
101
104
104
105
108
109
109
109
110
111
111
113
113
115
116
117
118
119
119
119
120
121
122
124
125
125
126
128
128
129
129
130
130
130
130
131
132
132
133
133
135
136
136
138
139
139
140
140
140
141
142
143
144
145
145
145
146
146
147
148
148
148
148
149
150
150
150
151
152
153
153
154
156
158
158
158
164
165
166
167
168
168
169
169
169
169
169
169
169
169
169
169
169
169
170
170
170
170
170
170
170
170
172
172
172
173
173
174
174
174
174
176
176
177
177
177
177
177
177
177
178
178
178
178
178
178
178
178
178
179
179
179
179
179
179
180
180
182
184
184
184
184
184
184
185
185
185
186
186
186
186
186
187
187
187
188
188
190
191
191
194
197
199
200
201
203
203
203
205
208
209
210
210
211
212
213
213
213
214
214
214
214
215
215
216
216
217
218
218
219
219
219
219
219
219
220
220
224
224
224
224
224
224
226
226
226
226
226
227
228
228
228
229
230
230
230
230
231
231
232
232
232
233
233
235
236
237
237
237
237
237
237
237
237
237
237
237
237
238
240
241
241
242
242
243
243
243
243
245
245
247
248
248
250
252
253
253
254
254
255
257
257
259
260
260
262
265
265
268
271
271
271
271
271
272
272
272
272
272
272
273
273
273
274
275
275
275
275
276
276
277
277
277
278
278
278
280
282
282
282
283
284
284
285
286
286
289
290
291
292
292
292
292
293
293
293
293
293
293
293
293
293
293
293
293
294
294
298
299
299
299
299
299
300
300
300
300
301
302
303
304
305
306
307
307
307
308
309
310
311
312
314
315
316
316
321
323
323
324
325
325
327
330
330
331
334
334
335
338
341
342
347
347
347
348
349
349
350
352
353
353
356
357
361
361
363
365
365
366
368
369
371
372
372
373
373
373
373
373
373
373
374
374
374
374
375
375
375
376
376
376
376
378
378
379
381
383
383
384
384
384
385
386
386
386
389
389
389
389
390
392
393
395
395
397
398
398
400
403
406
406
408
409
410
411
411
412
412
414
415
416
419
420
421
422
423
423
434
442
449
450
452
453
453
454
456
457
459
459
460
461
461
462
465
466
467
471
471
471
471
471
472
472
474
475
487
488
493
496
496
497
498
498
501
502
504
504
504
506
507
521
521
522
522
522
523
530
534
536
536
542
544
544
548
557
562
563
563
563
564
564
565
567
569
571
571
573
574
574
574
575
575
575
575
576
577
577
578
578
579
580
580
580
581
582
582
582
583
583
587
587
588
594
594
603
604
604
605
609
612
618
620
621
622
625
625
633
636
636
639
659
663
664
669
669
670
670
670
670
670
670
671
671
671
671
671
672
680
684
684
686
688
691
693
693
695
696
697
698
698
699
701
702
702
709
710
712
714
715
716
717
720
722
722
730
734
736
738
739
740
742
743
747
748
754
756
757
757
757
759
762
764
769
770
771
774
776
778
779
783
786
789
793
809
814
815
815
815
815
815
816
816
816
816
816
816
816
823
825
827
827
832
833
835
842
847
847
848
850
851
853
857
857
858
862
880
881
882
884
886
889
892
892
895
898
899
900
900
900
900
900
900
901
901
901
901
901
901
901
901
901
901
901
901
901
901
901
901
902
904
905
906
906
907
907
907
907
908
909
909
909
917
917
917
917
917
918
918
918
918
918
918
919
919
919
919
919
919
919
919
919
920
920
924
924
924
925
931
931
933
935
938
961
988
995
999
1000
1000
1004
1004
1005
1005
1005
1005
1006
1009
1009
1014
1027
1027
1027
1028
1028
1028
1028
1028
1028
1028
1028
1028
1028
1028
1029
1029
1029
1029
1029
1029
1029
1029
1029
1030
1030
1030
1030
1035
1036
1037
1037
1037
1037
1037
1037
1038
1038
1038
1038
1041
1045
1062
1063
1068
1068
1069
1070
1073
1074
1077
1077
1078
1078
1078
1078
1079
1080
1080
1083
1083
1083
1084
1084
1084
1086
1087
1087
1088
1088
1088
1088
1089
1089
1089
1090
1090
1090
1090
1090
1090
1090
1091
1098
1115
1115
1115
1118
1122
1122
1146
1146
1146
1146
1151
1153
1165
1175
1196
1196
1198
1201
1205
1206
1210
1210
1214
1221
1225
1227
1228
1229
1232
1236
1238
1238
1244
1244
1245
1246
1247
1249
1252
1262
1262
1263
1267
1271
1273
1274
1283
1285
1291
1294
1294
1303
1304
1305
1307
1312
1312
1312
1313
1313
1314
1316
1316
1322
1327
1331
1331
1335
1336
1347
1352
1354
1355
1359
1359
1361
1364
1365
1366
1369
1369
1369
1369
1370
1370
1371
1372
1373
1377
1378
1378
1380
1382
1382
1385
1387
1387
1388
1389
1389
1389
1389
1390
1391
1394
1394
1394
1394
1395
1396
1396
1397
1398
1398
1399
1403
1403
1404
1418
1419
1420
1430
1430
1430
1431
1431
1431
1432
1433
1433
1434
1435
1435
1435
1436
1436
1436
1436
1436
1437
1438
1438
1438
1439
1439
1439
1442
1442
1443
1443
1444
1444
1444
1445
1445
1447
1447
1447
1452
1456
1459
1460
1460
1461
1461
1461
1461
1461
1462
1463
1464
1464
1465
1467
1469
1471
1471
1471
1472
1472
1472
1472
1478
1478
1479
1483
1488
1489
1490
1492
1499
1503
1504
1527
1535
1547
1554
1555
1558
1563
1564
1565
1565
1569
1573
1574
1576
1576
1578
1581
1581
1582
1583
1584
1586
1589
1590
1592
1596
1597
1598
1598
1598
1599
1602
1604
1607
1608
1612
1612
1613
1613
1614
1615
1617
1620
1620
1620
1621
1622
1625
1629
1629
1631
1632
1632
1633
1634
1634
1634
1634
1634
1635
1635
1635
1636
1636
1636
1637
1639
1640
1640
1642
1647
1655
1657
1657
1658
1659
1660
1662
1669
1669
1672
1673
1674
1676
1685
1691
1694
1694
1695
1697
1698
1700
1701
1702
1707
1708
1709
1710
1710
1711
1712
1712
1716
1718
1719
1719
1719
1720
1727
1727
1727
1728
1729
1729
1729
1729
1729
1729
1730
1732
1737
1739
1740
1740
1745
1745
1751
1751
1752
1758
1763
1766
1772
1773
1773
1774
1774
1775
1799
1799
1799
1800
1800
1800
1800
1803
1804
1804
1807
1807
1812
1833
1843
1844
1909
1913
1916
1929
1929
1930
1932
1935
1936
1936
1937
1938
1940
1940
1945
1947
1953
1955
1959
1959
1959
1959
1960
1961
1962
1966
1967
1968
1980
1984
2021
2026
2032
2036
2039
2043
2044
2048
2048
2052
2064
2064
2069
2070
2074
2075
2075
2076
2078
2080
2080
2086
2087
2087
2087
2088
2089
2094
2095
2104
2105
2106
2107
2107
2109
2110
2112
2113
2114
2115
2118
2118
2118
2121
2125
2125
2125
2126
2126
2126
2133
2140
2141
2142
2149
2160
2162
2165
2167
2172
2173
2175
2175
2180
2182
2190
2191
2194
2197
2205
2206
2215
2216
2220
2227
2229
2235
2235
2240
2241
2241
2243
2244
2244
2244
2252
2252
2260
2266
2266
2272
2276
2278
2280
2282
2283
2284
2289
2291
2294
2297
2298
2301
2303
2305
2307
2309
2309
2311
2311
2312
2312
2316
2321
2321
2322
2323
2324
2328
2332
2333
2333
2338
2339
2339
2340
2340
2341
2342
2344
2345
2348
2350
2350
2356
2357
2358
2359
2368
2369
2371
2374
2376
2385
2387
2388
2399
2401
2402
2403
2403
2406
2407
2407
2409
2410
2415
2421
2424
2429
2430
2432
2434
2437
2438
2451
2453
2455
2462
2466
2469
2469
2470
2470
2471
2473
2479
2480
2480
2482
2482
2485
2486
2486
2490
2491
2492
2496
2498
2498
2499
2499
2501
2501
2503
2504
2509
2512
2513
2516
2516
2519
2519
2523
2525
2525
2527
2529
2530
2531
2532
2532
2533
2533
2535
2537
2541
2542
2547
2547
2551
2553
2554
2564
2567
2569
2574
2575
2575
2576
2577
2581
2584
2587
2587
2590
2594
2597
2599
2603
2604
2606
2606
2609
2610
2612
2612
2614
2617
2618
2618
2618
2619
2624
2625
2627
2631
2638
2640
2640
2641
2643
2644
2644
2645
2645
2646
2646
2649
2649
2650
2651
2652
2652
2652
2654
2654
2655
2656
2659
2661
2664
2664
2666
2668
2669
2669
2671
2675
2677
2677
2680
2683
2684
2684
2685
2698
2702
2707
2720
2722
2724
2728
2733
2751
2771
2772
2773
2774
2775
2775
2776
2777
2778
2779
2781
2783
2785
2787
2793
2794
2794
2795
2795
2795
2798
2802
2810
2811
2812
2814
2815
2819
2822
2822
2823
2825
2826
2832
2842
2844
2852
2853
2854
2854
2858
2860
2864
2865
2866
2869
2870
2870
2871
2871
2872
2873
2873
2874
2874
2875
2875
2876
2881
2882
2883
2885
2890
2890
2891
2893
2894
2898
2900
2901
2920
2922
2923
2924
2925
2927
2932
2956
2958
2961
2961
2964
2966
2967
2969
2969
2970
2973
2981
2982
2984
2985
2986
2987
2987
2988
2989
2989
2990
2991
2992
2993
2994
2995
2995
2995
2996
2996
2997
2998
2998
2999
2999
2999
2999
3000
3001
3002
3003
3003
3003
3003
3004
3004
3004
3004
3004
3005
3007
3009
3010
3010
3011
3012
3013
3013
3016
3016
3016
3016
3018
3019
3019
3027
3028
3031
3044
3045
3047
3057
3060
3063
3073
3074
3088
3090
3090
3097
3098
3098
3100
3103
3106
3106
3107
3111
3112
3114
3117
3119
3121
3126
3126
3129
3131
3132
3132
3139
3140
3143
3143
3143
3145
3147
3153
3155
3156
3156
3157
3157
3158
3161
3161
3163
3164
3165
3168
3171
3172
3173
3174
3174
3175
3175
3177
3178
3178
3179
3183
3183
3183
3184
3184
3186
3187
3191
3197
3201
3201
3202
3204
3206
3207
3207
3210
3212
3217
3217
3221
3222
3222
3229
3232
3232
3234
3234
3236
3236
3236
3239
3242
3242
3250
3250
3261
3262
3262
3263
3263
3265
3269
3270
3274
3274
3277
3278
3278
3279
3279
3280
3282
3285
3285
3286
3287
3292
3294
3295
3298
3298
3298
3299
3299
3299
3299
3299
3299
3299
3300
3300
3302
3302
3307
3310
3325
3327
3328
3328
3329
3329
3332
3333
3333
3334
3335
3336
3339
3339
3340
3340
3344
3346
3347
3348
3349
3352
3352
3355
3357
3357
3358
3358
3360
3364
3365
3365
3367
3368
3368
3370
3371
3371
3374
3374
3375
3375
3375
3376
3379
3381
3382
3383
3385
3386
3387
3391
3393
3395
3406
3411
3417
3418
3432
3442
3447
3449
3455
3457
3457
3457
3460
3463
3463
3467
3473
3474
3475
3477
3479
3481
3484
3484
3485
3487
3489
3490
3490
3492
3492
3493
3495
3495
3495
3495
3497
3497
3500
3502
3503
3503
3504
3505
3510
3510
3511
3511
3511
3511
3512
3513
3515
3515
3516
3517
3517
3517
3518
3521
3521
3523
3523
3524
3525
3525
3527
3527
3530
3531
3535
3536
3541
3542
3545
3548
3549
3549
3550
3552
3553
3556
3557
3558
3558
3559
3561
3564
3564
3566
3566
3567
3568
3570
3571
3573
3574
3578
3579
3582
3582
3583
3584
3584
3585
3586
3586
3587
3587
3588
3588
3589
3589
3591
3593
3593
3595
3600
3602
3602
3607
3609
3611
3620
3621
3623
3627
3630
3631
3631
3634
3634
3636
3636
3637
3643
3647
3648
3648
3648
3649
3651
3652
3656
3656
3659
3660
3661
3662
3664
3665
3668
3670
3671
3672
3673
3674
3674
3675
3677
3678
3685
3686
3686
3686
3687
3692
3694
3697
3703
3705
3706
3707
3709
3710
3711
3716
3716
3719
3719
3725
3727
3727
3728
3730
3734
3734
3734
3734
3735
3739
3739
3740
3741
3741
3743
3744
3746
3748
3752
3752
3755
3755
3755
3756
3757
3758
3760
3760
3760
3760
3761
3761
3764
3764
3765
3765
3766
3767
3767
3767
3769
3773
3776
3781
3782
3785
3786
3793
3800
3803
3804
3805
3808
3808
3808
3810
3813
3815
3816
3818
3819
3820
3826
3827
3828
3829
3830
3830
3830
3831
3833
3834
3836
3837
3837
3841
3841
3845
3846
3847
3852
3864
3872
3872
3874
3883
3883
3887
3887
3969
3979
4035
4037
4038
4081
4082
4084
4086
4086
4091
4100
4103
4109
4111
4182
4192
4198
4208
4208
4225
4227
4230
4230
4230
4244
4284
