2
3
4
5
5
6
12
12
13
14
14
14
15
16
16
16
17
17
18
18
20
20
21
21
21
21
22
22
24
25
25
26
26
27
27
27
27
27
27
27
27
28
28
28
28
28
28
28
28
28
28
28
28
29
29
30
30
30
30
31
31
31
31
31
31
31
31
31
32
32
32
32
32
32
33
33
33
33
33
34
34
34
34
34
34
34
34
34
34
34
34
35
35
35
35
35
35
35
35
35
35
35
35
35
35
35
36
36
36
36
36
36
36
36
36
37
37
38
38
38
38
38
38
38
38
38
38
39
39
39
39
39
39
39
39
39
39
39
39
39
39
39
40
40
40
40
40
40
40
40
40
41
42
42
42
43
45
45
45
45
45
46
47
47
47
47
47
51
51
51
53
53
53
54
55
57
59
59
59
59
59
64
65
67
68
68
69
72
73
74
74
75
75
75
75
76
76
76
76
80
81
83
83
84
84
85
86
88
88
89
90
90
91
91
91
91
92
92
92
92
93
95
95
96
96
98
99
99
99
99
100
100
102
103
103
104
105
105
107
108
111
114
114
114
115
115
116
116
117
118
118
119
121
122
122
122
122
122
122
123
123
123
124
125
125
125
126
126
126
126
128
128
129
129
129
129
131
132
132
133
136
137
137
137
138
139
139
140
140
141
141
142
142
142
142
144
146
146
147
148
148
149
149
151
151
153
153
154
154
154
154
156
157
158
158
159
159
160
160
160
161
162
162
164
165
165
168
168
168
169
170
172
173
173
174
174
174
174
175
175
175
175
175
176
176
176
176
176
176
176
176
177
177
177
177
177
177
177
177
178
178
178
178
179
179
179
179
179
180
181
182
182
182
183
183
183
183
183
184
184
184
184
185
185
185
185
185
185
185
185
185
186
186
186
187
187
188
188
189
190
190
190
190
190
191
191
191
191
192
193
193
193
193
193
193
193
193
194
194
194
194
195
195
195
195
195
195
196
196
196
196
196
196
197
200
201
202
205
205
206
206
207
208
208
210
210
211
211
212
213
213
214
214
215
216
216
216
216
217
218
219
219
219
220
220
220
221
222
222
223
224
226
226
227
230
232
232
234
236
241
241
244
244
247
249
252
253
253
254
254
255
256
257
261
262
270
272
273
275
276
276
276
276
277
277
277
277
278
278
278
278
278
280
280
280
282
282
286
288
290
291
291
296
296
296
297
298
301
302
303
307
308
312
319
319
320
321
322
323
323
323
325
326
332
332
333
335
335
337
338
340
340
342
342
343
348
350
351
352
353
354
356
359
359
360
360
360
361
361
362
362
362
362
362
365
365
365
366
366
369
370
370
370
371
372
372
372
373
373
375
375
376
377
377
377
379
380
381
381
383
383
384
385
385
385
386
387
388
389
390
390
392
394
395
395
399
402
404
411
411
411
411
411
412
412
412
414
418
419
420
420
420
420
421
421
421
422
422
422
422
423
423
424
426
428
431
432
432
433
436
440
442
443
444
444
445
447
447
449
449
455
458
459
459
459
460
460
460
460
461
462
462
462
462
464
464
464
464
464
469
472
475
476
479
480
486
495
496
496
496
499
499
501
504
504
504
508
508
509
509
509
509
509
510
510
512
513
513
514
514
520
521
523
529
530
534
537
538
539
539
540
546
549
552
553
553
554
556
557
558
559
559
559
560
561
568
577
579
579
583
583
583
591
592
592
593
593
596
599
600
600
602
602
603
604
604
604
604
604
607
608
610
611
612
613
615
616
617
617
617
617
618
620
622
624
626
626
630
630
631
633
635
636
639
639
643
644
646
647
653
655
665
666
678
679
679
680
681
682
683
683
684
684
684
684
685
685
686
686
688
692
693
693
693
693
693
693
693
694
694
694
694
694
694
694
695
697
697
697
697
698
699
699
699
701
707
709
710
718
719
719
719
720
720
722
723
723
723
724
725
728
737
745
760
765
766
768
768
770
771
772
774
775
775
776
777
777
778
784
790
790
795
802
803
809
809
810
810
811
815
816
817
820
822
825
826
827
827
836
836
836
837
844
844
844
844
844
845
845
845
845
845
845
845
845
845
846
846
846
846
846
847
847
848
849
852
852
853
853
854
854
854
854
854
854
854
854
856
856
859
862
862
862
862
862
865
866
866
866
866
866
867
870
877
883
883
884
886
888
889
889
891
892
897
897
898
900
900
901
907
909
911
912
916
920
923
924
924
927
928
930
935
936
936
938
938
939
942
945
945
945
946
952
954
958
958
958
958
958
959
959
959
959
959
960
960
964
966
968
971
971
971
971
971
972
975
978
982
982
985
985
985
985
992
992
993
994
994
994
995
996
997
997
998
998
1000
1000
1009
1009
1009
1010
1011
1015
1015
1017
1018
1020
1022
1023
1027
1028
1028
1029
1030
1030
1034
1037
1042
1045
1045
1046
1046
1047
1047
1047
1048
1050
1050
1050
1053
1054
1054
1056
1056
1060
1061
1062
1068
1069
1072
1073
1074
1075
1077
1081
1081
1083
1083
1084
1084
1085
1086
1090
1090
1092
1092
1092
1097
1097
1103
1104
1106
1106
1111
1111
1112
1115
1117
1119
1120
1123
1123
1123
1126
1127
1127
1131
1134
1134
1135
1136
1136
1137
1138
1138
1138
1138
1138
1141
1142
1143
1144
1145
1149
1153
1155
1158
1160
1167
1169
1169
1170
1171
1173
1174
1174
1176
1176
1179
1179
1181
1183
1183
1185
1186
1186
1186
1188
1188
1190
1190
1190
1190
1191
1191
1192
1193
1193
1194
1194
1194
1195
1195
1195
1196
1196
1196
1197
1197
1198
1198
1198
1198
1199
1201
1201
1203
1203
1203
1204
1204
1204
1204
1205
1206
1208
1209
1209
1212
1214
1223
1223
1226
1234
1235
1239
1240
1241
1241
1242
1244
1246
1247
1248
1248
1248
1249
1249
1250
1251
1254
1257
1258
1258
1259
1260
1260
1261
1263
1264
1265
1267
1268
1269
1270
1271
1272
1272
1274
1275
1276
1278
1280
1282
1282
1284
1285
1285
1286
1288
1290
1297
1297
1298
1300
1302
1302
1303
1304
1306
1308
1309
1312
1313
1315
1315
1318
1319
1319
1319
1320
1322
1322
1322
1322
1325
1326
1327
1328
1330
1330
1330
1330
1332
1332
1333
1333
1334
1335
1336
1337
1338
1338
1338
1338
1339
1341
1343
1343
1344
1347
1348
1350
1354
1355
1355
1357
1358
1359
1360
1360
1362
1363
1364
1364
1365
1371
1371
1371
1372
1375
1375
1380
1380
1380
1381
1382
1382
1384
1388
1390
1390
1398
1400
1403
1403
1412
1412
1413
1413
1414
1416
1416
1418
1419
1420
1420
1423
1423
1424
1424
1424
1425
1425
1427
1427
1427
1428
1428
1430
1430
1431
1432
1434
1436
1438
1440
1442
1446
1447
1448
1453
1490
1503
1503
1503
1508
1510
1512
1513
1513
1514
1519
1520
1520
1522
1524
1525
1526
1532
1533
1533
1539
1540
1542
1546
1548
1549
1551
1552
1552
1567
1573
1574
1575
1577
1577
1578
1578
1579
1579
1580
1581
1582
1582
1583
1584
1585
1586
1586
1587
1588
1591
1595
1595
1597
1601
1601
1602
1602
1604
1604
1610
1614
1615
1615
1616
1619
1619
1619
1620
1620
1620
1620
1621
1623
1625
1625
1625
1630
1634
1640
1641
1643
1644
1645
1649
1651
1651
1652
1653
1653
1655
1656
1657
1657
1658
1662
1666
1668
1687
1691
1692
1693
1696
1700
1700
1702
1702
1703
1707
1707
1709
1717
1720
1723
1726
1726
1726
1726
1726
1726
1726
1730
1738
1747
1755
1767
1772
1772
1773
1775
1776
1777
1777
1779
1779
1780
1780
1781
1782
1782
1783
1783
1783
1787
1790
1791
1792
1792
1792
1792
1794
1794
1794
1795
1795
1796
1797
1797
1802
1802
1802
1805
1812
1824
1827
1844
1854
1869
1871
1873
1874
1875
1875
1892
1892
1892
1894
1895
1897
1897
1907
1909
1915
1920
1923
1923
1925
1927
1928
1934
1935
1935
1939
1940
1940
1941
1941
1942
1942
1942
1944
1946
1946
1947
1947
1948
1948
1949
1950
1951
1951
1951
1953
1954
1961
1972
1974
1976
1977
1980
1981
1981
1983
1983
1983
1985
1986
1988
1989
1990
1993
1995
1997
2000
2003
2005
2006
2008
2008
2009
2009
2013
2013
2013
2015
2016
2017
2018
2019
2023
2026
2029
2030
2032
2036
2042
2043
2044
2045
2045
2045
2045
2052
2052
2052
2053
2053
2055
2056
2057
2058
2058
2058
2060
2061
2063
2065
2067
2068
2068
2069
2069
2071
2072
2072
2073
2074
2075
2076
2076
2077
2078
2083
2087
2087
2093
2101
2103
2103
2103
2103
2105
2105
2106
2108
2108
2108
2109
2110
2112
2112
2112
2112
2112
2112
2112
2113
2113
2113
2113
2113
2113
2113
2114
2114
2114
2114
2114
2114
2115
2115
2116
2117
2118
2120
2121
2122
2122
2122
2122
2123
2123
2126
2126
2126
2128
2128
2128
2130
2130
2132
2132
2135
2137
2139
2142
2142
2144
2145
2146
2147
2148
2148
2149
2149
2150
2154
2155
2155
2156
2158
2160
2161
2163
2164
2164
2165
2165
2165
2166
2169
2170
2171
2171
2172
2173
2175
2175
2176
2178
2179
2179
2181
2187
2187
2190
2190
2191
2192
2193
2197
2197
2197
2197
2197
2200
2200
2200
2201
2201
2202
2202
2203
2204
2206
2209
2209
2210
2211
2213
2214
2214
2215
2215
2219
2219
2221
2221
2221
2224
2226
2229
2233
2235
2238
2239
2240
2240
2243
2243
2245
2245
2246
2247
2247
2251
2251
2252
2254
2256
2260
2260
2261
2262
2263
2263
2265
2267
2268
2268
2268
2270
2271
2273
2276
2276
2277
2277
2278
2278
2278
2280
2280
2281
2281
2283
2283
2286
2290
2293
2293
2293
2294
2298
2300
2301
2301
2301
2301
2304
2305
2305
2305
2305
2305
2306
2307
2308
2311
2312
2313
2314
2317
2321
2321
2327
2329
2330
2332
2332
2332
2332
2333
2335
2336
2337
2337
2340
2340
2340
2340
2340
2341
2342
2342
2342
2342
2343
2344
2344
2345
2346
2346
2348
2348
2349
2349
2350
2351
2351
2353
2355
2358
2359
2360
2364
2365
2365
2365
2367
2367
2368
2370
2372
2376
2376
2383
2385
2385
2389
2389
2392
2395
2402
2403
2405
2409
2410
2411
2412
2413
2414
2415
2415
2426
2426
2430
2430
2432
2435
2436
2439
2443
2444
2444
2445
2445
2445
2447
2448
2450
2451
2451
2452
2453
2455
2457
2461
2461
2463
2464
2466
2468
2468
2469
2469
2470
2471
2476
2476
2478
2478
2491
2493
2497
2497
2499
2510
2516
2517
2520
2521
2521
2522
2524
2524
2525
2526
2530
2530
2532
2533
2533
2533
2534
2536
2537
2539
2539
2540
2540
2541
2541
2542
2543
2543
2544
2545
2545
2545
2546
2547
2547
2549
2552
2557
2558
2559
2560
2560
2560
2561
2561
2562
2565
2566
2566
2566
2567
2567
2567
2567
2568
2568
2568
2568
2569
2571
2571
2572
2572
2574
2575
2576
2578
2581
2583
2583
2586
2587
2588
2589
2589
2591
2592
2593
2594
2595
2595
2596
2597
2598
2599
2602
2603
2603
2606
2609
2610
2610
2611
2612
2614
2614
2614
2615
2616
2616
2617
2617
2617
2618
2618
2621
2624
2626
2626
2627
2627
2629
2630
2631
2632
2637
2638
2638
2640
2640
2640
2641
2643
2644
2647
2648
2648
2650
2652
2652
2653
2654
2655
2655
2655
2657
2660
2662
2663
2672
2673
2676
2679
2681
2683
2684
2685
2685
2694
2699
2701
2701
2701
2702
2703
2703
2705
2705
2709
2709
2709
2711
2713
2714
2715
2715
2717
2718
2719
2722
2723
2723
2724
2727
2728
2729
2730
2733
2734
2738
2740
2742
2742
2744
2744
2745
2745
2747
2747
2748
2748
2750
2751
2756
2758
2759
2760
2760
2760
2761
2762
2763
2763
2765
2766
2768
2769
2770
2770
2778
2778
2780
2780
2780
2782
2782
2783
2795
2798
2800
2801
2801
2829
2844
2851
2860
2863
2865
2866
2872
2873
2886
2887
2887
2887
2906
2908
2910
2916
2921
2929
2929
2931
2935
2936
2938
2958
3081
3084
3086
3092
3098
3098
3098
3098
3098
3105
3108
3116
3119
3146
3192
3195
3195
3221
3221
3222
3222
3222
3222
3222
3223
3223
3224
3224
3224
3224
3231
3231
3231
3231
3231
3233
3285
3288
3290
3290
3291
3299
3299
3301
3303
3309
3311
3315
3318
3320
3336
3366
3366
3367
3371
3516
3550
3660
3735
3849
3870
3871
3899
3899
3900
3900
3904
3938
3950
3950
3951
3951
3953
3954
3954
3955
3955
3956
3963
3981
3981
3982
3983
3983
3984
3984
3984
3984
3984
3984
3984
3984
3985
3985
3985
3985
3985
3985
3985
3986
3990
3990
3990
3991
3991
3991
3991
3991
3991
3991
3992
3992
3992
3992
3992
3992
4001
4005
4010
4017
4018
4018
4018
4018
4018
4018
4018
4018
4018
4018
4019
4019
4019
4019
