2
2
2
3
3
4
4
5
5
5
5
6
7
7
7
8
8
8
8
8
8
8
9
10
10
10
10
11
11
12
12
12
12
12
12
12
13
13
13
14
14
14
15
16
16
17
17
17
17
17
17
17
17
17
17
17
17
18
18
18
18
18
18
18
18
18
18
18
18
18
19
19
19
19
19
19
20
20
20
20
21
21
21
21
21
21
22
22
22
22
22
22
22
22
22
22
22
23
23
23
23
23
23
23
24
24
24
24
24
24
24
24
24
25
25
25
25
25
25
25
25
25
25
25
25
25
25
25
26
26
26
26
26
26
26
26
26
26
27
27
27
28
28
28
28
28
29
29
29
29
29
29
29
29
29
30
30
30
30
30
30
30
30
30
30
30
30
30
31
31
31
32
32
32
32
33
33
33
33
33
33
33
34
34
34
35
35
36
36
36
36
37
38
39
39
39
40
40
40
40
40
40
40
40
40
40
41
41
41
41
41
41
41
41
41
41
42
42
42
42
42
43
43
44
44
44
44
45
45
45
45
46
46
46
47
48
48
48
48
48
49
50
50
51
52
52
52
52
54
54
54
54
55
55
56
56
56
57
57
57
58
59
59
59
59
59
60
60
61
61
61
62
63
63
63
63
64
64
65
65
66
66
66
66
66
67
67
67
67
67
67
68
68
68
69
69
69
69
70
70
70
71
71
71
72
72
72
72
73
73
74
74
74
74
74
74
75
75
76
76
77
77
77
77
78
79
79
79
80
81
82
82
83
83
83
83
86
88
88
88
89
89
90
90
90
90
90
90
90
91
91
92
92
92
92
92
92
93
93
93
93
94
95
95
96
97
98
98
100
100
101
101
101
102
102
102
103
103
103
105
105
106
106
106
106
107
107
108
109
109
109
109
109
109
110
110
110
110
110
111
111
111
111
111
111
111
112
112
112
112
113
113
113
113
114
114
114
115
115
116
116
116
116
117
117
118
118
119
119
119
119
119
119
120
121
121
121
122
123
123
123
123
123
124
124
124
124
125
125
125
125
125
125
125
125
125
125
126
126
126
126
126
126
126
126
126
127
127
127
127
127
127
127
127
127
128
128
128
128
128
128
128
128
129
129
129
130
130
130
132
132
134
134
134
134
134
134
135
135
135
135
135
135
136
136
136
136
136
136
136
136
136
136
136
137
137
138
138
138
139
139
139
140
140
140
140
140
140
140
141
141
141
142
142
143
143
143
144
144
144
145
145
146
146
146
147
147
147
147
147
147
148
149
149
150
151
151
151
152
152
152
152
152
152
152
152
153
153
154
154
154
154
155
155
156
156
156
157
157
157
158
158
158
158
158
158
159
159
159
160
160
160
160
161
161
161
161
161
162
162
162
162
163
163
163
163
164
164
165
166
166
166
167
167
167
168
168
168
169
169
169
170
170
170
170
170
171
171
171
171
171
171
171
172
172
172
172
172
172
172
172
173
173
173
173
173
173
173
173
174
174
174
175
175
175
175
175
176
177
178
178
178
178
178
179
179
179
180
181
181
181
181
181
181
181
182
182
183
183
183
183
183
183
183
183
184
184
184
184
184
185
186
186
186
186
186
186
187
187
187
188
189
189
189
189
190
190
190
190
190
190
190
190
191
191
191
191
191
191
192
192
192
192
192
192
193
193
193
193
194
194
194
194
194
194
194
195
195
195
195
195
195
195
196
196
196
196
196
196
197
197
197
197
197
199
199
199
200
201
201
201
201
202
202
202
203
203
204
204
205
206
206
207
207
207
207
207
210
211
211
211
211
212
212
212
212
213
213
215
216
216
216
216
216
216
216
217
217
218
219
219
219
219
220
220
222
222
224
225
225
225
226
226
226
226
226
227
227
227
227
227
227
228
229
230
230
231
231
231
232
232
232
232
232
232
233
233
233
233
233
233
233
235
235
235
236
237
237
238
238
238
239
239
239
239
241
241
241
241
241
242
242
242
243
244
244
244
245
245
246
246
246
248
248
248
249
249
251
251
251
251
252
252
253
255
257
257
257
258
258
258
260
260
260
261
262
262
262
264
265
265
266
267
267
267
268
268
268
269
269
269
269
269
270
270
270
270
270
271
271
271
271
273
274
274
275
276
276
276
276
276
277
277
277
277
277
277
277
277
277
277
278
278
278
278
279
279
279
279
279
280
280
280
280
281
281
281
281
281
282
282
282
283
285
285
286
287
288
289
289
289
290
291
291
291
292
292
294
294
294
295
295
297
297
297
297
298
299
299
299
300
301
303
303
303
303
304
304
304
304
307
307
307
310
310
311
311
311
311
312
312
313
315
316
317
317
320
322
323
324
325
325
325
326
326
326
326
326
327
327
327
327
327
327
327
327
328
328
328
328
328
329
329
330
331
331
332
333
334
335
336
336
338
338
339
341
341
342
342
342
343
343
343
343
343
343
343
343
343
343
344
344
344
344
345
345
345
346
347
347
348
348
349
350
350
351
351
352
353
354
355
355
356
356
357
357
357
357
360
360
360
360
361
361
361
362
362
362
362
362
362
362
363
364
364
364
365
366
367
367
367
368
368
368
368
368
370
370
373
375
376
377
378
379
380
383
384
384
384
385
386
386
389
389
390
393
397
399
400
401
405
407
409
412
412
412
412
415
417
417
417
417
417
417
424
425
426
426
428
428
429
429
430
430
432
438
438
440
442
445
446
446
448
449
454
461
464
467
467
469
470
472
473
474
474
474
474
475
475
475
475
476
476
477
477
483
487
487
493
493
498
499
499
500
503
506
512
512
512
513
518
519
521
528
529
529
530
531
532
534
536
536
537
541
541
541
541
542
543
543
544
549
550
551
551
552
553
554
556
558
561
570
575
577
578
578
579
584
588
589
589
589
590
590
590
590
590
590
590
590
590
590
591
591
591
592
592
592
592
592
592
593
593
593
594
594
596
597
598
598
598
599
599
599
600
601
601
601
601
602
602
604
606
607
608
608
608
608
609
610
610
610
611
611
611
611
612
612
612
612
613
613
616
618
618
619
619
619
619
620
620
620
620
621
621
622
623
623
623
626
628
631
631
632
632
633
635
643
646
650
653
658
667
667
681
681
684
685
692
693
693
695
699
701
701
703
704
707
709
710
710
712
713
715
716
717
717
719
719
719
720
720
721
721
722
724
727
729
741
741
743
743
743
743
743
743
743
744
744
746
746
746
746
746
747
750
750
750
750
750
753
753
754
756
756
757
758
761
761
762
763
763
764
764
765
767
767
768
769
769
773
783
783
789
795
798
804
808
808
813
813
813
813
813
813
813
813
814
814
814
814
814
814
814
815
815
815
821
822
822
822
823
823
823
823
823
823
824
824
824
824
827
829
830
833
834
834
834
834
834
835
835
835
836
836
838
839
839
845
847
848
848
848
848
849
851
851
851
852
852
853
853
854
854
855
856
858
859
863
863
863
864
864
865
865
865
865
866
868
871
872
872
872
873
873
876
876
877
877
877
878
886
888
897
906
909
909
910
910
913
915
915
916
917
918
918
921
925
926
926
931
933
934
936
938
939
942
942
949
953
956
958
958
959
959
959
960
960
961
961
962
962
962
962
963
963
964
964
964
964
965
965
965
966
966
967
968
970
970
971
972
973
976
976
977
977
978
978
985
985
986
991
991
993
993
994
995
995
998
1000
1001
1001
1001
1001
1001
1002
1003
1004
1005
1006
1006
1006
1007
1007
1008
1009
1010
1010
1011
1012
1012
1012
1013
1013
1017
1018
1019
1019
1019
1019
1019
1020
1020
1022
1024
1027
1027
1033
1034
1041
1041
1042
1042
1045
1047
1047
1048
1049
1049
1050
1051
1051
1052
1052
1053
1054
1055
1056
1056
1057
1057
1059
1061
1063
1064
1065
1068
1069
1071
1071
1071
1072
1075
1075
1076
1077
1077
1079
1080
1081
1082
1085
1088
1089
1090
1090
1091
1092
1092
1093
1093
1094
1094
1095
1095
1096
1097
1097
1098
1099
1099
1099
1100
1100
1101
1101
1102
1103
1104
1105
1106
1106
1107
1107
1108
1110
1112
1112
1113
1113
1114
1119
1119
1119
1119
1120
1120
1121
1123
1123
1127
1133
1134
1134
1137
1139
1143
1143
1161
1170
1173
1175
1177
1188
1194
1204
1207
1208
1221
1234
1237
1239
1242
1252
1254
1254
1255
1261
1263
1264
1266
1275
1275
1277
1278
1281
1281
1281
1289
1291
1292
1294
1296
1296
1298
1298
1299
1300
1300
1304
1306
1306
1307
1307
1308
1310
1313
1313
1314
1315
1315
1318
1319
1319
1320
1322
1324
1325
1326
1330
1337
1343
1343
1343
1344
1345
1347
1348
1348
1349
1349
1349
1349
1349
1349
1349
1349
1349
1350
1350
1352
1354
1355
1358
1358
1359
1359
1359
1360
1360
1361
1361
1361
1362
1363
1364
1364
1364
1365
1365
1365
1370
1372
1374
1374
1375
1376
1377
1379
1385
1387
1387
1388
1391
1392
1392
1393
1393
1395
1399
1400
1404
1404
1405
1406
1406
1407
1407
1407
1410
1411
1413
1413
1415
1416
1418
1418
1418
1421
1422
1424
1425
1425
1425
1425
1426
1428
1430
1431
1435
1439
1440
1444
1448
1449
1451
1451
1453
1454
1455
1456
1456
1457
1458
1465
1467
1468
1469
1469
1470
1472
1473
1474
1475
1475
1476
1478
1486
1496
1499
1500
1501
1505
1506
1511
1515
1516
1516
1518
1518
1522
1523
1523
1525
1528
1529
1531
1531
1532
1533
1535
1535
1536
1536
1538
1540
1541
1542
1542
1544
1544
1545
1547
1549
1550
1550
1550
1552
1552
1553
1554
1554
1555
1555
1556
1556
1556
1557
1557
1557
1557
1557
1557
1557
1557
1559
1560
1560
1561
1565
1565
1567
1568
1569
1569
1571
1571
1573
1578
1580
1583
1584
1586
1590
1590
1591
1592
1592
1593
1600
1601
1604
1604
1605
1605
1609
1610
1610
1611
1611
1612
1613
1615
1618
1619
1619
1620
1621
1621
1626
1627
1627
1630
1634
1636
1643
1650
1652
1654
1654
1658
1659
1661
1663
1664
1665
1666
1669
1669
1671
1671
1672
1676
1677
1678
1681
1682
1684
1691
1715
1720
1721
1721
1725
1731
1732
1733
1733
1734
1735
1736
1736
1737
1738
1738
1739
1740
1743
1744
1745
1745
1748
1753
1754
1754
1759
1760
1764
1767
1768
1769
1771
1772
1774
1775
1778
1778
1780
1783
1789
1790
1790
1790
1790
1791
1791
1792
1793
1794
1795
1803
1815
1815
1817
1817
1817
1823
1831
1838
1839
1840
1840
1842
1844
1848
1857
1858
1861
1863
1865
1868
1876
1877
1878
1888
1890
1890
1893
1897
1898
1900
1902
1904
1904
1905
1906
1907
1909
1909
1909
1911
1911
1912
1913
1913
1913
1914
1915
1918
1919
1919
1921
1922
1925
1927
1929
1930
1930
1934
1934
1934
1935
1936
1937
1937
1939
1940
1941
1945
1947
1949
1953
1953
1958
1959
1960
1965
1966
1979
1980
1982
1984
1986
1986
1996
1997
1998
1999
2008
2008
2009
2011
2012
2013
2014
2014
2016
2016
2017
2017
2018
2018
2019
2019
2021
2021
2022
2024
2024
2026
2028
2028
2029
2029
2038
2051
2057
2058
2061
2061
2062
2066
2066
2072
2073
2074
2075
2077
2077
2082
2082
2083
2084
2085
2086
2087
2087
2087
2089
2090
2090
2092
2092
2092
2094
2099
2104
2105
2110
2110
2111
2111
2113
2116
2118
2118
2121
2133
2143
2144
2147
2149
2151
2154
2158
2160
2162
2163
2164
2164
2165
2166
2168
2168
2174
2177
2179
2181
2181
2182
2182
2182
2182
2183
2183
2183
2183
2183
2183
2189
2190
2191
2192
2192
2194
2194
2195
2197
2200
2201
2209
2209
2209
2211
2215
2216
2221
2229
2230
2232
2232
2232
2233
2233
2233
2234
2238
2241
2241
2244
2245
2245
2246
2246
2247
2251
2251
2254
2255
2256
2256
2259
2260
2262
2262
2263
2266
2267
2269
2270
2277
2278
2281
2283
2288
2290
2293
2293
