0
0
2
2
3
5
5
5
5
5
5
6
6
7
7
7
8
8
9
9
10
10
11
11
11
11
11
12
12
12
13
13
13
13
15
15
15
15
15
15
15
15
16
16
16
17
17
18
18
18
18
18
18
18
18
19
19
19
19
19
19
19
19
19
19
19
19
19
20
20
20
20
20
20
21
21
21
22
22
22
23
23
23
23
23
23
24
24
24
24
24
24
25
25
25
25
25
25
26
26
26
26
26
26
26
26
26
26
26
26
27
27
27
27
27
27
27
27
27
27
27
27
28
28
28
28
28
29
29
29
30
30
30
30
31
31
31
32
32
32
33
33
35
35
35
36
36
36
36
36
37
37
38
38
38
38
38
38
38
38
39
39
39
40
40
40
40
40
40
40
40
40
41
41
41
41
41
41
41
41
41
41
41
41
42
42
43
43
44
44
44
44
44
44
44
44
44
45
45
45
46
47
47
47
47
47
48
48
48
48
48
48
48
49
49
50
50
50
50
51
52
52
52
52
52
52
53
53
53
53
53
53
54
55
55
55
55
56
56
56
56
56
57
57
57
57
57
57
57
58
58
58
58
58
58
58
58
59
59
59
59
60
60
60
61
61
62
62
63
63
64
64
64
65
65
65
65
65
66
66
66
66
67
67
67
67
67
67
67
67
67
67
67
67
67
67
67
68
68
68
68
68
68
68
68
68
68
68
68
69
69
69
69
69
69
70
70
70
71
71
71
71
72
72
72
73
73
74
74
75
75
75
75
76
77
77
77
78
78
78
78
78
79
79
79
79
80
80
80
80
80
80
80
80
80
81
81
81
81
82
82
82
82
82
82
82
83
83
83
84
84
84
84
84
84
85
85
85
86
86
87
87
87
87
87
88
88
88
88
88
88
89
89
89
89
89
89
89
89
90
90
90
90
91
91
91
91
92
92
92
92
93
93
94
94
94
95
96
96
96
96
97
97
97
98
98
98
98
99
99
99
99
99
100
100
100
101
101
101
101
101
101
103
103
104
104
105
105
105
105
106
106
106
106
106
107
107
108
108
108
109
110
110
110
111
111
111
111
111
111
111
111
111
112
112
112
112
112
112
113
113
113
113
114
114
114
115
115
115
116
116
116
117
117
117
117
117
118
118
118
118
118
118
118
118
119
119
119
119
119
119
120
120
120
120
120
120
121
121
121
121
121
121
121
121
121
121
121
121
122
122
122
122
122
122
122
122
122
122
122
122
122
122
122
122
122
122
123
123
123
123
123
123
123
123
123
123
123
123
124
124
124
124
124
124
124
124
125
125
125
125
125
125
125
125
125
126
126
126
126
126
126
127
127
127
127
128
128
128
128
128
129
129
129
129
130
131
131
131
131
131
131
132
132
132
133
133
134
134
134
134
135
135
135
135
135
135
135
136
136
137
137
137
137
137
137
137
138
138
138
138
138
139
140
140
140
140
140
140
140
141
141
141
141
141
141
142
142
142
142
143
144
144
145
145
145
145
145
145
145
145
146
146
146
147
147
147
147
147
148
149
149
149
149
149
149
150
150
150
150
150
151
152
152
152
153
154
154
154
154
154
155
155
155
155
156
157
157
157
157
159
159
159
160
161
162
162
162
163
163
165
165
165
165
165
166
167
167
167
167
167
168
169
170
170
170
170
170
170
171
171
171
171
171
171
171
172
172
172
173
173
173
174
174
175
175
176
176
176
176
177
178
178
179
179
179
179
179
179
180
180
181
181
182
182
183
183
184
184
185
186
187
188
189
189
189
190
190
190
190
190
190
191
191
191
192
193
193
194
194
194
195
195
196
196
196
197
198
198
198
199
200
200
201
202
202
202
203
203
203
203
204
204
204
205
205
205
205
206
207
207
207
207
208
209
209
210
211
212
212
212
213
216
217
217
217
217
218
218
219
219
219
220
220
221
221
221
222
222
223
223
224
225
226
226
226
227
227
227
227
227
227
228
229
229
229
230
231
231
231
233
233
233
233
233
233
234
234
234
234
234
234
235
235
235
235
235
235
235
236
236
236
236
236
236
236
236
237
237
238
238
238
239
239
240
241
242
242
242
242
243
243
244
244
244
245
245
246
246
246
247
247
247
247
247
247
248
248
248
248
249
250
250
251
251
251
251
252
252
252
254
254
254
255
255
256
256
257
258
258
258
258
258
258
258
259
259
259
259
259
259
260
260
260
260
261
261
261
262
262
262
263
263
264
264
264
266
268
268
268
268
268
269
269
269
269
269
269
270
270
271
271
271
272
273
273
273
273
274
274
275
275
278
278
278
278
278
279
279
280
280
282
284
285
285
288
288
289
290
290
293
293
293
294
294
294
294
295
296
297
297
299
300
300
300
300
301
301
301
302
302
302
302
303
303
303
304
305
307
307
308
309
309
309
309
310
310
314
315
315
316
316
317
317
317
318
319
319
320
320
321
322
323
323
324
324
324
326
327
327
327
328
328
330
332
332
334
336
336
339
340
340
346
346
346
347
347
347
349
349
349
349
349
349
349
350
351
351
352
352
352
353
353
353
354
354
356
357
357
358
358
359
359
359
359
360
362
367
370
370
371
371
372
372
374
378
381
381
387
390
391
391
391
392
393
395
398
401
401
401
402
402
403
404
404
404
405
405
405
405
407
408
409
409
411
423
426
429
432
437
437
441
444
448
450
455
461
467
467
468
470
479
483
484
484
484
485
487
488
491
498
500
500
502
504
504
506
506
511
514
520
521
524
529
531
536
536
536
537
537
537
538
542
544
549
551
553
555
556
558
564
568
568
568
569
569
569
569
570
570
571
577
578
581
592
593
594
594
597
598
599
602
602
602
602
602
602
602
602
603
603
603
603
603
603
603
606
609
609
610
612
613
616
616
617
617
618
629
631
634
638
643
646
649
651
666
668
669
671
673
674
675
675
677
678
678
679
679
679
681
681
687
688
696
702
704
706
707
710
714
714
715
717
720
720
720
720
720
720
720
720
720
720
720
721
721
721
721
721
722
723
723
725
727
729
731
733
736
743
744
744
745
745
745
745
746
746
746
746
746
746
746
746
746
746
746
746
746
747
747
747
748
749
750
751
752
752
752
752
752
753
753
753
753
753
753
753
753
753
754
754
754
754
754
754
755
755
755
763
768
769
769
770
770
771
772
772
775
777
777
777
778
778
780
784
785
785
785
786
786
786
786
786
786
786
787
787
788
790
790
794
807
810
813
814
819
821
823
826
826
827
827
827
827
829
838
840
840
842
844
844
850
851
856
856
861
868
869
871
872
872
872
872
872
872
872
874
885
888
888
888
889
893
893
895
896
899
900
900
900
901
901
902
902
903
903
903
904
904
906
907
907
913
913
913
913
921
921
921
922
922
922
922
922
926
934
935
935
936
943
943
949
953
953
955
955
956
956
956
958
958
960
961
961
962
962
965
971
971
974
982
984
987
990
991
993
994
994
1005
1005
1011
1011
1011
1014
1015
1016
1019
1020
1023
1029
1031
1032
1032
1036
1039
1040
1041
1041
1041
1041
1042
1045
1047
1048
1048
1050
1054
1055
1055
1057
1057
1058
1064
1065
1067
1073
1081
1084
1084
1086
1088
1090
1090
1090
1092
1103
1104
1105
1108
1113
1113
1115
1116
1116
1118
1118
1118
1119
1120
1120
1121
1123
1124
1125
1125
1127
1127
1128
1129
1129
1130
1131
1132
1134
1134
1136
1137
1137
1138
1138
1139
1139
1140
1140
1140
1141
1142
1145
1147
1149
1149
1150
1154
1159
1160
1165
1166
1167
1167
1168
1168
1171
1171
1171
1172
1172
1172
1172
1178
1179
1179
1180
1181
1182
1183
1183
1184
1184
1184
1184
1185
1187
1188
1188
1188
1190
1191
1193
1193
1194
1195
1196
1197
1200
1201
1201
1202
1207
1207
1207
1207
1207
1207
1208
1209
1210
1210
1211
1211
1214
1214
1219
1219
1220
1220
1220
1222
1223
1224
1227
1229
1229
1231
1234
1235
1235
1236
1236
1236
1238
1239
1240
1240
1241
1248
1249
1250
1255
1257
1260
1261
1261
1266
1271
1271
1274
1275
1275
1275
1276
1278
1279
1282
1285
1285
1292
1293
1297
1300
1302
1303
1304
1305
1306
1307
1307
1308
1309
1310
1310
1312
1312
1314
1314
1320
1320
1325
1330
1334
1335
1335
1337
1340
1342
1342
1342
1343
1344
1346
1347
1349
1350
1351
1351
1351
1352
1356
1357
1357
1358
1359
1362
1363
1365
1365
1367
1368
1370
1370
1371
1371
1374
1374
1374
1375
1377
1377
1378
1379
1380
1381
1382
1383
1386
1386
1388
1389
1392
1392
1392
1392
1394
1394
1396
1397
1397
1398
1398
1398
1401
1401
1402
1404
1404
1405
1407
1408
1408
1408
1408
1409
1413
1414
1415
1417
1418
1419
1420
1420
1420
1421
1421
1423
1425
1426
1428
1428
1428
1430
1431
1431
1432
1432
1433
1434
1435
1438
1439
1440
1441
1444
1445
1448
1449
1458
1458
1458
1478
1479
1480
1481
1487
1489
1490
1491
1492
1498
1498
1500
1501
1508
1509
1509
1510
1510
1512
1513
1514
1514
1514
1515
1516
1517
1518
1518
1518
1519
1519
1519
1522
1522
1524
1525
1526
1527
1530
1531
1532
1533
1535
1536
1536
1537
1537
1538
1538
1539
1539
1539
1540
1540
1541
1542
1542
1543
1544
1544
1545
1547
1547
1547
1547
1548
1548
1549
1549
1550
1550
1551
1551
1554
1555
1555
1556
1557
1557
1557
1560
1563
1563
1566
1567
1568
1568
1569
1571
1571
1572
1580
1582
1584
1587
1589
1589
1597
1598
1598
1598
1601
1601
1604
1604
1605
1606
1612
1614
1616
1618
1619
1621
1623
1624
1626
1626
1627
1628
1628
1628
1629
1630
1632
1635
1636
1636
1637
1638
1638
1638
1640
1641
1642
1645
1645
1646
1647
1647
1649
1650
1652
1655
1657
1658
1659
1660
1667
1667
1695
1696
1696
1697
1705
1713
1713
1713
1713
1717
1718
1720
1721
1721
1724
1724
1727
1732
1733
1739
1739
1739
1742
1744
1746
1746
1748
1748
1752
1754
1754
1755
1755
1755
1756
1756
1757
1757
1760
1761
1761
1771
1771
1775
1778
1782
1784
1815
1820
1832
1834
1836
1837
1838
1840
1843
1844
1845
1851
1851
1851
1853
1853
1853
1855
1858
1858
1859
1860
1860
1862
1862
1864
1864
1866
1867
1867
1868
1869
1870
1870
1870
1870
1871
1871
1873
1873
1873
1873
1874
1875
1875
1878
1878
1879
1880
1883
1883
1884
1884
1885
1890
1890
1894
1894
1895
1895
1895
1896
1896
1897
1899
1899
1901
1903
1908
1915
1928
1931
1933
1933
1936
1936
1938
1939
1945
1945
1946
1952
1959
1959
1988
1994
1995
1995
1995
1997
1997
1998
2000
2000
2001
2002
2003
2004
2010
2010
2011
2013
2020
2021
2022
2022
2022
2022
2026
2031
2047
2049
2050
2053
2055
2060
2065
2065
2067
2067
2079
2085
2086
2088
2095
2096
2098
2107
2108
2118
2126
2128
2129
2129
2139
2146
2146
2156
2156
2157
2157
2157
2157
2158
2158
2160
2162
2167
2168
2168
2170
2172
2172
2172
2173
2175
2176
2177
2178
2181
2181
2181
2181
2185
2186
2193
2194
2200
2200
2201
2202
2202
2203
2203
2206
2208
2209
2212
2212
2212
2214
2214
2216
2216
2217
2217
2218
2218
2218
2219
2220
2220
2221
2221
2222
2223
2224
2225
2225
2225
2226
2226
2226
2226
2226
2226
2227
2227
2228
2228
2231
2233
2234
2235
2236
2237
2239
2241
2244
2245
2246
2246
2246
2247
2248
2249
2249
2250
2250
2251
2252
2254
2256
2257
2261
2262
2266
2272
2275
2277
2280
2281
2294
2294
2296
2299
2302
2307
2307
2315
2322
2327
2330
2342
2343
2347
2352
2360
2363
2365
2368
2369
2376
2377
2382
2382
2386
2387
2387
2389
2416
2421
2429
2432
2433
2434
2444
2445
2451
2462
2462
2462
2469
2470
2470
2470
2470
2471
2473
2473
2474
2474
2474
2474
2475
2475
2475
2480
2483
2483
2489
2491
2500
2500
2500
2506
2506
2506
2507
2509
2510
2516
2527
2530
2534
