2
3
3
3
4
5
5
5
6
6
6
6
7
9
9
10
10
10
10
11
12
13
16
16
17
17
17
18
19
20
22
23
24
24
24
24
24
24
24
24
25
25
25
25
25
25
25
25
25
25
25
25
26
26
26
26
26
26
26
26
26
29
29
29
29
29
29
29
29
30
30
30
30
30
30
30
30
30
30
30
30
30
30
30
31
31
31
31
31
31
31
31
31
31
31
32
32
33
33
33
34
34
34
34
34
34
35
35
36
36
36
36
36
36
36
36
36
36
37
37
37
38
38
38
38
38
39
39
40
41
42
43
43
44
44
45
45
46
46
47
47
47
47
47
47
48
48
48
48
48
49
49
49
50
50
50
51
51
52
52
52
53
54
54
54
55
55
59
59
59
61
62
62
69
70
71
74
77
78
78
78
79
79
79
79
80
80
80
80
83
85
86
87
89
90
90
90
91
92
92
93
94
95
95
95
96
96
97
97
98
98
99
99
100
101
101
104
105
109
109
109
110
110
110
110
111
112
112
114
114
116
117
119
119
120
121
122
122
128
129
130
131
132
132
132
133
133
134
134
135
135
135
135
135
135
135
135
135
135
135
135
135
136
136
136
136
136
136
136
137
137
137
137
139
141
141
142
142
143
144
145
146
147
147
149
149
149
149
150
150
150
150
150
151
151
151
151
151
151
151
151
151
151
151
152
152
152
152
152
152
152
152
152
152
152
152
152
153
153
153
153
153
153
153
153
153
153
153
153
153
153
153
153
153
153
153
153
153
153
153
153
153
153
153
154
154
154
154
154
155
155
155
156
156
156
156
159
160
161
162
162
162
163
163
164
167
167
167
169
170
172
172
174
177
178
179
179
179
181
181
181
181
183
184
185
188
189
191
192
194
197
198
199
199
200
200
200
202
202
203
203
204
204
205
205
206
206
207
208
208
208
208
208
209
210
210
213
213
214
215
216
217
217
218
220
223
224
226
228
230
231
232
235
236
237
237
238
238
239
241
242
243
243
248
249
250
252
253
256
258
259
259
262
262
265
273
275
275
276
276
277
281
283
284
285
286
286
286
287
288
288
289
292
292
293
299
299
300
302
303
306
306
307
307
307
307
307
307
308
308
308
311
315
329
331
357
360
360
368
385
386
387
387
389
390
391
395
396
399
402
404
408
419
419
420
428
430
431
438
438
450
451
457
458
459
460
461
462
463
463
464
473
474
478
479
485
485
486
486
487
488
489
489
489
489
489
489
490
490
491
491
492
492
493
493
494
494
494
494
496
497
498
501
501
501
503
505
506
506
507
510
510
510
510
511
511
512
512
512
514
514
514
515
515
516
520
523
524
529
536
536
539
539
540
540
540
541
541
541
541
542
542
542
542
542
542
543
543
543
543
543
543
543
543
543
544
544
544
544
547
549
552
554
564
571
572
572
573
575
582
584
586
587
589
590
593
594
599
601
601
602
605
608
609
610
610
610
611
611
624
629
631
634
639
640
643
643
644
656
659
661
667
674
676
684
685
685
686
686
714
720
721
721
722
722
740
758
759
759
760
762
763
769
771
774
802
802
806
807
807
808
815
821
829
832
834
836
838
840
843
844
845
846
846
846
847
847
848
853
853
861
863
864
880
883
883
886
887
887
896
896
902
902
902
902
902
903
903
904
904
904
905
905
906
906
910
911
913
915
917
920
924
928
937
938
939
939
940
940
940
942
942
944
945
948
948
953
953
953
954
954
955
955
955
955
955
956
956
957
957
958
958
964
964
969
969
970
971
972
973
973
983
985
994
1013
1015
1049
1061
1061
1066
1067
1067
1067
1068
1068
1068
1068
1077
1078
1078
1078
1078
1082
1086
1086
1091
1101
1107
1124
1146
1154
1155
1199
1199
1200
1201
1218
1220
1226
1226
1227
1229
1247
1249
1249
1257
1260
1262
1275
1276
1276
1281
1284
1284
1287
1288
1292
1292
1293
1298
1299
1300
1301
1301
1303
1305
1305
1307
1310
1311
1313
1314
1315
1318
1318
1319
1320
1320
1321
1322
1323
1323
1323
1324
1327
1329
1331
1331
1332
1332
1333
1337
1341
1342
1348
1349
1350
1351
1353
1356
1357
1361
1367
1369
1378
1385
1386
1391
1398
1400
1401
1402
1402
1403
1403
1405
1405
1405
1407
1407
1410
1410
1410
1410
1411
1412
1413
1413
1414
1415
1416
1417
1419
1421
1422
1422
1423
1423
1427
1427
1428
1428
1428
1429
1431
1433
1434
1434
1434
1434
1435
1435
1435
1435
1435
1435
1435
1435
1435
1435
1435
1435
1435
1436
1436
1437
1437
1438
1438
1438
1439
1439
1440
1442
1443
1443
1443
1443
1444
1444
1445
1445
1445
1445
1445
1445
1445
1445
1445
1445
1445
1445
1445
1446
1446
1446
1446
1446
1446
1446
1446
1446
1446
1447
1447
1447
1449
1449
1450
1450
1450
1451
1451
1451
1452
1452
1453
1453
1453
1454
1454
1456
1456
1458
1458
1459
1459
1460
1460
1461
1461
1461
1461
1462
1463
1464
1465
1465
1466
1466
1467
1467
1467
1468
1468
1470
1472
1472
1473
1473
1474
1476
1478
1481
1481
1484
1485
1486
1487
1489
1490
1490
1491
1494
1494
1501
1523
1524
1527
1534
1546
1546
1546
1547
1547
1555
1558
1560
1565
1565
1573
1581
1585
1585
1588
1593
1595
1601
1602
1606
1607
1607
1610
1612
1612
1614
1614
1615
1616
1616
1616
1618
1618
1619
1623
1624
1625
1625
1627
1627
1628
1629
1629
1631
1631
1637
1637
1637
1637
1637
1637
1638
1638
1638
1638
1639
1640
1641
1642
1643
1644
1645
1645
1645
1645
1645
1647
1647
1647
1648
1649
1649
1649
1650
1650
1650
1651
1651
1651
1652
1658
1658
1659
1660
1660
1664
1667
1669
1670
1670
1671
1671
1671
1671
1672
1672
1677
1678
1679
1680
1680
1680
1680
1681
1681
1681
1682
1682
1682
1682
1683
1683
1685
1686
1687
1687
1688
1689
1689
1693
1693
1695
1696
1696
1697
1698
1700
1700
1706
1707
1712
1715
1717
1719
1736
1740
1743
1746
1749
1752
1752
1752
1752
1752
1753
1755
1755
1760
1762
1762
1763
1763
1767
1770
1770
1772
1773
1776
1780
1784
1788
1792
1795
1795
1798
1798
1802
1804
1806
1807
1810
1813
1815
1820
1831
1833
1835
1835
1837
1840
1843
1844
1844
1846
1850
1850
1868
1871
1871
1871
1881
1893
1894
1894
1905
1906
1908
1910
1913
1924
1933
1934
1935
1935
1943
1945
1946
1951
1952
1955
1955
1957
1973
1973
1984
1984
1985
1985
1985
1986
1991
2002
2003
2003
2003
2004
2004
2004
2005
2005
2006
2006
2007
2012
2012
2012
2016
2017
2018
2032
2032
2035
2036
2036
2036
2037
2037
2037
2037
2037
2037
2037
2037
2037
2037
2038
2038
2038
2038
2038
2038
2038
2039
2039
2041
2041
2041
2041
2041
2041
2041
2042
2043
2044
2044
2045
2045
2046
2046
2051
2057
2059
2062
2065
2066
2067
2068
2069
2070
2072
2077
2080
2090
2091
2091
2093
2096
2098
2103
2103
2105
2107
2111
2126
2127
2131
2134
2143
2144
2144
2144
2167
2192
2204
2217
2227
2282
2292
2292
2299
2328
2353
2374
2375
2388
2392
2410
2410
2410
2410
2410
2410
2411
2436
2582
2650
2710
2794
2808
2838
2846
2865
2936
2939
2941
2942
2944
2946
2956
2962
2963
2966
2966
2966
2969
2969
2970
2977
2983
2983
2984
2987
2987
2988
2988
2990
2990
2991
2991
2993
2996
3001
3004
3008
3009
3012
3013
3019
3021
3026
3029
3066
3071
3076
3092
3096
3103
3105
3106
3109
3110
3112
3114
3119
3119
3120
3121
3124
3124
3126
3132
3138
3140
3141
3144
3145
3146
3148
3148
3148
3148
3150
3150
3151
3152
3152
3152
3152
3153
3153
3153
3154
3155
3158
3159
3161
3161
3161
3161
3162
3162
3163
3166
3166
3166
3169
3174
3176
3177
3178
3180
3181
3181
3184
3184
3185
3185
3186
3186
3189
3192
3195
3196
3197
3197
3199
3200
3200
3201
3206
3209
3211
3215
3225
3262
3267
3268
3282
3283
3288
3289
3291
3294
3299
3299
3305
3305
3318
3319
3321
3323
3324
3324
3329
3329
3332
3333
3337
3338
3338
3341
3342
3342
3355
3361
3364
3364
3365
3366
3366
3371
3375
3378
3389
3391
3395
3399
3400
3400
3409
3415
3417
3417
3418
3518
3551
3552
3552
3554
3554
3556
3556
3561
3562
3571
3572
3573
3585
3586
3587
3592
3593
3596
3596
3604
3604
3635
3638
3638
3640
3645
3646
3659
3670
3670
3675
3677
3678
3678
3682
3695
3698
3698
3715
3716
3733
3824
3826
3826
3827
3830
3831
3831
3831
3833
3845
3849
3859
3860
3860
3895
3907
3919
3925
3937
3943
3949
3949
3949
3953
3954
3955
3956
3959
3963
3972
3979
3980
3984
3986
3991
3995
3997
4008
4021
4022
4026
4050
4057
4058
4058
4071
4075
4083
4098
4100
4105
4115
4115
4123
4129
4130
4130
4136
4142
4143
4145
4152
4152
4159
4162
4175
4183
4197
4205
4206
4210
4210
4214
4215
4216
4217
4217
4223
4226
4228
4233
4247
4248
4274
4317
4318
4333
4334
4342
4347
4352
4377
4378
4394
4396
4425
4430
4431
4432
4440
4440
4441
4441
4444
4444
4446
4448
4452
4452
4455
4457
4458
4458
4460
4461
4462
4468
4472
4472
4473
4474
4477
4478
4479
4481
4484
4484
4485
4487
4487
4487
4488
4489
4490
4490
4490
4490
4494
4494
4494
4495
4498
4499
4499
4502
4502
4503
4503
4503
4504
4504
4505
4506
4563
4564
4566
4568
4575
4576
4579
4580
4581
4582
4583
4583
4586
4586
4588
4594
4595
4595
4595
4596
4599
4599
4601
4602
4603
4603
4605
4605
4608
4610
4612
4614
4614
4615
4616
4617
4619
4620
4622
4623
4623
4623
4623
4624
4625
4627
4628
4629
4632
4633
4638
4642
4644
4645
4647
4647
4649
4650
4651
4655
4656
4658
4658
4659
4661
4665
4667
4667
4682
4685
4685
4685
4688
4689
4689
4690
4691
4693
4693
4699
4702
4703
4704
4707
4710
4710
4713
4717
4718
4731
4745
4746
4755
4763
4774
4777
4780
4783
4784
4785
4786
4793
4796
4797
4797
4799
4800
4805
4812
4813
4815
4815
4818
4823
4824
4826
4827
4833
4882
4886
4892
4894
4905
4906
4926
4942
4951
4953
4958
4961
4963
4964
4965
4966
4966
4966
4968
4972
4973
4976
4978
4985
4999
5005
5007
5014
5042
5084
5084
5088
5091
5093
5189
5198
5205
5261
5273
5276
5278
5281
5282
5286
5288
5296
5303
5303
5305
5314
5321
5325
5329
5330
5331
5332
5333
5337
5355
5360
5361
5363
5365
5370
5445
5455
5537
5538
5538
5539
5542
5547
5547
5550
5550
5552
5554
5561
5581
5586
5587
5590
5590
5598
5602
5607
5613
5613
5614
5641
5642
5648
5656
5657
5660
5661
5661
5662
5663
5664
5665
5666
5670
5671
5673
5680
5681
5683
5684
5685
5688
5689
5694
5694
5696
5703
5704
5706
5708
5709
5710
5711
5711
5712
5733
5739
5742
5742
5744
5748
5769
5772
5782
5859
5866
5866
5872
5888
5892
5893
5894
5983
5992
5996
5996
5999
6000
6001
6001
6007
6014
6016
6018
6022
6023
6023
6023
6024
6024
6026
6028
6030
6030
6032
6033
6034
6034
6035
6035
6037
6039
6046
6046
6046
6047
6047
6048
6048
6048
6048
6048
6054
6054
6060
6062
6064
6065
6067
6074
6086
6086
6087
6088
6089
6089
6091
6092
6094
6096
6097
6098
6098
6102
6102
6102
6102
6112
6114
6117
6123
6128
6128
6132
6138
6139
6141
6142
6144
6144
6150
6196
6214
6215
6239
6247
6248
6248
6259
6259
6273
6275
6277
6295
6296
6297
6298
6299
6305
6307
6307
6310
6310
6312
6316
6319
6331
6338
6339
6340
6349
6353
6355
6363
6365
6365
6367
6367
6373
6374
6378
6379
6380
6381
6408
6412
6418
6425
6455
6469
6476
6488
6495
6499
6499
6499
6499
6500
6500
6500
6500
6508
6509
6518
6525
6571
6615
6626
6627
6631
6632
6632
6636
6644
6651
6652
6654
6657
6657
6659
6661
6663
6664
6665
6666
6669
6670
6671
6672
6672
6681
6681
6681
6681
6682
6682
6682
6683
6686
6687
6687
6689
6690
6691
6696
6724
6725
6726
6728
6748
6749
6752
6755
6755
6758
6768
6769
6770
6771
6772
6774
6777
6779
6779
6780
6783
6787
6793
6793
6793
6794
6794
6794
6794
6794
6795
6796
6796
6796
6796
6797
6798
6798
6799
6803
6826
6832
6833
6837
6838
6844
6850
6874
6882
6948
6959
6965
6966
6967
6970
6979
6980
6993
6994
6995
7000
7002
7004
7006
7007
7011
7014
7014
7023
7023
7026
7028
7028
7028
7029
7029
7029
7031
7032
7032
7032
7034
7035
7038
7042
7044
7045
7046
7048
7049
7060
7062
7063
7064
7068
7070
7072
7073
7082
7086
7086
7087
7089
7105
7109
7113
7117
7123
7140
7148
7161
7163
7163
7167
7169
7175
7176
7177
7179
7179
7182
7185
7192
7202
7202
7203
7218
7219
7219
7221
7225
7227
7236
7238
7242
7251
7259
7261
7262
7266
7267
7268
7268
7269
7274
7274
7277
7277
7280
7281
7281
7284
7287
7290
7290
7290
7292
