2
2
3
3
3
5
8
8
10
11
13
13
14
15
15
15
16
18
18
18
19
20
21
21
21
22
22
22
22
22
22
22
22
23
23
24
24
24
24
25
26
28
29
29
29
29
29
29
29
30
30
30
31
31
31
32
32
32
32
32
32
32
32
32
32
33
33
33
33
33
33
33
33
34
34
34
34
34
34
35
35
35
35
35
35
36
36
36
36
37
37
37
37
37
37
37
37
37
38
38
38
38
38
39
39
39
40
40
40
40
40
40
41
41
41
41
41
41
41
41
42
42
42
42
42
42
42
42
42
43
43
44
45
45
46
46
47
47
48
48
48
48
48
49
50
50
51
51
51
52
52
53
53
53
53
53
53
53
53
53
53
53
54
54
54
54
54
55
55
55
55
57
58
59
61
61
61
61
61
66
67
67
68
68
68
69
71
71
71
71
72
72
74
74
74
75
76
76
76
77
78
78
78
80
81
81
82
82
82
84
85
86
87
87
87
88
88
88
89
90
91
91
92
92
93
94
94
95
96
97
97
98
99
99
99
99
99
99
99
100
100
100
100
100
101
101
102
103
105
105
106
107
109
110
111
111
112
112
112
112
113
113
113
113
113
114
116
117
117
119
120
120
122
122
123
123
123
123
123
124
125
126
126
126
127
127
127
128
128
128
129
129
130
130
130
130
131
131
131
131
131
131
131
131
134
134
137
138
138
139
139
141
141
141
142
143
144
144
145
145
146
147
147
148
151
151
151
151
151
152
153
154
154
154
156
156
157
157
157
158
158
158
158
158
158
158
158
159
159
159
159
159
159
159
159
159
160
160
160
160
160
160
160
161
161
161
161
161
161
161
161
163
164
167
167
168
168
168
168
168
169
169
169
170
172
173
173
173
173
174
175
176
176
176
177
177
178
178
178
178
179
179
179
179
179
179
179
179
179
179
179
179
180
180
180
180
180
180
180
180
181
181
183
184
186
187
190
192
193
193
193
194
194
194
194
195
195
195
195
197
197
197
198
199
199
200
200
201
203
206
207
208
211
211
212
214
214
215
215
215
216
217
217
217
220
220
220
220
221
224
225
225
226
226
226
234
235
237
237
240
241
242
244
244
244
245
245
246
246
247
247
248
248
248
248
249
250
250
250
251
252
253
256
258
259
259
259
260
260
260
262
263
264
266
267
271
274
275
280
282
282
283
286
286
288
289
289
290
290
292
294
296
297
298
298
298
300
300
301
303
305
305
305
306
307
307
307
308
308
308
308
308
308
308
309
311
311
312
312
312
312
312
312
314
314
315
317
317
321
325
326
329
331
334
335
340
343
343
346
346
351
355
355
357
358
361
362
363
363
363
369
370
375
377
377
378
379
382
384
387
387
388
388
388
388
388
388
389
389
390
390
390
391
394
394
395
395
396
396
399
400
402
404
404
405
406
407
408
409
409
411
419
419
422
424
426
427
427
427
427
427
427
427
428
428
428
428
428
429
429
429
429
429
429
429
429
430
430
430
430
436
436
437
438
441
448
448
448
449
449
456
458
460
461
462
462
462
463
463
463
463
464
464
465
466
469
471
473
475
476
479
481
483
486
487
493
496
497
497
502
503
503
504
507
511
512
512
514
516
518
518
518
523
524
524
524
528
528
528
528
528
528
529
529
529
530
530
530
530
530
530
530
530
530
530
531
531
531
532
533
534
536
537
546
554
554
555
560
562
563
563
565
565
567
568
568
570
570
581
582
583
585
586
586
587
588
589
589
592
593
594
598
599
600
600
601
603
604
606
606
607
611
612
612
613
616
618
619
622
623
623
624
625
625
627
627
636
638
639
639
639
639
640
640
640
640
641
642
642
642
644
646
647
647
647
651
651
652
652
652
652
653
653
653
653
654
654
654
655
655
656
656
661
661
664
665
667
667
667
670
671
671
674
679
681
683
685
693
694
695
696
697
705
706
707
707
710
712
712
713
720
722
723
724
724
724
725
727
727
728
731
731
732
733
739
740
740
741
744
744
749
751
752
752
760
761
762
762
764
764
764
766
766
766
767
767
768
769
770
773
779
779
781
782
782
783
783
783
784
784
785
785
786
787
787
788
789
789
791
791
793
794
799
800
803
804
805
806
810
810
815
815
818
820
824
825
825
825
826
826
826
826
826
826
827
827
827
827
827
827
828
828
828
828
829
830
831
832
832
832
832
832
832
832
832
833
833
833
833
833
833
833
833
833
833
833
833
833
834
834
837
837
838
838
838
839
839
839
839
839
839
840
841
841
841
844
847
849
849
850
853
857
857
858
858
859
859
859
862
862
862
863
866
876
877
878
884
886
889
890
890
890
891
891
892
895
895
895
896
897
897
898
898
908
908
910
917
917
917
917
917
918
918
918
918
927
928
929
930
931
933
937
942
943
943
955
955
956
956
956
957
957
957
961
965
965
965
966
967
968
973
976
980
980
980
982
983
983
983
984
988
990
994
995
995
995
995
996
997
997
1001
1001
1002
1002
1003
1004
1005
1005
1007
1010
1013
1017
1019
1019
1020
1020
1021
1022
1023
1024
1026
1026
1029
1032
1035
1037
1041
1042
1043
1045
1050
1057
1058
1058
1060
1060
1060
1061
1061
1061
1063
1064
1065
1068
1069
1075
1079
1080
1080
1082
1084
1084
1086
1088
1088
1088
1088
1088
1088
1088
1088
1089
1089
1089
1093
1102
1104
1104
1106
1107
1112
1113
1113
1116
1122
1125
1125
1128
1130
1136
1137
1137
1137
1138
1140
1140
1140
1140
1141
1142
1142
1142
1144
1145
1152
1152
1156
1162
1164
1165
1167
1171
1172
1174
1175
1179
1181
1182
1183
1184
1184
1185
1185
1187
1188
1188
1189
1192
1199
1203
1203
1206
1214
1214
1220
1220
1224
1224
1224
1228
1229
1229
1229
1233
1233
1233
1235
1244
1246
1246
1247
1249
1253
1257
1263
1265
1265
1265
1266
1266
1267
1268
1269
1271
1273
1273
1276
1277
1279
1283
1285
1285
1286
1287
1287
1287
1289
1290
1290
1294
1299
1300
1302
1306
1306
1308
1309
1311
1316
1316
1316
1316
1317
1318
1319
1319
1319
1320
1320
1321
1329
1329
1331
1331
1331
1338
1338
1338
1344
1345
1346
1346
1347
1347
1347
1348
1353
1353
1354
1355
1356
1356
1356
1357
1357
1357
1358
1358
1359
1360
1362
1362
1363
1365
1367
1367
1375
1376
1377
1378
1378
1380
1381
1381
1383
1383
1385
1386
1387
1388
1388
1390
1391
1393
1393
1394
1396
1397
1398
1398
1398
1398
1399
1399
1399
1399
1400
1402
1402
1402
1403
1403
1403
1403
1404
1404
1405
1406
1409
1409
1410
1411
1411
1413
1414
1414
1416
1417
1422
1422
1422
1425
1425
1425
1425
1425
1425
1425
1425
1426
1428
1429
1430
1431
1432
1432
1435
1435
1440
1443
1445
1446
1447
1449
1454
1454
1455
1455
1455
1455
1455
1455
1456
1456
1456
1456
1463
1463
1463
1463
1466
1471
1472
1484
1484
1493
1493
1494
1498
1503
1504
1504
1507
1507
1508
1511
1512
1513
1515
1515
1515
1516
1516
1516
1520
1520
1522
1522
1523
1524
1524
1525
1525
1525
1526
1526
1527
1528
1528
1529
1530
1531
1534
1540
1540
1540
1546
1548
1548
1549
1550
1551
1551
1553
1554
1555
1555
1555
1555
1557
1558
1558
1559
1559
1560
1564
1566
1567
1567
1569
1570
1571
1572
1573
1573
1574
1574
1577
1577
1577
1579
1581
1582
1582
1585
1586
1591
1593
1598
1602
1603
1605
1606
1607
1611
1611
1612
1615
1615
1616
1617
1618
1618
1619
1619
1620
1620
1621
1622
1623
1624
1624
1624
1624
1625
1626
1626
1627
1629
1629
1629
1629
1630
1631
1631
1632
1633
1637
1638
1639
1639
1639
1641
1644
1644
1649
1650
1651
1653
1653
1654
1654
1655
1655
1656
1656
1658
1658
1659
1662
1664
1669
1669
1673
1673
1673
1675
1676
1678
1678
1678
1679
1679
1681
1688
1693
1693
1695
1695
1697
1699
1700
1701
1706
1707
1707
1708
1708
1708
1715
1717
1718
1719
1719
1719
1719
1719
1721
1722
1726
1729
1729
1734
1735
1735
1735
1740
1744
1746
1746
1746
1747
1749
1754
1756
1762
1765
1765
1766
1770
1770
1770
1771
1771
1772
1773
1773
1774
1775
1777
1777
1783
1787
1789
1789
1789
1792
1792
1795
1796
1796
1799
1799
1803
1804
1804
1804
1808
1815
1817
1817
1817
1824
1824
1825
1825
1825
1826
1826
1829
1829
1829
1830
1830
1831
1832
1833
1835
1837
1843
1846
1848
1848
1848
1850
1851
1853
1853
1855
1856
1857
1858
1860
1860
1861
1861
1861
1862
1862
1863
1863
1864
1869
1870
1871
1872
1872
1873
1875
1877
1880
1882
1885
1887
1887
1890
1895
1895
1899
1904
1908
1911
1914
1914
1917
1917
1917
1921
1921
1923
1924
1929
1931
1937
1938
1948
1949
1956
1957
1959
1960
1962
1965
1967
1975
1984
1985
1986
1987
1994
1995
1998
1999
2002
2003
2003
2004
2012
2013
2014
2014
2014
2014
2014
2014
2015
2016
2017
2019
2023
2023
2024
2024
2026
2031
2036
2037
2038
2039
2041
2042
2044
2044
2045
2045
2047
2050
2050
2052
2056
2057
2060
2063
2064
2065
2067
2068
2068
2069
2070
2070
2070
2072
2072
2073
2074
2076
2077
2079
2079
2084
2086
2087
2093
2095
2096
2098
2100
2102
2102
2108
2109
2109
2111
2114
2116
2118
2121
2127
2127
2129
2130
2131
2132
2133
2134
2134
2136
2142
2147
2147
2148
2148
2149
2149
2152
2154
2154
2155
2159
2160
2160
2160
2160
2161
2162
2168
2168
2170
2170
2173
2178
2179
2179
2187
2189
2190
2199
2201
2226
2235
2235
2235
2244
2245
2247
2248
2249
2251
2251
2254
2258
2260
2268
2268
2275
2275
2278
2278
2280
2282
2287
2289
2291
2292
2293
2295
2297
2301
2305
2305
2305
2307
2313
2314
2322
2331
2333
2334
2343
2343
2343
2344
2345
2346
2349
2357
2357
2362
2363
2366
2366
2367
2368
2368
2369
2374
2374
2377
2377
2378
2378
2384
2391
2396
2396
2398
2399
2402
2405
2406
2411
2411
2412
2415
2416
2416
2418
2419
2419
2424
2425
2425
2427
2428
2428
2429
2429
2431
2432
2433
2433
2443
2443
2444
2446
2447
2451
2451
2451
2451
2451
2452
2452
2453
2453
2453
2457
2457
2457
2457
2457
2457
2457
2458
2458
2458
2458
2458
2458
2458
2458
2459
2459
2459
2459
2462
2462
2463
2464
2465
2478
2478
2480
2480
2480
2482
2482
2483
2486
2486
2492
2492
2494
2498
2498
2500
2502
2503
2504
2506
2506
2508
2508
2510
2511
2513
2514
2516
2516
2519
2519
2520
2522
2524
2526
2526
2526
2528
2529
2529
2530
2533
2533
2533
2534
2534
2534
2534
2534
2534
2535
2537
2537
2538
2538
2538
2539
2539
2542
2542
2544
2546
2548
2549
2549
2550
2550
2552
2554
2554
2557
2562
2564
2564
2564
2565
2565
2565
2568
2568
2572
2572
2573
2573
2575
2576
2577
2578
2578
2579
2580
2581
2581
2582
2583
2584
2586
2587
2587
2587
2589
2590
2590
2592
2592
2592
2593
2596
2598
2600
2602
2605
2607
2610
2624
2629
2633
2634
2634
2635
2636
2640
2641
2642
2642
2644
2645
2645
2645
2645
2648
2650
2652
2655
2658
2661
2663
2665
2667
2669
2669
2669
2670
2673
2674
2677
2679
2679
2681
2687
2688
2689
2691
2694
2696
2697
2698
2699
2704
2706
2706
2707
2707
2714
2723
2723
2731
2731
2733
2733
2737
2740
2741
2742
2743
2744
2745
2746
2754
2758
2760
2761
2765
2767
2769
2769
2770
2770
2772
2773
2773
2776
2777
2778
2779
2780
2780
2787
2795
2803
2812
2817
2819
2821
2825
2825
2828
2831
2834
2835
2839
2840
2843
2843
2845
2848
2852
2855
2855
2856
2858
2859
2859
2860
2862
2862
2863
2863
2865
2865
2865
2867
2871
2873
2875
2877
2879
2879
2879
2882
2883
2883
2883
2893
2896
2897
2900
2903
2903
2904
2910
2943
2945
3028
3029
3032
3036
3036
3051
3059
3110
3132
3133
3143
3154
3164
3230
3231
3246
3248
3286
3286
3295
3304
3325
3401
3437
3504
3574
3582
3582
3582
3582
3586
3625
3630
3631
3645
3645
3645
3653
3671
3671
3671
3675
3690
3703
3704
3704
3706
3739
3773
3786
3786
3788
3806
3813
3815
3817
3819
3819
3821
3823
3823
3826
3827
3832
3833
3833
3835
3835
3837
3843
3845
3868
3868
3870
3873
3879
3898
3899
3900
3900
3901
3904
3907
3917
3926
3929
3930
3937
3939
3943
3946
4007
4007
4008
4009
4009
4010
4010
4012
4012
4031
4032
4033
4035
4036
4036
4039
4039
4040
4042
4042
4046
4047
4047
4048
4048
