2
2
2
3
3
4
4
5
6
6
7
8
8
8
8
9
11
14
15
16
16
17
20
21
22
22
22
22
22
22
22
22
22
23
23
23
23
23
23
23
23
23
23
24
24
24
25
25
25
25
26
26
26
27
27
28
28
28
29
29
29
29
29
29
29
30
30
30
30
30
30
30
31
31
31
31
31
31
31
31
31
31
31
31
31
31
31
31
31
32
32
32
32
32
32
32
32
32
32
32
32
32
32
32
33
33
33
33
33
34
34
36
37
37
38
38
39
39
39
39
39
39
39
40
40
40
40
40
40
40
40
40
40
41
41
41
41
41
41
41
41
41
41
41
41
41
41
42
42
42
42
43
44
44
45
45
49
50
50
50
50
50
50
50
50
50
50
50
51
51
51
51
51
51
51
51
52
52
53
54
54
54
55
55
55
55
55
56
59
60
60
60
61
61
61
61
61
61
61
62
62
62
62
62
62
64
65
65
66
66
68
68
68
68
68
69
69
70
70
70
70
70
71
71
74
75
77
78
79
80
80
80
81
81
81
82
83
83
83
83
83
83
83
83
84
84
84
84
85
85
85
87
88
88
88
88
89
89
90
91
94
95
95
95
96
98
98
99
99
99
100
102
102
102
103
103
103
103
103
103
103
103
104
104
104
104
104
104
104
104
104
104
104
104
104
104
105
105
105
105
105
105
105
105
105
105
105
105
105
105
106
106
106
106
107
107
107
107
108
109
110
110
110
110
110
111
111
111
111
111
112
112
112
113
113
113
114
114
115
115
116
116
117
117
117
117
118
118
118
118
118
118
119
119
119
119
119
120
120
120
120
121
121
122
122
122
122
122
123
123
123
124
124
124
125
126
127
128
129
131
132
132
134
134
136
136
136
137
138
138
138
138
138
139
139
140
140
140
142
143
144
144
145
145
145
146
146
147
148
148
148
148
149
149
149
150
150
150
150
151
152
152
153
153
153
153
153
153
154
154
155
158
158
159
159
160
160
160
160
161
161
161
161
161
161
161
162
163
163
164
164
164
164
165
165
165
165
165
166
166
166
166
166
166
166
166
166
166
167
167
167
167
167
168
168
168
168
170
171
171
172
172
172
172
172
172
173
173
173
173
173
173
173
174
174
175
175
175
177
177
178
178
178
178
178
178
179
179
179
180
180
180
180
180
180
181
181
181
181
181
181
181
182
182
182
182
183
183
183
184
184
184
184
184
184
185
185
185
185
186
186
186
186
187
187
187
187
188
191
192
193
194
194
195
195
195
195
195
195
195
195
195
195
195
195
196
196
196
196
197
198
199
200
200
200
201
202
204
204
204
204
205
206
207
208
209
209
210
210
210
211
213
213
213
214
215
216
218
218
218
218
219
219
219
219
220
220
220
221
222
222
222
224
224
225
226
226
229
229
229
230
234
234
235
235
236
236
237
238
240
240
241
241
242
243
243
244
244
244
245
245
245
245
246
246
246
247
247
247
247
248
248
249
249
249
249
249
249
249
250
250
250
250
251
251
251
251
252
252
252
253
253
254
254
255
255
256
258
259
259
259
259
259
259
260
260
260
260
261
261
262
263
264
264
265
265
266
267
267
269
269
270
270
270
271
271
272
272
272
272
273
273
273
274
274
274
275
276
277
277
277
279
279
279
279
279
280
280
280
280
281
282
282
283
284
285
285
286
287
288
290
290
290
292
293
296
297
297
298
298
298
300
301
301
301
302
303
303
304
304
305
306
306
307
307
307
308
308
308
308
308
309
309
309
309
309
309
309
310
310
310
310
310
311
311
311
311
312
313
313
315
315
317
318
318
319
319
319
319
319
319
320
321
322
323
323
324
325
327
328
329
330
333
335
337
340
340
340
341
341
341
341
342
342
342
342
342
343
343
344
344
344
346
346
347
347
348
348
349
349
349
350
351
352
353
354
354
355
355
356
356
358
358
358
360
364
365
367
367
373
373
379
380
381
382
382
383
385
385
386
387
387
388
389
389
394
394
394
395
395
395
395
395
395
396
396
397
397
398
398
401
402
403
403
403
404
404
405
405
406
407
407
408
410
412
413
413
419
425
425
426
426
427
427
430
432
433
433
435
436
436
436
436
437
438
438
438
439
440
440
441
441
441
442
442
443
443
443
443
443
444
444
446
447
447
453
453
453
454
455
459
461
468
474
475
476
477
477
479
482
484
491
492
493
494
495
495
495
498
498
498
498
498
498
498
498
498
498
498
499
499
499
500
500
500
500
500
500
500
500
500
500
501
501
501
501
502
502
502
502
502
502
503
503
503
503
504
504
504
504
504
504
505
505
505
505
505
505
505
505
505
505
506
506
506
508
508
510
511
513
518
520
523
523
524
524
527
527
528
529
529
530
532
533
535
536
536
536
545
545
548
550
551
552
557
558
558
559
563
563
563
565
565
566
566
566
570
570
572
576
577
578
579
579
580
581
581
582
582
583
583
584
584
586
586
587
588
589
592
599
600
600
603
604
604
605
609
610
610
613
614
616
617
617
617
618
620
620
621
623
625
626
628
628
628
628
630
631
632
633
634
634
635
635
638
638
639
644
645
647
650
651
652
656
658
661
665
668
668
672
673
674
675
675
678
679
679
681
681
682
682
682
682
682
682
682
682
683
683
683
683
683
684
684
685
685
686
686
689
690
691
691
697
697
697
698
698
698
698
699
699
699
699
699
700
701
701
703
703
707
707
710
712
713
714
716
716
719
722
725
726
729
729
732
738
738
739
740
753
754
757
757
758
760
761
761
762
768
769
769
771
771
772
773
774
774
774
775
775
776
777
777
778
778
782
782
783
784
786
786
788
788
799
801
801
806
807
810
811
814
814
814
815
815
816
816
817
817
818
818
818
818
819
820
822
823
824
824
825
825
825
825
826
826
826
827
828
828
828
828
830
830
831
836
838
841
843
846
847
847
848
848
849
850
850
851
853
853
854
854
855
855
856
859
863
864
865
870
870
872
874
874
874
874
875
876
877
878
879
880
881
882
883
883
883
883
884
885
885
885
886
888
888
888
888
888
889
891
893
893
894
895
896
898
899
899
901
901
903
903
903
904
909
910
910
911
911
912
912
913
914
914
914
915
916
917
917
918
918
921
923
925
926
927
927
928
928
928
929
930
931
932
933
933
933
935
935
938
938
939
951
951
953
953
955
956
956
961
962
967
968
971
971
972
972
972
972
973
975
975
975
976
977
977
983
984
984
985
985
985
985
986
987
988
991
991
991
992
992
992
993
993
994
997
999
1000
1004
1005
1005
1005
1005
1005
1007
1007
1008
1008
1009
1012
1012
1012
1013
1013
1017
1017
1021
1025
1026
1027
1028
1030
1031
1031
1034
1034
1035
1036
1036
1036
1040
1042
1042
1043
1044
1044
1048
1049
1049
1050
1051
1052
1056
1056
1061
1062
1062
1062
1062
1063
1063
1069
1069
1070
1071
1072
1074
1074
1074
1075
1077
1079
1080
1080
1080
1080
1083
1083
1084
1085
1085
1085
1086
1089
1091
1094
1094
1094
1095
1096
1098
1099
1102
1105
1106
1106
1108
1108
1110
1111
1111
1112
1122
1122
1124
1128
1136
1139
1140
1143
1144
1145
1145
1145
1146
1147
1149
1150
1150
1151
1152
1159
1162
1162
1162
1163
1169
1171
1172
1172
1174
1176
1176
1180
1182
1184
1185
1185
1186
1186
1187
1188
1189
1189
1190
1199
1199
1201
1202
1202
1204
1204
1205
1206
1207
1208
1209
1209
1212
1214
1215
1215
1217
1218
1220
1222
1223
1225
1233
1234
1235
1236
1237
1237
1238
1244
1245
1247
1248
1254
1254
1266
1270
1271
1272
1276
1277
1278
1279
1281
1281
1281
1282
1282
1282
1287
1287
1287
1291
1293
1293
1296
1297
1297
1301
1301
1301
1302
1302
1302
1306
1307
1308
1308
1309
1309
1310
1310
1313
1315
1315
1315
1315
1315
1316
1316
1317
1317
1317
1318
1319
1319
1320
1321
1322
1323
1323
1323
1326
1327
1327
1328
1331
1331
1332
1337
1339
1344
1345
1346
1347
1349
1350
1352
1353
1357
1358
1358
1360
1361
1362
1363
1367
1369
1369
1371
1372
1372
1378
1378
1380
1389
1393
1395
1398
1398
1399
1401
1401
1403
1404
1404
1404
1405
1408
1412
1412
1412
1418
1420
1421
1422
1424
1425
1425
1426
1427
1428
1429
1430
1430
1438
1455
1474
1476
1476
1480
1480
1481
1483
1483
1485
1486
1489
1490
1490
1491
1492
1493
1493
1494
1494
1495
1496
1497
1497
1498
1502
1505
1506
1508
1508
1509
1510
1511
1512
1512
1512
1513
1513
1513
1513
1514
1514
1515
1517
1529
1537
1539
1557
1557
1576
1579
1582
1582
1584
1584
1588
1589
1592
1592
1593
1593
1595
1597
1597
1599
1599
1600
1601
1602
1603
1603
1604
1604
1606
1607
1608
1610
1613
1614
1618
1619
1621
1623
1626
1629
1632
1633
1634
1635
1635
1647
1655
1655
1678
1686
1689
1691
1712
1713
1716
1718
1718
1718
1719
1720
1720
1721
1728
1729
1730
1735
1736
1737
1747
1753
1754
1755
1757
1767
1768
1768
1768
1769
1771
1773
1777
1779
1779
1780
1784
1784
1786
1786
1788
1789
1790
1792
1793
1794
1796
1797
1800
1802
1804
1807
1811
1812
1815
1816
1817
1817
1820
1825
1827
1835
1836
1837
1837
1838
1838
1839
1839
1842
1842
1843
1845
1847
1848
1848
1848
1849
1849
1849
1849
1849
1849
1849
1855
1855
1861
1861
1863
1866
1868
1877
1877
1880
1880
1882
1884
1888
1889
1889
1895
1898
1899
1899
1900
1903
1911
1911
1912
1912
1915
1915
1915
1916
1922
1923
1925
1925
1926
1927
1927
1927
1929
1930
1930
1938
1939
1943
1944
1944
1945
1945
1945
1947
1948
1948
1949
1949
1950
1950
1950
1951
1951
1951
1952
1953
1953
1955
1957
1958
1958
1959
1960
1961
1968
1968
1971
1971
1972
1973
1973
1974
1975
1975
1982
1985
1986
1987
1989
1989
1990
1990
1991
1992
1993
1994
1996
1996
1997
1998
1999
1999
2000
2001
2002
2002
2003
2005
2006
2006
2007
2008
2011
2011
2011
2012
2012
2015
2016
2016
2018
2018
2018
2019
2019
2020
2021
2022
2024
2026
2026
2027
2027
2029
2031
2033
2034
2034
2038
2040
2044
2044
2046
2046
2046
2047
2047
2047
2047
2050
2051
2053
2053
2054
2054
2054
2056
2056
2057
2058
2062
2069
2073
2073
2074
2077
2079
2079
2080
2083
2083
2086
2087
2087
2087
2088
2089
2089
2091
2093
2095
2095
2096
2096
2097
2097
2098
2100
2101
2104
2105
2105
2105
2105
2106
2106
2107
2107
2110
2111
2111
2112
2113
2114
2114
2116
2116
2119
2119
2120
2120
2122
2122
2123
2123
2123
2123
2124
2125
2125
2125
2126
2128
2128
2130
2130
2137
2142
2144
2149
2149
2156
2158
2159
2163
2164
2167
2171
2173
2174
2176
2176
2178
2179
2181
2182
2182
2184
2184
2184
2185
2187
2189
2192
2197
2197
2206
2206
2206
2208
2209
2209
2212
2215
2217
2217
2218
2219
2220
2221
2222
2223
2223
2224
2225
2225
2225
2226
2227
2228
2229
2229
2230
2230
2233
2234
2234
2234
2235
2236
2237
2237
2239
2240
2240
2240
2240
2241
2241
2245
2245
2246
2246
2247
2247
2247
2248
2248
2250
2250
2251
2253
2254
2255
2255
2260
2260
2260
2263
2264
2267
2267
2267
2268
2270
2272
2273
2274
2274
2282
2283
2284
2287
2288
2290
2290
2290
2291
2293
2294
2295
2302
2305
2306
2309
2309
2312
2315
2317
2321
2326
2326
2328
2328
2335
2337
2337
2337
2337
2342
2344
2344
2345
2346
2347
2347
2350
2353
2379
2380
2386
2466
2513
2519
2524
2530
2532
2533
2533
2533
2533
2536
2539
2540
2546
2547
2548
2548
2552
2557
2561
2562
2563
2565
2567
2573
2574
2574
2574
2575
2575
2575
2575
2575
2576
2576
2586
2596
2599
2620
2624
2627
2629
2629
2630
2637
2637
2655
2664
2675
2704
2708
2714
2732
2732
2740
2746
2753
2758
2772
2772
2776
2789
2795
2797
2797
2797
2798
2798
2798
2798
2806
2812
2821
2832
2834
2840
2867
2869
2884
2889
2894
2907
3127
3128
