0
0
2
3
3
4
4
5
6
8
9
11
12
13
13
13
13
14
15
15
15
16
16
16
17
17
17
17
19
19
19
19
19
19
19
21
21
21
21
21
21
21
22
22
22
22
22
22
22
23
23
23
23
23
24
24
25
25
25
26
26
26
26
26
26
26
26
27
27
27
27
28
28
28
28
29
29
29
29
29
29
29
29
29
29
29
29
29
29
29
30
30
30
30
30
30
30
30
30
31
31
31
31
31
31
31
32
32
32
32
32
32
32
32
32
32
33
33
33
33
33
33
33
33
33
34
34
34
35
35
35
36
36
36
36
36
36
36
36
36
37
37
37
37
37
37
37
38
38
38
38
38
38
38
38
38
39
39
39
40
40
40
40
40
40
40
40
40
40
41
41
41
41
41
41
41
41
41
41
41
41
41
41
41
42
42
42
42
42
42
42
42
43
44
45
45
45
45
46
46
46
46
46
46
46
46
46
46
47
47
47
47
47
47
47
48
48
48
48
48
48
48
50
50
50
51
51
51
51
51
51
51
52
52
52
53
53
54
54
55
56
56
56
57
57
58
58
58
58
58
59
60
60
61
62
63
63
64
64
66
66
67
68
68
68
68
68
69
69
70
70
70
70
70
71
71
72
73
74
75
75
75
75
76
77
77
77
77
78
78
78
78
79
80
80
81
81
82
82
82
83
84
85
85
88
89
90
91
91
91
92
92
92
93
93
93
94
95
95
95
95
95
95
96
96
96
96
97
97
97
99
99
99
99
100
101
101
101
101
101
101
102
102
102
102
103
103
103
103
103
104
104
104
105
105
105
106
106
106
106
107
107
107
107
108
108
108
108
109
110
110
111
111
112
113
113
113
114
114
115
115
115
115
116
116
116
117
117
117
118
118
118
119
120
120
121
121
121
121
122
122
122
123
123
123
123
123
123
124
124
124
125
125
126
127
128
129
129
129
129
130
131
132
136
136
136
136
136
137
137
137
137
137
137
137
137
138
138
138
138
138
138
138
138
139
139
140
140
140
141
141
141
141
142
143
143
144
144
145
145
145
146
146
146
147
147
147
147
147
147
148
148
149
149
149
149
150
150
150
150
150
151
152
152
152
153
153
153
153
153
153
153
154
154
154
154
154
155
155
156
156
156
156
158
158
158
159
159
160
161
162
162
162
163
163
163
163
164
164
165
166
166
166
166
166
166
167
167
168
168
169
169
169
170
170
171
172
173
173
173
173
173
173
173
174
174
175
175
175
176
177
177
178
178
178
179
179
179
179
179
180
180
180
181
181
182
182
183
184
184
184
185
186
186
186
186
186
187
187
188
188
188
188
189
189
190
190
190
191
192
192
192
193
194
195
195
196
196
197
197
197
198
198
198
199
199
199
199
200
200
201
201
201
201
201
202
202
202
203
204
204
205
205
207
207
207
207
207
208
208
208
209
209
210
210
210
211
212
212
214
214
215
215
216
217
217
218
219
219
221
222
223
223
223
223
223
223
224
224
225
226
226
227
229
230
230
230
230
230
233
234
235
235
235
236
236
243
243
244
245
248
248
248
250
250
250
251
251
251
251
252
252
252
252
252
252
252
252
252
253
253
254
254
254
255
255
255
255
255
255
255
255
256
256
256
256
256
257
257
258
259
259
259
259
260
260
260
260
261
261
261
261
262
262
262
263
263
263
264
264
264
264
264
264
264
264
265
265
265
265
266
266
266
267
267
267
268
268
268
269
269
270
270
270
270
270
270
271
271
271
272
272
272
272
272
273
273
273
274
275
275
275
275
275
275
276
276
276
276
276
276
277
277
277
278
279
279
279
280
280
280
281
281
282
282
282
282
283
284
285
285
286
286
286
286
286
286
287
288
288
289
289
289
289
289
290
290
290
290
290
290
290
291
291
292
292
294
295
295
295
296
296
296
296
296
296
297
297
297
297
297
297
297
297
297
298
298
298
298
298
298
298
298
298
298
298
298
299
299
299
300
300
301
302
303
303
304
305
305
305
305
305
307
307
308
308
309
309
309
310
312
312
312
312
313
314
314
315
315
315
316
317
317
323
323
324
324
324
324
324
324
324
324
325
325
326
327
327
327
328
328
329
329
329
330
330
334
335
336
337
338
339
339
340
341
341
341
343
343
344
345
346
346
346
347
347
347
348
349
350
353
353
353
354
354
354
354
354
355
355
356
356
356
357
357
357
357
357
357
358
359
359
359
359
359
360
360
360
360
361
362
362
363
363
364
364
364
364
364
365
366
366
366
367
368
368
369
370
371
373
374
374
375
375
376
378
379
381
382
383
384
384
385
386
387
387
389
392
393
393
394
395
396
397
397
398
398
400
406
407
408
409
413
417
419
419
420
423
423
427
428
429
429
430
430
430
434
434
436
436
439
442
442
442
443
443
446
447
447
450
450
453
453
453
453
454
454
455
455
457
458
459
459
461
463
463
463
464
467
469
470
472
474
475
477
477
477
478
478
478
478
478
479
479
479
480
482
487
487
490
490
492
492
493
498
503
504
505
507
507
508
510
512
513
513
514
514
520
520
521
521
525
527
530
532
534
535
537
537
539
540
540
540
544
547
548
548
549
549
549
554
556
556
557
557
560
560
563
564
564
565
566
567
567
568
568
570
570
571
572
572
573
573
573
574
574
574
575
575
576
576
580
580
581
583
586
589
592
592
594
597
598
599
599
601
601
601
602
602
603
603
604
604
605
606
607
607
607
608
608
608
608
608
608
609
609
609
609
609
610
610
610
610
610
611
613
613
613
615
620
621
622
623
624
625
625
625
626
628
628
628
628
628
628
628
628
628
628
629
629
629
629
629
629
629
629
630
630
630
632
633
633
633
633
634
634
634
634
634
634
634
634
635
635
635
635
635
636
636
637
637
638
638
638
640
641
641
641
641
641
642
642
643
643
643
644
645
645
647
647
647
648
648
648
648
648
648
648
648
648
649
649
649
652
654
655
655
656
656
656
656
656
656
657
657
657
657
657
657
657
657
658
658
658
658
658
658
658
658
659
659
659
659
660
660
660
662
668
668
668
668
668
668
668
669
669
669
669
669
670
670
670
671
671
674
675
676
677
677
678
678
678
678
678
678
678
679
679
679
679
679
679
679
679
679
679
679
679
679
680
680
680
680
680
680
680
681
681
684
685
685
685
685
685
685
685
685
685
685
685
685
685
685
685
685
685
685
686
686
686
686
686
686
686
686
686
686
686
687
687
687
687
687
687
687
687
687
687
688
688
688
689
689
689
691
692
693
697
697
698
700
702
702
705
709
709
711
713
713
713
714
718
722
722
723
724
726
726
727
728
728
728
728
729
729
730
730
731
731
733
734
735
736
737
738
741
741
742
742
742
742
748
749
751
757
758
759
764
766
766
767
772
775
777
778
782
783
785
785
785
785
786
787
789
789
790
792
792
797
799
804
807
807
808
808
809
810
810
810
813
815
821
823
823
823
825
826
827
827
828
831
831
831
832
836
837
839
840
841
841
841
842
843
843
844
844
845
845
846
846
847
850
853
854
854
854
855
856
858
861
865
868
873
873
873
877
878
878
878
879
879
879
880
880
880
880
884
884
884
886
889
890
891
892
892
893
894
895
895
896
897
898
899
901
903
904
905
908
908
908
910
910
911
911
916
918
919
919
921
921
923
923
925
925
926
926
928
928
930
933
933
934
934
935
936
936
936
938
939
941
946
948
951
951
955
956
957
958
958
959
959
959
959
960
960
960
960
960
961
961
963
963
966
967
968
970
970
970
971
972
975
975
977
977
978
978
979
982
984
987
989
990
990
990
990
991
991
991
992
993
993
995
995
996
996
996
996
996
997
998
1004
1009
1019
1019
1020
1021
1021
1021
1023
1023
1028
1028
1028
1031
1031
1033
1034
1035
1035
1041
1042
1042
1042
1053
1054
1055
1058
1058
1060
1061
1062
1063
1068
1068
1071
1076
1081
1082
1084
1084
1086
1088
1091
1092
1096
1097
1097
1099
1099
1104
1105
1108
1114
1116
1121
1122
1123
1130
1131
1134
1134
1136
1138
1140
1141
1146
1149
1150
1153
1154
1158
1167
1177
1181
1184
1192
1194
1195
1204
1219
1221
1222
1224
1225
1227
1227
1235
1236
1236
1236
1237
1238
1238
1238
1238
1238
1238
1240
1241
1241
1241
1241
1243
1246
1249
1258
1262
1262
1263
1264
1266
1266
1269
1269
1269
1269
1271
1273
1275
1277
1278
1280
1280
1282
1283
1284
1284
1285
1288
1288
1289
1289
1290
1294
1296
1297
1297
1299
1300
1300
1301
1302
1303
1304
1305
1306
1306
1306
1306
1307
1307
1307
1308
1309
1309
1314
1316
1318
1319
1320
1321
1321
1322
1329
1329
1333
1333
1333
1334
1334
1334
1338
1339
1341
1341
1341
1343
1344
1344
1344
1345
1348
1348
1349
1352
1353
1355
1355
1355
1355
1358
1359
1360
1361
1364
1365
1366
1367
1368
1369
1370
1370
1370
1372
1374
1375
1376
1377
1379
1380
1380
1381
1381
1386
1388
1388
1391
1394
1395
1396
1398
1400
1402
1404
1404
1405
1406
1407
1408
1408
1408
1409
1409
1409
1409
1410
1410
1410
1410
1410
1410
1410
1411
1411
1411
1411
1415
1415
1415
1421
1422
1423
1423
1424
1424
1424
1425
1425
1426
1426
1427
1427
1428
1428
1429
1429
1430
1430
1431
1435
1439
1440
1442
1443
1444
1444
1445
1451
1454
1454
1454
1456
1459
1460
1460
1461
1463
1472
1472
1473
1473
1474
1474
1478
1478
1478
1481
1482
1482
1487
1488
1500
1504
1506
1507
1508
1509
1510
1515
1517
1519
1521
1523
1523
1523
1525
1526
1527
1529
1529
1531
1532
1532
1534
1534
1535
1538
1540
1542
1543
1545
1545
1547
1548
1549
1556
1558
1561
1562
1565
1566
1569
1571
1572
1573
1573
1574
1574
1575
1577
1579
1579
1582
1583
1584
1585
1585
1585
1586
1589
1589
1590
1590
1594
1594
1595
1596
1596
1598
1599
1600
1603
1603
1606
1608
1609
1613
1613
1614
1614
1617
1617
1618
1620
1620
1621
1623
1625
1628
1630
1631
1632
1632
1636
1636
1639
1640
1641
1642
1643
1647
1647
1647
1649
1650
1650
1650
1651
1652
1655
1656
1658
1659
1659
1661
1661
1662
1666
1667
1668
1669
1674
1686
1687
1689
1690
1693
1697
1698
1701
1703
1705
1706
1711
1711
1716
1716
1717
1719
1720
1720
1720
1721
1722
1725
1729
1730
1730
1733
1733
1735
1738
1739
1743
1743
1745
1745
1752
1754
1754
1756
1758
1761
1761
1768
1769
1769
1770
1770
1770
1771
1771
1772
1772
1774
1774
1775
1776
1776
1777
1777
1778
1778
1779
1779
1782
1783
1783
1783
1784
1784
1784
1785
1785
1786
1786
1789
1790
1791
1791
1791
1791
1792
1792
1793
1795
1796
1799
1803
1806
1807
1810
1811
1814
1814
1816
1818
1820
1822
1823
1826
1827
1829
1829
1831
1831
1833
1842
1846
1848
1852
1853
1858
1859
1859
1862
1863
1863
1863
1863
1864
1869
1873
1875
1876
1879
1880
1882
1882
1882
1883
1883
1883
1883
1883
1883
1883
1883
1884
1885
1887
1887
1887
1888
1888
1889
1891
1893
1893
1894
1894
1895
1896
1897
1900
1903
1903
1904
1906
1907
1909
1909
1909
1914
1919
1920
1924
1925
1929
1931
1933
1934
1934
1934
1934
1937
1937
1939
1940
1941
1941
1946
1948
1949
1950
1951
1952
1954
1955
1955
1955
1956
1958
1959
1959
1960
1961
1961
1965
1966
1966
1966
1967
1968
1970
1970
1971
1971
1972
1973
1978
1979
1986
1988
1990
1991
1991
1991
1993
1996
1997
2000
2007
2008
2009
2011
2015
2017
2025
2028
2031
2031
2034
2036
2048
2049
2050
2051
2053
2055
2055
2060
2060
2061
2063
2064
2067
2072
