3
3
3
3
4
4
5
5
7
7
8
9
11
12
12
12
15
15
15
15
16
16
17
19
19
20
20
22
22
23
23
24
26
26
27
27
27
27
27
27
27
27
27
27
27
28
28
28
28
28
28
28
28
28
28
28
28
28
28
28
28
28
29
29
29
29
29
29
29
29
29
30
30
30
30
30
30
30
30
30
30
30
30
30
30
30
30
30
31
31
31
31
31
31
31
31
31
31
32
32
32
32
33
33
33
33
34
34
35
35
35
35
35
35
36
36
36
36
36
37
37
37
37
37
38
39
39
39
40
41
41
41
41
42
43
43
44
45
45
45
45
46
47
48
48
48
48
48
48
48
48
49
49
49
49
49
49
50
50
50
50
50
50
50
50
50
50
50
50
51
51
51
51
54
54
55
56
58
58
59
60
61
61
62
62
63
65
66
66
66
66
66
67
68
70
70
71
71
72
73
73
73
74
75
75
76
76
77
77
79
80
81
83
83
83
83
83
84
84
84
85
85
85
86
86
87
87
90
90
91
93
93
94
94
94
94
94
98
98
99
100
101
101
105
106
106
107
108
108
109
109
110
110
110
111
111
111
111
112
113
114
116
116
120
120
122
124
125
127
127
130
130
130
131
132
132
133
134
134
135
136
137
137
137
137
138
138
139
139
140
140
141
142
143
143
143
144
145
146
146
147
147
147
148
149
149
149
152
154
154
155
155
155
156
156
156
156
156
157
157
157
158
159
159
159
160
160
160
160
160
160
160
160
161
161
161
161
161
161
162
162
162
162
162
162
162
162
163
163
164
164
164
167
167
168
168
169
169
169
169
170
172
173
173
174
174
174
174
174
174
175
175
175
176
176
176
176
177
177
178
178
178
178
178
178
180
180
180
181
182
183
184
185
185
188
188
189
189
190
191
192
193
194
197
199
200
202
202
203
203
203
203
204
212
218
219
219
220
220
222
222
223
223
224
225
226
226
226
227
228
228
228
228
230
231
232
234
236
238
238
240
241
241
242
242
243
245
245
245
246
246
246
247
248
248
248
248
249
249
249
250
251
252
253
253
254
255
258
259
261
262
262
267
268
269
270
272
274
278
279
280
282
283
288
294
295
296
296
300
303
304
304
304
304
305
308
310
320
328
328
330
330
333
333
333
336
336
337
337
338
339
340
343
343
345
347
348
348
350
351
352
353
356
357
358
361
362
362
364
366
368
368
370
371
371
372
376
376
377
378
378
378
379
380
381
381
381
383
383
384
384
385
385
386
388
390
391
393
395
396
396
396
398
402
403
404
404
405
406
406
407
407
408
409
413
414
417
419
420
421
422
422
425
426
428
428
429
429
431
432
434
437
437
440
440
440
440
442
443
444
444
446
446
446
447
448
448
448
448
448
451
451
451
452
455
456
456
456
457
457
458
458
458
462
462
462
462
462
462
462
462
463
463
463
463
463
463
464
464
464
464
478
482
483
483
484
485
486
487
490
494
495
496
503
505
507
508
508
512
512
512
513
513
513
515
517
517
517
521
523
523
524
527
528
532
532
532
532
533
533
533
533
533
535
537
538
538
542
544
544
545
545
545
545
546
550
552
553
554
557
560
560
561
562
562
562
562
563
569
570
570
570
571
571
571
571
571
571
571
571
571
571
572
572
573
573
573
574
574
574
575
575
576
581
584
587
587
588
588
591
592
596
597
598
598
598
600
601
601
602
602
610
610
610
611
611
611
612
612
613
613
614
617
619
619
619
619
620
622
631
641
644
664
668
669
670
672
682
683
685
693
693
703
704
705
705
705
709
712
718
718
719
719
720
720
720
720
721
721
722
724
727
728
733
736
760
762
769
770
771
775
775
787
791
805
805
806
812
812
814
814
817
819
826
827
836
837
839
845
854
854
856
861
866
873
885
888
892
899
901
901
904
906
906
907
913
915
918
920
921
933
933
934
934
934
934
934
934
934
934
934
934
935
935
936
936
936
936
937
939
939
941
945
947
951
955
956
962
969
971
973
974
977
985
990
991
992
992
993
994
994
995
995
996
996
999
1001
1001
1002
1004
1006
1006
1008
1008
1009
1017
1019
1020
1022
1024
1030
1030
1031
1036
1037
1043
1043
1044
1044
1051
1055
1055
1055
1056
1056
1057
1057
1057
1057
1057
1057
1057
1057
1057
1057
1058
1058
1058
1058
1058
1058
1063
1064
1066
1072
1075
1080
1080
1080
1080
1087
1088
1093
1098
1100
1103
1103
1103
1104
1105
1105
1105
1105
1105
1106
1106
1106
1106
1106
1106
1107
1107
1107
1107
1108
1108
1108
1108
1108
1108
1109
1109
1109
1110
1110
1110
1110
1110
1110
1111
1111
1111
1111
1112
1112
1112
1112
1113
1113
1117
1117
1118
1121
1121
1124
1125
1125
1125
1125
1125
1125
1126
1126
1127
1127
1129
1129
1130
1132
1133
1140
1142
1144
1145
1145
1145
1145
1145
1145
1145
1145
1145
1145
1145
1146
1146
1146
1147
1147
1147
1150
1150
1152
1152
1153
1153
1153
1153
1153
1154
1155
1157
1158
1158
1159
1159
1159
1159
1159
1160
1163
1163
1164
1167
1171
1177
1180
1184
1187
1188
1188
1188
1188
1188
1188
1188
1188
1188
1189
1199
1207
1208
1232
1239
1239
1241
1242
1253
1254
1258
1259
1261
1261
1266
1266
1268
1274
1274
1282
1285
1291
1292
1295
1302
1303
1304
1304
1305
1305
1307
1309
1311
1313
1313
1314
1314
1314
1315
1315
1315
1316
1316
1317
1317
1320
1321
1321
1321
1322
1329
1329
1329
1330
1334
1334
1338
1341
1344
1350
1357
1360
1361
1361
1366
1367
1368
1369
1374
1375
1376
1382
1388
1389
1394
1398
1399
1402
1408
1424
1428
1429
1429
1430
1435
1437
1439
1441
1442
1442
1447
1447
1448
1448
1449
1452
1452
1454
1455
1455
1457
1458
1460
1462
1463
1465
1465
1467
1473
1474
1474
1474
1476
1477
1478
1478
1479
1480
1483
1498
1502
1502
1509
1509
1518
1519
1521
1524
1525
1525
1525
1535
1535
1542
1542
1546
1547
1551
1558
1560
1562
1562
1563
1565
1565
1565
1566
1568
1569
1576
1579
1586
1589
1590
1590
1590
1591
1592
1593
1594
1598
1598
1601
1603
1605
1605
1605
1606
1606
1607
1607
1609
1610
1612
1612
1617
1625
1626
1626
1627
1627
1627
1627
1627
1627
1627
1627
1627
1627
1627
1627
1627
1627
1628
1628
1628
1628
1628
1628
1628
1628
1628
1629
1629
1629
1630
1631
1631
1631
1634
1635
1635
1635
1635
1635
1635
1636
1636
1636
1637
1638
1638
1639
1640
1640
1641
1643
1644
1647
1647
1649
1651
1661
1661
1661
1662
1663
1665
1665
1666
1666
1667
1668
1671
1671
1675
1680
1683
1692
1695
1697
1699
1705
1705
1707
1721
1729
1731
1732
1732
1733
1733
1734
1736
1736
1739
1743
1745
1750
1758
1761
1763
1766
1767
1770
1771
1793
1797
1797
1798
1798
1801
1801
1803
1804
1806
1808
1808
1809
1809
1809
1818
1818
1819
1820
1821
1821
1821
1822
1822
1822
1823
1823
1823
1824
1824
1824
1825
1825
1826
1826
1827
1830
1830
1831
1833
1835
1835
1836
1838
1839
1840
1841
1842
1844
1848
1850
1854
1858
1863
1864
1864
1865
1865
1867
1869
1870
1871
1873
1874
1876
1877
1879
1882
1883
1887
1891
1891
1891
1892
1893
1898
1899
1900
1902
1905
1905
1908
1909
1920
1923
1928
1935
1935
1935
1942
1944
1959
1959
1960
1961
1963
1964
1968
1970
1974
1974
1976
1991
1991
1992
1992
1995
1996
2012
2013
2013
2013
2027
2028
2028
2028
2028
2029
2034
2034
2034
2036
2038
2039
2039
2041
2042
2042
2043
2048
2048
2048
2048
2051
2054
2055
2055
2057
2064
2067
2072
2076
2077
2078
2089
2091
2113
2120
2120
2121
2121
2122
2122
2123
2124
2131
2136
2138
2138
2144
2147
2149
2150
2153
2153
2154
2154
2159
2162
2162
2162
2162
2165
2167
2168
2169
2173
2189
2190
2191
2195
2202
2205
2205
2206
2208
2211
2213
2218
2224
2225
2226
2228
2229
2235
2255
2265
2267
2268
2269
2282
2286
2288
2288
2289
2289
2303
2304
2304
2306
2315
2339
2339
2340
2372
2378
2378
2379
2379
2380
2380
2382
2382
2384
2386
2391
2392
2394
2405
2408
2409
2410
2414
2422
2427
2430
2430
2432
2440
2442
2443
2445
2447
2449
2451
2453
2453
2454
2457
2460
2468
2468
2474
2482
2488
2490
2492
2494
2495
2496
2499
2500
2502
2505
2505
2506
2507
2507
2509
2509
2510
2513
2518
2523
2533
2533
2542
2555
2561
2562
2563
2571
2573
2581
2582
2586
2592
2599
2602
2603
2603
2613
2613
2614
2615
2622
2624
2627
2655
2669
2672
2672
2672
2674
2675
2680
2680
2682
2684
2685
2696
2697
2697
2698
2698
2698
2698
2700
2701
2702
2707
2707
2708
2710
2711
2713
2713
2715
2719
2720
2720
2723
2724
2731
2731
2733
2733
2736
2737
2738
2738
2741
2762
2766
2767
2769
2774
2777
2777
2777
2782
2786
2787
2788
2789
2789
2790
2790
2791
2793
2797
2797
2797
2802
2803
2804
2805
2805
2810
2810
2812
2812
2812
2818
2818
2819
2824
2828
2828
2829
2832
2836
2836
2836
2836
2841
2845
2846
2848
2849
2850
2850
2854
2855
2855
2856
2856
2857
2858
2859
2861
2861
2862
2862
2865
2865
2866
2869
2871
2872
2874
2874
2888
2888
2891
2916
2919
2927
2928
2929
2936
2942
2943
2944
2953
2954
2957
2959
2959
2961
2961
2961
2961
2964
2965
2969
2969
2971
2978
2981
2981
2981
2985
2986
2988
2989
2993
2997
3003
3004
3007
3011
3016
3019
3019
3020
3020
3021
3021
3022
3023
3025
3027
3029
3031
3032
3033
3034
3035
3035
3036
3036
3037
3037
3037
3038
3039
3040
3042
3043
3045
3048
3049
3050
3053
3054
3054
3056
3059
3060
3064
3066
3067
3079
3089
3091
3094
3094
3094
3101
3102
3105
3106
3106
3110
3112
3112
3116
3120
3122
3125
3126
3126
3126
3126
3129
3130
3130
3130
3142
3145
3153
3153
3154
3155
3156
3158
3160
3161
3161
3161
3169
3170
3179
3179
3180
3183
3187
3194
3197
3198
3207
3211
3212
3213
3214
3217
3221
3228
3238
3238
3240
3244
3254
3255
3259
3259
3261
3269
3272
3272
3274
3276
3282
3286
3289
3291
3296
3301
3308
3316
3323
3323
3324
3324
3324
3324
3324
3324
3325
3325
3326
3326
3326
3326
3326
3334
3341
3342
3346
3351
3361
3361
3362
3362
3363
3363
3364
3366
3371
3375
3375
3378
3381
3391
3391
3392
3399
3405
3410
3417
3419
3422
3423
3424
3425
3426
3426
3427
3428
3428
3428
3428
3428
3429
3430
3431
3432
3432
3433
3434
3434
3434
3435
3435
3435
3435
3437
3441
3442
3454
3464
3466
3475
3512
3513
3536
3537
3550
3551
3558
3558
3565
3567
3568
3568
3568
3569
3571
3575
3598
3598
3603
3608
3618
3626
3640
3640
3647
3647
3655
3659
3660
3671
3708
3708
3710
3710
3710
3712
3712
3712
3716
3720
3723
3727
3727
3727
3765
3776
3778
3780
3787
3802
3808
3810
3812
3812
3817
3819
3827
3829
3829
3839
3844
3863
3868
3869
3870
3873
3875
3880
3883
3888
3889
3889
3889
3890
3893
3896
3898
3903
3912
3914
3915
3920
3922
3933
3940
3944
3951
3951
3952
3960
3961
3961
3968
3969
3971
3984
3986
3989
3989
3991
3994
4000
4007
4013
4015
4016
4016
4019
4024
4025
4026
4032
4032
4033
4033
4036
4038
4038
4038
4039
4040
4041
4041
4041
4041
4042
4042
4042
4042
4042
4042
4043
4043
4043
4043
4043
4043
4044
4044
4044
4044
4045
4045
4045
4048
4048
4049
4050
4051
4052
4053
4056
4056
4061
4064
4085
4097
4098
4109
4116
4117
4130
4134
4138
4143
4151
4151
4153
4157
4157
4159
4161
4164
4166
4168
4168
4170
4184
4185
4187
4188
4194
4201
4203
4204
4206
4215
4217
4223
4228
4231
4231
4232
4234
4243
4244
4244
4251
4256
4264
4267
4267
4268
4272
4272
4275
4285
4289
4289
4290
4291
4292
4292
4295
4295
4295
4296
4301
4302
4302
4303
4303
4304
4305
4307
4307
4307
4308
4309
4310
4311
4312
4313
4313
4313
4318
4322
4325
4325
4330
4332
4337
4338
4340
4348
4350
4351
4352
4358
4360
4360
4363
4365
4367
4369
4370
4371
4373
4374
4379
4380
4381
4381
4384
4384
4393
4398
4401
4403
4404
4420
4422
4425
4427
4427
4428
4429
4430
4437
4452
4456
4461
4465
4467
4495
4513
4517
4522
4524
4538
4544
4548
4550
4552
4552
4561
4562
4568
4573
4575
4582
4592
4592
4594
4595
4597
4604
4605
4609
4610
4610
4612
4615
4617
4618
4624
4628
4633
4634
4645
4645
4646
4648
4650
4662
4664
4664
4665
4666
4676
4678
4683
4683
4683
4688
4690
4691
4691
4691
4691
4694
4695
4695
4695
4695
4696
4697
4699
4699
4710
4720
4720
4721
4723
4724
4724
4729
4729
4730
