2
2
3
3
3
3
4
5
5
5
9
9
9
10
10
10
11
11
12
13
13
13
13
13
14
15
15
16
16
16
16
17
17
17
17
17
17
17
18
18
18
18
18
19
20
20
21
21
21
22
22
22
22
22
22
23
23
23
23
23
23
23
23
23
23
24
24
24
24
24
24
24
24
24
24
24
24
24
24
25
25
25
25
25
25
25
25
25
25
25
26
26
26
26
26
26
26
26
26
26
26
26
26
26
26
26
26
26
27
27
27
27
27
27
27
27
27
27
27
27
27
27
27
28
28
28
28
28
29
29
29
29
29
29
29
29
30
30
30
30
30
30
31
31
31
31
32
32
33
33
33
33
33
33
33
33
34
34
34
34
34
34
34
35
35
35
35
35
35
35
35
35
35
35
35
35
35
36
36
36
36
36
36
36
36
36
36
36
36
36
36
37
37
37
37
37
37
37
37
37
38
38
38
38
38
38
38
39
39
39
39
40
41
41
41
41
41
42
42
43
43
43
44
44
45
45
45
45
45
46
46
46
47
47
48
48
48
49
49
49
49
49
49
49
49
50
50
50
51
51
51
51
51
51
51
52
52
52
52
53
53
53
54
54
54
54
54
54
55
55
56
56
56
56
57
57
57
57
58
58
58
58
58
59
59
59
59
59
60
60
60
61
61
61
61
61
62
62
62
62
63
63
64
64
64
64
64
64
65
65
65
65
66
66
66
66
67
67
67
67
68
68
68
68
68
68
68
69
69
70
70
70
70
71
71
72
72
72
73
73
73
73
74
74
74
74
75
75
75
75
75
75
75
76
76
76
76
76
76
76
77
77
77
77
77
77
77
77
78
79
79
80
80
80
80
81
81
81
81
81
81
81
81
81
81
81
81
81
82
83
83
83
83
83
84
84
84
84
84
85
85
85
85
85
85
85
85
85
85
86
86
86
86
86
86
87
87
87
87
87
88
88
88
89
89
89
89
89
90
90
90
90
90
90
90
91
91
91
91
91
91
91
91
92
92
92
92
92
93
93
93
93
93
93
94
94
95
96
97
97
97
97
97
97
97
97
97
97
97
97
97
97
97
97
98
98
98
98
98
98
98
98
98
98
98
98
98
98
99
99
100
100
101
101
101
101
101
101
101
101
102
102
102
102
102
103
103
103
104
104
104
104
105
105
105
105
106
106
106
106
106
106
106
106
107
108
108
108
109
109
110
111
111
112
112
112
112
113
113
114
114
115
115
116
116
116
116
116
116
117
117
117
117
117
117
118
118
118
118
118
118
118
119
119
119
119
119
119
119
120
120
120
120
120
120
120
120
121
121
121
122
122
122
123
124
124
124
124
124
125
125
125
125
125
125
126
126
126
127
127
127
127
128
128
128
129
130
130
130
131
131
131
131
131
132
132
132
132
132
132
133
133
133
133
133
133
133
133
133
134
134
134
134
135
135
136
136
136
136
136
137
137
137
137
137
137
137
137
137
138
138
138
138
138
138
139
139
139
139
139
139
140
140
140
140
140
141
141
141
141
141
142
142
142
142
143
143
143
144
144
144
144
144
144
145
145
146
146
146
146
146
146
146
146
146
147
147
147
147
147
148
148
148
148
148
148
148
148
148
148
148
149
149
149
149
149
149
149
149
149
149
149
149
149
149
149
150
150
150
150
150
150
151
151
152
152
152
153
153
154
154
155
155
155
155
156
157
157
157
157
157
158
158
159
160
160
160
160
161
161
161
161
161
162
162
162
163
164
164
164
165
165
165
165
165
165
166
166
166
166
167
167
167
167
168
168
168
168
168
169
169
169
169
169
169
170
170
170
170
170
171
171
171
171
171
171
172
172
172
172
172
172
173
173
173
173
174
174
174
175
175
175
176
176
176
177
177
177
177
177
177
178
178
178
179
180
180
180
181
181
181
181
181
181
182
182
182
183
183
183
183
183
183
184
184
185
185
185
186
186
186
186
186
187
188
188
188
188
188
188
188
189
189
189
190
191
191
191
191
191
192
193
194
195
195
195
196
196
196
196
196
197
197
197
198
198
199
199
200
200
200
201
202
202
202
202
203
204
204
205
205
206
206
206
206
207
207
207
207
207
208
208
208
208
209
209
209
210
210
210
210
210
210
210
210
210
210
210
211
211
211
211
211
211
211
211
211
211
211
212
212
212
212
212
212
213
213
213
213
213
213
213
214
214
214
215
215
216
216
216
216
216
216
217
217
217
217
217
217
217
218
218
219
219
219
219
220
220
220
220
220
221
221
222
222
223
223
223
223
224
224
224
224
224
224
224
224
224
224
224
225
225
225
225
225
225
226
226
226
227
227
227
228
228
229
229
229
230
230
230
231
232
233
233
235
235
236
236
236
237
237
237
237
237
237
237
237
237
237
238
242
242
242
242
243
243
243
243
243
243
244
244
244
244
244
244
244
245
245
245
245
246
246
246
247
248
248
248
249
250
250
251
251
252
253
253
253
254
254
256
257
257
258
261
261
261
261
262
262
263
263
263
263
263
263
264
264
264
264
264
264
265
265
265
266
266
266
266
266
266
266
267
268
269
269
269
269
269
269
269
270
270
270
271
271
273
275
276
277
279
280
284
286
288
289
289
291
291
292
294
294
294
295
295
297
297
298
299
299
300
300
301
302
302
303
303
306
308
309
311
317
317
317
317
317
318
318
318
318
318
318
318
318
319
319
319
319
319
319
319
320
320
322
323
325
325
326
326
327
327
328
330
330
330
331
332
332
334
335
335
335
336
336
339
340
340
340
340
341
341
341
343
345
347
348
349
350
350
351
354
355
356
357
359
362
363
364
373
374
375
382
382
383
385
385
385
388
393
393
393
394
394
394
395
395
397
398
400
401
402
402
404
404
406
408
409
409
409
410
410
410
411
417
417
418
419
421
423
424
425
425
426
426
428
433
433
433
435
436
437
439
440
445
445
447
447
448
448
449
451
452
453
454
455
455
456
456
457
458
461
461
461
461
462
462
463
464
466
466
468
468
469
470
472
473
473
473
473
473
474
474
474
477
479
479
479
479
479
479
479
479
479
480
480
480
480
480
480
480
480
480
480
481
481
482
482
483
484
484
485
486
486
486
487
487
487
487
488
488
488
488
488
489
489
489
489
489
489
489
489
489
489
489
490
491
491
495
496
496
498
499
501
502
503
503
505
507
507
508
509
509
510
512
514
515
515
516
516
517
518
518
519
519
520
520
520
521
525
525
525
526
526
526
527
528
531
531
533
533
533
533
535
536
536
537
538
539
539
540
540
540
540
542
542
543
543
544
546
546
546
546
546
547
547
547
547
547
547
548
549
549
550
551
554
557
557
557
557
557
557
558
559
559
559
559
559
559
568
571
571
572
572
573
575
577
578
578
581
582
586
586
586
588
590
590
590
590
590
590
591
591
591
591
591
591
591
593
595
595
597
599
603
604
605
605
606
607
608
609
613
615
616
619
619
622
623
625
626
629
630
631
640
641
642
642
642
643
643
643
644
644
644
645
645
645
645
646
649
649
650
652
655
658
658
658
658
658
658
659
660
660
662
662
662
663
664
664
664
664
665
665
666
667
667
668
669
669
671
672
673
674
674
675
675
675
677
678
679
679
680
681
681
682
682
682
682
686
686
686
687
687
687
688
688
689
690
691
691
692
693
694
697
698
699
701
701
702
703
704
705
705
705
705
706
706
706
708
708
709
709
710
710
711
712
712
713
713
713
714
714
715
717
718
721
722
726
727
727
728
730
732
732
733
734
735
735
735
737
742
742
743
744
744
747
750
750
751
751
752
752
753
754
755
757
759
759
760
760
760
760
763
766
769
769
769
770
772
773
775
778
778
778
779
779
780
782
784
785
786
789
789
789
789
790
793
796
798
801
801
802
802
803
805
805
809
810
810
813
813
817
817
818
819
821
823
824
825
826
829
830
831
835
845
846
846
847
849
852
852
852
855
855
855
856
856
856
856
858
859
860
861
861
862
863
863
864
864
864
865
866
867
868
869
870
870
870
871
872
872
873
873
874
875
875
876
878
879
879
880
880
881
883
883
884
884
888
888
891
892
893
893
894
894
894
894
894
895
897
900
901
904
911
911
912
914
916
916
917
918
918
919
920
921
921
921
922
923
923
924
925
925
926
927
928
928
929
931
931
934
934
934
936
936
936
939
939
940
941
941
942
942
943
943
943
946
947
947
948
950
950
950
951
951
951
954
956
957
958
963
963
965
967
970
972
972
973
976
976
976
976
978
978
978
978
978
978
979
979
979
979
979
980
984
985
985
987
987
987
989
989
989
990
990
990
992
999
1001
1003
1004
1005
1007
1007
1008
1008
1008
1009
1009
1009
1009
1009
1009
1010
1010
1010
1010
1011
1011
1012
1013
1013
1013
1014
1014
1018
1018
1019
1019
1021
1021
1022
1022
1024
1024
1024
1026
1026
1026
1028
1031
1031
1031
1033
1034
1034
1034
1034
1035
1036
1036
1038
1039
1039
1040
1041
1042
1043
1043
1045
1045
1046
1048
1048
1050
1050
1050
1050
1050
1051
1051
1051
1051
1052
1053
1053
1054
1054
1054
1055
1055
1056
1056
1057
1057
1057
1059
1059
1062
1062
1064
1064
1064
1065
1065
1065
1066
1066
1068
1068
1070
1070
1070
1072
1073
1074
1074
1075
1075
1075
1075
1076
1078
1078
1079
1080
1080
1082
1082
1082
1082
1083
1083
1084
1084
1084
1084
1086
1086
1087
1087
1088
1088
1088
1088
1089
1089
1095
1096
1097
1100
1101
1104
1105
1105
1105
1108
1108
1108
1108
1111
1115
1116
1117
1117
1118
1118
1119
1120
1122
1122
1128
1129
1129
1130
1130
1132
1132
1132
1134
1134
1135
1135
1136
1137
1137
1137
1137
1138
1138
1139
1139
1139
1140
1140
1140
1140
1141
1141
1141
1141
1141
1142
1142
1144
1145
1145
1146
1146
1146
1147
1147
1147
1147
1148
1149
1149
1149
1149
1150
1150
1150
1151
1152
1153
1154
1154
1154
1155
1155
1155
1155
1156
1156
1156
1156
1156
1156
1157
1158
1158
1159
1159
1159
1159
1159
1160
1161
1162
1163
1164
1165
1165
1165
1166
1169
1169
1171
1171
1172
1173
1175
1175
1175
1176
1176
1176
1176
1177
1177
1178
1179
1184
1185
1193
1193
1195
1195
1198
1199
1199
1200
1200
1200
1200
1200
1200
1200
1201
1201
1202
1204
1204
1204
1204
1205
1206
1209
1209
1210
1210
1210
1211
1212
1213
1215
1216
1224
1228
1234
1240
1241
1244
1244
1244
1245
1245
1246
1246
1246
1248
1248
1249
1251
1263
1264
1274
1274
1277
1278
1278
1278
1278
1283
1283
1284
1285
1287
1287
1289
1289
1290
1290
1290
1291
1291
1292
1292
1293
1293
1293
1297
1297
1298
1299
1299
1302
1302
1302
1306
1308
1308
1308
1312
1312
1313
1314
1314
1316
1317
1318
1321
1322
1323
1324
1324
1324
1325
1325
1325
1325
1325
1325
1325
1331
1331
1333
1335
1337
1338
1340
1341
1342
1343
1344
1345
1345
1346
1348
1349
1354
1354
1357
1357
1359
1361
1361
1362
1367
1370
1370
1373
1373
1374
1375
1380
1382
1384
1384
1384
1384
1385
1386
1388
1388
1389
1390
1390
1393
1393
1395
1395
1397
1398
1401
1401
1402
1402
1403
1404
1405
1406
1408
1409
1411
1419
1420
1420
1420
1426
1441
1446
1447
1502
1516
1521
1522
1524
1524
1525
1526
1527
1529
1529
1532
1540
1543
1544
1553
1556
