2
2
5
6
7
8
8
10
11
13
14
15
15
16
17
17
17
17
17
17
18
18
19
20
22
22
23
23
23
24
24
24
24
26
27
28
29
29
29
31
33
33
33
34
35
35
35
36
36
37
37
37
37
38
40
40
41
41
43
44
44
44
44
45
46
46
47
49
52
58
59
60
60
60
61
63
65
68
68
72
72
73
73
73
74
75
75
75
75
75
75
75
75
76
76
76
76
77
77
77
79
81
83
84
86
86
88
88
88
88
88
88
91
92
93
93
93
93
93
93
94
94
94
94
94
94
94
94
94
96
97
97
97
97
97
97
99
99
99
99
99
100
100
100
100
100
100
100
100
100
100
100
100
100
101
101
101
101
101
101
101
101
101
101
101
101
101
101
101
101
101
101
101
101
101
101
101
102
102
102
102
103
107
110
115
118
118
119
119
119
120
120
120
122
122
123
124
124
124
125
125
125
125
125
125
126
126
128
130
132
132
132
132
132
132
132
132
132
136
141
141
142
143
143
143
143
143
143
143
143
143
143
143
143
143
143
143
143
143
143
143
144
144
144
144
144
144
144
144
144
144
144
144
144
144
144
145
150
151
151
154
156
158
158
158
158
158
158
158
158
159
159
159
159
159
159
159
159
159
159
159
159
159
159
159
159
159
159
159
159
159
159
159
159
161
164
165
166
172
181
183
185
186
187
190
191
194
195
195
195
195
195
195
195
196
197
200
200
203
203
210
210
211
211
212
212
214
215
218
219
219
219
220
221
227
230
230
230
231
232
236
244
245
252
257
259
259
259
262
282
282
282
283
289
291
301
301
301
301
301
301
301
302
306
306
306
306
306
306
306
307
307
310
311
311
313
313
315
316
317
319
323
323
324
324
326
328
329
329
336
336
336
338
354
354
354
355
363
368
370
370
412
414
429
429
429
429
434
434
435
435
435
435
435
435
437
438
439
439
439
439
440
440
440
440
440
441
441
443
449
450
451
451
452
452
452
452
452
452
453
457
461
463
464
464
467
473
474
476
477
485
508
508
508
508
508
511
513
513
513
514
516
516
518
520
521
522
525
527
535
536
537
543
560
646
647
649
651
655
664
671
674
689
689
690
692
693
693
694
694
699
699
702
702
705
705
706
706
707
709
712
724
726
730
736
737
737
739
743
750
753
763
764
764
764
769
770
771
775
778
778
780
781
782
782
790
790
790
792
793
804
808
808
896
973
975
975
980
984
985
986
994
995
995
995
998
998
998
999
1001
1001
1005
1008
1009
1013
1014
1015
1018
1020
1031
1036
1037
1040
1040
1047
1050
1051
1052
1061
1085
1089
1091
1099
1105
1107
1119
1123
1123
1125
1129
1134
1135
1142
1142
1143
1144
1146
