2
2
5
5
5
5
6
7
7
8
10
14
14
14
14
14
14
15
16
20
20
20
20
20
20
20
20
20
20
21
21
21
21
21
22
22
25
25
25
25
25
27
27
28
28
30
30
30
30
31
31
31
32
32
32
32
32
33
35
36
36
36
36
37
37
37
38
43
44
45
45
45
45
45
45
45
45
45
45
45
45
46
49
52
52
54
54
54
54
54
54
54
54
54
54
54
54
54
54
54
54
54
54
55
55
55
55
55
55
55
55
55
55
55
55
55
55
55
55
55
55
58
58
58
58
58
59
59
59
59
59
59
59
59
59
59
59
60
60
60
60
60
60
60
60
60
60
60
60
60
61
61
61
61
61
61
62
62
62
62
62
62
62
62
62
62
62
62
63
63
63
63
63
63
63
63
63
63
63
63
63
63
63
63
63
63
63
63
64
64
64
64
64
64
64
64
64
64
64
64
64
64
65
65
65
65
65
66
66
66
66
66
66
66
67
68
68
69
69
70
70
70
70
70
71
72
72
73
73
73
74
74
74
76
78
79
82
82
83
83
84
84
84
84
85
85
85
85
85
85
85
85
86
86
86
86
86
86
86
87
92
98
100
104
107
108
110
114
114
117
120
127
129
129
133
134
137
141
142
143
144
146
146
147
149
150
151
155
158
160
162
164
166
168
168
172
172
172
173
173
174
174
174
174
174
175
175
175
175
176
176
176
176
176
176
177
177
177
177
179
179
179
180
180
180
181
181
184
185
193
193
193
193
193
193
195
195
201
202
203
203
208
209
213
214
215
218
224
230
232
233
233
235
237
238
245
253
256
265
270
274
277
288
288
290
290
290
290
292
294
297
297
299
300
302
303
304
308
313
313
313
313
313
313
313
313
313
314
319
320
323
326
326
327
333
334
338
338
340
347
348
352
355
355
355
359
361
363
363
369
369
372
372
373
374
374
374
374
376
383
383
388
388
389
391
393
393
395
396
400
401
403
408
413
414
431
443
449
455
455
457
465
465
465
465
465
465
465
466
468
469
471
485
486
490
491
493
496
496
498
508
523
554
556
556
564
567
567
568
569
571
571
572
575
578
584
584
587
589
590
590
593
597
601
602
602
602
602
602
602
602
602
602
608
611
611
611
619
619
620
622
623
623
623
624
625
625
626
627
627
628
630
632
632
634
637
639
646
678
691
691
692
699
704
707
710
731
731
733
733
734
737
741
742
748
748
755
756
763
767
770
773
775
776
778
782
782
782
786
788
794
799
799
799
800
802
803
804
806
807
824
832
837
837
838
852
854
857
857
858
896
955
959
991
991
1011
1020
1020
1104
1108
1124
1144
1150
1150
1155
