2
4
5
5
5
6
6
7
8
12
13
14
16
16
17
18
18
19
21
21
22
22
22
22
22
23
23
24
24
25
26
28
28
30
31
31
31
32
32
32
32
32
32
32
33
33
34
34
34
34
35
35
35
35
38
38
38
38
38
38
38
38
38
38
39
39
39
40
40
40
41
41
42
43
43
43
43
43
46
46
51
51
51
51
52
53
53
54
55
55
55
55
57
58
59
59
59
59
59
60
60
64
64
65
65
65
65
65
65
65
65
66
66
66
67
67
71
73
76
77
77
79
79
79
80
80
80
80
80
80
80
80
80
80
80
81
81
81
81
81
81
81
81
81
81
81
81
81
81
81
81
81
81
82
84
85
86
86
86
86
86
86
86
86
86
87
87
87
87
87
87
87
87
87
87
87
87
87
87
87
87
88
88
88
88
88
88
88
88
88
88
89
89
89
89
89
89
89
89
89
89
89
90
90
91
91
91
91
91
91
92
94
94
94
95
95
95
95
95
95
95
95
96
96
96
100
100
101
101
102
103
103
103
103
103
103
103
104
104
104
110
121
121
121
121
121
121
121
121
121
121
121
121
121
121
121
122
122
122
122
122
123
123
123
124
124
125
125
125
125
125
125
125
126
126
126
129
129
129
129
129
130
130
130
130
130
131
134
141
143
145
150
153
157
157
157
158
158
162
174
181
182
184
186
186
189
190
200
202
209
215
218
218
218
218
220
222
236
240
250
253
253
253
253
253
253
254
259
265
278
288
290
291
293
293
298
299
300
301
303
311
316
330
334
336
340
342
342
342
343
345
357
358
360
361
361
365
365
365
365
365
365
365
365
365
376
378
386
412
416
417
420
427
429
435
437
442
449
453
453
455
456
463
467
471
479
479
480
486
487
487
487
488
488
489
489
489
489
489
490
490
490
490
490
491
491
492
492
492
492
493
493
494
497
497
498
499
500
506
506
506
509
509
510
510
512
513
515
529
529
529
529
529
530
531
533
537
540
549
550
554
558
561
563
567
568
568
575
576
581
584
591
593
593
598
598
600
604
615
646
646
646
650
650
650
653
663
674
675
677
681
692
695
738
739
739
739
741
741
746
746
751
753
755
762
765
769
770
779
781
782
784
786
788
797
799
799
806
809
811
816
818
820
829
834
835
837
852
852
852
864
864
864
865
868
880
881
882
900
904
917
917
917
920
942
943
945
950
950
959
980
981
981
981
981
981
981
984
992
1012
1023
1033
1035
1058
1090
1095
1119
1123
1125
1126
1136
1142
1150
1151
1154
1162
1164
1166
1168
1169
1171
1173
1177
1177
1180
1183
1188
1190
1192
1192
1197
1198
1203
1215
1219
1245
1251
1278
1281
1281
1294
1297
1297
1298
1319
1319
