1
3
5
6
8
9
12
13
13
15
16
18
19
19
20
22
22
22
22
24
24
24
25
26
26
27
28
29
29
30
31
31
32
32
34
36
37
38
38
38
39
40
40
43
43
43
43
43
43
43
43
45
45
47
52
53
54
55
59
59
61
62
64
64
64
65
65
66
67
68
69
70
70
70
70
72
72
72
72
75
77
79
82
82
82
82
82
82
82
82
82
82
82
82
83
83
83
83
83
83
83
83
84
84
84
85
85
85
85
85
85
85
85
85
85
86
86
86
86
86
86
87
87
87
87
87
87
87
87
87
87
87
92
93
110
112
118
122
122
122
124
128
128
128
131
132
132
132
135
135
135
135
135
135
135
135
135
135
140
140
140
140
141
141
141
151
154
156
169
171
174
175
176
176
176
178
178
180
181
184
185
186
188
196
196
199
201
206
215
216
218
222
223
225
226
226
226
227
228
235
237
241
241
241
241
242
242
243
243
243
243
243
244
245
246
246
246
249
254
255
255
261
268
268
269
269
269
269
269
269
269
269
269
270
270
270
270
270
270
270
270
270
270
270
270
270
270
270
270
270
271
271
271
271
271
272
272
273
273
274
274
274
274
274
274
274
274
274
275
275
275
276
276
278
278
279
280
280
280
280
280
280
280
282
283
293
293
293
293
293
293
293
293
293
293
297
297
299
299
299
299
299
300
300
300
300
301
320
321
322
324
324
324
324
325
328
328
330
330
330
330
330
331
335
335
335
339
342
354
354
354
355
355
355
355
355
355
355
355
355
355
355
355
355
355
355
355
355
355
355
355
356
356
356
356
356
356
356
356
356
356
356
356
356
356
356
356
356
362
366
367
367
367
368
370
370
370
375
375
378
378
378
380
387
396
397
397
397
399
400
401
406
406
414
418
425
431
434
436
439
440
440
440
440
446
449
450
453
454
465
465
466
466
469
470
472
476
478
482
483
486
491
492
492
498
501
503
504
507
509
514
515
515
518
520
524
530
531
531
533
536
540
545
547
548
553
553
553
557
561
561
565
566
568
569
574
576
577
579
585
592
593
595
596
597
597
601
602
602
603
604
604
605
605
607
608
609
612
619
622
624
625
628
631
632
632
633
635
640
641
643
647
651
653
662
670
721
730
732
733
733
734
750
752
752
753
753
754
754
754
754
760
760
762
771
772
775
778
782
795
800
863
870
874
891
892
896
904
908
912
913
920
944
944
944
946
957
961
962
964
970
971
971
976
982
983
983
984
984
991
998
998
1006
1006
1006
1010
1011
1012
1017
1019
1024
1025
1033
1036
1038
1044
1123
1161
1162
1168
1169
1174
1209
1226
1226
1237
1241
1268
1269
1309
1324
1324
1338
1349
1350
1350
