2
2
5
5
6
7
7
9
9
10
12
14
14
15
15
16
18
20
20
20
20
20
20
20
20
20
21
21
22
24
24
25
25
26
27
27
27
27
28
28
28
31
32
34
34
34
35
35
35
35
36
36
36
36
36
36
37
37
37
37
38
38
41
41
41
41
42
42
42
42
43
43
43
43
43
43
44
44
49
49
49
49
49
49
51
51
51
51
51
51
51
51
51
51
51
51
51
51
51
51
51
51
51
51
51
56
57
58
58
58
58
58
58
58
59
59
59
59
59
59
59
59
59
59
59
59
59
59
59
59
59
59
59
59
60
60
60
60
60
60
60
60
61
61
61
61
61
61
62
65
66
70
71
71
72
73
76
78
84
85
89
93
93
93
93
94
94
94
94
94
95
95
95
99
103
107
112
113
113
113
113
113
113
113
113
113
114
114
114
114
114
114
114
114
114
114
114
114
117
117
124
125
125
125
125
126
127
131
133
134
136
139
140
140
140
142
146
147
147
149
151
151
151
151
151
151
153
170
170
170
171
171
172
173
173
174
175
175
175
176
177
177
178
179
181
184
185
191
192
197
199
205
205
206
207
208
210
210
210
210
214
216
217
218
218
218
218
219
219
219
219
219
219
219
219
220
220
221
222
222
222
223
224
224
226
227
227
227
227
228
231
231
232
233
235
235
236
237
237
237
238
240
241
242
243
244
244
252
259
260
263
265
266
266
267
269
269
270
271
271
273
273
273
274
274
274
277
280
285
288
290
293
294
295
299
300
303
303
303
304
307
307
309
309
309
309
309
309
310
313
314
314
315
315
317
317
318
319
338
347
349
354
358
359
359
363
365
372
372
384
387
388
389
391
391
392
392
396
401
408
408
412
413
414
414
414
414
415
416
418
419
420
431
435
435
439
444
453
454
459
464
469
474
480
482
482
482
482
482
482
488
488
489
495
498
499
509
511
512
516
517
518
532
532
536
546
551
552
553
555
557
558
563
565
565
565
565
565
566
567
569
574
584
584
585
585
586
601
604
605
605
606
606
612
619
622
624
631
631
631
631
651
655
656
668
675
676
680
683
683
683
689
689
690
696
697
709
711
733
737
747
749
749
753
766
767
767
774
782
784
788
798
805
812
828
830
836
839
845
849
855
861
864
864
867
867
873
887
887
887
893
893
893
893
893
893
893
893
893
893
894
894
894
894
894
894
894
894
894
894
898
901
901
904
904
904
904
904
904
904
904
904
904
904
904
904
904
904
904
904
904
904
904
904
905
905
905
905
905
905
905
909
910
910
916
916
917
917
917
917
917
917
917
917
917
917
917
920
922
927
928
928
934
939
941
941
941
941
