1
2
4
6
6
6
7
7
10
10
12
12
13
13
13
13
13
13
14
14
14
14
14
14
14
14
15
16
17
18
18
18
18
19
19
19
21
21
21
21
21
22
22
22
22
22
22
23
23
24
24
24
25
25
25
26
27
27
27
27
27
27
27
27
28
30
31
31
32
34
35
36
38
38
40
40
41
42
42
42
46
46
47
48
48
48
48
49
50
50
52
53
54
54
54
54
54
54
54
54
54
54
55
55
55
55
55
55
55
55
55
55
55
55
55
55
55
55
56
56
56
56
57
57
57
58
58
58
59
59
59
59
59
59
59
59
59
59
60
60
60
60
61
61
62
62
62
62
62
62
62
62
62
62
62
62
62
62
62
62
63
63
63
63
63
63
63
63
63
63
63
63
63
63
64
64
64
64
64
64
64
64
64
64
64
64
64
64
64
64
64
64
65
65
65
65
65
65
65
65
65
65
65
66
66
66
66
66
66
66
66
66
66
66
66
66
67
67
67
67
67
67
67
67
67
67
67
67
67
67
67
68
68
68
68
68
68
68
68
68
68
69
69
71
71
71
71
71
71
71
71
71
71
72
72
72
72
72
72
72
75
75
76
76
76
76
76
76
76
76
77
77
79
79
81
81
82
82
82
82
82
82
83
83
83
83
83
83
83
83
83
83
83
83
84
84
84
85
85
89
91
91
93
94
98
98
100
101
104
106
108
109
110
110
111
113
116
119
120
124
132
133
137
142
145
171
177
181
182
195
196
200
204
204
204
205
208
211
216
216
216
216
216
217
217
220
220
220
221
235
241
244
244
245
264
267
274
275
277
281
283
284
286
289
290
290
290
290
292
294
295
295
296
299
301
301
301
302
302
302
302
302
302
302
302
302
302
305
318
325
325
326
328
329
332
337
337
343
344
344
345
348
355
359
360
360
360
367
369
369
369
369
369
370
370
372
372
372
372
373
373
374
376
376
376
377
377
377
378
384
384
392
393
394
394
397
400
402
403
405
405
405
407
409
409
411
412
421
422
432
436
437
437
441
442
449
451
452
453
454
455
455
455
455
455
456
456
456
456
458
469
476
477
478
478
478
478
478
478
479
488
497
507
508
509
509
511
512
519
520
523
523
529
534
536
539
546
553
555
561
567
576
577
577
578
586
587
589
594
594
595
599
599
608
609
615
615
616
617
628
633
634
634
635
637
640
641
642
642
645
645
649
654
662
669
670
672
673
683
691
699
700
708
710
721
721
728
731
732
735
736
737
737
749
759
762
765
773
779
784
806
815
826
827
841
842
842
842
847
856
857
860
863
866
871
874
877
882
904
905
914
917
917
917
917
918
