2
3
4
5
6
6
7
8
9
10
11
12
12
13
14
14
14
14
15
16
17
17
18
18
19
19
20
20
20
21
23
23
23
23
23
23
25
25
25
26
26
27
27
27
27
28
28
28
28
29
30
30
30
30
32
32
32
32
32
33
33
33
35
37
37
37
38
38
38
38
38
39
39
39
39
39
39
39
39
39
39
39
39
39
39
40
40
40
40
40
40
42
43
44
44
44
46
46
46
46
46
46
46
46
46
46
46
46
46
46
46
46
47
47
47
47
47
47
48
48
49
49
50
50
50
53
55
55
56
56
57
58
58
58
58
58
58
58
58
58
59
59
59
62
64
65
71
71
71
71
71
72
72
72
72
72
74
75
75
75
78
85
87
90
91
92
92
94
95
104
105
105
111
111
113
114
115
115
115
115
115
115
115
115
115
116
116
116
116
116
116
118
125
126
129
130
131
134
134
134
136
137
138
139
140
145
146
148
149
149
149
149
149
149
149
153
154
154
155
156
157
158
160
160
160
161
163
164
166
168
168
170
173
173
174
176
177
177
177
177
177
177
180
180
181
182
182
182
182
182
183
183
185
185
185
185
185
185
185
185
185
186
186
187
188
188
195
195
197
198
201
204
204
212
213
217
217
220
230
234
235
238
240
242
243
244
244
245
246
247
247
247
247
247
247
247
247
247
247
247
247
247
247
247
247
247
247
247
248
248
251
253
253
253
253
253
253
253
254
254
254
254
254
254
254
254
254
254
254
255
255
256
256
257
257
257
257
257
257
257
257
257
257
257
257
257
258
258
258
258
258
258
258
258
259
259
260
260
261
261
261
261
261
262
262
262
262
262
262
262
262
262
262
262
262
263
264
264
265
265
265
266
266
266
266
267
267
267
267
267
267
267
267
267
267
267
267
267
267
267
267
267
268
268
268
268
268
268
268
268
268
272
272
273
273
273
273
273
273
273
273
273
273
273
273
273
274
274
274
274
275
275
275
275
275
275
275
277
277
277
279
280
280
280
280
280
280
280
280
280
280
280
281
285
286
286
288
294
298
302
302
302
302
303
305
305
306
306
309
310
311
312
312
313
315
315
316
316
317
317
317
318
318
321
322
328
328
334
334
335
336
338
339
340
343
345
346
348
349
350
352
356
359
366
369
369
373
373
373
376
377
377
379
381
381
382
383
387
388
388
393
394
395
398
401
401
402
403
408
418
429
430
430
432
435
437
439
439
440
441
441
441
445
446
448
451
451
453
453
453
454
454
456
457
460
462
465
467
470
472
474
493
502
509
519
520
533
558
563
571
584
600
607
618
643
652
657
660
661
671
681
681
683
691
693
