2
2
5
7
7
7
8
10
13
13
15
15
18
19
20
20
22
23
23
23
23
23
23
23
23
23
23
23
24
25
25
25
25
25
25
26
26
27
27
27
27
27
27
28
29
29
31
32
32
32
32
32
33
34
34
34
34
34
34
35
35
36
36
38
38
38
38
38
38
38
38
38
39
39
42
44
46
46
50
50
52
53
54
54
55
55
55
55
55
55
55
55
55
55
56
56
56
57
60
60
61
61
61
61
61
61
61
61
62
62
62
62
62
62
62
62
62
62
62
62
62
62
62
62
62
62
62
62
62
62
62
63
63
63
63
63
63
63
63
63
64
64
64
64
64
64
64
64
65
65
65
65
65
65
65
66
69
72
73
74
74
74
77
77
77
77
77
77
77
77
77
77
77
77
78
78
78
78
78
80
81
82
82
82
82
82
82
82
83
83
83
83
83
83
83
83
83
85
87
94
94
95
95
96
98
99
100
104
105
105
105
105
105
105
105
105
105
105
105
106
108
108
110
110
111
116
117
117
117
117
117
117
117
117
117
117
117
117
118
121
123
130
130
130
130
130
131
139
139
139
144
156
157
158
159
160
160
160
164
164
168
168
169
169
169
170
171
173
173
174
174
174
177
178
178
183
186
186
186
186
186
186
186
186
186
186
186
186
186
187
187
187
187
187
187
187
187
187
187
187
187
187
187
187
187
187
188
192
192
192
192
192
192
193
193
194
199
200
201
210
210
215
216
216
216
217
218
219
220
221
225
226
228
228
228
228
228
228
230
233
233
233
233
233
235
239
239
241
243
244
247
247
253
258
258
258
258
258
259
259
259
259
259
259
263
263
266
266
267
267
267
267
267
267
271
272
273
274
275
275
276
276
278
280
281
283
283
283
285
286
287
288
288
288
292
292
293
294
294
294
298
301
303
311
313
313
313
313
313
313
313
313
313
317
318
318
324
330
332
337
342
357
361
362
362
362
363
363
364
369
369
369
369
369
370
370
372
372
377
379
382
384
390
392
394
394
394
404
407
417
419
420
422
426
426
428
429
429
430
432
432
436
437
437
437
437
440
445
446
450
454
455
457
458
460
465
469
470
471
471
471
474
478
479
482
483
485
488
490
490
493
496
504
504
506
508
510
515
518
518
518
522
527
527
535
535
539
544
549
551
555
562
578
579
589
596
597
598
601
604
605
614
617
619
619
624
624
624
644
650
662
672
678
686
686
687
691
695
697
699
705
719
719
721
726
735
746
751
752
753
758
761
764
769
770
772
777
793
803
837
840
866
882
886
889
901
901
915
915
916
917
921
939
940
942
944
945
947
948
953
960
960
962
967
969
