2
2
4
8
9
9
11
13
15
15
16
17
19
19
19
20
20
20
20
20
20
20
23
25
26
27
27
30
31
31
31
31
32
32
35
41
44
45
47
48
48
48
48
48
48
48
48
48
48
48
48
48
48
48
48
48
48
48
48
48
54
54
54
54
54
54
54
54
55
55
55
55
55
55
55
55
55
55
55
55
55
55
55
55
55
55
55
55
55
55
55
56
56
56
56
56
56
56
56
56
56
60
67
69
70
70
70
73
74
75
75
75
75
75
75
75
75
75
75
75
75
75
75
75
75
75
75
76
78
81
82
82
82
82
83
83
83
83
84
84
86
86
86
86
86
86
86
86
86
86
86
86
86
86
87
89
89
89
90
90
90
90
90
90
90
90
90
90
90
90
90
91
91
91
91
91
91
91
92
92
93
95
103
105
106
106
107
107
107
108
108
108
108
108
108
108
108
108
108
108
108
108
108
108
108
109
109
109
109
109
115
115
116
116
116
116
116
116
116
127
128
129
131
136
136
136
136
137
137
138
138
139
139
139
139
140
141
142
160
161
162
162
163
163
163
164
167
172
172
172
173
173
177
179
180
185
188
188
188
189
189
189
189
189
191
192
193
194
194
194
194
195
195
195
205
206
212
213
214
215
215
215
216
217
220
220
220
222
228
232
234
237
239
243
248
248
249
252
253
253
256
258
262
263
268
273
281
291
291
298
301
302
305
305
308
310
311
312
314
328
330
330
339
340
340
340
340
340
341
341
341
341
341
341
341
341
341
341
341
342
342
343
347
348
349
349
350
353
354
354
354
356
358
360
360
360
360
360
360
360
360
362
364
364
364
364
366
367
368
368
368
368
368
368
381
384
392
394
395
396
407
408
408
409
411
412
413
416
421
421
421
421
421
421
421
421
421
421
426
426
427
436
437
479
480
481
488
488
494
511
511
516
518
521
522
523
526
527
527
528
531
535
540
542
557
557
559
561
565
565
565
566
569
569
573
595
602
619
622
628
629
631
633
634
635
639
639
644
644
644
644
648
651
655
669
669
672
679
679
687
728
740
744
746
746
746
752
752
752
753
757
763
764
765
771
772
777
778
786
788
788
790
790
812
829
838
839
840
840
844
844
846
847
856
856
863
866
869
869
870
881
884
888
895
902
913
916
916
919
933
950
956
969
971
987
990
995
1011
1016
1037
1046
1048
1053
1064
1076
1087
1090
1093
1093
1097
1100
1101
1103
1108
1113
1114
1122
1123
1125
1126
1128
1134
1134
1135
1139
1144
1144
1148
1148
1174
1175
1203
1206
1209
1211
1231
1280
1281
1296
1305
1333
1406
1406
1409
1412
1420
1546
1580
1591
1620
1628
1649
1650
1683
1701
1713
1724
1728
1734
1825
1834
1848
1855
1872
1911
1912
