2
4
5
9
10
11
11
15
16
23
23
24
24
24
25
25
25
25
25
25
25
25
30
33
33
33
34
34
34
34
38
39
39
40
48
49
52
52
53
53
53
53
53
54
60
67
70
71
72
75
77
77
77
77
78
78
82
90
91
91
92
92
92
92
92
92
92
92
92
92
92
92
92
93
93
93
94
95
95
95
95
96
96
96
96
96
97
97
97
98
98
98
98
98
98
98
98
98
98
99
99
99
99
99
99
99
99
99
99
99
100
100
101
101
101
101
102
102
102
102
102
102
102
102
102
103
103
103
103
103
103
103
104
104
104
104
104
104
105
105
105
105
105
105
106
106
106
106
106
106
107
107
108
108
108
108
108
108
108
108
108
108
108
108
108
108
109
109
110
110
110
110
111
111
111
111
111
111
111
111
111
111
111
111
111
111
112
112
112
112
115
115
115
115
115
115
115
115
115
115
115
116
116
116
116
116
116
116
116
116
116
116
116
116
116
117
117
118
118
118
118
120
123
124
126
126
126
126
127
127
130
130
130
137
137
138
140
144
148
148
148
159
162
166
194
196
202
208
212
218
218
219
221
221
222
223
223
225
231
234
235
237
238
247
249
251
252
255
256
261
262
275
276
277
280
281
282
286
286
293
296
297
297
297
298
301
302
302
308
321
333
339
339
345
351
351
357
358
358
360
361
366
369
375
376
376
376
376
381
381
381
381
381
382
382
382
391
391
401
403
406
406
407
407
407
407
407
407
407
417
426
439
440
443
452
452
452
469
474
480
485
490
491
493
506
507
517
518
522
525
532
536
536
546
551
552
559
559
566
576
589
591
591
591
620
638
649
661
671
679
681
681
685
686
689
694
698
698
700
709
719
720
720
727
730
730
731
737
741
749
754
756
767
769
777
778
786
786
786
786
790
791
791
791
791
791
791
791
791
791
793
802
805
824
824
829
834
838
839
841
848
857
880
882
882
896
897
899
904
914
930
930
941
944
946
951
951
951
951
953
953
953
953
954
957
957
957
959
959
960
960
961
962
962
963
964
964
964
964
966
966
966
966
967
967
967
967
967
969
977
978
978
979
986
1016
1048
1051
1085
1093
1093
1103
1108
1119
1120
1130
1146
1147
1147
1147
1153
1155
1157
1158
1158
1161
1169
1171
1178
1193
1263
1282
1288
1297
1297
1310
1347
1362
1368
1380
1380
1383
1390
1391
1391
1394
1395
1395
1396
1396
1402
1402
1407
1408
1413
1420
1441
1446
1452
1453
1455
1458
1464
1467
1472
1476
1487
1502
1523
1526
1526
1527
1527
1538
1568
1570
1574
1576
1579
1584
1591
1649
1650
1670
1676
1719
1771
1782
1803
1806
1876
1887
1962
1982
1982
1982
1982
1982
1983
1984
1989
2062
2062
2062
2062
2063
2069
2078
2079
2090
2090
2118
2196
2209
2401
2408
