1
2
5
5
6
6
8
10
10
12
13
14
16
18
19
19
19
19
19
20
20
20
20
20
20
20
20
20
21
21
23
23
24
24
24
24
24
26
27
27
27
27
28
28
28
28
28
28
28
28
29
29
29
29
29
29
29
29
29
31
31
31
31
32
33
33
33
33
34
34
35
36
36
37
37
38
39
39
39
40
40
41
41
41
41
41
41
42
42
43
43
44
47
48
48
48
48
48
48
48
48
48
48
48
48
48
48
48
51
51
53
54
54
55
55
55
55
55
55
55
55
55
55
55
55
55
55
55
55
55
55
55
55
55
55
55
56
56
56
57
58
58
58
58
58
58
58
58
58
58
58
58
59
60
60
60
60
60
60
60
60
60
60
60
60
60
60
61
61
61
61
62
63
63
63
63
63
67
67
67
67
68
71
72
73
76
76
76
79
79
80
81
81
81
82
83
83
83
83
84
85
86
86
86
86
86
86
86
86
86
86
86
86
86
86
86
86
86
87
87
87
87
87
88
88
88
88
88
88
88
88
88
88
88
88
88
88
88
88
89
89
89
89
89
89
89
90
90
90
90
91
91
92
92
93
93
93
93
94
94
94
94
94
95
96
96
96
96
96
97
97
97
97
97
97
97
97
97
97
97
97
97
97
97
97
97
98
98
98
98
98
98
98
98
98
98
98
98
99
101
101
101
101
102
102
103
103
103
104
104
107
107
108
108
109
109
112
121
124
126
126
128
133
133
133
133
133
133
134
134
135
135
136
136
137
137
140
141
142
142
142
142
142
142
145
148
148
149
150
151
151
151
155
155
155
156
156
157
161
161
162
164
166
168
172
174
175
177
179
181
183
185
189
191
191
191
191
192
192
192
192
192
192
192
193
197
197
198
198
198
198
199
199
209
210
211
213
214
218
220
224
226
229
235
236
240
245
248
249
255
257
257
257
261
269
269
271
271
272
272
274
274
281
281
281
282
284
284
287
290
291
291
292
296
299
299
299
303
303
304
310
316
316
317
318
320
321
324
326
327
331
333
334
343
343
344
371
371
371
371
381
383
388
389
393
395
408
410
411
411
414
415
416
419
419
421
423
424
426
429
430
430
431
431
431
433
435
435
437
438
439
440
442
443
446
448
453
463
465
467
467
470
475
476
477
479
480
483
495
496
498
500
501
501
508
522
523
527
529
542
546
546
555
577
582
582
586
588
588
588
597
614
630
630
631
634
635
638
642
666
671
675
681
685
695
709
731
739
773
775
778
789
790
800
801
802
804
804
806
812
814
815
819
884
886
901
905
906
906
912
917
920
921
931
934
934
937
940
954
955
990
992
994
998
1013
