2
2
6
6
6
6
6
8
8
11
13
13
13
14
15
15
15
17
17
19
20
22
23
23
23
23
24
24
25
25
25
25
28
28
29
29
29
30
30
30
30
31
31
32
32
33
33
33
34
35
36
36
37
37
37
37
39
39
40
41
41
42
42
42
44
46
46
47
48
49
51
51
52
52
52
54
55
55
56
57
58
59
59
59
60
60
60
60
61
61
61
62
63
64
64
65
65
65
65
65
65
65
65
65
65
65
65
65
65
65
65
65
65
65
66
66
66
66
66
66
68
69
69
69
69
72
73
73
74
75
77
78
79
81
83
85
86
87
87
87
87
87
87
87
87
87
87
88
90
92
92
92
94
94
94
94
94
94
94
94
94
94
94
94
94
94
94
94
94
94
94
94
94
94
94
94
94
94
95
95
95
95
95
95
95
95
95
95
95
95
95
95
95
95
95
96
96
96
96
99
99
99
99
99
99
99
99
99
100
100
100
100
100
100
100
100
100
100
100
100
100
100
100
101
101
101
101
101
101
101
101
101
101
102
102
102
102
102
102
102
102
102
102
103
103
103
103
103
106
106
109
110
112
114
114
114
114
114
114
114
114
114
114
114
114
114
114
114
115
115
115
115
115
115
115
115
115
115
115
116
116
116
116
116
116
116
116
117
117
117
118
120
121
128
129
129
129
131
131
133
134
140
141
142
143
145
145
149
150
152
154
156
157
158
169
169
175
176
177
177
178
180
189
189
189
189
190
192
195
200
200
201
202
204
213
216
216
225
235
236
241
242
242
242
243
245
245
250
255
258
260
261
274
274
284
285
285
286
286
286
292
293
293
293
293
293
294
294
294
294
294
294
294
295
299
299
299
299
303
303
303
303
304
308
308
308
308
308
309
309
315
315
316
317
318
326
326
327
329
329
330
338
341
346
346
348
355
362
363
367
370
373
377
379
379
379
394
397
406
407
418
418
424
425
426
427
427
427
427
427
427
430
433
443
460
461
466
471
471
473
474
474
474
474
474
474
475
481
481
481
497
505
510
512
516
516
519
521
537
545
550
551
551
555
556
563
570
571
571
571
571
571
571
571
571
571
572
572
572
579
582
582
582
587
587
590
592
593
594
599
600
602
609
615
640
673
682
696
710
718
720
722
723
729
733
737
745
746
746
750
756
767
769
773
779
839
851
852
861
863
864
865
865
867
869
870
874
890
893
897
903
904
908
909
913
920
920
933
965
982
985
986
997
1008
1066
1071
1071
1071
1072
1075
1077
1080
1080
1081
1081
1082
1092
1094
1095
1096
1100
1101
1105
1114
1119
1119
1120
1120
1121
1122
1131
1136
1144
1146
1153
1157
1181
1225
1233
1237
1240
1240
1241
1250
1253
1253
