2
2
4
5
7
7
7
7
9
9
10
14
16
16
16
17
17
18
18
18
19
20
20
20
20
20
21
22
24
25
25
25
25
25
25
25
25
26
26
26
27
27
28
28
28
28
28
28
29
30
30
30
30
30
31
32
32
34
36
36
36
37
39
39
40
41
42
42
42
43
43
44
44
44
44
45
46
49
49
49
49
49
49
49
51
52
53
54
54
54
54
54
55
55
55
55
55
55
55
55
55
55
55
55
55
55
55
55
55
55
55
55
55
56
56
56
56
56
56
56
56
56
56
56
56
57
58
58
58
58
58
58
58
59
59
60
60
60
60
61
62
62
64
65
69
69
71
71
71
75
76
79
80
81
82
87
87
90
93
95
95
95
96
97
98
98
98
98
99
100
101
102
102
103
103
103
103
103
103
103
103
103
103
104
104
104
104
104
104
104
104
104
105
105
105
105
105
105
106
106
106
106
106
106
106
106
106
106
106
106
106
106
106
106
106
106
106
106
106
107
107
107
107
107
108
108
108
108
108
108
108
108
108
109
109
109
109
109
109
111
111
111
119
121
121
121
122
122
126
126
128
130
130
130
130
130
130
131
132
132
132
133
133
133
133
133
133
133
133
133
133
133
133
133
133
133
133
134
134
134
134
134
135
136
136
136
136
136
136
136
137
137
139
142
142
144
147
150
151
151
152
152
152
152
152
152
156
160
162
165
165
168
179
184
187
192
192
193
194
195
195
206
219
219
219
219
219
219
226
230
236
238
238
239
239
239
240
240
240
240
241
241
244
244
245
247
247
247
248
250
252
257
262
262
262
264
266
268
268
269
270
270
276
277
279
280
280
281
281
281
281
281
281
281
281
281
281
281
281
281
281
282
282
282
282
282
282
283
287
288
290
290
293
294
294
295
295
295
296
300
306
307
307
312
317
319
325
340
341
351
355
356
360
364
365
365
367
373
375
375
375
377
379
379
385
388
388
389
393
394
397
398
398
400
402
402
403
411
416
416
421
421
421
422
422
423
426
432
434
449
452
456
458
458
466
466
467
469
475
476
477
477
477
477
477
477
477
477
478
478
478
478
478
478
478
478
480
485
485
493
495
496
497
503
503
508
510
512
513
515
522
522
523
523
523
525
530
530
530
535
547
565
568
571
576
592
600
623
629
634
639
640
642
651
662
683
685
687
693
702
717
719
728
740
746
747
747
752
757
758
763
782
807
862
882
904
916
918
923
923
925
931
931
935
940
978
978
982
986
991
991
992
993
993
993
994
995
995
1003
1004
1004
1005
1005
1012
1018
1019
1022
1023
1023
1025
1026
1028
1028
1028
1028
1073
1096
1123
1124
1128
1128
1130
1152
1152
1182
