1
3
5
6
7
8
8
8
9
9
13
13
14
16
16
17
17
17
17
17
19
19
20
20
20
22
22
22
22
22
23
24
25
25
25
25
25
25
26
26
26
26
26
26
27
27
27
28
28
28
29
30
30
31
31
32
32
32
32
32
32
32
32
33
33
34
35
36
36
37
37
37
39
40
40
40
40
40
41
42
43
46
47
49
49
49
49
49
49
49
50
50
50
50
50
51
53
55
56
57
59
59
60
60
60
60
60
60
63
63
63
64
64
64
64
64
64
64
65
66
66
69
69
69
69
69
69
69
69
69
69
69
69
70
70
70
70
70
70
70
70
70
70
70
70
70
71
72
72
72
73
74
75
78
78
78
79
79
80
80
80
80
80
80
80
80
80
80
80
80
80
80
80
80
81
81
81
81
81
81
81
81
81
81
81
81
82
82
82
82
82
82
82
82
82
82
83
83
83
83
83
86
86
87
87
87
87
87
87
87
87
87
87
87
87
88
89
90
90
90
91
91
92
92
93
94
95
95
95
95
96
96
97
97
101
102
104
104
104
105
106
106
106
106
106
106
107
107
107
107
107
107
107
107
107
107
107
107
107
107
107
107
107
107
107
107
108
108
108
108
108
108
108
108
108
109
109
109
109
109
109
109
109
110
110
111
111
111
111
111
111
111
111
114
114
114
114
114
114
115
117
117
119
119
119
119
119
120
123
126
126
127
129
129
130
131
133
140
140
145
146
146
147
147
150
150
150
152
152
152
152
152
152
152
153
155
155
156
159
159
159
159
159
159
159
160
164
164
164
164
166
166
166
166
166
166
166
166
167
167
167
167
168
168
169
169
169
169
171
174
175
178
180
181
188
189
197
198
199
200
206
209
214
228
230
237
238
238
243
245
246
247
257
276
284
287
288
288
299
303
308
315
317
327
329
330
331
332
334
334
334
335
335
335
338
341
342
350
350
351
351
351
351
351
351
351
352
356
356
358
360
360
364
366
366
368
371
372
373
373
373
373
373
373
378
379
386
387
391
395
395
405
405
405
405
405
405
405
405
405
405
425
429
431
433
437
444
450
452
455
461
462
471
476
483
484
491
497
499
509
530
546
557
557
557
574
574
575
575
580
580
582
585
587
587
592
592
592
594
595
596
597
608
610
626
629
642
650
666
671
671
677
677
678
687
699
700
701
702
702
702
703
705
708
709
710
713
713
719
720
721
725
735
736
740
743
751
754
756
774
788
795
800
802
821
823
889
890
893
903
905
910
910
917
918
921
927
928
929
929
930
947
947
955
959
967
970
984
987
993
1008
1008
1008
1025
1038
1072
1113
1138
1140
1144
1193
1196
1196
1197
1202
