1
2
4
5
5
6
6
6
9
13
13
13
13
13
13
16
16
20
21
22
22
22
23
23
25
25
29
30
32
32
32
32
32
33
33
33
34
35
37
37
38
38
38
38
42
42
42
42
42
43
44
44
44
44
45
45
45
46
46
47
48
49
49
49
51
51
52
54
55
55
55
55
55
55
55
55
55
55
55
55
55
55
55
55
55
55
56
57
59
59
59
59
59
60
60
60
61
61
62
63
63
64
65
65
65
65
65
65
65
65
65
66
66
66
67
67
67
68
68
68
68
69
70
70
71
72
74
74
74
75
78
78
78
79
79
79
80
80
80
80
80
80
80
80
80
80
80
80
80
81
82
83
83
84
84
84
85
85
85
90
91
92
93
93
93
94
94
94
94
94
94
94
94
94
94
94
95
95
95
95
96
96
97
98
98
98
98
98
98
98
98
98
98
98
99
99
99
99
100
100
100
100
100
100
100
100
101
101
102
102
102
102
103
103
103
103
103
103
103
103
103
103
103
103
103
104
105
106
106
106
107
107
107
107
107
107
107
107
108
108
108
108
108
108
108
108
108
108
108
108
109
110
113
113
113
113
114
114
114
114
115
116
122
123
123
123
123
123
123
123
123
124
124
124
124
124
124
124
124
124
124
124
124
124
124
124
124
124
124
132
132
133
133
133
133
134
134
134
134
134
134
135
135
135
135
135
135
135
135
136
136
142
143
147
148
159
161
162
167
169
174
176
179
184
184
184
189
198
201
203
203
203
203
203
203
204
204
205
206
206
211
211
211
213
215
215
215
216
216
219
220
220
221
223
224
225
226
227
229
230
232
234
234
234
237
237
239
239
240
241
241
241
242
242
242
243
243
244
244
246
246
249
251
256
256
256
258
258
258
258
258
258
259
259
259
259
268
278
279
281
285
287
289
289
290
290
291
292
292
293
295
296
297
307
307
308
311
312
312
313
313
314
314
316
319
319
320
325
325
325
327
327
328
329
330
330
332
333
333
334
335
338
339
341
341
342
347
348
351
351
353
354
357
358
359
366
367
367
368
371
374
377
378
379
385
403
406
406
412
414
426
427
429
440
449
451
451
452
452
454
456
457
458
461
462
463
463
463
463
463
466
466
466
466
484
487
493
534
536
539
539
541
543
546
546
548
549
549
550
551
556
559
559
559
559
560
560
560
560
562
562
563
566
568
568
568
570
586
608
610
618
618
623
625
634
638
638
639
645
645
645
645
645
645
646
655
657
660
669
678
680
683
705
708
711
712
714
721
724
736
744
756
795
808
809
811
813
813
815
820
823
824
824
827
834
835
846
850
899
900
913
916
932
933
936
937
