1
2
5
5
6
6
8
8
10
10
14
16
16
17
17
18
19
19
21
22
23
24
24
25
27
27
27
29
29
29
29
29
29
31
32
32
32
32
32
32
32
32
33
33
33
33
33
33
33
33
34
34
34
34
34
34
36
36
36
36
37
37
38
38
38
39
40
40
40
40
40
40
40
40
40
40
40
40
41
41
41
41
42
43
44
44
44
46
47
47
47
48
48
48
49
49
49
49
50
50
50
51
52
53
53
53
53
54
54
54
54
54
54
54
54
55
55
56
56
57
57
57
57
57
57
57
57
57
57
57
57
57
57
58
58
58
58
59
59
59
60
60
60
61
61
61
61
61
61
61
61
62
62
62
62
62
62
62
62
62
62
62
62
62
62
62
62
62
62
62
62
62
62
62
62
62
62
62
62
62
62
62
62
62
62
62
62
62
62
62
62
62
62
62
63
63
63
63
64
64
64
64
64
64
64
64
64
64
64
64
64
64
64
64
64
64
64
65
65
66
67
67
67
67
67
67
67
67
67
67
68
68
68
69
70
72
73
73
73
73
73
74
74
74
74
74
74
74
75
75
76
78
80
80
80
80
80
81
81
83
86
87
89
89
90
90
92
94
94
95
95
95
95
95
95
97
98
98
99
99
100
103
103
103
104
104
105
106
106
107
109
111
116
117
118
118
118
118
120
122
123
129
129
131
133
134
135
135
135
135
135
135
135
135
136
136
136
137
137
137
137
137
138
140
141
142
143
143
144
144
144
144
144
144
144
144
144
144
144
144
144
144
144
144
145
150
152
152
152
152
152
152
152
152
152
152
152
152
152
152
152
152
152
152
153
153
153
154
154
154
154
154
154
155
155
155
155
155
156
158
162
170
173
173
176
178
180
182
182
185
187
187
191
198
199
202
204
204
205
205
209
215
218
227
228
232
239
248
250
272
279
279
285
285
285
291
292
293
293
296
297
298
300
300
302
309
311
314
315
316
325
327
330
331
332
332
333
334
335
336
336
345
346
349
352
356
364
374
379
393
394
396
401
403
405
405
405
405
406
409
409
410
413
413
414
414
414
414
414
416
419
421
423
423
424
429
431
450
450
455
455
455
458
460
461
467
468
473
489
490
502
503
517
517
522
526
526
527
528
529
530
531
536
537
538
538
538
539
539
540
557
557
558
559
562
572
574
581
581
587
589
593
597
598
606
610
619
626
645
658
659
659
673
678
712
723
742
743
744
746
746
746
746
750
751
760
763
765
765
765
776
778
782
801
803
811
811
814
821
821
821
826
826
826
827
827
827
828
828
828
828
828
828
828
835
838
840
842
845
852
853
854
859
871
886
