2
2
5
5
6
7
7
8
9
11
12
14
18
18
20
21
21
22
22
22
23
23
23
24
24
25
25
25
25
25
25
26
26
26
29
29
32
33
34
34
35
35
35
35
35
35
35
35
36
36
36
36
37
38
38
38
38
39
39
39
40
40
41
41
41
41
41
41
41
41
41
41
41
41
41
41
41
42
42
43
43
43
45
46
46
47
47
48
49
49
51
52
53
54
56
56
56
56
58
59
60
62
62
62
63
63
63
63
63
63
63
64
64
64
64
64
64
64
64
64
64
64
64
64
64
64
64
64
64
64
64
64
64
64
64
64
64
65
65
65
65
66
66
66
66
66
66
67
67
68
69
69
69
69
73
73
73
73
73
73
73
73
73
74
74
74
74
74
74
74
74
74
75
75
75
77
77
78
79
79
80
80
80
80
80
80
80
80
80
81
81
81
81
81
81
81
81
81
81
81
81
81
81
82
82
82
82
82
82
82
82
83
84
84
84
85
85
85
85
85
86
86
88
89
90
91
92
92
92
93
93
93
93
93
93
93
93
93
93
93
93
93
93
94
94
94
94
94
94
95
96
97
97
97
98
100
101
102
104
105
108
108
108
108
108
108
108
108
108
108
108
108
109
109
109
110
111
111
111
111
117
118
121
122
122
122
122
122
122
122
122
122
122
125
127
127
127
128
128
129
129
130
132
134
136
138
138
138
139
139
139
139
140
140
141
143
143
144
145
145
145
145
145
147
148
149
149
149
149
149
149
149
149
149
149
149
149
152
154
157
158
160
162
164
164
164
166
171
171
171
171
172
172
172
172
172
172
172
173
175
180
183
183
186
187
191
192
193
194
195
196
196
198
199
201
202
202
204
205
214
216
220
221
223
227
230
232
234
240
240
241
242
242
242
245
246
250
252
255
256
256
265
265
268
268
268
268
269
277
295
295
296
296
297
297
298
298
298
298
298
299
299
299
300
300
302
305
305
313
315
316
319
321
322
324
328
328
329
329
329
329
329
329
329
329
330
331
336
337
342
347
348
351
361
371
374
379
380
384
384
385
392
395
411
422
428
431
433
444
445
450
465
466
466
466
468
470
473
473
473
475
475
475
476
477
477
478
482
486
486
487
488
490
491
491
493
495
498
502
506
506
513
516
518
524
527
539
541
565
566
570
572
572
573
575
577
578
578
581
581
591
591
591
626
636
637
639
645
646
655
658
666
666
667
667
668
675
677
683
697
698
705
707
707
708
732
741
771
776
778
778
778
779
781
789
789
791
791
792
796
796
801
818
818
819
819
823
825
834
839
845
845
845
849
852
860
860
860
861
870
875
877
905
909
923
924
