1
2
4
5
5
5
6
7
7
9
9
10
12
18
19
20
20
21
22
22
23
23
23
24
24
24
26
26
26
26
26
27
27
28
28
28
28
28
29
29
29
31
31
32
33
33
34
34
34
34
34
34
34
35
35
36
37
37
38
40
40
40
40
40
41
42
43
44
44
44
44
44
44
44
44
44
44
45
45
45
45
45
45
45
45
45
45
45
45
45
45
45
45
45
45
45
45
45
45
45
45
45
45
45
45
45
45
47
48
48
49
49
51
51
51
51
51
51
51
51
51
51
51
52
52
52
52
52
52
52
52
52
52
52
52
52
52
52
52
52
52
52
52
52
52
52
52
52
53
53
53
53
53
54
54
54
55
58
58
58
58
58
58
59
59
61
61
62
62
62
62
62
63
63
64
64
64
64
64
64
64
65
65
65
65
65
65
65
65
65
65
69
70
71
71
73
74
74
74
74
76
80
80
80
81
81
81
81
82
83
83
83
83
87
88
94
95
104
105
107
110
111
113
114
115
115
115
116
116
116
116
116
117
118
118
118
119
120
123
124
127
128
133
134
135
138
140
141
141
142
144
145
145
145
146
147
147
147
150
150
154
155
156
159
169
170
171
173
173
174
176
176
178
178
179
179
179
181
181
182
184
188
189
190
191
191
193
193
194
194
194
194
195
195
196
199
201
203
209
209
210
210
211
212
215
226
233
234
240
244
248
250
251
257
258
259
259
260
261
266
270
272
276
278
281
281
282
286
288
290
290
291
304
316
321
328
329
334
336
337
337
337
337
337
337
337
337
337
337
337
337
337
340
344
344
350
352
352
353
354
354
354
354
354
354
354
355
355
355
355
355
355
360
360
360
361
361
361
361
361
361
361
361
362
362
362
362
362
362
362
362
362
362
362
362
364
364
365
365
365
365
365
365
365
365
365
365
365
365
365
365
366
366
366
366
366
366
366
366
366
366
366
366
366
366
366
369
369
378
378
378
383
383
385
390
390
393
394
394
395
397
397
397
397
400
400
417
427
430
430
431
431
441
442
442
442
443
448
448
449
451
453
454
456
458
461
465
470
471
473
474
474
477
479
482
483
484
486
486
488
490
492
492
493
494
494
494
497
498
500
502
503
503
505
507
514
518
519
519
521
527
532
532
536
538
539
547
551
557
561
562
563
563
565
565
568
573
581
581
581
588
589
592
601
606
607
609
612
619
621
621
624
634
643
648
660
671
687
695
698
698
698
699
702
702
703
706
718
718
719
728
728
728
729
729
730
730
736
737
743
749
754
762
765
766
766
766
766
766
766
767
767
768
768
768
768
768
782
787
801
807
839
844
851
853
856
856
