1
2
4
5
6
7
7
8
9
9
13
15
16
16
16
16
18
18
18
19
19
20
20
20
20
21
21
21
21
21
21
21
22
22
22
24
24
24
24
24
24
24
24
25
25
26
28
29
29
29
29
29
31
31
31
31
31
32
32
33
33
34
34
35
35
37
37
38
39
39
42
43
43
45
45
47
51
52
52
52
53
53
53
53
53
54
54
54
54
54
54
54
55
55
55
56
56
56
56
56
56
56
56
56
56
56
56
56
56
56
56
56
56
56
56
56
56
56
57
57
57
57
57
57
57
57
57
57
58
58
58
58
59
59
59
60
60
60
60
60
60
60
60
60
61
61
61
61
61
61
61
61
61
61
61
61
61
61
61
61
61
61
61
61
61
61
61
62
62
62
62
62
62
62
62
62
62
62
62
62
62
62
62
62
62
62
62
62
62
62
62
63
63
63
63
63
63
63
63
63
63
63
63
63
63
64
65
66
66
66
66
66
67
68
68
68
68
69
69
69
69
69
69
69
69
69
69
70
70
70
70
70
70
70
70
70
70
70
71
71
71
71
72
75
77
85
85
85
86
87
87
88
91
91
91
92
93
93
94
96
96
96
96
97
97
97
102
103
104
105
106
108
110
111
113
115
120
120
121
123
125
125
125
125
126
126
126
126
126
127
128
128
130
133
133
134
139
140
141
141
141
150
152
152
154
155
156
162
167
171
172
173
174
174
176
177
178
182
184
185
186
192
193
196
198
201
202
202
205
211
211
232
244
248
253
254
256
256
257
258
258
258
258
264
265
266
266
267
267
267
268
271
275
275
276
280
281
284
289
294
294
294
294
294
295
295
300
303
310
311
323
325
327
332
333
338
342
345
346
348
351
359
359
359
360
369
370
372
373
373
373
373
373
374
374
391
392
393
395
397
405
405
407
407
407
408
409
410
411
418
421
424
424
427
428
428
431
436
438
440
449
454
454
454
454
454
454
454
455
460
464
467
482
494
495
497
497
498
498
498
498
498
498
499
499
499
499
499
514
517
518
518
518
518
518
520
524
525
529
529
530
530
532
562
570
576
580
581
583
584
586
590
597
597
599
600
601
605
614
615
616
617
623
628
636
639
644
646
653
655
655
657
657
657
659
661
661
661
665
672
708
725
733
737
740
740
746
750
751
751
751
753
754
754
758
759
759
759
764
785
807
807
808
808
823
828
830
831
842
856
874
885
886
891
902
909
910
925
941
958
958
962
967
974
975
978
978
981
989
1025
1034
1044
1046
1053
1069
1075
1078
1099
1103
1110
1117
1118
1121
1123
1125
1127
1129
1131
1131
1140
1171
1179
1194
1231
1254
1261
1262
1282
1285
1285
1291
1293
1296
1296
1313
