2
2
6
9
10
10
11
11
14
16
16
16
17
18
18
19
20
21
21
21
21
21
22
22
22
22
22
24
25
25
25
25
25
25
25
25
26
26
28
28
29
31
32
32
32
32
32
32
32
32
33
33
33
34
34
36
36
36
37
37
38
40
41
41
41
42
42
42
43
44
44
45
46
46
47
47
49
53
54
54
55
59
59
59
61
63
65
65
66
69
70
71
74
75
75
75
77
83
83
83
84
84
86
86
87
87
87
89
90
91
94
94
96
99
101
102
103
107
108
111
111
111
111
112
112
112
113
114
114
115
115
115
115
115
116
117
118
119
123
129
132
132
133
137
138
139
140
140
140
141
141
141
144
145
145
146
148
148
149
149
149
149
150
151
154
156
156
159
162
162
162
162
162
162
168
178
179
179
179
179
179
180
180
180
180
183
184
184
184
184
184
184
184
184
184
184
185
185
185
185
185
185
186
186
186
188
188
190
190
190
190
190
190
190
191
191
191
191
191
191
191
191
191
191
192
192
192
192
192
192
192
192
192
192
192
192
192
192
192
192
192
192
192
192
192
192
192
192
192
192
192
192
192
192
192
192
192
192
192
192
192
192
192
192
192
192
192
192
192
192
192
192
193
194
194
195
195
195
195
195
196
196
196
196
197
197
197
197
197
197
197
197
197
197
197
197
198
198
198
198
198
199
199
199
200
201
202
202
202
202
202
202
202
202
202
202
202
202
202
202
202
202
202
202
202
202
202
202
202
202
202
202
202
202
202
202
202
202
202
202
202
202
203
203
203
203
203
203
205
205
211
219
221
227
228
229
230
230
236
236
236
239
240
240
240
240
240
240
241
241
241
242
242
245
247
248
248
248
248
248
248
249
249
249
253
254
254
254
254
254
254
254
254
254
254
254
254
254
254
254
254
257
269
269
270
270
270
270
270
272
273
273
276
278
280
285
285
285
286
286
286
286
287
287
288
292
294
301
303
305
314
316
316
316
317
319
322
325
326
328
328
334
334
336
337
338
339
339
340
341
341
345
345
345
346
346
346
351
352
356
359
364
376
391
397
397
399
400
401
404
430
432
437
445
445
462
465
467
470
471
471
472
473
474
475
481
483
483
484
491
495
496
497
503
503
503
506
507
512
514
515
519
520
522
522
528
529
530
533
535
537
545
558
568
572
579
583
586
587
591
594
596
597
597
600
602
604
608
618
621
621
624
628
639
665
669
684
688
699
726
736
742
774
776
780
788
788
798
809
819
820
831
840
843
844
857
858
858
861
861
866
866
866
873
879
879
880
880
881
888
893
901
907
910
910
912
912
912
914
920
929
929
942
943
986
