2
2
6
6
8
9
9
9
10
11
11
13
14
14
17
18
19
19
19
19
19
21
21
23
23
25
26
26
27
28
30
30
31
31
31
32
32
32
33
33
33
33
33
35
39
39
40
41
43
43
44
44
44
45
45
45
45
46
46
46
46
48
48
48
48
49
50
50
51
51
52
56
56
56
58
59
60
60
60
61
61
62
63
64
64
64
64
64
64
64
64
64
64
65
65
65
65
65
65
65
65
65
65
65
65
65
65
65
65
65
65
65
65
65
65
65
65
65
65
65
65
65
65
65
66
66
66
66
67
67
67
67
67
67
67
67
67
67
67
68
68
68
69
69
72
73
73
73
73
73
73
73
73
74
74
74
74
74
74
74
74
74
75
75
75
75
75
76
76
76
76
76
76
76
76
76
76
76
76
76
77
77
78
78
81
81
81
81
82
82
82
82
82
82
82
82
84
84
84
84
84
84
84
84
84
84
84
84
84
85
86
88
89
89
89
89
89
89
89
89
89
89
89
89
90
90
90
90
90
90
90
90
90
90
90
90
90
91
92
92
93
94
95
95
99
106
106
106
106
106
106
106
106
106
108
109
110
112
112
112
112
112
112
112
113
113
113
113
113
113
113
113
113
114
114
114
114
114
114
114
114
114
114
117
118
118
118
118
118
119
119
119
119
119
119
119
119
119
119
120
125
133
135
137
138
141
141
142
147
147
150
150
151
156
157
158
158
161
162
162
162
162
162
162
172
173
176
183
183
186
193
193
196
199
202
202
204
206
208
212
219
220
220
220
220
220
220
220
221
221
222
224
226
226
227
227
229
229
230
230
230
231
234
234
234
234
240
240
241
242
244
247
254
257
260
262
262
264
264
268
273
276
277
285
286
287
288
289
289
297
297
299
303
306
308
309
311
313
314
314
315
316
319
319
321
322
336
339
342
343
345
359
359
359
360
360
369
380
380
383
385
388
388
392
405
407
410
420
421
432
437
444
444
445
445
445
447
447
448
449
450
452
461
462
463
504
511
512
515
516
518
518
518
519
524
529
530
531
531
531
533
535
536
536
539
540
540
545
548
548
556
557
561
563
566
566
566
566
570
571
574
579
580
581
581
586
587
592
596
596
597
603
603
603
603
603
603
610
610
614
614
618
623
624
629
632
633
633
638
639
646
646
648
651
672
682
686
689
705
722
723
751
790
845
855
857
863
866
869
869
872
875
877
880
881
881
885
888
889
891
891
894
894
895
895
895
898
900
900
902
903
905
906
906
909
913
921
924
925
927
927
930
934
939
942
951
952
966
968
968
969
979
981
1010
1037
1039
1041
1044
1052
1061
1063
1070
1071
1074
1076
1076
