1
3
4
8
8
9
14
17
21
24
26
26
28
29
29
29
29
30
30
30
30
30
30
30
30
30
30
30
30
30
30
30
30
30
30
31
33
33
36
37
44
44
44
45
45
45
45
46
47
47
48
49
49
49
49
51
55
56
56
56
56
56
56
57
57
57
60
66
67
67
67
67
67
67
67
67
68
68
68
68
68
68
68
68
68
68
68
68
68
68
68
74
74
74
83
84
84
84
84
85
86
86
86
87
89
89
89
90
90
90
90
91
91
92
92
94
95
95
95
95
95
95
95
96
96
106
126
127
127
130
134
151
153
153
156
157
158
158
159
164
164
167
167
167
167
167
167
170
172
172
173
173
174
174
175
176
176
177
177
181
183
183
188
188
189
189
189
191
194
195
201
206
207
208
209
218
218
218
219
219
220
220
220
221
222
224
227
233
233
241
241
241
241
241
241
242
242
242
242
242
242
245
247
258
261
262
263
264
266
267
268
271
271
271
272
272
272
272
272
273
273
273
273
274
278
278
287
298
299
299
299
300
300
300
300
300
300
308
309
310
315
327
328
328
328
330
333
347
347
348
353
356
372
377
383
384
387
391
391
394
395
396
399
403
405
407
411
412
416
436
440
444
466
473
485
488
489
490
493
497
498
500
502
510
513
516
516
516
516
517
517
517
517
517
518
518
518
519
522
526
526
526
526
534
534
537
538
540
543
546
546
546
546
546
546
546
546
546
546
546
546
546
546
546
547
547
547
547
561
561
561
561
561
562
562
562
577
577
577
577
577
577
577
577
577
577
577
577
577
578
581
582
582
583
583
584
584
588
597
603
603
611
613
618
621
621
621
622
622
622
622
622
622
622
622
622
622
622
622
622
622
623
628
629
631
635
636
636
637
637
638
638
638
642
648
649
670
670
672
673
679
681
683
695
697
706
707
713
717
720
720
722
725
731
735
741
742
744
747
753
753
753
753
753
753
753
753
753
753
753
753
753
753
753
753
753
753
753
753
753
754
754
761
761
763
772
780
784
795
804
804
809
810
811
813
817
818
822
824
831
835
836
838
843
843
844
844
850
865
873
876
879
905
914
919
943
980
1036
1042
1048
1066
1067
1070
1073
1073
1084
1090
1096
1097
1111
1113
1117
1119
1119
1120
1124
1126
1130
1132
1137
1144
1149
1149
1150
1150
1151
1161
1161
1166
1166
1167
1186
1187
1188
1194
1203
1203
1203
1215
1222
1223
1224
1228
1235
1245
1251
1255
1256
1264
1273
1276
1283
1284
1284
1289
1294
1299
1303
1318
1325
1332
1353
1357
1363
1363
1365
1368
1369
1378
1389
1406
1528
1532
1561
1563
1570
1571
1577
1585
1587
1589
1591
1603
1604
1627
1627
1627
1639
1639
1642
1648
1682
1699
1703
1742
1745
1749
1768
1771
1781
1959
1959
1969
1977
1979
1979
