2
4
6
7
8
8
14
15
16
18
19
19
19
19
19
20
20
21
21
22
23
24
29
30
30
31
32
35
35
38
39
39
39
40
40
40
41
41
41
43
51
52
52
54
56
57
59
60
61
61
62
69
74
76
76
80
80
81
81
84
84
84
84
84
84
85
90
91
94
94
103
105
108
110
110
110
110
110
110
111
111
111
115
119
120
122
127
132
134
144
144
146
150
150
150
151
151
151
151
151
151
151
152
160
161
162
162
171
172
173
173
174
176
176
176
176
176
176
176
176
179
180
180
180
180
180
180
180
180
180
180
180
180
180
180
180
180
180
180
180
180
180
180
180
180
180
180
180
181
181
181
181
181
181
181
181
181
181
181
181
181
181
181
181
181
181
181
181
181
181
181
181
181
181
181
182
182
182
185
185
185
185
186
186
187
187
187
187
187
187
187
187
187
187
187
187
187
187
187
187
187
187
187
187
187
187
187
188
188
188
188
188
188
189
190
190
190
190
190
190
190
190
190
190
190
190
191
191
191
191
191
191
191
191
191
191
192
192
192
192
192
193
193
193
193
193
193
193
193
193
193
193
193
193
193
193
194
194
194
194
194
194
194
194
196
196
196
199
199
201
201
201
205
210
210
214
215
216
217
218
226
228
231
234
241
241
243
245
245
251
259
260
261
265
266
271
271
277
277
277
277
277
278
285
286
287
290
290
290
290
295
296
296
296
296
297
297
297
297
298
299
301
301
301
301
302
302
302
302
302
303
303
303
303
303
303
308
310
312
314
314
315
315
315
315
316
318
322
322
322
322
322
324
328
334
338
338
339
339
339
342
343
346
353
354
356
360
360
364
369
376
383
395
395
396
401
421
422
427
431
434
434
435
436
436
439
442
442
447
450
452
466
466
467
468
469
471
477
483
486
513
516
523
530
538
547
553
556
569
572
574
584
586
587
601
604
612
612
614
616
616
623
625
627
628
629
629
630
631
632
639
642
644
644
646
646
648
648
649
653
653
653
654
654
654
655
658
658
658
658
658
658
658
658
658
660
661
661
663
667
674
675
675
677
679
679
690
692
692
693
694
694
695
695
698
701
706
726
731
731
731
735
735
735
737
743
743
744
751
751
751
755
755
755
756
756
757
775
775
779
818
818
818
818
825
826
831
834
839
839
839
848
850
860
862
864
866
872
873
877
877
881
883
891
891
891
891
977
992
1031
1056
1057
1072
1080
1080
1111
1112
1114
1118
1123
1125
1126
1133
1150
1164
1165
1171
1176
1185
1195
1213
1228
1231
1236
1246
1248
1250
1251
1256
1257
1259
1261
1261
1266
1285
1290
1291
1291
1291
1291
1291
1291
1291
1291
1341
1342
1348
1351
1374
1374
1379
1382
1391
1398
1411
