1
2
5
5
8
8
11
12
14
15
15
17
17
18
20
21
21
21
21
21
21
21
22
22
24
24
24
25
25
25
25
26
26
26
26
26
26
26
26
26
27
27
27
28
28
28
28
28
29
30
31
31
31
33
33
35
37
38
39
41
42
45
48
55
56
56
56
56
57
58
59
60
60
60
60
60
60
60
61
61
61
61
63
63
64
64
64
64
64
64
65
71
71
71
71
71
71
71
72
72
72
72
72
72
72
72
72
72
72
72
72
72
72
72
73
73
74
75
78
79
80
80
80
80
80
80
80
80
80
80
80
80
80
80
80
80
80
80
80
80
80
80
80
80
80
80
80
80
80
80
80
80
81
81
81
81
81
81
81
81
81
81
81
81
81
81
81
81
81
81
81
81
81
81
81
81
81
81
81
82
82
82
82
82
82
82
82
82
82
82
82
82
83
83
83
83
83
83
83
83
85
85
85
85
86
86
86
86
86
86
86
91
93
94
95
95
95
96
97
97
97
97
97
97
97
97
97
97
98
98
98
98
98
98
98
98
98
98
98
98
98
98
99
99
99
99
99
99
99
99
100
100
100
100
102
104
113
114
115
115
116
118
118
119
119
119
119
126
126
127
129
139
140
141
141
142
146
149
151
155
156
157
165
166
166
166
166
170
173
173
174
176
177
183
185
186
187
192
192
195
196
200
203
204
206
206
206
206
208
208
208
209
211
212
212
212
212
213
214
214
214
214
215
215
215
215
215
219
219
219
220
220
220
221
223
230
230
232
234
237
238
238
239
245
245
246
247
247
251
252
253
253
253
255
257
258
258
258
258
258
258
258
258
258
260
261
262
263
263
264
265
265
265
265
265
265
265
265
268
268
268
271
272
284
288
296
296
296
296
296
296
297
297
297
298
298
298
303
307
307
307
309
310
311
312
312
315
316
318
319
323
324
325
325
327
328
328
328
329
331
331
334
336
347
348
350
352
353
354
358
359
359
360
363
382
382
383
384
384
384
389
390
390
392
394
394
398
398
398
398
398
398
398
398
398
402
420
420
425
425
431
431
434
437
442
443
443
445
459
461
462
468
480
482
485
495
496
500
500
503
509
521
528
532
536
540
540
542
543
554
555
565
574
575
576
576
577
579
585
595
596
605
613
615
615
619
627
628
632
640
641
641
644
653
662
664
668
670
680
681
681
681
682
682
684
689
695
697
698
710
713
714
715
716
718
719
727
730
734
735
748
749
753
755
755
757
757
759
764
782
819
821
859
884
900
901
904
906
909
910
918
924
936
947
948
952
958
960
962
1004
1017
1018
1036
1037
1037
1042
1058
1058
1065
1069
1077
1081
1082
1087
1103
1104
