1
2
8
9
9
10
11
11
12
13
14
16
18
19
20
20
20
22
23
24
26
26
26
28
28
28
28
31
32
32
32
32
33
36
36
37
43
46
51
52
54
54
54
54
54
54
54
54
54
54
54
54
54
54
54
54
54
54
54
55
56
59
60
60
60
60
60
60
60
61
61
61
61
61
61
61
61
61
61
61
61
61
61
61
61
61
61
61
61
61
61
61
61
62
62
62
62
62
62
62
62
62
62
62
62
63
63
66
66
66
66
69
69
71
73
74
75
79
80
81
81
81
81
82
82
82
82
82
82
82
82
82
82
82
82
82
83
83
83
83
83
83
83
85
87
87
89
92
93
93
94
94
94
94
94
94
94
94
94
94
94
94
94
94
94
94
94
94
94
94
94
94
94
94
94
94
94
94
94
94
94
94
94
94
94
94
94
94
94
94
95
95
95
96
96
96
97
97
98
98
98
99
99
99
99
99
99
99
99
99
99
99
100
100
100
100
100
100
100
100
100
100
101
101
101
105
106
107
108
108
114
116
117
117
117
117
117
118
119
119
122
122
124
124
129
132
132
133
148
150
158
165
177
177
177
177
177
178
178
178
178
178
183
183
186
188
193
196
238
239
247
261
261
261
268
268
275
275
275
279
283
283
283
295
297
300
300
300
300
300
302
302
302
302
302
302
302
303
303
303
303
303
303
303
305
305
305
308
309
309
312
313
313
313
313
317
318
322
337
372
372
372
372
372
372
372
372
374
392
414
444
497
498
501
501
501
501
501
501
501
504
506
506
506
507
512
514
531
531
531
531
531
531
548
551
551
551
564
564
564
565
566
567
594
594
596
597
603
613
617
618
619
619
629
630
634
639
643
643
645
660
662
671
674
681
684
685
685
719
719
719
721
721
723
733
738
739
740
741
743
756
773
781
785
796
806
807
809
809
814
824
832
837
839
841
842
845
845
845
846
847
850
852
854
855
856
857
859
862
863
866
875
878
880
885
889
891
891
892
902
904
905
906
911
911
912
912
913
914
915
915
915
915
916
916
928
932
941
941
941
961
974
974
980
980
980
992
998
1012
1013
1013
1014
1031
1034
1037
1038
1041
1045
1046
1051
1054
1069
1070
1089
1130
1133
1137
1139
1140
1153
1153
1157
1162
1170
1185
1186
1192
1194
1201
1204
1209
1211
1212
1212
1219
1220
1228
1234
1237
1237
1241
1252
1256
1263
1269
1297
1299
1318
1324
1328
1333
1335
1350
1355
1355
1368
1372
1372
1379
1379
1380
1380
1382
1408
1416
1417
1423
1424
1429
1432
1436
1464
1536
1545
1558
1561
1576
1591
1596
1597
1597
1605
1614
1624
1637
1640
1641
1644
1646
1648
1651
1669
1675
1695
1711
1711
1726
1740
1741
1744
1746
1751
1751
1752
1756
1810
1828
1830
1831
1839
1842
1848
1859
1876
1877
