2
2
4
5
7
7
7
7
8
10
12
14
15
15
19
19
20
21
22
23
23
23
24
24
25
25
25
26
26
26
28
28
29
29
29
30
31
31
31
31
31
31
31
31
31
34
35
38
39
40
42
44
46
46
48
48
48
49
49
50
50
50
50
50
51
52
59
60
60
60
60
60
60
60
60
60
61
61
64
65
66
67
69
72
73
74
74
75
75
75
77
82
84
88
89
89
89
89
89
89
89
90
90
90
91
91
91
91
91
91
92
93
94
94
94
94
94
94
94
94
94
94
95
95
95
97
98
98
98
98
98
98
98
98
98
98
98
98
98
98
98
98
98
98
98
98
98
98
98
98
98
99
99
99
99
99
99
99
99
99
99
99
99
99
99
99
99
99
100
100
100
100
100
100
100
100
100
100
100
100
100
100
100
100
100
100
100
100
100
103
109
113
114
117
118
118
118
118
118
118
118
118
118
118
118
119
119
119
119
122
123
124
124
129
132
132
133
135
135
135
135
135
135
135
135
135
135
135
136
136
136
136
137
137
139
139
139
139
140
141
142
144
144
144
144
145
145
145
145
145
149
149
149
149
149
150
150
150
150
150
150
150
151
151
151
153
156
158
159
159
159
162
164
164
164
164
164
164
165
165
165
165
165
165
165
165
165
165
165
166
166
168
169
172
184
188
200
204
204
210
213
215
217
221
221
224
235
238
238
238
242
242
248
252
253
256
256
258
259
260
266
270
272
275
276
276
276
277
277
280
280
289
290
294
297
300
308
308
309
310
314
318
321
327
327
332
332
333
334
336
337
344
345
345
348
349
349
349
349
349
349
349
350
350
351
360
361
364
364
364
364
364
365
365
365
365
373
375
376
377
382
382
382
382
382
383
383
383
384
385
385
385
385
385
385
385
385
386
386
390
396
396
402
409
411
413
416
417
418
422
422
422
422
422
427
428
429
430
431
432
441
441
448
449
451
451
451
454
455
457
457
463
466
466
476
483
484
484
487
501
502
504
508
511
511
513
513
517
526
528
535
541
545
553
556
575
578
582
590
595
606
606
607
625
630
630
634
656
662
662
669
670
674
674
689
690
693
698
708
716
719
720
730
735
736
736
737
737
740
749
752
753
753
753
763
765
765
770
771
772
775
776
776
777
781
781
782
791
796
804
805
811
823
827
833
843
844
845
846
846
849
849
850
858
859
865
867
869
877
884
885
886
903
929
958
962
962
966
985
1001
1019
1020
1022
1049
1054
1054
1061
1069
1072
1101
1104
1109
1118
1146
1181
1194
1214
1214
1217
1217
1217
1219
1229
1230
1231
1278
1278
1278
1281
1302
1334
1337
1342
1353
1378
1399
1403
1405
1406
1422
1425
1497
1531
1531
1536
1537
1537
