1
2
5
6
7
7
8
9
11
11
12
12
15
15
16
16
18
18
18
19
20
20
21
21
21
22
23
24
24
24
27
28
28
31
31
31
31
31
31
31
34
34
34
34
35
35
35
35
35
35
35
35
35
35
35
35
35
35
35
35
36
36
36
39
39
40
40
40
41
42
43
44
46
51
51
52
52
52
52
54
55
56
56
57
59
62
62
62
62
63
66
66
66
67
68
68
68
68
68
68
68
70
72
74
75
75
76
76
77
77
77
77
78
78
79
80
80
80
84
84
84
85
85
85
86
86
87
87
87
88
91
94
94
95
95
96
101
104
106
106
107
107
108
108
109
109
109
113
113
113
113
113
115
115
118
122
124
124
125
125
126
126
127
128
128
129
131
133
136
139
141
142
145
149
150
150
153
153
153
153
153
153
153
153
154
155
162
168
168
168
168
168
168
168
168
168
168
168
169
169
169
169
169
169
169
169
170
170
170
170
170
170
170
170
170
170
170
170
170
170
170
172
172
172
172
173
173
173
174
174
174
175
175
175
175
175
175
175
175
175
175
175
175
175
175
175
175
175
175
175
175
175
175
175
175
176
176
176
176
176
176
176
176
176
176
176
176
176
176
176
176
176
176
176
176
176
176
176
176
176
176
176
176
177
177
177
177
177
177
177
178
179
180
180
181
181
181
182
182
182
182
183
185
186
186
186
187
187
187
188
189
189
190
191
192
193
202
204
213
214
214
216
218
218
219
220
221
221
222
223
223
223
225
236
236
239
242
243
245
248
248
249
249
249
249
249
249
251
252
265
267
270
271
278
278
280
281
281
281
285
287
288
300
301
302
302
302
302
303
303
306
307
307
307
307
308
308
308
308
308
308
308
308
309
309
309
309
309
309
309
309
309
310
310
311
311
313
314
317
319
322
323
323
324
325
325
325
327
327
333
335
337
339
340
342
343
343
343
344
344
345
352
356
363
363
363
374
376
376
383
385
385
388
388
389
391
392
392
392
392
392
392
392
392
392
397
404
412
414
417
417
418
419
423
425
426
429
442
443
444
449
459
464
467
471
475
478
479
487
487
492
494
497
499
506
519
522
522
523
524
524
525
526
527
528
529
533
536
539
539
539
540
540
540
540
540
540
540
540
540
542
545
547
550
554
556
559
564
565
566
568
573
574
574
577
577
577
579
579
595
598
599
599
616
619
623
623
633
637
638
640
640
640
640
640
641
641
641
643
644
644
644
652
653
654
667
667
669
672
673
677
678
679
681
681
683
689
692
706
708
714
723
723
727
727
729
745
754
764
766
776
787
793
794
795
799
800
812
817
823
848
848
857
860
861
862
