2
2
4
5
5
7
7
8
8
9
13
13
15
17
17
17
17
17
18
18
18
19
20
20
22
22
23
23
23
23
23
27
28
28
29
29
29
29
31
32
33
35
37
37
37
37
37
37
37
37
37
38
38
38
38
38
38
38
38
40
40
40
40
40
41
42
45
45
45
45
45
46
46
46
46
46
46
46
46
46
46
46
46
46
46
48
49
49
49
49
49
50
50
51
51
51
51
51
51
51
51
51
52
52
52
52
52
52
52
53
53
53
53
53
54
54
54
54
54
54
54
54
56
58
58
58
58
58
58
58
58
59
59
59
59
59
60
60
60
60
60
60
60
60
60
61
61
61
61
61
61
61
61
61
61
61
62
62
62
62
62
62
62
62
62
62
62
62
62
63
63
63
63
63
63
63
63
63
63
63
63
63
63
63
63
63
63
63
63
63
63
63
63
63
64
64
64
64
64
64
64
64
64
64
64
64
64
64
64
64
64
64
64
64
64
64
64
64
64
64
64
64
64
66
66
66
69
70
70
70
70
70
70
70
70
70
70
70
72
74
78
79
81
81
81
81
81
81
82
82
82
82
82
82
82
82
82
82
82
83
83
85
87
93
94
99
102
109
109
110
110
111
115
120
123
124
124
124
124
127
136
137
140
155
162
163
168
169
169
175
190
193
194
197
199
235
249
260
261
261
280
285
288
288
289
291
291
291
291
291
292
297
298
298
301
303
303
312
318
319
329
333
341
343
343
346
347
353
354
355
355
356
356
357
357
357
357
357
357
358
358
359
359
361
362
362
362
362
363
363
363
363
364
364
364
364
364
365
365
365
365
366
366
366
367
367
368
369
389
392
392
392
392
392
392
392
392
392
397
399
400
400
406
407
411
412
412
415
418
418
422
424
425
426
427
430
430
431
436
437
439
440
443
445
450
451
454
456
457
461
461
464
467
467
473
475
480
481
483
486
489
489
489
500
507
508
509
520
521
522
526
529
535
545
561
562
562
569
582
582
582
600
624
624
628
628
641
642
646
654
654
654
657
661
663
665
678
679
682
684
701
701
715
718
721
728
728
733
736
738
739
739
739
742
747
754
761
761
764
765
765
766
774
785
788
794
796
815
847
850
851
853
854
856
856
859
862
862
873
881
898
908
910
911
931
943
944
944
956
965
983
983
984
996
1004
1008
1010
1014
1014
1045
1086
1089
1093
1093
1093
1095
1098
1102
1104
1105
1111
1111
1111
1118
1121
1124
1126
1131
1131
1132
1133
1145
1147
1148
1149
1156
1182
1184
1186
1188
1190
1190
1194
1198
1201
1205
1212
1216
1222
1226
1230
1237
1240
1245
1245
1265
1267
1267
1268
1270
1280
1282
1284
1294
1294
1307
1316
1320
1320
1329
1341
1343
1345
1347
1347
