1
3
5
5
5
7
10
12
18
20
20
20
21
21
25
25
25
25
25
25
25
26
26
26
26
26
26
27
27
27
28
29
29
29
33
34
36
37
38
38
45
47
47
50
50
50
50
50
50
50
50
50
50
50
50
51
51
51
51
52
52
52
52
52
52
52
52
52
52
52
52
52
52
52
52
52
52
52
53
53
53
53
54
54
54
54
54
54
54
54
54
54
54
54
54
54
54
55
55
55
55
55
55
55
55
55
56
56
56
56
56
56
56
56
56
56
56
56
56
57
57
57
57
57
57
57
57
57
57
57
57
57
57
57
57
59
60
60
60
60
60
60
60
60
60
60
61
61
61
61
61
61
61
61
61
61
61
61
63
65
65
66
66
66
66
66
67
67
70
75
79
80
80
80
80
80
80
80
83
84
90
92
92
93
93
93
94
96
98
98
102
104
104
105
105
107
107
109
110
110
110
110
113
113
113
113
117
118
119
119
119
119
119
119
119
119
119
119
119
119
119
119
119
119
119
119
119
120
120
121
121
124
126
126
126
127
128
129
129
129
130
130
130
130
130
130
130
130
130
130
130
130
130
130
130
130
130
130
130
131
131
131
131
131
131
131
131
131
132
132
134
136
145
146
149
150
152
153
158
159
160
165
167
169
169
170
173
174
174
174
174
174
174
174
176
176
177
177
178
178
178
178
179
179
180
182
183
183
183
183
183
187
192
196
201
202
208
209
223
223
225
225
231
231
236
239
247
249
250
251
255
258
259
261
261
267
268
270
270
271
274
277
278
278
279
279
282
284
289
291
291
291
291
295
295
299
300
300
301
305
310
310
312
313
315
315
317
318
318
318
320
320
320
321
322
323
323
323
323
323
323
323
323
324
324
324
330
335
338
338
343
344
346
350
353
354
354
354
354
355
355
356
360
360
362
363
363
365
370
378
384
391
394
409
409
409
409
409
409
410
410
414
419
419
420
420
422
422
428
432
433
440
447
455
456
458
458
462
463
466
466
466
467
467
467
468
470
470
472
477
488
496
497
497
497
506
511
511
513
518
525
525
526
527
529
540
541
556
556
557
557
561
563
573
573
576
600
601
611
612
613
617
618
619
624
625
625
626
644
656
658
662
665
666
673
691
698
710
752
759
759
760
765
766
772
773
774
781
786
788
789
816
821
823
829
833
834
836
838
839
861
861
861
861
869
872
877
884
897
899
914
917
931
941
945
948
949
971
991
991
997
999
1001
1003
1010
1011
1014
1024
1026
1026
1029
1032
1032
1033
1035
1039
1041
1042
1051
1052
1057
1060
1065
1068
1070
1071
1078
1105
1153
1163
1181
1194
1206
1237
1249
1255
1370
1374
1375
1376
1379
1384
1390
1397
1398
