2
2
4
4
5
6
7
11
12
13
15
15
15
15
15
15
15
18
19
19
19
20
21
21
21
21
21
24
25
27
27
28
28
28
28
29
29
31
31
31
31
32
33
33
34
35
37
37
37
37
38
38
39
39
40
40
41
41
41
41
41
41
42
43
43
45
45
45
45
45
48
49
49
51
51
54
54
54
54
54
54
54
54
54
54
54
54
54
54
54
54
54
54
54
55
55
55
55
55
55
55
55
55
58
59
61
61
61
61
61
61
61
61
63
64
64
66
66
66
66
66
66
66
66
66
66
66
66
67
67
67
67
67
67
67
67
67
67
67
67
67
67
67
67
67
67
67
67
67
67
68
68
68
68
68
68
68
68
68
68
68
68
68
68
68
69
69
70
70
70
70
70
71
71
72
72
72
72
72
72
73
73
73
73
73
73
73
74
74
74
74
76
77
78
78
78
78
78
78
78
78
79
79
79
80
80
80
83
83
83
84
84
84
84
84
84
84
84
84
84
84
84
84
84
84
85
85
85
85
85
85
85
85
85
85
85
85
85
85
85
86
86
86
86
86
86
86
86
86
86
86
91
91
91
92
92
93
93
95
96
100
107
111
113
116
118
119
121
124
124
124
124
124
124
124
125
126
126
126
128
132
135
139
142
142
143
155
166
166
167
170
171
176
177
177
177
179
179
180
180
187
187
187
188
189
190
191
192
193
194
195
197
197
197
198
198
199
203
205
205
206
206
208
209
209
213
214
216
217
217
218
220
221
222
224
227
227
227
228
232
233
233
233
233
234
234
235
235
235
235
235
236
236
236
236
236
236
237
245
245
247
247
248
249
249
253
257
268
268
271
283
294
302
305
305
306
307
307
307
307
308
310
318
321
321
322
324
337
337
337
337
338
338
338
338
338
343
355
355
355
355
358
359
359
360
371
377
379
380
380
382
386
389
390
392
396
399
400
401
401
401
401
401
409
409
412
412
412
412
412
413
413
415
422
423
424
424
424
425
427
433
433
435
436
437
439
441
442
443
453
453
453
453
458
462
466
468
468
470
477
481
483
494
503
504
508
512
518
544
550
562
573
573
582
584
584
599
607
609
612
612
612
615
616
618
624
624
628
637
643
673
676
681
683
702
710
712
714
722
731
731
736
750
755
757
760
760
762
764
768
768
769
770
771
772
776
781
783
783
786
788
790
796
796
797
797
799
801
801
801
801
802
803
803
808
808
808
808
810
814
816
818
819
819
826
827
831
833
835
843
847
847
850
852
853
856
859
861
884
888
892
910
933
953
958
962
985
988
998
1004
1005
1050
1059
1061
1064
1069
1071
1073
1075
1082
1099
1159
1160
1215
1259
