1
4
5
5
5
8
11
13
13
17
19
22
23
23
23
24
24
25
26
27
28
28
28
29
30
31
32
32
32
32
32
32
32
32
32
32
32
32
32
32
33
33
33
33
33
33
33
33
33
33
33
34
34
38
38
39
40
43
43
43
43
43
43
43
43
43
43
44
44
44
44
44
44
44
44
44
44
46
46
47
49
49
49
49
49
49
50
50
50
50
50
50
50
50
50
50
50
50
50
50
50
50
50
50
50
50
50
50
50
50
50
50
50
50
51
51
51
51
51
57
57
57
58
58
59
59
59
61
61
61
61
61
61
61
62
62
62
63
63
63
65
65
66
66
67
68
68
70
72
73
73
74
74
74
74
74
74
74
74
74
74
74
74
74
74
74
74
74
74
74
75
75
75
75
75
75
75
75
75
75
76
76
76
76
76
77
77
77
77
77
77
78
78
78
78
78
78
78
78
78
78
78
79
79
79
79
81
81
81
81
82
82
82
82
82
82
82
83
84
87
87
87
88
88
100
103
103
103
103
103
103
103
104
104
104
104
104
104
104
104
104
104
104
109
117
139
139
140
140
140
141
148
149
153
156
157
159
160
162
162
164
171
174
175
179
181
183
185
197
198
198
198
201
203
204
206
207
208
222
223
223
223
223
223
224
227
228
228
234
237
239
240
243
245
246
250
257
261
262
264
265
265
265
268
268
274
275
278
280
284
285
285
291
293
293
297
298
301
303
304
305
306
307
307
308
311
315
318
319
319
319
320
321
323
323
326
328
330
330
331
333
335
335
338
338
344
347
351
353
354
355
355
355
355
356
356
356
356
358
358
358
360
360
363
366
375
376
378
382
392
396
416
425
428
435
435
437
438
439
441
441
442
443
448
455
469
469
474
475
475
476
480
482
484
484
495
500
503
509
511
511
512
520
529
532
532
536
537
542
549
549
550
550
551
554
554
554
554
554
555
555
555
555
556
557
564
569
569
569
570
577
583
585
585
585
585
585
586
597
602
604
609
610
615
616
630
631
631
632
632
635
635
635
635
635
641
644
652
664
668
668
669
669
673
673
681
685
686
688
689
693
693
693
693
697
697
698
698
699
701
705
706
717
734
734
734
743
744
748
759
759
760
763
768
770
770
773
779
786
787
788
789
792
798
799
802
802
802
803
803
803
803
806
808
808
813
815
827
828
830
835
836
838
840
845
847
866
868
869
873
900
904
910
930
932
933
954
956
1009
1015
1016
1020
1022
1036
1037
1037
1039
1040
1046
1048
1050
1056
1058
1061
1062
1063
1091
1096
1135
1148
1157
1174
1220
1226
1235
1246
1253
1258
1263
1273
1291
1292
1293
1345
1348
1363
1378
1382
1383
1386
1445
1461
1494
1503
1515
