1
2
4
6
6
7
8
9
12
14
16
17
19
19
19
20
20
20
20
20
21
23
23
23
24
25
25
25
26
27
27
27
28
29
29
29
29
29
29
29
29
29
29
29
30
31
32
33
33
33
34
34
34
35
36
36
36
36
36
37
37
37
37
38
38
38
39
39
40
40
40
40
40
40
41
41
41
41
41
41
42
42
43
43
44
44
44
44
44
44
44
44
44
45
46
46
47
47
47
47
47
47
47
48
48
49
49
49
50
51
52
52
53
53
53
53
55
55
55
56
56
56
56
56
56
56
58
58
58
58
58
58
59
59
59
59
59
59
60
60
60
60
60
60
60
60
60
60
60
60
60
60
61
61
61
61
61
61
61
61
61
61
61
62
63
63
63
63
64
64
64
64
64
64
64
64
64
64
64
64
64
64
64
64
64
64
64
64
64
64
64
65
65
65
65
65
65
65
65
65
65
65
65
65
65
65
65
65
65
65
66
66
66
66
68
70
70
70
70
70
70
70
70
70
70
70
70
70
70
70
70
70
70
70
70
70
70
71
71
72
72
74
74
74
74
74
74
74
74
74
75
75
75
75
75
75
76
76
76
76
76
76
76
76
76
77
77
77
77
77
77
78
78
78
78
78
78
78
78
78
78
78
78
78
78
78
78
80
81
81
85
88
88
97
101
101
101
101
101
102
105
105
105
105
105
106
106
106
107
107
108
112
112
115
115
122
123
124
125
130
139
141
145
150
159
159
160
161
164
164
165
167
168
168
169
171
174
182
184
194
196
197
197
200
202
205
207
213
217
221
224
225
227
227
228
229
229
229
231
232
232
233
235
236
237
238
238
241
242
242
246
250
251
251
253
253
256
256
257
257
257
257
257
257
257
259
260
261
261
261
262
262
262
262
262
263
264
267
267
268
269
271
273
274
274
274
274
274
275
278
278
284
284
288
289
290
290
290
291
291
292
292
293
294
297
303
303
303
303
303
303
303
303
303
303
303
306
306
306
307
307
308
308
309
312
313
314
315
315
319
319
321
322
322
323
324
324
326
327
329
330
332
334
338
339
340
341
342
345
347
349
351
351
352
353
355
356
356
357
360
360
362
366
366
366
368
373
373
373
373
375
375
375
375
375
375
376
376
377
380
383
385
386
386
388
388
388
390
390
390
391
391
391
391
392
393
395
395
395
395
395
395
395
395
395
396
396
397
404
404
408
408
408
408
409
428
428
433
434
438
453
467
468
468
471
475
498
498
503
504
507
515
521
547
551
554
554
554
556
561
563
570
573
583
584
585
590
593
594
596
597
603
608
609
621
623
628
632
634
640
667
670
670
681
700
