2
2
5
6
11
11
11
13
14
14
15
16
16
16
16
16
16
17
19
20
20
20
21
21
21
21
22
22
23
23
23
24
25
25
26
26
27
28
29
29
30
30
32
32
33
33
34
34
36
38
39
39
39
42
42
42
42
42
43
43
43
44
45
45
45
46
46
46
46
46
46
46
46
47
47
47
48
48
48
49
49
49
49
49
50
50
50
50
50
50
53
55
56
56
58
61
64
65
66
73
73
77
82
84
85
85
85
85
85
85
85
85
85
85
85
85
85
85
85
85
85
85
86
86
86
87
87
87
91
93
94
95
100
100
100
101
101
102
103
108
108
108
111
111
112
112
114
116
120
121
122
123
124
125
126
133
134
134
136
137
143
152
153
155
155
156
156
157
157
157
157
157
158
158
158
159
159
160
161
166
166
166
166
167
171
172
172
173
173
173
174
174
174
174
174
191
197
213
214
214
214
214
214
217
218
218
219
219
219
219
219
219
220
220
221
221
221
221
221
221
221
221
221
221
221
222
224
224
224
224
225
225
225
225
225
225
225
225
225
225
225
226
226
226
226
226
226
226
226
230
230
230
230
230
230
230
230
230
230
230
230
231
231
231
231
231
231
231
231
231
231
231
232
232
242
243
243
244
252
253
253
253
253
253
253
254
255
258
258
258
261
262
266
272
276
277
278
284
284
284
284
284
284
285
285
285
285
285
285
285
285
285
285
285
285
285
285
285
290
290
290
290
291
292
292
292
293
293
294
294
296
296
297
297
297
297
297
297
297
297
297
298
298
299
302
302
303
305
305
305
313
320
320
320
321
323
324
325
328
329
330
336
338
339
355
360
377
377
377
377
379
385
391
413
420
422
434
454
462
462
462
464
465
468
471
475
477
481
481
482
483
485
485
486
489
490
492
499
509
510
514
515
515
515
515
515
515
515
515
516
516
518
519
522
530
532
539
539
545
546
549
551
553
553
553
554
556
556
559
565
566
568
568
570
571
571
575
576
579
580
583
584
587
587
587
588
589
589
589
591
593
599
603
604
608
610
615
616
616
631
631
641
643
648
649
651
655
656
659
661
661
663
684
711
719
719
721
725
757
782
784
786
794
795
806
807
807
808
817
820
831
832
835
836
838
840
841
843
847
848
848
848
849
851
851
853
856
871
879
882
900
900
903
914
922
975
977
977
1007
1008
1009
1013
1017
1024
1025
1026
1026
1028
1030
1059
1060
1065
1066
1070
1070
1072
1072
1085
1086
1087
1089
1089
1109
1110
1110
1114
1115
1118
1119
1144
1158
1158
1160
1161
1168
1176
1192
1194
1201
1209
1215
1245
1257
1276
1284
1284
1286
1288
1293
1294
1297
1300
1301
1310
1316
1318
1331
1332
1336
1342
1398
1404
1411
1426
1429
