1
2
5
6
6
7
9
14
14
15
16
16
16
16
16
16
16
16
17
17
17
18
19
19
20
20
20
22
22
22
22
22
22
22
22
23
24
24
24
27
27
28
29
31
31
31
31
31
31
31
31
31
31
31
31
31
31
32
32
33
33
33
33
33
33
33
34
35
35
35
35
35
36
37
39
41
42
44
44
48
48
48
48
48
48
48
48
48
48
48
48
48
48
48
48
48
49
49
49
49
49
49
49
51
52
52
53
53
54
54
54
55
55
55
55
55
55
55
55
55
55
55
55
55
55
58
58
59
59
59
59
59
59
59
59
59
60
60
61
61
61
61
61
61
61
61
61
61
61
62
62
62
62
62
62
62
62
62
64
64
64
65
65
65
65
65
66
66
66
66
66
66
66
66
66
66
66
66
66
66
66
66
66
66
66
66
66
66
66
66
66
66
66
66
66
66
66
66
66
66
66
66
66
66
66
67
69
70
71
71
71
71
71
71
71
71
71
71
71
71
71
71
71
71
71
71
72
72
72
73
73
73
74
75
75
76
80
82
82
83
85
86
86
86
86
86
86
86
94
94
95
98
99
101
101
105
112
115
117
119
126
130
130
131
132
132
137
138
139
140
140
141
142
143
151
152
152
152
152
152
152
152
152
155
155
155
156
157
161
161
161
161
161
161
161
161
170
171
177
178
185
186
186
186
187
187
189
189
191
191
192
195
195
197
198
199
203
203
203
204
205
205
211
218
230
234
244
247
255
255
257
259
263
271
272
273
275
280
285
285
286
288
288
289
290
290
290
290
291
291
291
291
292
293
294
294
295
296
296
296
297
297
300
309
314
318
319
323
323
323
325
331
331
333
341
350
358
359
359
359
359
359
359
359
367
373
378
378
378
385
390
395
397
398
398
398
398
398
399
399
399
400
400
400
400
404
405
406
413
413
415
415
422
432
433
437
439
439
439
439
440
441
443
445
445
451
451
451
451
451
451
451
454
486
505
512
512
512
514
519
519
527
528
528
530
534
535
537
542
543
543
544
545
546
549
549
550
554
556
556
557
560
562
563
564
564
568
568
568
578
578
579
585
587
605
605
607
608
609
609
611
611
611
621
621
638
649
654
654
654
660
661
666
679
684
684
695
703
712
719
727
765
769
775
777
788
789
799
807
810
820
820
823
823
831
831
832
834
838
839
847
850
851
858
864
865
866
868
869
874
874
876
877
877
878
889
897
905
917
927
931
939
941
975
981
990
990
1053
1060
1069
1076
1085
1088
1152
1155
1155
1183
1184
1197
1197
1197
1207
1238
1276
1281
1310
1333
1338
1342
1345
1345
1349
1353
1353
1361
1362
1365
1372
1381
1382
1415
1417
1420
1434
1439
