2
2
5
7
9
9
9
10
10
10
12
14
15
17
17
17
19
20
20
20
20
20
22
22
22
23
23
23
23
24
24
26
26
26
26
26
26
26
26
26
26
26
27
28
30
31
31
31
32
32
33
34
34
34
37
37
39
39
39
39
40
41
41
41
41
41
42
42
42
42
43
43
43
43
43
43
43
43
43
43
46
47
49
53
55
56
56
56
57
57
57
57
58
58
58
58
58
58
58
58
58
58
59
59
59
59
61
62
62
63
64
64
64
65
65
66
67
67
68
68
68
71
71
77
77
80
82
82
82
83
84
84
86
90
92
95
95
95
95
95
95
95
96
96
96
96
96
96
96
96
96
96
96
96
96
100
101
101
101
101
101
101
101
101
101
101
101
101
101
102
102
102
102
102
102
102
102
102
102
102
103
103
103
103
103
103
103
103
103
103
103
104
106
107
107
109
110
110
110
111
112
113
113
113
113
113
114
114
114
114
114
115
115
116
116
116
117
117
117
118
119
119
119
120
120
120
122
122
122
122
123
123
123
123
123
123
123
123
123
123
123
124
125
125
126
126
126
126
126
126
126
126
126
126
126
126
127
127
127
127
127
127
127
127
127
127
130
130
130
130
130
130
130
130
130
131
131
132
132
132
132
132
132
132
132
132
132
132
132
133
133
133
133
133
133
133
133
134
134
134
134
134
135
135
137
137
137
137
137
137
137
137
137
142
145
146
148
149
150
151
152
152
152
152
153
153
153
154
154
155
155
156
157
157
158
159
159
163
165
169
170
172
173
173
173
173
176
176
176
177
177
179
179
180
180
182
183
183
184
185
185
186
187
190
191
191
193
193
195
197
197
197
198
198
202
205
206
207
209
211
211
211
212
216
218
220
220
222
226
227
227
227
227
228
228
228
228
230
230
230
230
230
230
230
230
230
233
233
233
233
234
237
238
239
239
240
240
240
240
240
241
245
252
252
253
253
253
256
257
258
258
258
258
258
259
259
259
260
261
262
264
266
266
266
266
266
266
267
267
267
267
269
269
269
269
270
274
274
274
275
278
281
281
283
284
284
284
285
285
285
289
289
294
299
300
304
305
314
321
322
323
337
342
343
345
371
378
381
383
398
419
419
420
420
424
433
434
436
442
447
447
448
452
454
459
461
462
466
466
468
479
479
483
503
506
509
509
536
538
538
541
541
546
551
553
568
568
568
568
568
568
568
568
568
568
568
568
588
592
592
593
593
594
594
600
600
603
605
614
617
620
638
640
640
646
669
680
689
692
698
700
701
706
731
735
745
747
749
751
775
775
775
776
780
788
797
797
811
812
817
824
825
825
832
851
852
853
