1
3
6
6
6
6
8
9
9
10
12
12
14
14
14
14
15
17
20
20
22
22
22
24
24
25
26
27
27
30
30
30
30
31
31
31
31
31
32
32
32
32
32
32
33
34
35
35
35
36
36
36
37
37
38
38
38
38
38
38
38
38
38
38
38
38
38
39
39
39
39
39
39
39
39
39
39
39
39
39
40
40
43
46
46
46
49
50
50
50
50
51
51
51
51
51
52
52
52
53
53
53
53
53
53
53
53
53
53
53
53
53
53
53
53
53
53
53
53
53
54
54
54
54
54
54
55
55
57
59
59
59
59
60
60
60
60
60
60
60
61
61
61
62
62
62
62
62
62
62
62
62
62
62
63
63
64
65
65
65
65
66
66
66
66
66
66
66
67
67
67
67
67
67
67
67
67
67
67
67
67
67
67
67
67
67
67
67
67
67
67
67
67
67
68
68
68
68
68
68
68
68
68
68
68
68
68
69
69
69
69
69
69
69
69
69
69
69
70
70
70
70
70
70
70
70
70
70
71
71
71
71
74
74
75
77
77
79
80
80
80
80
80
80
80
80
80
81
83
83
88
88
89
95
95
95
96
98
98
98
98
99
99
99
99
100
104
105
105
105
105
105
105
105
105
107
108
110
113
114
114
114
115
115
115
115
115
115
115
115
115
115
115
115
115
115
115
115
117
119
121
121
121
123
124
126
128
128
128
128
128
128
128
128
128
128
128
128
129
129
129
129
129
129
130
133
136
140
142
144
145
147
150
153
153
153
160
163
175
175
175
180
182
184
185
187
187
189
191
191
202
204
218
220
222
225
225
228
229
230
232
232
234
235
235
236
236
236
236
236
239
249
251
285
289
291
294
298
298
299
300
301
303
305
306
306
307
312
312
313
314
314
315
315
315
317
317
319
320
321
325
326
328
329
331
333
334
335
336
338
338
339
339
339
339
339
339
339
339
340
341
342
342
342
342
343
343
343
343
343
343
343
344
344
347
347
350
350
352
352
353
355
355
357
358
358
360
366
366
367
367
367
369
369
374
375
380
390
392
397
398
408
410
421
421
423
424
424
424
424
430
430
435
438
439
439
440
442
443
443
450
450
457
476
479
488
502
503
505
518
518
519
519
519
534
535
536
546
551
553
554
558
574
576
594
632
637
637
639
639
639
655
700
712
763
773
774
776
787
790
792
827
830
847
850
854
866
896
906
919
933
938
940
941
946
953
957
959
973
999
1000
1000
1000
1000
1003
1006
1006
1007
1010
1012
1015
1017
1018
1031
1036
1036
1037
1038
1097
1098
1100
1112
1112
1114
1114
1116
1121
1129
1134
1135
1138
1139
1139
1139
1141
1141
1150
1151
1151
1151
1151
1163
1182
1185
1188
