2
2
5
7
7
9
10
10
10
10
11
12
13
13
13
15
18
18
20
20
20
21
23
24
26
29
30
30
31
31
31
32
32
32
36
37
38
39
39
39
39
39
39
39
39
40
41
42
43
44
44
45
45
45
45
45
45
45
45
47
47
47
48
48
48
48
49
51
51
53
53
53
53
53
53
53
53
53
53
53
54
55
58
58
58
58
58
58
58
59
59
59
59
59
59
59
59
59
59
59
59
59
59
59
59
59
59
61
61
62
62
62
62
64
64
64
64
64
64
65
65
67
67
67
68
68
68
68
68
68
68
68
68
68
68
68
68
68
68
69
69
69
69
69
69
69
69
69
69
70
70
70
70
70
70
70
70
70
70
70
70
70
71
71
71
71
71
71
71
71
73
75
76
79
80
80
80
81
81
81
81
81
81
82
82
82
82
82
82
82
82
82
82
82
82
82
82
82
83
83
83
83
83
83
83
84
84
85
86
86
86
86
86
86
86
87
87
87
87
87
87
88
88
88
88
88
88
88
89
89
89
89
95
96
96
102
102
102
102
102
102
102
102
102
102
102
102
102
102
102
102
102
102
102
102
102
102
103
103
103
108
111
114
115
115
115
115
115
117
121
121
123
123
124
133
135
135
135
135
135
139
140
146
147
149
149
149
150
156
167
167
170
171
176
178
179
179
179
179
180
180
180
180
180
183
183
184
185
197
204
206
209
210
210
210
212
212
212
212
212
213
213
213
214
215
215
215
215
216
216
216
217
217
218
218
218
219
219
219
221
223
225
234
235
238
238
239
240
242
244
245
245
248
251
252
255
256
259
260
262
265
269
270
273
273
273
275
277
279
282
282
283
283
283
284
287
288
290
290
293
295
299
300
300
304
305
308
309
311
314
314
317
317
317
317
318
322
324
325
325
328
328
328
330
330
331
331
333
341
347
348
348
359
370
371
373
374
375
375
375
378
379
379
380
380
383
386
386
386
387
392
393
394
398
398
398
398
398
398
398
415
415
415
417
419
425
430
431
435
440
446
449
451
458
461
461
463
466
468
468
470
471
471
471
471
472
475
475
475
475
475
475
475
475
481
484
488
490
494
497
498
502
506
507
513
516
521
522
524
524
525
525
531
532
535
537
545
548
549
549
552
552
556
560
560
560
561
566
567
569
572
575
578
582
589
592
601
609
609
609
613
613
613
617
620
620
623
623
623
624
628
636
638
642
643
646
649
651
652
658
665
666
668
668
669
675
712
714
744
747
750
765
765
780
781
795
801
801
805
806
815
816
818
838
840
842
866
871
874
876
882
888
889
889
893
893
894
895
896
905
906
908
910
911
920
