2
2
4
5
5
6
7
7
8
13
14
14
16
19
19
20
21
21
21
22
22
22
22
22
22
22
23
23
24
26
27
28
29
29
29
29
30
30
30
30
30
30
30
30
30
30
30
30
30
30
30
30
30
30
30
31
31
31
31
32
32
32
33
33
33
33
34
34
35
35
35
36
36
38
40
40
41
41
41
41
41
41
41
44
44
44
45
46
46
46
46
46
46
46
46
46
46
47
47
47
47
47
47
47
47
47
47
47
47
49
50
50
51
55
56
56
56
56
56
56
56
56
56
56
56
56
57
57
57
57
57
57
57
57
58
58
58
59
59
59
59
59
59
59
59
59
60
60
60
60
60
60
61
65
65
65
65
65
65
66
67
67
67
67
67
67
67
67
67
67
67
68
68
68
68
68
68
68
68
68
68
68
68
70
70
70
72
73
73
74
74
74
74
74
74
74
74
74
75
75
75
75
75
75
75
75
75
75
75
75
75
75
75
75
75
76
76
77
78
79
83
86
86
88
91
94
95
100
108
108
108
110
110
110
111
112
112
112
117
121
122
122
123
123
124
124
125
126
127
128
130
133
135
142
142
144
145
149
150
151
151
152
153
155
156
157
158
158
160
161
161
163
166
166
166
168
168
168
170
171
171
171
171
171
171
172
172
172
173
173
173
173
173
174
174
174
174
174
177
177
177
177
178
178
185
187
188
189
189
190
190
190
190
190
190
191
193
193
193
193
193
193
193
193
193
193
193
193
193
193
193
193
193
193
193
193
193
193
193
193
193
193
193
194
194
195
196
200
201
201
201
201
201
202
203
212
212
214
215
216
217
217
217
217
217
217
217
217
217
217
217
218
218
218
218
220
220
220
225
231
233
233
234
234
235
239
240
242
245
252
267
268
275
275
286
293
293
303
303
305
305
307
340
343
345
348
348
348
350
355
355
355
355
355
356
356
356
357
357
360
361
365
365
365
367
370
370
371
376
379
379
380
382
382
382
382
383
383
385
386
387
387
388
388
389
389
390
396
398
398
400
400
402
402
404
404
404
407
412
412
412
412
413
416
416
420
426
426
428
430
433
434
435
435
438
438
440
441
448
459
462
462
463
464
528
530
538
539
540
540
540
543
544
545
547
548
551
553
555
555
556
562
567
572
574
576
580
583
583
588
591
591
593
595
602
603
604
605
607
611
613
614
615
618
622
624
627
627
628
630
631
638
639
640
640
643
643
644
646
652
653
655
656
661
662
663
668
671
672
678
681
683
684
685
685
688
691
696
696
696
708
710
716
716
717
718
719
722
736
741
756
757
771
772
775
783
783
794
795
796
826
827
827
828
828
828
828
829
829
829
829
