2
3
5
7
9
10
10
11
14
15
17
17
19
22
23
23
24
25
30
32
33
34
34
35
35
35
35
35
38
38
38
42
44
46
49
50
50
50
50
50
50
50
50
50
50
51
51
51
51
51
51
51
51
51
51
51
51
51
51
53
53
53
53
53
54
54
55
55
55
55
55
55
55
56
56
56
56
56
56
56
56
56
56
56
56
56
56
56
56
56
56
56
56
56
56
56
56
56
56
56
56
58
59
59
59
59
59
59
59
59
59
59
59
59
59
59
59
59
59
60
60
60
60
60
60
60
60
60
60
60
60
60
60
60
60
60
60
60
60
61
61
62
62
62
62
62
62
63
63
63
63
63
63
63
63
63
63
64
64
64
64
64
64
64
66
66
67
67
67
71
73
73
73
73
73
73
73
73
73
73
73
73
73
74
74
74
74
74
74
74
74
74
74
74
74
74
74
74
74
74
74
74
74
74
75
83
87
87
88
94
95
100
103
105
105
105
105
105
105
111
114
115
117
119
119
120
122
123
123
125
125
131
131
131
131
132
132
132
132
132
132
132
132
132
132
137
147
149
164
166
172
172
174
177
179
180
181
182
183
185
187
187
188
190
190
193
195
196
199
200
201
201
202
203
204
204
205
211
213
218
219
228
233
239
239
239
240
250
254
255
257
257
257
265
271
272
276
285
286
286
288
292
295
297
304
305
307
308
308
308
312
319
321
330
332
342
344
345
346
346
349
349
349
350
351
351
351
352
352
352
353
354
361
362
363
371
381
405
405
408
409
409
410
410
410
410
410
412
413
416
418
419
420
431
434
438
438
438
439
439
439
443
443
444
444
444
449
449
449
450
456
460
461
464
475
477
477
477
478
478
478
478
478
478
489
490
499
502
506
509
516
533
548
550
550
552
553
553
553
558
558
558
568
568
568
568
568
568
578
583
592
593
596
596
596
596
610
611
612
623
623
632
639
640
640
646
646
653
655
658
658
663
665
666
667
667
669
669
669
683
688
688
689
689
690
692
692
692
697
697
697
698
700
703
704
719
723
730
730
731
752
753
756
760
762
762
762
762
762
766
769
769
770
770
770
771
790
794
811
814
815
817
817
817
820
822
826
827
856
863
868
874
877
882
883
887
889
889
891
898
898
900
901
901
901
901
902
903
905
910
912
913
914
915
917
919
927
933
935
971
980
980
985
992
992
994
995
996
996
1060
1073
1077
1082
1084
1086
1087
1104
1105
1106
1108
1109
1122
1123
1127
1149
1149
1159
1159
1160
1241
1242
1247
1254
1257
1258
1267
1271
1291
1297
1316
1322
1325
1325
1333
1339
1342
1345
1352
1354
1359
1371
1373
1373
1395
1406
1483
1609
1649
1660
1674
1679
1688
1702
1711
1720
