2
2
5
5
6
6
7
7
8
9
10
11
13
15
15
15
15
15
18
18
18
18
18
19
19
19
19
19
19
19
19
19
20
20
21
21
22
22
22
25
26
26
26
26
26
26
26
26
26
26
26
26
26
27
27
27
27
27
29
29
30
30
30
31
31
31
31
31
33
36
36
36
36
36
37
37
37
37
39
40
41
41
41
42
42
44
45
45
46
47
47
47
48
52
52
58
59
59
59
59
59
59
59
60
61
63
64
64
64
64
64
64
64
64
64
64
64
64
64
64
64
64
64
64
64
64
65
67
68
69
70
70
70
70
70
70
70
70
70
70
70
70
70
71
71
71
71
71
71
71
71
71
71
71
71
71
71
71
71
71
71
72
72
72
72
72
72
73
75
76
76
77
79
79
81
82
82
83
86
89
89
91
91
91
92
92
92
92
92
92
92
92
92
92
92
92
92
92
92
92
92
92
92
93
93
94
95
95
96
96
96
96
96
97
97
97
97
97
97
97
97
97
97
97
97
97
97
97
97
97
97
98
98
98
98
99
100
104
104
104
105
105
105
105
105
105
105
105
105
105
105
105
105
105
105
105
105
105
105
105
105
105
105
105
105
105
106
106
106
106
106
106
106
106
106
106
106
106
106
106
106
106
106
106
106
106
106
106
106
106
106
106
106
106
106
106
106
106
107
107
109
111
111
111
112
113
114
114
117
118
122
125
126
126
128
132
137
137
138
138
138
138
138
138
140
141
142
146
146
148
150
154
154
154
155
155
158
162
164
165
167
168
168
170
170
170
174
175
175
177
178
179
180
181
183
183
183
184
186
186
188
189
192
193
194
200
215
219
220
221
222
222
222
222
223
233
238
239
245
245
249
250
254
257
258
258
258
261
263
265
268
268
272
276
277
281
287
291
291
303
305
309
328
331
333
333
339
345
345
351
356
356
358
360
361
362
362
364
364
367
367
369
370
370
370
371
372
373
374
374
374
375
375
376
376
378
378
378
378
378
378
386
388
390
391
392
392
396
396
396
396
397
397
397
397
398
398
406
407
423
434
435
449
452
458
462
462
466
469
471
472
475
476
476
476
477
477
478
483
488
488
488
488
489
489
490
492
493
493
498
499
501
503
505
505
517
518
520
523
527
527
528
536
536
537
543
546
551
555
562
562
563
570
571
571
571
571
579
579
579
579
579
579
579
579
579
581
621
635
637
639
653
668
687
688
690
693
695
696
703
704
705
706
706
708
708
720
720
720
722
726
726
728
729
730
731
732
736
737
738
740
750
750
752
763
763
764
765
765
768
770
771
773
793
802
829
833
833
834
842
844
857
868
896
897
