1
2
4
6
8
8
8
9
15
15
17
18
20
22
22
22
22
22
23
27
27
27
27
27
27
28
28
29
29
29
29
29
30
30
30
30
30
30
31
31
31
31
32
32
33
34
35
35
35
35
36
36
36
36
36
36
36
36
37
37
37
38
39
39
39
39
39
39
41
41
43
43
43
43
43
43
44
44
45
45
45
45
46
46
46
46
47
47
47
47
47
47
47
47
47
47
47
48
48
48
48
48
48
48
48
48
48
48
48
48
48
48
48
48
49
49
49
50
50
50
50
50
51
52
53
54
55
58
58
59
60
61
61
67
67
67
67
67
67
67
67
67
67
67
70
70
70
71
74
76
77
77
78
78
78
81
83
83
85
86
89
91
92
93
94
94
94
97
98
98
98
104
104
104
104
104
104
104
104
104
105
105
105
106
106
107
108
108
109
109
109
109
109
109
109
109
109
109
109
109
109
110
110
110
110
110
110
110
110
110
110
110
111
111
112
113
114
115
115
115
115
120
121
122
123
126
126
126
126
126
126
126
126
126
126
127
127
127
127
127
127
127
127
128
128
129
129
130
130
130
131
132
132
132
132
132
132
132
132
132
133
133
133
133
133
133
133
133
133
133
133
133
133
133
133
134
134
135
135
138
140
141
141
142
145
145
145
145
146
146
146
146
147
149
149
150
150
150
150
150
150
150
150
150
150
150
151
151
151
151
151
151
152
157
160
160
161
163
168
170
179
181
185
191
191
193
193
193
196
196
196
200
203
203
205
210
213
216
218
218
219
220
221
222
223
225
225
227
234
236
236
238
238
238
238
238
238
238
238
238
238
239
240
246
251
251
251
252
252
252
252
252
252
252
254
257
262
274
278
279
281
285
293
295
297
297
300
300
304
305
306
308
310
313
322
329
348
348
348
352
352
352
353
353
353
353
353
354
354
354
354
354
354
358
359
364
365
365
365
365
365
365
365
365
366
367
367
367
370
370
370
373
373
373
376
378
379
380
387
389
389
389
389
390
392
394
394
398
398
412
414
417
420
421
423
431
437
439
444
446
454
456
462
464
468
479
484
488
493
497
504
506
512
516
530
536
536
537
537
537
538
539
540
542
542
542
544
548
549
550
552
565
567
571
575
583
590
598
612
615
623
631
644
651
652
654
659
659
663
669
677
681
683
683
688
689
691
693
693
698
700
704
705
706
710
711
712
712
714
717
717
719
721
722
723
723
726
728
736
739
743
745
747
748
754
758
759
766
768
787
787
791
795
805
812
813
831
831
838
846
858
860
882
900
901
907
911
921
927
928
934
941
943
943
946
953
959
959
963
966
968
969
972
972
990
