1
3
5
5
8
9
10
12
12
18
21
21
21
21
21
21
21
22
22
22
23
27
27
27
27
28
28
29
31
31
32
33
33
34
34
34
34
34
34
34
35
36
36
36
36
36
36
36
36
36
36
36
36
36
36
36
36
37
37
37
37
38
40
44
50
50
50
50
51
51
56
57
57
57
57
57
57
57
57
57
57
57
57
57
57
57
57
60
60
61
61
61
61
61
61
61
61
61
61
62
63
63
63
63
63
63
64
64
64
64
64
64
64
64
64
64
64
64
64
64
64
64
64
64
64
65
66
66
66
66
66
67
67
67
67
67
67
67
67
67
67
67
67
67
67
67
67
68
68
68
68
68
68
68
68
68
68
68
68
68
68
68
68
68
68
68
68
68
68
68
68
68
68
69
69
69
70
72
73
73
73
73
74
74
74
74
74
74
74
74
75
75
75
75
75
76
76
77
77
77
78
78
78
78
78
78
78
78
78
81
81
81
81
81
81
81
81
81
81
82
82
82
82
82
82
82
82
82
82
82
89
89
94
95
96
98
100
100
102
103
106
110
111
112
114
120
120
123
124
126
126
128
137
140
141
141
147
151
152
155
156
156
157
157
161
162
164
165
165
166
168
170
170
170
170
170
171
174
174
175
175
175
175
176
176
176
177
177
177
177
180
182
182
182
182
182
182
183
183
187
188
189
189
189
197
198
198
200
200
200
200
201
210
212
221
227
227
229
231
231
233
233
233
233
236
237
237
237
238
238
238
238
238
242
252
257
258
260
263
268
269
270
274
274
279
279
280
285
288
290
290
294
295
295
295
295
295
296
303
305
308
308
314
314
318
332
340
341
341
341
341
341
341
341
341
341
341
341
344
346
346
349
351
352
355
356
358
365
372
374
374
377
385
388
392
393
395
396
397
399
399
399
399
406
408
410
410
413
413
413
417
422
432
432
439
443
443
455
455
455
458
459
460
467
467
475
476
477
479
479
480
485
491
493
493
493
493
494
494
495
496
496
510
526
529
534
538
546
552
553
553
554
571
571
571
572
575
587
589
593
595
596
597
598
611
616
625
634
638
639
646
647
663
668
669
669
669
671
675
697
715
716
717
718
741
741
746
746
748
753
757
757
758
759
759
759
761
762
762
762
771
771
773
774
774
802
802
804
810
812
823
843
846
847
848
850
866
866
867
873
883
890
898
898
908
911
913
921
926
928
931
931
933
934
939
942
944
946
949
953
955
962
981
989
989
1000
1014
1020
1021
1021
1051
1056
1069
1072
1109
1123
1143
1165
1167
1171
1179
1181
1195
1224
1300
1307
1315
1327
1327
1328
1337
1337
1380
1397
1411
1449
1540
1589
1636
1641
1669
1681
1688
1689
1704
