2
2
7
8
9
14
16
17
17
18
21
25
26
27
28
30
30
30
31
31
33
44
45
45
50
51
53
59
65
69
74
74
83
85
91
94
100
104
112
116
121
123
128
129
133
134
134
134
134
134
134
135
135
135
135
136
138
138
138
138
138
138
138
138
138
138
138
139
140
140
141
141
141
141
141
141
141
141
141
141
141
141
141
141
141
141
141
141
141
141
141
141
141
141
141
141
142
142
142
142
142
142
144
145
145
145
145
145
145
145
145
145
145
145
145
146
146
146
146
146
149
149
149
149
150
154
156
158
158
158
158
158
158
158
159
159
159
159
159
159
161
162
166
168
169
169
169
169
169
169
169
169
169
169
169
169
169
170
170
170
170
170
170
170
170
170
170
171
173
173
173
173
173
173
173
173
173
174
174
177
177
177
180
182
183
186
192
192
195
195
213
213
224
233
236
245
249
252
256
256
259
259
259
259
259
259
259
259
259
260
260
260
260
260
260
260
260
260
260
260
260
260
260
260
260
260
260
260
260
261
261
264
276
278
279
280
280
281
281
282
283
283
290
291
293
295
297
304
305
305
313
317
325
326
329
339
358
370
373
396
405
406
412
416
439
448
462
472
476
491
505
507
516
521
539
541
543
547
548
550
552
552
557
559
565
565
574
600
602
608
608
618
621
621
622
624
624
624
624
625
625
625
627
627
627
628
628
630
630
631
631
631
631
631
631
632
632
632
632
632
632
632
632
633
635
636
636
637
637
638
641
663
672
673
675
678
679
679
679
679
680
680
680
680
680
680
682
682
682
682
686
688
692
693
703
713
714
719
720
721
721
723
726
748
752
755
756
759
761
761
763
765
768
777
781
787
790
791
794
799
799
799
799
800
800
800
800
801
804
805
806
806
806
806
806
806
810
822
823
823
823
827
831
831
834
835
835
837
837
837
837
838
845
845
845
846
848
849
859
859
859
859
862
862
863
863
863
863
863
868
879
882
886
892
896
897
898
898
898
908
914
919
930
930
934
988
1042
1042
1042
1042
1042
1042
1048
1049
1049
1049
1051
1066
1076
1084
1087
1087
1087
1096
1098
1103
1128
1134
1136
1154
1156
1156
1163
1163
1163
1163
1163
1163
1220
1220
1220
1220
1231
1231
1231
1231
1232
1233
1241
1247
1250
1308
1317
1322
1322
1329
1334
1337
1342
1342
1426
1430
1435
1468
1480
1487
1489
1489
1493
1493
1494
1495
1496
1502
1502
1502
1502
1502
1502
1531
1575
1579
1580
1593
1619
1620
1644
1647
1650
1651
1652
1653
1668
1683
1707
1710
1712
1713
1713
1716
1716
1716
1718
1722
1750
1767
1795
1796
1821
1949
1981
1982
1982
1985
1998
2082
2190
2192
2201
2311
2333
2333
2338
2361
2361
2368
2394
2400
2541
2545
2547
2549
2549
2549
2572
2585
2653
2654
2662
2668
2669
2670
2670
2671
2680
