1
3
5
6
7
7
9
10
10
11
13
13
15
15
16
17
18
20
20
20
20
20
22
22
23
23
23
23
23
23
24
24
24
24
24
25
25
26
26
26
27
27
27
27
28
28
28
29
29
30
30
30
30
30
30
31
33
33
34
37
37
38
39
40
40
40
41
42
42
42
42
42
42
43
45
46
46
47
50
53
56
56
57
57
57
57
64
65
65
65
70
71
78
79
80
80
81
81
81
82
82
84
84
85
86
87
87
89
89
89
89
89
89
89
89
90
93
95
95
96
97
97
98
102
102
103
104
106
106
106
106
107
111
115
117
117
117
118
119
121
122
123
123
124
124
125
126
126
126
126
126
127
127
127
127
127
127
127
127
127
127
127
127
127
127
127
127
127
127
127
127
127
127
127
127
128
128
128
128
128
128
128
129
129
129
130
130
130
130
131
132
132
132
133
133
134
135
135
135
136
136
136
136
136
136
136
136
137
137
137
137
137
137
137
137
142
142
143
145
145
146
146
146
147
147
147
147
147
147
147
147
147
147
147
147
147
147
147
147
147
147
148
148
148
148
148
148
148
148
148
148
148
148
148
148
149
153
153
157
158
158
158
158
158
158
158
158
158
158
158
158
158
158
158
158
159
159
159
159
159
159
159
159
159
159
160
160
160
161
161
161
163
164
167
168
169
170
170
172
172
177
178
178
179
179
179
183
184
184
186
192
193
199
201
204
206
207
208
208
209
214
215
216
218
218
222
231
232
233
233
234
238
238
239
239
239
239
242
248
248
249
250
250
251
257
257
257
257
266
266
281
281
282
282
282
282
282
283
283
283
283
283
283
283
283
283
283
283
283
283
284
284
286
286
286
286
286
286
286
286
293
295
295
295
301
307
315
315
315
315
315
315
315
315
315
315
319
322
325
325
325
325
337
337
341
349
368
369
369
371
375
382
383
385
386
388
389
389
392
392
392
392
393
394
394
394
394
394
395
395
395
402
402
402
403
403
403
403
403
403
403
403
404
406
408
410
411
415
416
416
416
416
422
423
425
425
428
438
438
439
439
439
450
451
451
453
455
456
461
465
465
465
468
468
469
474
476
482
485
490
490
491
492
495
496
497
497
497
498
498
502
504
507
517
518
530
545
546
552
563
564
571
571
571
571
573
574
576
576
576
582
584
589
589
594
602
610
610
610
610
633
636
644
646
647
654
664
664
664
664
664
664
664
664
664
664
664
664
664
668
669
669
669
670
670
670
671
673
675
675
676
678
680
695
697
699
704
704
704
714
717
727
728
733
734
750
751
771
786
830
838
844
847
850
870
879
885
885
887
893
895
995
1000
1028
1031
