1
2
3
5
5
5
5
6
6
6
7
7
7
7
7
8
8
8
8
8
8
8
9
9
9
9
9
9
9
9
9
9
9
9
9
10
10
10
10
10
10
10
10
10
10
10
10
11
11
11
11
12
12
12
13
13
13
13
13
13
13
13
13
13
14
14
14
14
15
15
15
15
15
16
16
16
16
16
16
17
17
17
17
17
17
17
17
17
18
18
18
18
18
18
19
19
19
19
19
19
20
20
20
20
20
20
20
20
20
21
21
21
21
21
22
22
22
22
22
22
22
23
23
24
24
24
24
24
25
25
25
25
25
25
25
25
25
25
25
26
26
26
26
26
26
27
27
28
28
28
29
29
29
29
29
29
30
30
30
30
30
30
30
31
31
31
31
31
31
32
32
32
32
32
32
32
32
32
33
34
34
34
34
34
34
35
35
35
35
35
35
36
36
37
37
37
37
37
37
37
37
37
37
38
38
38
38
38
39
39
39
40
40
40
40
41
41
41
41
41
41
42
42
42
42
42
43
43
43
44
44
44
44
44
45
45
45
45
45
46
46
46
47
47
47
47
47
47
48
48
48
48
48
49
49
49
49
49
49
49
50
50
51
51
51
52
52
52
52
52
52
52
53
53
53
53
54
55
55
55
55
55
55
55
55
56
56
56
56
57
57
57
57
57
57
57
57
58
58
58
58
58
59
59
59
59
59
59
59
60
60
60
60
60
60
60
60
60
60
60
60
61
61
61
61
61
61
62
62
62
62
62
62
62
62
63
63
63
63
63
64
64
64
64
64
64
64
64
64
64
65
65
65
65
65
65
65
65
65
65
66
66
66
66
66
67
67
67
67
69
69
69
69
69
69
70
70
70
71
71
71
71
71
71
72
72
72
72
72
72
72
73
73
73
73
73
73
74
74
75
75
76
76
76
77
77
77
78
78
78
78
78
79
79
79
80
80
81
81
81
82
82
83
83
83
83
84
84
84
84
85
85
85
85
86
86
86
86
86
86
86
86
86
86
86
86
86
86
87
87
87
88
88
88
89
89
90
91
91
91
91
92
92
92
92
93
93
93
93
94
94
94
94
94
94
94
94
94
94
94
94
95
95
95
95
95
96
96
96
96
96
96
96
96
97
97
97
98
99
99
99
99
99
99
100
100
100
101
101
102
102
102
102
102
102
102
103
103
103
103
104
104
104
104
104
105
105
105
106
106
106
106
106
106
106
106
106
107
107
107
108
108
109
109
109
109
109
109
109
109
109
109
109
109
109
109
109
109
110
110
110
110
111
111
111
111
112
112
112
112
113
113
113
113
113
113
113
114
114
114
115
115
115
115
115
115
115
116
116
116
116
116
116
116
116
116
116
116
116
117
117
117
118
118
118
118
119
119
119
119
119
119
119
120
120
120
120
121
121
123
123
123
124
124
124
124
125
125
125
125
125
126
126
126
126
126
127
127
127
127
127
127
127
127
127
128
128
129
129
129
130
130
131
131
131
132
132
132
132
132
132
132
133
133
133
133
133
134
134
134
134
134
136
136
136
136
138
138
139
139
139
139
140
140
140
140
140
140
142
142
143
143
143
144
144
145
146
146
146
147
147
147
148
148
148
148
148
149
149
149
151
151
151
151
152
153
153
154
154
155
155
155
156
156
156
157
157
159
159
161
162
162
163
165
165
165
165
166
166
166
166
166
166
166
166
166
167
167
168
168
168
169
170
171
172
174
176
176
178
179
179
180
182
182
184
184
184
185
186
188
188
188
188
189
190
191
191
192
192
194
194
194
194
197
197
198
198
198
199
200
200
203
203
204
206
207
208
208
209
210
210
213
213
219
221
225
226
226
226
227
228
229
230
232
241
246
246
248
249
249
251
255
258
258
260
262
267
268
268
270
270
271
271
272
274
275
275
278
279
287
288
290
290
290
292
295
295
296
296
296
297
297
299
303
306
306
309
310
314
316
317
318
323
327
331
333
337
340
341
341
346
347
348
349
349
350
351
353
354
361
365
369
371
374
377
377
378
379
383
397
398
404
405
412
413
420
426
428
429
431
432
437
443
445
445
448
451
451
453
456
458
461
462
463
463
468
468
480
483
483
483
484
485
486
486
486
492
498
502
504
504
506
507
510
515
517
518
519
520
521
522
525
527
528
532
534
535
538
540
541
543
544
547
548
549
550
551
556
558
560
571
572
576
582
594
602
610
612
616
616
617
617
621
622
623
624
631
632
632
638
645
647
647
648
651
652
653
654
656
657
660
663
663
663
666
667
669
670
673
675
675
675
675
675
676
677
679
681
684
685
685
688
688
689
690
693
693
694
694
696
696
697
698
698
700
702
703
703
704
704
705
708
715
716
717
719
722
724
724
725
730
746
746
748
751
756
761
791
801
804
827
828
831
841
845
849
849
850
850
851
856
856
860
862
868
874
875
887
895
921
956
963
964
970
970
982
984
991
991
1002
1003
1003
1006
1008
1012
1012
1013
1013
1016
1021
1023
1024
1028
1028
1028
1034
1036
1037
1037
1037
1038
1038
1038
1038
1039
1039
1039
1039
1040
1040
1040
1040
1042
1042
1043
1047
1051
1051
1055
1057
1057
1059
1059
1063
1063
1070
1071
1071
1079
1081
1083
1085
1088
1101
1121
1126
1128
1129
1130
1131
1137
1138
1141
1142
1143
1166
1182
1194
1200
1203
1207
1209
1233
1235
1245
1247
1249
1297
1300
1304
1305
1314
1417
1440
1441
1442
1444
1445
1445
1448
1449
1449
1451
1451
1452
1452
1453
1453
1453
1453
1453
1454
1454
1454
1455
1455
1456
1457
1457
1457
1458
1458
1458
1458
1458
1458
1458
1459
1459
1459
1460
1460
1461
1461
1461
1461
1462
1463
1464
1465
1465
1466
1469
1469
1469
1469
1469
1469
1471
1471
1473
1474
1476
1477
1478
1479
1480
1481
1481
1481
1482
1483
1483
1483
1484
1484
1485
1488
1488
1489
1489
1490
1491
1492
1492
1492
1493
1493
1494
1495
1495
1495
1496
1496
1496
1497
1498
1499
1500
1501
1502
1502
1504
1504
1505
1505
1505
1505
1505
1505
1505
1506
1508
1508
1509
1509
1510
1511
1511
1511
1511
1511
1511
1511
1512
1512
1512
1512
1512
1512
1512
1513
1513
1513
1514
1514
1516
1516
1517
1517
1522
1523
1523
1523
1524
1524
1524
1524
1525
1525
1526
1526
1528
1528
1528
1528
1529
1530
1531
1531
1532
1534
1534
1534
1540
1541
1541
1548
1548
1549
1549
1551
1551
1554
1554
1554
1554
1555
1556
1557
1561
1562
1563
1563
1563
1563
1563
1564
1564
1566
1570
1570
1570
1571
1573
1577
1577
1577
1578
1579
1579
1581
1584
1585
1585
1587
1590
1592
1616
1622
1623
1624
1627
1627
1631
1633
1636
1637
1637
1637
1637
1642
1642
1642
1642
1643
1643
1643
1643
1644
1648
1650
1652
1652
1653
1653
1654
1654
1654
1655
1657
1658
1658
1659
1660
1661
1661
1661
1662
1662
1663
1664
1665
1665
1666
1666
1667
1667
1669
1669
1671
1672
1674
1674
1674
1674
1675
1677
1678
1678
1678
1679
1680
1681
1681
1682
1682
1682
1682
1682
1682
1683
1683
1684
1684
1685
1685
1686
1686
1687
1687
1688
1692
1697
1698
1699
1699
1700
1701
1701
1702
1704
1704
1705
1705
1705
1705
1706
1707
1708
1708
1708
1714
1715
1716
1718
1718
1718
1718
1718
1718
1718
1719
1719
1719
1720
1720
1720
1720
1721
1721
1723
1723
1724
1724
1725
1725
1725
1727
1728
1729
1731
1732
1732
1732
1732
1733
1733
1733
1734
1735
1735
1735
1736
1738
1738
1739
1739
1741
1743
1745
1745
1749
1749
1752
1754
1754
1756
1757
1759
1760
1761
1765
1766
1766
1769
1777
1777
1782
1782
1782
1782
1792
1793
1795
1802
1808
1808
1811
1812
1820
1824
1831
1832
1834
1836
1838
1841
1841
1860
1862
1862
1864
1864
1884
2013
2025
2071
2073
2119
2119
2163
2184
2228
2235
2237
2237
2323
2332
2333
2339
2504
2504
2506
2506
2507
2517
2519
2523
2531
2533
2536
2545
2551
2560
2560
2563
2563
2590
2591
2591
2592
2614
2618
2623
2631
2648
2656
2658
2664
2681
2682
2719
2721
2723
2723
2725
2725
2726
2728
2728
2771
2784
2809
2832
2833
2852
2859
2864
2865
2878
2879
2881
2881
2881
2882
2885
2886
2887
2887
2887
2889
2890
2890
2891
2894
2896
2896
2898
2900
2901
2901
2902
2912
2913
2913
2914
2915
2916
2916
2921
2926
2927
2929
2929
2935
2942
2942
2948
2948
2977
2999
3006
3006
3006
3009
3011
3015
3024
3025
3025
3025
3026
3026
3027
3029
3029
3030
3031
3042
3047
3048
3048
3049
3049
3058
3060
3062
3063
3065
3065
3066
3066
3066
3067
3067
3068
3069
3071
3071
3072
3072
3078
3078
3079
3080
3080
3080
3080
3081
3081
3085
3087
3087
3100
3100
3100
3100
3113
3116
3119
3139
3155
3164
3177
3181
3191
3198
3211
3211
3212
3215
3215
3216
3217
3218
3219
3222
3225
3226
3229
3232
3236
3237
3237
3238
3239
3239
3239
3239
3240
3240
3240
3240
3241
3246
3247
3248
3248
3251
3253
3253
3254
3255
3255
3256
3256
3258
3261
3262
3268
3268
3269
3270
3271
3274
3276
3277
3278
3280
3281
3282
3351
3364
3379
3380
3388
3388
3437
3437
3439
3440
3442
3442
3454
3459
3460
3460
3463
3495
3496
3502
3509
3775
3781
3786
3790
3790
3793
3794
3796
3796
3802
3802
3802
3803
3803
3804
3804
3805
3805
3805
3805
3805
3806
3806
3806
3806
3806
3807
3808
3809
3812
3812
3813
3815
3816
3817
3817
3819
3821
3825
3826
3827
3827
3827
3828
3828
3828
3831
3831
3832
3832
3836
3851
3858
3862
3866
3868
3869
3869
3869
3870
3870
3871
3871
3871
3873
3874
3874
3874
3874
3875
3880
3881
3881
3881
3886
3899
3919
3925
3925
3925
3926
3926
3960
3961
3961
3962
4027
4028
4030
4031
4031
4056
4060
4100
4126
4157
4181
4191
4206
4213
4213
4213
4213
4213
4214
4223
4224
4229
4229
4231
4232
4234
4235
4235
4239
4253
4381
4398
4399
4414
4414
4529
4541
4541
4541
4544
4545
4546
4550
4551
4552
4557
4560
4560
4566
4566
4567
4582
4602
4603
4604
4605
4605
4605
4606
4615
4617
4617
4617
4622
4633
4644
4658
4662
4663
4701
4715
4716
4717
4723
4723
4723
4724
4739
4739
4743
4744
4744
4744
4749
4750
4752
4753
4761
4762
4779
4780
4781
4783
4802
4809
4810
4810
4813
4814
4815
4816
4819
4820
4821
4822
4822
4822
4823
4823
4824
4825
4825
4825
4826
4828
4828
4835
4836
4838
4839
4839
4841
4842
4843
4844
4863
4870
4871
4873
4873
4874
4878
4879
4886
4891
4893
4895
4895
4896
4898
4900
4901
4903
4904
4909
4934
4999
5004
5025
5037
5042
5046
5047
5048
5048
5049
5049
5132
5133
5215
5218
5247
5276
5332
5394
5395
5404
5429
5499
5502
5503
5539
5543
5545
5549
5553
5641
5709
5709
5710
5957
5959
5973
5977
5977
5978
6038
6052
6337
6338
6339
6340
6341
6343
6343
6345
6351
6351
6354
6360
6366
6372
6375
6377
6390
6397
6418
6462
6464
6464
6465
6465
6467
6469
6471
6474
6484
6484
6490
6491
6492
6494
6528
6529
6531
6534
6538
6539
6543
6546
6547
6563
6566
6571
6877
6983
6994
6998
6999
7002
7005
7007
7014
7016
7017
7018
7021
7025
7025
7026
7123
7138
7412
7413
7415
7419
7425
7427
7432
7435
7435
7435
7437
7440
7445
7451
7457
7457
7461
7461
7572
7576
7581
7586
7602
7608
7674
7703
7704
7704
7705
7710
7712
7715
7719
7721
7723
7763
7796
7808
7811
7818
7818
7863
7864
7871
7871
7871
7888
7889
7891
7891
7892
7893
7896
7912
7922
7922
7922
7926
7985
7988
7989
7990
7992
8003
8004
8005
8009
8021
8024
8031
8038
8039
8041
8043
8045
8046
8047
8052
8056
8058
8058
8060
8204
8205
8227
8313
8323
8341
8391
8393
8418
8419
8419
8420
8425
8426
8426
8428
8429
8429
8432
8433
8437
8438
8439
8445
8448
8448
8450
8451
8452
8456
8460
8471
8471
8473
8473
8473
8490
8542
8573
8580
8580
8580
8581
8596
8660
8729
8732
8736
8738
8748
8825
8828
8829
8830
8834
8847
8862
8864
8865
8868
8871
8873
8874
8875
8877
8879
8880
8884
8887
8890
8891
8909
8910
8918
8925
8931
9001
9107
9161
9161
9245
9266
9289
9303
9315
9321
9322
9329
9375
9381
9384
9386
9389
9390
9391
9395
9397
9398
9401
9408
9416
9421
9422
9423
9423
9425
9427
9428
9439
9443
9444
9444
9446
9491
9493
9495
9498
9508
9540
9553
9561
9564
9574
9623
9626
