1
2
3
5
6
7
7
7
7
8
9
9
9
9
10
10
10
10
10
10
11
11
11
11
11
12
12
12
12
12
12
12
12
13
13
13
13
13
13
13
14
14
14
14
15
15
15
15
15
15
15
16
16
16
16
16
16
16
16
16
17
17
17
17
17
17
17
18
18
18
18
18
18
18
18
18
19
19
20
20
20
20
21
23
23
24
24
25
25
26
27
27
27
28
28
28
28
28
29
29
29
29
30
30
30
31
31
31
31
31
32
32
32
32
32
32
32
33
33
34
34
35
35
35
35
36
36
36
36
37
38
39
40
41
42
42
42
43
43
43
44
46
47
47
48
48
50
51
51
51
51
52
52
52
53
54
54
54
54
54
55
56
56
56
57
59
59
59
60
60
60
60
60
61
61
61
62
62
62
63
63
63
64
65
65
65
65
65
65
65
66
66
67
67
67
67
67
67
68
68
69
69
69
70
70
70
71
71
71
71
71
72
73
73
73
74
74
74
75
75
75
76
76
77
78
78
78
78
79
79
79
79
79
79
81
83
84
84
85
85
85
85
87
89
90
90
90
91
91
91
91
92
92
92
92
93
93
93
94
94
96
96
96
96
97
98
99
99
100
100
100
101
103
103
104
104
105
105
105
105
105
106
107
107
108
108
108
109
111
111
111
112
112
112
113
113
114
114
115
115
115
115
115
115
115
115
115
116
116
116
117
117
117
117
117
117
118
118
118
118
118
119
119
121
122
122
123
123
124
125
126
126
127
128
128
128
129
129
131
131
132
132
134
135
136
137
137
138
138
139
139
139
139
140
140
140
142
142
142
144
144
145
145
145
146
146
147
148
149
150
150
150
151
152
152
152
152
153
153
154
154
155
155
155
155
155
155
156
156
156
157
157
158
158
158
158
159
159
160
160
160
160
161
161
162
162
162
163
163
163
163
163
163
164
164
164
164
165
166
167
168
168
168
169
171
171
171
171
175
175
176
176
176
177
178
178
179
179
179
179
180
180
180
181
181
182
182
182
183
183
183
184
184
184
185
185
185
185
185
187
187
189
189
190
190
190
191
191
191
192
192
192
193
193
193
193
194
194
195
196
196
197
197
197
198
198
198
200
200
201
202
204
204
204
206
207
208
209
209
210
210
211
213
214
214
214
215
216
217
217
217
218
219
219
219
222
223
225
226
226
226
227
228
230
230
231
231
231
231
231
233
233
234
235
237
239
240
241
242
242
243
244
247
249
252
252
257
257
263
266
267
268
269
273
273
274
276
279
279
280
281
281
281
283
284
285
285
286
286
286
289
290
291
292
294
294
295
298
298
299
302
303
303
306
307
310
313
313
313
316
316
316
319
321
324
325
334
335
336
339
340
341
342
342
344
349
353
357
359
360
360
361
361
361
362
363
365
365
368
369
370
371
371
371
372
378
386
386
388
388
388
388
389
389
389
390
390
392
393
397
397
401
402
402
408
410
412
419
425
433
434
434
435
435
435
436
436
437
438
439
443
444
445
450
451
453
453
457
457
458
458
461
462
465
467
468
470
471
472
474
480
481
483
483
484
490
491
492
493
495
496
496
496
496
496
498
498
499
503
504
508
508
508
509
511
513
513
517
519
520
520
523
524
524
526
527
528
529
530
533
535
536
541
543
543
543
545
545
545
546
547
548
548
549
550
550
551
551
552
552
552
552
552
553
553
553
554
556
557
558
558
559
559
559
559
560
562
562
563
564
564
565
566
567
567
567
568
570
571
571
573
578
579
579
580
581
583
583
584
584
585
585
585
586
588
589
594
595
595
597
598
598
601
603
605
605
605
605
606
606
609
609
610
611
612
612
616
616
617
617
617
619
620
621
621
622
622
622
625
626
628
629
630
632
633
636
636
637
637
638
639
640
645
646
646
646
646
646
646
647
647
647
647
647
648
649
650
651
652
652
655
656
656
656
657
659
659
660
660
662
664
667
667
668
668
668
670
672
673
674
674
674
675
675
675
675
676
676
676
676
677
677
677
677
678
678
679
679
679
680
680
680
684
691
726
730
734
735
738
741
741
745
746
746
746
747
748
749
750
751
754
781
786
798
804
806
813
817
820
821
824
824
825
825
825
826
835
876
878
882
887
889
889
894
897
898
898
898
899
899
903
907
908
911
913
913
913
913
913
914
914
914
915
915
916
916
916
917
917
917
918
919
919
919
922
922
923
923
925
927
931
931
932
933
934
935
935
936
936
936
942
942
944
944
944
945
946
947
947
947
947
950
950
951
951
952
953
953
953
955
955
956
959
959
960
964
965
966
971
973
973
973
977
977
981
982
986
986
986
987
987
987
987
988
995
995
999
1002
1003
1006
1007
1014
1015
1015
1015
1054
1060
1071
1081
1085
1095
1106
1106
1137
1159
1205
1207
1233
1233
1239
1248
1258
1268
1268
1288
1292
1292
1295
1303
1313
1313
1315
1316
1319
1320
1333
1339
1342
1346
1350
1350
1352
1359
1361
1363
1365
1365
1375
1382
1387
1391
1405
1407
1428
1428
1428
1429
1429
1429
1432
1432
1433
1434
1434
1435
1435
1435
1435
1436
1437
1437
1437
1437
1438
1438
1439
1440
1440
1440
1440
1440
1440
1441
1441
1441
1441
1441
1441
1441
1441
1442
1443
1443
1443
1443
1443
1444
1444
1446
1446
1446
1448
1450
1451
1451
1451
1451
1453
1454
1454
1454
1455
1455
1455
1455
1455
1456
1456
1457
1458
1460
1460
1462
1464
1465
1465
1465
1466
1466
1467
1467
1467
1467
1469
1471
1471
1472
1473
1473
1473
1474
1474
1474
1474
1474
1474
1474
1475
1475
1475
1476
1476
1477
1477
1477
1478
1479
1480
1480
1481
1483
1483
1484
1486
1486
1487
1487
1487
1488
1488
1488
1489
1490
1490
1490
1490
1490
1491
1491
1492
1492
1493
1493
1494
1494
1494
1495
1495
1496
1496
1497
1497
1497
1498
1498
1499
1499
1499
1500
1500
1501
1502
1502
1503
1504
1504
1509
1510
1514
1514
1514
1515
1520
1520
1521
1522
1522
1523
1523
1523
1524
1525
1525
1525
1527
1528
1528
1529
1529
1530
1530
1530
1530
1531
1531
1532
1532
1532
1534
1535
1537
1537
1537
1538
1539
1539
1539
1539
1540
1540
1541
1541
1543
1544
1545
1545
1546
1546
1546
1548
1548
1549
1549
1549
1549
1549
1549
1549
1550
1550
1550
1550
1550
1550
1551
1553
1554
1554
1556
1557
1557
1557
1558
1558
1559
1560
1560
1562
1562
1563
1563
1564
1564
1564
1565
1565
1566
1566
1567
1567
1567
1570
1571
1572
1572
1573
1574
1574
1575
1575
1576
1576
1576
1579
1579
1579
1580
1581
1582
1583
1584
1588
1589
1590
1595
1595
1596
1596
1597
1597
1598
1601
1604
1608
1608
1608
1609
1610
1611
1612
1613
1614
1615
1617
1618
1618
1620
1621
1621
1621
1623
1624
1625
1625
1625
1627
1627
1628
1629
1629
1630
1630
1631
1631
1631
1632
1632
1633
1634
1634
1634
1634
1634
1635
1635
1636
1637
1637
1639
1639
1639
1641
1642
1643
1643
1644
1644
1645
1645
1646
1646
1647
1650
1651
1651
1654
1655
1655
1657
1657
1658
1660
1661
1662
1662
1662
1665
1666
1666
1666
1668
1672
1673
1673
1674
1675
1675
1675
1676
1677
1677
1678
1679
1680
1680
1680
1681
1682
1682
1682
1683
1683
1683
1683
1683
1684
1684
1684
1685
1685
1685
1685
1685
1686
1686
1686
1686
1687
1687
1687
1688
1688
1688
1688
1688
1689
1689
1689
1690
1690
1690
1690
1691
1691
1691
1691
1691
1692
1692
1693
1694
1695
1697
1698
1700
1701
1702
1703
1704
1704
1704
1705
1705
1707
1708
1709
1709
1709
1709
1710
1711
1713
1713
1714
1716
1718
1719
1719
1719
1721
1722
1722
1723
1727
1727
1728
1729
1730
1731
1732
1734
1736
1738
1746
1751
1753
1753
1753
1754
1755
1756
1756
1756
1760
1765
1766
1771
1772
1780
1783
1786
1790
1793
1815
1819
1821
1822
1833
1833
1846
1847
1852
1854
1857
1861
1865
1865
1869
1875
1876
1902
1902
1905
1909
1913
1915
1922
1946
1946
1946
1946
1947
1948
1949
1950
1950
1950
1951
1954
1960
1965
1968
1970
1971
1972
1972
1977
1980
1981
1985
1985
1986
1988
1989
1996
1996
1997
1997
1998
1998
2002
2002
2008
2014
2019
2075
2077
2087
2093
2110
2118
2121
2124
2129
2130
2134
2135
2142
2156
2160
2164
2172
2178
2206
2206
2207
2208
2208
2222
2225
2226
2238
2242
2242
2244
2246
2246
2247
2248
2249
2250
2250
2254
2255
2256
2257
2258
2265
2265
2268
2294
2295
2297
2299
2299
2301
2302
2304
2304
2309
2315
2324
2346
2349
2355
2356
2358
2359
2362
2364
2375
2375
2376
2378
2386
2391
2394
2420
2427
2436
2447
2448
2451
2453
2455
2455
2457
2460
2461
2461
2465
2465
2466
2469
2474
2474
2476
2476
2478
2489
2490
2518
2521
2522
2532
2537
2539
2540
2541
2542
2542
2542
2552
2553
2553
2553
2553
2556
2571
2571
2572
2575
2594
2596
2596
2600
2600
2602
2618
2620
2620
2620
2620
2620
2620
2621
2621
2622
2622
2622
2623
2626
2627
2637
2641
2650
2675
2676
2679
2679
2679
2680
2680
2681
2681
2681
2682
2683
2683
2683
2688
2688
2689
2689
2695
2696
2696
2708
2713
2713
2735
2737
2783
2861
2871
2872
2874
2900
2907
2907
2908
2911
2914
2950
2955
2957
2964
2965
2971
2975
2978
2978
2990
2994
2995
2999
3003
3013
3013
3014
3015
3015
3015
3017
3019
3020
3026
3050
3055
3061
3062
3062
3063
3065
3074
3075
3076
3076
3077
3080
3082
3083
3089
3094
3096
3099
3103
3106
3106
3107
3111
3114
3114
3114
3114
3115
3115
3116
3117
3119
3124
3125
3129
3130
3134
3137
3139
3141
3143
3144
3149
3150
3156
3162
3164
3167
3168
3175
3178
3182
3186
3195
3195
3206
3219
3219
3219
3230
3247
3251
3273
3281
3293
3293
3313
3313
3336
3341
3356
3356
3358
3403
3404
3408
3410
3428
3457
3462
3468
3489
3493
3494
3494
3494
3523
3525
3526
3526
3537
3538
3539
3546
3549
3550
3556
3561
3568
3571
3577
3579
3579
3581
3584
3585
3594
3654
3655
3656
3712
3722
3775
3782
3810
3828
3828
3828
3829
3829
3830
3840
3845
3845
3868
3876
3920
3938
3964
3988
4000
4002
4005
4019
4023
4025
4033
4040
4041
4047
4047
4073
4112
4113
4114
4118
4119
4119
4120
4131
4139
4139
4139
4140
4142
4142
4142
4144
4144
4144
4146
4146
4146
4155
4158
4169
4171
4172
4172
4173
4177
4177
4177
4178
4179
4179
4186
4198
4219
4229
4321
4327
4362
4376
4379
4381
4416
4417
4420
4423
4429
4436
4439
4441
4441
4465
4465
4466
4466
4467
4468
4468
4475
4476
4477
4492
4503
4508
4509
4512
4516
4528
4528
4530
4530
4530
4530
4531
4533
4538
4538
4538
4538
4539
4545
4546
4557
4561
4573
4578
4579
4579
4582
4582
4584
4586
4587
4587
4592
4594
4598
4600
4601
4601
4603
4604
4604
4605
4610
4611
4612
4615
4618
4630
4643
4644
4644
4647
4655
4656
4656
4657
4657
4662
4671
4678
4679
4680
4681
4693
4695
4698
4702
4703
4705
4706
4710
4712
4714
4715
4715
4719
4722
4722
4723
4724
4734
4737
4738
4779
4779
4781
4789
4791
4793
4794
4806
4815
4826
4848
4856
4860
4860
4869
4870
4871
4873
4873
4877
4877
4879
4881
4883
4886
4936
4939
4956
4958
4958
4967
4981
4982
4983
4986
4989
4992
4996
4996
4997
4997
5013
5014
5031
5049
5054
5054
5056
5065
5095
5105
5141
5141
5166
5201
5321
5369
5397
5404
5409
5425
5462
5475
5596
5596
5599
5600
5600
5600
5600
5689
5691
5694
5732
5732
5732
5737
5745
5748
5750
5751
5756
5756
5784
5908
6009
6022
6027
6030
6034
6045
6065
6069
6075
6093
6098
6106
6109
6114
6114
6114
6125
6126
6126
6130
6130
6130
6135
6136
6137
6142
6142
6143
6144
6145
6146
6147
6150
6176
6210
6232
6261
6269
6271
6271
6271
6273
6282
6326
6420
6421
6468
6471
6473
6483
6486
6487
6868
6878
6880
6881
6885
6887
6888
6909
7029
7128
7132
7132
7143
7147
7150
7151
7153
7154
7155
7160
7161
7172
7173
7174
7189
7193
7447
7458
7459
7459
7470
7471
7476
7476
7489
7495
7548
7548
7558
7572
7583
7585
7586
7587
7588
7588
7588
7589
7594
7609
7612
7619
7624
7636
7640
7644
7656
7656
7657
7658
7659
7659
7659
7661
7662
7722
7724
7725
7728
7741
7760
7761
7763
7836
7866
7873
7876
7886
7891
7900
7900
7901
7901
7901
7903
7909
7911
7931
7933
7939
7942
7943
7943
7944
7952
7956
7960
7962
7964
7965
7971
7983
7986
7987
7988
