1
4
4
5
5
5
6
6
6
6
7
7
7
7
7
7
8
8
8
8
8
9
9
9
9
9
9
9
10
10
10
10
10
10
10
10
10
11
11
11
11
11
11
11
11
11
12
12
12
12
12
12
12
13
13
13
13
13
13
13
14
14
14
14
14
15
15
15
15
15
17
18
18
18
19
19
19
20
20
20
20
21
21
22
22
22
22
22
22
23
23
23
23
24
24
25
25
26
26
26
26
27
27
28
28
28
28
29
29
30
30
30
30
30
31
31
31
33
33
34
34
34
35
35
35
35
36
36
36
36
37
37
37
37
38
38
38
39
39
39
40
40
40
41
42
42
42
43
44
45
45
45
46
46
46
46
47
47
47
48
48
49
49
49
49
49
50
50
50
50
50
51
51
52
52
53
53
53
53
53
55
55
56
56
56
56
57
57
57
58
59
60
60
60
61
61
61
61
61
61
62
62
64
64
65
66
67
67
68
68
69
69
69
69
70
70
70
71
72
73
73
73
73
74
74
74
75
75
75
76
77
77
78
78
78
79
80
81
81
81
81
81
81
82
82
82
82
82
82
82
83
83
84
84
84
85
85
87
87
87
88
88
88
88
88
88
88
88
89
89
89
90
90
90
92
92
92
93
94
94
94
94
95
95
95
96
96
96
97
97
98
100
100
100
101
102
102
103
103
104
104
106
108
109
109
110
110
111
111
111
111
111
111
111
111
111
111
111
115
116
116
116
118
119
119
119
121
121
122
122
123
123
125
125
125
128
128
129
129
130
130
130
132
132
133
134
136
136
136
137
138
140
140
141
141
141
141
142
142
144
144
146
147
147
148
148
148
148
151
151
151
152
152
152
153
153
153
154
154
154
154
155
155
155
156
157
157
157
157
158
158
158
158
159
159
159
160
160
161
161
161
162
162
162
163
163
164
165
165
165
166
166
166
167
168
168
168
168
168
168
169
169
169
169
170
170
170
170
171
171
171
171
171
172
172
172
172
173
173
173
173
173
173
174
175
176
176
177
177
177
178
180
180
181
181
181
182
182
183
183
183
184
185
185
185
186
186
186
186
187
187
187
187
188
188
189
189
190
191
194
195
196
196
196
198
199
199
202
202
202
203
204
205
205
206
206
207
208
208
209
210
210
210
211
212
212
213
216
216
217
221
222
223
223
223
223
224
224
224
224
224
225
225
225
225
225
225
226
226
227
227
229
230
230
231
231
231
232
233
233
233
235
236
237
238
239
239
240
240
241
243
245
245
246
247
247
247
247
248
250
251
251
252
252
252
252
252
252
253
253
254
254
254
255
255
255
257
259
263
263
264
266
267
270
271
271
271
272
274
275
275
275
278
280
281
281
287
287
287
292
293
294
295
295
296
296
297
297
298
298
300
301
302
302
303
305
305
305
306
307
308
308
308
308
308
310
310
312
313
314
314
316
316
316
318
318
319
323
324
325
327
328
328
329
329
331
331
332
333
334
334
338
340
342
342
344
345
345
348
349
351
351
351
352
356
357
358
365
366
367
370
371
373
374
374
380
380
381
386
386
388
391
396
396
398
401
403
409
411
412
413
414
418
418
419
420
421
428
434
439
439
440
445
445
453
453
456
457
458
458
459
461
462
462
463
463
463
464
465
466
466
467
468
468
468
469
469
469
470
471
471
471
471
471
474
475
475
476
476
477
477
478
481
482
483
485
485
489
489
490
491
493
494
494
495
495
495
495
496
496
496
497
497
498
500
500
501
501
502
502
504
509
511
512
512
516
517
518
519
519
521
522
524
524
525
525
528
531
533
534
534
535
535
536
536
537
538
541
543
544
545
545
547
548
549
550
551
552
553
555
560
561
568
569
571
571
572
572
574
576
578
578
582
583
589
589
593
593
593
594
597
598
599
599
603
606
647
648
664
666
667
668
670
671
675
681
683
685
686
694
711
725
737
737
742
742
744
748
752
769
769
769
769
770
772
775
775
776
781
783
783
792
794
794
796
796
798
803
804
810
810
817
826
829
832
833
833
833
835
836
836
837
837
840
842
843
844
845
846
848
848
848
848
848
848
849
849
853
856
857
858
861
862
865
867
870
871
871
876
883
919
922
922
932
937
941
943
943
944
945
946
946
970
971
972
973
974
983
983
984
991
1003
1004
1006
1006
1007
1007
1023
1025
1028
1029
1031
1105
1105
1114
1118
1119
1135
1139
1142
1236
1237
1242
1242
1244
1248
1248
1249
1256
1257
1260
1263
1266
1267
1273
1273
1277
1281
1283
1294
1295
1296
1296
1300
1303
1313
1314
1321
1323
1331
1334
1335
1338
1339
1346
1351
1353
1359
1362
1364
1367
1372
1373
1374
1375
1381
1391
1392
1394
1404
1404
1405
1405
1405
1411
1411
1411
1412
1412
1415
1419
1420
1426
1426
1434
1436
1437
1438
1445
1447
1450
1450
1451
1452
1452
1453
1453
1454
1454
1454
1454
1454
1455
1455
1455
1455
1456
1456
1456
1457
1457
1458
1458
1461
1461
1463
1465
1466
1466
1467
1467
1467
1467
1467
1469
1471
1472
1472
1473
1474
1476
1477
1477
1478
1479
1480
1480
1482
1483
1483
1483
1483
1484
1484
1485
1485
1486
1486
1488
1488
1490
1490
1490
1491
1493
1494
1495
1495
1496
1496
1496
1499
1499
1500
1502
1502
1503
1504
1504
1504
1504
1504
1504
1505
1505
1505
1505
1505
1505
1505
1506
1506
1506
1506
1507
1508
1508
1509
1509
1511
1512
1512
1512
1512
1513
1514
1514
1514
1515
1517
1519
1520
1521
1522
1523
1524
1524
1525
1525
1527
1527
1527
1531
1531
1533
1534
1534
1535
1536
1536
1536
1536
1537
1539
1540
1540
1540
1541
1543
1543
1544
1544
1544
1544
1545
1545
1546
1547
1548
1549
1550
1551
1552
1553
1554
1555
1559
1559
1559
1562
1562
1564
1566
1568
1568
1570
1571
1571
1575
1577
1577
1578
1579
1580
1581
1583
1585
1593
1595
1596
1598
1599
1600
1601
1601
1601
1601
1602
1603
1603
1606
1606
1607
1608
1608
1608
1608
1609
1611
1611
1611
1612
1612
1614
1614
1614
1615
1616
1618
1620
1630
1630
1631
1631
1632
1634
1636
1638
1639
1640
1640
1641
1642
1642
1642
1643
1644
1644
1645
1645
1645
1646
1646
1646
1646
1647
1650
1651
1657
1662
1668
1668
1669
1669
1670
1670
1671
1672
1672
1673
1674
1675
1675
1676
1677
1677
1679
1679
1680
1681
1682
1683
1686
1687
1688
1690
1690
1691
1691
1691
1692
1694
1695
1696
1698
1700
1701
1706
1708
1711
1711
1711
1711
1713
1714
1715
1718
1724
1725
1730
1732
1733
1735
1735
1737
1737
1738
1750
1751
1752
1753
1753
1753
1754
1755
1755
1758
1763
1764
1764
1768
1773
1780
1782
1783
1785
1785
1790
1792
1794
1796
1796
1800
1802
1805
1809
1810
1830
1840
1847
1856
1859
1860
1860
1861
1862
1862
1863
1864
1864
1864
1864
1865
1871
1882
1882
1887
1888
1889
1889
1894
1916
1923
1930
1932
1932
1932
1965
1971
1971
1971
1972
1973
1975
1975
1975
1976
1976
1976
1980
1981
2007
2019
2052
2052
2062
2069
2072
2082
2087
2096
2098
2106
2111
2126
2128
2139
2163
2164
2215
2216
2220
2244
2244
2249
2252
2261
2261
2265
2278
2284
2296
2298
2301
2303
2303
2304
2308
2310
2310
2311
2312
2312
2312
2313
2313
2314
2315
2316
2316
2316
2320
2323
2334
2337
2340
2343
2345
2349
2350
2352
2352
2352
2355
2356
2368
2371
2374
2374
2376
2377
2377
2378
2380
2400
2416
2439
2440
2440
2449
2450
2451
2452
2453
2455
2459
2464
2478
2478
2479
2479
2479
2496
2507
2507
2517
2518
2520
2521
2524
2557
2565
2567
2567
2577
2580
2581
2597
2597
2598
2664
2664
2664
2665
2666
2667
2667
2676
2678
2692
2713
2714
2717
2718
2719
2725
2726
2727
2728
2736
2736
2786
2795
2796
2798
2799
2803
2804
2806
2810
2810
2812
2813
2813
2814
2814
2821
2822
2822
2822
2822
2823
2823
2823
2824
2825
2838
2838
2839
2840
2840
2841
2841
2841
2842
2842
2842
2842
2853
2853
2854
2854
2856
2858
2860
2861
2862
2867
2867
2872
2889
2963
2973
2983
2999
3009
3010
3010
3011
3013
3020
3020
3021
3026
3026
3027
3029
3029
3057
3060
3084
3085
3088
3091
3093
3093
3094
3094
3095
3095
3095
3096
3104
3111
3122
3125
3126
3129
3135
3135
3136
3140
3142
3144
3144
3146
3151
3152
3152
3154
3154
3159
3173
3182
3182
3182
3182
3182
3182
3184
3185
3192
3200
3202
3205
3205
3206
3206
3207
3209
3210
3210
3210
3211
3211
3212
3213
3213
3214
3221
3222
3223
3224
3225
3232
3232
3232
3233
3236
3240
3240
3241
3241
3241
3242
3243
3244
3246
3246
3246
3247
3248
3255
3256
3262
3262
3264
3269
3270
3273
3273
3273
3274
3274
3276
3279
3279
3279
3280
3281
3282
3282
3283
3284
3284
3284
3284
3285
3285
3286
3286
3286
3286
3286
3287
3287
3287
3287
3287
3288
3290
3291
3295
3295
3297
3297
3298
3300
3303
3306
3306
3308
3308
3310
3312
3313
3313
3317
3318
3343
3345
3345
3347
3356
3381
3381
3383
3393
3394
3395
3397
3404
3405
3413
3414
3417
3419
3424
3425
3426
3426
3428
3429
3432
3438
3442
3443
3444
3446
3447
3450
3452
3453
3454
3460
3462
3470
3477
3478
3482
3483
3486
3488
3488
3490
3497
3504
3514
3515
3518
3520
3521
3524
3524
3525
3526
3528
3530
3531
3531
3531
3531
3532
3532
3536
3537
3537
3546
3585
3586
3587
3587
3587
3587
3588
3588
3597
3602
3612
3669
3670
3674
3675
3675
3675
3675
3676
3681
3687
3905
3907
3919
3923
3944
3945
3947
3947
3948
3954
3954
3963
3964
4008
4020
4025
4027
4027
4029
4064
4065
4077
4087
4087
4087
4092
4092
4098
4116
4171
4340
4345
4346
4348
4353
4353
4358
4359
4383
4383
4392
4406
4410
4420
4427
4438
4440
4446
4448
4450
4451
4473
4508
4508
4508
4523
4548
4548
4579
4582
4585
4597
4597
4599
4600
4600
4601
4608
4629
4640
4643
4643
4644
4645
4648
4689
4732
4736
4737
4737
4739
4754
4755
4762
4791
4797
4852
4859
4859
4860
4867
4879
4882
4885
4892
4897
4898
4901
4910
4913
4915
4915
4942
4942
4944
4944
4944
4947
4947
4949
4950
4951
4953
4954
4956
4957
4957
4960
4960
4960
4962
4962
4963
4963
4964
4964
4965
4967
4968
4968
4968
4968
4970
4971
4973
4981
4985
4988
4991
5007
5008
5013
5013
5013
5018
5022
5023
5071
5090
5090
5099
5099
5100
5143
5166
5187
5223
5223
5231
5243
5276
5286
5291
5304
5320
5350
5351
5355
5360
5366
5368
5374
5379
5379
5381
5384
5389
5421
5445
5711
5737
5737
5780
5788
5796
5805
5809
5809
5810
5817
5823
5925
5945
5951
6006
6017
6019
6038
6042
6084
6085
6086
6087
6087
6088
6097
6097
6101
6164
6164
6164
6188
6189
6197
6197
6213
6216
6217
6227
6229
6248
6251
6252
6258
6259
6259
6260
6260
6265
6270
6271
6291
6308
6308
6315
6316
6316
6317
6327
6329
6329
6335
6343
6344
6347
6349
6349
6355
6359
6360
6361
6368
6371
6379
6380
6381
6383
6383
6384
6385
6389
6392
6404
6404
6410
6431
6457
6458
6462
6463
6465
6465
6466
6480
6499
6511
6511
6511
6512
6516
6519
6520
6523
6529
6531
6532
6532
6545
6546
6548
6560
6578
6583
6600
6614
6616
6617
6628
6629
6629
6630
6631
6631
6638
6643
6656
6716
6719
6720
6720
6723
6766
6767
6770
6778
6781
6781
6786
6789
6789
6792
6792
6792
6811
6811
6825
6827
6832
6881
6908
6909
6961
6964
6966
6978
7093
7093
7113
7116
7116
7121
7143
7153
7163
7170
7170
7190
7193
7195
7196
7199
7202
7207
7213
7218
7219
7220
7220
7223
7224
7225
7226
7226
7236
7241
7243
7269
7269
7272
7281
7285
7286
7295
7296
7305
7394
7444
7445
7447
7538
7541
7584
7590
7591
7669
7673
7676
7687
7689
7691
7695
7700
7701
7701
7704
7704
7706
7709
7709
7709
7710
7724
7728
7731
7732
7732
7749
7753
7756
7757
7759
7759
7760
7763
7766
7767
7768
7770
7773
7774
7776
7779
7782
7782
7784
7785
7802
7814
7815
7855
7863
7877
7900
7901
7910
7924
7924
7927
7931
7931
7933
7938
7941
7948
7965
7971
7974
7978
7979
7980
7980
7980
7984
7986
7990
7992
7992
7997
8001
8003
8003
8003
8004
8009
8011
8016
8025
8027
8032
8032
8033
8033
8043
8045
8048
8051
8052
8052
8055
8065
8070
8087
8093
8095
8116
8117
8124
8138
8160
8168
8170
8176
8223
8230
8233
8233
8234
8236
8237
8241
8242
8247
8254
8259
8289
8292
8294
8314
8317
8341
8345
8381
8383
8389
8397
8400
8405
8433
8452
8673
8898
8898
9099
9101
9156
9160
9166
9169
9179
