0
2
2
5
6
6
6
7
7
8
8
8
8
8
8
8
8
8
8
8
8
9
9
9
9
9
9
9
9
9
9
9
9
10
10
10
10
10
11
11
11
11
11
11
11
11
11
11
11
11
12
12
12
12
12
12
13
13
13
13
13
13
13
13
14
14
14
15
16
16
16
16
16
17
17
17
17
18
19
19
19
19
19
19
19
19
20
20
20
20
20
20
21
21
22
22
22
22
22
22
22
23
23
23
23
23
23
24
24
24
25
25
25
25
25
25
26
26
26
26
26
27
27
27
28
29
29
29
30
30
31
31
31
32
33
33
34
34
34
35
36
36
36
37
37
37
37
37
38
38
38
38
39
39
39
40
40
41
42
42
42
42
42
43
44
45
45
46
46
46
47
47
47
47
47
47
47
48
48
48
49
49
49
50
50
50
50
51
51
51
51
51
52
53
53
53
53
53
54
54
55
55
55
56
56
56
56
56
56
56
57
57
57
57
57
58
58
58
58
58
59
59
59
60
60
60
60
60
61
61
62
62
62
62
62
62
63
63
63
63
63
63
63
63
64
64
65
65
65
65
68
68
69
69
69
70
72
72
72
72
73
73
73
74
74
74
74
74
75
76
76
77
77
77
78
78
78
78
79
79
79
79
79
79
79
79
79
80
80
81
81
82
83
84
84
85
85
86
86
86
87
87
87
87
88
88
89
89
90
92
92
92
92
93
93
96
98
100
100
100
101
101
102
102
102
102
103
103
103
103
103
104
104
105
105
105
105
106
106
106
107
107
108
108
108
108
109
109
109
110
110
110
110
110
111
111
112
112
112
114
115
115
116
116
116
116
116
118
121
121
121
121
122
122
123
123
123
123
124
124
125
125
125
126
126
127
127
127
127
128
128
128
128
128
128
128
128
129
130
130
130
132
132
132
133
134
134
136
136
136
137
138
139
140
140
140
140
140
140
141
141
143
143
143
143
144
145
145
145
145
145
146
146
146
146
147
147
147
148
148
149
149
150
150
151
151
152
152
153
154
154
155
155
156
156
156
157
157
157
158
159
159
160
160
161
161
161
162
163
164
164
164
164
164
165
165
165
165
166
166
166
166
167
167
167
167
168
168
168
169
169
169
170
170
170
171
171
171
171
171
172
172
172
172
172
172
172
173
173
173
174
174
174
175
175
176
176
177
177
178
178
178
178
178
178
178
178
178
179
179
180
182
183
183
183
183
184
185
185
185
185
185
186
186
186
186
187
187
188
188
189
191
191
191
192
192
192
193
193
195
195
195
195
195
195
196
196
197
197
197
198
198
198
198
199
199
200
200
200
200
200
201
202
202
202
202
203
203
204
204
205
205
205
206
206
206
207
207
207
207
208
208
208
209
209
210
211
211
212
213
213
213
213
213
214
214
214
215
215
218
220
220
220
220
220
221
221
221
221
221
221
222
223
223
225
226
226
227
227
227
228
228
229
229
229
231
232
234
234
238
240
241
244
244
246
247
248
249
264
268
268
272
276
279
279
283
283
284
286
286
286
287
287
287
288
288
288
288
288
288
289
290
290
290
290
290
292
292
292
295
300
302
303
303
303
304
305
306
307
307
312
314
317
317
317
318
319
320
321
322
323
325
326
326
326
330
333
334
334
335
335
336
354
366
372
372
372
372
373
379
380
392
395
402
412
417
417
421
424
427
431
438
464
466
467
467
468
470
491
493
499
501
503
504
505
505
506
512
519
519
520
524
525
526
527
529
533
533
534
536
537
538
547
549
550
552
555
557
624
624
630
633
636
641
642
643
643
646
648
648
649
652
653
656
656
657
657
659
661
662
664
667
667
667
669
672
672
672
673
674
675
678
679
679
681
683
685
686
686
687
689
689
691
692
695
695
696
698
698
699
699
700
700
701
702
703
704
707
708
708
708
709
710
710
711
712
716
716
717
717
717
717
717
721
723
728
743
744
745
748
756
757
766
773
789
794
796
798
799
807
808
809
811
828
829
838
851
852
863
872
879
879
880
883
890
890
912
936
937
940
941
942
951
993
1017
1025
1026
1045
1045
1056
1057
1057
1059
1059
1059
1060
1061
1064
1068
1073
1076
1093
1093
1095
1161
1162
1166
1166
1239
1241
1241
1246
1267
1296
1297
1349
1352
1353
1360
1400
1402
1407
1417
1417
1418
1420
1420
1421
1423
1423
1423
1424
1424
1426
1426
1426
1427
1427
1429
1429
1431
1432
1432
1432
1432
1433
1433
1433
1434
1434
1434
1435
1435
1435
1436
1436
1437
1437
1438
1438
1439
1439
1440
1440
1440
1441
1441
1442
1442
1442
1442
1443
1443
1443
1443
1443
1444
1445
1446
1446
1446
1447
1447
1447
1447
1448
1448
1448
1449
1449
1450
1450
1450
1450
1450
1451
1451
1451
1451
1451
1451
1451
1451
1451
1451
1451
1452
1452
1454
1454
1454
1454
1455
1455
1455
1457
1457
1457
1457
1457
1457
1457
1457
1458
1458
1459
1459
1460
1460
1461
1462
1462
1463
1464
1464
1464
1464
1464
1464
1465
1465
1465
1465
1466
1466
1466
1466
1467
1467
1468
1469
1469
1470
1471
1472
1472
1472
1473
1473
1474
1474
1475
1479
1480
1480
1480
1481
1481
1481
1481
1483
1483
1484
1484
1484
1486
1486
1486
1486
1486
1486
1486
1487
1487
1487
1487
1487
1487
1487
1488
1489
1489
1489
1489
1490
1490
1490
1490
1491
1492
1492
1492
1492
1492
1493
1493
1493
1493
1493
1493
1493
1494
1494
1498
1499
1500
1500
1501
1503
1504
1506
1507
1508
1509
1509
1510
1510
1510
1510
1511
1511
1512
1512
1512
1512
1513
1513
1514
1514
1514
1514
1515
1515
1515
1515
1515
1515
1515
1516
1516
1516
1517
1519
1519
1520
1522
1522
1525
1525
1526
1526
1526
1526
1527
1528
1529
1529
1530
1531
1531
1532
1532
1533
1533
1533
1534
1534
1535
1536
1537
1539
1539
1540
1541
1541
1541
1541
1541
1542
1543
1543
1544
1547
1548
1549
1549
1549
1549
1551
1551
1552
1553
1554
1554
1555
1556
1556
1556
1557
1557
1558
1559
1559
1561
1561
1561
1564
1565
1566
1567
1567
1568
1568
1570
1573
1574
1575
1581
1581
1582
1584
1588
1590
1595
1596
1600
1600
1600
1605
1605
1605
1606
1606
1607
1608
1608
1609
1610
1610
1611
1611
1611
1611
1612
1613
1613
1614
1614
1614
1614
1615
1615
1615
1615
1615
1615
1615
1615
1615
1615
1615
1615
1616
1616
1616
1616
1616
1616
1616
1616
1616
1617
1618
1618
1619
1619
1619
1620
1625
1627
1628
1630
1631
1631
1631
1632
1632
1633
1633
1634
1635
1636
1637
1637
1638
1638
1638
1639
1640
1640
1640
1640
1641
1641
1641
1642
1642
1643
1644
1647
1647
1649
1651
1651
1651
1652
1652
1652
1653
1655
1655
1655
1656
1657
1658
1662
1662
1663
1664
1664
1665
1667
1667
1667
1667
1668
1668
1668
1670
1670
1671
1674
1674
1675
1675
1675
1675
1675
1675
1676
1676
1677
1679
1680
1681
1681
1682
1682
1682
1684
1684
1684
1687
1687
1688
1688
1688
1689
1692
1692
1693
1693
1693
1695
1695
1697
1698
1700
1701
1701
1702
1703
1703
1704
1705
1706
1707
1708
1709
1709
1709
1710
1710
1712
1713
1716
1720
1721
1726
1728
1732
1732
1733
1733
1734
1735
1735
1737
1737
1738
1738
1739
1740
1742
1743
1743
1745
1754
1769
1769
1770
1771
1771
1772
1772
1772
1772
1773
1773
1773
1774
1779
1779
1782
1792
1808
1808
1817
1819
1820
1824
1824
1831
1835
1835
1890
1891
1892
1892
1892
1895
1905
1906
1906
1919
1924
1925
1925
1926
1926
1928
1928
1928
1933
1933
1934
1934
1939
1940
1941
1945
1946
1949
1949
1951
1952
1954
1956
1956
1958
1958
1959
1960
1964
1964
1965
1965
1968
1968
1970
1970
2001
2003
2026
2027
2027
2035
2060
2062
2064
2066
2077
2079
2098
2098
2102
2111
2117
2117
2118
2118
2119
2119
2120
2121
2121
2121
2121
2121
2121
2122
2122
2122
2123
2125
2127
2127
2127
2130
2135
2136
2138
2140
2144
2145
2148
2150
2150
2260
2279
2289
2333
2337
2339
2340
2345
2347
2349
2351
2351
2354
2355
2355
2355
2355
2369
2376
2380
2381
2412
2635
2650
2651
2660
2661
2663
2663
2663
2664
2664
2667
2669
2673
2673
2673
2678
2678
2681
2684
2699
2706
2709
2806
2826
2828
2833
2834
2836
2836
2838
2840
2850
2856
2857
2858
2859
2867
2869
2871
2912
2912
2928
2932
2932
2934
2947
2950
2951
2951
2952
2953
2953
2954
2959
2970
2972
2972
2976
2976
2983
2984
2988
2989
2989
2989
2990
2991
2991
2991
2993
2993
2993
2995
2995
2995
2995
2997
2999
2999
3000
3005
3005
3005
3005
3006
3007
3007
3007
3009
3010
3011
3011
3011
3012
3013
3013
3015
3018
3019
3020
3021
3022
3022
3031
3041
3043
3044
3044
3047
3049
3050
3054
3055
3057
3057
3059
3060
3080
3080
3083
3084
3086
3093
3093
3095
3098
3104
3104
3133
3138
3144
3145
3145
3147
3150
3152
3158
3159
3159
3167
3167
3168
3170
3171
3172
3172
3173
3175
3177
3177
3178
3178
3178
3178
3181
3182
3183
3183
3184
3184
3189
3189
3190
3190
3192
3193
3196
3196
3197
3197
3197
3199
3199
3199
3201
3202
3203
3203
3203
3203
3204
3205
3205
3205
3206
3206
3206
3207
3207
3208
3209
3209
3209
3211
3217
3219
3219
3220
3221
3221
3221
3221
3222
3223
3224
3227
3229
3230
3237
3240
3241
3241
3241
3241
3245
3258
3261
3263
3270
3278
3278
3280
3282
3286
3289
3290
3294
3304
3306
3307
3312
3316
3323
3328
3328
3328
3328
3328
3332
3333
3334
3334
3335
3335
3335
3335
3336
3345
3346
3348
3348
3349
3350
3354
3361
3362
3369
3374
3379
3388
3391
3394
3398
3399
3415
3432
3446
3448
3448
3448
3448
3450
3454
3454
3455
3457
3458
3458
3461
3461
3462
3462
3463
3463
3463
3467
3467
3472
3484
3502
3504
3505
3505
3506
3518
3521
3529
3530
3530
3539
3541
3548
3548
3548
3549
3549
3549
3551
3553
3555
3558
3559
3559
3560
3560
3567
3597
3623
3636
3656
3747
3751
3820
3826
3851
3966
3985
3997
4001
4003
4009
4013
4013
4043
4047
4047
4058
4159
4200
4201
4203
4305
4407
4463
4473
4477
4480
4497
4509
4509
4509
4521
4645
4670
4671
4684
4688
4690
4696
4703
4704
4704
4707
4710
4712
4712
4718
4719
4719
4723
4723
4731
4740
4742
4743
4743
4748
4751
4751
4752
4752
4753
4754
4756
4758
4760
4761
4763
4765
4766
4766
4767
4769
4771
4772
4772
4773
4776
4778
4780
4783
4788
4788
4790
4799
4800
4803
4805
4806
4811
4824
4824
4825
4825
4827
4829
4831
4836
4844
4846
4846
4850
4851
4854
4854
4859
4863
4865
4867
4867
4868
4878
4879
4893
4894
4894
4895
4898
4899
4901
4903
4904
4906
4907
4908
4911
4911
4917
4920
4922
4923
4924
4926
4930
4931
4933
5043
5044
5048
5057
5063
5066
5090
5090
5096
5097
5138
5150
5372
5391
5391
5391
5432
5442
5501
5509
5532
5539
5541
5546
5552
5554
5555
5574
5574
5577
5578
5588
5676
5731
5848
5904
5927
5939
6025
6033
6048
6051
6051
6053
6060
6110
6160
6161
6162
6165
6165
6167
6171
6173
6173
6173
6174
6176
6181
6181
6182
6187
6189
6190
6194
6195
6196
6202
6204
6205
6219
6220
6220
6220
6222
6235
6252
6255
6262
6264
6280
6283
6284
6285
6286
6286
6287
6294
6301
6307
6324
6342
6346
6350
6369
6372
6376
6380
6395
6395
6401
6407
6407
6414
6417
6420
6431
6432
6472
6483
6493
6497
6534
6534
6657
6714
6717
6782
6783
6791
6805
6841
6845
6845
6846
6846
6912
6913
6939
6941
6945
6950
6951
7234
7237
7240
7241
7244
7246
7246
7250
7256
7391
7393
7394
7520
7577
7588
7621
7641
7676
7729
7748
7751
7752
7765
7765
7770
7772
7776
7826
7832
7835
7840
7841
7875
7875
7878
7881
7886
7889
7904
7905
7921
7932
7938
7940
7944
7947
7951
7951
7960
7962
8005
8009
8022
8023
8023
8024
8025
8151
8164
8166
8168
8169
8170
8171
8174
8175
8178
8187
8188
8189
8190
8192
8198
8207
8209
8238
8248
8250
8251
8260
8260
8262
8262
8263
8266
8267
8270
8440
8662
8675
8677
8679
8712
8727
8727
8731
8738
8738
8739
8741
8743
8749
8761
8940
8941
8943
8945
8947
8949
8951
8973
9002
9010
9152
9178
9179
9179
9186
9242
9271
9302
9313
9322
9324
9325
9327
9330
9331
9333
9338
9338
9345
9359
9359
9382
9384
9388
9388
9420
9421
9424
9445
9448
9453
9464
9480
9501
9509
9509
9509
9532
9538
9539
9539
9539
9826
9839
9840
9841
9849
9851
9851
9852
9855
9856
9860
9861
9864
9888
9888
9972
9987
9990
10113
10186
10187
10263
10271
10274
10274
10274
10275
10285
10287
10288
10292
10296
10299
10299
