0
1
2
4
5
6
6
7
7
7
7
7
7
7
7
8
8
8
8
8
8
8
8
9
9
9
9
9
9
9
9
9
9
9
9
9
9
10
10
10
10
10
10
10
11
11
11
11
12
12
12
12
12
12
12
12
12
12
13
13
13
13
13
14
14
14
14
14
14
14
14
14
14
14
15
15
15
15
15
15
15
15
16
16
16
17
17
17
17
17
17
18
18
18
19
19
19
19
19
19
19
19
19
19
19
20
20
20
20
20
20
20
20
20
20
21
21
21
21
21
21
21
21
21
21
22
22
22
22
22
22
22
22
22
22
22
23
23
23
23
23
24
24
24
24
24
24
24
24
25
25
25
25
25
25
25
26
26
26
26
26
26
26
28
28
28
28
28
28
28
29
29
29
29
29
29
30
30
30
30
31
31
31
31
32
32
32
32
32
33
33
33
33
33
33
33
34
34
34
34
35
35
35
35
35
35
35
35
36
36
36
36
37
37
37
37
38
38
38
38
38
39
39
39
39
40
40
40
41
41
41
41
41
41
41
41
42
42
42
43
43
43
43
44
44
44
44
44
45
45
45
45
45
46
46
46
46
46
46
47
47
47
47
47
47
47
47
47
48
48
48
48
48
48
48
48
49
49
49
49
49
50
50
50
50
51
51
51
51
51
52
52
52
52
52
52
52
52
52
53
53
53
53
53
53
53
53
53
53
54
54
54
54
54
54
54
55
55
55
55
55
55
55
55
56
56
56
56
56
56
56
56
57
57
57
57
57
57
58
58
58
58
59
59
59
59
59
59
59
59
59
59
59
60
60
60
61
61
61
61
61
61
61
61
61
62
62
62
62
63
63
63
63
63
63
64
64
64
64
64
64
64
65
65
65
65
65
65
65
65
66
66
66
66
66
66
66
67
67
67
67
67
68
68
68
68
68
69
69
69
69
69
69
70
70
70
71
71
72
72
72
72
72
72
72
73
73
73
73
73
73
73
73
73
74
74
74
74
74
74
74
74
75
75
75
75
75
75
75
76
76
76
76
77
77
77
77
77
78
78
78
78
78
78
79
79
79
79
80
80
80
80
80
81
81
81
81
81
81
81
82
82
82
82
83
83
84
84
84
84
84
85
85
85
85
85
85
86
87
87
87
87
87
87
87
87
87
87
87
88
88
88
88
88
88
88
88
88
88
89
89
89
89
90
90
90
90
90
90
90
90
90
91
91
91
91
92
92
92
92
92
92
92
92
92
92
92
93
93
93
93
93
93
93
94
94
94
94
95
95
95
95
95
95
95
95
96
96
96
96
97
97
98
98
98
98
98
99
99
100
100
101
101
101
101
101
101
101
101
102
102
102
103
103
103
104
104
104
104
104
104
105
105
105
105
105
105
106
107
107
107
107
107
107
107
107
107
108
108
108
108
109
110
110
110
110
110
110
110
110
111
111
112
113
115
116
117
117
117
117
118
118
119
119
120
120
120
120
120
120
121
121
121
121
121
121
121
121
121
121
121
121
121
122
122
122
122
122
123
123
123
123
123
123
123
124
125
125
125
125
125
125
125
125
126
126
126
126
126
126
126
126
126
127
127
127
127
127
127
127
127
128
128
128
128
128
128
129
129
129
129
129
129
129
129
130
130
130
130
130
130
130
131
131
131
131
131
131
131
131
131
131
131
131
132
132
132
132
132
132
132
133
133
133
133
133
133
133
133
133
134
134
134
134
134
134
135
135
135
135
135
135
135
135
135
136
136
136
136
138
138
138
138
138
139
139
139
139
139
139
139
139
139
139
139
139
140
140
140
140
140
140
140
140
140
140
141
141
141
141
141
141
141
141
142
142
142
142
142
142
142
142
142
143
143
143
143
143
143
143
144
144
144
144
144
144
144
144
144
145
145
145
145
145
145
145
146
146
146
146
146
146
146
146
147
147
147
147
148
148
148
148
149
149
149
149
149
149
149
149
150
150
150
150
150
150
150
151
151
151
151
151
151
151
151
151
151
151
151
152
152
152
152
152
152
152
152
152
152
152
152
152
152
153
153
153
153
153
153
153
153
153
154
154
154
154
154
154
154
154
154
154
154
154
154
154
155
155
155
155
156
156
156
156
156
157
157
157
157
157
157
158
158
158
158
158
158
158
159
159
159
159
159
159
159
160
160
160
160
160
161
161
161
161
161
161
162
162
162
162
162
162
162
162
162
162
162
162
163
163
163
163
163
163
164
164
164
164
165
165
165
165
165
165
165
166
166
166
166
166
167
167
167
167
167
167
167
168
168
168
168
168
168
168
168
168
168
168
168
168
169
169
169
169
169
169
169
169
169
169
170
170
170
170
170
170
170
171
171
171
171
171
171
171
172
172
172
172
173
173
173
173
173
173
173
173
173
173
173
173
173
173
174
174
174
174
174
174
174
174
174
175
175
175
175
175
175
176
176
176
176
176
176
176
176
177
177
177
177
177
177
177
177
177
178
178
178
178
178
178
179
179
179
179
179
179
179
180
180
180
180
180
181
181
181
181
181
181
182
182
182
182
182
182
182
182
183
183
183
183
183
184
184
184
184
184
184
184
184
184
184
185
185
185
186
186
186
186
186
186
187
187
187
188
188
188
188
188
188
188
189
189
189
189
190
190
190
190
190
190
190
190
190
190
190
191
191
191
191
191
192
192
192
192
192
192
192
193
193
193
193
193
193
193
193
194
194
194
194
194
194
194
195
195
196
196
196
196
196
196
197
197
197
197
197
197
197
197
197
197
197
197
197
197
198
198
199
199
199
199
199
199
200
200
200
200
200
200
201
201
201
201
201
201
201
202
203
203
203
203
203
204
204
204
204
204
204
204
204
204
204
205
205
205
205
205
206
206
206
206
207
207
207
207
207
207
207
207
207
208
208
208
208
208
209
209
209
209
209
209
210
210
211
211
211
211
212
212
212
212
213
213
213
214
214
214
214
215
216
216
216
217
217
217
217
217
218
218
218
218
218
218
218
218
218
219
219
220
220
220
220
220
220
221
221
221
222
222
222
222
222
223
223
223
224
224
224
224
224
225
226
227
227
228
228
228
228
228
229
229
230
230
230
230
230
230
230
230
231
231
231
231
231
231
231
231
232
232
233
233
233
233
233
234
234
234
234
234
235
236
236
236
237
237
237
238
238
239
239
239
240
240
241
241
241
241
242
242
242
242
243
243
243
243
245
245
245
247
249
249
249
250
250
251
251
251
251
251
251
252
252
252
252
252
253
253
254
254
255
256
256
256
256
257
257
258
259
259
259
259
260
260
260
261
261
262
262
263
263
263
263
264
264
266
267
268
268
268
269
269
269
270
271
272
273
274
274
279
281
283
286
288
289
291
292
294
295
295
295
296
296
296
298
304
307
308
308
309
309
309
309
310
310
311
311
314
314
314
314
316
317
318
319
321
325
325
325
326
328
328
328
333
340
341
347
349
351
353
354
356
357
357
361
364
365
367
367
370
375
376
386
388
389
390
390
392
394
394
395
395
396
396
396
396
397
399
399
400
401
403
404
406
407
411
412
413
415
416
417
418
418
418
418
419
420
422
422
430
432
435
435
436
436
437
437
438
439
439
439
441
443
444
445
446
446
447
448
449
450
450
451
452
452
453
454
454
455
455
455
457
459
460
463
464
466
467
467
467
468
468
469
471
473
474
474
475
476
476
478
478
478
479
480
483
488
488
489
490
492
493
494
496
497
497
500
502
505
505
506
510
510
510
511
511
511
512
513
514
515
519
519
519
519
520
520
520
520
520
521
522
524
525
525
526
529
529
529
530
530
530
530
532
532
533
533
533
536
541
541
543
544
544
544
545
545
545
545
547
547
547
548
549
551
551
551
552
553
555
557
559
561
561
562
564
570
573
575
580
581
582
608
613
614
616
618
622
624
628
630
649
653
654
654
666
666
669
670
670
674
681
682
688
696
702
703
715
716
717
720
722
725
727
729
751
755
756
759
762
764
767
767
768
768
768
778
786
788
803
803
810
814
817
819
821
828
829
837
837
838
838
839
844
854
855
856
857
859
859
859
867
878
884
887
891
892
897
897
899
908
909
909
909
910
911
912
913
917
917
918
919
920
920
923
923
925
926
928
930
932
935
935
938
938
939
943
947
950
950
950
951
958
959
960
963
975
976
976
977
977
978
978
978
978
979
980
981
1003
1004
1005
1005
1006
1010
1029
1079
1085
1089
1090
1091
1092
1092
1093
1094
1098
1101
1101
1103
1103
1103
1104
1108
1119
1119
1120
1121
1121
1134
1134
1135
1144
1159
1161
1165
1178
1179
1198
1203
1203
1205
1210
1210
1213
1213
1214
1214
1216
1220
1222
1222
1227
1228
1229
1229
1233
1233
1235
1236
1237
1239
1242
1249
1251
1254
1254
1258
1261
1261
1263
1275
1278
1281
1281
1282
1282
1282
1283
1283
1283
1287
1289
1291
1304
1304
1305
1308
1309
1316
1319
1323
1329
1376
1376
1380
1382
1383
1384
1386
1389
1400
1402
1404
1423
1423
1424
1432
1432
1433
1436
1436
1439
1439
1440
1440
1440
1440
1440
1440
1441
1441
1441
1441
1441
1442
1442
1442
1443
1444
1444
1445
1445
1446
1449
1449
1451
1454
1455
1457
1457
1458
1458
1460
1461
1463
1463
1464
1466
1467
1467
1467
1469
1469
1470
1473
1474
1477
1478
1481
1481
1481
1482
1482
1484
1484
1484
1484
1487
1489
1490
1491
1491
1491
1491
1494
1496
1496
1498
1499
1500
1500
1500
1500
1501
1504
1504
1506
1506
1507
1507
1509
1510
1510
1510
1514
1515
1516
1516
1516
1516
1518
1519
1519
1520
1520
1528
1532
1533
1533
1534
1537
1539
1542
1550
1551
1551
1553
1553
1554
1556
1558
1558
1559
1563
1563
1566
1566
1572
1572
1573
1576
1577
1579
1579
1579
1580
1583
1583
1586
1586
1592
1592
1592
1592
1596
1598
1598
1599
1599
1600
1600
1601
1601
1604
1604
1606
1606
1608
1608
1609
1609
1610
1611
1612
1612
1613
1613
1614
1614
1615
1616
1616
1617
1617
1618
1618
1619
1625
1625
1626
1627
1627
1628
1631
1631
1632
1636
1636
1637
1638
1639
1639
1639
1640
1640
1644
1645
1645
1646
1648
1649
1650
1650
1651
1651
1654
1654
1656
1657
1658
1658
1659
1660
1663
1663
1666
1667
1670
1673
1673
1673
1674
1674
1676
1677
1678
1679
1682
1685
1685
1688
1688
1692
1692
1693
1696
1696
1697
1701
1702
1704
1706
1712
1713
1714
1716
1716
1717
1719
1722
1725
1725
1726
1733
1733
1735
1737
1737
1737
1738
1738
1740
1740
1740
1741
1741
1742
1743
1746
1750
1767
1767
1769
1770
1770
1773
1773
1775
1778
1778
1781
1781
1781
1792
1798
1801
1802
1804
1810
1818
1822
1823
1830
1836
1845
1847
1878
1882
1883
1887
1892
1896
1900
1913
1913
1932
1963
2029
2034
2035
2036
2037
2048
2053
2069
2073
2078
2084
2090
2092
2094
2095
2100
2105
2113
2115
2116
2117
2118
2140
2160
2166
2183
2191
2191
2194
2194
2201
2202
2203
2213
2243
2276
2277
2282
2289
2289
2290
2291
2291
2348
2358
2366
2377
2377
2380
2380
2384
2388
2390
2391
2398
2401
2423
2432
2434
2437
2437
2438
2438
2444
2452
2463
2467
2467
2469
2475
2476
2476
2477
2489
2502
2503
2505
2538
2543
2546
2655
2656
2668
2674
2681
2681
2689
2690
2692
2798
2800
2837
2838
2841
2841
2857
2861
2863
2865
2872
2879
2936
2950
2952
2952
2957
2961
2962
2977
2980
2981
2982
2982
2983
