1
2
2
5
6
7
7
7
8
8
8
9
9
9
9
10
10
10
11
11
11
11
13
14
14
14
15
15
15
15
16
16
16
16
16
16
16
17
17
17
17
17
17
17
17
17
17
17
17
17
18
18
18
18
18
18
18
18
18
19
19
19
19
19
19
20
20
20
20
20
20
20
20
20
20
21
21
21
22
22
22
22
22
22
22
22
23
23
24
24
24
24
24
25
25
25
25
25
25
25
26
26
26
26
26
26
26
27
27
28
28
29
30
30
30
30
31
32
32
32
33
33
33
34
34
35
36
37
38
38
39
40
40
40
41
42
42
43
43
43
44
45
46
47
47
47
47
48
48
48
51
51
51
53
53
53
54
54
54
54
55
57
59
60
60
60
60
60
61
62
63
63
63
64
64
64
64
65
65
65
65
66
67
67
67
67
67
67
68
68
68
69
69
69
69
69
69
70
70
70
71
71
71
71
71
71
72
72
72
72
72
72
73
73
73
73
74
75
75
76
77
79
79
80
80
82
83
83
83
84
84
85
85
85
86
87
87
88
88
88
89
90
90
90
91
91
91
91
91
92
93
93
94
94
95
97
98
98
99
99
100
100
100
100
101
101
104
105
105
106
106
107
107
107
108
109
110
110
110
110
111
111
111
111
112
114
115
115
116
116
119
119
120
120
120
120
121
121
121
122
123
123
123
123
123
123
123
125
125
126
127
128
128
128
128
129
130
131
131
132
132
132
133
133
133
134
135
136
136
138
138
139
140
140
141
141
142
143
143
143
144
144
144
144
145
147
147
147
147
148
148
149
150
151
152
152
153
153
156
156
158
161
162
162
163
163
165
165
165
166
166
167
168
169
169
170
170
171
171
173
173
173
174
174
174
174
175
175
175
176
177
178
178
178
179
179
179
181
182
182
182
182
183
184
184
184
185
185
186
186
186
187
188
188
188
189
189
189
189
190
190
193
193
196
197
197
198
198
198
199
200
200
202
202
203
203
203
204
204
204
205
208
208
209
209
210
212
212
213
214
214
214
215
216
216
216
217
217
217
217
217
217
218
218
218
219
220
221
222
222
222
222
223
225
225
225
227
228
229
229
230
230
230
232
234
234
236
236
236
237
237
237
238
239
240
240
242
242
242
242
242
244
246
246
246
246
247
247
247
248
248
249
249
250
250
250
251
252
252
253
253
255
255
256
257
257
258
259
261
262
263
264
264
265
265
266
268
268
269
271
271
272
272
273
273
274
275
275
275
275
276
276
277
277
278
279
281
281
283
285
285
286
288
290
297
298
301
302
302
304
305
305
306
307
307
308
311
313
319
324
330
351
351
352
356
358
359
374
374
375
382
383
386
386
388
388
388
406
409
409
414
424
425
430
433
434
435
435
438
439
440
440
445
450
451
454
455
455
457
457
460
461
461
462
462
469
470
485
485
486
489
492
518
519
521
522
524
529
531
533
540
544
546
547
547
556
558
560
562
565
566
566
567
569
571
572
579
582
583
583
583
584
592
592
594
594
595
597
598
598
599
604
605
607
615
618
618
624
625
626
631
632
633
635
641
645
651
652
654
657
663
665
665
665
678
681
681
682
683
686
691
695
699
704
706
718
718
721
722
722
726
726
731
741
742
751
752
752
753
753
754
754
754
754
755
759
760
774
774
778
782
792
793
794
794
794
804
823
824
832
864
865
870
872
873
875
877
877
877
877
883
886
906
911
929
930
934
935
935
936
937
939
939
939
941
942
946
947
948
948
948
956
959
959
966
969
974
974
975
975
975
976
976
976
977
977
980
980
981
982
983
986
987
987
988
988
988
988
988
988
988
989
990
990
992
993
993
994
994
995
996
1001
1009
1012
1012
1013
1018
1019
1022
1025
1025
1026
1026
1026
1028
1031
1044
1046
1046
1049
1049
1049
1050
1051
1064
1064
1066
1078
1079
1080
1084
1085
1093
1095
1096
1098
1101
1105
1111
1112
1120
1121
1123
1124
1126
1136
1137
1137
1137
1139
1139
1139
1139
1139
1140
1140
1140
1140
1140
1141
1142
1142
1142
1143
1143
1143
1144
1172
1172
1184
1186
1284
1285
1286
1296
1297
1298
1299
1299
1305
1307
1310
1312
1326
1329
1333
1338
1347
1349
1352
1353
1394
1403
1409
1411
1420
1421
1422
1423
1425
1426
1426
1427
1427
1428
1428
1428
1429
1429
1429
1429
1429
1430
1430
1430
1431
1431
1431
1433
1434
1434
1435
1436
1437
1437
1437
1437
1437
1437
1437
1438
1438
1438
1438
1438
1438
1438
1438
1438
1439
1439
1439
1439
1439
1440
1440
1441
1441
1441
1441
1441
1441
1442
1442
1442
1442
1443
1443
1443
1444
1444
1444
1444
1444
1444
1444
1444
1445
1445
1446
1446
1447
1447
1447
1447
1448
1448
1448
1448
1449
1449
1449
1449
1449
1450
1450
1450
1450
1450
1451
1451
1451
1452
1452
1452
1452
1453
1453
1453
1453
1453
1454
1454
1455
1455
1456
1457
1458
1458
1458
1458
1459
1459
1459
1459
1459
1460
1460
1461
1461
1461
1462
1463
1464
1465
1465
1466
1467
1468
1468
1470
1470
1471
1473
1473
1473
1473
1474
1475
1475
1475
1475
1475
1476
1477
1477
1477
1477
1477
1477
1478
1478
1478
1478
1479
1479
1479
1479
1480
1480
1480
1480
1482
1482
1482
1482
1484
1485
1487
1495
1496
1496
1497
1498
1499
1500
1502
1505
1505
1512
1514
1514
1524
1526
1528
1529
1530
1531
1531
1545
1548
1549
1549
1551
1552
1554
1555
1555
1556
1557
1557
1559
1562
1563
1564
1565
1568
1570
1574
1574
1582
1583
1583
1583
1583
1583
1584
1585
1588
1592
1593
1593
1594
1595
1597
1598
1599
1599
1601
1602
1603
1603
1603
1603
1604
1604
1604
1605
1605
1606
1606
1607
1607
1608
1608
1608
1609
1609
1610
1611
1611
1611
1611
1612
1612
1613
1613
1613
1614
1614
1615
1615
1615
1615
1616
1616
1616
1617
1617
1618
1618
1618
1618
1618
1618
1618
1620
1623
1623
1623
1623
1624
1625
1625
1625
1625
1626
1626
1626
1627
1627
1628
1628
1629
1631
1633
1634
1634
1635
1635
1635
1636
1636
1637
1637
1638
1640
1641
1642
1643
1644
1645
1647
1648
1651
1653
1655
1656
1657
1657
1657
1658
1658
1658
1659
1659
1659
1661
1661
1663
1663
1665
1665
1665
1665
1666
1667
1669
1669
1670
1673
1676
1678
1684
1685
1689
1689
1691
1694
1696
1696
1697
1698
1698
1699
1699
1699
1700
1700
1700
1701
1701
1703
1704
1704
1704
1705
1706
1707
1707
1708
1709
1710
1711
1713
1713
1715
1717
1717
1720
1720
1721
1721
1726
1730
1732
1732
1732
1733
1736
1737
1739
1743
1745
1746
1746
1746
1750
1750
1753
1753
1753
1754
1764
1766
1771
1772
1773
1781
1783
1784
1784
1791
1791
1792
1805
1806
1811
1812
1818
1820
1821
1829
1845
1846
1852
1855
1856
1856
1857
1892
1894
1899
1914
1914
1924
1925
1928
1930
1933
1934
1937
1958
1961
1961
2023
2024
2025
2025
2028
2031
2033
2035
2040
2042
2058
2063
2116
2198
2200
2202
2202
2204
2206
2206
2209
2211
2212
2212
2212
2213
2213
2213
2213
2219
2219
2220
2221
2221
2221
2225
2226
2229
2230
2233
2234
2240
2240
2240
2241
2251
2258
2258
2259
2260
2260
2260
2260
2260
2260
2261
2261
2262
2267
2267
2269
2270
2270
2270
2270
2272
2273
2273
2273
2273
2274
2274
2274
2274
2276
2278
2280
2282
2287
2290
2297
2301
2305
2332
2350
2350
2350
2363
2365
2368
2369
2369
2383
2396
2397
2399
2414
2422
2454
2480
2496
2502
2523
2525
2530
2530
2531
2532
2532
2533
2534
2534
2545
2546
2546
2548
2548
2550
2551
2551
2551
2552
2553
2555
2563
2566
2571
2579
2584
2587
2589
2589
2597
2598
2599
2602
2613
2639
2645
2646
2653
2658
2658
2659
2705
2709
2715
2715
2715
2721
2724
2728
2729
2730
2731
2735
2735
2743
2747
2773
2792
2793
2797
2803
2809
2816
2816
2818
2820
2824
2829
2830
2832
2832
2832
2850
2851
2851
2857
2857
2857
2868
2868
2869
2869
2869
2869
2870
2870
2871
2872
2872
2875
2875
2877
2882
2889
2898
2900
2902
2906
2907
2942
2945
2948
2948
2949
2951
2951
2951
2953
2953
2953
2971
2972
2985
2987
2995
2997
2997
2998
2998
3000
3002
3003
3003
3003
3004
3010
3010
3014
3018
3022
3022
3022
3022
3023
3024
3025
3025
3028
3029
3030
3030
3030
3033
3033
3034
3034
3034
3034
3035
3035
3035
3035
3035
3035
3036
3036
3036
3037
3037
3037
3038
3039
3042
3048
3049
3049
3050
3051
3051
3053
3053
3054
3055
3060
3060
3074
3075
3076
3082
3087
3087
3091
3093
3100
3100
3108
3110
3110
3113
3115
3115
3117
3117
3118
3118
3119
3123
3125
3125
3128
3134
3135
3138
3140
3151
3153
3154
3154
3155
3155
3156
3157
3158
3158
3159
3161
3162
3162
3162
3162
3162
3163
3166
3167
3168
3168
3168
3169
3169
3170
3171
3171
3171
3172
3173
3174
3174
3174
3175
3175
3176
3176
3179
3182
3183
3183
3185
3186
3190
3196
3196
3199
3200
3206
3207
3207
3209
3212
3212
3212
3213
3219
3228
3229
3232
3235
3239
3243
3243
3282
3287
3297
3301
3320
3323
3328
3338
3342
3348
3351
3353
3354
3359
3361
3361
3362
3365
3367
3369
3369
3379
3383
3384
3386
3398
3425
3450
3451
3464
3490
3493
3498
3519
3520
3520
3520
3521
3522
3522
3522
3526
3557
3558
3563
3588
3590
3594
3594
3599
3605
3616
3616
3616
3616
3616
3617
3618
3619
3622
3622
3623
3623
3623
3624
3632
3637
3650
3654
3691
3695
3695
3698
3743
3762
3763
3764
3769
3770
3771
3771
3771
3771
3772
3772
3772
3772
3773
3773
3774
3783
3785
3794
3794
3794
3794
3795
3795
3795
3795
3796
3797
3800
3802
3803
3803
3803
3803
3803
3804
3804
3805
3805
3810
3811
3815
3816
3824
3824
3825
3830
3833
3836
3837
3837
3837
3838
3841
3877
3960
3987
3988
3992
3996
4007
4008
4008
4014
4022
4064
4094
4105
4107
4107
4133
4134
4194
4194
4195
4196
4197
4197
4197
4197
4197
4197
4197
4198
4200
4202
4208
4209
4209
4209
4210
4210
4210
4210
4210
4216
4217
4217
4221
4242
4262
4263
4265
4265
4280
4280
4280
4325
4336
4336
4343
4344
4345
4353
4355
4361
4362
4363
4364
4368
4368
4373
4382
4383
4406
4408
4409
4409
4411
4413
4414
4416
4425
4453
4457
4457
4458
4490
4492
4494
4495
4499
4501
4504
4504
4505
4506
4507
4507
4508
4515
4518
4523
4527
4527
4536
4537
4546
4561
4574
4578
4585
4589
4590
4590
4592
4595
4605
4611
4614
4618
4621
4622
4622
4623
4623
4623
4623
4625
4626
4630
4631
4636
4639
4640
4641
4646
4649
4649
4650
4650
4653
4656
4658
4660
4661
4661
4661
4666
4666
4669
4670
4673
4675
4676
4677
4678
4679
4680
4682
4683
4683
4685
4685
4688
4689
4697
4697
4700
4710
4713
4714
4715
4717
4718
4720
4720
4723
4725
4737
4757
4757
4759
4761
4764
4764
4766
4768
4769
4769
4771
4773
4779
4780
4781
4781
4783
4787
4787
4791
4800
4808
4827
4839
4840
4926
4931
4934
5052
5147
5149
5149
5149
5159
5237
5238
5250
5252
5264
5266
5270
5276
5277
5280
5303
5340
5518
5605
5606
5607
5607
5607
5607
5607
5656
5664
5667
5667
5668
5672
5679
5680
5719
5748
5757
5760
5804
5842
5854
5949
5949
5949
5965
5970
5970
5982
5986
5988
5995
5995
6002
6003
6006
6012
6013
6015
6017
6018
6019
6019
6056
6056
6057
6106
6133
6138
6139
6141
6142
6145
6147
6151
6153
6155
6155
6160
6161
6166
6169
6169
6174
6177
6177
6179
6180
6181
6183
6185
6186
6186
6188
6190
6194
6196
6197
6199
6201
6201
6202
6205
6205
6208
6212
6213
6214
6215
6215
6216
6219
6222
6222
6222
6223
6233
6239
6240
6248
6248
6251
6251
6252
6274
6274
6275
6282
6282
6284
6310
6330
6349
6390
6391
6393
6473
6520
6542
6544
6659
6664
6670
6683
6686
6692
6741
6746
6753
6754
6755
6756
6758
6759
6759
6760
6761
6765
6765
6769
6771
6772
6773
6774
6774
6776
6777
6804
6804
6805
6971
6971
6972
6972
6974
6977
6979
7039
7039
7040
7041
7043
7059
7059
7059
7059
7063
7082
7084
7087
7121
7159
7160
7161
7174
7202
7209
7232
7234
7296
7300
7306
7311
7322
7345
7346
7572
7577
7599
7599
7599
7600
7608
7620
7637
7639
7639
7640
7641
7643
7644
7648
7649
7652
7656
7736
7753
7756
7756
7760
7811
7812
7815
7818
7821
7822
7825
7848
7849
7850
7851
7857
7863
7942
7946
7947
7969
7975
7988
7994
7995
8007
8008
8011
8011
8013
8056
8059
8060
8063
8065
8065
8092
8211
8214
8215
8215
8215
8309
8318
8329
8339
8343
8381
8418
8421
8434
8435
8454
8454
8469
8475
8477
8502
8504
8504
8804
8818
8818
8826
8843
8844
8849
8849
8853
8859
8864
8865
8868
8872
