1
2
3
4
5
5
6
6
7
7
7
7
8
8
8
9
9
9
9
9
10
10
10
10
10
10
10
10
11
11
11
11
11
11
11
12
12
12
12
13
13
14
14
14
14
14
14
15
15
15
15
15
15
15
15
15
15
15
15
15
15
16
16
16
16
16
16
16
16
16
16
16
17
17
17
17
17
17
18
18
18
18
18
18
18
18
19
19
19
19
19
19
20
20
20
20
20
21
21
21
21
22
22
22
23
23
23
23
24
24
24
24
24
24
25
25
25
25
25
26
26
26
26
26
26
27
27
27
27
27
27
28
28
29
29
30
30
32
32
32
32
32
32
32
32
32
32
33
33
33
34
34
35
35
36
36
36
36
36
36
36
37
38
38
38
38
38
38
40
40
40
40
40
40
40
41
41
41
42
42
42
43
44
44
44
44
44
45
46
46
46
46
47
47
47
47
47
47
47
48
48
48
49
49
49
49
49
50
50
50
51
51
52
52
52
52
52
53
53
53
53
53
54
54
54
55
55
55
55
55
56
56
56
56
56
57
57
57
57
58
58
59
59
59
60
60
61
61
61
61
62
62
62
62
62
62
62
62
62
63
63
64
65
65
66
66
66
66
67
67
67
67
68
68
68
68
68
68
68
68
68
69
69
69
69
70
70
70
71
71
71
71
71
72
73
75
75
75
76
76
77
78
79
80
80
81
81
81
81
81
81
81
81
82
83
83
83
83
83
84
84
85
85
85
86
86
86
86
86
87
87
87
87
87
88
88
90
91
91
92
93
93
94
94
95
95
96
96
96
97
97
97
98
98
98
98
99
99
99
99
99
99
100
100
101
101
101
101
101
101
101
102
102
103
103
103
103
104
104
104
105
105
106
106
106
107
107
107
107
107
108
108
109
109
109
109
109
110
110
110
110
110
111
111
111
112
112
112
112
112
112
112
112
113
113
113
113
115
115
116
117
118
118
118
118
119
119
120
120
121
121
121
121
122
122
122
122
122
123
123
123
124
124
124
124
124
125
125
128
129
130
130
131
131
131
131
132
132
133
133
134
135
135
135
135
136
136
136
136
137
137
137
137
138
138
138
139
139
140
140
141
141
141
142
142
142
142
142
142
143
143
143
143
144
144
145
145
145
146
146
146
146
147
147
148
148
148
148
149
149
149
150
150
150
151
152
152
152
153
153
153
153
153
155
155
156
156
156
157
158
158
158
160
162
162
163
163
164
164
164
165
167
167
168
168
168
169
170
171
171
171
171
172
172
173
173
173
173
173
174
174
174
174
174
174
174
174
174
174
175
175
175
175
175
176
176
176
176
177
177
177
177
177
177
178
178
179
179
180
181
181
181
182
182
183
183
183
183
183
183
184
184
184
185
185
185
185
185
186
186
187
187
187
187
188
189
189
190
190
190
191
191
191
192
192
192
193
193
194
194
194
194
194
195
196
196
196
196
197
197
197
198
198
198
198
199
199
199
200
201
203
203
203
204
205
205
205
205
206
206
206
206
207
207
207
207
207
207
208
208
208
208
208
208
208
208
208
209
209
209
209
209
210
211
211
211
211
212
212
213
214
215
215
216
216
217
217
218
219
220
221
222
222
223
223
223
223
223
224
224
224
224
224
225
225
226
226
226
227
227
228
228
228
229
230
230
230
230
231
231
232
232
233
233
233
234
234
234
234
236
237
238
238
238
238
239
240
240
240
242
242
242
243
243
244
244
245
245
245
245
246
247
247
249
250
252
252
254
256
258
259
259
259
260
261
262
263
265
266
267
269
269
269
270
270
272
273
273
275
278
278
278
279
282
283
284
284
285
287
288
288
292
294
296
296
305
307
307
308
309
312
313
313
313
321
322
327
331
331
333
336
338
338
338
339
339
339
342
342
342
346
346
346
348
353
354
355
355
356
356
359
359
363
363
368
369
370
371
373
377
377
377
377
377
378
378
379
379
383
383
383
384
384
385
387
388
390
391
391
392
392
394
395
396
396
397
398
400
406
408
408
408
409
410
412
413
413
413
414
415
416
417
420
420
424
426
427
427
429
431
432
436
437
437
438
439
439
443
443
443
445
447
453
454
456
457
465
467
467
477
477
477
478
478
479
480
481
481
482
484
491
491
494
501
503
503
503
505
506
508
508
509
509
510
511
513
515
522
525
528
528
529
544
550
553
553
554
554
558
558
560
562
565
566
567
567
568
569
569
569
569
569
570
570
571
571
571
574
575
577
578
578
580
583
583
583
595
599
599
600
600
601
604
605
609
611
613
613
615
617
618
620
620
621
622
624
626
627
627
634
636
637
639
640
640
641
641
641
641
642
642
642
642
642
642
642
642
643
644
644
646
647
648
649
653
654
654
656
657
658
660
666
667
675
676
676
680
680
690
693
696
697
698
698
699
701
701
701
702
702
702
703
704
718
718
719
722
725
727
729
733
735
735
737
737
739
739
742
745
753
754
756
778
783
785
788
789
789
791
791
791
791
791
791
792
794
794
797
803
804
804
806
807
808
810
810
810
812
813
814
822
823
824
825
831
833
833
834
836
843
845
846
847
847
847
847
847
848
849
850
850
850
851
856
857
857
859
860
861
861
861
861
861
862
865
866
868
869
878
884
884
885
888
889
891
891
894
899
900
903
904
907
907
908
909
910
911
912
914
914
914
915
915
915
916
916
917
917
917
917
918
918
919
922
923
925
926
928
933
933
936
938
940
940
945
957
962
964
968
968
970
971
973
976
994
1002
1035
1057
1066
1069
1128
1129
1162
1164
1165
1167
1168
1169
1171
1180
1189
1210
1210
1210
1213
1217
1234
1241
1247
1249
1249
1249
1329
1329
1364
1366
1366
1366
1366
1366
1366
1367
1367
1369
1369
1372
1381
1381
1381
1382
1384
1386
1387
1389
1391
1392
1393
1393
1393
1393
1402
1408
1410
1411
1412
1419
1419
1422
1422
1422
1423
1423
1423
1425
1426
1427
1427
1428
1429
1430
1431
1431
1433
1434
1434
1434
1434
1435
1435
1435
1435
1435
1435
1435
1435
1435
1435
1436
1436
1437
1437
1437
1437
1437
1437
1437
1438
1438
1438
1438
1438
1438
1439
1440
1440
1440
1441
1441
1441
1441
1442
1442
1442
1442
1444
1444
1445
1445
1446
1446
1447
1448
1448
1449
1449
1449
1450
1450
1450
1450
1450
1450
1451
1451
1452
1453
1453
1453
1454
1454
1456
1456
1458
1460
1461
1462
1462
1462
1463
1463
1463
1463
1463
1463
1464
1464
1464
1465
1466
1467
1467
1467
1467
1467
1467
1467
1468
1468
1468
1468
1468
1468
1469
1469
1469
1470
1470
1471
1471
1471
1472
1472
1473
1473
1473
1476
1477
1478
1478
1479
1479
1480
1482
1484
1485
1486
1486
1486
1487
1489
1490
1491
1492
1492
1493
1494
1494
1494
1495
1498
1499
1500
1508
1508
1509
1510
1510
1516
1518
1519
1519
1523
1523
1525
1526
1527
1527
1528
1529
1529
1531
1532
1532
1532
1533
1533
1534
1534
1534
1535
1536
1536
1536
1537
1538
1539
1539
1543
1544
1547
1549
1551
1552
1553
1553
1554
1556
1557
1557
1557
1557
1557
1559
1559
1560
1561
1561
1561
1561
1568
1569
1573
1573
1573
1575
1576
1579
1581
1582
1584
1584
1584
1585
1586
1588
1591
1593
1596
1599
1599
1599
1601
1606
1608
1611
1611
1611
1612
1612
1612
1614
1615
1615
1617
1618
1618
1619
1619
1619
1619
1619
1619
1620
1620
1622
1622
1622
1623
1624
1624
1625
1625
1625
1629
1630
1631
1631
1631
1631
1632
1634
1635
1636
1639
1641
1641
1642
1643
1647
1648
1650
1651
1653
1653
1656
1658
1659
1661
1665
1668
1670
1672
1679
1684
1685
1685
1686
1686
1686
1687
1688
1689
1690
1690
1690
1690
1690
1691
1691
1691
1691
1691
1691
1692
1692
1694
1696
1696
1697
1697
1699
1699
1700
1702
1704
1708
1713
1719
1726
1726
1726
1731
1735
1737
1744
1746
1748
1749
1749
1752
1753
1758
1758
1760
1762
1763
1763
1764
1765
1765
1766
1766
1766
1767
1767
1769
1769
1771
1772
1773
1773
1773
1773
1774
1774
1775
1775
1776
1777
1778
1781
1781
1781
1784
1789
1794
1795
1797
1798
1798
1799
1799
1802
1803
1803
1803
1804
1804
1805
1805
1807
1807
1807
1808
1808
1808
1808
1809
1809
1811
1812
1819
1821
1823
1823
1824
1828
1829
1833
1834
1834
1834
1837
1837
1837
1838
1838
1841
1845
1845
1845
1847
1849
1857
1891
1949
1954
1959
2024
2024
2027
2037
2064
2079
2079
2081
2088
2091
2157
2157
2163
2176
2186
2189
2206
2211
2211
2213
2213
2214
2222
2225
2226
2229
2231
2232
2233
2233
2233
2234
2234
2238
2246
2259
2261
2261
2272
2274
2274
2276
2276
2277
2278
2279
2280
2281
2282
2282
2283
2287
2287
2287
2287
2288
2290
2290
2290
2294
2303
2303
2306
2314
2318
2326
2327
2330
2338
2339
2342
2349
2350
2352
2354
2355
2371
2373
2404
2534
2561
2562
2562
2573
2594
2612
2618
2623
2635
2635
2672
2672
2677
2687
2698
2737
2743
2748
2748
2749
2752
2753
2753
2756
2759
2773
2774
2779
2780
2787
2793
2796
2807
2808
2809
2841
2841
2842
2845
2846
2850
2853
2870
2884
2893
2894
2933
2946
2949
2962
2966
2967
2968
2969
2972
2973
2976
2978
2981
2981
2981
2987
2989
2994
3027
3036
3072
3072
3073
3082
3083
3084
3085
3085
3087
3088
3089
3092
3093
3093
3096
3096
3097
3097
3098
3100
3101
3101
3102
3103
3104
3105
3105
3106
3106
3107
3108
3109
3109
3110
3111
3111
3112
3113
3114
3114
3114
3114
3115
3116
3116
3118
3120
3122
3123
3124
3124
3125
3125
3126
3127
3127
3128
3128
3128
3129
3134
3138
3138
3140
3140
3142
3144
3146
3146
3147
3149
3149
3150
3150
3151
3152
3153
3154
3154
3154
3154
3155
3156
3156
3159
3162
3164
3164
3165
3167
3173
3177
3195
3243
3246
3249
3256
3256
3259
3274
3281
3287
3292
3307
3308
3309
3309
3309
3310
3323
3324
3357
3365
3388
3388
3442
3444
3445
3452
3475
3477
3477
3526
3551
3551
3554
3564
3574
3575
3603
3618
3622
3622
3623
3623
3623
3623
3668
3681
3762
3762
3762
3763
3763
3766
3769
3771
3848
3850
3850
3897
3920
3920
3922
4037
4037
4042
4046
4047
4047
4049
4049
4050
4090
4097
4154
4184
4216
4216
4217
4220
4226
4287
4297
4308
4309
4310
4311
4382
4418
4427
4473
4517
4537
4542
4547
4547
4549
4551
4561
4565
4571
4572
4573
4578
4588
4592
4593
4594
4599
4599
4600
4601
4601
4601
4604
4605
4605
4631
4634
4635
4649
4650
4654
4654
4663
4667
4684
4685
4689
4694
4696
4696
4697
4706
4707
4711
4713
4722
4725
4728
4732
4732
4734
4734
4739
4739
4740
4745
4746
4748
4750
4753
4846
4987
5035
5042
5046
5127
5132
5136
5136
5142
5142
5143
5144
5144
5144
5153
5157
5162
5163
5164
5168
5169
5175
5183
5186
5203
5206
5277
5332
5370
5375
5375
5378
5387
5389
5389
5404
5451
5460
5603
5678
5681
5688
5689
5692
5695
5789
5793
5794
5795
5846
5847
5849
5855
5857
5982
5989
5997
6011
6011
6022
6023
6037
6047
6048
6071
6106
6123
6126
6126
6127
6132
6143
6160
6162
6173
6176
6177
6178
6178
6180
6188
6188
6189
6194
6197
6206
6209
6210
6212
6245
6267
6268
6268
6268
6272
6274
6302
6308
6313
6313
6314
6316
6349
6352
6373
6395
6784
6784
6785
6785
6791
6792
6794
6801
6804
6806
6807
6809
6811
6812
6819
6823
6825
6828
6830
6830
6832
6847
6848
6854
6854
6855
6856
6857
6858
6859
6860
6860
6861
6862
6915
6930
6935
6936
6936
6936
6939
6939
6941
6946
6948
6948
6951
6951
6955
6965
7050
7238
7242
7250
7258
7261
7270
7284
7284
7284
7342
7346
7399
7405
7408
7408
7409
7411
7412
7420
7437
7437
7441
7443
7480
7486
7496
7542
7543
7543
7560
7615
7615
7618
7653
7660
7662
7664
7667
7674
7680
7703
7709
7713
7716
7717
7720
7720
7720
7720
7721
7722
7722
7724
7746
7751
7753
7753
7753
7754
7756
7757
7757
7758
7761
7761
7766
7767
7769
7770
7775
7783
7842
7870
7871
7902
7905
7905
7906
7906
7908
7909
7909
7911
7913
7916
7920
7923
7924
7925
7925
7931
7933
7955
8023
8034
8034
8074
8149
8174
8180
8269
8295
8299
8305
8309
8311
8312
8315
8316
8328
8329
8330
8330
8331
