1
3
6
7
8
9
10
12
12
13
13
13
14
14
14
14
15
15
15
15
15
15
15
15
15
15
16
16
16
16
16
16
16
16
16
16
16
16
17
17
17
17
17
17
17
17
17
17
17
18
18
18
18
18
19
19
19
19
19
19
20
20
20
20
20
21
21
22
22
22
22
22
23
23
24
24
24
25
25
25
25
26
27
27
28
29
29
29
30
31
31
35
35
37
39
39
40
40
40
40
41
41
42
42
44
44
46
46
46
47
47
48
48
48
49
49
49
50
50
52
52
52
52
53
53
53
54
54
54
55
55
56
56
56
56
56
57
57
58
58
59
60
61
61
61
62
62
62
63
63
63
63
64
64
64
64
65
66
67
67
67
68
70
70
71
72
72
73
74
74
76
76
76
76
76
77
78
78
78
78
78
81
84
84
84
84
85
85
85
86
86
87
88
88
88
89
91
93
94
97
98
98
98
99
99
101
101
102
102
103
103
103
104
104
105
105
107
108
108
109
109
110
110
110
110
110
111
112
112
113
114
114
114
114
115
118
119
119
119
119
120
122
122
122
124
124
125
126
127
127
128
129
129
132
132
132
135
136
136
137
137
137
139
139
140
141
142
144
145
148
149
157
158
161
163
165
169
170
173
179
182
184
185
185
185
185
189
191
193
194
195
195
195
196
198
199
200
204
204
205
206
208
208
208
209
209
210
211
212
212
213
213
214
215
218
218
218
219
223
226
230
230
230
231
231
231
231
231
231
233
234
235
238
239
239
239
240
241
242
242
243
244
246
248
250
250
251
252
254
255
256
257
258
259
261
262
263
267
268
269
270
270
378
403
406
406
406
410
417
425
428
435
443
455
456
459
461
465
465
466
466
468
468
471
474
475
476
477
477
479
479
480
480
481
482
483
485
487
487
489
490
490
491
491
493
494
495
498
498
500
501
502
503
506
509
509
511
515
515
515
517
518
518
521
523
530
532
534
537
537
544
551
553
556
563
570
575
575
575
575
582
582
582
587
587
595
599
600
605
605
607
617
617
619
621
623
629
629
630
630
633
634
634
634
634
636
636
636
637
637
637
638
638
639
640
640
643
644
645
646
647
648
648
648
649
654
654
654
655
655
655
660
674
685
731
736
751
757
763
769
775
807
811
813
817
821
823
824
828
831
833
835
843
845
850
852
852
853
861
861
863
865
865
867
868
869
871
871
872
880
881
888
890
892
892
893
894
894
895
897
897
898
899
900
902
904
904
905
906
906
909
909
910
913
918
929
929
929
940
941
942
942
947
948
949
949
951
952
957
959
960
962
971
974
975
978
981
982
984
985
1004
1005
1009
1017
1020
1181
1182
1186
1190
1194
1202
1202
1206
1206
1207
1207
1207
1207
1208
1211
1211
1211
1213
1213
1215
1216
1219
1222
1224
1226
1228
1229
1232
1235
1237
1239
1239
1241
1249
1250
1252
1253
1257
1257
1260
1269
1269
1270
1271
1271
1271
1272
1272
1273
1273
1275
1276
1277
1284
1285
1286
1287
1302
1303
1312
1314
1315
1319
1320
1323
1329
1337
1337
1339
1339
1345
1347
1348
1348
1348
1355
1360
1361
1361
1365
1367
1367
1367
1367
1367
1368
1368
1369
1369
1371
1380
1381
1382
1383
1383
1383
1385
1386
1387
1408
1409
1409
1409
1410
1410
1411
1411
1411
1416
1417
1418
1418
1419
1420
1421
1421
1421
1423
1424
1424
1424
1424
1424
1425
1427
1427
1427
1427
1428
1428
1428
1429
1429
1429
1430
1430
1431
1431
1431
1431
1431
1431
1432
1432
1433
1433
1434
1434
1434
1434
1436
1437
1437
1437
1438
1438
1438
1438
1438
1439
1439
1439
1439
1439
1439
1440
1440
1441
1441
1441
1441
1441
1442
1442
1443
1443
1443
1444
1445
1446
1446
1446
1447
1448
1448
1448
1449
1449
1450
1450
1450
1452
1452
1453
1454
1454
1454
1455
1455
1455
1455
1455
1455
1455
1456
1456
1456
1457
1457
1458
1458
1458
1458
1458
1459
1459
1460
1461
1461
1461
1462
1462
1464
1465
1467
1467
1468
1468
1468
1468
1469
1469
1469
1469
1469
1469
1469
1471
1471
1472
1472
1472
1472
1472
1473
1473
1473
1474
1474
1475
1476
1476
1477
1479
1479
1480
1483
1483
1483
1484
1485
1489
1489
1490
1491
1492
1493
1493
1494
1494
1495
1496
1496
1498
1503
1512
1513
1513
1514
1515
1518
1523
1524
1529
1529
1530
1532
1538
1538
1538
1539
1543
1544
1544
1544
1544
1544
1544
1544
1548
1552
1552
1553
1554
1556
1557
1558
1561
1563
1569
1570
1571
1572
1572
1576
1576
1578
1581
1582
1582
1583
1583
1583
1583
1584
1584
1585
1585
1585
1585
1587
1588
1589
1590
1590
1590
1590
1590
1590
1591
1592
1592
1593
1594
1594
1597
1598
1598
1599
1600
1600
1601
1602
1602
1602
1602
1602
1602
1602
1602
1603
1604
1605
1605
1605
1608
1609
1609
1609
1610
1612
1614
1617
1618
1618
1619
1622
1626
1627
1628
1628
1628
1628
1629
1629
1629
1630
1633
1634
1634
1635
1635
1638
1638
1639
1640
1643
1644
1644
1644
1645
1645
1645
1645
1647
1648
1650
1653
1657
1660
1661
1662
1662
1664
1666
1668
1685
1689
1691
1696
1717
1733
1752
1753
1754
1755
1755
1757
1758
1764
1767
1778
1779
1782
1783
1783
1784
1784
1785
1785
1785
1789
1793
1793
1794
1796
1798
1798
1802
1808
1809
1809
1809
1811
1814
1816
1818
1818
1818
1818
1819
1819
1820
1820
1820
1822
1822
1822
1825
1825
1833
1833
1834
1834
1836
1862
1865
1868
1868
1868
1869
1870
1881
1882
1882
1888
1893
1895
1899
1909
1909
1909
1910
1911
1912
1913
1914
1914
1924
1933
1933
1943
1948
1948
1948
1949
1951
1951
1954
1954
1956
1956
1957
1959
1960
1960
1960
1965
1967
1968
1968
1970
1974
1975
1985
1995
1995
1997
1998
1999
1999
1999
2000
2000
2000
2002
2003
2003
2003
2007
2007
2008
2008
2011
2011
2011
2013
2013
2018
2019
2020
2020
2020
2021
2021
2021
2021
2021
2022
2023
2023
2023
2024
2024
2025
2025
2026
2028
2029
2030
2032
2037
2046
2048
2050
2050
2053
2055
2062
2063
2068
2069
2069
2069
2070
2074
2077
2078
2079
2079
2080
2086
2088
2094
2097
2097
2098
2102
2105
2106
2113
2114
2115
2117
2122
2123
2124
2136
2138
2139
2142
2167
2179
2211
2226
2227
2231
2231
2240
2242
2251
2251
2251
2252
2255
2279
2284
2285
2286
2288
2289
2293
2306
2306
2308
2309
2317
2320
2323
2323
2323
2324
2326
2328
2402
2406
2418
2424
2424
2447
2453
2457
2458
2465
2471
2484
2497
2509
2517
2519
2519
2519
2521
2521
2530
2537
2538
2539
2543
2544
2544
2544
2545
2546
2547
2547
2548
2548
2549
2549
2554
2555
2556
2558
2562
2574
2580
2582
2582
2584
2586
2595
2597
2598
2599
2599
2608
2614
2616
2617
2619
2621
2622
2622
2622
2622
2623
2623
2627
2627
2627
2628
2640
2640
2640
2640
2640
2643
2645
2647
2656
2669
2669
2669
2669
2670
2670
2670
2670
2671
2676
2677
2678
2680
2680
2680
2681
2682
2683
2689
2690
2690
2691
2691
2691
2697
2699
2702
2703
2704
2716
2717
2720
2724
2736
2754
2754
2755
2755
2756
2757
2764
2767
2813
2813
2829
2837
2856
2857
2858
2871
2871
2872
2873
2873
2895
2895
2895
2895
2897
2897
2897
2898
2899
2900
2904
2906
2908
2909
2910
2910
2911
2915
2916
2917
2917
2920
2922
2922
2923
2924
2925
2927
2931
2932
2933
2934
2935
2935
2940
2943
2943
2946
2946
2951
2952
2961
2964
2972
2974
2974
2974
2974
2975
2976
2981
2981
2981
2985
2986
2986
2988
2988
2988
2988
2988
2988
2989
2989
2992
2992
2992
2993
2994
2995
2996
3006
3009
3011
3012
3012
3012
3013
3014
3014
3015
3015
3017
3019
3020
3022
3026
3027
3027
3028
3029
3032
3033
3038
3042
3046
3052
3053
3053
3054
3055
3058
3060
3061
3063
3063
3063
3065
3066
3071
3075
3075
3076
3082
3085
3088
3089
3089
3089
3103
3103
3104
3104
3105
3109
3110
3110
3111
3112
3113
3114
3121
3128
3128
3130
3131
3137
3142
3143
3150
3164
3164
3165
3166
3167
3168
3171
3174
3178
3181
3181
3182
3182
3182
3182
3184
3184
3184
3185
3186
3187
3188
3188
3189
3190
3190
3190
3190
3191
3192
3198
3198
3199
3199
3200
3200
3201
3201
3201
3202
3202
3202
3202
3205
3207
3207
3208
3208
3210
3210
3211
3220
3225
3233
3245
3251
3256
3291
3297
3308
3329
3333
3339
3347
3347
3350
3351
3355
3355
3357
3358
3362
3363
3370
3371
3372
3379
3381
3393
3398
3398
3410
3430
3444
3445
3448
3461
3462
3462
3464
3465
3465
3467
3469
3471
3471
3474
3474
3474
3476
3476
3482
3482
3482
3487
3487
3490
3490
3499
3515
3540
3541
3557
3561
3571
3573
3573
3580
3583
3617
3621
3632
3644
3644
3649
3649
3651
3657
3657
3660
3666
3673
3679
3681
3683
3708
3723
3724
3727
3777
3789
3837
3856
3896
3896
3900
3909
3918
3943
3947
3953
3977
3979
3992
3999
4014
4015
4023
4028
4033
4034
4035
4041
4049
4049
4049
4049
4050
4052
4053
4062
4065
4080
4082
4084
4084
4084
4085
4088
4089
4091
4093
4093
4099
4099
4100
4100
4108
4165
4182
4185
4204
4211
4222
4253
4254
4363
4363
4364
4365
4368
4371
4371
4372
4376
4382
4386
4386
4386
4387
4387
4387
4390
4390
4390
4393
4394
4394
4395
4400
4403
4434
4439
4443
4459
4469
4469
4469
4471
4473
4474
4478
4478
4480
4481
4481
4485
4486
4487
4487
4489
4495
4496
4498
4503
4504
4505
4506
4510
4513
4516
4518
4518
4521
4521
4523
4559
4563
4563
4572
4575
4581
4581
4582
4591
4607
4610
4613
4614
4617
4623
4624
4627
4629
4629
4634
4637
4637
4644
4645
4647
4677
4680
4686
4686
4690
4691
4695
4695
4702
4706
4717
4718
4721
4722
4742
4742
4743
4755
4755
4775
4778
4785
4792
4793
4795
4801
4803
4803
4806
4806
4810
4812
4814
4816
4835
4838
4839
4844
4848
4849
4850
4855
4864
4864
4870
4870
4876
4910
4918
4918
4918
4919
4921
4930
4933
4934
4937
4939
4940
4940
4940
4949
4949
4950
4951
4951
4952
4953
4953
4953
4953
4965
4966
4966
4968
5007
5010
5012
5018
5019
5023
5024
5031
5036
5042
5080
5087
5087
5087
5089
5089
5091
5101
5109
5110
5112
5115
5119
5120
5124
5126
5127
5132
5138
5156
5183
5220
5232
5232
5233
5235
5236
5241
5241
5241
5242
5242
5245
5252
5258
5310
5310
5314
5323
5323
5323
5327
5329
5332
5339
5340
5343
5346
5350
5350
5350
5361
5361
5362
5363
5363
5363
5368
5371
5371
5373
5376
5376
5376
5376
5377
5383
5389
5395
5397
5397
5398
5405
5406
5410
5412
5412
5424
5425
5426
5429
5429
5432
5444
5444
5451
5454
5459
5462
5491
5493
5496
5515
5520
5520
5523
5639
5643
5707
5708
5730
5761
5768
5788
5804
5858
5862
5870
5871
5877
5881
5881
5881
5883
5883
5887
5889
5890
5896
5897
5897
5903
5905
5910
5916
5922
5922
5941
5958
6034
6035
6044
6046
6053
6053
6054
6058
6058
6061
6065
6067
6068
6068
6070
6070
6073
6075
6075
6076
6078
6081
6081
6082
6085
6086
6088
6103
6104
6110
6149
6151
6152
6155
6159
6161
6161
6161
6162
6162
6164
6164
6166
6166
6167
6169
6175
6177
6177
6180
6180
6182
6184
6184
6185
6197
6199
6217
6230
6231
6244
6246
6412
6413
6413
6422
6422
6424
6427
6429
6430
6434
6442
6454
6456
6457
6459
6461
6462
6463
6470
6476
6479
6544
6670
6680
6687
6699
6700
6717
6742
6808
6810
6819
6824
6829
6832
6834
6843
6845
6845
6846
6847
6848
6849
6853
6858
6866
6869
6871
6872
6872
6874
6875
6875
6877
6881
6882
6883
6885
6885
6886
6887
6895
6911
6912
6914
6921
6926
6926
6927
6927
6928
6932
6932
6934
6935
6936
6936
6936
6937
6940
6943
6945
6962
6962
6968
6970
6973
7003
7004
7004
7010
7010
7010
7011
7011
7011
7013
7013
7014
7014
7016
7017
7017
7058
7068
7072
7134
7147
7151
7155
7155
7155
7164
7180
7228
7237
7242
7251
7264
7265
7274
7274
7289
7292
7296
7297
7297
7301
7301
7301
7302
7313
7314
7318
7319
7320
7322
7326
7326
7345
7345
7353
7354
7359
7362
7365
7376
7384
7385
7387
7395
7397
7399
7401
7404
7405
7414
7429
7431
7431
7435
7594
7595
7601
7617
7621
7624
7627
7628
7641
7653
7654
7677
7688
7688
7692
7693
7698
7702
7703
7704
7705
7706
7718
7722
7726
7729
7732
7735
7743
7748
7749
7754
7755
7755
7756
7758
7760
7762
7764
7774
7775
7776
7786
7789
7791
7791
7792
7793
7800
7893
7905
7906
7906
7912
7921
7925
7929
7935
7937
7944
7945
7946
7949
7949
7955
7969
7979
7988
8001
8001
8005
8014
8016
8023
8024
8024
8035
8035
8036
8042
8045
8046
8050
8052
8059
8061
8065
8066
8067
8071
8073
8077
8079
8082
8082
8084
8084
8085
8085
8089
8090
8095
8097
8100
8105
8110
8115
8118
8124
8151
8161
8163
8163
8168
8169
8177
8235
8242
8243
8251
8254
8257
8261
8270
8273
8273
8274
8275
8306
8309
8310
8313
8314
8316
8316
8316
8333
8375
8376
8390
