1
2
2
5
5
5
6
7
7
8
8
8
8
9
9
9
9
9
10
10
10
10
10
10
11
11
11
12
12
12
12
12
12
12
12
12
12
13
13
13
13
13
13
13
13
13
14
14
14
14
14
14
14
15
15
15
15
16
16
17
17
17
17
17
17
17
18
18
19
19
19
19
20
20
20
20
20
20
20
21
21
21
21
21
21
22
22
22
22
22
22
22
22
22
23
23
23
23
23
23
23
23
23
23
24
24
24
24
24
24
24
24
24
24
24
24
24
24
25
25
25
25
25
25
25
26
26
26
27
27
27
27
27
27
27
27
28
28
28
28
29
29
29
29
29
29
29
29
29
30
30
30
30
30
30
31
31
31
32
32
32
32
33
33
33
33
33
33
34
34
34
34
34
34
34
35
35
36
36
36
36
37
37
37
38
38
38
38
38
38
38
39
39
39
39
39
39
39
40
40
40
40
40
40
40
41
41
41
41
41
41
41
42
42
43
43
44
44
44
45
45
45
45
45
46
46
47
47
47
47
48
48
48
48
49
49
49
49
49
49
49
49
49
49
50
50
50
50
50
50
51
51
51
51
52
52
52
53
53
53
53
53
55
55
55
56
56
57
57
58
58
58
59
59
59
59
59
59
60
60
60
60
60
60
61
61
61
62
62
62
62
62
62
63
63
63
63
64
65
65
65
66
67
67
67
68
69
69
69
69
69
69
70
70
70
71
71
71
72
72
72
72
73
73
73
73
73
73
74
74
75
75
75
75
75
76
76
76
77
78
78
78
79
79
79
79
80
80
80
80
80
81
81
81
81
81
81
82
82
82
83
84
84
84
84
85
85
85
85
86
87
87
87
87
87
88
88
88
88
88
88
89
89
89
89
90
90
90
90
90
91
91
91
91
92
92
92
93
93
93
93
94
94
94
94
95
95
95
95
96
96
97
97
97
98
98
99
99
100
100
101
101
102
102
103
103
103
104
104
105
105
105
105
105
105
105
105
105
106
106
106
106
106
107
109
109
109
110
110
110
111
111
111
111
112
112
112
113
113
114
114
115
115
116
116
116
116
116
116
117
118
118
118
118
119
120
121
121
122
122
122
123
123
124
124
124
124
124
125
125
125
125
125
125
125
125
125
125
126
127
127
127
128
128
128
129
129
129
129
129
129
130
130
131
132
132
133
133
133
133
134
135
135
136
136
137
137
137
138
138
139
139
139
140
140
140
140
140
141
141
142
142
142
144
144
145
146
146
146
146
147
147
148
148
148
149
150
150
151
151
151
151
152
153
153
153
153
153
154
154
154
154
154
155
155
155
155
155
155
156
156
156
156
156
156
157
157
157
158
158
158
158
158
158
158
158
159
159
159
159
159
160
161
161
161
161
161
161
162
162
162
162
162
162
162
163
163
163
163
164
164
164
165
166
166
166
167
167
167
168
168
168
168
168
168
169
169
170
170
170
170
171
171
171
171
171
172
172
172
172
173
173
173
173
173
173
173
174
174
174
174
175
175
175
175
175
175
175
176
176
176
176
176
177
177
177
177
177
177
177
177
177
178
178
178
178
179
179
179
179
179
179
179
179
180
180
180
180
180
181
181
181
181
181
182
182
182
182
182
182
182
182
182
183
183
183
183
184
184
184
185
185
185
185
185
185
185
186
186
186
187
187
188
188
188
188
188
188
189
189
190
190
190
190
190
190
190
191
191
192
192
192
192
192
192
192
192
193
193
193
193
193
194
194
194
195
195
195
195
195
196
196
196
196
196
197
197
198
198
198
198
198
198
199
199
199
199
199
199
199
199
200
200
200
201
201
201
201
201
202
202
202
202
202
203
203
203
203
203
203
204
204
204
204
204
204
204
204
205
205
205
206
206
206
206
206
206
206
207
207
208
208
208
209
209
209
209
209
210
210
211
211
211
211
211
212
212
212
212
213
213
213
213
213
213
214
214
214
214
214
214
214
214
214
215
215
216
216
217
217
217
218
219
220
220
220
221
221
221
221
222
223
223
223
224
224
224
224
224
224
224
224
225
225
226
226
226
227
227
227
227
227
227
227
228
228
228
229
229
229
230
230
230
230
230
230
231
231
231
232
233
233
233
234
234
234
234
235
235
236
236
236
237
237
237
238
238
239
239
239
239
239
239
240
240
240
241
241
241
242
242
242
242
243
243
243
244
244
244
244
244
244
245
245
245
245
245
246
247
247
247
247
247
248
248
248
249
250
250
250
250
250
251
251
252
252
253
253
254
254
254
254
255
255
255
255
256
256
256
257
257
258
258
258
258
258
260
261
263
264
264
264
265
266
266
266
267
267
267
268
268
268
268
268
269
270
271
272
273
274
274
276
277
278
279
279
279
280
280
281
281
282
283
283
284
284
285
285
285
285
286
286
287
287
288
288
289
289
289
290
290
290
291
291
292
292
292
292
292
294
295
295
295
296
296
296
297
297
298
298
298
298
299
299
300
301
301
303
303
304
304
304
304
304
305
305
305
305
305
305
306
306
306
306
306
307
308
308
308
308
308
309
309
310
310
310
311
311
311
312
312
312
312
313
313
313
313
313
314
315
315
316
316
317
317
317
317
317
318
319
319
319
320
320
321
322
322
323
323
323
323
325
326
326
326
326
329
329
329
329
329
329
330
330
331
332
332
333
334
334
335
335
336
337
338
338
338
338
339
339
339
340
341
342
343
344
344
344
345
346
346
347
348
352
352
353
354
355
357
358
359
362
362
362
362
362
363
363
364
364
364
366
367
367
368
368
368
368
368
369
369
369
369
370
372
373
373
377
377
378
380
387
389
390
390
391
391
393
395
396
396
396
397
398
399
399
400
403
406
406
406
406
406
406
407
407
407
411
412
414
414
414
415
417
417
417
417
418
418
418
419
419
419
419
421
421
426
433
435
436
461
464
466
466
470
472
472
473
477
477
479
479
483
485
485
485
488
491
493
494
496
497
498
503
503
505
505
505
506
506
507
507
507
507
508
509
513
515
516
520
524
528
534
538
546
547
557
562
563
563
565
566
566
566
568
571
574
575
575
576
577
577
578
578
579
579
579
581
583
584
587
587
588
588
588
591
591
598
600
602
605
606
606
607
611
614
615
625
639
646
658
660
660
663
664
683
685
686
686
687
692
695
697
698
701
710
715
715
716
716
716
717
717
717
720
722
722
723
723
724
728
733
735
741
744
745
746
747
754
754
764
766
767
768
770
770
776
777
780
783
783
783
783
786
789
791
792
800
800
801
801
802
804
804
811
816
816
817
817
833
837
843
844
848
854
854
856
858
859
859
860
863
864
864
865
868
869
870
870
870
881
887
887
890
903
904
935
953
955
981
988
990
1020
1024
1026
1030
1031
1033
1033
1034
1088
1098
1105
1106
1106
1119
1129
1129
1130
1130
1130
1130
1130
1130
1143
1159
1161
1163
1164
1177
1178
1181
1188
1189
1197
1198
1201
1204
1205
1206
1219
1221
1230
1233
1233
1233
1233
1233
1233
1233
1234
1234
1234
1235
1235
1254
1264
1270
1273
1297
1326
1331
1334
1334
1345
1348
1350
1351
1354
1360
1361
1363
1369
1370
1372
1373
1373
1375
1375
1378
1379
1381
1421
1424
1427
1434
1436
1436
1437
1438
1438
1439
1439
1441
1441
1443
1443
1444
1445
1445
1445
1445
1446
1446
1446
1447
1447
1449
1450
1450
1451
1451
1451
1452
1452
1453
1453
1453
1455
1456
1456
1456
1457
1457
1457
1457
1457
1458
1458
1458
1460
1461
1461
1462
1463
1464
1465
1465
1466
1466
1466
1466
1467
1467
1467
1467
1468
1469
1469
1474
1474
1474
1475
1475
1475
1475
1475
1475
1475
1476
1477
1477
1477
1478
1479
1479
1482
1482
1483
1483
1483
1483
1483
1483
1483
1484
1486
1486
1487
1488
1489
1489
1489
1490
1490
1491
1491
1491
1491
1491
1492
1492
1493
1493
1493
1494
1495
1499
1499
1502
1502
1502
1502
1504
1504
1504
1505
1505
1505
1505
1508
1508
1509
1512
1516
1528
1543
1546
1553
1554
1557
1557
1559
1559
1559
1559
1560
1562
1566
1566
1569
1569
1570
1573
1579
1581
1583
1583
1584
1585
1586
1586
1587
1588
1590
1590
1591
1593
1596
1598
1599
1599
1599
1599
1600
1600
1601
1603
1605
1605
1606
1607
1608
1608
1610
1612
1612
1612
1613
1613
1613
1613
1613
1613
1613
1615
1617
1618
1618
1618
1619
1620
1620
1620
1620
1621
1621
1621
1621
1623
1626
1627
1627
1628
1628
1632
1632
1632
1634
1635
1635
1636
1636
1636
1636
1637
1637
1637
1637
1637
1638
1638
1638
1638
1638
1638
1638
1639
1640
1641
1641
1641
1641
1642
1642
1646
1647
1647
1648
1650
1650
1651
1652
1654
1655
1655
1657
1657
1659
1660
1662
1663
1663
1668
1670
1670
1670
1673
1674
1675
1675
1675
1675
1676
1676
1676
1676
1678
1679
1680
1682
1683
1683
1684
1684
1685
1685
1686
1686
1686
1687
1687
1688
1689
1689
1690
1690
1691
1692
1693
1694
1695
1696
1697
1697
1697
1699
1699
1699
1702
1705
1709
1710
1711
1718
1720
1720
1725
1725
1725
1726
1727
1728
1729
1729
1729
1729
1729
1730
1731
1733
1733
1736
1736
1736
1736
1738
1739
1739
1740
1740
1740
1742
1742
1743
1744
1744
1744
1745
1745
1748
1749
1749
1751
1751
1751
1751
1751
1751
1751
1752
1752
1754
1755
1755
1755
1756
1757
1759
1759
1759
1759
1760
1761
1762
1762
1766
1771
1774
1774
1774
1774
1774
1775
1777
1780
1783
1783
1785
1786
1786
1789
1792
1794
1797
1798
1799
1799
1800
1800
1802
1802
1804
1804
1806
1810
1812
1812
1813
1814
1816
1817
1818
1828
1829
1830
1832
1836
1837
1842
1844
1848
1855
1855
1857
1859
1861
1866
1886
1886
1910
1912
1912
1913
1921
1921
1929
1942
1942
1945
1946
1947
1964
1964
1964
1967
1967
1971
1978
1983
1985
1988
1991
1998
1998
2000
2013
2020
2021
2022
2023
2024
2024
2025
2026
2027
2029
2033
2033
2033
2034
2035
2036
2041
2041
2045
2060
2064
2068
2069
2087
2093
2121
2121
2129
2130
2130
2132
2133
2134
2134
2135
2137
2168
2169
2209
2215
2249
2251
2252
2252
2266
2273
2328
2330
2331
2334
2334
2342
2343
2347
2353
2367
2367
2371
2371
2372
2372
2373
2378
2380
2381
2383
2384
2384
2387
2388
2393
2403
2404
2405
2407
2407
2408
2409
2416
2417
2423
2452
2471
2475
2550
2553
2618
2621
2621
2640
2657
2671
2698
2707
2707
2752
2758
2760
2764
2764
2768
2772
2776
2784
2788
2871
2879
2884
2895
2965
2970
2972
2978
2978
2978
2978
2981
2981
2982
2982
2982
2983
2983
2983
2983
2983
2984
2985
2985
2988
2989
2990
2992
2993
2995
2995
2996
2996
2998
3002
3002
3003
3003
3003
3004
3007
3007
3008
3008
3009
3009
3010
3010
3013
3018
3018
3020
3021
3022
3024
3026
3031
3042
3044
3055
3057
3066
3068
3093
3095
3095
3105
3105
3115
3116
3117
3118
3125
3125
3127
3127
3132
3133
3133
3134
3134
3134
3134
3139
3139
3139
3139
3144
3147
3147
3151
3152
3155
3162
3167
3167
3167
3167
3171
3175
3179
3189
3191
3194
3199
3205
3206
3216
3220
3224
3224
3225
3226
3231
3232
3232
3232
3232
3233
3234
3236
3236
3240
3266
3269
3270
3270
3271
3273
3275
3277
3279
3282
3282
3283
3285
3285
3288
3294
3302
3302
3315
3317
3320
3321
3322
3323
3326
3340
3350
3355
3357
3363
3367
3368
3379
3383
3393
3400
3403
3410
3413
3414
3415
3417
3419
3419
3420
3423
3424
3424
3425
3425
3484
3519
3544
3544
3548
3580
3635
3688
3692
3696
3700
3701
3701
3702
4016
4016
4045
4045
4164
4381
4409
4410
4412
4454
4487
4528
4556
4558
4560
4566
4615
4619
4619
4624
4625
4626
4628
4633
4638
4638
4646
4670
4690
4693
4698
4698
4702
4706
4712
4719
4722
4722
4740
4744
4755
4755
4766
4768
4771
4771
4773
4778
4780
4790
4793
4794
4795
4805
4816
4823
4828
4833
4834
4834
