1
2
3
6
6
7
7
7
7
7
7
8
8
8
8
8
8
8
8
8
8
8
8
8
8
9
9
9
9
9
9
9
9
10
10
10
10
10
10
10
11
11
11
11
11
11
11
11
11
11
11
11
11
11
12
12
12
12
12
12
12
12
12
12
13
13
13
13
13
13
13
13
13
14
14
14
14
15
15
15
15
15
15
15
15
15
15
16
16
16
16
16
16
17
17
17
17
17
17
17
18
18
18
19
19
19
20
20
20
20
20
21
21
21
21
21
21
22
22
22
23
23
23
23
24
24
24
24
24
24
25
25
25
25
25
25
25
25
25
26
26
26
27
27
28
28
28
28
28
29
29
29
29
29
30
30
30
30
31
31
31
31
31
32
32
32
32
32
33
33
33
33
33
33
33
34
34
34
34
34
34
34
34
34
34
35
35
35
35
35
35
35
36
36
36
36
37
37
37
37
37
37
37
37
37
38
38
38
38
39
39
39
39
40
40
40
40
41
41
41
41
41
42
42
42
43
43
43
43
43
43
44
44
44
44
45
45
45
45
45
45
45
45
45
45
46
46
46
46
46
47
47
48
48
48
48
49
49
49
49
49
49
50
50
50
50
50
50
50
50
51
51
51
51
51
51
51
52
52
53
53
53
53
53
53
53
54
54
54
54
55
55
55
55
55
55
55
56
56
56
56
56
56
56
56
56
56
57
57
57
57
57
57
58
58
58
59
59
59
60
60
60
60
60
60
61
61
61
61
61
61
62
62
62
62
62
62
62
62
63
63
63
64
64
64
64
64
64
64
64
64
64
65
65
65
65
65
65
65
65
66
66
66
67
67
67
67
68
68
68
68
68
68
68
69
69
70
70
70
70
70
70
70
71
71
71
72
72
72
72
72
72
73
73
73
74
74
74
74
75
76
76
76
76
77
77
77
78
78
78
78
78
78
79
79
79
79
79
79
80
80
80
80
80
80
80
80
80
81
81
81
81
81
81
81
82
82
82
83
83
83
83
83
83
83
83
84
84
84
84
84
84
84
85
85
85
85
86
86
86
86
86
87
87
87
88
88
89
89
89
89
90
90
90
90
90
90
91
91
92
92
92
93
93
93
94
94
95
96
96
96
97
97
97
97
98
98
98
99
99
99
100
100
100
100
100
101
102
102
102
102
103
103
103
104
104
105
105
105
106
106
106
106
107
107
107
107
107
107
108
109
109
109
109
109
109
109
109
110
110
110
110
110
111
111
112
112
113
114
114
114
114
115
115
115
116
116
117
117
117
117
117
117
117
117
118
118
118
118
118
118
118
119
119
119
119
119
120
120
120
120
120
120
120
120
120
120
120
120
120
120
121
121
121
121
121
121
122
123
123
123
123
124
124
124
124
125
125
125
126
126
126
126
126
127
127
127
128
128
128
128
129
129
129
130
130
130
130
131
131
131
131
131
131
131
131
132
132
132
132
132
132
132
133
133
133
133
133
133
134
135
135
135
135
135
135
135
135
136
136
136
136
136
136
136
136
136
136
136
136
137
137
137
137
137
137
137
137
137
137
137
137
138
138
138
139
139
139
139
139
139
140
140
140
140
140
141
141
141
141
142
142
142
142
142
143
143
143
143
145
145
145
145
145
146
146
146
146
147
147
147
147
147
147
147
147
147
148
148
148
148
148
149
149
149
150
150
150
151
151
151
151
151
151
152
152
152
153
153
153
153
153
153
153
153
153
153
154
155
155
156
156
156
156
156
156
157
157
158
158
158
159
159
159
159
160
160
160
160
160
160
160
161
161
161
161
161
161
161
161
161
162
162
162
162
162
162
162
162
162
163
163
163
163
164
164
164
165
165
165
165
166
166
167
168
168
168
168
168
168
168
168
169
169
169
169
169
169
169
170
170
170
170
170
170
170
170
171
171
171
171
171
171
171
171
171
171
171
171
172
172
172
172
172
172
172
172
173
173
173
173
173
173
174
174
174
174
174
174
174
174
174
174
174
174
174
175
175
175
175
175
175
175
176
176
176
176
176
176
176
176
177
177
177
177
178
178
178
178
179
179
179
180
180
180
180
181
181
181
181
181
181
182
182
182
182
182
182
183
183
183
183
184
184
184
185
185
185
185
185
186
186
186
187
187
187
188
188
189
189
189
189
190
190
190
190
190
190
190
191
191
191
191
191
191
191
191
191
191
191
192
192
192
192
192
192
193
193
193
193
193
193
193
193
194
194
194
194
194
194
196
197
197
197
197
198
198
198
198
199
199
199
199
199
200
200
201
201
201
201
201
201
202
202
203
203
203
203
203
203
203
203
204
204
204
204
205
205
205
205
206
206
207
207
208
208
208
208
209
209
209
209
209
210
210
210
211
211
211
211
212
213
213
213
213
214
214
214
214
214
215
215
216
216
216
216
216
216
217
217
217
217
218
218
218
218
219
219
219
219
220
220
220
220
221
221
221
221
222
223
223
223
224
226
226
227
227
234
239
240
240
241
245
247
251
252
258
264
272
274
276
277
278
278
279
280
284
303
307
312
315
316
316
316
316
317
318
318
320
320
321
323
324
327
327
328
330
332
332
333
333
335
336
336
337
339
339
339
341
342
343
344
344
346
347
347
347
348
348
349
351
351
351
351
353
355
356
357
357
357
359
361
362
362
362
364
365
365
367
367
369
370
370
371
371
371
373
374
375
376
376
378
378
378
379
379
380
382
382
382
384
385
385
385
386
386
387
387
387
387
387
387
388
388
388
389
389
389
390
390
391
393
393
394
394
395
395
395
396
397
397
398
398
398
399
399
400
400
400
401
401
401
401
402
402
403
403
403
403
403
403
404
404
405
406
406
407
407
407
407
407
407
408
408
409
410
410
411
411
412
413
414
415
415
416
417
417
417
418
418
418
418
419
419
419
420
420
421
421
422
422
423
423
424
425
428
429
430
431
431
432
432
433
434
435
437
437
439
439
441
442
442
443
445
447
448
448
449
454
456
456
458
458
459
463
469
470
474
477
477
482
484
485
487
487
487
488
490
490
493
496
497
497
500
500
500
501
502
504
505
505
507
512
517
519
520
520
543
543
559
561
571
571
574
577
578
579
586
588
588
590
591
592
594
594
594
596
597
597
597
598
598
598
598
598
598
599
599
604
606
612
612
612
613
613
613
615
624
626
627
627
628
628
630
631
632
632
633
634
638
640
641
642
643
643
644
648
648
650
659
659
660
660
661
668
668
671
671
671
679
680
680
685
685
691
692
693
702
702
703
703
705
706
708
710
710
711
711
711
711
711
711
711
716
718
718
718
718
719
720
720
720
720
721
722
722
733
734
738
738
739
739
740
740
740
741
741
743
744
744
746
749
750
752
753
754
755
755
755
756
758
758
760
761
761
761
761
761
761
762
762
762
763
763
763
764
765
765
767
767
769
770
770
770
771
771
772
775
775
779
779
780
780
781
781
781
781
782
782
783
784
784
784
785
785
785
785
786
787
787
787
789
790
794
794
795
795
797
800
801
801
802
804
806
814
816
816
816
817
817
818
818
823
827
827
827
833
833
834
834
834
835
835
836
837
837
839
841
843
850
851
852
852
853
855
861
863
867
867
868
871
872
873
873
873
873
875
876
886
891
891
892
904
904
904
908
909
909
910
911
911
911
914
916
919
924
925
926
936
942
945
949
956
958
959
961
961
962
962
962
963
976
976
976
977
978
978
978
978
979
979
981
981
984
986
987
989
990
990
991
995
998
999
999
1000
1000
1001
1001
1004
1004
1004
1005
1005
1005
1007
1007
1008
1008
1012
1014
1020
1021
1021
1022
1029
1041
1042
1045
1050
1050
1051
1054
1056
1057
1058
1060
1060
1060
1061
1061
1062
1062
1062
1063
1064
1064
1066
1069
1071
1073
1075
1077
1078
1079
1079
1079
1079
1079
1084
1087
1087
1089
1092
1093
1097
1097
1112
1112
1115
1127
1129
1133
1133
1134
1137
1137
1137
1137
1147
1152
1153
1155
1156
1159
1163
1163
1167
1167
1171
1171
1171
1174
1174
1175
1176
1176
1178
1179
1181
1181
1181
1186
1188
1191
1191
1192
1192
1195
1197
1197
1201
1201
1202
1203
1204
1210
1211
1211
1211
1212
1215
1216
1219
1221
1222
1223
1224
1225
1227
1228
1229
1229
1230
1232
1235
1236
1237
1237
1237
1237
1238
1239
1241
1241
1241
1241
1245
1257
1257
1258
1258
1259
1260
1260
1261
1261
1262
1262
1271
1272
1273
1277
1278
1279
1279
1279
1279
1279
1284
1285
1285
1286
1286
1287
1287
1290
1290
1292
1292
1295
1296
1296
1297
1300
1301
1301
1301
1303
1304
1304
1305
1305
1305
1306
1306
1306
1306
1307
1307
1308
1309
1309
1312
1313
1313
1315
1317
1318
1320
1321
1322
1323
1324
1324
1325
1326
1327
1327
1327
1327
1327
1338
1345
1348
1353
1355
1358
1359
1360
1378
1386
1389
1392
1396
1397
1397
1397
1398
1398
1398
1399
1400
1400
1401
1401
1402
1403
1404
1406
1406
1407
1407
1408
1409
1409
1410
1411
1417
1419
1419
1419
1420
1420
1421
1421
1421
1422
1422
1422
1422
1422
1423
1424
1424
1425
1425
1426
1426
1427
1429
1429
1429
1429
1430
1436
1437
1438
1439
1440
1441
1444
1444
1445
1452
1452
1454
1454
1454
1454
1454
1454
1455
1456
1456
1456
1457
1458
1462
1466
1466
1467
1467
1469
1471
1472
1474
1481
1481
1482
1488
1495
1497
1498
1505
1511
1511
1511
1512
1514
1515
1516
1521
1524
1524
1530
1530
1530
1533
1533
1536
1538
1539
1539
1539
1541
1545
1547
1547
1549
1549
1549
1550
1550
1553
1553
1553
1554
1554
1555
1558
1560
1560
1560
1561
1564
1564
1564
1565
1565
1566
1566
1566
1567
1568
1570
1572
1572
1573
1574
1579
1582
1583
1583
1584
1585
1585
1586
1588
1589
1590
1592
1598
1599
1601
1602
1602
1606
1614
1614
1615
1623
1626
1628
1628
1631
1638
1640
1642
1644
1645
1649
1652
1665
1665
1671
1671
1671
1675
1680
1681
1681
1681
1684
1686
1686
1686
1687
1687
1689
1692
1693
1693
1695
1697
1697
1699
1700
1700
1701
1701
1703
1703
1703
1704
1705
1705
1707
1710
1710
1710
1710
1710
1712
1712
1714
1715
1718
1720
1721
1721
1721
1721
1721
1722
1724
1725
1725
1725
1726
1729
1731
1731
1732
1737
1739
1739
1741
1749
1750
1753
1760
1764
1764
1772
1773
1778
1778
1781
1782
1784
1786
1786
1786
1801
1804
1805
1808
1808
1809
1814
1827
1829
1833
1837
1840
1840
1841
1844
1844
1846
1847
1849
1849
1850
1852
1853
1855
1861
1862
1862
1862
1867
1874
1876
1877
1880
1882
1882
1883
1883
1885
1885
1888
1889
1889
1889
1889
1891
1891
1893
1893
1895
1896
1897
1897
1899
1899
1902
1904
1909
1909
1911
1911
1911
1914
1914
1915
1922
1923
1923
1925
1932
1932
1932
1933
1952
1954
1957
1963
1964
1968
1969
1970
1971
1977
1980
1980
1983
1983
1986
1991
1993
1996
1999
2006
2009
2013
2015
2018
2022
2022
2026
2026
2030
2036
2046
2046
2046
2047
2047
2050
2051
2052
2052
2053
2055
2070
2075
2076
2076
2077
2078
2079
2079
2085
2087
2092
2093
2099
2099
2101
2107
2108
2111
2118
2118
2118
2119
2122
2127
2131
2136
2141
2146
2146
2148
2150
2154
2154
2155
2155
2155
2157
2158
2161
2161
2162
2164
2166
2166
2168
2171
2172
2175
2177
2177
2184
2184
2192
2201
2203
2206
2206
2207
2207
2208
2210
2210
2212
2213
2213
2215
2215
2217
2218
2218
2219
2221
2221
2223
2225
2226
2230
2238
2240
2240
2245
2247
2248
2256
2258
2261
2266
2267
2267
2268
2268
2268
2268
2270
2273
2274
2279
2279
2280
2280
2280
2280
2284
2284
2284
2284
2288
2289
2293
2293
2294
2294
