1
2
2
5
5
5
6
6
7
7
7
7
7
7
8
8
8
8
8
8
8
8
9
9
9
9
9
9
9
9
9
9
9
9
9
9
10
10
10
10
10
10
10
10
11
11
11
11
11
11
11
11
11
12
12
12
12
12
12
12
12
12
12
13
13
13
13
13
14
14
14
14
14
14
15
15
15
15
15
16
16
16
16
16
16
16
16
17
17
17
17
17
17
17
17
17
17
18
18
18
18
19
19
19
19
19
19
20
20
20
20
20
20
20
21
21
21
21
21
21
21
21
22
22
22
22
22
23
23
24
24
24
24
24
24
25
25
25
25
25
25
25
25
26
26
26
26
26
26
27
27
27
27
28
28
29
29
29
29
30
30
30
30
30
30
30
30
30
31
31
31
31
31
31
31
32
32
32
32
32
32
32
32
32
32
32
32
33
33
33
33
33
34
34
34
34
34
34
35
35
35
35
35
36
36
36
36
36
36
37
38
38
38
38
39
39
39
39
39
39
39
40
40
40
40
40
40
40
40
40
40
40
41
41
41
41
41
42
42
42
42
42
42
42
42
42
43
43
43
43
43
43
43
43
43
44
44
44
44
44
44
44
44
44
44
44
45
45
45
45
45
45
45
45
46
46
46
46
46
46
46
46
46
47
47
47
47
47
48
48
48
48
48
48
48
48
48
48
48
49
49
49
49
49
49
49
49
49
50
50
50
50
50
50
50
50
50
50
50
50
50
50
51
51
51
51
51
51
51
51
51
51
51
52
52
52
52
52
52
52
52
52
53
53
53
53
54
54
54
54
54
55
55
55
55
56
56
56
56
56
56
57
57
57
57
57
57
57
58
58
58
59
59
59
60
60
60
60
60
60
60
60
60
60
61
61
61
61
61
61
62
62
62
62
62
62
62
62
62
62
63
63
63
63
63
63
63
63
63
64
64
64
64
64
64
64
64
64
64
64
64
65
65
65
65
65
66
66
66
66
66
67
67
67
67
67
67
67
68
68
69
69
69
69
69
69
69
70
70
70
70
70
70
70
71
71
71
71
71
71
72
72
72
72
72
72
72
72
73
73
73
73
73
73
74
74
74
74
74
75
75
75
75
75
76
76
76
76
76
76
77
77
77
77
77
77
78
78
78
78
78
78
78
78
79
79
79
79
79
79
79
79
79
79
79
79
80
80
80
80
80
80
80
80
80
80
81
81
81
81
81
81
81
81
82
82
82
82
82
82
82
83
83
83
84
84
84
84
84
85
85
86
86
86
86
86
86
86
87
87
87
87
87
87
87
88
88
88
88
89
89
89
89
89
89
89
90
90
90
90
90
91
91
91
91
92
92
92
92
92
92
93
93
93
93
93
93
93
93
94
94
94
94
94
94
94
94
94
95
95
95
96
96
96
96
96
97
97
97
97
97
97
97
98
98
98
98
98
99
99
99
99
99
99
99
99
100
100
100
101
101
101
101
102
102
102
102
102
102
102
103
103
103
103
103
103
103
103
103
103
104
104
104
104
104
104
104
105
105
105
105
105
105
105
105
105
106
106
106
106
106
106
106
106
106
106
106
106
107
107
107
107
107
107
107
107
108
108
108
108
108
109
109
109
109
109
109
109
110
110
110
110
111
111
111
112
113
114
114
115
115
115
115
115
116
116
116
116
116
116
116
116
116
116
116
117
117
117
118
119
119
119
119
119
119
119
120
120
121
122
122
122
122
123
123
124
124
124
124
124
124
125
125
125
125
126
126
126
127
127
127
128
128
128
128
128
128
128
128
128
128
129
129
129
129
129
129
129
130
130
130
130
130
130
130
130
131
131
131
131
131
131
131
131
132
132
132
132
132
132
132
132
133
133
133
133
133
133
133
133
133
134
134
134
134
134
134
135
135
135
136
136
136
136
136
136
136
136
137
137
137
137
137
137
137
138
138
138
138
138
138
139
139
139
139
139
139
139
139
140
140
140
140
140
140
140
140
140
141
141
141
141
141
141
141
141
141
141
141
141
141
141
142
142
142
142
142
142
142
142
143
143
143
143
143
143
143
143
143
143
144
144
144
144
144
144
145
145
145
145
145
145
145
145
145
146
146
146
146
146
146
146
146
146
146
147
147
147
147
147
147
147
147
147
147
147
147
148
148
148
148
148
148
148
148
148
148
148
148
148
149
149
149
149
149
149
149
149
150
150
150
150
150
150
150
150
151
151
151
151
151
152
152
152
152
153
153
153
153
153
153
154
154
154
154
154
154
154
154
154
155
155
155
155
156
156
156
156
156
156
156
156
156
156
156
156
156
157
157
157
157
157
157
157
157
157
157
157
157
157
157
157
157
157
157
158
158
158
158
158
158
158
158
158
158
158
158
158
159
159
159
159
159
159
159
159
159
159
160
160
160
160
160
160
160
160
161
161
161
161
161
161
161
161
161
161
162
162
162
162
162
163
163
163
164
164
165
165
165
166
166
166
166
166
167
167
167
168
168
168
168
169
169
169
169
170
170
170
170
171
171
171
172
172
173
173
173
173
173
173
174
174
174
174
174
174
174
174
174
175
175
175
175
175
175
175
175
175
175
175
175
175
176
176
176
176
177
177
177
177
177
177
177
177
177
178
178
178
178
178
178
178
178
179
179
179
179
179
179
179
180
180
180
181
181
181
181
181
181
182
182
182
182
182
182
182
182
183
183
183
183
183
183
183
183
183
183
184
184
184
184
184
184
184
184
184
185
185
185
185
185
185
185
185
185
185
186
186
186
186
186
186
186
186
186
187
187
187
187
187
187
188
188
188
188
188
188
188
188
188
188
188
188
188
188
188
188
188
188
189
189
189
189
189
189
189
189
189
189
189
189
190
190
190
190
190
190
190
190
190
190
190
191
191
191
192
192
192
192
192
192
192
192
193
193
193
193
193
194
194
195
195
195
196
196
196
196
196
196
196
196
196
197
197
197
197
197
197
197
198
198
198
198
198
198
198
199
199
200
200
200
201
201
201
201
202
202
202
202
202
202
203
203
204
204
204
204
204
204
205
205
205
205
205
205
205
205
206
206
206
207
207
208
208
209
210
210
210
211
212
212
212
213
214
214
215
215
215
215
215
216
216
216
217
217
217
217
218
218
218
218
218
219
219
219
220
221
221
222
222
222
222
222
223
223
223
223
223
223
224
225
226
226
227
227
228
229
229
229
229
229
230
230
231
231
232
232
233
234
234
235
235
236
236
236
236
237
238
238
239
240
244
244
244
245
245
246
246
246
247
248
249
249
251
251
251
254
254
254
256
256
257
257
258
258
262
262
262
265
265
267
269
269
269
271
272
272
273
274
274
274
274
275
275
276
276
276
276
276
277
277
277
277
277
278
278
278
279
279
279
279
280
280
281
282
282
284
285
285
285
286
287
288
289
289
290
291
292
292
293
293
294
294
294
296
296
297
298
298
298
299
299
300
301
302
302
305
305
306
307
307
307
307
307
308
308
308
308
308
308
308
308
308
314
314
314
314
316
316
316
316
317
317
318
319
319
319
320
322
322
322
323
324
324
324
325
325
325
325
325
326
327
327
330
330
331
332
333
333
334
334
335
335
335
336
336
336
336
336
336
336
336
337
338
339
339
339
340
341
341
341
341
342
342
342
342
342
343
343
344
344
344
346
346
347
347
347
347
348
349
349
349
350
350
351
351
351
351
351
352
352
352
353
353
355
356
356
357
357
357
358
358
358
359
359
359
360
360
360
360
360
361
361
362
363
363
363
363
364
364
365
365
366
366
367
367
367
367
368
368
368
369
369
369
369
369
369
370
370
371
371
371
371
371
372
372
373
374
374
375
376
377
379
379
379
380
380
380
380
380
384
386
388
389
405
409
410
410
411
411
411
411
412
413
417
417
418
418
418
420
420
420
420
420
421
421
422
422
423
426
430
431
434
443
447
455
459
461
462
462
468
471
471
471
473
474
474
474
475
481
481
482
484
488
489
490
494
494
497
498
500
502
502
504
507
509
510
511
513
515
519
519
521
521
522
524
524
525
530
539
546
547
552
553
553
554
554
555
556
560
563
565
565
565
566
566
567
568
569
570
571
576
586
588
601
613
623
628
631
634
636
637
638
639
641
643
645
646
670
693
695
703
755
761
763
768
771
771
778
779
779
783
785
786
787
788
791
794
794
796
796
801
803
805
805
806
810
810
810
814
816
821
823
825
825
835
838
839
839
841
842
865
892
895
896
898
900
900
902
912
912
913
913
913
914
914
914
925
927
952
961
990
991
997
1007
1011
1012
1014
1015
1015
1016
1018
1018
1018
1020
1022
1023
1023
1024
1025
1026
1027
1029
1032
1033
1034
1034
1037
1044
1044
1044
1050
1055
1066
1069
1076
1077
1080
1081
1082
1083
1087
1088
1088
1089
1090
1092
1095
1096
1096
1096
1096
1096
1096
1120
1120
1120
1122
1124
1124
1129
1130
1133
1134
1135
1137
1138
1139
1141
1145
1146
1148
1150
1153
1153
1157
1159
1163
1164
1165
1167
1168
1170
1171
1173
1173
1174
1175
1184
1185
1186
1187
1187
1191
1192
1192
1196
1196
1198
1244
1244
1246
1246
1257
1262
1264
1267
1268
1271
1272
1279
1285
1286
1290
1290
1292
1292
1292
1294
1294
1294
1296
1303
1308
1309
1311
1314
1334
1343
1361
1370
1370
1371
1374
1377
1377
1377
1378
1381
1381
1386
1387
1388
1390
1391
1393
1395
1396
1397
1397
1397
1397
1399
1401
1402
1403
1405
1407
1408
1411
1415
1419
1423
1423
1425
1426
1426
1428
1429
1429
1429
1430
1434
1434
1434
1435
1436
1436
1437
1440
1440
1442
1442
1442
1447
1451
1453
1454
1460
1462
1470
1475
1478
1480
1482
1483
1485
1492
1493
1495
1496
1497
1497
1498
1503
1504
1508
1522
1524
1533
1534
1535
1536
1539
1540
1540
1541
1544
1545
1546
1546
1546
1546
1546
1547
1548
1549
1549
1549
1549
1553
1553
1555
1555
1560
1561
1561
1562
1562
1563
1563
1565
1566
1568
1569
1569
1569
1570
1571
1573
1573
1574
1576
1576
1577
1577
1578
1578
1579
1580
1584
1584
1588
1588
1588
1591
1591
1592
1594
1597
1598
1601
1615
1616
1617
1619
1621
1622
1624
1627
1631
1632
1632
1632
1633
1633
1634
1634
1671
1683
1683
1684
1697
1700
1703
1706
1708
1708
1712
1714
1715
1716
1716
1716
1719
1720
1720
1720
1721
1722
1722
1723
1723
1723
1723
1725
1725
1727
1730
1732
1733
1733
1735
1736
1736
1738
1739
1739
1740
1740
1740
1753
1755
1762
1792
1832
1834
1835
1845
1850
1851
1852
1853
1853
1853
1854
1857
1860
1860
1860
1861
1863
1866
1866
1867
1868
1873
1874
1875
1877
1891
1955
1956
1957
1961
1962
1962
1967
1968
1969
1970
1970
1972
1974
1974
1978
1978
1979
1980
1981
1981
1982
1983
1984
1985
1985
1986
1986
1987
1988
1989
1989
1990
1990
1994
1999
2003
2003
2007
2008
2008
2011
2012
2012
2013
2013
2014
2014
2015
2062
2066
2067
2067
2069
2074
2078
2079
2086
2086
2091
2094
2103
2104
2104
2116
2117
2120
2133
2145
2148
2149
2149
2151
2153
2154
2157
2157
2158
2161
2161
2164
2166
2166
2167
2169
2169
2170
2171
2172
2173
2173
2173
2174
2175
2179
2180
2184
2189
2193
2197
2230
2235
2235
2236
2238
2240
2241
2244
2246
2247
2250
2251
2252
2252
2253
2253
2255
2255
2256
2258
2259
2262
2262
2262
2263
2264
2264
2264
2265
2265
2265
2265
2265
2266
