1
2
3
5
7
7
7
8
8
8
8
8
8
9
10
10
10
10
10
11
11
11
11
11
11
11
11
11
11
11
11
12
12
12
13
13
14
15
15
15
16
16
16
17
17
17
18
18
18
19
19
19
20
20
20
20
20
20
21
21
21
21
21
21
21
22
22
22
22
22
23
24
24
25
25
25
25
26
26
28
28
29
29
30
30
31
31
33
33
34
36
36
37
38
38
39
39
39
40
40
40
41
42
42
42
43
46
46
46
46
49
50
50
50
52
53
53
53
53
55
55
56
56
56
57
57
57
58
58
58
58
59
61
62
62
63
64
65
66
66
67
68
69
69
70
71
73
73
73
73
74
74
74
75
76
76
76
76
76
77
77
79
82
83
83
84
84
86
88
88
88
89
90
90
90
91
92
92
92
93
93
93
94
94
96
96
97
98
104
105
105
106
106
107
109
110
110
111
111
111
112
112
112
113
114
114
115
117
118
118
119
120
123
125
126
128
132
134
134
135
135
135
136
139
139
140
140
145
147
150
155
156
159
160
160
161
161
164
164
164
165
169
173
173
173
176
177
179
180
180
180
181
182
183
184
184
188
189
189
191
191
193
194
194
194
201
204
207
209
209
209
211
212
216
216
217
219
221
222
230
232
237
237
242
242
242
250
251
252
255
259
259
261
263
271
272
273
274
277
279
281
287
288
288
288
288
290
292
295
299
299
299
299
300
300
301
301
302
302
302
302
302
302
304
304
305
305
305
305
305
306
306
306
307
307
307
308
310
311
312
312
312
314
317
320
320
320
322
323
325
325
325
325
326
329
329
330
331
331
335
335
336
336
336
339
342
342
343
344
344
347
347
348
348
349
350
351
354
356
356
356
357
365
368
372
373
376
376
377
378
379
379
380
380
380
380
380
381
381
381
382
382
383
383
383
383
384
384
384
384
385
386
386
387
387
388
388
389
391
391
393
395
396
398
401
402
405
411
413
415
415
419
420
425
427
427
433
435
435
437
439
439
439
439
441
441
444
444
444
446
447
448
452
458
458
458
460
460
463
465
468
469
472
475
477
478
478
482
483
483
483
483
487
487
492
492
492
498
504
507
507
512
512
516
517
519
519
520
522
523
525
527
533
536
536
537
541
543
544
546
552
558
559
559
561
564
567
568
571
575
576
577
580
581
581
585
587
587
588
589
591
595
595
596
596
596
596
605
607
609
616
616
622
623
624
624
628
630
632
632
634
634
634
635
637
637
640
641
642
643
644
644
644
644
644
646
646
649
649
649
655
656
657
658
660
662
665
666
667
667
667
668
674
675
676
677
680
682
687
687
687
697
700
701
701
703
711
715
715
719
721
725
726
728
814
827
850
853
854
856
857
865
867
875
887
891
893
894
896
896
907
909
911
912
915
915
917
918
919
919
921
925
927
931
934
942
944
949
950
954
978
979
980
986
986
986
988
990
993
1000
1020
1027
1028
1029
1029
1030
1035
1035
1048
1048
1049
1049
1053
1053
1054
1055
1057
1063
1066
1066
1067
1073
1085
1090
1102
1104
1104
1108
1110
1111
1112
1121
1124
1148
1163
1164
1168
1183
1184
1186
1190
1198
1201
1206
1211
1214
1232
1233
1238
1238
1238
1239
1245
1245
1252
1254
1256
1265
1265
1266
1285
1292
1321
1324
1324
1328
1332
1337
1346
1347
1350
1359
1360
1362
1362
1362
1371
1379
1379
1379
1380
1380
1381
1381
1383
1383
1387
1390
1390
1391
1392
1399
1403
1405
1411
1421
1421
1430
1434
1435
1439
1441
1441
1442
1442
1442
1443
1445
1445
1445
1445
1445
1446
1447
1448
1450
1451
1451
1451
1451
1452
1452
1456
1457
1457
1457
1457
1457
1457
1457
1457
1457
1458
1458
1460
1460
1461
1461
1461
1462
1462
1463
1464
1465
1465
1466
1467
1467
1467
1467
1468
1469
1470
1471
1471
1472
1473
1473
1473
1474
1474
1474
1475
1475
1475
1476
1476
1479
1479
1480
1480
1480
1481
1481
1481
1485
1486
1486
1486
1486
1487
1488
1489
1489
1489
1490
1490
1490
1490
1490
1491
1491
1491
1492
1492
1492
1493
1493
1493
1494
1494
1494
1495
1495
1495
1496
1497
1497
1498
1498
1498
1498
1502
1502
1502
1503
1503
1504
1504
1506
1507
1508
1509
1513
1514
1514
1515
1515
1515
1515
1517
1518
1519
1523
1523
1524
1528
1528
1529
1531
1532
1535
1535
1537
1537
1538
1540
1541
1543
1543
1546
1547
1548
1548
1548
1548
1551
1552
1554
1554
1556
1557
1559
1560
1562
1571
1572
1572
1573
1573
1574
1575
1575
1576
1576
1576
1577
1578
1578
1582
1583
1583
1584
1585
1586
1587
1587
1589
1591
1593
1595
1595
1596
1596
1597
1597
1598
1598
1599
1600
1601
1602
1603
1605
1606
1607
1607
1608
1609
1609
1615
1616
1616
1616
1618
1618
1621
1622
1623
1626
1627
1628
1630
1631
1633
1634
1635
1635
1635
1636
1637
1637
1639
1640
1640
1641
1641
1642
1643
1644
1646
1647
1647
1649
1649
1650
1654
1656
1656
1656
1656
1658
1658
1659
1660
1660
1660
1660
1661
1661
1663
1664
1665
1666
1667
1669
1672
1673
1673
1674
1674
1675
1677
1677
1678
1680
1680
1681
1681
1682
1683
1685
1687
1687
1690
1692
1693
1694
1694
1695
1696
1697
1697
1697
1698
1699
1700
1700
1704
1705
1707
1707
1707
1707
1709
1710
1710
1711
1712
1713
1713
1714
1715
1718
1719
1721
1721
1722
1727
1728
1729
1731
1731
1735
1735
1736
1747
1751
1754
1763
1764
1764
1769
1770
1772
1773
1776
1776
1781
1781
1782
1784
1793
1794
1796
1797
1797
1807
1807
1807
1809
1809
1809
1811
1813
1813
1813
1814
1815
1815
1817
1818
1818
1818
1819
1820
1821
1821
1821
1821
1823
1824
1825
1825
1826
1827
1828
1828
1830
1830
1832
1833
1835
1836
1842
1853
1861
1864
1864
1864
1865
1865
1866
1867
1870
1874
1879
1884
1886
1888
1892
1892
1892
1893
1894
1898
1910
1911
1915
1924
1984
1984
1985
1988
1989
1990
1991
1992
1993
1995
1996
2004
2012
2021
2023
2026
2055
2068
2068
2069
2073
2073
2073
2074
2074
2075
2075
2075
2075
2075
2076
2077
2080
2080
2100
2100
2103
2103
2103
2103
2103
2103
2104
2104
2104
2105
2105
2105
2105
2126
2126
2126
2128
2130
2130
2130
2130
2133
2135
2137
2143
2143
2153
2167
2167
2167
2174
2174
2176
2177
2178
2178
2190
2194
2224
2230
2230
2233
2233
2234
2243
2244
2244
2245
2245
2245
2249
2249
2249
2250
2251
2251
2252
2259
2262
2266
2268
2268
2272
2282
2283
2284
2285
2292
2295
2295
2296
2296
2301
2303
2304
2305
2307
2312
2319
2326
2326
2326
2326
2327
2329
2331
2332
2332
2332
2332
2344
2347
2349
2354
2356
2364
2364
2365
2365
2366
2366
2367
2367
2367
2368
2369
2370
2371
2371
2373
2373
2374
2506
2510
2524
2555
2579
2579
2580
2582
2582
2587
2587
2589
2589
2591
2591
2595
2598
2599
2600
2600
2601
2605
2608
2609
2610
2612
2612
2613
2614
2615
2615
2618
2619
2621
2626
2626
2627
2627
2628
2628
2629
2629
2629
2630
2630
2632
2633
2634
2634
2642
2645
2646
2647
2648
2649
2649
2650
2650
2650
2652
2658
2676
2685
2688
2688
2689
2696
2726
2731
2771
2771
2778
2784
2784
2789
2793
2794
2801
2826
2829
2829
2830
2834
2842
2844
2856
2857
2857
2860
2862
2862
2863
2865
2866
2867
2869
2870
2870
2870
2871
2871
2871
2872
2872
2873
2874
2875
2878
2879
2882
2884
2884
2885
2887
2908
2912
2914
2926
2931
2935
2947
2948
2949
2950
2951
2951
2955
2956
2960
2971
2977
2977
2977
2977
2978
2979
2979
2981
2981
2982
2984
2990
2993
3000
3000
3007
3011
3011
3012
3014
3014
3019
3026
3027
3029
3031
3031
3032
3032
3033
3033
3035
3038
3039
3040
3045
3045
3049
3052
3053
3053
3053
3054
3054
3054
3054
3055
3055
3056
3056
3056
3056
3056
3056
3058
3060
3060
3061
3061
3061
3062
3062
3064
3065
3066
3069
3070
3070
3072
3073
3073
3075
3077
3077
3078
3078
3078
3078
3080
3080
3080
3080
3082
3082
3082
3084
3089
3091
3091
3092
3092
3092
3092
3096
3107
3108
3110
3110
3116
3119
3119
3137
3149
3151
3151
3161
3162
3162
3165
3165
3166
3168
3169
3170
3170
3171
3171
3172
3172
3172
3174
3178
3184
3186
3187
3187
3187
3189
3189
3189
3190
3194
3197
3197
3197
3198
3198
3200
3204
3232
3243
3245
3245
3245
3246
3247
3251
3251
3252
3260
3261
3261
3262
3262
3263
3268
3271
3272
3272
3272
3278
3278
3293
3293
3293
3294
3294
3294
3295
3295
3295
3295
3295
3295
3296
3314
3314
3314
3315
3316
3321
3324
3325
3326
3328
3336
3337
3341
3347
3347
3347
3348
3349
3357
3365
3385
3416
3521
3524
3533
3533
3533
3536
3538
3541
3559
3561
3565
3568
3569
3576
3576
3579
3582
3583
3590
3591
3595
3596
3596
3596
3597
3597
3597
3597
3598
3599
3606
3608
3608
3609
3609
3611
3613
3615
3622
3622
3623
3623
3625
3650
3688
3689
3694
3694
3699
3704
3739
3751
3761
3987
3993
4006
4011
4011
4013
4014
4017
4017
4017
4017
4018
4018
4018
4026
4034
4037
4045
4047
4048
4051
4055
4062
4065
4079
4080
4080
4081
4081
4082
4088
4092
4095
4095
4100
4105
4108
4110
4110
4115
4117
4120
4132
4132
4134
4135
4136
4136
4149
4154
4154
4155
4163
4168
4168
4169
4169
4169
4169
4169
4169
4171
4172
4191
4227
4239
4267
4293
4325
4330
4344
4399
4401
4412
4438
4441
4441
4442
4448
4448
4457
4459
4464
4467
4497
4502
4505
4514
4518
4519
4521
4521
4523
4525
4534
4537
4537
4538
4557
4559
4563
4563
4563
4568
4571
4574
4583
4586
4586
4586
4595
4600
4604
4605
4606
4606
4606
4613
4613
4614
4615
4615
4616
4616
4617
4618
4619
4621
4622
4624
4624
4627
4628
4632
4632
4637
4638
4643
4644
4645
4646
4647
4649
4655
4656
4658
4659
4691
4692
4696
4699
4705
4705
4708
4709
4711
4720
4722
4722
4724
4729
4730
4733
4739
4739
4749
4760
4764
4764
4765
4768
4768
4768
4768
4769
4770
4770
4771
4774
4776
4776
4776
4778
4779
4780
4783
4786
4789
4794
4805
4805
4809
4810
4814
4815
4816
4816
4834
4883
4911
4913
4917
4918
4922
4924
4924
4926
4929
4934
4936
4937
4941
4942
4943
4943
4944
4944
4944
4944
4945
4945
4948
4948
4950
4952
4954
4955
4955
4958
4958
4958
4958
4958
4959
4964
4979
4979
4992
4998
4999
5000
5000
5000
5003
5010
5013
5017
5017
5018
5021
5028
5028
5030
5033
5036
5036
5041
5042
5042
5047
5069
5093
5129
5192
5219
5239
5247
5247
5248
5248
5249
5258
5272
5278
5279
5279
5360
5364
5382
5383
5394
5395
5414
5423
5428
5436
5437
5441
5443
5446
5452
5454
5457
5460
5464
5464
5501
5502
5506
5511
5513
5514
5516
5520
5532
5533
5534
5534
5536
5597
5598
5598
5599
5599
5602
5602
5602
5602
5619
5640
5652
5690
5719
5722
5722
5726
5733
5857
5865
5874
5876
5878
5884
5884
5884
5886
5888
5890
5894
5913
5944
5946
5981
6038
6062
6073
6095
6115
6117
6118
6121
6123
6131
6132
6135
6140
6157
6193
6193
6194
6197
6199
6201
6202
6203
6203
6207
6207
6209
6211
6224
6225
6258
6262
6266
6266
6267
6269
6273
6273
6276
6309
6310
6334
6342
6346
6354
6356
6360
6365
6368
6369
6370
6377
6398
6453
6477
6483
6483
6484
6494
6501
6580
6582
6587
6589
6597
6605
6615
6624
6637
6647
6669
6672
6673
6675
6677
6679
6679
6680
6681
6683
6687
6691
6935
6955
6956
7009
7009
7009
7035
7042
7045
7057
7063
7070
7070
7072
7075
7101
7101
7102
7103
7115
7128
7159
7159
7174
7181
7187
7187
7189
7190
7199
7200
7201
7202
7207
7210
7210
7210
7212
7213
7214
7215
7218
7222
7233
7233
7235
7235
7235
7239
7240
7246
7246
7271
7287
7305
7309
7314
7353
7390
7520
7524
7533
7536
7539
7548
7548
7549
7549
7549
7550
7593
7596
7597
7602
7606
7608
7610
7611
7615
7618
7621
7621
7622
7641
7641
7655
7658
7661
7679
7684
7723
7729
7743
7753
7773
7778
7797
7798
7821
7832
7833
7848
7854
7862
7868
7872
7872
7886
7899
7900
7906
7911
7911
7912
7913
7914
7917
7918
7927
7928
7932
7932
7936
7940
7941
7944
7945
7951
7951
7974
7978
7982
7982
7985
7986
7993
8003
8008
8009
8011
8011
8012
8013
8014
8020
8020
8025
8030
8031
8033
8036
8036
8037
8039
8053
8054
8055
8059
8061
8062
8065
8066
8070
8072
8077
8079
8084
8085
8086
8086
8088
8090
8091
8092
8102
8106
8107
8108
8109
8128
8137
8146
8156
8158
8161
8161
8171
8381
8387
8388
8389
8394
8401
8412
8425
8437
8441
8442
8461
8465
8469
8472
8473
8477
8482
8484
8484
8486
8487
8488
8488
8491
8499
8499
8499
8506
8510
8514
8536
8541
8543
8545
8548
8549
8551
8553
8555
8556
8562
8564
8564
8566
8567
8591
8601
8607
8629
8659
8760
8768
8774
8779
8784
8785
8785
8785
8786
8791
8794
8801
8801
8804
8822
8823
8825
8828
