1
2
4
4
5
6
6
6
7
7
7
7
7
7
7
8
8
8
8
8
8
8
8
8
9
9
9
9
9
9
9
9
9
9
9
9
9
9
9
10
10
10
10
10
10
10
10
10
10
10
10
10
10
10
11
11
11
11
11
11
11
11
11
11
11
11
11
11
11
11
11
11
12
12
12
12
12
12
12
13
13
14
14
14
15
15
15
15
15
15
15
16
16
16
16
17
17
17
17
17
18
18
18
18
19
19
19
20
20
20
20
20
20
20
20
20
21
21
21
21
21
21
21
21
21
21
22
22
22
22
22
22
22
22
22
22
23
23
23
23
23
23
24
24
24
24
24
24
24
24
25
25
25
25
25
25
25
25
26
26
26
27
27
28
28
28
29
29
29
30
30
30
30
30
30
31
31
31
31
31
31
31
31
32
32
32
32
32
32
33
34
34
34
34
35
35
36
36
36
36
37
37
37
37
37
37
37
38
38
38
38
38
38
39
39
39
39
39
39
40
40
41
41
42
42
42
42
42
42
43
43
43
44
44
44
44
45
45
45
45
45
45
46
46
46
46
46
47
47
47
48
48
48
48
48
48
49
49
49
49
49
49
49
49
50
50
50
50
50
50
50
50
50
50
50
51
51
51
51
51
52
52
52
53
53
53
53
53
53
53
53
53
53
54
54
54
54
54
54
55
55
55
55
56
56
56
57
57
57
57
57
57
57
57
57
57
57
58
58
58
58
58
58
59
59
59
59
59
59
59
60
60
60
60
60
60
60
60
60
60
60
60
60
60
60
60
61
61
61
61
61
61
61
61
62
62
62
62
62
62
62
62
63
63
63
63
63
63
63
63
64
64
64
64
64
64
65
65
65
65
66
66
66
66
66
66
66
66
67
67
67
67
67
67
67
68
68
68
69
69
69
70
70
70
70
70
70
70
70
71
71
71
71
72
72
73
73
73
73
73
73
74
74
74
74
74
74
74
74
74
75
76
76
76
76
76
76
77
77
77
77
77
78
78
78
78
78
78
78
79
79
79
79
80
80
80
80
80
81
81
81
82
82
82
82
82
82
82
83
83
83
83
83
83
83
83
83
83
83
84
84
84
84
84
84
84
85
85
85
85
85
85
86
87
87
87
87
87
87
88
88
88
88
88
88
88
88
88
88
88
88
88
89
89
89
89
89
90
90
90
90
90
90
90
90
91
91
91
91
91
92
92
92
92
92
92
92
92
93
93
93
93
93
94
94
94
94
94
94
95
96
96
97
97
97
97
97
97
98
98
98
98
98
98
99
99
99
99
100
100
100
100
100
100
101
101
101
101
101
101
102
102
102
102
103
103
103
104
104
104
104
104
104
104
105
105
105
106
106
106
106
106
106
106
107
107
107
107
107
108
108
108
108
108
108
108
109
110
110
110
112
112
112
112
112
112
112
112
112
113
114
114
114
114
114
114
114
115
115
115
116
116
116
116
116
117
117
117
117
117
118
118
118
118
118
119
119
119
119
119
119
120
120
120
120
120
121
121
121
121
121
122
122
122
122
123
123
123
123
123
124
124
124
124
125
125
125
126
126
127
127
127
127
127
128
128
128
128
128
129
129
129
129
129
129
130
130
130
130
130
131
131
131
131
131
131
131
132
132
132
132
132
132
132
133
133
133
133
134
134
135
135
135
135
135
135
135
135
135
135
135
135
136
136
136
136
136
136
137
137
137
137
137
138
138
138
138
138
139
139
139
139
139
139
139
139
139
139
139
140
140
140
140
140
140
140
141
141
141
141
141
142
142
142
142
142
142
143
143
143
143
143
143
143
143
143
143
143
144
144
144
144
144
144
144
144
144
145
145
145
145
145
146
146
146
146
146
146
146
146
146
146
146
146
147
147
147
147
147
147
147
147
147
147
147
147
147
148
148
148
148
148
148
148
148
149
149
149
149
149
149
150
150
150
150
151
151
151
151
151
151
152
152
152
152
152
153
153
153
153
154
154
154
155
155
156
156
156
156
156
157
157
157
157
157
157
157
158
158
158
158
159
159
159
160
160
161
161
161
161
162
162
162
163
163
164
164
164
165
165
165
165
165
166
167
167
167
167
167
167
167
167
167
168
168
168
168
169
169
169
170
170
170
170
170
170
171
172
172
172
172
173
173
173
173
174
174
174
175
175
176
176
176
176
176
176
177
177
177
178
178
178
178
178
178
178
179
179
179
179
179
179
179
179
179
179
179
179
179
180
180
180
180
180
180
180
180
181
181
181
182
182
182
182
182
182
182
182
183
183
183
183
184
184
184
184
184
184
184
184
184
184
185
186
186
186
187
187
187
187
188
189
189
190
190
190
190
190
191
191
191
192
192
192
192
192
192
193
193
193
194
194
194
195
195
196
196
196
197
197
197
198
198
198
198
198
198
198
199
199
199
199
200
200
201
201
201
202
203
203
203
203
203
204
204
204
204
204
204
204
204
204
204
204
204
204
205
205
205
205
205
206
206
206
206
207
207
208
209
209
210
211
211
211
211
211
211
211
211
211
211
211
212
212
212
212
212
212
212
213
213
213
213
213
213
214
214
214
214
215
215
215
216
216
216
216
216
216
216
217
218
218
218
218
219
219
219
220
220
220
221
221
221
221
221
221
222
222
222
222
222
222
223
223
223
224
226
226
227
227
227
227
227
228
228
228
228
229
229
229
230
230
230
230
231
231
231
231
231
231
232
232
232
232
233
233
233
233
233
233
233
234
234
234
235
235
235
235
235
235
236
236
237
237
237
237
237
237
237
237
237
238
238
238
239
239
239
239
239
240
240
241
241
241
242
242
242
243
243
244
245
246
246
248
248
248
249
250
251
251
251
252
252
252
253
253
253
253
253
254
254
255
255
255
255
256
256
256
256
257
257
258
259
260
261
262
263
263
264
265
265
265
265
265
266
266
267
267
267
267
267
268
268
269
269
269
269
270
270
270
271
271
271
271
272
272
272
273
273
273
273
275
275
276
277
279
279
280
281
281
281
282
283
283
283
284
284
284
285
285
285
287
287
287
287
288
288
288
288
288
291
294
296
296
296
297
297
297
299
300
301
301
301
302
302
303
303
305
305
306
307
308
309
309
309
310
310
311
311
313
313
314
314
315
315
315
315
315
315
316
316
316
316
316
316
316
316
316
317
318
319
319
319
320
320
320
320
321
321
321
321
322
324
324
324
326
327
327
328
328
328
328
328
328
328
330
330
330
331
331
331
332
332
332
332
333
333
333
333
335
336
336
336
336
337
337
337
338
338
338
339
339
339
339
339
340
340
340
342
342
342
343
343
343
343
343
343
344
344
344
346
350
350
351
351
352
352
354
354
354
355
355
355
356
357
357
357
359
359
359
359
359
360
361
361
363
364
364
365
365
366
366
368
368
368
369
369
373
374
374
375
375
376
376
377
377
377
377
378
378
379
379
381
381
382
382
382
382
383
383
383
383
384
384
387
387
388
388
388
389
389
389
389
389
390
390
390
390
393
394
394
397
398
399
400
404
405
406
408
408
408
409
409
411
414
414
415
415
417
419
420
420
420
421
421
421
422
423
423
423
423
423
424
424
425
426
426
427
428
428
429
429
430
431
432
432
433
433
433
433
434
435
435
436
436
436
436
436
437
437
438
438
442
442
443
445
447
448
456
457
457
457
458
462
463
463
465
467
467
467
468
468
468
469
470
470
470
471
471
471
471
472
472
474
476
476
476
477
477
479
482
485
486
496
496
498
499
500
502
502
507
507
508
509
511
515
515
517
517
518
519
520
522
523
523
529
529
530
530
532
534
535
535
537
537
537
537
538
540
542
545
545
546
547
548
549
549
550
554
554
555
555
555
557
558
560
560
560
562
563
563
564
564
565
568
574
574
575
576
578
578
579
579
581
582
582
583
583
583
583
583
584
585
588
588
589
589
590
590
591
595
597
597
598
599
599
599
599
600
601
602
605
607
609
610
612
616
617
618
618
636
637
638
638
640
647
647
647
648
648
648
652
655
657
658
659
659
659
659
660
660
664
666
669
674
677
677
681
681
682
682
687
688
692
692
692
692
693
694
694
694
695
696
696
697
698
703
711
714
715
719
719
721
722
722
727
729
730
730
731
732
732
735
736
738
739
739
744
745
746
746
750
754
755
756
756
761
762
765
765
768
768
769
777
781
804
805
809
810
811
817
821
822
823
828
828
829
832
838
838
839
840
842
846
848
850
850
850
851
855
861
861
873
882
884
889
889
901
906
921
922
922
922
929
934
954
968
969
970
971
976
976
977
977
977
979
980
981
983
999
1001
1022
1023
1075
1086
1092
1102
1106
1106
1110
1113
1115
1117
1117
1135
1150
1151
1151
1151
1151
1153
1155
1155
1157
1160
1163
1164
1166
1169
1170
1179
1187
1187
1188
1188
1194
1196
1209
1221
1222
1223
1224
1225
1243
1244
1265
1299
1303
1304
1313
1314
1322
1340
1350
1351
1352
1355
1362
1362
1363
1365
1394
1395
1399
1400
1417
1420
1422
1429
1430
1430
1432
1434
1440
1442
1442
1449
1451
1451
1453
1453
1454
1454
1454
1455
1455
1456
1457
1460
1461
1463
1466
1466
1469
1470
1471
1471
1471
1471
1471
1471
1473
1474
1474
1475
1478
1478
1479
1479
1480
1481
1481
1482
1482
1482
1483
1483
1483
1486
1486
1486
1487
1488
1490
1490
1492
1493
1501
1504
1506
1506
1507
1507
1508
1508
1508
1508
1508
1508
1508
1509
1510
1511
1512
1515
1520
1520
1520
1521
1521
1521
1522
1522
1523
1523
1526
1529
1531
1532
1533
1534
1535
1535
1538
1540
1543
1544
1545
1546
1546
1547
1548
1549
1551
1552
1556
1556
1557
1558
1560
1560
1561
1562
1562
1563
1563
1564
1565
1567
1569
1575
1578
1581
1588
1588
1590
1591
1593
1594
1594
1597
1598
1601
1604
1605
1605
1607
1607
1608
1608
1614
1614
1615
1619
1619
1620
1623
1626
1626
1627
1628
1628
1628
1629
1633
1638
1639
1639
1640
1640
1641
1642
1645
1648
1648
1649
1649
1649
1650
1658
1659
1659
1662
1663
1665
1667
1673
1673
1675
1677
1682
1683
1684
1684
1684
1684
1689
1692
1693
1693
1695
1699
1701
1703
1704
1704
1707
1707
1707
1707
1707
1710
1711
1711
1712
1713
1718
1723
1724
1726
1726
1730
1731
1733
1734
1734
1734
1735
1735
1735
1735
1736
1736
1737
1742
1742
1742
1742
1742
1743
1744
1758
1761
1761
1762
1762
1762
1764
1765
1766
1767
1768
1769
1776
1779
1781
1782
1782
1783
1783
1783
1783
1784
1784
1786
1787
1787
1787
1792
1794
1795
1795
1796
1796
1797
1797
1797
1799
1800
1801
1810
1813
1821
1823
1836
1838
1839
1848
1848
1851
1851
1852
1852
1853
1854
1854
1856
1858
1862
1867
1874
1875
1879
1881
1882
1883
1883
1889
1893
1893
1893
1894
1895
1895
1895
1895
1896
1896
1896
1896
1897
1897
1899
1899
1899
1904
1906
1906
1907
1908
1909
1910
1910
1914
1915
1916
1920
1934
1936
1938
1938
1974
2015
2017
2019
2023
2023
2023
2024
2028
2033
2037
2047
2050
2071
2076
2078
2099
2110
2128
2139
2150
2150
2173
2176
2177
2210
2245
2248
2251
2260
2261
2366
2382
2466
2490
2491
2497
2497
2498
2519
2544
2653
2660
2671
2671
2671
2672
2676
2678
2678
2685
2722
2751
2781
2990
3006
3016
3016
3016
3019
3019
3023
3024
3024
3026
3032
3046
3046
