1
2
3
4
5
6
6
7
7
7
7
7
7
7
7
7
7
7
8
8
8
8
8
8
8
9
9
9
9
9
9
9
9
9
9
9
10
10
10
10
10
10
10
10
10
10
10
10
10
10
10
10
10
10
10
10
11
11
11
11
11
11
11
11
11
12
12
12
12
12
13
13
13
13
13
13
13
13
14
14
15
15
15
16
16
16
17
17
17
17
17
18
18
18
18
18
18
18
19
19
19
19
19
19
19
21
21
21
21
21
22
22
23
23
23
23
23
23
24
24
24
24
24
24
25
25
25
25
25
26
26
26
26
27
27
27
27
27
27
28
28
28
28
29
29
29
29
29
30
30
30
30
30
30
31
31
31
31
31
31
32
32
33
34
34
34
35
35
36
36
36
36
36
36
36
36
36
36
37
37
37
38
38
38
38
39
39
39
40
40
41
41
41
42
42
43
43
43
44
44
44
44
45
45
46
46
47
47
47
47
47
47
48
48
48
48
48
48
48
48
49
49
49
50
50
50
50
50
51
51
52
52
52
52
53
53
54
54
54
55
55
56
57
57
57
58
58
58
58
58
58
59
59
59
59
61
61
61
61
61
62
62
62
63
63
64
64
64
64
65
65
65
65
65
66
67
67
67
67
67
67
67
67
68
68
68
68
68
69
69
69
69
69
70
70
70
71
71
71
71
71
71
71
71
72
72
72
72
72
73
74
74
75
75
75
75
75
76
76
76
76
76
76
77
77
77
77
77
78
78
78
79
79
79
79
79
79
79
79
80
80
80
80
80
81
81
81
81
82
82
82
83
83
84
84
84
85
85
86
86
86
86
87
87
87
87
87
87
88
88
88
88
89
89
89
89
89
89
89
90
90
91
91
91
91
92
92
92
93
93
93
93
93
95
95
95
95
95
96
96
96
97
97
97
97
97
98
98
98
98
98
98
99
99
100
100
100
100
101
101
102
102
102
102
102
102
103
103
103
103
103
103
103
103
103
103
104
104
104
104
104
104
104
104
105
105
105
105
105
105
105
105
105
106
106
106
106
106
106
106
106
106
107
107
108
108
108
108
108
109
110
110
110
111
111
112
113
113
113
114
114
114
115
115
115
115
115
116
116
116
116
116
116
117
117
117
118
118
118
118
118
119
119
119
121
122
122
122
122
122
122
122
123
123
124
125
125
125
125
126
126
126
126
127
127
128
128
128
128
128
128
129
129
129
129
129
129
130
130
130
130
130
131
131
131
131
131
131
131
131
132
132
132
132
132
132
133
133
133
134
134
134
134
135
135
135
135
135
135
136
136
136
136
136
137
137
137
137
137
137
137
138
138
138
139
139
139
139
139
139
139
139
139
139
140
140
140
140
141
141
141
141
141
141
142
143
143
144
144
144
145
146
146
146
146
146
146
147
148
148
149
149
149
150
150
150
150
151
151
151
151
151
151
151
152
152
152
152
152
153
153
153
153
153
154
154
154
154
154
155
155
155
156
156
156
156
157
157
157
157
157
157
157
157
157
157
157
158
158
158
158
158
158
158
159
159
159
159
159
160
160
160
160
160
160
160
161
161
161
161
161
162
162
162
162
162
162
162
163
163
163
163
163
164
164
164
164
165
165
165
166
166
166
166
166
166
166
166
167
167
168
168
168
168
168
168
168
169
169
169
170
170
170
170
171
171
171
171
172
172
172
172
172
172
173
174
174
175
175
175
175
176
176
176
176
176
176
177
177
177
178
178
178
178
178
179
179
179
179
181
181
181
181
181
181
182
182
182
182
182
182
183
183
183
183
184
184
184
185
185
185
185
186
186
187
187
187
187
187
187
187
188
188
188
188
189
189
189
190
190
191
191
191
191
191
192
193
193
193
193
193
193
194
195
196
197
197
200
200
200
200
201
201
201
202
202
202
202
202
202
202
203
203
203
203
203
204
204
204
204
204
204
204
204
205
205
205
205
205
205
205
205
205
206
206
206
206
206
207
207
207
208
208
208
208
209
209
209
209
209
209
210
210
210
210
210
211
211
211
211
211
212
212
212
212
212
212
212
213
213
213
213
214
214
214
214
214
214
214
215
215
215
215
215
215
215
216
216
216
216
217
217
217
217
217
217
218
219
220
220
220
220
221
221
221
221
222
222
222
223
224
224
224
224
224
225
225
225
225
225
225
225
226
226
226
226
226
227
227
227
228
228
229
230
230
230
231
231
231
232
232
232
233
233
234
234
234
234
234
234
235
235
235
235
235
236
236
236
237
237
237
239
239
239
239
240
240
240
240
241
241
242
242
242
243
243
243
243
243
243
244
245
245
246
247
247
247
247
248
249
250
251
251
251
252
252
253
253
253
254
256
256
256
256
257
257
259
259
259
260
260
261
261
261
261
261
262
262
262
262
262
263
263
263
264
264
264
264
264
264
265
265
265
266
267
267
268
268
268
269
269
270
270
270
271
271
272
272
278
279
281
281
283
283
284
286
287
289
290
291
292
294
294
295
295
295
298
303
303
305
307
308
316
316
317
321
322
323
323
324
325
326
326
327
328
328
328
330
330
330
330
330
331
332
332
336
337
343
368
370
370
371
380
383
383
386
388
392
398
399
400
400
402
405
418
420
421
431
432
434
452
455
456
458
462
468
474
474
475
476
477
477
477
478
479
479
480
480
480
480
480
481
481
482
483
484
487
493
500
502
505
505
513
515
516
519
520
523
523
524
526
527
529
529
529
530
530
537
538
539
539
541
542
543
544
545
545
547
548
548
548
548
548
548
549
549
552
552
553
553
554
554
554
555
556
557
558
558
560
560
564
565
582
592
595
596
598
598
601
601
606
607
608
608
608
609
609
609
610
610
610
610
610
610
610
612
612
612
614
614
615
615
615
620
620
620
620
624
629
636
638
638
639
643
646
648
649
650
650
652
653
656
656
660
661
661
662
663
664
668
669
669
669
670
675
675
677
678
678
679
679
679
679
680
680
680
680
680
680
682
684
684
686
686
687
687
687
688
689
689
689
690
690
691
691
691
691
691
692
696
697
702
703
703
705
706
707
713
714
715
715
717
720
723
724
726
727
727
728
728
728
729
729
732
734
734
735
737
737
741
741
744
746
749
749
750
751
753
760
764
769
770
771
771
780
782
784
806
810
816
816
817
817
817
818
818
818
818
818
819
819
822
824
828
831
838
839
840
841
846
851
851
851
863
864
865
870
871
871
871
872
873
876
876
876
876
878
880
882
884
886
888
911
912
929
938
939
939
939
940
941
943
944
946
952
953
970
972
976
978
978
980
986
997
998
999
999
1000
1000
1003
1005
1005
1008
1008
1008
1008
1009
1009
1009
1009
1010
1010
1011
1011
1012
1012
1013
1014
1015
1018
1020
1025
1025
1025
1026
1026
1026
1027
1029
1029
1033
1033
1035
1040
1042
1049
1056
1056
1060
1062
1062
1064
1066
1073
1077
1077
1078
1079
1080
1085
1092
1093
1094
1094
1099
1103
1105
1106
1106
1109
1110
1110
1112
1113
1113
1117
1118
1121
1121
1121
1121
1121
1122
1122
1122
1123
1123
1124
1124
1124
1124
1124
1125
1126
1127
1128
1128
1129
1133
1134
1135
1136
1137
1138
1145
1147
1165
1167
1168
1173
1173
1175
1176
1177
1179
1184
1189
1189
1189
1189
1189
1190
1190
1190
1190
1192
1193
1193
1194
1197
1201
1202
1202
1203
1204
1204
1204
1204
1204
1205
1206
1206
1208
1210
1210
1214
1217
1220
1221
1221
1222
1223
1224
1226
1227
1227
1229
1230
1231
1231
1235
1236
1249
1250
1253
1253
1255
1265
1265
1267
1275
1279
1279
1280
1283
1291
1293
1295
1297
1297
1297
1300
1300
1302
1303
1309
1313
1318
1318
1326
1328
1328
1329
1332
1333
1346
1352
1372
1374
1374
1376
1385
1389
1392
1414
1423
1423
1424
1425
1426
1427
1427
1428
1430
1431
1431
1432
1434
1435
1435
1436
1437
1437
1438
1438
1438
1439
1439
1439
1440
1440
1440
1440
1440
1441
1441
1441
1442
1442
1442
1442
1443
1444
1444
1445
1446
1446
1447
1447
1449
1449
1449
1452
1453
1453
1453
1453
1453
1453
1454
1454
1454
1454
1454
1454
1454
1454
1454
1454
1455
1455
1455
1455
1455
1455
1456
1456
1456
1457
1457
1457
1457
1457
1457
1458
1458
1459
1459
1459
1459
1460
1460
1460
1460
1461
1461
1462
1464
1465
1465
1466
1466
1467
1467
1467
1467
1467
1468
1468
1469
1470
1471
1471
1472
1473
1473
1473
1474
1474
1475
1475
1475
1475
1476
1477
1477
1478
1478
1478
1478
1478
1478
1478
1478
1479
1480
1481
1481
1482
1483
1483
1483
1483
1483
1483
1483
1484
1484
1484
1484
1485
1485
1485
1486
1486
1487
1487
1488
1488
1488
1488
1489
1489
1493
1494
1494
1496
1496
1496
1497
1497
1497
1497
1497
1497
1498
1498
1498
1498
1499
1499
1499
1499
1499
1499
1499
1499
1499
1501
1502
1503
1504
1506
1506
1507
1514
1515
1515
1517
1517
1517
1518
1520
1521
1521
1522
1522
1523
1526
1527
1528
1528
1529
1529
1529
1531
1531
1531
1532
1532
1532
1533
1533
1533
1534
1534
1535
1536
1537
1538
1540
1541
1541
1541
1542
1543
1543
1544
1544
1545
1545
1546
1546
1547
1547
1547
1548
1551
1554
1555
1555
1556
1557
1557
1559
1559
1560
1565
1566
1566
1568
1571
1573
1574
1579
1579
1579
1580
1581
1584
1593
1595
1595
1595
1596
1596
1597
1600
1601
1604
1605
1612
1614
1615
1616
1618
1620
1620
1621
1621
1622
1624
1625
1625
1625
1626
1626
1631
1631
1634
1635
1635
1637
1638
1638
1639
1641
1642
1643
1643
1644
1644
1645
1645
1646
1647
1647
1648
1654
1654
1654
1655
1656
1657
1657
1657
1658
1658
1658
1658
1659
1659
1660
1662
1662
1662
1663
1663
1665
1665
1666
1668
1669
1670
1670
1670
1670
1670
1670
1671
1672
1673
1673
1674
1674
1674
1675
1675
1676
1677
1679
1679
1680
1680
1681
1681
1681
1685
1685
1685
1685
1686
1686
1686
1687
1689
1689
1690
1692
1693
1694
1696
1697
1700
1700
1701
1702
1703
1703
1703
1705
1706
1706
1712
1713
1719
1722
1723
1724
1728
1729
1730
1732
1732
1733
1733
1733
1733
1733
1734
1735
1736
1741
1748
1754
1756
1759
1761
1761
1761
1771
1779
1793
1798
1810
1819
1821
1822
1823
1825
1826
1826
1827
1828
1830
1838
1847
1856
1866
1880
1881
1881
1882
1889
1894
1895
1896
1902
1908
1910
1945
1946
1949
1974
1988
1988
2037
2049
2064
2106
2108
2137
2152
2235
2236
2238
2238
2245
2258
2260
2262
2263
2264
2266
2270
2276
2300
2308
2311
2329
2339
2342
2343
2353
2357
2358
2359
2378
2378
2420
2442
2465
2581
2610
2628
2628
2631
2634
2645
2647
2661
2673
2728
2729
2771
2773
2800
2801
2821
2830
2834
2839
2892
2898
2899
2901
2911
2925
2940
2940
2940
2940
2940
2961
2961
2961
2966
2970
2971
2971
2975
2976
2986
2987
2990
2990
2991
2992
2993
2995
2995
2996
2996
2997
3001
3001
3001
3002
3002
3002
3002
3007
3016
3017
3017
3017
3017
3017
3028
3028
3031
3039
3041
3046
3053
3058
3058
3065
3072
3073
3073
3073
3073
3073
3074
3074
3075
3078
3078
3079
3079
3079
3082
3087
3091
3095
3095
3095
3095
3098
3099
3100
3103
3107
3107
3115
3115
3119
3127
3130
3137
3146
3146
3146
3153
3155
3165
3169
3170
3171
3172
3179
3188
3191
3192
3201
3201
3206
3208
3209
3210
3211
3212
3215
3217
3218
3221
3221
3222
3234
3234
3245
3257
3264
3268
3270
3270
3275
3279
3279
3281
3287
3291
3291
3292
3299
3305
3306
3307
3308
3310
3311
3318
3319
3334
3336
3336
3336
3338
3348
3350
3354
3357
3360
3360
3362
3366
3371
3380
3382
3388
3390
3405
3421
3441
3441
3450
3502
3596
3689
3893
3942
3945
4034
4050
4367
4474
4553
4582
4616
4616
4621
4622
4630
4644
4646
4648
4663
4667
4672
4673
4674
4678
4679
4679
4682
4688
4689
4693
4695
4703
4706
4706
4708
4710
4710
4711
4711
