1
2
4
5
6
6
6
6
7
7
7
7
7
7
8
8
8
8
8
8
8
8
8
8
9
9
9
9
9
9
9
9
9
9
9
9
9
9
9
10
10
10
10
10
11
11
11
11
11
11
11
11
11
11
11
11
11
11
12
12
12
12
12
12
12
12
12
12
12
12
12
13
13
13
13
13
13
14
14
14
14
14
15
15
15
15
15
16
16
16
16
16
16
16
16
17
17
18
18
18
19
19
19
19
19
19
20
20
20
20
20
20
20
20
21
21
21
21
21
21
22
22
22
22
23
23
23
24
24
25
25
25
25
25
26
26
26
26
27
27
27
27
28
28
28
29
29
29
29
30
30
30
30
30
30
31
31
31
32
32
32
33
33
33
34
34
34
34
34
34
35
36
36
36
36
36
36
36
36
37
37
38
38
38
38
39
39
40
40
40
40
40
40
40
41
41
42
43
43
43
43
43
44
44
44
45
45
45
46
46
47
47
47
48
48
48
48
48
49
49
49
50
50
50
50
51
51
51
51
51
51
52
52
52
52
53
53
53
53
54
54
54
54
54
54
54
54
54
54
54
54
55
55
55
55
55
56
56
56
57
57
58
59
59
60
60
60
60
60
60
60
61
61
61
62
62
62
62
62
63
63
63
63
63
63
63
63
64
64
64
64
64
64
65
65
65
66
66
66
66
66
67
68
68
69
69
69
69
69
69
70
70
70
71
71
71
71
71
71
71
72
72
72
72
72
73
73
74
74
75
75
76
76
77
77
77
78
78
79
79
79
80
80
81
81
82
82
83
83
83
84
84
84
84
84
85
85
85
86
86
87
87
87
87
87
87
87
87
87
88
88
88
88
89
89
89
89
90
90
90
91
92
92
92
92
93
93
93
93
94
94
94
94
95
95
95
95
95
95
96
96
96
97
97
97
97
97
97
98
98
98
99
99
99
99
99
99
99
100
100
100
100
101
101
101
101
101
101
101
102
102
102
102
102
103
103
103
103
104
104
104
104
105
106
106
107
108
108
108
108
108
109
109
109
110
110
110
110
111
111
111
112
112
112
112
115
116
116
116
116
116
116
117
117
118
118
119
119
119
120
120
120
120
120
121
121
121
122
123
123
123
123
123
123
123
124
124
124
125
125
125
126
126
126
126
127
127
127
127
127
128
128
128
128
128
128
128
128
128
128
129
129
129
129
129
129
130
130
132
132
132
132
132
132
133
133
133
133
133
133
133
133
133
135
135
135
137
137
137
137
138
139
139
140
140
140
140
141
141
141
142
142
143
143
143
143
143
144
145
145
145
146
146
146
146
147
147
148
148
148
149
149
149
150
150
150
150
151
151
152
152
152
152
152
152
152
152
152
153
153
153
153
153
153
153
153
153
153
153
154
154
154
155
155
155
155
155
155
156
156
156
156
156
157
157
157
157
157
158
158
158
158
159
159
159
159
159
159
160
160
161
161
161
161
161
162
162
163
163
163
163
163
164
164
165
165
165
166
166
167
167
167
167
167
167
167
167
168
168
168
168
168
168
168
169
169
169
169
169
169
169
169
169
170
170
170
170
170
171
172
172
172
173
173
173
173
173
174
174
174
174
175
175
176
176
176
176
177
177
177
177
177
177
177
177
178
179
179
179
181
181
182
183
183
184
184
185
185
185
185
186
186
186
186
187
187
187
189
189
190
191
191
191
192
192
192
192
192
193
193
193
194
194
194
195
195
197
197
198
200
200
200
201
201
204
205
205
205
206
206
208
208
208
209
209
210
211
212
213
214
214
215
215
215
215
216
216
217
218
218
219
219
219
219
219
219
221
221
222
222
222
223
224
224
225
226
226
226
227
229
229
229
229
230
230
230
231
231
232
233
236
236
236
237
237
237
237
237
237
238
238
238
239
239
240
241
242
242
242
242
243
245
245
246
250
250
253
253
253
254
254
255
255
255
255
255
256
256
256
256
257
257
258
259
259
259
260
260
260
260
260
261
261
266
266
266
266
266
266
268
270
271
272
272
273
273
274
274
274
274
275
275
276
276
276
278
278
279
282
284
285
286
287
290
290
290
291
291
291
291
292
293
294
295
301
302
302
302
304
304
304
304
304
306
306
306
307
308
308
310
312
312
313
313
313
313
314
315
315
315
315
315
316
316
317
317
318
319
319
320
320
320
321
322
324
324
329
329
330
331
332
333
333
334
334
337
338
338
339
339
340
340
342
342
343
345
346
346
346
347
347
348
348
348
349
350
350
352
352
352
352
353
354
354
355
356
357
357
357
358
359
359
359
362
362
363
363
365
365
366
367
368
368
369
369
370
371
372
374
374
374
375
377
379
382
382
383
384
385
386
390
391
391
394
394
395
397
398
399
400
400
400
401
401
402
404
404
404
404
406
406
406
406
409
412
412
413
413
413
413
414
415
415
416
416
416
416
417
417
417
417
417
419
419
422
422
423
423
424
424
424
424
424
425
425
425
425
425
427
427
427
427
427
427
427
428
428
428
428
428
429
429
429
429
429
430
430
430
431
431
431
432
433
433
433
435
435
438
438
438
438
438
439
439
439
440
441
441
442
442
443
443
444
445
446
448
448
449
450
450
451
451
452
452
452
452
452
453
453
453
453
453
453
454
454
455
455
455
455
456
456
457
458
460
462
463
463
463
465
465
465
467
468
468
469
470
471
472
472
473
474
474
474
475
476
477
477
477
478
478
478
480
480
481
481
482
482
483
483
483
483
483
484
484
484
484
485
485
486
487
487
487
488
488
489
489
490
491
491
491
492
493
493
494
494
494
499
500
500
500
501
501
501
501
501
502
502
502
502
503
503
503
504
504
505
507
508
509
510
511
511
511
512
512
513
514
516
517
518
518
518
521
521
521
522
523
524
524
525
526
526
526
528
528
528
529
531
532
533
533
533
533
533
534
534
537
538
539
539
540
540
540
541
544
545
546
546
547
547
548
549
549
549
550
550
551
551
551
552
552
553
554
554
557
557
558
559
559
559
560
560
560
561
563
563
565
566
567
570
572
574
574
578
578
583
584
586
586
587
588
589
590
591
591
592
593
593
594
594
596
597
597
597
598
603
608
611
612
612
615
616
618
618
620
623
623
623
628
628
630
634
639
639
642
643
644
644
645
645
646
646
648
649
649
650
653
656
658
660
661
662
662
666
668
669
671
672
676
677
680
682
683
687
688
690
691
691
691
694
694
694
695
697
698
705
706
713
715
717
720
723
728
728
728
729
731
733
737
744
748
753
756
756
756
757
758
758
759
769
772
775
783
784
784
785
787
787
788
788
791
792
794
795
797
797
798
798
798
803
806
822
832
832
832
832
840
844
846
849
854
855
859
859
860
865
865
871
878
884
895
895
896
896
902
903
904
904
904
905
908
909
912
922
924
936
940
943
962
967
968
979
1007
1008
1017
1019
1025
1026
1032
1052
1053
1053
1054
1055
1063
1063
1064
1064
1064
1065
1068
1077
1083
1088
1088
1093
1099
1099
1100
1100
1102
1102
1103
1104
1110
1115
1115
1116
1117
1133
1134
1145
1145
1147
1151
1151
1153
1153
1155
1155
1156
1158
1159
1159
1161
1162
1163
1166
1168
1182
1185
1188
1196
1204
1205
1205
1209
1212
1217
1218
1223
1228
1234
1235
1240
1244
1281
1293
1294
1296
1297
1323
1332
1332
1333
1336
1341
1341
1341
1341
1342
1350
1350
1361
1365
1367
1368
1374
1384
1385
1391
1396
1405
1405
1412
1414
1415
1420
1429
1429
1430
1431
1432
1432
1432
1433
1434
1434
1442
1442
1442
1443
1443
1446
1446
1446
1447
1449
1455
1456
1457
1459
1459
1459
1461
1463
1463
1464
1467
1468
1468
1468
1469
1470
1470
1472
1473
1474
1474
1475
1475
1475
1478
1478
1480
1481
1481
1482
1482
1482
1482
1482
1482
1482
1483
1483
1484
1488
1488
1488
1489
1489
1489
1490
1490
1491
1492
1492
1492
1493
1493
1496
1496
1497
1497
1498
1498
1499
1499
1499
1499
1501
1501
1503
1503
1503
1504
1504
1504
1507
1508
1508
1508
1509
1512
1512
1514
1514
1514
1515
1515
1516
1516
1516
1516
1516
1517
1518
1518
1519
1521
1524
1525
1525
1525
1526
1526
1528
1529
1529
1529
1531
1535
1537
1539
1540
1541
1544
1544
1544
1547
1548
1550
1550
1553
1555
1556
1556
1560
1560
1564
1564
1565
1565
1565
1568
1569
1569
1569
1569
1570
1571
1573
1574
1575
1575
1576
1576
1577
1578
1578
1579
1579
1582
1582
1583
1584
1585
1586
1586
1587
1587
1590
1591
1592
1592
1592
1594
1596
1597
1597
1598
1599
1599
1599
1599
1599
1599
1599
1600
1600
1600
1601
1601
1602
1603
1603
1603
1605
1607
1609
1609
1611
1611
1612
1613
1614
1616
1620
1621
1622
1622
1623
1623
1623
1624
1626
1627
1628
1628
1630
1630
1631
1631
1632
1632
1633
1634
1635
1635
1636
1638
1639
1640
1640
1641
1642
1644
1644
1644
1644
1644
1645
1647
1648
1648
1650
1651
1651
1652
1653
1656
1657
1657
1658
1658
1658
1659
1659
1663
1664
1664
1665
1667
1668
1668
1669
1669
1669
1669
1669
1670
1670
1670
1670
1670
1672
1672
1673
1673
1673
1673
1673
1673
1675
1675
1675
1676
1678
1679
1682
1686
1689
1689
1689
1693
1693
1694
1695
1697
1698
1699
1702
1702
1702
1703
1704
1705
1705
1705
1705
1708
1708
1715
1715
1717
1717
1718
1722
1723
1724
1729
1729
1730
1730
1731
1734
1735
1736
1736
1736
1736
1737
1737
1737
1738
1741
1741
1741
1747
1751
1752
1756
1767
1770
1770
1771
1772
1772
1776
1777
1786
1788
1789
1793
1794
1794
1798
1801
1801
1814
1826
1829
1830
1846
1856
1858
1859
1863
1865
1865
1868
1870
1871
1873
1876
1876
1878
1878
1880
1880
1882
1884
1884
1885
1886
1886
1886
1887
1889
1892
1899
1902
1903
1911
1913
1914
1915
1916
1916
1916
1917
1919
1920
1923
1923
1923
1924
1927
1927
1927
1928
1928
1929
1932
1940
1942
1951
1951
1967
1967
1968
2003
2003
2003
2015
2024
2031
2049
2055
2076
2108
2111
2124
2125
2149
2156
2159
2163
2163
2163
2163
2164
2181
2182
2185
2185
2185
2195
2196
2197
2197
2197
2198
2200
2202
2203
2204
2207
2217
2217
2218
2221
2221
2245
2246
2247
2247
2251
2254
2254
2254
2300
2300
2309
2315
2316
2346
2349
2351
2355
2355
2357
2360
2360
2376
2376
2388
2389
2399
2400
2403
2439
2442
2444
2491
2491
2497
2498
2500
2502
2525
2526
2538
2585
2586
2592
2594
2595
2598
2602
2650
2662
2664
2666
2701
2720
2728
2737
2752
2785
2813
2854
2863
2867
2915
2920
2925
2928
2931
2933
2934
2969
2982
2983
2997
3000
3002
3005
3013
3014
3020
3020
3021
3021
3025
3026
3028
3031
3031
3031
3032
3041
3041
3042
3042
3043
3043
3052
3056
3080
3094
3103
3107
3107
3107
3112
3121
3130
3131
3138
3145
3148
3150
3151
3151
3154
3157
3158
3160
3163
3171
3173
3175
3175
3176
3177
3186
3194
3198
3200
3201
3202
3202
3205
3207
3210
3211
3213
3213
3213
3214
3215
3216
3219
3219
3219
3220
3220
3223
3224
3224
3229
3229
3231
3233
3235
3237
3239
3241
3241
3242
3244
3245
3246
3248
3248
3249
3261
3267
3268
3268
3269
3269
3271
3272
3273
3273
3276
3279
3280
3280
3282
3282
3282
3284
3284
3286
3286
3287
3287
3291
3297
3300
3305
3306
3308
3313
3314
3314
3314
3317
3317
3318
3318
3322
3323
3324
3326
3326
3330
3332
3342
3342
3344
3345
3345
3347
3350
3352
3360
3360
3361
3361
3362
3362
3362
3362
3364
3367
3367
3368
3369
3370
3370
3371
3371
3372
3377
3379
3380
3381
3384
3386
3389
3393
3405
3408
3408
3410
3413
3419
3421
3455
3460
3463
3464
3471
3471
3475
3478
3480
3483
3486
3495
3495
3496
3498
3517
3518
3578
3581
3598
3599
3606
3607
3609
3610
3610
3617
3637
3639
3639
3654
3654
3654
3654
3697
3718
