1
2
3
4
5
6
6
6
6
7
8
8
8
8
8
8
8
8
8
8
8
9
9
9
9
9
9
9
9
9
9
9
9
9
9
9
9
10
10
10
10
10
10
10
10
10
10
10
10
10
11
11
11
11
11
11
11
11
11
11
12
12
12
12
12
12
12
13
13
13
13
13
13
13
13
13
13
13
14
14
14
14
14
14
14
14
15
15
15
15
15
15
16
16
16
16
16
17
17
17
17
17
17
17
17
17
17
17
17
17
18
18
18
18
18
19
19
19
19
19
19
19
19
19
19
20
20
20
20
20
20
21
21
21
21
21
21
21
21
22
22
22
22
22
23
23
23
23
24
24
24
24
24
25
25
26
26
27
27
27
27
27
28
28
28
28
29
29
29
29
29
30
30
30
30
30
30
30
31
31
31
31
31
31
31
31
31
31
32
32
32
32
32
33
33
33
33
33
34
34
35
35
35
35
35
35
36
36
36
36
36
36
36
36
37
37
38
38
39
39
40
40
40
40
40
40
41
41
41
42
42
42
42
42
43
43
43
43
43
43
43
43
44
44
44
44
44
45
45
45
45
46
46
46
46
46
46
47
47
47
47
47
47
47
47
47
48
48
48
48
48
48
48
48
49
49
49
49
49
50
50
50
51
52
52
52
52
52
53
53
53
53
53
53
54
54
54
55
55
55
55
55
56
56
56
56
56
56
56
56
57
57
57
57
57
57
57
58
58
58
58
58
58
58
58
58
59
59
59
59
59
59
60
60
60
60
60
60
61
61
61
62
62
62
62
62
62
63
63
64
64
64
64
64
65
65
66
66
67
67
67
67
68
68
68
68
68
68
68
69
69
69
69
70
70
70
70
71
71
71
72
72
72
72
73
74
74
75
75
75
75
76
76
76
76
76
76
77
77
77
77
77
78
78
78
78
78
78
78
79
79
79
79
80
80
80
80
81
81
81
81
82
82
82
82
82
82
83
83
83
83
84
84
84
84
85
85
85
85
85
87
87
87
88
88
88
88
89
89
89
89
89
89
89
89
89
90
90
90
90
90
91
91
91
91
91
91
91
91
91
92
92
92
93
93
93
94
94
94
94
94
94
94
94
94
95
95
95
95
95
95
95
96
96
97
97
97
97
97
97
98
98
98
98
98
98
98
98
98
98
98
98
99
99
99
99
99
99
99
99
99
99
100
100
100
100
100
100
100
100
100
101
101
101
101
101
101
101
101
102
102
102
102
102
102
102
103
103
103
104
104
104
104
105
105
105
105
105
105
105
105
105
105
106
106
106
106
106
106
106
106
106
106
107
107
107
107
107
107
107
107
107
107
108
108
108
108
108
109
109
109
110
110
111
111
112
112
112
113
113
113
113
113
113
113
113
113
113
114
114
114
114
114
114
114
115
115
115
115
116
117
117
117
117
118
118
118
119
120
120
120
120
120
121
121
122
122
122
122
122
123
123
123
123
123
124
124
124
124
125
125
125
125
125
126
126
126
127
127
127
127
128
128
128
128
129
129
129
129
129
129
129
129
129
129
129
129
129
130
130
130
130
130
130
130
131
131
131
131
131
131
131
131
132
132
132
133
133
133
133
133
133
134
134
134
134
134
135
135
135
135
135
135
135
136
136
136
136
136
137
137
137
137
137
137
137
137
138
138
138
138
138
138
138
139
139
139
139
139
140
140
140
140
140
140
141
141
141
141
141
141
141
141
141
141
141
142
142
142
142
142
142
142
142
142
142
142
142
143
143
143
143
143
143
144
144
144
144
144
144
144
144
144
144
144
144
145
145
145
145
145
145
145
145
145
145
145
145
146
146
146
146
146
146
146
146
146
146
146
147
147
147
147
147
147
147
147
147
147
147
147
147
147
147
147
148
148
148
148
148
148
148
148
148
148
148
148
149
149
149
149
149
149
149
149
149
149
149
149
150
150
150
150
150
150
151
151
151
151
152
152
152
152
152
153
153
153
153
154
154
154
154
155
155
155
155
155
155
155
155
155
156
156
156
156
157
157
157
157
157
158
158
158
158
158
158
158
158
159
159
159
159
159
160
160
160
160
160
160
160
160
161
161
161
161
161
161
161
161
161
161
162
162
162
162
162
162
163
163
163
163
163
163
163
163
164
164
164
164
164
164
164
164
164
165
165
165
165
165
165
165
165
165
166
166
166
166
166
167
167
167
167
167
167
167
168
168
168
168
168
168
168
168
169
169
169
169
169
170
170
170
170
170
170
170
170
170
170
171
171
171
171
171
171
172
172
172
172
172
172
172
173
173
173
173
173
173
173
173
173
173
173
173
173
174
174
174
174
174
174
174
175
175
175
175
175
175
175
175
175
176
176
176
176
176
176
177
177
177
178
178
178
178
178
179
179
179
179
179
180
181
181
181
181
181
181
181
182
182
182
182
182
182
182
182
183
183
183
183
183
183
183
184
184
184
184
184
185
185
185
185
185
185
185
185
185
185
185
186
186
186
187
187
187
187
187
188
188
188
188
188
188
189
189
189
189
189
189
189
189
189
189
190
190
190
190
190
190
191
191
191
191
191
191
191
191
191
191
192
192
192
192
192
192
192
192
192
193
193
193
193
193
193
193
193
193
194
194
194
194
194
194
194
194
195
195
195
195
196
196
196
196
196
196
196
196
197
197
197
197
197
197
197
197
197
197
198
198
198
198
198
198
198
198
199
199
199
199
199
199
200
200
200
200
200
200
200
201
201
201
201
201
201
201
201
201
201
201
202
202
202
202
202
202
202
203
203
203
203
203
203
204
204
204
204
204
204
204
204
205
205
205
205
205
206
206
206
206
206
206
206
207
207
207
207
207
207
208
208
208
208
208
209
209
209
209
209
210
210
210
211
211
211
211
211
211
211
212
212
212
212
213
213
213
213
213
213
213
214
214
214
214
214
215
215
215
215
215
216
216
216
216
216
217
217
217
217
218
218
218
218
219
219
219
219
220
220
220
221
221
221
221
221
221
221
221
222
222
222
222
222
223
223
223
223
224
224
224
224
224
224
224
225
225
225
225
226
226
227
227
227
227
228
229
229
229
229
229
229
230
230
230
230
230
231
231
231
232
232
232
232
232
233
234
234
234
234
234
236
236
236
236
238
239
242
242
242
243
243
244
245
245
247
247
249
251
251
252
253
254
255
257
258
261
263
263
263
266
268
268
273
273
273
281
281
281
285
287
287
288
289
291
291
291
291
292
294
295
296
296
296
296
297
298
298
300
301
301
302
305
306
306
307
307
307
309
309
311
311
311
311
311
311
311
312
313
316
316
317
317
317
318
318
319
320
321
321
322
323
323
323
323
323
323
324
326
328
329
329
329
331
333
333
333
334
335
335
336
336
337
337
337
337
337
338
338
339
339
341
341
341
342
342
342
342
343
343
344
344
344
345
345
345
345
346
346
349
349
349
351
351
351
352
352
353
353
353
353
354
355
356
356
357
360
361
362
363
365
365
366
366
366
367
367
368
370
373
373
373
373
375
375
375
378
378
378
379
381
383
383
384
384
385
385
387
394
395
397
407
416
423
433
435
448
464
468
477
479
481
481
481
482
482
484
485
485
489
491
494
494
494
495
496
500
503
506
508
509
510
512
513
514
515
516
517
524
525
526
527
531
532
534
538
539
539
539
539
542
542
544
548
552
552
553
553
558
564
567
569
569
574
575
585
585
585
608
620
620
621
621
621
621
622
622
623
624
628
632
632
640
641
647
658
658
658
662
670
672
673
692
694
694
694
698
729
734
739
739
740
746
749
750
750
752
754
756
769
770
771
772
774
777
779
780
787
787
789
793
794
801
805
805
805
812
813
827
835
845
851
857
857
858
863
863
864
865
869
870
870
874
876
880
881
883
883
886
886
890
894
895
896
896
896
902
910
910
914
915
920
933
934
934
942
943
943
952
958
958
959
960
960
963
963
963
963
965
965
968
969
971
972
974
975
976
976
979
985
986
986
986
986
987
987
996
999
1000
1004
1008
1009
1015
1016
1022
1041
1041
1052
1054
1055
1058
1059
1062
1071
1072
1075
1076
1078
1079
1082
1086
1088
1090
1091
1093
1095
1095
1096
1097
1097
1103
1103
1103
1104
1105
1108
1109
1118
1122
1122
1127
1161
1162
1163
1166
1167
1176
1179
1180
1180
1180
1181
1181
1182
1182
1182
1182
1183
1183
1183
1184
1185
1185
1188
1188
1192
1194
1203
1203
1204
1205
1205
1206
1212
1224
1229
1282
1286
1287
1288
1291
1293
1294
1294
1295
1297
1297
1298
1299
1300
1300
1302
1303
1305
1306
1307
1307
1308
1311
1311
1311
1312
1312
1313
1314
1314
1316
1316
1321
1325
1325
1325
1328
1328
1334
1337
1339
1340
1344
1345
1347
1348
1348
1351
1352
1365
1372
1373
1373
1379
1380
1382
1386
1388
1389
1390
1391
1393
1396
1397
1398
1400
1400
1400
1403
1419
1421
1421
1422
1422
1423
1423
1426
1426
1427
1427
1427
1428
1429
1430
1434
1437
1440
1442
1442
1443
1444
1444
1444
1444
1445
1445
1446
1447
1448
1449
1449
1450
1450
1450
1450
1451
1451
1451
1453
1454
1455
1455
1459
1460
1460
1462
1463
1465
1469
1470
1473
1474
1475
1475
1475
1476
1476
1476
1477
1477
1478
1481
1481
1481
1482
1483
1485
1488
1489
1489
1489
1494
1495
1496
1497
1497
1498
1499
1502
1504
1506
1506
1511
1512
1513
1517
1518
1518
1519
1521
1522
1522
1525
1525
1530
1530
1531
1531
1531
1532
1534
1534
1535
1536
1536
1538
1538
1538
1539
1541
1541
1542
1543
1545
1546
1546
1547
1548
1549
1550
1550
1552
1552
1552
1552
1553
1553
1554
1555
1556
1556
1557
1557
1558
1558
1559
1562
1564
1566
1570
1571
1574
1576
1576
1576
1576
1576
1577
1577
1578
1579
1580
1580
1582
1584
1591
1591
1594
1595
1595
1598
1601
1603
1604
1608
1610
1620
1633
1634
1637
1639
1640
1652
1662
1664
1666
1668
1673
1673
1674
1674
1674
1675
1676
1676
1677
1683
1683
1683
1685
1688
1693
1694
1695
1695
1699
1702
1705
1705
1706
1708
1708
1712
1713
1713
1714
1714
1715
1716
1719
1720
1722
1732
1732
1733
1735
1737
1737
1741
1750
1750
1753
1759
1762
1764
1766
1767
1778
1779
1786
1786
1787
1798
1805
1805
1805
1808
1808
1810
1811
1811
1812
1813
1813
1814
1815
1815
1817
1819
1820
1821
1823
1827
1834
1843
1847
1849
1849
1850
1850
1851
1853
1854
1871
1875
1917
1918
1930
1951
1951
1956
1957
1958
1959
1960
1961
1962
1964
1964
1965
1969
1969
1970
1970
1971
1972
1977
1980
1980
1982
1983
1983
1984
1988
1988
1990
1992
1993
2000
2006
2008
2038
2099
2100
2105
2110
2114
2114
2115
2118
2118
2118
2119
2119
2119
2121
2121
2125
2125
2126
2128
2129
2129
2131
2135
2136
2137
2138
2141
2142
2143
2145
2147
2148
2149
2149
2151
2152
2153
2156
2157
2157
2158
2158
2158
2158
2159
2159
2160
2160
2161
2163
2164
2165
2166
2167
2168
2170
2173
2173
2174
2174
2176
2176
2177
2177
2178
2179
2179
2179
2180
2185
2186
2187
2188
2188
2188
2188
2189
2190
2192
2192
2193
2193
2194
2194
2195
2197
2197
2198
2198
2199
2201
2203
2204
2204
2206
2209
2214
2216
2238
2241
2251
2271
2289
2294
2295
2309
2314
2315
2316
2324
2330
2330
2331
2334
2334
2337
2338
2342
2342
2347
2348
2348
2349
2350
2352
2352
2353
2355
2355
2359
2364
2365
2370
2370
2371
2371
2373
2373
2376
2381
2391
2392
2415
2418
2418
2422
2425
2425
2441
2441
2448
2450
2450
2452
