1
2
3
6
6
6
6
7
7
7
7
8
8
8
8
8
9
9
9
9
9
9
9
9
9
9
9
9
10
10
10
10
10
11
11
11
11
11
11
11
11
11
12
12
12
12
13
13
13
13
13
13
14
14
15
15
16
16
16
17
17
18
18
18
19
19
19
20
20
21
22
22
22
23
23
23
24
24
25
25
25
25
26
26
27
28
28
29
30
31
31
31
32
32
32
33
34
34
34
35
35
35
36
36
36
36
36
36
36
36
36
36
36
37
37
37
37
38
38
38
40
40
41
42
42
43
43
43
43
44
44
44
44
44
45
45
45
45
45
45
45
46
46
46
46
46
46
46
47
47
48
48
48
48
49
49
50
50
50
50
50
50
51
51
51
51
51
51
52
52
53
54
54
54
54
54
55
55
55
56
56
56
56
57
57
58
59
60
60
60
61
61
62
62
62
63
63
63
64
64
64
64
65
66
66
66
67
67
67
68
68
68
68
68
68
69
69
70
70
70
71
71
71
71
71
71
71
72
72
72
72
73
74
74
74
74
77
78
78
78
78
78
78
78
79
79
80
80
80
80
81
81
82
82
83
84
85
85
86
87
87
87
88
88
89
89
89
90
91
92
92
93
93
93
94
94
95
95
95
96
96
97
97
97
97
97
98
98
99
99
100
100
100
101
102
102
102
104
105
105
105
106
106
107
107
108
108
108
109
109
109
109
109
109
110
110
111
113
114
114
114
116
116
116
117
118
119
119
121
121
121
121
122
123
123
123
124
124
125
125
125
126
126
127
127
128
128
131
131
132
132
132
133
133
135
136
136
137
137
137
137
137
137
138
138
138
138
139
139
140
140
140
141
141
143
143
143
143
144
145
145
145
145
145
146
146
146
146
146
147
147
147
147
148
148
148
148
148
149
150
151
151
151
152
152
153
153
153
153
153
154
154
155
155
155
155
155
156
157
157
157
157
158
158
158
159
159
160
160
161
161
162
162
162
162
162
163
164
164
164
165
165
166
166
166
166
166
167
167
168
168
168
169
169
169
169
169
169
169
169
169
170
170
170
170
170
170
171
171
172
172
172
172
172
172
172
172
173
173
173
174
174
174
174
176
176
177
177
177
178
178
178
179
179
179
179
180
180
181
181
181
182
182
182
183
183
183
184
184
184
184
184
185
185
185
186
186
186
186
187
187
188
188
189
190
190
191
191
191
191
191
192
192
192
193
193
194
194
194
195
196
196
196
198
198
199
199
199
199
199
199
199
199
199
199
199
200
200
200
200
200
200
200
201
201
201
201
201
202
202
204
205
205
205
209
209
209
209
210
212
213
213
213
214
216
218
218
219
219
219
220
222
223
223
224
225
228
230
231
232
234
235
235
237
239
246
250
252
259
261
262
268
268
270
270
331
336
341
342
342
343
345
345
346
353
354
355
355
356
358
358
360
360
360
361
361
361
362
363
372
372
376
380
380
382
383
384
385
395
395
396
402
403
403
404
404
406
407
408
410
410
411
412
413
414
414
415
415
417
417
418
418
421
421
421
422
422
423
423
423
423
423
424
424
424
424
425
425
426
427
429
429
429
431
432
437
438
439
439
443
444
445
446
451
451
452
453
454
455
455
455
457
458
460
460
461
462
462
463
464
464
465
466
467
468
469
470
472
473
473
474
474
476
479
481
482
482
483
483
484
486
486
487
487
488
488
488
489
490
491
491
491
492
493
493
494
495
496
496
496
497
501
501
502
503
503
505
508
509
511
512
513
513
513
514
514
514
516
516
517
519
519
519
519
521
522
522
529
529
533
534
535
536
537
538
540
541
542
542
544
544
544
546
546
546
547
548
549
550
550
551
555
556
556
556
559
562
562
562
567
569
572
573
573
581
588
588
593
593
593
593
594
594
594
594
594
594
595
595
595
596
599
602
605
608
608
608
609
611
616
617
618
619
619
622
623
624
629
633
634
636
636
648
648
649
649
653
655
660
661
661
661
661
661
662
662
662
663
667
667
667
668
668
668
668
668
669
669
669
670
670
671
679
679
681
681
684
687
688
692
696
697
697
698
701
701
702
703
703
703
703
704
705
705
705
706
709
714
715
720
720
720
722
722
722
722
723
723
726
726
726
730
733
733
735
735
735
735
735
737
737
737
738
739
744
744
756
759
759
765
766
766
766
766
766
768
768
771
772
772
779
780
786
787
788
789
790
793
801
804
804
813
815
816
821
823
828
829
834
837
839
842
845
850
857
857
858
860
860
861
869
873
873
878
885
886
905
905
907
914
917
921
921
922
924
925
930
932
934
935
935
936
936
937
937
940
940
946
946
951
953
958
968
969
985
988
992
994
1001
1003
1010
1010
1014
1015
1021
1022
1023
1023
1028
1028
1030
1030
1030
1031
1031
1037
1040
1040
1041
1044
1045
1046
1046
1063
1069
1073
1077
1081
1082
1083
1089
1089
1093
1093
1102
1103
1104
1104
1104
1105
1108
1109
1109
1111
1111
1112
1116
1116
1119
1122
1127
1127
1127
1127
1128
1128
1129
1129
1129
1131
1138
1140
1145
1147
1152
1153
1153
1153
1153
1154
1156
1157
1158
1159
1159
1160
1162
1166
1167
1169
1178
1178
1180
1183
1185
1195
1196
1197
1202
1202
1204
1209
1209
1209
1209
1209
1210
1210
1218
1222
1227
1229
1230
1233
1234
1235
1237
1238
1240
1242
1242
1244
1245
1246
1246
1251
1252
1254
1255
1261
1265
1265
1266
1266
1271
1272
1277
1280
1287
1293
1293
1298
1299
1304
1304
1309
1309
1310
1311
1314
1318
1318
1320
1320
1321
1322
1323
1324
1325
1325
1331
1331
1331
1334
1336
1339
1340
1342
1344
1344
1345
1350
1352
1352
1356
1356
1358
1358
1359
1359
1359
1361
1361
1362
1363
1364
1365
1367
1371
1371
1373
1374
1375
1378
1379
1380
1381
1383
1383
1384
1384
1384
1385
1389
1390
1400
1407
1411
1415
1418
1420
1420
1421
1422
1422
1422
1422
1422
1423
1423
1424
1425
1427
1428
1428
1431
1432
1433
1434
1434
1436
1436
1436
1437
1437
1441
1442
1442
1443
1446
1446
1448
1448
1449
1449
1450
1451
1452
1452
1452
1452
1452
1453
1453
1453
1453
1456
1457
1458
1458
1459
1459
1459
1460
1461
1462
1462
1464
1464
1464
1467
1467
1467
1467
1467
1468
1470
1470
1471
1471
1472
1472
1474
1474
1475
1475
1475
1477
1478
1478
1479
1481
1483
1484
1485
1485
1486
1486
1486
1487
1487
1487
1488
1488
1489
1490
1490
1490
1490
1491
1492
1492
1493
1493
1493
1493
1493
1495
1495
1496
1497
1500
1501
1501
1503
1503
1503
1504
1504
1504
1504
1505
1507
1509
1510
1513
1514
1515
1516
1517
1517
1517
1517
1518
1519
1520
1520
1522
1524
1524
1524
1525
1526
1527
1529
1535
1536
1538
1539
1539
1540
1540
1541
1544
1544
1545
1546
1546
1551
1554
1554
1554
1555
1556
1556
1556
1557
1557
1559
1559
1560
1560
1561
1562
1562
1563
1566
1568
1569
1569
1570
1571
1571
1572
1573
1574
1574
1574
1575
1575
1576
1576
1577
1578
1579
1579
1579
1579
1580
1582
1582
1582
1583
1584
1584
1585
1585
1587
1587
1588
1588
1588
1589
1590
1590
1591
1591
1591
1592
1592
1592
1593
1594
1595
1595
1595
1595
1596
1596
1596
1596
1598
1599
1604
1605
1607
1607
1607
1611
1611
1612
1613
1613
1613
1614
1614
1614
1616
1617
1618
1618
1619
1619
1620
1622
1623
1626
1628
1628
1629
1631
1634
1637
1638
1638
1640
1640
1641
1641
1641
1643
1643
1654
1657
1667
1682
1684
1691
1700
1703
1704
1711
1712
1718
1719
1727
1737
1737
1739
1751
1752
1755
1758
1762
1762
1764
1770
1781
1781
1782
1782
1783
1794
1795
1795
1797
1799
1802
1803
1804
1810
1810
1811
1811
1817
1817
1823
1833
1833
1834
1835
1836
1836
1836
1836
1837
1841
1841
1842
1842
1843
1843
1844
1845
1845
1846
1846
1846
1847
1848
1849
1853
1856
1857
1858
1859
1861
1863
1865
1866
1869
1870
1872
1875
1876
1878
1878
1880
1880
1880
1880
1880
1881
1881
1881
1881
1882
1883
1884
1884
1885
1886
1890
1890
1890
1892
1892
1892
1893
1894
1894
1894
1894
1896
1897
1898
1898
1899
1899
1903
1903
1904
1904
1905
1905
1910
1911
1911
1913
1915
1915
1915
1915
1915
1915
1915
1916
1916
1917
1924
1927
1931
1931
1931
1931
1936
1937
1938
1945
1950
1950
1985
2068
2074
2078
2078
2078
2083
2086
2087
2087
2087
2088
2088
2088
2093
2094
2104
2105
2106
2109
2110
2111
2111
2114
2117
2117
2117
2119
2125
2125
2126
2128
2130
2132
2132
2133
2136
2138
2140
2141
2146
2147
2149
2150
2157
2162
2163
2164
2164
2165
2181
2182
2182
2185
2189
2191
2192
2192
2193
2193
2193
2198
2198
2207
2207
2220
2222
2232
2235
2241
2249
2250
2251
2329
2361
2365
2369
2378
2395
2396
2397
2397
2397
2397
2398
2399
2401
2419
2419
2420
2423
2425
2426
2427
2427
2427
2427
2430
2433
2442
2442
2444
2451
2451
2452
2452
2452
2452
2457
2462
2469
2472
2473
2473
2477
2479
2482
2483
2484
2484
2485
2485
2485
2501
2506
2506
2519
2520
2520
2521
2522
2523
2523
2523
2524
2524
2546
2547
2557
2563
2578
2591
2596
2602
2602
2603
2611
2619
2620
2636
2644
2647
2649
2650
2699
2712
2841
2848
2848
2864
2865
2865
2871
2872
2872
2873
2873
2874
2877
2878
2878
2879
2879
2880
2888
2890
2891
2894
2904
2905
2905
2906
2911
2921
2921
2921
2922
2927
2931
2932
2957
2970
2978
2990
2997
2998
2999
2999
3009
3015
3018
3025
3025
3028
3030
3032
3032
3039
3041
3043
3045
3050
3050
3054
3056
3056
3057
3057
3057
3058
3059
3061
3063
3066
3067
3069
3069
3072
3072
3079
3079
3079
3080
3080
3081
3082
3083
3097
3104
3104
3105
3106
3106
3107
3107
3107
3108
3108
3109
3109
3110
3112
3113
3114
3114
3120
3121
3122
3122
3123
3123
3123
3125
3126
3127
3128
3129
3129
3130
3131
3132
3132
3132
3133
3133
3133
3135
3136
3136
3137
3137
3139
3139
3139
3141
3142
3142
3143
3147
3148
3153
3154
3154
3155
3158
3164
3164
3166
3173
3173
3174
3174
3175
3176
3183
3186
3188
3191
3194
3195
3199
3210
3211
3214
3214
3219
3219
3220
3221
3221
3231
3231
3233
3234
3234
3242
3247
3250
3251
3347
3376
3380
3391
3391
3397
3403
3405
3417
3420
3421
3439
3443
3448
3451
3451
3461
3463
3471
3473
3474
3481
3482
3483
3485
3488
3488
3494
3496
3498
3498
3499
3501
3505
3506
3506
3507
3508
3513
3523
3523
3537
3554
3567
3583
3585
3587
3588
3605
3609
3610
3611
3637
3639
3778
3802
3803
3804
3810
3821
3822
3829
3833
3845
3894
3913
3914
3918
3924
3935
3938
3949
3949
3949
3949
3950
3976
3988
3997
3997
3998
4007
4009
4019
4026
4026
4026
4026
4027
4029
4035
4043
4044
4045
4045
4047
4057
4058
4067
4075
4077
4083
4084
4094
4096
4097
4114
4115
4119
4137
4137
4137
4137
4177
4208
4225
4306
4351
4355
4362
4402
4408
4408
4409
4420
4423
4432
4433
4436
4439
4440
4440
4441
4455
4456
4456
4470
4470
4470
4473
4474
4476
4476
4491
4493
4495
4498
4503
4504
4506
4508
4510
4518
4557
4557
4557
4561
4561
4562
4562
4566
4567
4568
4574
4574
4577
4582
4586
4590
4591
4591
4599
4602
4602
4603
4603
4607
4607
4608
4609
4611
4612
4613
4614
4621
4627
4629
4638
4638
4638
4638
4642
4647
4648
4649
4649
4650
4663
4665
4669
4669
4707
4709
4712
4713
4719
4802
4834
4836
4848
4854
4864
4864
4866
4867
4870
4875
4876
4876
4882
4883
4883
4885
4889
4890
4891
4891
4891
4893
4916
4942
4942
4964
4966
5012
5022
5023
5025
5041
5043
5053
5087
5140
5141
5144
5144
5147
5154
5162
5169
5181
5184
5185
5186
5188
5192
5193
5194
5196
5198
5199
5209
5211
5213
5215
5215
5237
5243
5243
5245
5247
5248
5268
5269
5274
5281
5290
5294
5298
5336
5341
5346
5362
5363
5502
5515
5519
5525
5526
5528
5531
5535
5536
5537
5537
5540
5542
5543
5544
5546
5546
5548
5549
5550
5553
5555
5555
5556
5559
5559
5563
5564
5569
5569
5570
5572
5573
5586
5589
5598
5624
5635
5647
5694
5696
5703
5703
5726
5728
5739
5768
5769
5771
5772
5774
5775
5775
5777
5781
5781
5781
5785
5785
5788
5791
5792
5792
5792
5807
5811
5811
5854
5884
5889
6050
6051
6055
6062
6063
6084
6099
6105
6106
6117
6119
6126
6130
6131
6132
6133
6134
6138
6139
6141
6144
6155
6162
6164
6164
6166
