1
2
2
4
5
5
6
6
6
6
7
7
7
7
7
7
8
8
8
8
8
8
8
8
8
8
9
9
9
9
9
9
9
9
9
9
9
9
9
9
9
10
10
10
10
10
10
10
10
10
11
11
11
11
11
11
12
12
12
13
13
13
13
13
14
14
14
14
14
14
14
15
15
15
15
15
15
15
15
15
16
16
16
16
16
16
16
17
17
17
17
17
18
18
18
18
18
18
18
18
18
19
19
19
19
19
19
20
20
20
20
21
21
21
21
21
21
22
22
22
22
22
22
22
22
23
23
23
23
23
24
24
24
24
25
25
26
26
26
26
26
26
27
27
27
27
27
28
28
28
28
28
28
28
28
29
29
29
29
29
29
30
30
30
30
31
31
31
31
31
32
32
32
32
32
32
33
33
33
33
33
34
34
34
34
34
34
34
35
35
35
36
36
36
36
36
36
36
36
36
37
37
37
37
37
37
38
38
38
38
38
38
38
39
39
39
39
39
40
40
41
41
41
42
42
42
42
43
43
43
43
43
43
43
43
44
44
44
44
44
44
44
45
45
45
45
46
46
46
46
46
46
47
47
48
48
48
48
48
48
48
48
49
49
49
49
49
49
49
49
49
49
50
51
51
52
52
52
52
53
53
53
53
53
54
54
54
54
54
54
54
55
55
55
55
55
55
55
56
56
56
56
56
56
56
56
56
57
57
57
57
57
57
57
57
58
58
58
58
59
59
59
59
59
59
59
59
59
60
60
60
60
60
60
60
61
61
61
61
61
61
63
63
63
63
63
63
64
64
64
64
64
64
65
65
65
66
66
66
66
67
67
67
67
67
67
67
68
68
68
68
68
68
69
69
69
69
69
69
69
69
70
70
70
71
71
71
71
72
72
72
72
73
73
73
73
74
74
74
74
74
75
75
75
76
76
76
76
76
77
77
77
77
78
78
78
79
79
79
79
80
80
80
81
81
81
82
82
82
83
83
83
83
83
84
84
84
84
84
84
84
84
84
85
85
85
86
86
86
86
87
88
88
89
89
90
90
91
92
92
92
92
92
92
93
93
94
94
94
94
94
95
95
95
95
95
96
96
96
96
97
97
97
97
97
97
97
98
98
98
98
98
98
100
100
100
101
102
102
102
102
102
103
103
103
103
103
103
104
104
104
104
105
105
105
106
106
106
106
107
107
107
107
107
107
107
107
108
108
109
109
109
109
109
110
110
111
111
111
111
111
111
112
112
112
112
112
112
112
113
113
113
113
113
113
113
113
113
113
113
113
114
114
114
114
114
114
114
114
114
115
115
115
115
115
116
116
116
116
116
116
117
117
118
118
118
118
118
118
118
119
119
119
119
119
119
119
119
119
120
120
120
120
120
120
120
120
120
121
121
121
121
121
121
121
121
121
122
123
123
123
123
124
124
124
124
124
124
125
125
125
125
125
125
125
125
126
126
126
126
126
126
127
127
127
128
128
128
128
128
128
129
129
129
129
129
130
130
130
131
131
131
131
132
132
132
132
133
134
134
134
135
135
135
135
135
136
136
136
136
137
137
137
137
137
137
137
137
137
137
137
137
137
138
139
139
140
140
140
141
141
142
142
142
142
142
142
142
142
142
142
143
143
143
143
143
143
143
143
143
144
144
144
144
144
145
145
145
145
146
146
146
146
147
147
147
147
147
147
148
148
148
149
149
149
149
150
150
150
150
150
150
150
151
151
151
151
151
152
152
153
153
153
153
153
153
154
154
154
154
155
155
155
155
155
155
155
155
155
155
156
156
156
156
156
157
157
157
157
157
157
157
157
157
158
158
158
158
158
158
158
158
158
158
158
159
159
159
159
159
159
159
160
160
160
160
160
161
161
161
161
161
161
161
161
162
162
162
162
162
162
162
162
163
163
163
163
163
164
164
164
164
164
164
165
165
166
166
166
166
167
167
167
167
167
167
168
168
168
168
168
168
168
168
168
169
169
169
169
169
169
170
170
170
170
170
170
171
171
172
172
172
172
173
173
173
173
173
174
174
174
174
174
175
175
175
175
175
175
175
175
175
176
176
176
176
176
176
176
177
177
177
177
177
177
177
178
178
178
178
178
178
178
179
179
179
179
179
179
179
179
179
180
180
180
180
180
180
181
181
181
181
182
182
182
182
182
182
182
183
183
183
183
183
183
183
184
184
184
184
184
185
185
185
186
186
186
186
186
186
187
187
187
187
187
187
188
188
188
188
188
188
188
188
188
188
188
189
189
189
189
189
189
189
190
190
190
190
190
191
191
191
192
193
193
193
193
193
193
193
193
194
194
194
194
194
195
195
195
195
195
195
195
196
196
197
197
197
197
198
198
198
198
199
199
199
201
201
201
201
202
202
203
203
203
203
204
204
205
205
205
205
205
206
206
206
207
207
207
208
208
209
209
209
210
210
210
210
211
211
211
212
212
212
212
213
213
213
214
215
215
215
216
216
216
216
216
216
217
217
218
218
218
219
219
219
219
220
220
220
220
220
221
221
221
221
222
222
222
222
223
224
224
225
225
225
226
226
227
227
228
228
228
228
228
228
229
229
230
230
230
230
230
231
231
231
232
232
233
233
233
234
234
234
235
235
236
236
236
237
237
237
237
238
238
238
238
238
239
240
240
240
240
240
240
240
240
241
241
242
242
243
243
243
243
243
246
247
248
248
248
249
249
249
249
249
249
250
251
251
252
252
252
252
253
253
253
253
253
253
253
253
253
254
254
254
254
255
255
255
256
256
256
256
257
257
258
258
258
260
260
261
261
261
262
262
264
264
264
264
264
265
266
266
267
268
268
268
269
269
271
271
271
271
271
272
272
272
272
272
272
272
273
273
273
273
274
274
275
275
275
276
276
276
276
276
276
277
277
278
278
278
278
278
279
279
279
279
279
280
280
281
281
281
281
282
282
282
282
283
283
283
283
283
283
284
284
284
285
285
285
285
286
286
286
286
287
288
288
289
289
290
290
290
290
290
291
291
291
291
292
293
293
294
294
294
295
295
295
296
296
296
297
297
298
298
299
299
299
300
301
302
302
303
304
305
305
305
306
307
308
309
309
309
309
309
310
310
310
310
310
312
312
312
313
313
314
314
315
315
316
317
318
318
318
318
319
319
319
319
319
320
321
321
322
322
322
322
324
324
324
325
325
325
326
326
327
328
328
330
330
339
339
340
340
341
341
341
341
342
344
345
346
346
346
346
349
350
352
354
355
357
360
362
362
364
364
369
369
370
371
371
371
371
372
373
374
375
377
378
381
381
382
383
386
391
391
394
395
396
399
399
400
404
405
406
406
415
415
415
420
426
427
427
427
428
430
430
431
436
437
439
440
440
442
444
445
448
450
450
452
454
454
454
455
455
456
457
457
458
458
458
459
460
460
463
464
466
467
467
470
471
472
472
474
474
476
477
477
477
478
479
479
483
484
484
484
484
485
485
485
486
486
486
486
486
490
492
493
493
493
493
493
494
495
496
496
496
498
498
498
498
499
500
500
500
501
501
502
502
505
505
506
507
507
507
507
507
508
508
509
509
511
512
512
513
515
515
517
517
517
518
518
518
519
521
522
522
522
523
524
525
526
526
526
526
526
526
526
527
530
530
530
532
537
538
539
539
539
539
540
540
541
542
542
543
543
543
543
543
544
544
544
545
545
545
546
546
546
547
547
548
550
552
552
553
553
553
553
554
554
555
555
555
556
556
556
557
559
561
562
562
562
562
563
564
564
567
567
568
568
571
573
575
575
575
575
576
579
582
582
582
582
582
583
584
585
588
589
589
590
592
593
594
596
598
599
601
603
605
606
608
608
609
611
613
615
615
616
617
620
620
620
621
621
621
622
622
623
625
625
625
626
626
626
627
628
628
629
629
629
629
630
630
631
632
632
633
633
634
635
636
640
641
641
642
642
642
642
643
643
644
646
648
649
649
649
649
651
652
653
654
659
661
663
664
664
665
666
666
666
668
668
668
669
669
669
670
671
672
674
675
675
678
678
681
681
681
681
684
686
686
686
687
688
692
692
695
695
696
696
696
701
705
706
706
706
709
714
722
722
724
725
726
726
729
732
735
735
736
736
739
740
742
744
747
749
751
755
755
761
766
766
766
770
770
771
771
771
772
778
779
779
779
780
784
785
785
785
787
789
789
790
790
791
792
796
796
797
800
800
803
804
805
805
805
805
807
810
811
811
816
820
827
827
827
829
829
830
834
834
837
842
845
846
852
855
856
864
866
868
868
870
873
881
883
884
886
886
888
889
890
892
893
893
896
896
896
897
898
909
910
911
913
913
918
924
925
925
929
933
934
938
939
949
950
951
951
952
952
959
962
964
965
968
972
974
978
981
981
986
986
987
992
993
994
994
995
995
996
997
998
999
1000
1007
1014
1015
1015
1016
1018
1018
1026
1026
1027
1030
1030
1031
1031
1034
1035
1040
1047
1052
1053
1056
1057
1057
1057
1064
1070
1070
1071
1071
1071
1072
1074
1075
1075
1075
1075
1075
1076
1078
1079
1079
1080
1081
1081
1083
1085
1086
1087
1089
1090
1090
1092
1092
1093
1093
1101
1102
1106
1106
1114
1114
1114
1116
1116
1116
1116
1116
1117
1117
1118
1118
1129
1131
1134
1135
1136
1137
1149
1153
1155
1155
1155
1177
1177
1177
1187
1192
1192
1192
1192
1193
1193
1193
1194
1195
1196
1196
1196
1196
1197
1198
1209
1209
1210
1210
1214
1215
1217
1222
1222
1222
1222
1223
1227
1227
1228
1231
1232
1232
1235
1238
1238
1239
1239
1239
1240
1240
1266
1287
1290
1294
1302
1313
1319
1329
1330
1331
1332
1337
1338
1339
1344
1348
1350
1355
1358
1365
1367
1372
1374
1382
1383
1385
1400
1403
1403
1406
1413
1414
1414
1414
1415
1416
1417
1417
1418
1419
1419
1420
1420
1420
1421
1422
1424
1424
1424
1425
1425
1428
1429
1429
1430
1430
1430
1431
1431
1431
1431
1432
1432
1433
1433
1434
1434
1436
1436
1438
1438
1439
1440
1441
1442
1442
1443
1444
1445
1445
1445
1446
1448
1451
1452
1454
1455
1455
1459
1460
1461
1461
1461
1462
1462
1464
1467
1468
1469
1469
1470
1470
1471
1471
1471
1473
1473
1473
1474
1474
1474
1474
1476
1478
1479
1479
1480
1482
1482
1487
1487
1487
1488
1488
1489
1489
1490
1490
1490
1493
1495
1497
1497
1498
1499
1502
1503
1509
1512
1512
1513
1522
1525
1535
1539
1540
1543
1544
1544
1544
1545
1545
1547
1548
1549
1549
1549
1550
1551
1552
1556
1557
1557
1559
1560
1563
1564
1564
1564
1565
1565
1566
1567
1572
1572
1573
1573
1573
1575
1575
1578
1578
1579
1589
1591
1594
1596
1597
1598
1604
1609
1611
1612
1612
1612
1613
1613
1614
1616
1616
1617
1617
1619
1621
1621
1623
1623
1624
1625
1627
1627
1628
1629
1636
1637
1637
1637
1638
1639
1639
1640
1649
1649
1653
1653
1654
1655
1655
1655
1655
1656
1656
1656
1656
1656
1657
1657
1657
1658
1658
1659
1659
1660
1660
1660
1661
1662
1662
1664
1665
1666
1671
1672
1674
1675
1676
1677
1678
1680
1681
1682
1683
1684
1685
1686
1688
1691
1693
1696
1696
1696
1699
1699
1700
1701
1701
1702
1707
1712
1716
1718
1720
1720
1720
1721
1721
1731
1734
1747
1747
1748
1750
1757
1765
1775
1776
1784
1786
