1
3
4
7
9
10
10
11
11
12
13
14
14
14
14
15
15
15
15
15
15
16
16
16
16
16
16
17
17
17
17
17
17
17
17
17
17
17
17
18
18
18
18
19
19
19
19
19
19
19
20
20
20
21
21
21
21
22
22
22
22
22
23
23
23
23
24
24
24
24
24
25
25
25
25
25
25
26
26
26
26
26
26
26
27
27
27
27
27
27
27
27
27
28
28
28
28
30
31
31
31
31
32
32
33
33
33
33
34
34
34
34
35
35
35
35
35
35
35
35
36
36
36
37
37
37
39
39
39
39
41
42
44
45
45
45
46
46
47
47
47
47
48
48
48
49
49
50
50
50
50
51
52
52
52
52
53
53
53
54
56
56
56
57
57
57
58
58
58
58
60
60
61
61
61
62
62
62
62
63
63
64
64
64
64
64
65
65
66
66
66
67
68
69
69
69
69
69
69
70
70
70
71
71
71
72
72
72
72
72
72
73
73
73
73
73
74
74
74
75
75
76
76
77
77
77
78
78
78
79
80
80
80
80
80
81
81
81
81
81
82
82
82
82
83
83
85
86
87
87
87
87
87
87
89
91
92
95
95
95
95
95
98
99
99
100
100
100
100
100
100
100
100
100
100
101
102
102
103
103
104
104
105
106
106
106
106
106
107
107
107
107
107
107
108
108
108
108
108
108
109
109
109
109
109
109
109
109
109
112
113
113
114
114
114
114
114
116
116
116
117
117
117
117
117
118
118
118
119
119
119
119
119
119
119
119
120
120
120
120
120
121
121
121
121
121
123
123
124
124
125
126
126
128
128
128
129
129
130
130
130
130
130
130
130
130
130
131
132
132
133
133
134
134
135
135
137
137
137
137
138
138
138
142
142
142
143
143
144
145
145
145
146
146
148
148
148
148
149
149
149
150
151
151
151
151
151
152
154
154
154
155
155
156
157
157
157
157
157
158
159
159
159
159
160
160
160
161
161
161
161
162
163
163
163
164
164
164
164
164
165
165
166
166
166
167
168
168
169
169
170
171
171
171
172
173
173
173
174
174
174
175
175
176
179
179
179
180
182
183
183
183
184
184
184
184
184
184
184
185
185
186
186
187
187
189
190
190
191
191
192
192
193
194
195
196
197
198
199
199
199
199
202
202
202
203
204
204
204
205
206
207
207
207
208
210
212
212
214
217
217
218
220
221
224
225
225
230
231
231
233
233
236
236
240
242
243
245
245
246
249
251
254
255
259
263
264
266
279
281
281
285
304
306
308
315
317
322
327
336
336
337
346
347
349
351
351
351
356
365
366
366
370
374
376
381
384
388
388
388
388
392
395
397
397
403
403
403
403
406
408
409
411
420
439
444
450
453
454
455
456
458
459
466
467
468
468
469
469
473
477
477
478
479
479
480
484
484
485
486
486
486
487
488
489
490
490
491
492
493
493
494
496
496
496
498
503
506
506
506
507
509
513
513
518
521
522
522
523
523
527
527
530
530
534
537
538
538
540
540
541
542
546
547
547
561
562
562
562
563
565
568
574
576
577
582
586
587
588
590
596
596
598
598
599
602
604
608
609
609
609
617
620
622
623
625
628
629
631
634
635
636
638
643
654
662
663
670
671
674
675
676
678
678
679
682
683
684
684
686
688
689
691
691
694
701
706
719
719
723
726
729
729
733
733
734
776
777
781
782
795
798
801
804
804
805
806
806
806
808
810
810
812
814
817
823
824
826
826
835
856
856
857
857
858
858
861
864
867
873
875
875
878
885
890
893
895
903
907
908
916
917
922
922
925
942
947
953
953
953
953
953
953
954
954
955
955
955
955
960
961
961
962
963
964
965
966
966
971
971
971
971
972
972
981
984
986
986
994
994
994
995
996
998
1003
1003
1004
1009
1010
1010
1010
1013
1016
1051
1053
1053
1057
1059
1059
1059
1060
1061
1061
1066
1074
1075
1081
1084
1086
1086
1086
1086
1087
1093
1097
1104
1104
1107
1111
1112
1114
1115
1116
1117
1121
1122
1126
1135
1138
1138
1139
1139
1140
1141
1143
1144
1145
1146
1149
1162
1162
1162
1172
1182
1186
1189
1196
1197
1198
1200
1201
1203
1206
1206
1206
1209
1210
1211
1212
1212
1220
1222
1222
1246
1250
1251
1252
1252
1266
1266
1281
1308
1363
1372
1379
1379
1381
1381
1388
1391
1391
1392
1392
1395
1396
1396
1396
1398
1399
1402
1403
1404
1407
1411
1412
1415
1416
1416
1416
1417
1417
1417
1418
1418
1419
1419
1419
1419
1420
1420
1420
1420
1423
1424
1424
1424
1426
1426
1428
1428
1429
1429
1430
1430
1431
1433
1433
1434
1437
1437
1437
1438
1438
1438
1439
1439
1440
1442
1444
1444
1446
1446
1447
1449
1450
1450
1452
1453
1453
1454
1454
1454
1455
1456
1457
1457
1457
1457
1458
1458
1459
1459
1460
1460
1460
1461
1463
1463
1463
1463
1464
1465
1466
1467
1467
1468
1469
1469
1469
1470
1470
1471
1471
1471
1471
1472
1473
1473
1474
1474
1474
1475
1475
1476
1477
1478
1481
1482
1482
1483
1483
1484
1485
1487
1487
1489
1490
1491
1491
1491
1491
1492
1492
1492
1492
1492
1492
1492
1493
1493
1493
1493
1494
1494
1496
1496
1498
1503
1503
1503
1503
1504
1504
1504
1511
1517
1518
1518
1521
1522
1523
1524
1526
1526
1527
1529
1530
1533
1533
1534
1535
1536
1536
1537
1540
1541
1544
1545
1546
1547
1548
1548
1549
1550
1550
1551
1552
1554
1556
1557
1557
1557
1558
1558
1559
1560
1560
1560
1561
1561
1561
1561
1562
1562
1562
1563
1564
1564
1565
1565
1566
1566
1566
1566
1567
1567
1567
1568
1568
1568
1568
1568
1568
1569
1569
1569
1569
1569
1570
1570
1571
1571
1572
1574
1574
1575
1575
1575
1579
1580
1580
1581
1581
1581
1582
1582
1583
1584
1584
1584
1584
1584
1585
1585
1586
1586
1586
1587
1587
1587
1587
1590
1590
1591
1592
1593
1593
1593
1594
1595
1596
1599
1601
1602
1604
1606
1608
1610
1613
1614
1617
1617
1618
1618
1619
1619
1620
1620
1621
1622
1623
1625
1625
1625
1625
1626
1628
1633
1633
1634
1634
1635
1635
1635
1636
1637
1637
1637
1637
1637
1637
1639
1641
1641
1641
1643
1643
1644
1645
1645
1645
1646
1646
1646
1646
1646
1647
1647
1647
1647
1648
1649
1649
1655
1655
1657
1658
1658
1658
1659
1659
1660
1660
1661
1664
1664
1664
1664
1665
1665
1667
1667
1667
1668
1668
1669
1671
1672
1673
1675
1676
1678
1680
1682
1682
1682
1682
1682
1683
1683
1683
1684
1686
1686
1686
1687
1688
1688
1692
1692
1692
1693
1694
1696
1697
1697
1697
1698
1702
1704
1705
1706
1707
1708
1709
1711
1711
1712
1712
1712
1713
1713
1715
1715
1717
1718
1719
1719
1721
1722
1726
1730
1730
1731
1731
1732
1732
1733
1749
1760
1760
1760
1760
1761
1762
1769
1771
1774
1792
1795
1795
1800
1803
1823
1829
1857
1860
1864
1864
1865
1865
1869
1871
1873
1874
1876
1877
1877
1880
1892
1894
1897
1903
1918
1940
1940
1945
1947
1949
1951
1968
1979
1979
1982
1984
1984
1984
1985
1985
1986
1993
2002
2005
2011
2012
2012
2013
2014
2019
2027
2030
2030
2033
2035
2036
2036
2042
2043
2048
2051
2056
2057
2057
2063
2068
2069
2072
2073
2076
2080
2081
2083
2090
2090
2091
2091
2091
2091
2092
2092
2092
2092
2092
2094
2094
2095
2095
2095
2095
2100
2100
2101
2103
2104
2104
2104
2105
2115
2119
2124
2131
2133
2133
2134
2136
2139
2140
2143
2145
2146
2155
2155
2157
2161
2162
2167
2168
2170
2175
2179
2194
2205
2212
2221
2252
2279
2279
2291
2291
2300
2300
2301
2304
2306
2310
2310
2315
2315
2324
2326
2327
2329
2329
2331
2336
2338
2338
2338
2339
2340
2340
2340
2341
2348
2348
2349
2357
2364
2376
2376
2378
2393
2393
2393
2395
2397
2403
2404
2406
2408
2410
2411
2413
2420
2421
2421
2421
2423
2425
2425
2427
2436
2437
2437
2437
2438
2439
2440
2440
2441
2442
2447
2451
2469
2470
2470
2471
2471
2471
2471
2471
2473
2502
2503
2503
2507
2560
2563
2565
2572
2573
2579
2580
2580
2586
2589
2594
2595
2602
2602
2603
2604
2605
2610
2611
2613
2613
2613
2614
2614
2614
2615
2615
2616
2616
2616
2618
2625
2636
2637
2641
2645
2646
2646
2646
2646
2648
2658
2661
2672
2697
2707
2709
2709
2710
2721
2722
2722
2724
2734
2742
2743
2744
2744
2744
2744
2750
2758
2765
2768
2769
2770
2771
2771
2772
2773
2773
2776
2776
2779
2781
2782
2782
2783
2784
2833
2834
2861
2861
2864
2865
2867
2868
2910
2968
2969
2984
2985
2985
2985
2985
2985
2986
2986
2987
2992
2992
2993
2993
2993
2994
2994
2994
2996
2997
2999
3000
3000
3003
3004
3004
3006
3008
3008
3009
3010
3011
3014
3014
3015
3017
3017
3018
3018
3020
3020
3021
3021
3022
3022
3024
3024
3025
3026
3028
3034
3034
3037
3037
3037
3037
3038
3038
3038
3040
3041
3047
3050
3057
3059
3061
3063
3064
3064
3064
3065
3077
3078
3080
3082
3083
3084
3084
3085
3086
3087
3087
3095
3099
3102
3113
3113
3114
3115
3118
3118
3118
3118
3119
3119
3120
3122
3123
3123
3124
3127
3132
3143
3148
3148
3149
3151
3153
3154
3158
3162
3170
3170
3171
3172
3173
3173
3175
3178
3179
3184
3187
3187
3189
3189
3190
3191
3196
3197
3204
3204
3206
3207
3208
3211
3211
3212
3213
3213
3215
3216
3216
3216
3217
3217
3217
3217
3217
3218
3218
3219
3219
3220
3222
3223
3225
3228
3236
3238
3239
3241
3241
3248
3273
3278
3279
3357
3359
3359
3362
3363
3363
3363
3363
3366
3376
3385
3389
3393
3394
3410
3416
3419
3419
3421
3421
3422
3424
3425
3428
3442
3449
3449
3450
3450
3450
3450
3451
3451
3451
3451
3453
3463
3468
3468
3469
3469
3470
3470
3471
3473
3479
3480
3480
3482
3482
3483
3484
3490
3492
3493
3493
3494
3499
3500
3502
3512
3513
3520
3540
3540
3548
3552
3578
3580
3586
3589
3597
3616
3639
3643
3645
3646
3651
3720
3721
3723
3737
3791
3795
3798
3801
3844
3849
3850
3855
3856
3859
3860
3860
3871
3873
3874
3892
3894
3960
3961
4083
4085
4086
4098
4107
4130
4134
4134
4135
4135
4140
4150
4159
4161
4162
4163
4164
4175
4181
4187
4191
4245
4255
4262
4304
4318
4336
4337
4362
4362
4362
4363
4363
4371
4372
4387
4388
4389
4392
4395
4397
4401
4411
4426
4431
4432
4433
4433
4442
4448
4451
4451
4452
4461
4480
4481
4491
4492
4511
4511
4512
4512
4512
4512
4512
4516
4524
4534
4540
4541
4542
4542
4544
4545
4545
4550
4552
4560
4561
4566
4568
4568
4571
4573
4573
4576
4578
4581
4581
4581
4581
4582
4583
4584
4587
4587
4589
4591
4598
4608
4610
4611
4611
4614
4615
4616
4617
4624
4625
4625
4630
4632
4634
4636
4646
4654
4656
4668
4668
4670
4674
4675
4676
4677
4677
4678
4679
4680
4688
4708
4711
4715
4716
4719
4725
4728
4729
4730
4731
4733
4735
4736
4737
4739
4739
4739
4740
4741
4741
4742
4742
4742
4746
4748
4749
4749
4749
4750
4750
4750
4750
4750
4750
4750
4752
4759
4792
4792
4793
4794
4795
4795
4796
4796
4798
4802
4835
4836
4904
4920
4923
4974
4975
4983
4990
4999
5002
5004
5009
5011
5015
5019
5020
5021
5027
5029
5033
5034
5035
5036
5053
5058
5089
5090
5104
5114
5115
5126
5148
5158
5169
5219
5221
5232
5234
5258
5284
5285
5298
5303
5324
5337
5372
5374
5374
5379
5379
5380
5380
5380
5392
5393
5393
5404
5410
5410
5411
5412
5412
5461
5475
5476
5476
5478
5480
5491
5586
5590
5592
5593
5595
5611
5612
5614
5615
5627
5641
5649
5668
5673
5677
5678
5681
5682
5685
5686
5688
5690
5691
5691
5711
5712
5716
5718
5718
5719
5724
5725
5742
5748
5756
5758
5759
5760
5761
5766
5768
5770
5772
5778
5789
5802
5809
5822
5823
5835
5843
5850
5856
5857
5860
5872
5898
5903
5903
5921
5921
5921
5923
5926
5933
5939
5943
5950
5950
5953
5953
5953
5955
5969
5969
5974
5977
6002
6012
6012
6012
6013
6013
6014
6046
6048
6058
6075
6077
6077
6086
6138
6140
6151
6155
6164
6178
6216
6217
6232
6234
6241
6286
6300
6303
6313
6315
6319
6320
6324
6329
6454
6476
6480
6494
6502
6504
6508
6514
6517
6526
6527
6530
6531
6568
6612
6640
6654
6727
6773
6773
6773
6776
6784
6790
6799
6831
6890
6890
6908
6911
6922
6926
6930
6932
6932
6933
6939
6942
6942
6942
6944
6945
6946
6950
6965
6966
6967
6967
6970
6971
7047
7052
7065
7073
7074
7107
7144
7146
7157
7162
7170
7181
7204
7207
7211
7216
7216
7218
7220
7220
7245
7246
7249
7251
7258
7265
7266
7268
7268
7335
7355
7355
7363
7400
7401
7411
7430
7434
7438
