1
2
3
5
6
6
6
7
7
7
7
8
8
8
8
8
8
8
8
9
9
9
9
9
9
9
9
9
9
9
9
9
9
10
10
10
10
10
10
10
10
10
10
11
11
11
11
11
11
11
11
11
11
11
11
12
12
12
12
12
12
12
12
12
12
12
12
12
13
13
13
13
13
14
14
14
14
14
14
15
15
15
15
15
15
15
15
15
15
16
16
16
17
17
17
18
18
18
18
18
19
19
19
20
20
20
20
21
21
21
21
21
21
22
22
23
23
24
24
24
24
26
26
26
27
28
28
28
28
28
29
29
29
30
30
30
31
31
31
31
31
31
31
32
32
33
33
33
34
34
34
34
34
34
35
35
35
35
36
36
36
36
36
37
37
39
39
39
39
40
40
41
41
41
41
41
42
42
43
43
43
43
43
45
46
46
46
46
47
47
47
47
47
48
48
48
49
49
49
49
49
49
50
50
51
52
52
52
53
53
53
54
54
54
54
56
56
56
56
56
56
57
57
58
59
59
59
59
59
59
59
60
60
60
60
60
60
61
61
61
62
62
62
63
63
63
64
64
64
64
64
65
65
65
65
66
66
66
66
67
67
68
68
68
69
69
69
69
70
70
70
71
71
71
72
72
73
73
73
74
76
76
76
77
77
78
78
78
78
78
78
78
79
79
79
79
80
80
80
81
81
82
83
83
83
83
85
86
87
87
87
88
89
89
89
89
89
89
90
91
91
91
92
92
92
92
92
92
92
94
95
96
96
96
97
97
98
98
99
99
99
99
99
99
99
99
100
100
100
100
100
100
101
101
101
102
102
102
103
103
103
104
104
105
105
105
105
106
106
106
107
107
107
108
108
108
109
109
109
110
110
110
110
111
111
111
111
112
112
112
112
113
113
113
113
113
114
114
114
114
114
114
114
115
115
115
115
116
116
116
117
117
117
117
118
118
118
118
119
119
119
119
120
120
120
121
122
122
122
123
123
123
123
124
126
127
127
127
127
128
129
129
130
130
131
132
132
132
132
132
132
133
133
133
134
134
135
135
135
135
136
136
137
137
138
138
138
139
139
140
140
141
141
142
142
143
143
143
145
145
146
146
146
147
147
147
148
148
148
149
150
150
151
151
151
151
152
152
152
152
153
153
153
153
153
153
155
155
155
156
157
157
158
158
158
158
159
159
159
159
159
160
160
160
161
161
162
163
163
163
164
164
167
167
168
168
169
169
170
170
170
171
171
171
172
172
172
174
174
174
174
175
176
177
178
180
180
180
182
183
184
185
185
186
187
187
187
187
187
187
188
188
190
190
191
192
193
193
193
193
195
195
195
196
196
196
197
197
198
198
200
200
201
202
203
203
203
203
203
204
204
205
205
207
207
208
208
209
209
210
211
212
212
212
213
213
213
214
215
215
216
216
217
217
217
217
217
218
218
219
219
221
221
223
223
223
225
226
226
227
227
228
229
229
229
229
230
230
234
236
237
237
238
239
240
240
240
241
242
243
244
246
246
247
248
249
249
250
253
253
253
253
254
254
257
258
259
259
259
261
262
262
265
266
267
267
268
268
269
270
271
272
274
277
277
280
289
297
297
297
298
299
300
302
302
302
303
305
307
308
309
311
312
313
314
315
316
317
318
318
318
318
319
323
327
328
334
337
339
340
341
342
348
349
352
364
365
366
368
380
382
401
401
402
402
404
404
405
405
407
409
416
420
421
421
422
423
424
425
427
427
428
431
431
433
434
435
437
438
438
438
438
440
442
445
445
446
446
448
449
456
456
456
456
456
457
459
461
463
463
464
467
470
472
472
475
476
477
481
483
483
486
490
491
492
497
498
499
499
499
500
503
506
507
513
514
515
540
543
543
546
546
548
550
551
552
552
554
559
565
566
567
568
570
573
576
576
577
577
577
578
582
586
588
588
589
589
589
590
591
591
593
594
596
599
603
605
611
612
613
614
614
615
615
615
615
616
617
618
618
621
623
624
625
625
629
631
631
634
638
639
639
639
640
644
644
648
648
649
650
651
652
657
657
657
664
664
668
669
669
671
672
672
672
673
674
675
677
678
679
679
679
682
684
684
684
694
695
700
701
702
703
704
709
710
710
712
714
714
714
716
719
722
726
728
728
729
729
731
732
732
736
742
744
744
750
752
757
758
766
776
778
781
783
784
785
788
791
792
793
793
793
793
794
795
795
795
795
796
796
796
797
797
798
800
802
802
804
805
805
805
814
815
816
831
837
842
851
967
968
969
985
1006
1011
1018
1022
1022
1022
1022
1023
1023
1023
1026
1037
1060
1060
1060
1075
1084
1090
1102
1103
1114
1141
1157
1158
1159
1162
1162
1164
1167
1169
1170
1170
1174
1174
1174
1176
1178
1179
1180
1189
1190
1190
1190
1230
1312
1312
1317
1317
1322
1330
1330
1331
1331
1331
1332
1332
1332
1332
1332
1332
1332
1332
1340
1348
1348
1350
1352
1355
1355
1357
1358
1361
1366
1370
1374
1376
1377
1394
1399
1419
1422
1425
1426
1426
1426
1427
1427
1428
1428
1428
1429
1429
1429
1429
1429
1430
1431
1432
1432
1432
1433
1433
1433
1433
1433
1433
1434
1434
1434
1434
1434
1434
1434
1435
1435
1435
1435
1435
1435
1435
1436
1436
1436
1436
1436
1436
1436
1437
1437
1437
1437
1437
1438
1438
1438
1438
1438
1439
1439
1439
1439
1439
1439
1440
1440
1440
1440
1440
1440
1440
1441
1441
1441
1441
1441
1442
1442
1442
1442
1443
1443
1443
1443
1443
1443
1443
1443
1444
1444
1444
1444
1444
1445
1445
1446
1446
1446
1447
1447
1447
1448
1448
1448
1449
1449
1450
1450
1450
1450
1451
1451
1452
1452
1452
1452
1453
1453
1453
1453
1453
1454
1454
1454
1454
1454
1455
1455
1455
1455
1455
1455
1456
1456
1456
1456
1456
1456
1456
1457
1457
1457
1457
1457
1457
1457
1459
1461
1461
1461
1462
1462
1462
1463
1464
1465
1465
1465
1465
1465
1466
1466
1466
1467
1468
1468
1469
1469
1469
1470
1470
1470
1470
1470
1471
1471
1472
1473
1473
1473
1473
1474
1474
1475
1475
1475
1476
1477
1477
1477
1477
1477
1477
1478
1478
1479
1479
1479
1480
1480
1481
1481
1482
1482
1482
1482
1482
1482
1483
1483
1483
1483
1484
1484
1485
1485
1486
1486
1486
1486
1486
1486
1488
1490
1490
1491
1491
1492
1492
1493
1494
1495
1496
1496
1496
1496
1497
1497
1497
1499
1500
1501
1502
1502
1503
1504
1504
1506
1508
1509
1509
1510
1514
1514
1515
1516
1518
1518
1518
1519
1519
1520
1520
1520
1520
1520
1521
1521
1523
1524
1524
1525
1526
1530
1530
1532
1532
1532
1533
1533
1533
1533
1534
1535
1537
1537
1537
1537
1538
1538
1539
1540
1542
1543
1546
1547
1548
1550
1550
1550
1554
1555
1557
1558
1558
1559
1560
1561
1562
1562
1566
1566
1567
1568
1568
1568
1568
1568
1570
1570
1571
1571
1571
1571
1571
1571
1572
1573
1574
1574
1575
1578
1578
1579
1579
1580
1580
1580
1580
1581
1582
1583
1584
1586
1588
1588
1589
1590
1590
1590
1591
1591
1592
1593
1594
1595
1595
1595
1595
1596
1597
1597
1598
1599
1599
1601
1601
1601
1602
1602
1603
1604
1605
1606
1607
1609
1612
1612
1615
1616
1617
1618
1618
1620
1625
1631
1632
1636
1636
1637
1637
1639
1642
1644
1645
1646
1646
1647
1647
1647
1648
1648
1648
1649
1649
1649
1650
1651
1651
1651
1652
1653
1653
1654
1654
1655
1655
1655
1655
1656
1656
1657
1658
1658
1659
1659
1660
1661
1661
1662
1662
1663
1664
1664
1665
1665
1665
1667
1668
1669
1669
1669
1670
1671
1672
1673
1673
1673
1677
1677
1686
1689
1690
1690
1691
1691
1692
1692
1694
1694
1694
1695
1695
1695
1696
1696
1697
1699
1699
1699
1700
1701
1702
1702
1705
1706
1708
1708
1711
1711
1712
1713
1714
1715
1716
1718
1720
1720
1722
1723
1724
1724
1725
1726
1726
1728
1732
1732
1733
1737
1738
1738
1741
1744
1745
1745
1745
1745
1746
1748
1749
1749
1749
1749
1749
1752
1752
1754
1756
1756
1757
1758
1758
1759
1759
1759
1760
1760
1762
1763
1763
1764
1764
1764
1764
1766
1766
1767
1768
1768
1771
1774
1776
1777
1777
1778
1779
1784
1785
1786
1787
1788
1789
1789
1790
1790
1791
1792
1792
1794
1795
1806
1808
1809
1810
1812
1814
1815
1815
1815
1815
1815
1815
1816
1817
1818
1843
1849
1859
1862
1873
1879
1879
1880
1885
1889
1890
1900
1900
1916
1937
1939
1940
1941
1948
1948
1954
2011
2019
2019
2025
2028
2028
2036
2041
2059
2060
2060
2063
2070
2070
2073
2074
2074
2075
2075
2076
2076
2077
2078
2099
2101
2102
2104
2105
2106
2107
2109
2133
2138
2141
2169
2170
2173
2178
2179
2180
2183
2185
2215
2217
2218
2221
2222
2222
2222
2223
2226
2229
2230
2233
2242
2242
2262
2264
2278
2284
2285
2286
2287
2295
2325
2330
2337
2342
2346
2348
2349
2351
2384
2387
2388
2414
2432
2443
2447
2456
2474
2474
2474
2475
2475
2482
2482
2485
2490
2590
2603
2637
2660
2665
2709
2711
2714
2714
2716
2758
2774
2782
2822
2828
2830
2831
2835
2849
2853
2861
2863
2864
2865
2866
2867
2869
2870
2881
2882
2888
2888
2901
2902
2909
2909
2912
2917
2918
2918
2918
2919
2919
2919
2919
2919
2920
2921
2922
2932
2933
2949
2973
2976
2978
2978
2980
2980
2982
2984
2991
2993
2998
2999
3000
3000
3000
3012
3023
3027
3028
3029
3030
3052
3071
3076
3087
3096
3100
3100
3101
3105
3108
3113
3114
3114
3117
3118
3118
3119
3119
3120
3120
3121
3121
3124
3126
3129
3131
3131
3137
3138
3140
3144
3146
3146
3147
3149
3150
3154
3161
3162
3163
3165
3165
3171
3171
3175
3175
3175
3175
3176
3177
3181
3183
3183
3188
3190
3191
3192
3192
3193
3195
3199
3202
3202
3202
3207
3210
3211
3211
3218
3222
3231
3231
3246
3252
3254
3254
3258
3263
3264
3266
3267
3268
3270
3270
3271
3274
3277
3277
3280
3282
3288
3300
3305
3310
3323
3324
3334
3354
3357
3397
3397
3408
3415
3418
3419
3443
3452
3452
3455
3459
3460
3698
3698
3727
3727
3743
3747
3777
3778
3778
3779
3780
3811
3823
3824
3825
3827
3835
3835
3835
3846
3846
3859
3859
3863
3865
3865
3908
3919
3924
3927
3970
3972
3976
3979
3981
3987
4008
4010
4015
4047
4047
4047
4047
4066
4071
4075
4075
4076
4080
4086
4172
4215
4216
4217
4220
4220
4246
4263
4264
4354
4358
4408
4418
4485
4485
4509
4525
4527
4538
4545
4551
4552
4552
4552
4557
4557
4558
4559
4560
4562
4574
4577
4579
4580
4584
4586
4588
4588
4591
4630
4630
4631
4657
4663
4663
4671
4682
4683
4686
4696
4699
4700
4706
4711
4712
4712
4713
4714
4719
4719
4721
4721
4722
4723
4728
4730
4730
4730
4731
4732
4734
4845
4858
4895
4897
4924
4935
4937
5143
5143
5146
5151
5151
5151
5156
5157
5158
5159
5194
5199
5205
5206
5206
5207
5208
5213
5217
5219
5232
5237
5237
5237
5267
5269
5279
5279
5280
5280
5281
5284
5284
5301
5304
5310
5334
5354
5355
5448
5449
5515
5601
5617
5636
5640
5641
5644
5646
5649
5706
5711
5711
5765
5824
5872
5893
5898
5902
5940
5951
5957
5958
5958
5958
5959
5974
5979
5984
5984
5984
6020
6027
6029
6034
6035
6037
6040
6041
6045
6046
6047
6089
6153
6159
6181
6181
6183
6185
6191
6193
6196
6198
6202
6204
6204
6205
6207
6215
6219
6230
6230
6231
6232
6237
6243
6254
6256
6258
6266
6267
6274
6278
6285
6288
6290
6290
6310
6333
6340
6345
6354
6359
6361
6364
6364
6364
6366
6370
6372
6374
6556
6556
6578
6588
6771
6772
6777
6782
6839
6841
6841
6842
6865
6866
6923
6926
6926
6926
6927
6929
6935
6950
6952
7023
7107
7117
7119
7123
7208
7213
7215
7217
7218
7222
7230
7231
7233
7255
7256
7256
7392
7405
7410
7412
7426
7427
7428
7542
7605
7605
7606
7606
7607
7608
7609
7609
7610
7612
7613
7613
7633
7634
7635
7645
7648
7651
7664
7669
7673
7676
7681
7681
7690
7691
7691
7694
7695
7695
7703
7709
7720
7721
7722
7723
7732
7738
7743
7743
7744
7752
7763
7782
7831
7833
7835
7991
8030
8036
8048
8061
8098
8104
8113
8114
8115
8117
8120
8121
8127
8127
8127
8128
8129
8131
8152
8158
8161
8164
8165
8166
8172
8177
8178
8202
8203
8204
8296
8296
8349
8600
8609
8621
8625
8626
8630
8636
8637
8656
8656
8657
8660
8680
8729
8742
8745
8745
8749
8749
8752
8808
8819
8822
8824
8843
8847
8849
8851
8859
