1
3
5
6
6
6
7
7
7
7
8
8
8
8
8
8
8
8
8
8
9
9
9
9
9
9
9
9
10
10
10
10
10
11
11
11
12
12
12
17
17
17
17
17
17
18
19
20
20
21
21
22
22
23
23
23
23
24
24
24
24
26
26
27
27
30
31
31
31
31
32
32
32
33
33
33
33
34
34
35
35
35
36
36
36
38
38
38
39
39
39
40
40
41
41
42
43
43
43
43
45
45
46
46
46
47
48
48
49
49
49
49
50
50
50
50
50
51
52
52
52
53
54
54
55
55
55
56
56
57
57
57
57
58
58
58
59
59
60
61
61
61
62
62
62
62
62
63
63
63
63
64
64
65
65
65
65
66
66
67
68
69
71
71
71
71
72
73
75
75
76
77
77
80
81
82
82
82
83
83
83
86
86
88
88
88
89
89
89
89
90
91
91
92
92
92
93
96
99
100
100
100
101
101
102
102
103
103
103
103
103
103
104
104
104
104
105
105
105
107
107
107
108
109
109
110
110
110
111
111
112
112
113
113
114
117
119
120
120
121
121
122
122
122
122
123
124
125
126
126
127
128
129
129
129
129
129
130
130
130
130
130
131
131
131
132
133
133
134
135
135
135
135
135
136
136
136
137
138
138
138
138
138
138
139
139
139
139
139
139
140
141
141
141
141
141
141
141
141
142
142
142
142
142
143
143
143
143
144
145
145
145
146
147
147
148
148
148
149
149
150
150
150
151
151
153
153
153
153
154
154
154
154
154
154
157
157
157
158
158
159
159
159
159
160
160
160
160
160
160
160
161
161
161
161
162
162
162
163
164
164
165
166
167
167
167
168
168
169
169
169
170
170
171
171
172
172
173
173
173
174
174
175
175
176
176
178
178
178
178
179
180
182
182
182
183
183
185
185
185
187
187
188
188
188
188
190
190
191
191
193
193
193
195
195
195
195
198
199
199
199
202
203
205
205
206
206
206
208
210
210
210
210
211
212
213
214
215
216
216
217
217
217
217
219
220
223
224
228
228
230
230
232
233
234
235
247
250
251
252
257
258
392
393
396
397
398
399
399
405
405
406
407
408
410
410
410
410
411
411
413
414
418
419
424
425
426
428
432
433
434
435
437
438
440
442
443
444
444
444
444
449
449
450
450
454
454
458
459
460
464
464
466
467
474
475
477
482
484
485
487
489
489
491
491
491
492
493
493
494
494
494
495
495
495
497
497
499
499
500
504
506
506
512
513
513
515
515
515
516
516
516
516
517
517
517
517
518
519
519
521
526
526
536
537
538
540
540
543
555
557
560
562
562
563
563
563
563
564
565
565
565
566
570
570
570
575
575
577
579
581
584
585
590
593
593
605
606
616
662
664
669
675
675
675
712
713
718
719
725
791
798
805
813
825
826
829
832
837
838
841
841
846
848
856
861
866
875
890
892
892
893
896
910
928
930
940
941
946
947
947
947
951
953
954
954
954
956
957
961
961
963
966
967
969
973
977
986
987
988
989
993
1007
1007
1008
1009
1009
1022
1023
1024
1046
1056
1125
1128
1128
1129
1132
1132
1138
1145
1150
1151
1153
1155
1156
1158
1161
1162
1162
1162
1166
1173
1178
1179
1180
1183
1183
1188
1190
1190
1190
1190
1190
1191
1191
1191
1192
1192
1195
1202
1202
1203
1203
1204
1205
1205
1205
1205
1205
1206
1206
1206
1206
1206
1207
1207
1207
1207
1209
1209
1209
1210
1210
1211
1214
1216
1218
1220
1220
1221
1221
1226
1227
1229
1229
1229
1230
1232
1235
1240
1241
1241
1241
1242
1243
1245
1250
1252
1256
1258
1258
1262
1269
1288
1291
1292
1292
1301
1302
1304
1305
1305
1307
1308
1308
1309
1309
1310
1317
1320
1331
1338
1338
1344
1432
1433
1438
1447
1451
1458
1459
1467
1471
1471
1472
1476
1476
1477
1480
1480
1481
1483
1484
1485
1486
1487
1488
1489
1490
1490
1491
1493
1494
1495
1495
1496
1496
1496
1497
1498
1498
1498
1498
1499
1499
1500
1500
1500
1501
1501
1502
1502
1502
1502
1503
1504
1504
1506
1507
1507
1507
1508
1508
1509
1510
1511
1512
1512
1513
1514
1515
1516
1516
1517
1517
1518
1518
1519
1520
1520
1520
1523
1525
1526
1528
1528
1528
1529
1529
1529
1529
1529
1529
1530
1530
1530
1531
1532
1536
1536
1536
1537
1538
1538
1538
1538
1538
1540
1541
1542
1543
1543
1544
1544
1550
1551
1559
1559
1561
1561
1562
1564
1564
1566
1567
1567
1570
1571
1571
1571
1572
1572
1572
1572
1574
1584
1584
1588
1588
1591
1596
1597
1597
1598
1601
1603
1604
1605
1608
1609
1610
1611
1612
1613
1613
1615
1618
1619
1620
1620
1624
1625
1628
1628
1629
1629
1631
1637
1637
1638
1638
1638
1641
1641
1641
1644
1650
1650
1651
1652
1653
1654
1655
1655
1658
1659
1661
1662
1662
1662
1662
1665
1665
1666
1666
1667
1669
1670
1670
1670
1670
1671
1671
1671
1671
1671
1671
1673
1675
1677
1680
1687
1688
1689
1690
1692
1692
1692
1692
1692
1693
1693
1693
1695
1695
1696
1696
1696
1697
1698
1698
1698
1698
1700
1701
1710
1711
1711
1712
1721
1721
1726
1729
1832
1835
1842
1862
1862
1864
1877
1877
1878
1888
1889
1890
1892
1893
1894
1895
1895
1897
1897
1904
1905
1906
1906
1911
1912
1921
1921
1924
1925
1925
1927
1929
1930
1930
1930
1930
1931
1938
1944
1953
1953
1972
2053
2054
2082
2121
2124
2129
2129
2132
2132
2133
2133
2153
2154
2155
2162
2238
2243
2248
2248
2256
2257
2260
2262
2262
2276
2277
2277
2282
2282
2288
2289
2289
2291
2295
2297
2304
2306
2306
2306
2306
2308
2308
2309
2309
2310
2311
2311
2311
2312
2313
2315
2317
2317
2317
2325
2327
2328
2335
2346
2347
2348
2349
2351
2356
2357
2361
2364
2364
2366
2366
2369
2369
2369
2370
2371
2373
2374
2374
2375
2375
2375
2376
2376
2376
2380
2398
2402
2404
2407
2408
2413
2414
2418
2418
2418
2418
2419
2422
2422
2422
2426
2426
2426
2427
2427
2427
2427
2428
2430
2430
2430
2430
2431
2440
2440
2440
2442
2443
2444
2455
2459
2461
2467
2470
2471
2471
2472
2473
2473
2474
2475
2476
2479
2480
2483
2484
2490
2494
2498
2503
2509
2510
2513
2518
2536
2538
2538
2561
2563
2574
2575
2601
2616
2617
2627
2629
2630
2631
2634
2634
2648
2650
2659
2660
2661
2662
2663
2665
2669
2671
2672
2725
2744
2744
2745
2749
2761
2767
2767
2789
2790
2802
2814
2820
2821
2827
2827
2831
2838
2839
2847
2847
2848
2850
2850
2855
2855
2858
2859
2860
2860
2861
2861
2864
2867
2868
2873
2873
2874
2874
2874
2874
2874
2878
2879
2879
2879
2880
2883
2884
2885
2887
2888
2889
2889
2889
2890
2890
2890
2891
2891
2895
2900
2905
2918
2933
2933
2933
2935
2935
2936
2936
2936
2936
2937
2937
2938
2938
2938
2939
2941
2951
2959
2960
2960
2960
2960
2960
2965
2967
2970
2970
2970
2971
2971
2974
2974
2975
2976
2976
2976
2976
2976
2976
2977
2977
2978
2979
2980
2980
2981
2981
2982
2982
2984
2985
2989
2990
2991
2994
2996
2998
3004
3008
3008
3015
3019
3019
3019
3019
3020
3021
3021
3022
3022
3023
3024
3025
3025
3025
3026
3026
3027
3027
3029
3030
3030
3030
3030
3030
3031
3031
3032
3033
3033
3034
3034
3034
3035
3036
3036
3037
3038
3039
3042
3043
3044
3045
3050
3052
3052
3054
3054
3057
3059
3059
3059
3060
3064
3065
3065
3067
3067
3068
3068
3069
3072
3072
3073
3075
3076
3077
3079
3079
3079
3079
3080
3080
3082
3082
3085
3086
3094
3094
3094
3095
3099
3100
3100
3103
3105
3105
3108
3110
3112
3113
3113
3114
3115
3115
3116
3118
3120
3120
3123
3124
3125
3127
3128
3129
3133
3135
3136
3136
3136
3138
3139
3140
3140
3140
3140
3141
3142
3142
3144
3147
3148
3155
3156
3161
3162
3171
3174
3176
3180
3191
3193
3197
3205
3205
3207
3207
3209
3211
3212
3217
3218
3220
3222
3222
3223
3229
3234
3236
3238
3238
3243
3243
3244
3245
3245
3245
3245
3245
3246
3249
3250
3251
3251
3253
3255
3257
3259
3270
3272
3278
3284
3285
3286
3286
3287
3291
3291
3291
3292
3292
3292
3292
3294
3295
3295
3297
3307
3308
3309
3317
3320
3320
3333
3348
3348
3349
3354
3356
3359
3369
3371
3373
3373
3384
3385
3390
3390
3390
3391
3391
3391
3391
3392
3392
3393
3393
3397
3398
3403
3403
3405
3405
3406
3409
3410
3410
3410
3411
3411
3411
3411
3412
3412
3412
3412
3413
3413
3415
3421
3423
3431
3431
3438
3438
3440
3440
3454
3454
3455
3457
3458
3458
3459
3475
3479
3484
3485
3487
3490
3491
3493
3498
3499
3502
3502
3503
3504
3507
3527
3533
3541
3553
3554
3557
3562
3563
3563
3563
3564
3565
3566
3576
3580
3581
3593
3597
3600
3605
3610
3616
3616
3622
3625
3641
3682
3697
3697
3698
3703
3706
3715
3716
3716
3717
3717
3717
3722
3725
3725
3727
3735
3736
3736
3736
3736
3737
3737
3737
3738
3746
3755
3757
3757
3769
3780
3781
3798
3836
3837
3838
3838
3839
3846
3869
3869
3871
3875
3888
3890
3890
3895
3895
3898
3898
3906
3926
3926
3926
3926
3933
3933
3942
3943
3944
3945
3948
3975
3975
3975
3977
3987
3997
4002
4057
4074
4077
4077
4113
4135
4155
4158
4158
4159
4159
4160
4160
4161
4161
4162
4189
4201
4203
4204
4208
4212
4218
4224
4228
4231
4231
4240
4241
4242
4245
4246
4267
4269
4275
4275
4276
4278
4279
4282
4283
4287
4288
4293
4294
4297
4297
4301
4303
4304
4305
4306
4306
4307
4308
4309
4309
4310
4310
4311
4312
4313
4313
4314
4315
4318
4322
4322
4324
4325
4326
4328
4331
4332
4333
4334
4334
4334
4334
4338
4339
4340
4346
4350
4391
4544
4545
4547
4561
4570
4599
4602
4603
4604
4608
4617
4631
4635
4642
4644
4645
4645
4646
4647
4661
4665
4666
4673
4679
4681
4689
4693
4694
4697
4700
4704
4705
4706
4706
4707
4709
4709
4711
4711
4711
4714
4715
4715
4716
4716
4716
4718
4718
4718
4719
4722
4722
4722
4724
4727
4727
4729
4732
4732
4733
4733
4735
4737
4738
4739
4739
4740
4749
4750
4750
4750
4752
4752
4753
4761
4774
4776
4777
4778
4778
4793
4796
4812
4820
4828
4856
5013
5048
5054
5060
5062
5071
5072
5074
5075
5080
5081
5082
5091
5096
5100
5105
5110
5111
5114
5116
5116
5117
5123
5124
5126
5126
5128
5130
5133
5140
5141
5141
5144
5144
5147
5150
5150
5150
5151
5151
5151
5155
5195
5196
5239
5291
5291
5301
5423
5428
5432
5439
5441
5443
5475
5483
5486
5491
5493
5495
5497
5497
5497
5499
5500
5501
5504
5505
5505
5509
5509
5511
5516
5519
5522
5522
5524
5529
5529
5533
5534
5535
5536
5538
5539
5540
5543
5546
5547
5548
5550
5550
5550
5551
5551
5552
5555
5556
5559
5559
5560
5563
5570
5570
5571
5577
5587
5587
5592
5602
5603
5603
5603
5604
5604
5618
5620
5622
5634
5655
5710
5714
5738
5740
5743
5764
5764
5765
5788
5865
5865
5868
5869
5870
5871
5873
5873
5879
5880
5882
5884
5884
5886
5890
5895
5897
5897
5899
5918
5926
5998
5999
6165
6166
6182
6183
6183
6199
6245
6246
6250
6268
6270
6270
6270
6274
6276
6278
6279
6279
6280
6281
6281
6281
6282
6285
6287
6288
6288
6289
6291
6291
6291
6291
6293
6294
6295
6295
6296
6296
6299
6299
6299
6301
6302
6303
6307
6308
6309
6311
6314
6314
6316
6316
6316
6317
6318
6319
6320
6320
6321
6322
6323
6328
6331
6333
6337
6341
6341
6342
6343
6353
6359
6363
6365
6366
6371
6376
6376
6378
6383
6524
6528
6531
6531
6542
6544
6556
6572
6579
6581
6581
6582
6587
6587
6588
6589
6589
6592
6593
6595
6597
6598
6598
6603
6604
6604
6606
6607
6611
6615
6616
6617
6618
6621
6623
6624
6625
6625
6629
6629
6630
6630
6637
6637
6638
6639
6642
6643
6644
6644
6645
6645
6645
6646
6648
6651
6652
6653
6653
6654
6656
6662
6665
6668
6669
6676
6676
6677
6680
6684
6685
6686
6687
6689
6690
6693
6693
6694
6695
6697
6699
6703
6703
6710
6714
6714
6717
6722
6724
6732
6736
6739
6739
6741
6742
6743
6745
6748
6749
6754
6757
6758
6760
6760
6763
6764
6765
6766
6770
6772
6776
6780
6781
6783
6787
6794
6797
6799
6823
6896
6899
6952
6957
6971
6978
6979
6982
6990
6992
6995
6996
6997
7002
7008
7010
7013
7014
7017
7017
7022
7025
7027
7029
7034
7034
7034
7036
7037
7037
7038
7038
7038
7041
7041
7044
7044
7045
7047
7050
7052
7055
7056
7060
7061
7061
7062
7062
7066
7067
7067
7073
7074
7075
7077
7078
7079
7084
7088
7090
7095
7099
7103
7113
7114
7116
7118
7118
7122
7123
7128
7135
7138
7141
7143
7144
7144
7144
7145
7147
7149
7152
7153
7158
7180
7180
7181
7191
7202
7218
7313
7318
7333
7336
7343
7349
7350
7357
7357
7381
7393
7393
7394
7398
7398
7399
7402
7405
7410
7413
7414
7418
7423
7424
7424
7425
