1
1
2
4
4
5
6
6
6
6
7
7
7
7
7
7
8
8
8
8
8
8
8
8
8
8
8
9
9
9
9
9
9
9
9
9
9
9
9
9
10
10
10
10
10
10
10
10
10
10
10
10
10
10
10
11
11
11
11
11
11
11
11
11
12
12
12
12
12
12
12
12
12
12
12
12
13
13
13
13
13
13
14
14
14
14
14
15
15
15
15
15
16
16
16
16
16
17
17
18
18
18
18
18
18
18
18
18
19
19
19
19
19
20
20
20
20
20
20
21
21
22
22
22
23
23
23
23
23
23
23
23
24
24
24
24
24
25
25
25
25
26
26
26
27
27
28
28
28
28
28
29
29
29
29
29
30
30
30
30
30
30
30
31
31
31
32
32
32
32
33
33
33
33
33
33
33
34
34
34
34
34
34
34
35
35
35
35
35
35
36
36
36
36
36
36
36
36
37
37
37
37
37
37
37
37
38
38
38
38
38
38
38
39
39
39
39
40
40
40
40
40
40
40
40
40
41
41
42
42
42
42
43
44
44
45
45
45
45
46
46
46
46
46
46
46
46
46
47
47
47
47
47
47
48
48
48
48
48
48
48
48
48
49
49
49
49
49
49
49
49
50
50
50
50
50
50
50
50
50
51
51
51
51
52
52
52
52
52
52
52
52
53
53
53
53
53
53
53
54
54
54
54
54
54
55
55
55
55
55
56
56
56
56
57
57
57
57
57
57
58
58
58
58
58
59
59
59
59
59
60
60
60
60
60
60
60
60
61
61
62
62
62
62
62
62
63
63
63
63
63
63
64
64
64
64
64
65
65
65
66
66
66
66
66
66
66
66
67
67
67
67
67
67
67
67
68
68
68
68
68
69
69
69
69
69
69
69
70
71
72
72
72
73
73
73
73
73
73
74
74
75
75
75
75
75
75
75
75
76
76
76
76
77
77
77
77
77
77
78
79
79
79
79
79
79
79
79
80
80
80
81
81
81
81
82
82
82
82
82
83
83
83
83
83
84
84
84
84
84
85
85
85
85
85
85
85
85
85
86
86
86
86
86
86
86
86
86
86
87
87
87
87
87
87
87
87
87
87
87
88
88
88
89
89
89
90
90
90
90
90
90
91
92
92
93
93
93
93
93
94
94
95
95
95
95
95
96
96
96
96
96
96
97
97
97
97
97
98
98
98
98
98
98
98
98
98
98
99
99
100
100
100
100
101
101
101
101
101
101
102
102
102
102
102
102
102
102
102
102
103
103
104
104
104
104
105
105
106
106
106
107
107
107
107
107
108
108
108
108
109
109
109
109
109
110
110
110
110
111
112
112
112
112
112
112
113
113
113
114
114
114
114
114
114
114
114
114
115
115
115
115
115
116
116
116
116
116
116
116
117
117
117
117
118
118
118
118
118
119
119
119
119
120
120
120
120
120
120
120
121
121
121
121
121
121
121
121
121
122
122
122
122
122
122
123
124
124
124
124
124
124
124
124
124
124
124
125
125
125
126
126
126
126
126
127
127
127
127
128
128
129
129
129
129
130
130
130
130
130
131
131
131
131
131
131
131
131
132
132
132
132
132
133
133
133
134
134
135
136
136
136
136
136
137
137
137
137
138
138
138
138
139
139
139
139
140
140
141
141
141
141
141
141
142
142
142
142
142
143
143
143
143
143
144
144
145
145
145
145
145
146
146
146
146
146
146
147
147
147
147
147
148
148
148
148
148
149
149
149
149
149
149
149
149
149
149
149
149
149
149
149
150
150
150
150
150
151
151
151
151
151
151
151
152
152
152
152
153
153
153
153
154
154
154
154
154
154
154
155
155
155
155
155
155
155
155
155
156
156
156
156
156
157
157
158
158
158
158
159
159
159
159
159
160
160
160
160
161
161
161
161
162
162
162
162
162
162
163
163
163
164
164
164
164
165
165
165
165
165
165
166
166
166
167
168
168
168
169
169
169
170
170
170
171
171
171
171
171
171
171
172
173
173
173
173
173
174
174
174
175
175
176
176
176
176
177
177
177
177
178
178
178
178
178
179
179
179
179
179
179
180
180
180
180
180
180
180
180
180
181
181
181
181
181
181
181
181
183
183
183
183
183
183
183
183
184
184
184
184
184
184
184
184
184
185
185
185
185
185
185
185
186
186
186
186
186
186
187
187
187
187
187
187
187
187
187
188
188
188
188
188
189
189
189
189
189
189
189
189
189
189
190
190
190
191
191
192
192
192
193
193
193
194
194
194
194
194
194
195
195
196
196
196
196
196
196
196
197
197
197
197
197
197
198
198
198
198
198
198
198
198
198
198
198
198
199
199
199
199
199
199
199
199
200
200
200
200
200
201
201
201
201
201
201
201
202
202
202
202
202
202
203
203
203
203
203
203
204
204
204
204
204
204
204
204
205
205
205
205
205
205
205
205
205
206
206
206
206
206
206
206
206
207
207
207
207
207
207
207
207
208
208
208
209
209
209
209
209
210
210
210
210
210
210
211
211
211
211
211
211
211
211
212
212
212
212
212
212
212
213
213
213
213
213
214
214
214
214
214
214
214
214
215
215
215
215
215
215
215
216
216
216
216
216
216
216
216
216
216
216
216
217
217
217
217
217
217
218
218
218
218
218
218
218
218
218
218
218
218
218
218
219
219
219
219
219
219
219
219
219
219
219
219
219
220
220
220
220
220
220
221
221
221
221
221
222
222
222
222
222
222
223
223
223
223
223
224
224
224
225
225
225
225
225
226
226
226
226
227
227
227
227
228
228
228
228
228
228
228
229
229
229
229
229
229
229
229
230
230
231
231
231
231
232
232
232
232
233
233
233
233
233
233
234
234
234
234
234
234
234
234
235
235
235
235
235
235
235
235
235
236
236
236
236
236
236
236
237
237
237
237
237
237
238
238
238
238
238
238
238
238
239
239
239
239
240
240
240
241
241
241
241
241
241
242
242
242
242
242
242
242
242
242
242
243
243
243
243
244
244
244
244
244
244
245
245
245
245
245
245
245
246
246
246
246
247
247
247
248
248
248
248
248
248
248
248
248
248
248
248
249
249
249
249
249
250
250
250
250
250
250
250
251
251
252
252
252
252
252
252
252
253
253
253
254
254
256
256
256
256
256
256
256
256
257
257
257
258
258
258
258
258
258
259
260
260
260
260
260
262
262
262
262
262
262
263
263
264
264
264
264
264
265
265
265
265
265
265
266
266
266
266
266
266
266
267
267
267
267
267
267
268
268
268
268
269
269
269
269
270
270
270
270
270
271
271
271
271
272
272
272
272
272
272
272
272
273
273
273
273
273
273
273
274
274
275
275
276
276
276
276
276
276
277
278
278
278
279
280
280
280
280
281
281
281
282
282
282
282
283
283
283
283
283
283
283
283
284
284
284
284
284
284
284
284
284
285
285
285
285
285
285
285
285
287
287
287
287
288
288
288
288
289
289
289
289
290
291
291
292
292
292
293
294
294
294
294
295
295
296
296
296
296
296
297
297
298
298
298
300
301
301
302
302
302
302
303
303
303
309
310
310
310
310
311
312
312
314
316
316
317
318
319
319
319
322
322
322
325
325
327
328
329
330
331
332
332
332
336
337
340
340
341
343
343
343
345
346
346
351
351
352
353
359
360
360
360
361
361
361
361
362
363
364
364
364
364
364
364
365
365
365
365
365
365
366
367
369
369
369
370
370
370
374
376
379
382
386
392
392
407
410
410
412
415
420
430
432
444
444
459
461
463
464
468
472
478
481
481
482
482
482
488
498
499
504
509
513
514
514
523
525
525
528
530
534
536
539
541
541
542
543
545
548
550
551
553
557
557
562
562
564
565
566
567
575
576
576
577
581
581
582
582
584
594
595
602
614
614
615
615
628
629
629
629
630
630
632
632
633
633
633
633
644
645
645
645
650
651
651
652
652
653
653
653
654
655
657
665
666
666
666
667
667
667
668
669
669
671
678
693
696
696
698
698
698
698
698
700
701
702
702
705
712
712
713
714
716
719
721
722
722
726
727
729
734
736
737
737
737
741
741
743
746
747
749
749
752
752
764
765
766
769
772
776
782
786
791
844
847
849
885
921
923
949
964
966
979
983
991
994
1040
1048
1053
1058
1058
1097
1099
1144
1145
1153
1167
1171
1267
1269
1351
1429
1430
1431
1431
1433
1435
1437
1437
1439
1440
1441
1441
1442
1442
1444
1444
1444
1444
1445
1445
1446
1447
1447
1451
1452
1458
1459
1461
1461
1461
1463
1467
1469
1470
1470
1473
1473
1474
1474
1474
1479
1480
1480
1487
1490
1493
1493
1494
1494
1495
1497
1497
1513
1517
1517
1517
1517
1518
1518
1519
1524
1524
1524
1524
1524
1527
1527
1537
1537
1537
1540
1543
1545
1547
1547
1549
1549
1552
1553
1553
1555
1555
1555
1557
1560
1562
1563
1564
1568
1569
1573
1575
1575
1576
1577
1578
1578
1579
1582
1583
1584
1584
1584
1585
1586
1586
1587
1591
1592
1593
1593
1596
1601
1605
1609
1616
1621
1621
1621
1622
1622
1623
1623
1623
1623
1623
1623
1623
1624
1624
1624
1624
1624
1626
1626
1626
1627
1627
1629
1629
1630
1630
1632
1633
1637
1639
1641
1643
1643
1645
1647
1649
1650
1650
1650
1650
1653
1654
1655
1656
1659
1659
1659
1660
1660
1660
1661
1661
1662
1662
1663
1663
1663
1663
1666
1666
1668
1670
1671
1672
1672
1672
1674
1675
1676
1677
1677
1677
1678
1678
1678
1679
1688
1689
1691
1693
1698
1704
1704
1704
1705
1705
1709
1709
1710
1710
1710
1711
1713
1715
1717
1724
1724
1724
1725
1725
1728
1733
1734
1738
1738
1743
1746
1747
1749
1750
1750
1755
1760
1762
1841
1852
1876
1877
1877
1878
1906
2105
2148
2153
2154
2294
2294
2310
2470
2470
2496
2546
2782
2815
2837
2847
2890
2988
2997
3002
3004
3008
3011
3030
3084
3118
3127
3130
3130
3134
3135
3136
3136
3138
3138
3143
3150
3155
3155
3156
3157
3160
3161
3164
3164
3169
3169
3169
3170
3173
3176
3177
3177
3178
3179
3184
3184
3185
3185
3193
3194
3194
3196
3198
3200
3203
3203
3204
3205
3208
3209
3209
3209
3210
3212
3212
3217
3219
3219
3224
3225
3227
3232
3232
3235
3246
3246
3247
3247
3247
3248
3249
3250
3250
3252
3253
3257
3265
3265
3266
3267
3271
3273
3276
3276
3285
3285
3297
3298
3300
3301
3301
3304
3309
3310
3314
3316
3316
3317
3318
3322
3324
3328
3334
3336
3336
3349
3349
3351
3353
3354
3355
3355
3361
3363
3369
3397
3421
3427
3432
3436
3439
3453
3454
3455
3459
3465
3466
3468
3468
3469
3548
3548
3586
3865
3936
3980
3985
4075
4096
4136
4140
4143
4176
4180
4183
4290
4294
4322
4373
4480
4485
4486
4514
4527
4610
4616
4619
4625
4629
4630
4638
4639
4641
4641
4641
4644
4648
4652
4653
4655
4662
4664
4672
4673
4675
4679
4682
4684
4695
4700
4708
4710
4722
4723
4739
4763
4768
4790
4836
4846
4860
4863
4868
4871
4873
4882
4888
4912
4915
4918
4926
4926
4944
4947
4947
4948
4961
4962
4965
4970
5212
5213
5462
5462
5464
5465
5465
5496
5767
5768
5816
5819
6072
6129
6130
6144
6150
6155
6158
6158
6168
6178
6183
6191
6191
6192
6194
6215
6217
6218
6222
6222
6223
6243
6261
6268
6268
6270
6270
6271
6276
6279
6283
6283
6298
6298
6299
6303
6303
6310
6311
6317
6317
6318
6320
6320
6322
6336
6336
6337
6342
6346
6347
6351
6353
6366
6382
6385
6385
6397
6402
6405
6414
6428
6428
6429
