1
2
2
6
6
6
7
7
7
8
8
8
8
8
8
8
9
9
9
9
9
9
9
9
9
9
10
10
10
10
10
10
10
10
10
11
11
11
11
11
11
11
11
11
11
11
11
11
12
12
12
12
12
12
12
12
12
13
13
13
13
13
13
14
14
14
14
15
15
16
17
17
18
18
19
19
19
20
20
20
20
20
20
20
21
21
21
21
21
22
22
22
22
22
22
22
22
22
23
23
23
24
24
25
25
25
25
25
25
26
27
27
28
28
30
30
30
30
30
30
31
32
33
34
34
34
35
35
36
36
36
36
37
37
37
37
37
37
38
38
38
38
40
40
40
42
42
42
42
43
43
43
44
44
45
45
45
45
46
46
46
47
47
47
47
47
48
48
49
50
50
51
52
52
52
53
53
54
54
54
55
55
56
56
56
56
57
57
57
57
57
58
58
59
59
59
59
59
60
60
60
60
60
61
61
61
61
63
63
64
64
65
65
66
66
67
67
67
67
67
67
67
67
68
68
68
69
69
69
70
70
70
70
70
70
71
71
71
71
71
72
72
72
72
73
74
74
74
76
76
77
77
78
78
78
78
78
78
79
79
79
79
79
80
82
82
82
83
84
85
85
86
86
87
87
88
89
90
90
91
92
92
92
92
92
93
93
94
94
94
94
94
95
95
96
96
96
96
97
98
99
99
100
101
101
102
102
102
103
104
105
106
106
106
107
107
107
109
109
109
109
109
110
110
111
111
111
112
112
113
113
113
113
114
115
115
116
116
117
117
117
117
118
119
119
120
121
122
122
123
124
124
125
126
127
127
127
128
128
128
129
129
129
129
129
131
132
132
133
134
135
135
135
135
138
138
138
138
139
139
140
140
140
141
141
141
141
141
143
144
147
147
149
150
150
150
151
152
153
153
153
153
154
154
154
155
157
157
158
158
158
158
159
159
161
161
162
162
162
163
163
163
164
164
164
164
164
164
165
165
166
166
166
166
166
166
167
168
168
169
169
169
169
169
171
171
172
172
173
173
173
173
174
174
174
174
174
174
174
174
175
175
175
175
175
176
176
176
176
177
177
178
178
178
178
178
178
179
179
179
179
179
179
180
180
180
180
180
181
181
181
181
181
182
182
182
183
183
183
183
183
183
184
184
184
184
184
184
184
185
185
185
185
185
185
185
185
186
186
186
186
186
186
187
187
187
187
187
188
188
188
189
189
189
189
190
190
190
191
191
192
193
193
193
193
193
193
194
195
195
195
196
196
196
196
198
198
198
198
198
199
199
199
199
200
200
201
201
201
201
201
201
201
202
203
204
204
205
205
205
205
206
206
206
207
207
207
209
209
209
210
210
211
211
211
213
213
214
214
214
215
216
216
216
216
217
217
217
217
217
217
217
217
217
218
218
218
218
218
219
219
219
219
219
220
220
220
220
221
221
221
221
221
222
222
222
223
223
223
223
224
224
225
226
226
226
227
227
228
228
228
229
229
229
229
230
230
231
231
231
232
232
232
232
232
233
233
234
235
235
236
238
238
238
238
239
239
239
240
240
240
241
241
241
242
242
242
242
243
244
244
245
245
247
247
248
248
248
248
250
253
257
258
259
261
261
261
261
262
262
264
264
264
264
269
270
272
272
272
275
276
276
277
277
277
278
279
280
282
290
295
295
297
297
298
300
302
303
305
305
306
307
307
309
310
310
310
315
317
319
320
322
325
325
325
328
331
340
350
351
352
354
356
359
360
360
360
361
364
370
371
376
376
376
377
379
382
382
382
383
385
385
385
386
387
388
389
389
392
393
395
395
395
400
400
402
406
406
407
407
408
408
409
410
410
411
412
417
417
417
418
419
419
420
420
420
420
421
421
421
421
422
423
424
424
425
425
428
429
432
434
435
436
437
437
439
439
439
440
440
441
441
441
441
443
445
446
446
447
447
448
448
450
451
454
455
459
461
461
462
463
463
468
469
471
474
475
475
476
479
484
485
490
490
493
494
494
498
501
507
508
508
510
511
512
518
518
519
520
521
528
528
528
528
535
538
546
547
567
570
586
589
590
592
595
598
598
599
599
600
603
607
612
615
615
620
621
623
635
638
640
641
643
643
645
651
652
656
658
664
668
668
675
676
676
679
679
681
685
687
689
691
693
693
693
695
695
696
697
697
697
698
699
699
699
700
701
702
702
706
707
707
708
709
710
710
711
713
716
718
720
722
723
724
724
725
726
726
726
727
727
727
727
728
728
729
729
729
730
731
731
731
732
732
732
732
733
733
737
737
739
749
749
751
757
759
759
759
760
761
769
775
868
868
869
876
878
885
885
886
886
893
898
898
899
901
901
905
905
906
906
906
907
909
911
911
912
913
914
914
914
914
915
917
919
921
929
931
931
946
948
951
951
952
959
962
966
970
972
978
980
982
983
988
988
992
992
992
998
1007
1009
1014
1017
1017
1024
1028
1030
1031
1047
1049
1050
1051
1054
1058
1059
1059
1059
1059
1059
1060
1060
1060
1064
1066
1066
1068
1068
1068
1069
1069
1070
1070
1070
1070
1072
1072
1073
1075
1075
1082
1084
1085
1086
1088
1092
1092
1093
1094
1100
1102
1103
1103
1103
1104
1105
1105
1105
1105
1107
1108
1108
1108
1109
1113
1115
1117
1119
1120
1123
1124
1132
1132
1135
1137
1144
1145
1148
1149
1149
1150
1151
1153
1155
1177
1181
1188
1193
1195
1197
1200
1200
1201
1207
1207
1208
1210
1211
1214
1218
1219
1220
1220
1221
1228
1229
1230
1230
1230
1232
1233
1236
1237
1239
1242
1243
1243
1248
1251
1254
1261
1263
1263
1264
1269
1269
1270
1270
1270
1271
1271
1271
1271
1272
1272
1273
1273
1273
1274
1274
1274
1274
1274
1275
1275
1275
1276
1277
1277
1283
1292
1293
1294
1295
1295
1299
1300
1302
1303
1303
1305
1306
1306
1306
1307
1307
1309
1316
1317
1320
1320
1325
1328
1333
1335
1336
1345
1345
1345
1346
1347
1347
1352
1354
1369
1372
1381
1381
1383
1383
1383
1385
1385
1389
1392
1401
1401
1402
1402
1402
1406
1406
1414
1415
1416
1420
1424
1425
1427
1427
1428
1428
1429
1429
1429
1430
1430
1433
1435
1436
1436
1437
1439
1439
1441
1441
1443
1444
1445
1446
1446
1446
1446
1448
1449
1450
1450
1451
1455
1455
1455
1456
1460
1464
1465
1468
1472
1476
1477
1479
1479
1479
1482
1483
1483
1483
1484
1484
1484
1485
1485
1487
1488
1488
1490
1490
1493
1493
1494
1494
1495
1496
1497
1498
1500
1501
1502
1502
1502
1504
1504
1505
1505
1506
1508
1509
1510
1510
1510
1511
1513
1514
1515
1515
1515
1516
1516
1519
1521
1524
1524
1524
1525
1525
1525
1526
1530
1531
1531
1531
1531
1532
1532
1532
1533
1533
1543
1543
1543
1544
1544
1547
1547
1553
1554
1554
1555
1559
1562
1563
1565
1568
1569
1569
1571
1572
1573
1575
1576
1576
1578
1579
1583
1584
1584
1586
1588
1589
1590
1595
1598
1602
1602
1603
1604
1605
1606
1606
1607
1607
1607
1607
1608
1609
1609
1609
1609
1609
1610
1610
1610
1610
1610
1611
1611
1611
1611
1615
1616
1619
1620
1620
1621
1622
1623
1627
1628
1630
1631
1632
1632
1633
1633
1633
1634
1635
1635
1638
1639
1640
1640
1641
1643
1649
1650
1650
1652
1652
1652
1653
1654
1654
1656
1659
1669
1670
1675
1677
1679
1680
1681
1683
1683
1686
1706
1707
1715
1727
1728
1736
1743
1745
1747
1747
1750
1752
1752
1752
1752
1753
1754
1755
1759
1759
1759
1760
1760
1761
1761
1761
1761
1761
1762
1763
1767
1767
1767
1767
1768
1768
1768
1770
1772
1774
1776
1777
1777
1778
1778
1779
1779
1779
1780
1783
1784
1784
1787
1788
1789
1789
1790
1791
1792
1793
1793
1794
1798
1798
1798
1798
1803
1804
1804
1805
1805
1806
1806
1807
1807
1808
1808
1810
1810
1812
1812
1812
1813
1813
1813
1814
1814
1816
1820
1820
1821
1823
1827
1830
1830
1831
1833
1834
1834
1834
1840
1840
1844
1846
1846
1847
1850
1851
1851
1854
1854
1854
1854
1855
1855
1856
1856
1856
1856
1856
1856
1857
1857
1857
1858
1858
1858
1858
1859
1860
1860
1862
1862
1862
1863
1863
1864
1867
1867
1868
1869
1871
1875
1876
1878
1878
1879
1879
1879
1879
1879
1880
1880
1881
1882
1883
1883
1883
1883
1883
1884
1884
1885
1885
1885
1885
1885
1885
1887
1887
1887
1887
1888
1888
1888
1888
1889
1890
1891
1893
1894
1894
1894
1895
1896
1896
1897
1898
1898
1898
1899
1899
1899
1900
1902
1902
1902
1902
1904
1906
1907
1913
1913
1914
1915
1916
1916
1919
1919
1920
1920
1921
1921
1921
1922
1923
1924
1925
1925
1925
1926
1927
1927
1927
1927
1927
1928
1929
1931
1932
1932
1933
1939
1941
1941
1944
1944
1946
1947
1948
1949
1950
1953
1956
1957
1957
1958
1959
1959
1959
1959
1960
1964
1964
1965
1968
2000
2000
2054
2056
2067
2068
2074
2075
2075
2077
2077
2079
2079
2080
2084
2094
2095
2095
2097
2097
2099
2101
2102
2103
2103
2114
2115
2116
2116
2116
2117
2117
2118
2120
2120
2121
2121
2124
2128
2129
2130
2136
2144
2145
2145
2146
2149
2150
2151
2154
2158
2176
2177
2177
2177
2177
2178
2179
2179
2179
2180
2181
2181
2182
2182
2185
2191
2195
2211
2215
2219
2228
2229
2231
2233
2233
2237
2242
2242
2243
2244
2265
2266
2268
2273
2273
2273
2274
2275
2276
2276
2282
2283
2284
2284
2291
2295
2295
2295
2297
2304
2304
2305
2306
2324
2328
2474
2476
2476
2477
2483
2520
2535
2541
2543
2545
2549
2566
2569
2582
2583
2583
2583
2583
2594
2607
2609
2614
2617
2619
2619
2620
2623
2624
2627
2629
2630
2632
2635
2638
2639
2640
2640
2641
2643
2646
2646
2646
2647
2652
2658
2664
2664
2666
2668
2674
2677
2678
2682
2685
2711
2823
2830
2838
2843
2851
2856
2856
2860
2864
2868
2869
2877
2878
2881
2881
2881
2881
2882
2882
2883
2887
2889
2904
2905
2907
2909
2913
2917
2917
2917
2917
2918
2918
2922
2923
2923
2923
2924
2924
2924
2935
2935
2935
2938
2939
2943
2943
2944
2944
2945
2948
2953
2965
2969
2970
2999
3001
3002
3005
3009
3030
3037
3038
3038
3038
3042
3050
3051
3051
3058
3063
3070
3076
3077
3088
3088
3090
3090
3091
3092
3093
3093
3094
3095
3098
3101
3101
3101
3107
3112
3127
3129
3130
3136
3165
3176
3177
3178
3183
3184
3201
3202
3212
3218
3219
3222
3223
3224
3229
3231
3232
3232
3233
3239
3240
3241
3241
3241
3242
3243
3245
3246
3250
3253
3256
3257
3260
3269
3269
3271
3273
3274
3276
3277
3280
3309
3332
3333
3334
3335
3337
3347
3352
3353
3354
3356
3357
3357
3357
3358
3359
3366
3367
3367
3367
3367
3373
3382
3383
3386
3387
3396
3396
3399
3399
3399
3399
3400
3402
3403
3408
3410
3412
3413
3418
3419
3420
3422
3424
3425
3426
3426
3432
3434
3436
3437
3438
3440
3441
3441
3580
3580
3581
3589
3594
3601
3603
3615
3618
3618
3619
3621
3625
3625
3626
3627
3638
3639
3639
3640
3640
3641
3642
3643
3648
3651
3651
3653
3654
3659
3663
3663
3664
3667
3673
3678
3679
3691
3691
3866
3866
3869
3870
3885
3885
3886
3886
3886
3889
3897
3901
3901
3920
3928
3931
3932
3933
3934
3938
3939
3962
3966
3969
3970
3970
3971
3971
3973
3977
3978
3986
3987
3993
3996
3996
3996
3996
3997
3998
3998
3998
4000
4001
4001
4003
4006
4014
4018
4019
4019
4039
4152
4170
4183
4193
4197
4199
4201
4202
4203
4204
4206
4206
4210
4213
4215
4220
4220
4223
4235
4237
4244
4244
4246
4253
4256
4256
4258
4260
4262
4264
4358
4362
4362
4363
4364
4366
4368
4368
4372
4376
4376
4382
4383
4384
4391
4391
4395
4396
4396
4397
4397
4399
4400
4406
4410
4412
4412
4414
4415
4415
4416
4417
4419
4420
4421
4422
4423
4423
4423
4426
4427
4428
4429
4433
4435
4437
4437
4438
4438
4439
4440
4441
4455
4455
4456
4460
4470
4473
4476
4477
4485
4486
4489
4490
4491
4496
4499
4499
4500
4500
4507
4508
4515
4515
4517
4525
4525
4526
4526
4527
4528
4532
4533
4534
4536
4536
4537
4538
4542
4543
4543
4544
4544
4544
4546
4547
4547
4548
4550
4551
4551
4553
4553
4554
4555
4555
4557
4557
4558
4560
4562
4563
4565
4566
4575
4575
4577
4577
4598
4603
4614
4642
4733
4758
4780
4784
4785
4786
4790
4790
4790
4791
4799
4806
4806
4812
4813
4813
