1
2
2
5
6
6
6
7
7
7
7
8
8
8
8
8
8
8
8
8
8
8
9
9
9
9
9
9
9
10
10
10
10
10
10
10
10
10
10
10
11
11
11
11
11
11
11
11
11
11
12
12
12
12
12
12
12
12
12
12
12
13
13
13
13
13
13
14
15
15
15
15
15
16
16
16
17
17
17
17
17
18
18
18
18
18
18
19
19
19
19
20
20
21
21
22
23
24
25
26
27
28
29
29
29
29
30
30
30
30
31
32
32
33
33
34
34
34
34
34
35
36
36
36
37
38
39
40
40
40
40
41
41
41
41
42
42
43
43
44
44
44
44
45
46
47
47
48
48
48
48
49
50
50
50
50
52
53
53
53
53
55
55
56
56
56
56
56
57
57
58
59
59
60
61
62
63
63
63
64
64
64
65
65
66
66
66
67
67
67
67
70
70
70
71
71
72
72
72
72
72
72
72
73
73
73
75
76
77
77
77
79
80
80
80
81
81
81
81
81
82
82
82
82
83
83
83
83
83
84
85
85
85
85
85
87
88
88
90
91
91
93
93
94
95
95
95
98
99
99
99
99
99
100
100
102
102
103
103
103
104
104
104
104
105
105
105
105
105
107
107
108
109
111
111
111
112
113
114
114
115
115
115
116
117
117
118
119
121
122
123
123
123
124
124
124
125
125
127
127
127
127
128
130
130
130
134
135
135
138
138
138
139
140
140
141
142
143
143
143
143
143
144
147
147
150
150
151
151
152
152
153
154
154
155
156
158
158
159
159
159
160
160
160
162
163
165
165
165
165
166
168
169
169
169
170
170
170
171
172
172
172
172
173
173
174
177
178
178
180
181
182
184
185
185
186
186
187
187
188
188
188
189
189
189
190
190
190
190
191
191
192
192
193
193
193
194
195
196
196
197
197
198
198
199
200
200
200
201
201
201
201
204
204
205
205
205
206
206
206
207
207
208
209
209
209
209
209
210
210
210
210
210
211
212
212
213
216
217
218
218
219
220
220
220
221
221
221
221
222
223
223
223
226
227
228
228
229
230
230
230
230
231
231
232
232
233
233
233
234
235
235
235
236
237
237
237
238
239
239
239
239
239
240
240
240
241
241
241
242
242
242
242
243
243
243
244
244
245
245
248
248
248
249
249
250
250
252
252
253
253
254
254
254
256
256
256
261
264
265
267
267
269
272
276
276
276
278
280
280
280
280
281
284
284
285
285
286
286
286
287
288
290
291
291
292
293
300
301
306
306
309
311
312
313
316
316
317
319
320
320
323
325
326
327
327
329
330
330
331
331
334
334
334
335
337
340
340
344
346
346
347
347
349
350
350
351
351
352
356
356
357
357
358
359
360
360
363
365
366
372
372
374
374
376
377
377
377
377
381
382
388
392
393
396
398
400
401
408
409
417
418
418
418
423
431
433
433
444
448
467
490
509
515
519
520
531
532
532
532
537
537
539
540
541
543
544
551
554
555
556
558
562
562
563
570
571
573
580
588
590
590
591
594
594
595
595
596
598
599
602
605
605
607
608
610
611
614
615
631
641
651
655
662
678
721
724
724
725
892
913
915
918
918
927
943
944
944
945
949
952
961
962
964
973
976
977
978
983
989
989
991
1006
1007
1007
1010
1015
1017
1018
1018
1021
1021
1021
1021
1022
1022
1023
1023
1023
1025
1025
1025
1026
1026
1026
1026
1027
1028
1031
1031
1032
1032
1032
1032
1033
1033
1036
1038
1038
1039
1039
1039
1039
1040
1040
1041
1041
1042
1042
1043
1047
1047
1053
1056
1057
1057
1057
1058
1058
1059
1061
1061
1064
1066
1067
1067
1067
1068
1068
1068
1069
1069
1069
1069
1069
1070
1071
1077
1078
1081
1083
1083
1089
1090
1092
1092
1093
1093
1093
1093
1095
1095
1098
1098
1098
1100
1101
1103
1103
1103
1104
1110
1111
1111
1111
1111
1112
1112
1113
1113
1114
1116
1117
1121
1121
1122
1130
1134
1284
1285
1324
1326
1327
1330
1331
1334
1340
1344
1350
1352
1362
1363
1364
1365
1366
1366
1369
1373
1378
1380
1381
1382
1382
1383
1383
1384
1384
1384
1386
1386
1387
1387
1389
1391
1392
1395
1396
1398
1401
1407
1408
1409
1410
1412
1412
1412
1412
1412
1412
1412
1413
1413
1413
1413
1414
1414
1415
1415
1415
1417
1417
1417
1417
1417
1417
1417
1418
1418
1418
1418
1418
1419
1420
1421
1421
1421
1422
1423
1424
1424
1424
1424
1425
1426
1426
1427
1430
1430
1431
1431
1432
1432
1433
1433
1436
1436
1437
1438
1438
1439
1439
1440
1440
1440
1440
1440
1441
1441
1441
1441
1442
1442
1442
1443
1445
1450
1452
1453
1453
1453
1453
1453
1454
1454
1454
1455
1455
1455
1456
1457
1458
1458
1458
1458
1458
1458
1459
1459
1459
1460
1460
1463
1464
1464
1464
1464
1465
1465
1466
1467
1467
1468
1469
1470
1470
1470
1471
1472
1472
1472
1473
1473
1473
1474
1474
1475
1476
1476
1476
1478
1479
1479
1479
1479
1480
1481
1481
1483
1483
1483
1484
1484
1484
1484
1484
1485
1485
1487
1487
1487
1487
1487
1487
1488
1488
1489
1489
1492
1493
1494
1494
1494
1495
1495
1495
1495
1495
1496
1496
1496
1496
1497
1497
1497
1497
1497
1497
1497
1500
1500
1502
1503
1504
1505
1506
1509
1509
1509
1509
1509
1509
1510
1511
1511
1512
1514
1514
1514
1515
1516
1517
1527
1528
1532
1532
1537
1539
1539
1542
1543
1544
1546
1547
1548
1552
1553
1559
1561
1561
1562
1564
1569
1572
1572
1573
1575
1575
1576
1577
1577
1578
1582
1582
1582
1583
1584
1584
1585
1585
1587
1587
1588
1589
1589
1589
1590
1590
1591
1592
1593
1593
1593
1593
1594
1595
1596
1597
1597
1597
1597
1598
1598
1598
1598
1598
1599
1600
1600
1600
1603
1603
1603
1604
1605
1605
1605
1606
1607
1607
1609
1609
1610
1610
1610
1610
1611
1611
1612
1612
1612
1612
1612
1612
1613
1613
1613
1613
1614
1615
1618
1618
1618
1618
1618
1618
1619
1620
1621
1621
1625
1629
1630
1631
1632
1632
1633
1633
1633
1633
1633
1633
1633
1633
1634
1634
1634
1634
1634
1636
1637
1637
1637
1637
1637
1637
1637
1641
1643
1644
1647
1647
1647
1648
1650
1652
1652
1652
1653
1654
1655
1656
1656
1657
1661
1661
1661
1662
1664
1665
1668
1670
1670
1671
1673
1673
1674
1675
1675
1675
1676
1678
1678
1679
1679
1681
1681
1681
1681
1682
1682
1682
1682
1683
1684
1685
1685
1686
1686
1686
1686
1686
1686
1686
1687
1687
1688
1692
1693
1693
1694
1694
1696
1696
1698
1699
1703
1705
1705
1705
1710
1711
1712
1713
1715
1715
1716
1718
1719
1721
1724
1726
1728
1728
1728
1731
1735
1741
1742
1744
1746
1749
1750
1751
1751
1752
1752
1757
1761
1761
1762
1763
1764
1765
1767
1768
1769
1769
1769
1769
1770
1773
1774
1775
1778
1778
1781
1782
1783
1786
1788
1788
1788
1789
1791
1793
1794
1795
1796
1796
1798
1798
1799
1801
1802
1803
1803
1807
1808
1809
1809
1810
1810
1810
1810
1810
1811
1811
1811
1811
1811
1811
1812
1812
1813
1813
1814
1814
1814
1814
1815
1816
1818
1819
1821
1822
1823
1823
1823
1828
1829
1831
1831
1833
1834
1839
1840
1844
1846
1856
1868
1884
1884
1884
1894
1895
1899
1921
1928
1931
1934
1945
1947
1948
1948
1950
1951
1963
1963
1964
1968
1970
1996
1997
2002
2012
2013
2017
2028
2028
2029
2031
2037
2063
2063
2064
2067
2068
2069
2071
2072
2074
2078
2079
2081
2088
2099
2100
2103
2105
2105
2113
2120
2139
2140
2144
2146
2147
2147
2147
2148
2148
2153
2161
2163
2164
2170
2173
2174
2174
2175
2178
2179
2182
2184
2185
2209
2212
2212
2216
2219
2223
2235
2242
2249
2250
2250
2253
2259
2289
2292
2293
2293
2302
2310
2311
2319
2320
2321
2323
2354
2357
2364
2365
2366
2377
2378
2379
2379
2379
2382
2385
2386
2386
2409
2412
2484
2485
2494
2495
2498
2499
2518
2518
2527
2537
2709
2710
2711
2724
2731
2732
2735
2735
2737
2741
2745
2760
2769
2770
2771
2771
2771
2772
2773
2773
2774
2780
2791
2794
2805
2806
2808
2823
2823
2824
2825
2825
2826
2826
2831
2835
2837
2864
2879
2885
2891
2891
2894
2894
2905
2913
2922
2922
2925
2927
2930
2936
2936
2941
2943
2964
2966
2967
2967
2968
2968
2969
2971
2973
2973
2973
2975
2976
2976
2976
2979
2980
2981
2983
2984
2984
2985
2987
2987
2988
2990
2992
3001
3003
3007
3015
3028
3039
3075
3077
3078
3087
3087
3087
3089
3097
3105
3109
3111
3114
3119
3121
3122
3123
3123
3123
3124
3125
3125
3138
3139
3142
3145
3145
3150
3152
3155
3156
3161
3163
3163
3166
3174
3180
3181
3182
3184
3184
3189
3190
3192
3192
3208
3208
3208
3213
3213
3216
3219
3222
3224
3225
3226
3227
3229
3230
3234
3234
3235
3235
3236
3240
3241
3241
3242
3249
3259
3270
3280
3302
3305
3318
3320
3324
3339
3354
3354
3355
3356
3356
3359
3361
3362
3365
3366
3390
3405
3411
3412
3413
3414
3416
3417
3420
3422
3423
3423
3423
3424
3425
3426
3426
3426
3426
3428
3429
3429
3429
3430
3431
3432
3433
3437
3438
3439
3440
3441
3447
3447
3448
3448
3449
3449
3449
3449
3452
3452
3452
3456
3456
3456
3459
3460
3467
3472
3473
3473
3474
3475
3476
3477
3482
3482
3484
3484
3486
3492
3493
3493
3503
3524
3524
3525
3525
3526
3526
3526
3526
3533
3539
3544
3553
3554
3554
3554
3554
3559
3560
3562
3563
3564
3568
3572
3578
3599
3602
3602
3617
3617
3618
3629
3638
3641
3645
3645
3646
3646
3649
3650
3650
3651
3651
3651
3651
3652
3652
3652
3653
3654
3654
3654
3654
3655
3657
3659
3660
3660
3660
3669
3674
3674
3674
3675
3675
3675
3676
3677
3678
3679
3679
3687
3705
3707
3709
3748
3748
3800
3819
3837
3857
3896
3899
3899
3899
3899
3910
3910
3911
3916
3917
3922
3948
3950
3951
3975
3982
3982
3983
3983
3983
3983
3991
3991
3999
4000
4002
4011
4022
4036
4041
4147
4178
4179
4182
4186
4223
4228
4230
4234
4250
4250
4252
4262
4275
4278
4278
4278
4282
4377
4377
4399
4423
4425
4426
4427
4429
4438
4439
4440
4441
4445
4448
4461
4463
4467
4468
4478
4486
4487
4488
4491
4497
4500
4510
4519
4519
4520
4520
4524
4530
4537
4539
4540
4540
4541
4543
4543
4587
4589
4591
4601
4603
4603
4608
4609
4609
4610
4613
4615
4615
4616
4624
4624
4625
4635
4637
4639
4639
4640
4640
4641
4641
4643
4643
4645
4645
4650
4653
4658
4662
4672
4672
4675
4676
4681
4686
4687
4688
4694
4696
4697
4699
4699
4710
4737
4737
4740
4748
4751
4753
4759
4760
4764
4768
4769
4771
4773
4773
4776
4776
4777
4782
4801
4806
4814
4836
4840
4866
4882
4892
4893
4902
4907
4920
4922
4922
4947
4949
4960
4961
4963
5007
5009
5019
5128
5128
5129
5131
5181
5187
5193
5193
5205
5213
5214
5231
5243
5250
5250
5254
5264
5273
5275
5277
5281
5282
5286
5288
5297
5297
5298
5298
5298
5298
5315
5316
5317
5318
5318
5324
5326
5333
5334
5357
5358
5362
5367
5418
5450
5459
5460
5461
5462
5464
5478
5492
5558
5578
5690
5694
5695
5698
5705
5705
5736
5781
5781
5782
5806
5814
5822
5830
5832
5833
5834
5835
5836
5842
5859
5861
5870
5871
5876
5895
5899
5902
5902
5904
5909
5935
5936
5942
5947
5948
5966
5970
5976
5976
5976
5982
5988
5990
5991
5991
5998
6000
6037
6038
6039
6047
6047
6071
6072
6073
6075
6078
6078
6078
6087
6091
6093
6093
6094
6095
6095
6097
6098
6099
6099
6100
6102
6102
6102
6107
6108
6109
6111
6111
6112
6112
6116
6116
6116
6117
6118
6120
6121
6125
6126
6127
6127
6129
6154
6177
6188
6195
6197
6197
6204
6206
6257
6282
6282
6283
6295
6295
6322
6322
6323
6323
6324
6325
6326
6328
6333
6335
6335
6338
6343
6345
6355
6355
6365
6367
6373
6374
6375
6375
6382
6389
6390
6392
6393
6394
6394
6394
6401
6401
6442
6456
6459
6465
6471
6476
6477
6479
6489
6490
6492
6565
6569
6589
6597
6599
6649
6665
6667
6668
6672
6673
6678
6692
6692
6694
6707
6709
6731
6734
6748
6764
6766
6774
6776
6800
6805
6806
6822
6823
6894
6949
6964
6982
7005
7010
7017
7020
7029
7038
7038
7038
7040
7042
7043
7046
7046
7047
7052
7059
7071
7073
7189
7268
7283
7377
7386
7440
7441
7510
7510
7511
7532
7535
7538
7539
7541
7541
7542
7542
7548
7551
7553
7560
7565
7566
7570
7574
7575
7576
7576
7576
7581
7581
7594
7598
7600
7602
7607
7626
7656
7659
7662
7667
7668
7814
7920
7923
7936
7942
8003
8018
8021
8039
8097
8102
8103
8108
8108
8109
8110
8118
8119
8132
8132
8133
8138
8151
8151
8151
8157
8355
8426
8450
8458
8463
8463
8473
8475
8475
8476
8477
8479
8499
8505
8572
8579
8615
8619
8682
8717
8744
8753
8757
8768
