1
2
4
4
5
6
6
6
6
7
7
7
7
7
7
8
8
8
8
8
8
8
8
8
8
8
8
8
8
8
8
9
9
9
9
9
9
9
9
9
10
10
10
10
10
10
10
10
10
10
10
10
11
11
11
11
11
11
11
11
11
12
12
12
12
12
13
13
13
14
14
15
15
15
15
16
16
16
16
16
16
16
17
17
17
17
17
18
19
19
19
20
20
20
20
20
20
20
21
21
21
21
21
21
21
22
22
22
22
22
22
23
23
23
23
24
25
25
26
27
27
28
28
29
30
30
31
31
31
33
33
33
33
33
33
34
34
34
34
35
35
35
35
35
36
36
36
37
37
38
38
38
38
38
38
38
39
39
39
40
40
41
41
41
41
42
42
43
43
43
43
43
44
44
44
44
44
44
44
44
45
45
45
46
46
46
46
46
46
46
46
46
47
47
47
48
48
49
49
49
49
50
50
51
51
51
51
53
54
55
55
56
56
56
56
57
57
57
58
58
58
58
58
58
58
58
59
59
59
61
61
61
61
62
62
63
64
65
66
67
68
68
68
68
69
69
69
69
69
69
69
69
70
70
70
72
72
73
74
74
74
75
75
75
76
77
77
77
77
78
78
78
78
78
79
79
79
79
80
81
81
81
81
81
81
81
81
83
83
83
84
84
84
84
85
86
86
86
86
86
86
88
88
88
88
88
88
89
89
89
90
90
90
90
90
90
92
92
95
95
95
95
96
96
97
97
98
100
100
101
101
101
102
103
103
104
105
106
106
106
106
106
107
107
107
108
108
110
110
111
112
112
112
112
112
113
114
114
115
116
116
116
116
116
117
117
118
118
118
119
119
120
121
121
122
123
123
124
124
125
126
127
128
128
128
129
129
130
132
132
132
132
132
133
133
133
133
134
134
136
137
138
139
139
139
139
140
140
141
141
141
141
141
142
142
143
143
143
144
145
146
146
147
148
150
152
153
154
154
154
154
155
155
155
155
156
157
157
159
159
159
159
160
161
161
162
162
162
163
164
164
164
164
165
165
166
166
166
167
169
169
169
170
170
170
171
171
171
172
172
172
172
174
175
175
176
176
177
177
178
178
178
181
181
181
182
182
182
182
182
182
183
183
184
184
184
185
185
185
186
186
186
187
187
188
188
189
190
190
191
191
191
192
192
192
192
193
193
193
194
197
198
200
200
201
201
202
204
204
205
206
207
207
207
209
209
209
209
210
211
213
213
213
215
215
216
218
218
218
219
219
219
220
220
220
220
222
223
224
225
225
226
226
228
229
229
229
229
230
230
232
233
233
234
236
236
236
237
238
238
239
240
241
241
242
243
244
245
251
251
252
254
261
269
274
279
325
325
326
326
326
326
327
329
333
334
340
341
342
345
345
347
349
350
350
351
353
353
356
356
357
363
452
464
466
467
467
470
470
471
472
472
473
473
474
474
477
477
479
481
482
482
482
484
485
486
487
488
490
490
490
491
493
494
495
495
497
497
498
499
500
500
503
506
508
508
509
511
512
512
512
513
514
516
516
516
516
517
518
518
518
520
521
521
522
523
523
523
523
524
524
525
527
527
527
528
530
530
530
532
535
536
536
540
541
542
542
542
543
543
544
547
550
552
558
561
576
579
584
585
585
589
590
592
596
598
599
600
600
600
605
605
614
614
622
622
625
625
627
628
629
632
634
638
638
638
641
642
642
643
654
656
670
674
677
677
679
682
727
737
737
738
739
740
752
816
831
833
833
833
840
841
845
850
850
850
851
852
852
852
852
852
852
852
855
856
857
859
865
866
866
867
873
876
881
883
886
886
887
888
889
897
899
899
900
900
900
903
906
907
907
908
908
908
910
910
912
927
927
928
928
929
930
932
932
935
936
936
938
942
945
945
946
948
950
950
951
951
956
962
968
969
972
976
980
981
1034
1119
1124
1135
1142
1177
1185
1187
1190
1193
1194
1194
1289
1314
1324
1326
1328
1360
1361
1362
1370
1373
1374
1379
1388
1390
1414
1415
1418
1418
1419
1424
1426
1426
1428
1428
1428
1428
1428
1429
1429
1429
1429
1429
1430
1431
1431
1431
1432
1432
1432
1432
1432
1432
1432
1432
1432
1432
1432
1433
1433
1433
1433
1433
1433
1433
1433
1433
1433
1433
1434
1434
1434
1434
1434
1434
1434
1435
1435
1435
1435
1436
1436
1436
1436
1436
1437
1437
1437
1437
1438
1438
1438
1438
1438
1439
1439
1439
1439
1439
1439
1440
1440
1441
1441
1441
1441
1441
1441
1441
1441
1442
1442
1442
1442
1442
1442
1442
1442
1443
1443
1443
1443
1445
1445
1445
1445
1445
1446
1446
1446
1446
1446
1446
1448
1448
1448
1448
1448
1448
1449
1449
1450
1450
1450
1450
1450
1450
1450
1450
1451
1451
1451
1452
1452
1452
1452
1453
1453
1453
1453
1453
1453
1453
1453
1453
1453
1453
1453
1453
1453
1454
1454
1454
1454
1454
1454
1455
1455
1455
1455
1455
1455
1455
1455
1455
1456
1456
1456
1456
1456
1457
1457
1457
1457
1457
1457
1457
1457
1458
1458
1458
1458
1458
1458
1458
1459
1460
1460
1460
1460
1460
1460
1460
1460
1461
1461
1462
1463
1463
1463
1463
1463
1463
1464
1464
1464
1465
1465
1465
1467
1467
1467
1468
1468
1468
1468
1469
1469
1469
1470
1471
1471
1471
1473
1473
1474
1475
1475
1478
1479
1479
1480
1480
1480
1481
1482
1482
1483
1483
1483
1483
1483
1483
1484
1484
1484
1484
1486
1487
1487
1487
1487
1487
1487
1488
1489
1489
1489
1490
1490
1490
1490
1491
1491
1491
1491
1492
1492
1493
1493
1493
1493
1493
1493
1494
1494
1494
1494
1494
1495
1495
1495
1495
1495
1496
1496
1496
1496
1497
1497
1497
1497
1497
1498
1498
1499
1499
1499
1500
1500
1501
1501
1501
1502
1503
1504
1505
1505
1508
1510
1510
1510
1511
1511
1515
1516
1517
1517
1517
1518
1518
1518
1518
1518
1518
1518
1519
1519
1520
1520
1520
1521
1521
1522
1523
1523
1525
1525
1526
1527
1527
1527
1528
1528
1529
1529
1530
1530
1534
1536
1536
1537
1538
1539
1547
1549
1550
1550
1551
1551
1552
1552
1554
1557
1559
1561
1562
1563
1564
1565
1570
1572
1575
1578
1579
1583
1583
1584
1584
1586
1587
1589
1594
1594
1595
1595
1599
1604
1605
1605
1612
1613
1614
1617
1617
1617
1617
1619
1619
1623
1626
1630
1633
1636
1651
1653
1653
1655
1658
1658
1658
1658
1658
1659
1659
1660
1661
1661
1661
1662
1663
1663
1665
1666
1667
1678
1678
1679
1679
1683
1685
1685
1686
1688
1689
1689
1690
1691
1692
1692
1694
1699
1701
1705
1706
1710
1710
1713
1713
1713
1713
1713
1714
1721
1722
1722
1724
1727
1728
1728
1728
1729
1730
1731
1731
1733
1740
1742
1742
1743
1748
1761
1764
1770
1771
1771
1785
1799
1804
1820
1822
1828
1828
1830
1835
1835
1836
1836
1837
1842
1843
1849
1853
1856
1857
1857
1860
1863
1865
1867
1879
1879
1882
1884
1885
1890
1891
1893
1893
1899
1899
1899
1900
1901
1901
1901
1901
1902
1902
1903
1903
1903
1903
1903
1903
1903
1904
1905
1906
1906
1907
1915
1920
1921
1924
1932
1933
1935
1935
1935
1948
1950
1953
1956
1962
1962
1962
1971
2015
2023
2025
2048
2050
2057
2087
2090
2091
2111
2121
2124
2161
2174
2185
2186
2190
2215
2227
2227
2233
2241
2294
2299
2302
2319
2323
2362
2438
2443
2443
2443
2443
2444
2445
2445
2446
2447
2447
2447
2448
2448
2448
2449
2449
2449
2449
2467
2468
2471
2473
2479
2490
2490
2490
2491
2507
2570
2572
2573
2573
2579
2579
2582
2582
2585
2619
2619
2620
2623
2623
2625
2632
2649
2656
2680
2682
2683
2726
2728
2729
2762
2763
2774
2775
2789
2863
2873
2881
2881
2883
2887
2903
2910
2916
2919
2974
2977
2979
2982
2989
2991
2993
2994
2995
2997
2998
3001
3003
3003
3003
3004
3004
3005
3005
3006
3007
3008
3008
3008
3008
3008
3009
3010
3010
3011
3011
3011
3012
3014
3015
3017
3017
3017
3017
3018
3020
3021
3022
3024
3024
3024
3025
3025
3025
3026
3026
3027
3028
3030
3031
3036
3037
3038
3041
3042
3042
3050
3050
3050
3050
3052
3057
3058
3071
3081
3101
3112
3113
3122
3125
3127
3129
3131
3134
3135
3137
3139
3142
3144
3145
3148
3148
3149
3149
3149
3149
3149
3150
3150
3150
3153
3155
3155
3159
3159
3160
3161
3163
3163
3164
3164
3165
3165
3166
3167
3168
3169
3169
3169
3170
3172
3172
3172
3173
3173
3173
3173
3174
3174
3174
3175
3180
3181
3182
3183
3183
3183
3183
3187
3188
3188
3188
3191
3192
3195
3196
3196
3204
3204
3204
3204
3204
3204
3205
3205
3205
3205
3205
3207
3210
3210
3210
3212
3218
3218
3222
3223
3244
3246
3249
3250
3250
3254
3254
3255
3260
3262
3263
3266
3272
3282
3284
3307
3307
3310
3315
3316
3327
3330
3338
3339
3342
3347
3347
3348
3349
3356
3396
3409
3411
3415
3422
3466
3476
3477
3489
3489
3503
3506
3508
3508
3519
3543
3544
3566
3568
3569
3584
3588
3589
3590
3605
3608
3655
3661
3664
3664
3670
3674
3682
3686
3716
3716
3747
3768
3776
3776
3780
3780
3789
3789
3790
3790
3815
3815
3821
3822
3827
3828
3830
3831
3831
3840
3841
3846
3846
3848
3848
3876
3878
3924
3925
3930
3931
4102
4109
4114
4115
4117
4117
4118
4123
4130
4130
4138
4154
4155
4155
4155
4155
4155
4161
4164
4201
4213
4241
4241
4241
4245
4251
4253
4289
4294
4311
4312
4328
4328
4328
4328
4329
4329
4331
4333
4334
4335
4367
4486
4506
4506
4506
4506
4507
4508
4510
4510
4515
4515
4515
4519
4534
4546
4568
4568
4570
4579
4582
4595
4607
4611
4612
4639
4658
4665
4692
4694
4695
4696
4698
4699
4718
4723
4728
4729
4736
4750
4754
4756
4762
4763
4765
4767
4770
4770
4770
4772
4773
4776
4776
4776
4778
4780
4843
4845
4848
4848
4852
4862
4862
4869
4869
4869
4870
4870
4871
4881
4919
4932
4933
4936
4936
4936
4939
4939
4941
4942
4944
4945
4994
4995
4995
5060
5066
5153
5155
5215
5222
5236
5237
5237
5248
5252
5256
5272
5273
5273
5274
5275
5276
5278
5280
5323
5323
5326
5327
5343
5355
5366
5368
5391
5432
5456
5519
5567
5619
5621
5622
5637
5666
5667
5670
5671
5674
5677
5678
5678
5679
5680
5682
5682
5687
5688
5688
5692
5694
5699
5703
5704
5708
5710
5711
5722
5722
5723
5778
6004
6033
6131
6132
6133
6137
6141
6143
6145
6146
6147
6166
6166
6167
6168
6169
6170
6174
6175
6175
6183
6184
6184
6184
6184
6184
6185
6185
6186
6187
6188
6188
6189
6191
6194
6195
6197
6199
6203
6204
6210
6215
6217
6218
6219
6220
6223
6223
6228
6231
6234
6236
6241
6245
6266
6295
6297
6298
6299
6300
6301
6304
6306
6306
6307
6308
6310
6310
6312
6312
6312
6320
6324
6328
6329
6330
6330
6332
6405
6418
6432
6432
6433
6433
6434
6435
6450
6472
6616
6619
6627
6633
6634
6643
6643
6643
6645
6647
6653
6659
6665
6672
6680
6769
6774
6777
6778
6782
6804
6805
7028
7028
7041
7041
7047
7055
7064
7066
7068
7070
7071
7072
7074
7078
7082
7084
7085
7086
7103
7158
7207
7220
7240
7251
7367
7368
7369
7375
7458
7458
7458
7463
7464
7466
7467
7469
7470
7475
7475
7477
7483
7485
7486
7487
7489
7490
7494
7498
7508
7509
7510
7510
7510
7514
7515
7519
7520
7521
7522
7523
7623
7626
7633
7638
7643
7649
7652
7652
7653
7656
7683
7703
7704
7704
7708
7710
7713
7720
7721
7721
7722
7726
7728
7751
7765
7775
7779
7806
7830
7835
7842
7843
7845
7847
7852
7853
7855
7861
7861
7862
7867
7871
7897
7930
7936
7940
7942
7942
7945
7945
7945
7946
7951
7953
7955
7957
7959
7960
7964
7967
7970
7971
7980
7980
7984
7985
7989
7989
7990
7998
8003
8005
8010
8021
8025
8026
8061
8063
8074
8079
8084
8085
8087
8087
8284
8286
8295
8295
8298
8299
8306
8322
8343
8344
8346
8347
8349
8349
8350
8352
8358
8361
8363
8366
8367
8368
8372
8374
8375
8378
8385
8393
8398
8399
8400
8400
8402
8404
8405
8406
8416
8420
8421
8421
8423
8437
8442
8446
8448
8449
8451
8452
8453
8457
8460
8470
8472
8475
8475
8485
8515
8518
8528
8528
8531
8533
8543
8594
8600
8694
8701
8702
8703
8708
8715
8716
8717
8720
8726
8730
8732
8739
8744
8745
8750
8753
8755
8756
8775
8779
8783
8786
8787
8789
8791
8796
8797
8797
8800
8800
8801
8802
8802
8804
8805
8805
8806
8813
8813
8813
8820
8821
8821
8821
8824
8824
8827
8828
8828
8830
8832
8845
8850
8855
8856
8859
8862
8863
8865
8866
8869
8870
8876
8878
8878
8880
8881
8974
8976
8977
9205
9206
9206
9223
9264
9266
9269
9274
