2
2
2
5
5
5
6
6
7
7
7
7
7
8
8
8
8
8
8
9
9
9
9
9
9
9
9
9
9
10
10
10
10
10
10
10
10
10
10
10
11
11
11
11
11
11
12
12
12
12
12
12
12
12
12
13
13
13
13
14
14
14
14
15
15
15
16
16
16
16
16
16
17
17
17
17
17
17
18
18
19
19
19
19
19
19
19
19
19
19
19
20
20
20
20
20
20
20
20
21
21
21
21
21
21
21
22
22
22
22
22
22
23
23
23
23
24
24
24
25
25
25
26
26
26
26
26
26
27
27
27
27
27
27
27
28
28
28
28
29
29
29
29
29
29
30
30
30
30
30
30
30
30
30
30
30
30
30
31
31
31
31
32
32
32
32
32
32
33
33
33
33
33
34
34
34
34
34
34
35
36
36
36
36
36
36
36
37
37
37
37
37
37
37
37
37
38
38
38
38
38
38
38
39
39
39
39
39
39
39
39
40
40
40
40
40
40
40
41
41
41
41
41
41
41
41
41
43
43
43
43
43
43
43
44
44
44
44
44
44
45
46
46
46
46
46
46
46
47
47
47
47
47
48
48
48
49
49
49
49
49
49
49
49
49
49
50
50
50
50
50
50
51
51
51
51
51
51
52
52
52
52
52
52
53
53
53
53
53
53
54
54
54
55
55
55
55
55
55
56
56
56
56
57
57
57
57
57
57
58
58
58
58
58
58
58
59
59
59
59
59
59
59
59
59
59
60
60
60
60
60
60
60
60
60
61
61
61
61
61
61
62
62
62
63
63
63
63
63
63
63
63
63
64
64
64
64
64
64
64
65
65
65
65
65
65
65
66
66
66
66
66
66
67
67
67
67
67
67
67
67
68
68
68
68
68
68
68
69
69
69
69
70
70
70
70
70
70
71
71
71
71
72
72
72
72
72
72
73
73
73
74
74
74
74
74
74
74
74
75
75
75
75
75
75
75
75
76
76
76
77
77
77
77
78
78
78
78
78
78
78
79
80
80
80
80
81
81
81
82
82
82
82
82
82
82
82
82
83
83
83
83
83
83
83
84
84
84
84
84
84
84
85
85
85
85
85
85
85
85
85
85
86
86
86
86
87
87
87
87
87
87
87
87
87
88
88
88
88
88
88
88
89
89
89
90
90
90
90
91
91
91
91
91
91
91
91
92
92
93
93
93
93
93
94
94
95
95
95
95
95
96
96
96
96
96
97
97
98
98
99
99
99
100
100
100
100
100
100
101
101
102
102
102
103
103
103
103
103
104
104
104
104
104
104
105
105
105
106
106
106
106
106
107
108
108
108
108
108
109
109
110
110
110
110
111
111
111
111
111
112
112
112
112
112
112
112
113
113
113
113
113
113
113
114
114
114
114
115
116
116
116
116
116
116
116
116
117
117
117
117
117
117
117
117
118
118
118
118
118
118
118
119
119
119
119
119
119
120
120
120
120
120
121
121
121
121
122
123
123
124
124
124
124
125
125
125
125
125
125
126
126
126
126
126
126
127
127
127
127
127
127
127
127
128
128
128
128
128
128
128
128
128
128
128
128
128
129
129
129
129
129
129
129
129
129
129
129
129
129
129
130
130
130
130
130
130
130
131
131
131
131
131
131
131
131
131
131
132
132
132
132
132
132
132
132
132
132
133
133
133
133
133
133
133
133
133
133
133
134
134
134
134
134
134
135
135
135
135
135
135
135
135
135
135
136
136
136
136
137
137
137
137
137
137
137
138
138
138
139
139
139
139
139
139
139
139
139
139
139
140
140
142
142
142
142
142
142
142
143
143
143
143
143
143
143
143
144
144
144
144
145
145
145
145
145
145
145
146
146
146
146
146
147
147
147
147
147
147
147
147
147
147
148
148
148
148
148
148
149
149
149
149
149
149
149
149
149
149
149
150
150
150
150
150
151
151
152
152
152
152
152
152
152
152
152
152
152
152
153
153
153
153
153
153
153
153
154
154
154
154
154
155
155
155
155
156
156
156
156
156
157
157
157
157
157
158
158
158
158
158
158
159
159
160
160
160
160
161
161
161
161
161
161
162
162
162
162
163
163
163
163
163
163
164
164
164
165
165
165
165
165
165
165
166
166
166
166
166
166
166
166
167
167
167
167
168
168
168
168
168
168
168
168
168
169
169
169
169
169
169
169
170
170
170
170
170
170
170
170
170
171
171
171
171
171
171
171
171
171
172
172
172
172
173
173
173
173
174
174
174
174
175
175
176
176
176
177
177
177
178
178
179
180
180
180
180
180
180
180
180
181
181
181
181
181
181
182
182
182
183
183
183
183
184
184
184
184
184
185
185
185
185
185
185
186
186
187
187
187
187
187
187
188
188
188
189
189
189
189
189
190
190
190
190
190
190
190
190
191
191
191
192
192
192
192
192
192
192
192
193
193
193
193
193
194
194
194
194
194
195
195
195
195
195
196
196
197
197
197
198
198
199
199
199
199
200
200
200
201
201
201
201
202
202
202
202
202
202
202
203
203
203
203
203
203
205
205
205
205
206
206
206
207
207
208
208
208
208
208
208
208
209
209
209
210
210
210
211
211
211
212
212
212
213
213
214
214
214
214
214
214
215
215
215
215
215
215
216
216
216
216
216
216
216
216
217
218
218
218
219
220
220
221
222
222
222
223
223
223
224
224
225
225
225
225
225
226
226
226
226
227
227
227
227
227
227
227
227
228
228
228
228
229
229
229
229
230
230
230
230
231
231
231
232
233
233
233
234
234
234
234
235
235
235
235
236
236
237
238
238
238
239
239
239
241
242
242
243
243
244
244
244
244
244
245
245
245
246
246
246
247
248
248
248
249
249
249
250
250
251
254
254
255
255
256
257
257
259
260
262
263
264
264
264
265
265
266
266
270
270
270
272
274
274
275
275
275
276
277
278
278
281
281
283
283
283
284
284
284
284
285
287
287
287
287
287
287
287
287
288
289
291
293
294
294
294
295
295
295
296
297
297
297
297
298
298
299
299
299
299
301
302
302
302
303
303
303
304
304
305
305
306
306
308
310
312
312
312
313
313
313
314
316
316
316
316
317
319
319
321
321
322
322
323
324
325
325
326
327
329
330
330
331
331
331
332
332
332
332
333
335
335
335
335
337
339
339
340
341
341
342
343
344
344
344
345
345
345
350
351
351
353
354
354
356
356
356
357
357
358
359
359
360
361
362
362
363
363
365
366
366
366
367
370
371
371
372
372
373
373
374
374
375
375
376
376
377
377
380
380
381
381
383
383
383
383
384
384
385
385
385
388
390
391
392
392
392
395
398
399
400
400
400
402
403
403
404
404
407
408
412
413
413
417
417
421
421
422
423
423
425
428
429
430
434
440
442
443
444
444
445
465
466
469
471
474
476
479
481
482
483
484
486
486
488
490
491
492
493
493
493
495
496
500
502
502
504
505
505
506
506
509
509
509
510
511
512
513
513
513
514
516
516
519
520
522
522
523
523
524
525
525
525
526
526
527
531
539
540
545
545
545
546
556
557
558
559
562
563
565
566
566
566
567
568
569
572
576
577
578
578
582
591
592
593
596
597
597
601
602
602
603
642
646
652
654
659
667
670
673
676
677
678
679
679
679
680
681
685
686
686
688
690
691
692
694
694
701
703
704
704
704
704
705
705
706
706
706
707
708
710
714
715
719
722
723
723
723
723
724
725
725
727
728
728
729
730
730
732
732
733
734
736
736
737
738
740
744
746
747
747
749
749
750
753
754
764
764
772
774
789
790
791
791
792
792
797
803
803
805
806
809
809
809
813
813
815
817
817
820
821
824
824
825
825
826
828
830
830
830
831
831
831
833
841
843
845
845
845
845
846
846
846
847
849
850
851
851
856
857
859
860
866
869
878
878
879
883
884
887
895
896
901
912
913
913
915
916
918
919
923
924
930
936
936
937
939
949
952
956
976
980
985
985
993
996
996
997
998
999
999
1002
1004
1004
1009
1011
1011
1011
1011
1011
1012
1012
1014
1015
1015
1016
1017
1018
1019
1019
1021
1022
1022
1023
1027
1028
1029
1030
1030
1032
1035
1035
1035
1036
1036
1036
1037
1037
1038
1038
1040
1040
1041
1058
1058
1063
1063
1069
1073
1074
1076
1080
1081
1091
1092
1104
1109
1109
1109
1110
1110
1111
1116
1118
1121
1130
1143
1149
1150
1150
1155
1163
1165
1166
1180
1180
1181
1182
1183
1184
1188
1188
1192
1193
1195
1196
1196
1197
1198
1198
1199
1199
1199
1201
1202
1202
1203
1203
1204
1204
1204
1205
1213
1213
1214
1216
1217
1219
1219
1222
1222
1225
1228
1231
1231
1234
1234
1236
1236
1236
1236
1236
1237
1238
1241
1244
1244
1246
1247
1264
1265
1270
1277
1286
1300
1301
1345
1355
1356
1362
1381
1382
1387
1391
1396
1396
1396
1398
1399
1405
1406
1406
1407
1409
1412
1417
1424
1425
1429
1432
1432
1433
1434
1434
1434
1434
1435
1436
1436
1436
1436
1437
1438
1442
1443
1444
1444
1445
1445
1445
1446
1446
1447
1448
1451
1452
1454
1454
1455
1455
1456
1457
1457
1459
1460
1460
1460
1462
1462
1463
1464
1464
1467
1467
1468
1468
1472
1472
1474
1475
1476
1476
1476
1480
1481
1493
1495
1497
1500
1506
1506
1507
1507
1511
1512
1519
1520
1520
1520
1521
1522
1526
1527
1529
1532
1533
1534
1535
1537
1537
1540
1540
1540
1540
1541
1541
1542
1542
1542
1543
1543
1545
1545
1545
1547
1548
1552
1553
1557
1557
1557
1561
1562
1562
1563
1564
1564
1565
1565
1568
1568
1568
1568
1568
1569
1569
1570
1570
1571
1571
1571
1572
1572
1573
1573
1574
1575
1576
1576
1576
1577
1578
1579
1579
1580
1581
1581
1582
1582
1584
1584
1585
1585
1585
1586
1586
1587
1587
1587
1588
1588
1589
1590
1590
1591
1591
1592
1592
1594
1594
1596
1596
1596
1596
1597
1597
1597
1599
1599
1600
1600
1600
1601
1601
1601
1602
1603
1603
1605
1605
1605
1605
1606
1606
1608
1609
1610
1611
1611
1611
1611
1613
1617
1618
1619
1620
1622
1623
1627
1628
1629
1629
1635
1636
1638
1638
1639
1639
1640
1640
1640
1640
1640
1640
1640
1641
1641
1643
1644
1648
1649
1650
1651
1651
1652
1659
1661
1662
1662
1676
1677
1677
1682
1683
1685
1686
1686
1688
1689
1691
1699
1703
1704
1705
1712
1714
1720
1725
1741
1754
1761
1761
1767
1770
1781
1782
1783
1783
1784
1784
1784
1785
1789
1789
1791
1792
1794
1795
1799
1801
1801
1806
1806
1807
1808
1808
1810
1813
1814
1814
1815
1816
1816
1819
1819
1821
1822
1825
1825
1826
1827
1838
1839
1840
1840
1841
1841
1842
1842
1842
1844
1847
1850
1850
1850
1857
1857
1857
1858
1859
1859
1859
1859
1860
1860
1862
1863
1866
1866
1867
1868
1872
1878
1882
1883
1930
1961
1963
1969
1970
1990
1993
2006
2019
2022
2026
2031
2044
2046
2056
2063
2069
2070
2081
2085
2087
2088
2092
2094
2095
2097
2098
2099
2103
2105
2105
2105
2106
2107
2108
2108
2114
2114
2116
2119
2121
2121
2123
2132
2136
2184
2196
2196
2204
2229
2231
2231
2232
2254
2259
2264
2270
2275
2285
2290
2306
2312
2326
2330
2331
2333
2334
2338
2339
2341
2342
2347
2349
2350
2354
2355
2357
2357
2358
2359
2362
2362
2363
2366
2371
2386
2400
2411
2416
2419
2421
2425
2426
2427
2427
2429
2434
2436
2438
2438
2439
2440
2441
2441
2442
2444
2448
2452
2452
2458
2473
2474
2516
2521
2522
2531
2531
2532
2532
2533
2535
2539
2539
2540
2541
2547
2550
2550
2552
2553
2553
2554
