1
2
2
5
5
5
6
6
6
6
7
7
7
7
8
8
8
9
9
9
9
9
9
9
10
10
10
10
10
10
10
10
10
10
11
11
11
11
11
11
11
11
11
11
11
12
12
12
12
12
12
12
12
12
12
13
13
13
13
13
13
13
14
14
14
14
14
14
14
14
14
14
14
15
15
15
15
15
15
15
15
15
16
16
16
16
16
16
16
17
17
17
17
17
17
17
18
18
18
18
18
19
20
20
20
21
21
21
21
21
22
22
23
23
24
24
24
25
25
25
26
26
26
27
27
27
27
28
28
28
29
29
29
29
29
29
29
29
29
29
30
30
30
30
30
31
31
31
31
31
31
31
31
31
32
33
33
33
34
34
34
35
35
35
35
35
35
36
36
36
37
37
37
37
37
37
38
38
38
38
38
38
39
39
39
40
41
41
41
41
42
43
43
43
43
43
43
43
43
44
44
44
45
45
45
45
45
45
46
46
46
46
46
47
47
47
47
48
48
48
48
48
48
48
49
49
49
49
49
49
50
50
50
50
50
50
51
51
52
52
52
52
52
52
52
53
53
53
54
54
54
54
55
57
57
57
57
58
58
58
58
59
59
59
59
59
59
59
59
59
60
60
60
61
61
62
62
62
63
63
63
63
63
63
64
64
64
64
64
65
65
65
65
65
66
66
66
66
66
66
66
66
67
67
67
67
67
68
68
68
69
69
69
69
70
70
70
70
70
71
72
72
72
72
72
72
73
73
73
73
74
74
75
75
75
76
76
76
76
76
76
76
76
77
77
77
77
77
77
78
78
78
78
78
78
78
78
79
79
79
79
79
79
79
80
80
80
80
80
81
81
81
81
81
81
81
81
81
82
82
82
82
82
82
83
83
83
83
83
83
84
84
85
85
85
86
86
86
86
86
87
87
87
87
87
87
87
88
89
89
90
90
90
90
91
91
91
92
92
93
93
93
94
94
95
95
96
96
97
98
98
99
100
100
101
101
101
101
101
102
102
102
102
103
103
103
103
103
103
103
104
104
104
104
104
104
105
105
105
106
106
106
106
106
106
107
107
107
107
107
107
107
108
108
108
108
108
108
108
108
109
109
109
110
110
110
110
110
111
111
111
112
112
112
112
112
112
113
113
113
113
114
114
115
115
115
115
115
116
116
116
116
117
117
117
117
117
117
118
118
118
118
118
118
119
119
119
119
119
119
119
119
120
120
120
120
121
121
121
121
121
121
121
121
123
123
123
123
123
124
124
124
124
124
125
125
125
125
125
125
125
125
125
126
126
126
127
127
127
128
128
128
128
128
128
128
129
129
129
130
130
130
130
130
131
131
131
131
131
131
131
132
132
132
132
132
133
133
133
133
133
133
133
134
134
134
135
135
135
135
135
135
136
136
136
136
136
136
136
136
137
137
137
137
137
137
137
138
138
138
138
138
138
139
139
139
139
139
139
139
139
140
140
140
141
141
141
141
142
142
142
142
142
142
143
143
144
144
144
144
145
145
145
145
146
147
147
148
148
148
148
148
148
149
149
149
149
149
149
150
150
150
151
151
151
152
152
153
153
154
154
156
156
156
156
156
156
158
159
159
160
160
160
160
160
160
160
160
160
161
161
161
162
162
162
162
162
163
163
164
164
164
164
165
165
165
165
165
166
166
166
166
166
166
167
167
167
167
167
167
168
169
169
169
169
170
170
170
171
171
171
171
171
171
172
172
173
173
173
174
174
175
175
175
176
176
176
177
178
179
179
179
180
181
181
182
182
182
182
183
184
184
184
184
184
185
185
186
186
187
187
187
188
188
188
189
189
189
189
189
190
190
190
190
191
191
191
191
191
191
191
191
191
192
192
192
192
193
193
193
193
193
193
194
194
195
195
196
197
197
197
197
197
197
197
198
198
199
199
199
200
200
200
200
200
200
200
200
201
201
201
201
201
202
202
202
203
203
205
205
205
205
205
206
206
206
206
206
206
206
206
206
206
206
207
207
207
208
208
208
208
208
209
209
209
209
209
209
210
210
210
210
211
211
211
211
211
211
211
212
212
212
212
212
212
213
213
214
214
214
214
215
215
215
215
215
216
216
217
217
217
217
218
218
218
218
218
218
219
219
219
219
219
220
220
220
220
221
221
221
222
222
222
222
223
223
223
224
224
224
224
224
225
226
226
226
226
226
226
226
226
227
227
227
228
228
228
228
229
229
229
229
229
230
230
230
230
231
231
231
231
231
231
232
232
232
232
233
233
233
234
234
235
235
236
236
237
237
237
238
238
239
239
239
239
239
239
240
240
241
241
241
242
242
242
242
242
242
243
243
244
244
245
245
246
246
246
246
246
247
248
248
249
249
250
251
251
252
253
253
254
254
254
255
256
256
257
257
257
258
258
258
258
259
259
259
259
259
260
260
261
261
261
262
262
263
263
264
264
264
264
264
265
265
265
265
266
266
266
267
267
268
268
269
269
270
271
272
272
272
272
272
273
273
273
273
274
274
274
274
275
276
277
278
279
279
280
280
280
280
281
282
283
283
284
284
285
285
286
286
286
287
288
288
288
290
292
292
294
294
294
295
295
295
297
297
297
297
299
300
300
300
302
302
304
305
306
306
306
307
307
308
309
310
310
311
312
312
312
313
313
313
314
314
316
316
319
320
320
320
321
321
322
322
322
322
322
322
322
323
323
323
323
324
324
326
327
327
327
327
328
328
331
333
334
335
335
336
338
338
339
339
339
340
340
340
340
342
342
344
344
345
345
346
346
346
346
346
347
347
347
347
348
348
348
348
349
349
350
350
350
351
352
352
353
355
355
355
357
360
363
365
365
365
366
366
367
370
370
372
373
374
376
377
379
380
381
383
384
386
386
386
387
388
388
389
391
395
396
397
397
402
403
404
405
405
408
411
413
415
416
416
417
417
418
419
423
425
426
428
429
429
429
429
432
434
435
435
435
436
436
437
438
438
438
438
439
439
439
440
446
446
446
448
451
451
452
453
454
455
456
458
461
462
462
463
463
464
466
466
466
467
468
468
468
470
471
471
473
473
479
480
483
483
484
485
486
487
488
489
493
493
493
493
494
494
494
494
495
496
497
497
497
498
499
499
500
500
501
502
502
502
502
503
504
506
507
507
507
511
511
512
512
516
517
521
522
522
522
524
525
526
526
528
528
530
531
534
536
536
537
541
543
545
548
549
552
555
562
562
563
564
568
569
569
571
572
572
578
578
578
583
585
585
586
587
588
589
592
593
593
596
599
599
600
603
603
604
605
605
607
608
613
614
614
619
620
621
621
621
622
623
623
628
630
634
634
636
637
638
638
639
639
640
641
642
642
643
644
644
645
645
645
648
648
649
653
653
654
656
657
657
659
661
662
662
663
663
663
667
668
669
671
672
672
672
672
674
675
677
679
679
679
680
681
682
682
682
682
683
687
688
688
688
689
691
692
692
692
692
693
693
696
696
698
698
700
709
711
712
712
713
717
717
719
720
720
722
722
724
725
728
728
729
729
729
729
730
730
731
731
732
733
734
735
737
738
741
741
741
744
744
744
744
750
751
751
751
751
751
752
754
755
757
758
759
761
761
761
761
762
763
764
765
768
770
771
771
772
774
774
775
775
777
777
778
779
782
784
785
788
789
791
795
797
798
798
802
803
803
803
804
806
806
812
812
813
814
816
816
818
818
818
818
828
831
843
856
857
858
859
859
860
860
861
865
867
875
876
886
887
887
893
898
898
898
898
899
900
900
900
900
901
907
925
927
927
929
935
937
943
950
952
952
955
961
961
963
963
963
966
972
975
975
976
986
986
988
991
991
992
996
1001
1001
1002
1003
1003
1004
1006
1006
1009
1011
1016
1017
1017
1017
1018
1018
1018
1018
1019
1020
1020
1020
1028
1033
1034
1034
1036
1036
1040
1041
1041
1041
1042
1042
1043
1043
1048
1051
1051
1051
1052
1061
1065
1072
1072
1073
1074
1074
1076
1077
1080
1081
1082
1084
1088
1088
1091
1092
1097
1098
1099
1104
1105
1106
1108
1108
1122
1138
1144
1154
1156
1156
1159
1169
1170
1172
1172
1184
1188
1193
1275
1275
1275
1275
1326
1338
1340
1344
1344
1349
1373
1376
1394
1407
1436
1436
1437
1438
1438
1439
1441
1442
1448
1449
1452
1453
1453
1453
1454
1454
1455
1456
1456
1457
1457
1458
1458
1459
1460
1461
1461
1461
1466
1471
1474
1474
1474
1475
1476
1476
1476
1476
1476
1484
1484
1485
1485
1488
1488
1489
1490
1490
1491
1491
1491
1492
1492
1493
1493
1493
1494
1494
1494
1495
1495
1495
1496
1498
1498
1503
1505
1505
1505
1508
1510
1510
1512
1512
1512
1513
1514
1514
1514
1515
1515
1516
1517
1518
1518
1519
1519
1519
1521
1521
1523
1523
1524
1524
1524
1524
1524
1524
1525
1529
1533
1534
1538
1538
1542
1542
1544
1545
1546
1548
1548
1548
1555
1555
1555
1557
1557
1561
1562
1563
1564
1565
1565
1566
1566
1567
1567
1568
1569
1570
1570
1571
1571
1572
1572
1573
1573
1573
1574
1577
1580
1580
1580
1582
1584
1585
1587
1593
1594
1598
1602
1607
1610
1610
1612
1613
1614
1615
1616
1617
1618
1620
1620
1622
1622
1623
1624
1624
1624
1625
1626
1627
1629
1631
1632
1633
1634
1635
1636
1639
1642
1642
1642
1642
1646
1647
1647
1647
1647
1648
1648
1648
1649
1649
1650
1651
1651
1652
1652
1652
1653
1653
1654
1655
1657
1657
1658
1658
1659
1665
1668
1668
1669
1669
1672
1674
1674
1675
1676
1678
1678
1678
1678
1678
1679
1679
1679
1681
1682
1682
1682
1683
1684
1684
1685
1685
1685
1686
1692
1693
1694
1695
1697
1697
1699
1699
1699
1700
1701
1702
1702
1703
1703
1703
1704
1705
1705
1706
1708
1709
1709
1710
1711
1712
1712
1713
1713
1714
1715
1716
1718
1720
1721
1721
1721
1721
1721
1722
1723
1724
1724
1724
1729
1729
1730
1731
1731
1734
1734
1738
1739
1741
1741
1742
1746
1746
1752
1756
1756
1757
1757
1758
1758
1759
1759
1759
1760
1760
1762
1763
1764
1765
1769
1771
1771
1772
1774
1774
1775
1785
1787
1790
1797
1797
1798
1800
1801
1812
1813
1814
1816
1818
1828
1828
1829
1830
1844
1846
1847
1848
1848
1848
1849
1852
1852
1854
1856
1859
1859
1859
1860
1862
1862
1862
1865
1865
1865
1866
1866
1867
1868
1868
1868
1868
1870
1871
1874
1880
1880
1881
1882
1882
1885
1891
1892
1899
1903
1904
1905
1919
1942
1945
1947
1948
1953
1956
1956
1962
1963
1965
1967
1973
1974
1974
1979
1985
1995
2011
2013
2066
2074
2084
2085
2086
2087
2089
2095
2100
2100
2102
2138
2202
2220
2349
2361
2372
2373
2410
2419
2461
2571
2662
2663
2732
2732
2788
2788
2801
2812
2815
2835
2836
2837
2844
2855
2885
2894
2906
2918
2931
2935
2942
2962
2963
2964
2968
2976
2994
3008
3008
3012
3012
3013
3016
3030
3037
3037
3037
3038
3041
3041
3041
3049
3052
3056
3061
3061
3061
3061
3063
3065
3065
3109
3126
3138
3142
3143
3146
3148
3149
3151
3152
3152
3153
3153
3155
3156
3166
3167
3172
3179
3192
3199
3208
3228
3228
3228
3230
3231
3235
3242
3242
3242
3245
3245
3245
3246
3250
3257
3258
3259
3260
3264
3267
3267
3268
3268
3270
3270
3271
3275
3275
3299
3299
3310
3317
3324
3328
3333
3337
3337
3338
3338
3339
3339
3348
3350
3351
3351
3357
3357
3367
3369
3369
3370
3371
3371
3378
3384
3393
3396
3397
3406
3406
3406
3419
3421
3428
3441
3479
3484
3491
3502
3502
3503
3503
3510
3513
3515
3516
3522
3522
3525
3528
3540
3581
3581
3602
3686
3766
3773
3793
3795
