1
1
2
5
5
8
8
9
11
14
14
14
15
15
16
16
16
17
17
17
18
18
18
18
18
19
19
19
19
20
20
21
21
21
21
22
22
22
22
22
22
22
23
23
23
23
23
24
24
24
24
24
24
24
24
24
24
24
24
25
26
26
26
26
26
27
28
28
28
29
29
29
29
29
30
31
32
32
32
32
32
32
33
33
33
33
34
34
34
35
35
35
36
36
36
36
37
37
37
37
38
39
39
39
42
42
42
43
43
45
46
47
48
48
49
49
49
49
50
50
52
52
53
53
53
54
54
55
55
55
55
56
56
56
56
56
56
56
58
58
60
60
61
61
61
61
62
62
62
62
62
63
63
63
64
64
64
65
66
66
68
68
68
69
70
71
71
71
71
72
72
72
72
73
73
74
74
75
75
76
76
76
76
77
77
78
78
79
79
79
79
80
80
80
80
80
81
81
81
81
83
83
83
83
83
83
84
84
84
85
85
85
85
85
85
86
86
86
87
87
87
89
89
89
89
90
91
91
91
92
93
96
96
96
97
97
98
98
98
99
99
99
99
99
101
101
101
101
102
102
102
102
103
103
103
103
104
104
104
104
104
104
105
106
106
107
107
107
107
107
108
109
109
109
109
110
110
111
111
111
112
112
113
115
115
117
117
117
119
120
122
122
122
123
123
123
124
124
124
124
125
125
125
126
127
127
128
129
129
130
130
130
130
131
132
132
133
133
134
134
134
136
137
137
137
137
138
138
138
139
139
139
139
139
140
140
140
140
140
141
141
141
141
141
141
142
142
142
142
142
142
142
143
143
143
144
144
144
144
144
144
145
145
146
146
147
147
147
147
147
147
148
148
148
148
148
148
148
148
148
148
149
149
149
149
149
149
150
150
150
151
151
151
152
152
152
152
152
153
153
153
153
153
153
154
154
154
155
155
155
155
155
155
155
156
156
156
156
157
157
157
157
158
158
158
158
158
158
158
159
159
159
159
159
159
160
160
160
161
161
161
161
162
162
163
163
163
163
164
164
164
164
165
165
166
166
166
166
167
168
168
168
169
169
169
169
170
170
170
170
170
170
170
171
171
171
171
171
171
171
171
171
171
172
172
172
172
173
173
173
173
173
173
173
174
174
174
174
174
174
174
175
175
175
176
176
176
176
177
177
177
177
177
177
179
179
179
179
180
180
180
180
180
180
181
181
181
182
182
182
184
184
185
185
185
186
186
186
186
187
187
187
187
188
188
188
188
189
189
189
189
189
190
190
190
190
190
191
191
191
192
193
194
194
195
195
195
195
195
196
197
197
197
199
199
200
200
200
201
202
202
203
204
204
205
206
207
207
207
207
208
208
208
209
209
209
209
209
210
210
210
210
211
211
212
212
213
213
213
213
214
214
214
214
214
214
215
215
216
216
216
217
217
217
217
219
220
220
220
220
221
222
222
222
223
223
224
225
225
228
229
229
229
230
230
232
237
371
372
372
373
375
375
377
377
380
380
380
380
381
382
382
383
384
384
388
389
389
392
393
393
393
396
397
398
399
399
400
400
401
402
402
402
403
403
404
405
405
406
406
406
407
407
409
410
411
412
413
413
413
413
414
415
416
417
418
419
419
420
421
421
422
422
422
424
425
425
428
429
430
430
430
431
431
432
432
433
433
433
434
436
436
436
438
441
442
442
443
443
444
444
445
446
447
450
451
451
451
451
451
452
452
452
453
454
457
457
458
458
458
460
460
461
461
463
465
466
471
471
473
474
475
476
481
482
482
483
483
484
487
488
489
492
494
495
495
496
503
504
504
506
512
513
518
519
529
538
544
547
552
552
555
690
707
708
709
727
731
739
741
742
743
744
746
747
747
747
747
749
750
751
751
752
753
754
756
759
759
760
760
762
765
765
765
766
767
770
771
771
771
771
771
771
772
773
773
777
777
779
780
780
780
783
783
783
784
784
788
788
789
789
790
790
790
791
791
793
794
795
795
795
796
796
797
799
802
802
802
802
803
804
809
812
813
813
813
813
814
815
819
821
822
822
822
824
834
838
838
839
839
839
840
845
849
852
852
854
873
874
875
876
889
892
930
932
933
938
1008
1011
1023
1061
1064
1066
1067
1083
1086
1113
1115
1119
1121
1121
1126
1129
1130
1135
1139
1139
1139
1141
1145
1153
1161
1167
1167
1168
1169
1172
1174
1174
1176
1176
1179
1179
1180
1181
1185
1185
1190
1191
1196
1202
1203
1207
1213
1218
1218
1224
1224
1225
1226
1239
1239
1246
1247
1247
1248
1249
1250
1250
1252
1254
1264
1266
1266
1267
1270
1271
1274
1274
1275
1276
1276
1276
1277
1277
1278
1284
1286
1291
1293
1295
1295
1296
1297
1301
1309
1309
1310
1311
1313
1313
1314
1314
1314
1314
1314
1315
1316
1317
1325
1326
1329
1335
1419
1425
1427
1428
1428
1429
1430
1431
1432
1433
1434
1435
1435
1435
1435
1436
1436
1436
1436
1437
1440
1440
1440
1443
1444
1444
1444
1445
1447
1447
1447
1448
1448
1448
1448
1449
1451
1451
1451
1452
1452
1452
1452
1453
1453
1453
1453
1453
1455
1456
1457
1457
1458
1458
1459
1459
1459
1461
1461
1462
1462
1462
1462
1462
1463
1463
1464
1464
1464
1464
1465
1465
1465
1465
1467
1468
1468
1469
1469
1469
1470
1470
1470
1472
1473
1473
1473
1473
1474
1475
1476
1476
1477
1477
1477
1477
1478
1478
1479
1479
1480
1480
1480
1480
1481
1481
1481
1482
1482
1482
1482
1482
1483
1484
1484
1486
1488
1490
1492
1493
1496
1499
1500
1500
1500
1501
1501
1501
1501
1501
1501
1501
1501
1502
1502
1502
1502
1503
1503
1503
1503
1506
1507
1508
1508
1509
1509
1510
1511
1512
1513
1513
1513
1513
1514
1516
1520
1522
1526
1527
1529
1531
1531
1534
1534
1535
1535
1535
1536
1537
1538
1539
1540
1542
1542
1543
1543
1544
1544
1544
1545
1545
1547
1548
1548
1549
1550
1551
1552
1556
1557
1558
1559
1559
1561
1563
1564
1569
1571
1572
1572
1575
1576
1578
1578
1581
1581
1582
1583
1588
1591
1593
1594
1595
1597
1597
1597
1599
1600
1600
1600
1601
1602
1603
1604
1606
1606
1607
1607
1607
1615
1616
1620
1620
1622
1625
1631
1632
1633
1634
1635
1636
1637
1638
1638
1638
1639
1643
1643
1646
1646
1648
1649
1655
1655
1658
1658
1659
1659
1659
1659
1662
1663
1665
1665
1665
1666
1666
1666
1666
1667
1667
1667
1667
1668
1669
1679
1680
1680
1682
1682
1684
1696
1696
1699
1699
1708
1709
1711
1713
1729
1734
1755
1755
1761
1762
1764
1770
1775
1777
1779
1781
1782
1782
1783
1783
1783
1789
1790
1790
1790
1793
1796
1798
1798
1798
1798
1800
1801
1802
1806
1807
1811
1813
1815
1815
1816
1816
1816
1816
1818
1819
1823
1825
1825
1826
1827
1828
1829
1837
1838
1848
1848
1848
1848
1848
1871
1876
1886
1887
1887
1889
1893
1901
1901
1910
1912
1913
1918
1920
1923
1924
1924
1925
1925
1925
1925
1926
1933
1935
1936
2003
2009
2009
2010
2012
2014
2017
2018
2019
2020
2021
2024
2024
2025
2026
2037
2037
2041
2044
2048
2051
2052
2053
2053
2054
2055
2057
2092
2093
2106
2109
2115
2136
2151
2151
2152
2155
2159
2162
2164
2166
2166
2167
2172
2269
2270
2271
2275
2276
2278
2308
2312
2315
2334
2335
2339
2393
2395
2413
2416
2433
2433
2434
2434
2435
2435
2436
2436
2437
2438
2439
2439
2440
2442
2443
2444
2444
2473
2474
2475
2479
2480
2480
2483
2483
2483
2483
2484
2484
2485
2485
2485
2486
2487
2487
2487
2489
2492
2493
2494
2496
2502
2503
2528
2532
2533
2535
2536
2542
2543
2544
2549
2558
2558
2559
2560
2560
2560
2561
2562
2562
2562
2573
2573
2577
2578
2579
2585
2593
2641
2647
2649
2649
2651
2653
2660
2662
2688
2701
2702
2705
2707
2707
2710
2712
2717
2731
2747
2761
2774
2774
2777
2786
2804
2823
2825
2826
2827
2831
2862
2873
2884
2886
2894
2896
2904
2905
2905
2905
2906
2920
2944
2945
2945
2947
2950
2952
2962
2962
2968
2970
2970
2970
2971
2971
2972
2975
2976
2976
2978
2979
2979
2982
2985
2987
2987
2988
2988
2988
2991
2991
2995
2995
2996
3001
3003
3004
3006
3011
3013
3013
3014
3015
3017
3017
3019
3020
3021
3021
3023
3023
3041
3042
3042
3046
3046
3047
3047
3047
3052
3061
3061
3062
3063
3064
3065
3068
3072
3074
3075
3078
3078
3078
3079
3079
3080
3081
3082
3083
3084
3085
3086
3087
3087
3087
3087
3088
3088
3089
3090
3090
3092
3095
3097
3098
3099
3101
3103
3106
3106
3108
3109
3110
3112
3112
3113
3116
3117
3117
3118
3121
3123
3124
3134
3140
3143
3144
3149
3150
3151
3153
3154
3159
3169
3170
3172
3175
3176
3178
3189
3192
3193
3205
3205
3211
3211
3212
3215
3217
3218
3218
3218
3219
3221
3222
3223
3235
3240
3240
3240
3255
3270
3316
3317
3321
3331
3331
3341
3367
3368
3374
3374
3379
3381
3385
3385
3385
3396
3398
3399
3399
3399
3400
3407
3408
3408
3414
3415
3418
3420
3420
3421
3422
3422
3424
3424
3426
3429
3430
3458
3459
3467
3469
3479
3487
3519
3537
3555
3556
3557
3557
3570
3577
3579
3580
3584
3587
3587
3588
3593
3593
3595
3608
3637
3697
3713
3717
3725
3740
3744
3792
3799
3830
3833
3833
3847
3855
3856
3857
3863
3870
3870
3870
3871
3871
3872
3872
3873
3883
3890
3890
3908
3915
3922
3945
3982
3995
3996
4045
4056
4062
4074
4075
4075
4078
4090
4112
4115
4135
4158
4158
4286
4288
4290
4331
4345
4373
4401
4403
4414
4417
4426
4429
4429
4432
4433
4434
4438
4438
4439
4440
4440
4441
4443
4444
4445
4446
4449
4451
4456
4471
4472
4473
4475
4476
4477
4478
4482
4488
4488
4489
4491
4491
4491
4492
4493
4494
4497
4497
4502
4544
4545
4545
4552
4553
4559
4559
4562
4564
4566
4568
4568
4569
4570
4571
4572
4574
4579
4580
4581
4582
4584
4586
4587
4588
4597
4597
4599
4599
4599
4600
4602
4602
4602
4603
4603
4603
4606
4606
4606
4607
4607
4607
4607
4608
4609
4609
4611
4612
4613
4621
4623
4628
4629
4633
4633
4634
4635
4636
4638
4638
4641
4642
4646
4648
4650
4653
4657
4674
4685
4706
4727
4729
4732
4733
4748
4748
4751
4751
4755
4765
4790
4839
4839
4841
4841
4846
4849
4849
4856
4861
4861
4886
4894
4894
4898
4901
4901
4903
4910
4911
4914
4917
4921
4921
4921
4932
4942
5011
5020
5020
5055
5055
5121
5128
5133
5134
5150
5190
5193
5193
5198
5199
5205
5209
5209
5209
5211
5211
5215
5217
5219
5225
5225
5226
5227
5230
5235
5241
5247
5247
5254
5263
5265
5267
5278
5283
5288
5293
5293
5296
5296
5323
5325
5325
5516
5538
5613
5616
5617
5624
5625
5625
5625
5627
5631
5651
5653
5655
5656
5656
5658
5659
5661
5661
5665
5665
5665
5665
5680
5682
5686
5693
5697
5699
5700
5706
5707
5776
5777
5779
5781
5781
5782
5784
5799
5808
5826
5826
5826
5827
5840
5841
5912
5914
5914
5915
6057
6065
6069
6072
6074
6075
6076
6082
6084
6084
6085
6086
6088
6089
6093
6097
6099
6101
6101
6102
6108
6108
6109
6113
6113
6113
6115
6117
6121
6121
6148
6150
6156
6157
6161
6165
6171
6172
6172
6174
6177
6179
6181
6181
6181
6182
6182
6182
6183
6184
6185
6186
6187
6188
6189
6189
6190
6190
6191
6193
6198
6199
6201
6203
6210
6434
6437
6439
6439
6442
6443
6448
6449
6450
6451
6451
6454
6455
6460
6466
6468
6469
6470
6473
6477
6479
6480
6481
6499
6499
6499
6500
6504
6507
6510
6511
6512
6513
6513
6515
6516
6518
6519
6519
6521
6521
6521
6522
6522
6523
6523
6524
6525
6525
6525
6526
6527
6528
6529
6529
6529
6530
6531
6531
6533
6534
6536
6537
6544
6545
6546
6548
6549
6551
6552
6559
6559
6559
6559
6572
6573
6574
6579
6580
6582
6582
6584
6585
6585
6585
6594
6603
6617
6617
6638
6639
6640
6649
6651
6654
6801
6804
6824
6830
6831
6837
6837
6841
6843
6844
6847
6850
6852
6853
6853
6854
6855
6865
6867
6868
6870
6871
6872
6877
6879
6882
6889
6895
6901
6902
6902
6903
6905
6906
6908
6908
6912
6914
6918
6923
6923
6924
6924
6926
6927
6928
6929
6930
6932
6936
6939
6941
6949
6951
6951
6963
6964
6970
6972
6972
6974
6978
6985
6985
6987
6990
6991
6993
6996
7006
7052
7053
7057
7060
7063
7064
7065
7068
7068
7076
7096
7203
7209
7211
7212
7217
7224
7225
7226
7229
7234
7238
7240
7247
7253
7254
7259
7262
7263
7265
7284
7287
7292
7294
7296
7300
7305
7306
7306
7309
7309
7311
7311
7313
7314
7315
7322
7322
7322
