0
2
3
5
5
6
6
7
7
7
8
8
8
8
8
8
9
9
9
9
9
9
9
9
9
9
9
9
10
10
10
10
10
10
10
10
10
10
11
11
11
11
12
12
12
12
13
13
13
13
13
13
13
13
13
14
14
14
14
14
14
14
14
15
15
15
15
15
16
16
16
16
17
17
17
17
17
17
18
18
18
18
18
18
18
19
19
20
20
20
20
20
21
21
21
21
21
21
22
22
22
22
22
23
23
23
24
24
25
25
25
25
26
26
27
28
28
28
29
29
30
30
31
31
32
32
32
33
33
33
33
33
34
35
35
36
37
38
38
38
39
42
42
43
43
43
44
44
44
45
45
45
45
46
46
46
46
46
47
47
48
48
48
48
49
49
50
50
50
50
51
51
51
51
52
53
53
53
53
53
53
54
54
54
54
54
54
55
55
56
56
56
56
57
57
58
59
59
59
60
60
60
60
60
60
61
61
61
61
61
61
61
62
63
63
64
64
64
64
64
64
65
65
65
65
65
65
66
66
67
67
67
67
67
68
68
68
68
68
68
68
69
69
69
70
71
71
71
71
71
71
72
72
73
73
73
74
74
74
74
75
75
75
76
76
76
77
77
77
77
78
78
79
80
80
82
82
82
83
83
83
84
84
84
85
85
85
85
86
86
86
87
87
88
88
88
89
89
89
90
90
90
91
91
91
92
92
92
93
93
93
93
94
94
94
94
95
95
97
97
98
98
99
99
101
101
102
102
102
103
103
103
103
103
104
104
105
106
106
107
107
108
108
109
109
110
110
110
110
111
111
112
113
113
113
113
113
113
114
114
114
114
114
115
115
115
115
115
115
116
116
116
116
118
118
118
118
118
118
118
118
118
119
119
119
119
119
119
119
119
120
120
120
120
120
120
121
121
122
122
122
123
123
123
124
124
125
125
125
126
126
127
128
128
128
128
128
128
128
128
129
129
129
129
131
131
131
132
132
132
133
135
135
135
135
136
136
137
137
138
138
138
138
138
138
138
139
139
140
140
140
140
140
140
140
141
141
141
141
141
142
142
142
143
144
144
146
146
146
146
146
146
146
147
147
147
147
147
148
148
148
149
149
149
149
149
150
150
150
150
150
151
151
151
152
152
152
152
154
154
154
154
154
155
155
155
156
156
156
156
157
158
159
159
160
160
161
161
162
162
162
163
163
163
164
164
164
165
165
165
165
165
166
166
168
168
168
169
169
169
170
170
170
171
171
171
172
173
174
174
175
175
176
176
176
176
177
177
177
178
179
179
180
181
182
182
183
183
183
183
183
184
185
185
186
188
188
188
189
189
189
190
190
190
190
191
191
191
191
195
195
196
197
197
197
197
198
198
199
200
200
201
202
202
202
202
203
204
204
204
205
205
205
206
206
206
206
206
207
207
208
208
209
209
210
210
210
211
211
211
211
211
212
212
212
213
213
213
213
213
214
214
214
214
215
215
215
215
215
215
216
216
216
217
218
218
218
218
218
219
219
219
219
220
220
221
221
221
221
222
222
222
223
224
224
224
226
227
228
229
230
230
231
231
232
232
232
232
232
232
233
233
233
233
233
234
234
234
237
237
238
238
238
239
239
239
239
240
240
241
242
242
242
246
247
247
248
248
248
248
250
250
250
250
251
251
251
251
251
251
251
251
251
253
253
254
254
254
255
256
258
258
260
261
262
262
263
263
264
264
266
266
266
267
267
267
269
269
269
270
272
273
273
274
274
276
276
278
279
279
281
281
282
283
283
285
286
286
286
286
286
287
287
291
293
294
294
295
298
298
299
299
301
301
301
302
304
305
306
306
308
309
310
310
311
312
314
315
318
319
327
329
329
333
335
340
342
343
343
348
348
349
350
350
350
351
351
351
351
352
353
357
359
363
365
370
372
374
374
376
377
378
379
383
388
391
396
396
402
404
409
411
417
423
426
428
429
436
436
441
441
447
452
453
454
454
456
457
457
458
458
459
459
459
459
460
466
467
468
469
470
470
471
471
473
473
473
473
474
474
475
475
475
477
480
481
481
482
488
489
489
492
494
494
495
499
501
504
504
508
508
509
510
510
517
518
519
519
520
522
522
523
526
528
530
530
530
532
532
533
533
534
534
534
535
535
535
536
539
542
542
543
544
544
546
547
547
549
551
552
552
553
553
553
554
554
554
555
556
557
562
563
563
564
564
564
572
572
573
575
576
578
578
581
582
589
589
591
594
602
611
613
616
617
617
621
622
631
636
637
650
657
659
662
668
671
673
675
675
680
681
681
682
682
683
683
685
686
687
698
707
712
714
715
715
715
715
715
717
718
720
721
722
726
729
733
733
733
734
738
747
753
759
768
774
774
778
779
781
782
782
788
790
792
794
802
802
803
804
804
805
806
806
809
810
811
814
815
815
816
818
819
821
821
822
823
828
831
833
834
835
837
838
842
850
850
855
855
856
857
859
860
861
865
869
870
872
875
879
880
882
883
886
886
886
889
890
890
895
895
896
898
898
900
901
902
903
922
923
937
943
957
960
962
963
964
969
973
976
979
982
982
1026
1026
1033
1035
1036
1037
1037
1048
1052
1060
1069
1072
1081
1088
1090
1092
1095
1095
1151
1162
1204
1221
1221
1226
1238
1254
1256
1265
1266
1277
1280
1281
1282
1299
1306
1307
1368
1384
1386
1397
1413
1414
1416
1417
1418
1421
1422
1426
1427
1427
1427
1427
1427
1427
1429
1430
1430
1431
1432
1432
1433
1434
1435
1435
1435
1435
1435
1436
1436
1436
1436
1437
1438
1438
1439
1439
1439
1439
1440
1440
1440
1441
1441
1442
1442
1442
1442
1443
1443
1444
1444
1445
1445
1445
1446
1446
1446
1447
1447
1447
1450
1450
1450
1450
1451
1451
1451
1451
1451
1451
1451
1451
1452
1452
1452
1453
1453
1453
1453
1453
1453
1453
1453
1453
1454
1454
1454
1454
1454
1455
1455
1455
1456
1456
1456
1456
1456
1456
1457
1457
1457
1457
1457
1458
1458
1458
1458
1459
1459
1459
1460
1460
1460
1460
1461
1461
1461
1461
1461
1462
1462
1462
1462
1462
1462
1462
1462
1463
1463
1463
1464
1464
1464
1465
1466
1466
1466
1466
1467
1467
1467
1467
1468
1469
1470
1470
1470
1470
1470
1471
1471
1472
1472
1472
1473
1473
1474
1474
1475
1475
1476
1476
1477
1478
1478
1478
1478
1479
1479
1480
1480
1481
1481
1481
1481
1481
1481
1482
1482
1482
1482
1482
1482
1482
1483
1483
1483
1483
1483
1483
1483
1483
1483
1483
1484
1484
1484
1484
1484
1484
1484
1484
1484
1484
1484
1484
1485
1485
1485
1485
1485
1486
1486
1486
1487
1487
1487
1488
1488
1488
1488
1489
1489
1490
1490
1491
1491
1491
1491
1491
1492
1492
1492
1492
1492
1493
1493
1493
1493
1493
1495
1496
1497
1497
1497
1497
1498
1498
1498
1499
1501
1501
1502
1504
1505
1505
1506
1507
1507
1507
1507
1509
1511
1511
1512
1516
1518
1520
1521
1522
1524
1527
1531
1533
1534
1535
1535
1541
1541
1545
1547
1550
1551
1552
1556
1557
1557
1557
1558
1559
1559
1560
1561
1563
1563
1564
1564
1564
1567
1568
1570
1570
1571
1571
1572
1573
1574
1574
1576
1576
1577
1577
1582
1583
1584
1584
1584
1586
1587
1588
1588
1589
1604
1605
1607
1608
1609
1610
1614
1614
1614
1618
1618
1619
1619
1620
1620
1621
1622
1623
1624
1625
1628
1628
1628
1628
1629
1631
1631
1633
1640
1641
1642
1643
1644
1644
1645
1645
1645
1645
1645
1645
1646
1646
1647
1648
1650
1651
1651
1651
1652
1655
1656
1657
1657
1657
1657
1658
1658
1658
1660
1661
1663
1663
1663
1664
1664
1665
1670
1671
1671
1673
1673
1674
1675
1677
1678
1679
1680
1681
1681
1683
1684
1684
1684
1685
1685
1686
1686
1686
1686
1687
1688
1688
1688
1688
1688
1689
1689
1691
1691
1691
1692
1694
1694
1696
1697
1699
1701
1702
1703
1703
1704
1704
1705
1705
1705
1706
1706
1706
1707
1707
1707
1708
1708
1708
1708
1709
1709
1715
1716
1717
1719
1721
1722
1722
1725
1729
1729
1730
1731
1732
1732
1735
1735
1736
1736
1739
1739
1739
1740
1740
1742
1742
1750
1750
1751
1751
1751
1751
1752
1752
1752
1753
1753
1753
1754
1754
1755
1755
1774
1774
1777
1777
1778
1785
1787
1788
1788
1793
1797
1810
1813
1813
1814
1820
1820
1821
1825
1825
1827
1827
1828
1831
1835
1836
1836
1839
1841
1843
1843
1844
1845
1846
1851
1852
1853
1855
1856
1856
1856
1858
1858
1864
1865
1873
1874
1889
1906
1912
1915
1918
1920
1928
1933
1948
1948
1950
1954
1955
1955
1956
1956
1957
1957
1957
1959
1964
1964
1964
1965
1971
1972
1973
1987
1994
1997
2000
2009
2009
2009
2009
2021
2103
2104
2105
2126
2163
2165
2174
2183
2191
2191
2192
2192
2192
2193
2193
2195
2195
2198
2198
2235
2251
2251
2252
2256
2397
2413
2415
2416
2416
2418
2461
2477
2495
2506
2508
2645
2647
2648
2654
2690
2704
2708
2715
2716
2716
2716
2763
2798
2810
2841
2855
2871
2882
2887
2893
2894
2930
2933
2934
2934
2937
2938
2940
2940
2940
2941
2942
2943
2945
2948
2952
2955
2956
2957
2958
2959
2960
2960
2960
2961
2961
2962
2962
2966
2966
2966
2974
2974
2975
2976
2977
2977
2978
2980
2980
2980
2981
2981
2982
2995
2996
3000
3001
3005
3015
3015
3020
3021
3022
3025
3029
3029
3030
3035
3035
3035
3036
3036
3037
3067
3072
3079
3080
3084
3086
3088
3102
3111
3112
3112
3120
3126
3126
3128
3129
3129
3129
3130
3140
3144
3146
3153
3153
3154
3155
3161
3162
3164
3168
3171
3172
3178
3181
3184
3186
3186
3188
3190
3191
3194
3196
3200
3209
3209
3211
3212
3212
3212
3212
3213
3214
3215
3219
3228
3259
3259
3260
3260
3262
3276
3289
3294
3296
3309
3310
3312
3316
3316
3317
3318
3320
3327
3331
3334
3338
3346
3378
3402
3417
3419
3421
3436
3438
3550
3550
3558
3559
3559
3563
3563
3564
3565
3644
3657
3658
3664
3664
3668
3668
3715
3731
3752
3754
3758
3761
3811
3811
3815
3900
3968
3968
3969
3975
3984
3990
4013
4014
4055
4127
4132
4137
4137
4144
4147
4149
4160
4166
4217
4218
4291
4334
4345
4434
4437
4439
4439
4446
4446
4446
4447
4448
4448
4448
4448
4482
4483
4484
4488
4493
4495
4556
4563
4584
4585
4587
4588
4590
4593
4596
4596
4596
4598
4606
4607
4611
4612
4619
4625
4625
4625
4627
4628
4632
4635
4651
4653
4654
4656
4658
4671
4671
4679
4686
4692
4693
4695
4698
4698
4699
4699
4704
4707
4713
4716
4719
4722
4726
4729
4736
4737
4740
4751
4756
4757
4758
4759
4761
4762
4790
4793
4794
4796
4797
4798
4804
4804
4804
4805
4810
4817
4851
4872
4874
4874
4877
4892
4898
4901
4923
4998
4998
5007
5009
5013
5072
5073
5074
5100
5101
5105
5106
5109
5112
5113
5117
5118
5122
5130
5130
5135
5159
5171
5210
5485
5490
5499
5505
5515
5518
5524
5524
5526
5529
5534
5536
5537
5540
5543
5547
5548
5559
5585
5935
5937
5941
5941
5942
5943
5947
5950
5951
5957
5961
5962
5989
5992
5994
5995
6003
6031
6080
6081
6081
6085
6086
6098
6099
6110
6112
6120
6120
6121
6122
6125
6157
6182
6192
6196
6207
6209
6211
6220
6224
6224
6225
6226
6227
6227
6228
6228
6229
6246
6249
6251
6255
6259
6265
6265
6268
6269
6272
6278
6279
6281
6281
6282
6284
6299
6303
6304
6304
6304
6307
6309
6310
6311
6319
6326
6326
6334
6347
6349
6349
6352
6363
6379
6379
6379
6380
6450
6451
6514
6514
6523
6526
6555
6609
6610
6635
6636
6639
6641
6642
6643
6645
6649
6653
6655
6656
6657
6665
6666
6712
6723
6729
6803
6837
6837
6941
6968
7011
7028
7028
7029
7030
7034
7039
7040
7041
7047
7050
7051
7052
7053
7054
7058
7063
7075
7075
7075
7078
7079
7080
7086
7125
7125
7126
7164
7172
7199
7211
7217
7228
7232
7234
7244
7370
7379
7392
7393
7406
7407
7407
7408
7415
7457
7458
7461
7474
7539
7540
7576
7579
7581
7582
7586
7590
7593
7593
7612
7612
7628
7636
7647
7673
7673
7679
7680
7683
7686
7693
7694
7696
7696
7699
7699
7699
7703
7715
7717
7741
7748
7751
7751
7751
7759
7767
7768
7768
7778
7779
7785
7786
7788
7793
7795
7795
7796
7797
7801
7806
7807
7846
7860
7860
7880
7884
7884
7885
7888
7897
7900
7901
