1
2
5
6
6
7
7
8
8
9
9
9
9
10
10
10
11
11
11
11
11
11
12
12
12
12
12
12
12
12
12
12
12
12
12
12
12
13
13
13
13
13
13
14
14
14
14
14
14
14
14
15
15
15
15
15
15
15
15
15
15
15
15
16
16
16
16
16
16
16
16
16
16
16
16
16
17
17
17
17
17
17
17
17
18
18
18
18
19
19
20
20
20
20
20
20
20
20
21
21
21
21
21
21
21
23
23
23
24
24
24
24
24
25
25
26
26
27
27
27
27
28
28
28
29
29
29
29
30
30
30
31
31
31
31
32
32
32
32
33
33
33
33
33
33
33
34
34
34
34
34
34
34
35
35
36
36
36
37
37
37
37
37
37
37
37
38
38
38
38
38
39
39
39
39
40
40
40
40
40
41
41
42
42
42
42
42
42
43
43
43
43
43
43
44
44
45
45
45
45
45
45
45
46
46
46
46
46
46
47
47
47
47
47
48
48
48
48
49
49
49
49
49
50
50
51
52
52
52
53
53
53
53
53
53
54
54
55
55
55
56
56
56
56
57
57
57
57
57
57
58
58
58
59
59
60
60
60
60
60
60
61
61
61
61
62
62
62
62
62
62
62
62
62
63
63
63
63
64
64
64
64
64
64
65
65
65
65
66
66
66
66
67
67
68
68
69
69
69
69
70
70
70
70
70
70
71
71
71
71
72
72
72
72
73
74
75
77
77
77
78
79
79
79
79
79
79
79
79
79
80
81
81
81
82
82
82
83
83
84
84
84
85
85
85
85
86
87
87
87
89
89
90
90
90
90
90
90
92
92
92
92
93
93
93
94
94
95
95
95
95
95
96
96
98
98
99
99
100
100
100
100
101
101
101
102
102
103
103
103
103
103
104
104
105
106
106
106
107
107
107
108
108
108
109
109
109
110
110
110
110
110
111
112
112
112
112
113
113
113
113
113
113
114
114
114
114
116
116
116
116
116
117
118
118
118
119
120
121
121
122
122
122
122
122
123
123
123
123
124
124
124
125
125
125
126
126
126
127
127
127
128
128
128
129
129
130
130
131
131
131
131
131
131
131
132
132
132
132
133
134
135
135
135
135
135
135
135
136
136
138
138
140
140
140
140
141
141
141
141
142
142
143
144
144
145
145
146
146
146
147
147
147
147
148
150
150
150
151
151
151
152
152
152
153
154
155
156
156
156
156
156
156
156
157
157
157
158
158
158
158
158
160
161
161
161
162
163
163
163
163
163
163
164
164
164
164
164
164
164
164
164
165
165
165
166
166
167
167
167
168
168
168
169
169
169
170
170
170
170
171
171
171
173
175
176
176
176
176
177
177
178
178
179
179
179
180
180
181
182
182
183
183
183
183
184
184
185
185
185
186
186
186
186
187
187
187
188
189
190
190
191
191
191
191
192
192
193
193
194
195
195
196
196
196
197
197
197
198
199
199
200
201
201
202
203
203
203
204
204
205
206
206
206
206
207
208
208
208
209
209
209
210
210
211
211
212
214
214
215
215
215
216
217
217
217
217
218
218
218
219
219
221
221
222
222
222
222
222
223
223
223
223
223
224
224
225
225
226
227
227
228
228
229
231
233
234
235
235
236
236
236
236
236
237
237
238
238
239
239
239
240
240
240
240
241
241
241
241
242
242
244
246
247
248
249
250
250
252
253
255
255
255
256
256
256
256
257
257
258
258
259
261
261
262
262
262
263
263
265
265
267
267
269
269
270
270
273
273
273
274
279
279
280
280
280
281
281
282
282
282
282
282
282
283
283
284
285
287
287
287
288
288
290
291
296
297
301
301
301
301
302
302
302
302
303
303
304
305
310
310
310
310
311
313
313
313
314
317
319
319
320
322
323
324
324
324
325
326
328
328
330
331
331
332
332
332
333
333
334
334
335
336
337
338
340
340
341
343
343
343
345
346
346
346
348
348
348
349
349
350
351
352
355
355
355
356
357
359
360
361
364
364
364
365
365
365
366
367
367
367
367
368
368
368
371
372
374
376
376
376
377
377
377
377
377
378
379
381
381
381
381
381
382
382
382
382
383
383
383
384
384
387
388
389
389
392
392
392
392
394
395
395
395
399
403
403
403
406
406
407
408
408
409
409
413
413
415
426
426
427
429
429
430
431
431
432
432
432
433
434
435
436
436
437
439
440
441
441
441
441
442
443
445
446
446
446
448
448
448
449
450
450
451
451
451
452
452
453
453
454
454
455
456
456
457
460
464
464
465
465
466
469
469
469
470
471
471
475
475
476
477
477
478
478
480
480
481
482
486
487
487
489
491
493
494
495
498
499
501
503
504
504
504
505
505
511
513
520
522
522
526
526
528
529
529
529
532
534
535
537
540
541
541
544
545
546
549
553
554
554
563
564
566
567
568
568
569
569
569
569
572
573
575
575
575
575
575
576
579
579
580
582
582
583
583
583
583
583
583
584
585
586
586
586
586
587
588
588
589
590
590
590
591
591
591
594
595
596
596
597
597
598
599
599
600
600
601
601
601
601
602
604
604
605
606
606
607
608
608
608
610
611
620
623
625
625
625
625
625
626
626
626
626
627
627
628
629
630
631
632
632
633
634
634
634
635
635
636
637
637
637
637
638
641
641
641
642
643
645
647
648
649
650
650
653
653
653
654
656
657
657
658
659
659
664
664
668
669
672
673
675
675
676
676
680
684
686
687
690
690
692
692
692
693
699
703
703
707
709
709
710
712
712
716
717
717
717
717
718
718
718
719
719
719
720
721
722
723
723
730
730
731
731
733
733
734
734
734
734
736
736
737
739
740
741
741
741
742
743
745
746
747
749
749
749
750
752
752
753
754
754
756
756
756
759
760
760
762
764
766
767
767
768
768
769
771
771
774
775
776
776
785
789
789
789
789
796
799
802
804
804
804
805
805
808
808
809
811
811
812
816
816
820
821
822
823
823
824
824
824
824
825
825
825
825
825
825
826
828
829
830
831
831
832
832
832
833
835
837
837
844
848
851
859
860
860
862
863
863
863
865
866
867
876
876
882
891
894
896
897
898
904
905
905
906
906
907
907
909
909
910
910
917
917
925
927
929
930
930
931
933
933
933
934
936
938
941
941
942
942
943
943
944
945
946
949
949
949
949
949
949
950
951
951
953
953
953
953
957
957
959
959
959
960
961
961
961
962
966
971
971
975
983
1010
1012
1015
1017
1017
1018
1019
1020
1027
1031
1035
1059
1064
1084
1135
1162
1163
1165
1167
1174
1175
1175
1175
1176
1176
1177
1177
1180
1184
1190
1202
1202
1205
1206
1206
1207
1210
1221
1239
1321
1322
1323
1347
1347
1358
1362
1363
1367
1387
1400
1417
1418
1421
1423
1432
1432
1432
1432
1435
1435
1436
1440
1441
1441
1449
1450
1451
1453
1453
1454
1455
1458
1463
1463
1467
1467
1468
1472
1476
1481
1487
1487
1488
1489
1490
1493
1495
1498
1499
1507
1507
1507
1507
1510
1510
1516
1516
1517
1517
1517
1517
1517
1517
1518
1519
1520
1521
1522
1523
1524
1525
1527
1528
1528
1529
1529
1530
1530
1530
1531
1533
1533
1533
1533
1533
1534
1534
1535
1536
1536
1536
1537
1537
1540
1542
1543
1545
1545
1547
1549
1550
1550
1551
1551
1552
1552
1552
1553
1554
1554
1555
1557
1559
1559
1559
1560
1561
1561
1561
1561
1563
1565
1566
1567
1570
1570
1571
1574
1574
1575
1576
1576
1576
1577
1578
1578
1579
1580
1581
1581
1581
1581
1582
1583
1584
1592
1594
1595
1596
1596
1596
1597
1599
1599
1600
1600
1601
1602
1602
1603
1605
1605
1606
1607
1608
1611
1612
1612
1614
1614
1614
1615
1616
1617
1618
1620
1620
1624
1625
1625
1625
1626
1627
1627
1628
1628
1628
1628
1628
1629
1629
1629
1629
1629
1630
1630
1630
1630
1630
1631
1632
1632
1633
1633
1636
1638
1639
1641
1642
1643
1643
1644
1645
1645
1645
1646
1646
1646
1648
1651
1653
1656
1656
1657
1657
1658
1660
1662
1663
1666
1666
1667
1667
1670
1675
1676
1676
1676
1677
1677
1678
1679
1680
1681
1683
1684
1684
1684
1684
1684
1687
1687
1688
1689
1689
1690
1692
1693
1694
1695
1695
1695
1697
1697
1698
1699
1700
1700
1703
1705
1706
1706
1707
1708
1709
1711
1711
1711
1711
1711
1711
1713
1713
1713
1713
1714
1714
1715
1716
1717
1718
1719
1719
1719
1719
1720
1720
1722
1723
1723
1724
1725
1725
1726
1727
1728
1728
1728
1729
1731
1731
1732
1732
1733
1735
1735
1736
1736
1738
1739
1739
1740
1740
1740
1742
1743
1744
1744
1745
1747
1749
1751
1752
1754
1757
1757
1757
1757
1758
1759
1759
1768
1771
1772
1777
1782
1786
1787
1788
1788
1791
1794
1794
1801
1804
1807
1813
1815
1816
1821
1821
1821
1822
1823
1824
1824
1825
1829
1829
1830
1832
1833
1839
1840
1844
1844
1844
1856
1859
1867
1869
1870
1870
1881
1882
1889
1891
1891
1891
1900
1902
1915
1922
1928
1929
1929
1929
1930
1932
1933
1933
1937
1938
1939
1941
1944
1945
1946
1950
1953
1955
1958
1958
1961
1969
1974
1977
1978
1985
1991
1991
1991
1992
1992
1995
1995
1996
2011
2021
2022
2024
2024
2025
2032
2033
2033
2037
2040
2041
2053
2056
2058
2059
2060
2061
2065
2073
2073
2073
2078
2079
2079
2080
2081
2081
2082
2085
2086
2087
2089
2103
2105
2107
2108
2111
2114
2117
2129
2130
2131
2131
2132
2133
2134
2145
2151
2152
2162
2162
2183
2192
2194
2194
2199
2204
2213
2227
2229
2231
2237
2247
2250
2250
2251
2267
2267
2296
2330
2331
2331
2341
2349
2350
2351
2352
2353
2353
2354
2390
2391
2391
2405
2434
2434
2436
2447
2450
2472
2476
2477
2478
2479
2481
2481
2483
2486
2497
2504
2505
2507
2516
2531
2546
2547
2557
2558
2559
2560
2563
2563
2570
2571
2572
2572
2573
2573
2574
2574
2581
2581
2585
2587
2593
2600
2602
2606
2615
2616
2616
2755
2773
2774
2874
2874
2874
2879
2900
2918
2921
2974
2974
2974
2979
2979
2984
2984
2984
2984
2987
2988
3019
3026
3027
3032
3032
3032
3032
3032
3033
3041
3043
3043
3044
3044
3045
3060
3061
3062
3067
3067
3068
3069
3070
3070
3071
3077
3077
3084
3089
3095
3095
3096
3098
3102
3108
3110
3112
3121
3121
3124
3125
3125
3126
3126
3128
3128
3128
3129
3130
3130
3131
3131
3132
3133
3135
3136
3136
3138
3139
3139
3139
3140
3140
3141
3141
3141
3141
3142
3143
3143
3144
3148
3148
3149
3149
3149
3150
3153
3153
3154
3155
3156
3157
3164
3164
3165
3165
3166
3169
3170
3170
3174
3176
3176
3177
3177
3179
3179
3179
3180
3181
3182
3183
3184
3184
3186
3186
3189
3192
3192
3192
3192
3197
3199
3199
3203
3205
3205
3210
3210
3216
3222
3230
3232
3232
3236
3236
3238
3246
3249
3260
3260
3261
3264
3264
3265
3270
3270
3282
3286
3286
3293
3297
3298
3300
3306
3309
3312
3314
3316
3317
3320
3328
3330
3332
3333
3335
3356
3357
3358
3370
3370
3388
3400
3401
3411
3412
3424
3427
3435
3435
3468
3468
3469
3481
3490
3493
3495
3501
3501
3513
3515
3529
3529
3530
3536
3545
3545
3545
3545
3546
3562
3575
3575
3576
3576
3589
3604
3620
3923
3943
3951
3952
3967
3975
3976
3984
3997
4006
4105
4105
4106
4106
4106
4107
4163
4198
4245
4267
4305
4308
4308
4308
4308
4310
4321
4321
4373
4384
4391
4393
4396
4414
4427
4446
4468
4492
4514
4516
4517
4519
4545
4546
4546
4553
4553
4553
4568
4570
4576
4590
4594
4605
4608
4628
4629
4631
4634
4638
4638
4642
4644
4647
4648
4660
4661
4665
4667
4673
4674
4687
4691
4695
4699
4700
4708
4709
4710
4710
4711
4712
4712
4713
4716
4719
4720
4720
4720
4721
4721
4731
4731
4732
4733
4734
4740
4750
4752
4752
4760
4773
4780
4786
4800
4846
4857
4882
4885
4890
4897
4898
4900
4914
4934
4946
4965
4967
4971
4981
4987
4990
4991
4992
4993
4994
4999
5001
5010
5010
5025
5026
5043
5044
5044
5046
