1
2
3
4
5
5
6
6
6
6
6
7
7
7
7
7
7
7
7
7
8
8
8
8
8
8
8
8
8
8
8
8
9
9
9
9
9
9
9
9
9
9
9
10
10
10
10
10
10
10
11
11
11
11
11
11
11
12
12
12
12
12
12
12
12
12
13
13
13
14
14
14
14
15
15
15
16
16
16
16
17
17
17
17
17
18
18
18
18
18
18
18
18
18
18
19
19
19
19
20
20
20
20
20
20
20
20
21
21
21
21
21
21
21
22
22
22
22
23
23
23
23
23
23
24
24
24
24
24
25
25
25
26
26
26
26
26
27
27
27
27
27
28
28
28
28
29
29
29
29
29
29
29
30
30
31
32
32
33
33
34
34
35
35
35
35
35
35
35
36
37
37
37
37
37
37
37
37
37
37
38
38
38
38
38
38
39
39
39
39
39
40
40
40
41
41
42
42
43
43
43
43
43
45
45
45
46
46
46
47
47
47
47
47
48
48
48
48
49
49
49
49
49
49
49
49
49
49
49
50
50
50
51
52
52
53
53
53
54
54
54
54
54
54
55
55
55
56
57
57
57
57
57
58
58
58
58
58
58
59
59
59
59
59
60
60
60
60
61
61
62
62
62
63
63
63
63
63
64
64
64
64
64
64
65
65
65
65
66
66
66
66
66
66
66
67
67
67
67
68
68
68
68
68
68
68
68
68
68
69
69
69
69
69
69
69
69
69
69
69
69
69
70
70
70
71
71
71
71
71
71
71
71
71
71
71
71
71
72
72
72
72
72
72
72
72
72
73
73
73
73
73
73
73
73
74
74
74
74
74
74
74
74
75
75
75
75
75
75
76
76
76
76
76
76
76
76
77
77
78
79
79
79
79
79
79
79
79
80
80
80
80
80
81
81
81
82
82
82
82
83
83
83
83
83
83
83
83
83
83
83
84
84
84
85
85
85
85
85
86
86
86
86
87
87
87
87
87
88
88
88
88
88
88
88
88
89
89
89
90
90
90
90
90
91
91
91
91
92
92
92
92
92
93
93
93
93
93
93
94
94
95
95
96
96
96
96
97
97
97
97
98
99
99
99
100
100
100
101
101
102
102
103
104
104
104
105
105
105
106
106
107
107
108
108
108
108
109
109
109
109
109
109
110
110
110
110
110
110
111
111
111
111
111
111
111
111
111
112
112
112
112
112
113
113
113
113
113
113
113
113
113
114
114
114
114
114
114
114
115
115
115
115
115
116
116
116
116
116
116
117
117
117
117
117
117
118
118
118
119
119
119
119
119
119
119
120
120
120
120
120
120
121
121
121
121
121
122
122
122
122
122
122
123
123
123
123
124
124
124
124
124
124
124
124
125
125
125
125
125
125
125
125
126
126
127
127
127
127
127
127
127
128
128
128
128
130
130
130
131
131
131
131
131
131
131
132
132
133
133
133
134
134
134
134
134
135
135
135
135
136
136
136
136
137
137
138
138
139
139
139
140
140
141
141
142
142
142
142
142
143
143
143
143
143
143
143
143
143
143
144
144
144
144
144
144
144
145
145
145
145
145
145
145
146
146
146
147
147
147
147
148
148
148
148
148
149
149
149
149
149
150
150
150
152
152
152
152
153
153
153
153
153
154
154
154
154
154
155
155
155
156
156
156
156
156
156
157
157
157
158
159
159
159
159
160
160
160
160
160
161
161
162
163
163
163
163
164
164
164
164
164
164
164
165
165
165
166
166
166
166
167
167
167
167
167
167
167
167
167
168
168
168
168
168
168
168
168
168
168
169
169
170
170
170
170
170
170
171
171
171
171
171
171
173
174
174
174
175
175
175
175
176
176
176
176
177
177
177
177
178
178
178
179
179
180
180
180
181
181
181
182
182
182
182
182
183
183
183
183
184
184
184
184
184
185
185
185
185
186
186
186
186
186
188
188
188
189
189
189
189
190
190
191
191
191
192
192
193
193
194
194
194
194
194
194
195
195
195
196
196
196
196
196
196
196
196
197
198
198
198
199
199
199
199
199
200
200
200
200
200
201
202
202
202
202
203
203
204
204
204
204
204
205
206
207
207
207
210
210
210
211
212
212
212
212
213
213
214
214
215
215
216
217
217
218
219
219
220
222
222
223
224
224
224
225
226
227
228
228
229
229
230
230
232
233
233
233
234
234
236
236
237
237
237
238
238
242
242
243
243
243
246
247
247
248
249
249
249
250
250
251
251
252
256
256
256
257
257
257
257
259
260
260
262
267
276
276
280
281
283
285
286
287
291
291
295
296
296
297
300
301
304
305
309
309
310
315
316
324
328
331
341
341
341
346
348
349
350
350
350
352
352
352
361
370
377
380
380
384
386
386
400
402
411
412
412
413
414
417
417
422
440
440
442
453
454
454
454
455
457
458
461
462
465
465
466
466
466
467
468
468
469
469
469
470
470
471
472
475
475
476
476
479
480
480
480
482
482
484
486
487
487
487
487
488
490
491
492
493
494
498
505
507
554
555
609
637
638
652
656
657
662
665
667
668
669
671
673
680
681
681
690
690
690
691
694
729
729
731
732
732
735
735
735
736
740
740
743
746
747
751
753
759
763
770
770
771
771
771
782
785
785
786
793
799
800
805
820
821
823
823
825
827
827
828
829
836
841
845
847
849
851
851
852
854
871
875
875
881
881
885
893
894
895
897
907
908
919
920
923
934
940
941
948
948
959
962
963
1001
1006
1029
1029
1064
1070
1072
1076
1077
1077
1078
1079
1080
1090
1094
1097
1097
1099
1101
1104
1105
1118
1150
1165
1175
1175
1182
1210
1211
1211
1212
1213
1214
1214
1215
1215
1215
1215
1215
1216
1216
1217
1218
1220
1221
1221
1223
1224
1226
1232
1233
1233
1234
1235
1236
1238
1241
1249
1249
1250
1251
1252
1256
1285
1291
1299
1305
1306
1311
1312
1312
1317
1318
1318
1318
1318
1319
1321
1321
1323
1323
1323
1324
1324
1328
1335
1342
1397
1398
1399
1399
1402
1403
1404
1407
1410
1416
1417
1418
1424
1425
1425
1425
1426
1427
1428
1430
1431
1432
1433
1434
1434
1435
1435
1436
1436
1436
1437
1438
1438
1438
1439
1439
1439
1440
1440
1440
1441
1441
1441
1441
1443
1443
1443
1444
1444
1445
1445
1445
1445
1445
1446
1446
1446
1446
1446
1446
1447
1447
1447
1447
1447
1447
1447
1448
1448
1449
1449
1450
1450
1450
1450
1450
1450
1451
1451
1451
1451
1452
1452
1452
1452
1452
1452
1452
1453
1453
1453
1453
1453
1453
1453
1453
1453
1454
1454
1454
1455
1455
1455
1455
1455
1455
1456
1456
1456
1456
1456
1457
1460
1460
1460
1461
1461
1463
1463
1463
1465
1465
1465
1465
1465
1465
1466
1467
1467
1467
1467
1467
1468
1468
1468
1468
1469
1469
1469
1469
1470
1470
1471
1471
1472
1472
1474
1474
1475
1475
1476
1477
1477
1477
1477
1477
1478
1478
1478
1479
1479
1479
1480
1480
1480
1480
1481
1481
1481
1481
1482
1482
1482
1482
1482
1482
1483
1483
1484
1484
1484
1485
1485
1487
1487
1490
1492
1493
1494
1495
1496
1496
1498
1499
1500
1501
1504
1504
1504
1504
1505
1505
1505
1505
1505
1505
1506
1506
1506
1506
1509
1510
1511
1511
1512
1512
1513
1516
1518
1520
1521
1522
1522
1523
1523
1525
1525
1527
1529
1530
1530
1530
1531
1531
1532
1535
1535
1537
1538
1538
1539
1541
1542
1542
1542
1543
1544
1547
1547
1547
1548
1548
1554
1555
1555
1555
1559
1559
1559
1562
1566
1569
1573
1575
1575
1575
1575
1575
1575
1581
1583
1583
1583
1584
1586
1589
1590
1590
1593
1596
1601
1601
1603
1603
1605
1605
1606
1606
1608
1608
1611
1612
1614
1617
1620
1621
1626
1626
1627
1628
1630
1632
1633
1633
1633
1633
1635
1636
1636
1637
1641
1643
1647
1647
1648
1648
1648
1648
1651
1653
1655
1656
1656
1658
1661
1664
1666
1668
1669
1670
1673
1674
1674
1675
1679
1679
1679
1679
1680
1683
1685
1685
1687
1691
1697
1698
1699
1700
1702
1702
1703
1703
1703
1703
1704
1704
1706
1712
1716
1717
1717
1718
1718
1724
1725
1726
1728
1728
1730
1735
1735
1750
1750
1751
1751
1752
1753
1754
1755
1755
1755
1756
1756
1760
1762
1763
1764
1766
1767
1773
1780
1780
1781
1782
1782
1782
1783
1783
1785
1788
1788
1788
1789
1790
1791
1791
1791
1791
1792
1792
1792
1793
1795
1795
1797
1798
1799
1799
1799
1799
1800
1800
1800
1801
1802
1802
1803
1805
1806
1809
1809
1810
1812
1812
1812
1814
1814
1814
1814
1815
1815
1815
1815
1815
1815
1815
1815
1815
1816
1816
1816
1816
1816
1816
1816
1817
1818
1819
1821
1823
1823
1823
1824
1824
1824
1824
1830
1831
1837
1850
1904
1994
2003
2005
2009
2012
2013
2013
2013
2013
2014
2014
2014
2015
2016
2018
2018
2019
2019
2019
2021
2023
2024
2028
2028
2032
2032
2034
2034
2038
2040
2043
2044
2045
2045
2050
2051
2052
2052
2095
2095
2102
2102
2104
2107
2110
2111
2120
2127
2128
2132
2139
2140
2143
2143
2157
2224
2272
2352
2385
2387
2394
2398
2401
2403
2408
2416
2418
2427
2428
2453
2484
2484
2488
2490
2494
2496
2506
2506
2506
2507
2511
2513
2514
2520
2523
2528
2531
2541
2547
2555
2557
2560
2560
2561
2561
2562
2562
2562
2563
2563
2569
2569
2569
2570
2570
2570
2571
2571
2571
2572
2573
2575
2575
2580
2581
2584
2586
2666
2666
2668
2677
2678
2679
2680
2680
2683
2683
2684
2688
2688
2691
2700
2705
2711
2713
2713
2734
2824
2829
2831
2837
2846
2850
2851
2852
2861
2887
2898
2898
2946
2961
2961
2964
2966
2970
2971
2971
2973
2974
2976
2977
2978
2979
2981
2985
2986
3000
3001
3010
3010
3012
3013
3014
3027
3039
3039
3046
3047
3058
3058
3067
3067
3068
3068
3068
3069
3092
3095
3101
3101
3101
3101
3107
3107
3108
3108
3108
3108
3113
3114
3116
3117
3117
3123
3123
3123
3124
3124
3130
3132
3134
3136
3137
3138
3138
3139
3141
3141
3142
3142
3143
3145
3146
3150
3151
3151
3151
3152
3152
3154
3155
3156
3157
3157
3159
3159
3160
3161
3161
3162
3163
3166
3167
3170
3171
3173
3173
3186
3188
3196
3197
3198
3199
3200
3202
3204
3204
3204
3204
3204
3205
3205
3207
3209
3209
3209
3210
3210
3212
3213
3213
3218
3221
3223
3224
3225
3235
3245
3247
3247
3248
3255
3255
3257
3259
3261
3266
3268
3269
3273
3273
3273
3274
3276
3279
3282
3283
3288
3293
3320
3320
3324
3325
3326
3329
3330
3330
3360
3373
3378
3455
3462
3466
3468
3480
3486
3517
3518
3521
3526
3529
3534
3536
3538
3538
3539
3541
3547
3601
3606
3607
3628
3628
3630
3678
3679
3681
3681
3704
3709
3719
3726
3728
3729
3748
3751
3799
3873
3883
3883
3887
3887
3895
3955
3960
3984
4013
4028
4093
4093
4125
4125
4125
4159
4175
4176
4176
4176
4176
4250
4267
4419
4452
4503
4503
4503
4504
4504
4505
4505
4507
4509
4510
4511
4514
4518
4530
4530
4530
4563
4592
4593
4594
4596
4622
4624
4669
4670
4670
4672
4673
4673
4678
4679
4691
4692
4695
4705
4729
4729
4730
4731
4734
4736
4760
4776
4781
4806
4816
4831
4832
4833
4840
4845
4869
4874
4897
4971
4971
4971
4992
4994
5119
5195
5257
5277
5313
5320
5467
5478
5483
5484
5488
5760
5877
5878
5887
5887
5888
5896
5899
5906
5906
5907
5932
6062
6079
6111
6115
6120
6196
6305
6305
6309
6321
6322
6331
6360
6368
6368
6370
6377
6381
6391
6412
6416
6422
6426
6427
6430
6430
6436
6438
6438
6440
6441
6442
6564
6565
6571
6571
6575
6581
6581
6581
6583
6586
6591
6992
7006
7017
7025
7027
7029
7031
7032
7033
7035
7039
7043
7045
7046
7047
7064
7077
7081
7082
7090
7092
7097
7138
7196
7328
7329
7330
7372
7372
7374
7415
7420
7421
7422
7444
7557
7558
7560
7562
7566
7566
7566
7567
7568
7574
7577
7577
7579
7580
7581
7584
7589
7591
7591
7591
7594
7599
7600
7608
7667
7677
7682
7687
7691
7727
7728
7730
7745
7746
7747
7748
7750
7902
7905
7918
7935
7936
7936
7939
7943
7944
7958
7968
7975
7976
7980
7980
7981
7981
7983
7984
7988
7991
7995
8000
8000
8001
8002
8007
8008
8011
8013
8014
8015
8016
8016
8017
8018
8032
8032
8033
8033
8033
8035
8036
