0
2
2
5
6
7
7
7
7
7
7
7
7
7
7
7
8
8
8
8
8
8
8
8
8
9
9
9
9
9
9
9
9
9
9
9
9
9
9
9
9
10
10
10
10
10
10
10
11
11
11
11
11
11
12
12
12
12
12
12
12
12
13
13
13
13
13
13
13
13
13
13
14
14
14
14
14
14
14
14
15
15
15
15
15
15
15
15
15
15
15
15
15
16
16
16
16
16
16
17
17
17
17
18
18
18
18
18
18
18
18
18
18
19
19
19
20
20
20
20
20
20
20
20
20
21
21
22
22
22
22
22
22
22
22
22
23
23
23
23
23
23
23
23
23
23
23
24
24
24
24
24
24
24
25
25
25
25
25
26
26
27
27
27
27
27
27
28
29
29
29
29
29
29
29
30
30
31
31
31
32
32
32
32
33
33
33
33
33
33
33
33
33
33
34
35
35
35
35
35
36
36
36
36
36
36
37
37
37
37
37
37
37
37
37
37
37
38
38
38
38
38
38
38
39
39
39
39
39
39
39
40
40
40
40
40
40
40
40
41
41
41
41
41
42
42
42
42
42
42
42
42
43
43
43
44
44
44
44
45
45
45
45
45
46
46
46
47
47
47
48
48
48
48
48
48
48
48
48
48
48
49
49
49
49
50
50
50
50
50
51
51
51
52
52
52
52
53
53
54
54
54
55
55
55
56
56
56
56
57
57
57
58
58
58
58
58
58
58
58
58
60
60
60
61
61
61
61
61
61
61
61
62
62
62
62
62
62
62
62
62
63
63
63
64
64
64
64
64
64
64
64
64
65
65
65
65
65
65
66
66
66
67
67
67
67
67
67
67
67
68
68
68
69
69
69
69
69
69
69
70
70
70
70
71
72
72
72
72
73
73
73
74
74
74
75
75
76
76
76
76
77
77
77
77
77
78
78
78
79
79
79
80
80
80
80
80
81
81
81
81
81
82
82
82
83
83
83
83
83
83
84
84
84
85
85
86
86
86
86
86
87
87
87
88
88
88
88
89
89
89
89
90
90
90
91
91
91
91
92
92
92
92
92
92
92
93
93
93
93
93
94
94
94
94
95
95
95
97
97
97
97
97
97
98
98
98
99
99
99
100
100
100
100
100
100
100
100
100
101
101
101
102
102
102
102
103
103
103
103
104
104
105
105
105
105
105
105
105
105
106
106
106
106
106
106
107
107
107
107
107
107
107
107
107
107
108
108
108
108
108
108
109
109
109
109
109
109
109
109
110
111
111
111
111
112
112
112
112
112
113
113
113
113
113
113
113
114
114
114
114
114
114
114
115
115
115
115
116
116
116
116
116
117
117
117
117
117
117
117
117
117
117
117
118
118
118
118
118
119
119
119
119
119
119
119
119
119
120
120
120
120
120
120
121
121
121
121
121
122
122
122
122
123
123
123
123
123
123
123
123
123
124
124
124
124
125
125
125
125
126
126
126
126
126
126
126
126
127
127
127
127
127
127
128
128
128
129
129
129
129
130
131
131
131
132
132
132
132
132
133
133
133
133
134
134
134
134
135
135
135
135
135
135
136
136
136
136
136
136
136
136
137
137
137
138
138
138
138
138
139
139
139
139
140
140
140
141
141
141
141
141
142
142
142
142
142
142
143
143
143
143
143
143
143
144
144
144
144
144
145
145
145
145
145
146
147
147
147
147
147
147
147
148
149
149
149
150
150
150
150
150
151
151
151
151
151
151
152
152
152
152
152
153
153
153
153
153
153
153
153
153
153
154
154
155
155
155
155
155
155
155
156
156
156
157
157
158
158
159
160
160
161
161
161
161
163
163
163
165
165
165
165
165
166
167
167
168
168
168
169
169
170
170
170
170
170
170
171
171
171
172
172
172
173
173
173
173
173
173
173
174
174
174
174
174
174
175
175
175
175
175
176
176
176
176
177
177
177
178
178
178
179
179
179
179
179
180
180
180
180
181
181
181
181
181
181
182
182
183
183
183
183
185
185
185
185
186
186
187
188
188
188
189
189
189
189
189
189
190
190
190
190
190
190
190
190
191
191
191
191
191
192
193
193
194
194
194
194
194
194
194
195
195
195
195
196
196
196
196
196
196
196
197
197
197
197
197
197
197
197
197
198
198
198
198
198
199
199
199
199
200
200
201
201
201
201
202
202
202
202
202
202
203
204
204
204
204
205
205
205
205
206
206
207
207
207
207
208
208
208
208
208
208
208
209
209
209
211
211
212
212
212
212
213
213
213
213
214
215
215
215
215
215
216
216
216
216
217
217
217
217
217
217
218
218
218
218
218
218
218
218
218
219
219
219
219
219
219
220
220
220
220
220
221
221
222
222
222
222
222
223
223
223
224
224
224
224
225
225
226
226
226
226
227
227
227
228
228
228
228
228
229
229
229
229
230
231
231
231
232
232
232
233
233
233
233
234
234
234
235
236
236
237
237
238
238
239
239
239
239
240
240
240
240
241
241
241
242
242
243
243
244
244
244
245
245
245
245
246
247
248
248
248
248
248
249
249
249
249
249
249
250
250
250
250
251
251
251
251
252
252
253
253
253
254
254
254
254
254
254
255
255
255
255
255
256
256
256
256
257
257
257
257
258
258
258
258
258
259
259
260
260
260
260
261
262
262
262
262
262
263
263
263
263
264
264
264
265
266
266
266
267
267
267
267
268
269
269
269
269
270
270
270
271
271
271
273
273
273
273
275
276
276
277
277
277
278
278
278
278
278
279
279
279
279
279
280
280
280
280
281
281
281
281
282
282
282
282
283
284
284
284
284
284
285
285
287
288
289
289
291
291
291
291
292
292
292
292
292
292
293
293
293
293
294
294
294
295
296
296
297
298
299
299
299
300
300
301
302
303
305
305
305
305
306
308
308
309
310
311
311
311
312
312
316
320
322
323
324
324
328
329
330
330
330
332
332
332
332
332
332
333
333
334
334
335
335
335
336
336
338
339
340
347
349
352
356
357
361
362
363
363
363
363
363
364
366
366
373
374
380
382
385
389
409
417
430
439
444
445
446
476
477
481
487
488
492
497
497
498
502
502
513
513
522
522
528
531
531
532
534
535
536
537
542
544
545
548
548
548
549
550
558
563
564
566
566
567
568
568
569
571
575
577
579
579
584
584
586
587
588
589
593
593
593
596
599
604
611
614
617
617
630
632
632
633
635
635
636
636
650
650
670
677
679
680
680
681
681
682
685
689
691
692
695
700
706
715
716
718
719
723
724
725
727
731
745
745
746
746
747
747
749
760
763
763
764
768
768
777
785
789
791
791
793
793
803
804
804
812
818
822
837
868
872
875
882
898
907
907
909
917
918
935
935
939
958
967
967
970
970
970
971
971
972
978
978
978
978
978
978
979
980
986
987
989
990
1003
1004
1004
1005
1006
1006
1007
1010
1011
1012
1014
1049
1049
1052
1053
1054
1064
1068
1071
1071
1071
1072
1076
1077
1079
1082
1084
1085
1086
1091
1092
1095
1096
1096
1103
1108
1113
1115
1115
1116
1118
1119
1119
1140
1143
1144
1149
1150
1154
1155
1162
1164
1168
1171
1172
1177
1179
1183
1188
1189
1194
1194
1195
1203
1219
1236
1239
1281
1292
1313
1315
1364
1364
1427
1427
1427
1429
1430
1430
1430
1430
1430
1435
1435
1435
1436
1436
1437
1438
1438
1439
1442
1443
1443
1444
1445
1445
1446
1447
1447
1447
1448
1448
1450
1451
1452
1452
1452
1453
1454
1455
1455
1455
1456
1456
1456
1456
1456
1460
1461
1462
1462
1463
1464
1464
1464
1464
1465
1466
1467
1467
1468
1468
1468
1469
1469
1469
1470
1470
1470
1472
1472
1473
1474
1474
1474
1475
1475
1476
1477
1477
1478
1478
1478
1478
1478
1479
1480
1480
1480
1481
1481
1482
1482
1483
1483
1483
1483
1483
1484
1484
1486
1486
1487
1487
1488
1488
1488
1488
1488
1488
1489
1489
1489
1489
1489
1489
1490
1490
1490
1490
1490
1490
1490
1491
1491
1491
1491
1491
1493
1493
1493
1494
1494
1494
1495
1496
1497
1497
1498
1498
1498
1499
1499
1499
1499
1499
1499
1499
1499
1500
1501
1502
1503
1503
1503
1504
1504
1505
1511
1511
1512
1513
1515
1517
1519
1521
1525
1525
1526
1527
1527
1528
1528
1529
1530
1530
1532
1533
1534
1535
1535
1536
1537
1540
1540
1541
1542
1542
1542
1545
1547
1547
1551
1553
1553
1554
1556
1558
1564
1564
1565
1567
1567
1568
1568
1568
1568
1568
1568
1571
1572
1572
1572
1577
1578
1580
1583
1584
1587
1587
1588
1589
1591
1591
1592
1592
1593
1601
1601
1602
1603
1603
1605
1607
1607
1607
1608
1611
1612
1612
1612
1612
1615
1615
1615
1615
1616
1616
1618
1619
1620
1622
1623
1623
1624
1624
1624
1624
1625
1626
1627
1627
1627
1628
1628
1628
1628
1628
1630
1632
1632
1635
1637
1638
1641
1642
1642
1644
1645
1646
1647
1649
1650
1650
1651
1651
1652
1653
1654
1656
1657
1661
1661
1663
1664
1664
1666
1666
1666
1667
1668
1668
1669
1670
1670
1671
1672
1673
1673
1673
1675
1675
1676
1678
1678
1678
1678
1679
1680
1680
1680
1680
1680
1681
1681
1684
1684
1685
1685
1685
1685
1685
1685
1686
1687
1687
1690
1691
1692
1692
1692
1692
1693
1693
1693
1693
1695
1697
1698
1699
1699
1700
1701
1701
1703
1705
1706
1706
1707
1707
1708
1709
1710
1711
1711
1712
1713
1714
1714
1715
1715
1716
1716
1716
1716
1716
1716
1716
1716
1716
1717
1717
1717
1719
1719
1720
1722
1722
1722
1725
1725
1725
1726
1726
1726
1727
1729
1729
1731
1732
1732
1733
1733
1733
1733
1734
1735
1735
1735
1738
1738
1740
1741
1742
1743
1743
1744
1744
1745
1746
1748
1748
1749
1753
1754
1755
1760
1762
1765
1765
1765
1766
1767
1768
1769
1769
1778
1779
1780
1782
1783
1784
1784
1785
1785
1785
1785
1786
1786
1786
1792
1793
1794
1796
1801
1801
1802
1802
1802
1803
1805
1805
1805
1808
1810
1813
1817
1822
1825
1830
1831
1831
1831
1832
1844
1851
1855
1860
1861
1863
1864
1864
1867
1867
1876
1880
1885
1886
1888
1888
1890
1892
1893
1897
1898
1904
1906
1906
1907
1910
1910
1916
1917
1917
1922
1922
1923
1923
1923
1924
1926
1927
1935
1952
1964
1965
1997
2017
2030
2032
2036
2040
2041
2047
2061
2070
2084
2089
2090
2125
2125
2125
2159
2164
2165
2167
2172
2175
2176
2180
2182
2187
2231
2245
2248
2248
2249
2252
2259
2261
2271
2275
2278
2278
2279
2281
2281
2282
2286
2286
2288
2301
2302
2302
2302
2303
2309
2337
2357
2359
2360
2370
2372
2374
2375
2379
2382
2389
2390
2390
2390
2393
2394
2399
2399
2422
2459
2526
2532
2532
2534
2536
2539
2539
2548
2550
2624
2628
2631
2632
2638
2692
2695
2698
2698
2704
2708
2708
2719
2799
2968
2971
2973
2974
2974
2976
2976
2976
2977
2977
2979
2979
2983
2987
2991
2997
3006
3015
3017
3050
3051
3058
3070
3075
3076
3083
3083
3085
3095
3096
3100
3100
3101
3102
3109
3110
3113
3113
3113
3116
3116
3118
3119
3121
3121
3122
3122
3122
3123
3126
3135
3135
3137
3137
3139
3151
3151
3151
3155
3163
3166
3169
3174
3174
3174
3176
3180
3181
3181
3181
3181
3182
3183
3184
3184
3186
3186
3188
3188
3188
3191
3192
3192
3194
3195
3196
3196
3197
3199
3200
3203
3203
3203
3204
3208
3208
3208
3222
3223
3243
3243
3244
3247
3262
3264
3269
3269
3290
3291
3295
3297
3298
3307
3307
3309
3311
3322
3324
3335
3336
3337
3339
3343
3343
3345
3346
3346
3347
3349
3349
3349
3349
3350
3350
3350
3350
3350
3351
3353
3354
3354
3354
3355
3356
3358
3361
3364
3367
3369
3374
3375
3376
3376
3380
3397
3397
3410
3412
3435
3452
3455
3458
3461
3466
3471
3490
3503
3511
3523
3544
3545
3549
3549
3624
3632
3652
3694
3757
4138
4138
4156
4270
4270
4271
4271
4271
4271
4272
4349
