1
2
3
4
5
5
6
7
7
8
8
8
8
8
9
9
9
10
10
10
10
10
10
10
10
11
11
11
11
11
11
11
11
11
11
12
12
12
12
12
12
12
12
12
13
13
13
13
13
13
13
14
14
14
14
14
14
14
14
14
14
14
14
15
15
15
15
15
15
15
15
15
15
16
16
16
16
16
16
16
16
17
17
17
17
17
17
17
18
18
18
18
18
18
18
18
18
18
19
19
19
19
19
19
19
19
19
19
19
19
19
19
19
19
20
20
20
20
20
20
20
21
21
21
21
21
21
21
21
21
22
22
22
22
22
22
23
23
23
23
23
24
24
25
25
25
25
26
26
26
26
27
27
27
27
27
27
28
28
28
28
28
28
28
29
29
29
30
30
30
31
31
31
31
31
31
31
31
32
32
32
32
32
32
33
34
34
34
34
34
34
34
35
35
35
35
36
36
36
36
36
36
36
36
37
37
37
37
37
38
38
38
38
38
38
39
39
39
39
39
39
39
39
39
39
39
39
40
41
41
41
41
42
42
42
42
42
43
43
43
43
43
43
43
43
44
44
44
44
44
45
45
45
45
45
45
46
46
47
47
47
47
48
48
48
48
48
49
49
49
49
49
49
50
50
51
51
51
51
51
51
51
52
52
52
52
52
52
53
53
53
53
53
53
53
53
53
53
53
53
53
54
54
55
55
55
55
56
56
56
56
56
56
57
57
57
57
57
57
57
57
57
58
58
58
59
59
59
59
59
59
59
59
60
60
60
60
60
61
61
61
61
62
62
62
62
62
62
62
62
63
63
63
63
63
63
63
63
64
64
64
64
64
65
66
66
66
66
67
67
67
68
68
68
69
69
69
69
70
70
70
71
71
71
72
72
72
72
72
72
72
73
73
73
73
74
74
74
74
75
75
75
76
76
76
76
76
76
76
77
77
77
77
78
78
78
79
79
79
79
79
79
80
80
80
80
80
80
81
81
81
81
81
82
82
82
82
83
83
83
83
83
83
84
84
84
85
85
85
85
85
86
86
86
86
86
86
86
86
86
87
87
88
88
88
89
89
89
90
91
91
91
91
91
91
91
92
92
92
93
93
93
93
93
93
93
94
94
94
94
94
94
95
95
95
95
96
96
96
96
96
96
96
97
97
97
97
98
98
98
98
98
99
99
99
99
99
100
100
100
101
101
101
101
101
101
101
101
101
101
102
102
102
103
103
103
103
104
104
104
105
105
106
106
106
107
107
107
107
107
107
107
108
108
108
109
109
109
109
109
109
110
110
110
110
110
111
111
111
111
111
111
111
111
111
112
112
112
112
112
112
112
112
112
112
112
113
113
113
113
114
116
116
117
117
117
118
118
118
118
119
119
120
120
121
121
121
122
122
122
123
123
125
126
127
127
128
128
129
129
129
129
129
129
129
129
130
130
130
130
131
131
132
132
132
132
132
133
133
133
133
133
134
134
134
134
134
135
136
137
137
137
138
138
138
139
139
140
140
140
141
141
141
142
142
142
142
142
143
143
143
143
143
144
144
144
144
144
145
145
146
146
146
146
147
147
147
147
147
148
148
148
149
149
149
149
149
150
150
150
150
150
150
151
151
151
151
151
151
151
152
152
152
152
153
153
153
153
153
153
153
154
154
154
154
154
154
154
154
154
154
154
155
155
155
155
155
156
156
157
157
158
158
158
159
159
160
160
160
160
160
161
161
161
161
162
162
162
163
163
163
163
163
164
164
164
164
165
165
165
165
165
165
166
166
167
167
167
167
167
167
170
170
170
170
170
172
172
172
174
174
175
176
176
176
176
176
177
177
177
177
178
179
179
179
179
179
179
180
181
181
181
181
182
182
182
182
183
183
183
183
183
184
184
184
184
184
184
184
185
185
185
185
185
186
186
186
186
186
186
187
187
187
187
187
187
188
188
188
188
189
189
189
189
189
189
189
189
190
190
190
190
190
190
190
190
191
191
191
191
191
192
192
192
192
193
193
193
194
194
194
194
195
195
195
195
195
195
195
195
196
196
196
196
197
197
197
198
198
198
199
199
199
199
200
201
201
201
202
202
202
202
204
205
206
207
207
208
209
210
210
210
212
212
213
213
213
214
214
214
215
215
215
215
216
217
217
217
218
219
219
220
220
220
221
222
222
223
223
223
223
225
225
225
225
227
227
227
229
229
230
230
230
230
231
231
231
231
231
232
232
232
232
233
233
233
233
233
233
234
234
234
234
235
235
235
235
235
235
236
236
237
237
237
237
237
238
238
238
238
239
240
240
240
240
240
241
241
241
241
242
242
243
244
244
244
245
245
245
245
246
246
246
247
247
247
248
248
249
249
249
249
250
250
251
251
251
251
252
252
252
252
253
253
253
253
253
253
253
254
254
254
254
254
254
254
254
254
254
254
255
255
255
256
256
256
256
257
257
257
257
257
257
257
257
258
258
258
258
258
258
258
259
259
259
259
260
260
261
261
261
263
263
264
264
264
264
264
264
265
265
265
265
266
266
266
266
266
266
267
267
267
268
268
268
268
269
269
269
270
270
270
271
272
272
272
273
273
273
274
275
275
275
275
275
275
276
276
276
277
277
278
278
278
279
279
280
280
280
280
280
281
281
281
281
281
281
282
282
282
282
282
282
283
283
284
284
284
284
285
286
286
287
287
287
287
287
288
288
288
288
288
289
290
290
290
290
290
290
291
291
291
292
292
293
294
295
296
296
297
297
297
298
298
299
299
300
300
301
301
302
304
306
306
307
307
308
309
310
310
311
311
312
316
317
318
318
320
322
322
322
322
323
324
324
324
325
325
329
330
330
330
331
333
334
335
336
336
338
338
338
339
339
340
340
341
341
341
341
342
342
343
344
344
345
345
346
346
346
347
347
347
348
348
348
348
349
350
350
351
351
352
353
353
354
354
354
354
354
355
355
355
356
356
358
358
358
359
361
361
361
362
363
363
363
363
363
363
364
364
365
367
369
370
370
372
372
372
375
376
377
378
380
380
381
381
381
381
382
383
384
384
384
386
387
387
387
387
388
388
388
388
389
389
389
390
391
391
391
391
391
392
392
392
392
392
392
393
394
395
395
396
396
397
397
397
398
398
399
399
399
400
400
400
400
401
401
402
404
404
404
404
404
404
404
405
405
406
406
406
407
407
407
408
408
408
408
409
409
409
410
410
410
411
411
411
411
411
412
412
412
412
413
413
413
413
414
414
415
416
416
416
416
416
417
417
417
417
417
417
417
417
417
418
418
418
418
418
419
419
420
421
421
423
423
425
425
425
425
425
426
426
426
426
427
427
427
427
429
429
429
431
431
431
431
432
432
433
433
433
433
433
433
434
434
435
435
435
435
437
437
437
437
438
438
438
440
441
442
442
442
443
443
443
444
445
445
445
446
446
446
446
447
447
447
447
447
447
448
448
448
448
448
449
449
449
450
450
450
450
450
451
451
451
452
452
453
453
454
455
455
456
456
457
458
458
459
459
460
460
460
462
462
462
463
463
464
464
465
465
466
466
466
467
467
467
467
468
469
470
471
473
473
474
474
474
475
475
476
477
477
479
479
481
483
483
484
485
485
488
488
488
490
490
492
492
494
494
494
495
497
497
497
498
498
498
498
499
500
502
505
506
507
507
507
507
508
509
509
510
510
512
516
517
517
518
520
521
521
523
528
528
528
528
530
530
531
531
531
533
536
536
537
538
539
540
540
540
540
541
541
542
543
543
543
543
543
544
544
545
545
546
546
549
550
550
552
552
556
562
564
564
564
564
565
566
566
566
568
568
572
572
574
574
574
575
575
575
575
576
576
577
577
577
577
577
577
581
582
582
582
584
586
586
588
589
589
590
591
591
591
592
593
595
595
595
595
596
596
596
599
600
600
600
602
603
603
605
606
607
607
607
612
613
614
614
616
617
617
617
620
623
623
623
623
623
624
625
628
628
629
631
632
633
633
633
636
636
636
638
638
639
639
640
640
643
645
646
647
648
650
652
652
653
653
654
655
655
655
655
657
657
658
658
658
660
660
661
662
663
664
664
665
665
665
666
667
667
669
670
670
670
670
671
671
671
673
674
677
679
679
681
681
682
684
685
685
685
687
687
687
688
689
689
689
689
690
690
691
691
694
696
696
698
699
703
704
705
707
708
708
708
709
709
709
710
710
710
710
712
713
716
716
718
718
718
719
719
720
720
720
720
720
720
721
721
721
721
721
722
723
724
724
724
725
730
730
730
731
731
731
732
732
732
734
739
740
743
744
746
746
747
747
748
748
748
749
749
749
750
755
756
758
758
761
761
761
762
764
766
767
767
769
771
772
773
774
776
777
778
780
782
782
783
783
783
783
784
784
785
786
787
795
795
796
797
798
799
799
799
800
800
800
800
800
804
805
806
806
806
806
806
806
807
808
808
808
808
810
811
813
815
815
816
818
826
828
829
829
830
830
831
832
832
832
833
834
836
837
837
838
839
840
841
844
844
844
845
851
851
852
852
853
853
854
855
858
867
867
868
869
873
875
875
875
876
879
884
885
887
888
889
889
890
892
893
903
904
907
908
908
908
909
909
909
909
910
911
911
914
917
926
929
935
937
937
940
941
946
947
948
948
953
954
954
954
956
959
959
959
959
962
964
967
967
968
969
971
971
971
974
974
975
979
984
985
987
987
987
988
990
993
993
993
994
997
1000
1003
1003
1004
1004
1004
1004
1021
1023
1023
1024
1024
1028
1032
1033
1036
1039
1041
1046
1048
1052
1059
1062
1062
1063
1063
1064
1066
1066
1066
1068
1074
1078
1081
1081
1082
1086
1088
1090
1092
1093
1094
1106
1106
1107
1108
1108
1113
1114
1115
1119
1122
1124
1126
1130
1136
1138
1144
1145
1145
1148
1148
1152
1156
1156
1158
1160
1160
1160
1162
1163
1164
1165
1165
1166
1166
1166
1166
1167
1168
1173
1175
1176
1185
1187
1199
1201
1207
1221
1222
1226
1228
1231
1232
1233
1235
1236
1237
1246
1249
1252
1261
1261
1261
1263
1264
1270
1270
1271
1275
1281
1282
1295
1296
1296
1296
1297
1298
1298
1301
1302
1302
1304
1308
1309
1317
1318
1328
1328
1328
1331
1335
1335
1347
1348
1353
1362
1363
1363
1364
1367
1378
1379
1380
1384
1384
1384
1387
1387
1388
1393
1394
1395
1397
1397
1398
1401
1410
1416
1418
1420
1421
1421
1422
1430
1435
1436
1437
1438
1438
1439
1441
1444
1446
1446
1446
1447
1447
1447
1452
1456
1458
1458
1458
1459
1459
1460
1472
1472
1472
1473
1474
1476
1477
1477
1478
1483
1486
1486
1490
1492
1500
1501
1503
1505
1508
1510
1511
1511
1512
1515
1516
1517
1518
1518
1519
1519
1520
1520
1524
1525
1526
1530
1532
1534
1534
1536
1550
1553
1554
1559
1561
1561
1564
1567
1567
1569
1572
1573
1575
1576
1578
1588
1591
1591
1593
1603
1604
1604
1607
1608
1608
1610
1614
1614
1614
1614
1615
1619
1619
1620
1625
1626
1626
1627
1628
1628
1629
1630
1633
1634
1635
1636
1644
1645
1649
1654
1655
1656
1657
1657
1657
1658
1658
1659
1664
1664
1665
1666
1667
1667
1669
