1
2
2
5
5
6
6
6
7
7
7
7
7
7
8
8
8
8
8
8
8
8
8
8
8
8
8
8
8
8
8
9
9
9
9
9
9
9
9
9
9
9
9
10
10
10
10
10
10
10
10
10
10
10
10
10
10
11
11
11
11
11
11
11
11
12
12
12
13
13
13
13
14
14
14
14
14
15
15
15
15
15
16
16
16
16
16
17
18
18
18
19
19
19
20
20
20
20
20
20
20
20
21
21
21
21
21
22
22
22
22
22
22
23
23
24
24
25
26
26
27
27
27
28
28
29
29
29
30
30
30
31
31
31
31
32
32
32
32
32
32
33
33
33
33
34
34
34
35
35
35
35
35
36
36
36
37
37
37
38
38
38
39
39
39
40
40
40
41
41
42
43
44
44
44
44
44
44
45
45
45
45
45
45
45
46
46
46
46
46
46
47
47
47
47
47
47
48
48
49
49
49
49
49
50
50
51
51
51
51
51
51
51
51
51
52
52
52
52
52
53
53
53
54
54
54
54
55
55
56
56
56
56
56
57
57
57
58
58
58
58
58
59
59
59
60
60
61
61
61
61
62
62
63
63
63
63
64
64
64
64
65
65
65
66
66
66
66
67
67
67
67
67
68
68
68
68
68
68
68
69
69
69
69
69
69
69
69
69
69
69
70
70
70
70
70
70
71
71
71
71
71
71
71
71
71
71
73
73
74
74
74
74
75
75
75
75
75
76
76
76
76
76
77
77
78
79
79
79
79
80
80
80
80
81
81
81
81
81
82
82
83
83
83
83
83
83
83
83
84
84
85
85
85
85
85
86
86
87
87
88
88
88
88
88
88
89
90
90
90
90
90
91
92
92
92
92
92
92
93
93
93
93
93
93
94
94
94
95
95
95
95
95
95
96
96
96
96
96
97
97
97
97
97
98
98
98
98
99
99
99
99
99
100
100
100
100
102
102
102
103
103
103
103
103
104
104
104
105
105
105
106
106
106
106
106
107
107
107
107
107
108
108
108
108
108
109
109
109
109
109
109
110
110
111
111
111
111
112
112
112
112
112
112
112
112
113
113
113
113
114
114
114
115
115
116
116
116
116
116
117
117
117
118
118
118
118
118
118
119
119
119
119
119
119
120
120
120
120
120
120
120
121
121
121
121
121
121
122
123
123
123
123
123
124
124
124
124
124
124
124
124
125
125
125
125
125
125
125
126
128
129
129
129
129
130
131
131
131
131
132
132
132
133
133
133
133
133
133
134
134
135
135
135
136
136
136
136
137
138
139
139
139
140
140
142
142
142
143
143
144
145
146
146
147
147
148
148
148
148
149
149
149
150
151
151
151
151
151
152
153
153
154
154
155
155
155
155
156
156
156
156
157
159
159
160
160
161
161
161
161
162
162
162
162
162
162
163
163
163
163
163
164
164
164
164
164
164
164
165
165
165
165
165
165
165
166
166
166
166
166
167
167
167
167
167
167
167
167
167
167
168
168
168
169
169
169
169
170
170
170
170
170
171
171
171
171
171
171
171
171
171
171
172
172
172
172
172
172
172
173
173
173
174
174
174
174
174
174
175
175
175
175
175
175
175
175
175
176
176
176
176
176
176
177
177
177
177
177
177
178
178
178
179
179
179
179
179
179
180
180
180
181
181
181
181
181
181
181
182
182
182
182
182
182
183
184
184
184
185
185
185
185
185
185
185
186
186
186
186
186
187
188
188
188
189
189
189
189
190
190
190
190
191
191
191
191
192
192
192
193
195
195
195
195
196
196
196
196
196
196
197
198
199
200
200
200
201
201
201
202
203
204
204
204
204
205
205
205
205
205
205
205
206
206
206
207
207
207
207
207
207
207
207
208
208
208
208
209
209
209
209
209
209
209
209
210
210
211
211
211
212
212
213
213
213
213
214
214
214
215
215
215
215
215
215
216
216
216
216
216
216
216
216
216
217
217
217
217
217
217
218
218
218
219
219
220
220
220
220
220
221
221
221
222
222
222
222
222
222
223
223
223
223
223
224
224
224
224
224
225
225
226
226
227
227
227
227
227
228
228
228
229
229
229
229
230
230
230
230
230
232
232
232
232
232
233
233
233
234
234
234
234
235
235
235
235
236
236
236
236
237
237
237
238
238
239
240
241
241
241
241
242
242
243
243
243
244
244
245
245
246
246
246
247
247
249
249
250
250
252
252
252
252
253
253
253
253
254
254
255
255
255
255
256
257
257
258
258
259
259
259
260
261
263
263
263
263
265
265
265
266
268
268
270
271
271
272
272
272
273
273
273
276
276
276
276
277
279
279
279
280
280
281
281
282
283
284
284
284
284
284
285
285
285
286
288
288
288
289
289
290
290
291
292
292
292
293
293
293
294
294
295
295
295
296
296
298
298
298
299
300
300
301
301
301
302
303
303
303
304
304
304
305
305
305
305
308
308
309
309
310
310
311
312
313
313
314
315
317
317
317
318
318
318
318
320
321
323
324
324
325
325
326
327
328
328
329
331
332
333
333
336
338
339
339
339
341
342
343
345
345
345
346
348
349
350
351
352
356
356
357
357
359
360
361
362
366
367
368
369
369
372
374
375
381
381
383
395
396
406
407
409
413
425
442
442
443
445
453
454
469
477
486
489
497
503
504
505
505
505
508
509
510
512
517
518
519
520
520
523
525
526
526
526
527
527
527
527
529
529
530
532
533
533
538
540
540
543
544
544
545
546
547
550
552
553
555
556
557
558
558
558
559
560
561
563
564
564
565
578
579
582
582
589
591
591
591
601
606
608
610
613
623
624
629
630
635
639
642
643
646
650
652
653
653
653
657
658
659
660
664
666
666
668
669
669
670
672
674
676
679
681
685
687
690
691
692
692
692
706
711
712
712
716
722
725
727
728
728
730
731
731
731
732
732
733
735
735
736
740
742
743
744
744
744
744
745
751
759
760
760
762
765
769
773
780
783
787
790
790
790
791
791
809
816
836
837
850
850
855
860
872
879
882
890
929
933
958
961
971
973
1018
1020
1021
1031
1033
1037
1044
1044
1052
1064
1065
1069
1079
1080
1081
1082
1083
1088
1088
1089
1089
1091
1095
1099
1099
1099
1101
1101
1101
1101
1101
1104
1105
1105
1109
1109
1110
1112
1118
1123
1123
1128
1129
1130
1130
1137
1137
1137
1138
1138
1138
1138
1142
1144
1144
1145
1145
1145
1148
1148
1152
1153
1154
1155
1159
1166
1175
1176
1176
1177
1178
1178
1178
1178
1181
1189
1192
1197
1208
1208
1211
1217
1221
1224
1227
1241
1243
1244
1244
1244
1244
1244
1245
1249
1249
1250
1254
1255
1255
1256
1258
1260
1271
1272
1405
1422
1423
1430
1433
1434
1435
1436
1436
1437
1438
1442
1442
1443
1444
1444
1444
1445
1445
1446
1446
1447
1447
1447
1448
1448
1448
1455
1455
1457
1458
1458
1458
1458
1458
1459
1462
1462
1463
1463
1463
1463
1464
1465
1465
1465
1467
1468
1468
1469
1469
1470
1471
1471
1473
1474
1474
1477
1480
1480
1481
1481
1481
1482
1482
1483
1483
1485
1489
1490
1490
1496
1501
1503
1504
1506
1508
1509
1511
1512
1520
1520
1521
1521
1522
1522
1523
1524
1524
1524
1525
1526
1526
1527
1530
1530
1530
1531
1531
1531
1532
1533
1537
1538
1539
1539
1539
1539
1539
1540
1540
1540
1543
1543
1547
1552
1554
1554
1555
1560
1570
1574
1579
1583
1583
1584
1593
1593
1594
1594
1600
1601
1601
1602
1602
1602
1602
1602
1602
1602
1603
1604
1604
1604
1607
1608
1608
1610
1611
1611
1616
1618
1619
1619
1620
1623
1624
1626
1627
1627
1628
1628
1628
1630
1630
1631
1632
1632
1634
1637
1638
1639
1641
1642
1644
1646
1648
1648
1649
1651
1652
1652
1653
1653
1654
1655
1655
1655
1656
1658
1658
1659
1659
1660
1660
1660
1661
1661
1661
1662
1662
1663
1663
1664
1664
1665
1666
1666
1666
1667
1668
1668
1669
1669
1670
1671
1673
1674
1675
1677
1677
1680
1680
1680
1680
1681
1681
1681
1685
1685
1685
1687
1688
1689
1691
1693
1694
1694
1697
1697
1698
1702
1703
1704
1709
1709
1710
1710
1713
1715
1721
1723
1723
1743
1748
1750
1755
1760
1801
1833
1887
1908
1911
1913
1920
1922
1932
1942
1944
1944
1945
1959
1963
1964
1967
1968
1979
1981
1982
1984
1985
1988
1990
1991
2056
2058
2090
2125
2195
2203
2244
2244
2252
2256
2272
2274
2277
2281
2282
2368
2416
2419
2420
2421
2422
2424
2427
2428
2444
2498
2503
2513
2587
2587
2587
2588
2595
2638
2642
2655
2655
2708
2745
2753
2798
2803
2807
2842
2878
2878
2879
2883
2884
2884
2889
2890
2894
2911
2911
2911
2913
2917
2921
2921
2922
2923
2927
2935
2935
2943
2943
2943
2946
2947
2947
2947
2947
2953
2956
2962
2965
2968
2970
2974
2974
2980
2982
2988
2993
2996
2996
2996
2998
2999
2999
2999
2999
3000
3000
3000
3000
3000
3000
3000
3000
3001
3003
3006
3007
3007
3007
3007
3010
3010
3010
3011
3011
3011
3012
3013
3015
3016
3016
3016
3017
3017
3018
3019
3019
3019
3020
3020
3020
3021
3021
3022
3023
3024
3027
3028
3029
3031
3032
3033
3033
3034
3034
3035
3036
3038
3042
3044
3045
3045
3047
3053
3054
3054
3056
3057
3061
3062
3062
3063
3065
3066
3070
3075
3076
3077
3085
3087
3088
3089
3093
3094
3094
3094
3095
3095
3100
3100
3101
3104
3105
3109
3111
3117
3121
3129
3132
3133
3134
3139
3139
3143
3143
3144
3147
3148
3149
3151
3152
3152
3153
3153
3153
3155
3161
3163
3165
3166
3171
3173
3173
3174
3174
3178
3180
3184
3184
3184
3185
3187
3189
3189
3190
3194
3195
3195
3196
3197
3199
3200
3201
3204
3208
3210
3211
3215
3216
3216
3251
3254
3260
3261
3262
3263
3263
3264
3264
3266
3285
3291
3294
3298
3302
3303
3306
3346
3407
3449
3450
3450
3450
3483
3493
3528
3532
3571
3576
3578
3579
3592
3592
3605
3610
3709
3720
3720
3721
3732
3845
3855
3862
3864
3906
3998
3998
4079
4081
4339
4381
4382
4387
4392
4392
4402
4410
4412
4418
4422
4436
4437
4448
4462
4503
4503
4503
4504
4504
4511
4511
4511
4515
4517
4519
4521
4525
4529
4535
4541
4541
4542
4543
4544
4580
4602
4603
4604
4609
4611
4612
4619
4629
4634
4635
4641
4648
4649
4650
4654
4659
4661
4667
4669
4670
4673
4673
4674
4674
4676
4679
4680
4683
4684
4685
4694
4694
4695
4700
4701
4709
4712
4727
4728
4741
4782
4783
4783
4787
4789
4789
4792
4795
4804
4810
4811
4821
4826
4826
4826
4827
4827
4829
4832
4832
4833
4837
4845
4904
4913
4985
5151
5210
5211
5321
5326
5329
5330
5524
5797
5918
5984
6013
6014
6024
6039
6055
6059
6061
6067
6078
6080
6080
6080
6081
6082
6089
6090
6120
6124
6129
6129
6129
6133
6136
6148
6150
6173
6187
6188
6189
6189
6190
6198
6207
6210
6214
6216
6221
6238
6240
6242
6243
6244
6244
6245
6246
6259
6308
6308
6308
6325
6359
6364
6380
6390
6404
6504
6548
6562
6843
6843
6849
6851
6852
6858
6859
6885
6975
6975
6990
6991
6991
7064
7258
7270
7587
7590
7611
7665
7666
7671
7680
7681
7682
7729
7745
7750
7758
7760
7764
7770
7770
7774
7778
7778
7778
7778
7780
7781
7781
7782
7789
7792
7793
7798
7801
7802
7802
7809
7814
7816
7824
7825
7831
7980
7982
8052
8110
8130
8182
8184
8187
8192
8208
8221
8224
8225
8235
8249
8254
8256
8267
8293
8296
8296
8301
8307
8313
8313
8313
8314
8315
8318
8323
8324
8330
8332
8334
8335
8336
8338
8341
8342
8342
8348
8354
8379
8394
8395
8396
8436
8450
8486
8488
8513
8520
8715
8719
8725
8815
8819
8820
8834
8849
8850
8851
8853
8857
8858
8859
8859
8860
8865
8873
8874
8875
8879
8883
8887
8888
8891
8895
8909
8947
8949
8952
8952
8956
8958
8958
8960
8961
8964
8964
8965
8965
8982
8984
8985
8985
8986
8988
8991
9001
9001
9018
9022
9022
9023
9042
9042
9070
9075
9077
9079
9084
9089
9089
9110
9114
9171
9188
9205
9215
9216
9232
9234
9241
9268
9300
9389
9392
9397
9404
9404
9423
9423
9431
9453
