1
2
3
4
5
6
7
7
7
7
7
7
7
7
7
7
8
9
9
9
9
9
9
9
10
10
10
10
10
10
10
10
10
11
11
11
11
11
12
12
12
12
12
12
12
12
13
13
13
13
13
13
13
13
13
13
14
14
14
14
14
14
14
14
14
14
15
15
15
15
15
15
15
15
15
15
16
16
16
16
16
16
16
16
16
16
16
16
16
16
16
16
17
17
17
17
17
17
17
18
18
18
18
18
18
18
18
18
19
19
19
19
19
20
20
20
20
20
20
21
21
21
21
21
21
22
22
22
22
22
22
23
23
23
23
23
23
23
23
23
24
24
24
24
24
24
24
24
24
25
25
25
25
25
26
26
26
26
26
26
26
26
27
27
27
28
28
28
28
28
28
28
28
28
29
29
29
29
29
29
30
30
30
30
30
30
30
30
30
31
31
32
32
32
32
32
33
33
34
34
34
34
34
34
35
35
35
35
35
35
35
35
35
35
35
35
35
35
35
36
36
36
36
36
36
36
36
36
36
37
37
37
37
37
37
37
37
37
37
37
38
38
38
38
38
38
38
39
39
40
40
40
40
40
40
40
41
41
41
41
41
41
41
41
42
42
42
42
42
42
42
43
43
43
43
43
43
43
43
43
43
43
43
43
44
44
44
44
44
44
45
45
45
45
46
46
46
46
46
46
46
46
46
46
47
47
47
47
47
47
47
47
47
47
48
48
48
48
48
49
49
49
49
50
50
50
50
51
51
51
51
51
51
51
52
52
52
52
53
53
53
53
54
54
54
54
54
54
55
55
55
55
55
55
55
56
56
56
56
56
56
56
56
56
56
57
57
57
57
58
58
58
58
59
59
60
60
60
60
60
60
60
61
61
61
61
62
62
62
62
62
62
62
63
63
63
63
63
63
63
63
63
63
63
63
63
64
64
64
64
64
65
65
65
65
65
65
66
66
66
66
67
67
67
67
67
67
67
68
68
68
68
68
68
69
69
69
69
69
70
70
70
70
70
70
70
70
70
70
71
71
71
71
72
72
72
72
72
72
72
73
73
73
73
73
73
74
74
74
74
74
74
75
75
75
75
75
76
76
76
77
77
77
77
77
77
78
78
78
78
79
79
79
79
80
80
80
80
80
80
80
80
80
80
80
80
80
81
81
81
81
81
81
81
81
81
82
82
82
82
82
82
82
82
82
83
83
84
84
84
84
84
84
84
84
84
85
85
85
85
85
85
85
85
85
85
86
86
86
86
87
87
87
87
87
87
87
87
87
87
88
88
88
89
89
89
89
89
89
89
89
90
90
90
90
90
91
91
91
91
91
91
92
92
92
92
92
92
93
93
93
94
94
94
94
94
94
94
95
95
95
95
96
96
96
96
96
96
96
96
97
97
97
97
97
97
97
97
97
97
97
98
98
98
98
98
98
99
99
99
99
100
100
100
100
100
101
101
101
101
101
101
102
102
102
102
102
102
102
103
103
104
104
104
104
104
105
105
105
105
105
105
106
106
106
106
106
106
106
106
106
106
106
106
107
107
107
107
107
107
107
107
108
108
108
108
108
109
109
110
110
110
110
110
110
110
111
111
111
111
111
111
111
111
112
112
112
112
112
112
112
112
112
112
113
113
113
113
113
113
114
114
114
114
114
115
115
116
116
116
116
116
116
117
117
117
117
117
117
117
117
118
118
118
118
118
118
118
118
118
118
118
118
118
119
119
119
119
119
119
119
119
119
119
119
120
120
120
120
120
120
120
120
121
121
121
121
121
121
121
121
121
121
121
121
121
122
122
122
122
122
122
122
122
123
123
123
123
123
123
123
124
124
124
125
125
125
125
125
126
126
126
126
126
126
126
126
127
127
127
127
127
127
127
127
127
128
128
128
128
128
128
128
128
128
129
129
129
129
129
129
129
129
129
129
129
130
130
130
130
130
130
130
131
131
131
131
131
132
132
132
132
132
132
132
133
133
133
133
133
133
133
133
133
133
133
134
134
134
134
134
134
134
134
134
134
134
134
134
134
134
134
134
135
135
135
135
135
135
135
135
136
136
136
136
136
136
137
137
137
137
138
138
138
138
138
139
139
139
139
140
140
140
140
140
140
140
140
140
140
141
141
141
141
141
141
141
141
141
141
142
142
142
142
142
142
142
142
142
142
142
142
142
142
142
142
143
143
143
143
143
143
144
144
144
144
144
144
144
144
144
144
144
144
145
145
145
145
145
145
145
145
145
145
145
145
146
146
146
146
146
147
147
147
147
147
147
147
147
147
147
147
147
148
148
148
148
148
148
148
148
149
149
149
149
149
149
149
149
149
149
149
149
149
150
150
150
150
150
150
150
150
151
151
151
151
151
151
151
152
152
152
152
152
152
152
152
152
153
153
153
153
153
153
153
154
154
154
154
154
154
154
154
155
155
155
155
155
155
155
156
156
156
156
156
156
156
157
157
157
157
158
158
159
159
159
159
159
159
160
160
161
161
161
161
161
161
161
162
162
162
162
162
162
162
163
163
163
163
163
163
164
164
164
164
164
164
164
164
165
165
165
165
165
165
165
165
165
165
165
165
166
166
166
166
166
166
166
167
167
167
167
167
168
168
168
168
168
169
169
169
169
169
169
170
170
170
170
170
170
170
170
170
170
171
171
171
171
171
171
171
171
171
171
172
172
172
172
172
173
173
173
173
173
173
174
174
174
174
174
175
175
175
175
175
175
175
175
176
176
176
176
176
177
177
177
177
177
177
178
178
178
178
178
178
178
178
179
179
179
179
179
179
179
180
180
181
181
182
182
182
183
183
183
183
183
184
184
184
184
184
184
184
185
185
186
186
186
186
187
187
187
188
188
188
188
188
188
188
188
189
189
189
189
189
189
189
189
189
189
189
189
190
190
190
190
190
190
190
191
191
191
192
192
192
192
193
193
193
194
194
195
195
195
195
195
196
196
196
196
196
196
196
197
197
198
198
198
199
199
199
199
200
200
200
202
202
202
203
203
203
203
204
204
204
204
204
204
204
204
205
205
205
205
208
208
208
209
209
210
210
211
211
212
212
212
212
212
213
213
216
217
217
218
218
218
219
220
221
221
221
221
221
222
222
222
222
222
222
222
223
223
224
224
226
231
235
235
236
237
238
239
240
240
241
241
241
241
241
241
242
242
244
244
245
248
248
250
250
250
256
257
259
267
270
271
276
276
276
276
277
277
277
280
282
282
283
283
284
284
284
285
285
286
287
287
289
289
289
290
290
291
291
292
292
292
292
294
297
297
297
297
298
298
299
299
300
300
300
301
301
301
302
302
303
303
303
304
306
307
308
308
311
311
312
312
313
313
313
313
314
314
316
316
316
317
317
317
317
317
317
318
318
318
318
318
319
319
319
319
319
319
320
320
321
321
321
321
321
322
322
322
323
323
324
325
325
325
326
326
327
327
327
327
330
330
331
332
332
333
333
333
334
334
334
334
334
336
336
336
337
337
337
337
337
337
338
338
338
338
338
339
340
344
345
345
346
346
347
347
348
349
350
351
351
351
351
352
352
353
353
353
353
353
353
355
355
355
357
358
358
359
359
359
359
359
359
360
360
360
361
361
361
361
361
362
364
364
364
365
365
365
366
366
367
367
367
368
368
368
368
369
369
370
370
370
371
372
372
372
374
375
375
375
376
376
376
376
376
377
377
377
378
378
378
378
379
380
380
382
382
382
383
383
384
384
384
385
385
385
386
386
386
387
387
387
387
388
388
388
388
389
389
389
389
390
390
390
390
391
391
391
392
392
392
392
393
393
394
395
395
396
396
397
397
398
401
401
401
402
403
403
404
404
405
405
405
405
405
405
406
407
407
408
410
412
413
413
416
416
416
418
418
420
420
422
422
424
424
424
424
424
424
424
425
429
430
431
432
432
433
433
435
435
436
436
439
440
440
441
443
444
446
447
448
448
449
450
450
450
450
450
455
456
457
459
460
460
464
474
478
481
485
487
487
488
489
489
490
490
493
493
493
495
495
498
502
505
506
506
507
508
508
508
508
508
509
511
514
518
519
519
519
519
522
524
525
527
528
530
531
532
532
533
533
534
534
535
537
537
546
546
547
552
554
554
555
555
561
565
567
576
581
584
588
588
603
604
610
616
617
619
624
625
633
635
637
653
653
655
665
667
667
669
669
671
672
673
674
675
677
677
679
680
680
681
685
690
691
694
697
698
702
702
703
709
710
713
713
715
716
718
718
719
720
727
729
731
731
732
735
736
737
741
742
744
750
750
750
751
753
754
772
808
835
841
843
847
849
849
850
852
852
854
856
858
858
860
861
867
869
869
869
870
870
870
873
880
882
890
891
892
892
895
905
905
905
909
925
927
927
927
946
964
964
975
991
992
996
997
998
998
998
999
1000
1001
1001
1001
1002
1002
1003
1010
1010
1011
1012
1014
1014
1020
1027
1042
1045
1047
1059
1061
1067
1081
1081
1082
1083
1083
1083
1084
1086
1087
1087
1087
1092
1092
1092
1095
1095
1095
1095
1096
1096
1096
1097
1097
1098
1105
1105
1106
1107
1109
1112
1117
1117
1119
1119
1126
1130
1136
1142
1143
1143
1147
1150
1152
1154
1164
1164
1165
1167
1184
1188
1190
1190
1191
1197
1205
1208
1214
1215
1215
1217
1217
1218
1220
1220
1228
1233
1237
1237
1239
1244
1244
1246
1247
1249
1259
1260
1273
1289
1295
1300
1302
1305
1306
1307
1323
1325
1327
1340
1340
1341
1342
1343
1379
1380
1381
1384
1386
1388
1391
1394
1395
1396
1399
1408
1408
1410
1412
1419
1420
1423
1427
1428
1429
1431
1433
1434
1435
1436
1438
1439
1439
1443
1445
1450
1459
1460
1461
1462
1476
1477
1477
1479
1480
1481
1486
1487
1490
1491
1492
1492
1494
1494
1498
1500
1501
1503
1505
1506
1506
1508
1508
1509
1509
1513
1514
1516
1517
1524
1524
1527
1528
1529
1529
1529
1529
1531
1532
1532
1540
1540
1541
1544
1545
1545
1549
1550
1550
1552
1553
1556
1556
1557
1559
1559
1560
1562
1564
1564
1564
1567
1571
1571
1572
1573
1573
1573
1576
1576
1576
1577
1579
1580
1581
1582
1582
1583
1584
1588
1589
1598
1604
1605
1609
1610
1611
1618
1619
1620
1620
1631
1660
1663
1672
1672
1676
1676
1676
1679
1681
1682
1684
1688
1690
1690
1691
1692
1692
1692
1694
1695
1696
1697
1697
1700
1700
1703
1703
1707
1708
1709
1710
1718
1720
1720
1721
1722
1722
1722
1724
1725
1725
1727
1728
1733
1733
1738
1739
1742
1744
1744
1744
1745
1745
1747
1748
1750
1752
1752
1753
1753
1754
1758
1758
1762
1764
1764
1764
1769
1769
1770
1770
1770
1771
1772
1775
1783
1785
1785
1785
1785
1786
1797
1803
1803
1812
1815
1819
1820
1821
1822
1830
1843
1864
1864
1866
1866
1866
1881
1892
1910
1918
1920
1921
1921
1926
1931
1939
1939
1942
1949
1949
1951
1951
1956
1957
1960
1963
1967
1969
1970
1973
1981
1987
2006
2014
2014
2019
2022
2022
2024
2026
2028
2029
2029
2029
2030
2039
2040
2040
2043
2045
2045
2045
2046
2049
2054
2055
2065
2066
2107
2108
2108
2109
2110
2111
2112
2120
2123
2124
2133
2137
2139
2143
2145
2146
2147
2148
2149
2158
2158
2168
2169
2172
2173
2174
2174
2175
2175
2176
2183
2203
2222
2229
