0
2
2
2
3
3
3
4
4
5
5
5
5
6
6
6
6
6
6
6
7
7
8
9
9
9
9
9
9
9
9
9
9
9
10
10
10
10
10
10
10
10
10
10
10
10
10
10
11
11
11
11
11
11
11
11
11
11
11
11
11
12
12
12
12
12
13
13
13
13
13
13
13
13
13
14
14
14
14
14
14
14
15
15
15
15
15
15
15
15
15
15
15
15
15
16
16
16
16
16
16
17
17
17
17
17
18
18
18
18
18
18
18
18
19
19
19
19
20
21
21
21
22
22
22
23
23
23
23
23
23
24
24
24
24
24
24
24
24
25
25
25
25
25
25
26
26
27
27
27
27
28
28
28
29
29
30
30
30
31
31
31
31
31
32
32
32
33
33
33
34
35
35
35
35
36
37
37
37
37
38
38
38
38
38
39
39
40
40
41
41
41
41
41
41
41
43
43
43
44
44
44
44
44
44
44
44
44
45
45
45
45
45
45
45
46
46
46
46
47
48
49
50
50
52
52
54
54
54
54
55
55
56
56
56
56
57
57
57
57
57
58
58
58
59
59
59
60
60
60
60
60
61
62
62
62
62
63
63
64
64
64
65
66
66
68
69
70
72
72
73
73
73
73
75
76
78
78
79
80
80
80
81
81
81
81
82
82
83
84
84
85
85
86
86
86
87
88
88
89
89
90
90
91
91
91
93
93
94
94
95
95
95
96
96
96
97
98
98
100
101
102
103
103
103
105
106
106
107
107
107
107
107
107
108
108
108
109
109
109
110
110
110
110
111
111
112
112
112
113
113
113
113
113
113
114
114
114
114
114
115
115
115
115
115
115
116
117
117
117
117
117
117
117
118
118
118
118
118
119
119
119
120
120
120
121
121
121
121
121
121
122
122
122
123
123
123
124
124
124
124
124
124
125
125
125
126
126
126
127
127
127
127
127
128
128
128
128
129
129
129
129
129
129
129
130
130
130
130
130
131
131
132
132
132
132
133
133
133
133
134
134
134
134
134
134
134
135
135
135
135
135
136
136
137
137
137
137
137
138
138
138
139
139
139
140
140
140
140
141
141
141
141
142
142
142
142
142
142
143
143
143
143
143
143
144
144
144
144
145
145
145
146
146
147
147
147
148
148
148
148
149
150
150
150
151
152
152
152
152
152
152
153
153
154
155
155
156
156
156
157
157
157
157
157
157
157
157
157
158
158
159
159
159
160
160
160
160
161
161
161
161
161
162
162
162
162
163
163
163
163
164
164
164
164
165
165
165
165
166
166
166
166
166
167
167
167
167
167
168
168
168
168
168
169
169
169
169
169
170
170
171
171
172
173
174
174
174
174
175
175
175
175
175
175
175
176
176
176
176
177
177
177
177
177
177
177
178
178
178
178
178
178
179
180
181
182
182
182
182
182
183
183
183
183
183
183
184
184
184
185
186
186
187
187
187
187
188
188
191
191
191
191
192
193
193
193
193
193
194
194
194
194
195
195
195
195
195
195
196
196
196
196
196
197
197
197
197
198
198
198
199
199
199
199
199
199
200
201
201
201
203
204
204
204
205
205
205
206
206
206
206
206
206
207
207
208
208
208
208
208
208
209
209
209
209
210
211
211
211
211
211
212
212
212
212
212
213
213
214
214
214
214
215
215
215
216
216
216
216
216
216
216
216
216
216
216
216
217
217
217
217
217
217
217
217
218
218
218
218
218
218
218
218
218
218
218
219
219
219
219
219
220
221
221
221
221
222
222
222
222
222
222
222
222
223
224
224
224
224
225
225
225
225
225
225
225
225
226
226
226
226
226
226
226
226
227
227
227
227
227
227
227
227
228
228
228
228
229
229
230
230
230
230
231
231
231
232
232
232
233
233
233
234
234
234
234
234
234
234
234
234
234
234
235
235
236
236
236
236
236
237
237
238
239
239
240
240
240
241
241
241
241
241
242
242
242
243
243
243
243
243
243
244
244
244
244
244
244
245
245
245
245
245
245
245
245
245
246
246
246
246
246
246
246
247
247
247
247
247
247
247
248
248
248
248
249
249
249
249
249
249
249
250
250
250
250
250
250
251
251
252
252
252
252
254
254
254
254
254
255
256
256
258
258
259
259
259
260
260
260
261
261
261
261
262
263
263
264
264
264
264
264
264
264
264
265
265
266
266
266
266
266
267
267
268
268
269
269
269
269
269
269
269
269
270
270
272
272
272
273
274
274
274
274
274
274
274
274
275
275
275
276
277
280
281
282
282
282
282
282
282
282
283
285
285
287
287
287
288
288
289
289
289
289
291
293
294
294
295
296
296
296
296
296
297
298
298
298
299
299
300
301
301
302
302
302
304
304
305
305
307
308
309
310
311
312
313
313
316
317
320
324
327
330
332
332
333
334
335
336
336
336
336
337
338
339
339
339
340
342
343
343
344
346
347
347
349
350
350
350
351
353
353
353
353
354
355
356
356
357
359
361
361
361
362
362
363
364
364
365
365
366
367
368
368
369
369
370
370
371
372
373
373
373
374
374
375
375
376
378
379
379
381
381
384
384
384
386
386
387
387
389
390
393
395
395
396
397
399
399
400
400
400
402
402
402
403
404
405
406
406
406
409
409
409
410
410
412
412
413
413
415
416
416
416
416
416
416
416
417
418
418
419
420
420
422
424
427
427
428
432
434
434
436
437
444
447
452
453
453
454
458
463
463
465
465
465
487
487
488
488
491
498
499
502
517
518
525
536
537
543
543
545
547
547
550
553
558
560
562
565
567
568
569
569
570
571
571
586
586
593
593
596
597
599
599
600
600
600
605
612
613
614
614
614
615
622
623
631
641
642
646
654
654
656
656
657
657
658
658
659
659
662
665
666
668
668
669
669
670
673
674
675
675
676
681
682
682
682
683
684
688
694
696
696
697
697
697
698
699
700
700
701
707
707
707
708
710
713
716
719
720
720
721
721
721
725
726
728
731
733
733
734
736
736
737
740
740
741
741
744
745
748
750
752
753
754
756
758
759
759
760
760
760
760
761
763
763
764
767
768
769
770
770
776
782
783
783
786
786
843
843
843
850
851
852
852
852
853
853
854
855
855
856
856
857
857
858
858
859
859
860
861
863
863
866
866
866
866
867
867
868
869
870
870
870
870
871
871
871
873
873
874
874
874
874
874
875
875
876
876
876
876
876
877
878
885
886
888
889
892
892
893
894
894
895
896
898
898
901
902
903
903
904
904
904
905
905
905
907
907
908
911
912
913
913
914
914
915
916
916
917
919
919
920
920
921
923
925
925
926
926
928
929
930
930
930
931
932
932
932
933
934
935
936
937
937
937
938
939
939
939
939
939
940
942
942
942
943
944
944
944
944
945
946
947
948
948
949
949
950
951
952
952
953
953
953
953
953
953
954
954
955
956
956
956
957
957
958
958
959
960
960
961
961
961
964
965
965
966
968
968
968
968
968
969
970
971
974
974
974
976
977
977
977
977
977
979
979
980
980
981
982
982
982
983
984
984
985
985
986
986
988
988
990
990
991
992
994
995
997
997
999
999
1000
1000
1001
1004
1004
1005
1005
1006
1006
1006
1008
1008
1009
1009
1009
1009
1009
1011
1011
1013
1013
1013
1014
1014
1014
1014
1017
1018
1020
1022
1022
1023
1023
1023
1025
1025
1029
1030
1031
1033
1034
1036
1040
1043
1045
1047
1049
1051
1052
1056
1060
1064
1065
1085
1149
1152
1155
1155
1157
1162
1172
1173
1175
1188
1260
1262
1266
1267
1267
1269
1269
1270
1271
1276
1283
1284
1284
1287
1287
1288
1288
1289
1289
1290
1292
1293
1294
1311
1314
1314
1315
1317
1320
1326
1327
1328
1333
1333
1335
1336
1336
1341
1341
1341
1342
1344
1345
1346
1347
1348
1350
1351
1351
1353
1354
1354
1355
1356
1356
1356
1357
1359
1359
1362
1362
1362
1362
1363
1364
1365
1365
1365
1366
1366
1369
1371
1381
1382
1385
1387
1388
1388
1388
1390
1397
1400
1407
1410
1414
1414
1421
1421
1421
1421
1422
1476
1498
1503
1514
1514
1514
1520
1520
1523
1532
1533
1534
1557
1560
1573
1573
1578
1580
1583
1584
1586
1587
1591
1597
1598
1643
1644
1644
1645
1646
1646
1650
1651
1651
1651
1651
1654
1667
1674
1684
1685
1687
1698
1698
1699
1699
1700
1700
1711
1718
1719
1726
1733
1734
1734
1909
1911
1916
1918
1921
1921
1922
1925
2033
2036
2037
2040
2050
2050
2058
2058
2060
2060
2061
2066
2067
2068
2069
2069
2069
2071
2072
2072
2072
2073
2073
2075
2075
2076
2077
2077
2077
2077
2078
2078
2082
2086
2088
2091
2096
2108
2112
2135
2135
2135
2136
2136
2136
2142
2143
2144
2146
2146
2146
2148
2153
2154
2155
2155
2156
2159
2159
2159
2160
2160
2160
2161
2161
2162
2163
2165
2168
2168
2171
2172
2174
2179
2179
2183
2187
2187
2192
2194
2194
2196
2197
2197
2199
2201
2203
2203
2207
2208
2209
2209
2210
2222
2222
2223
2223
2225
2227
2240
2240
2241
2248
2262
2280
2282
2285
2287
2289
2289
2298
2301
2404
2406
2407
2415
2416
2418
2434
2441
2445
2445
2448
2516
2517
2519
2522
2524
2530
2534
2535
2537
2539
2540
2542
2542
2543
2545
2545
2547
2549
2549
2554
2555
2556
2556
2556
2557
2557
2557
2558
2559
2559
2559
2560
2563
2564
2564
2564
2565
2565
2565
2565
2567
2568
2569
2569
2570
2571
2572
2574
2575
2577
2577
2577
2580
2584
2584
2585
2589
2593
2593
2597
2598
2601
2601
2604
2604
2606
2610
2616
2648
2670
2673
2673
2712
2713
2766
2766
2767
2770
2771
2772
2774
2783
2793
2794
2799
2801
2803
2803
2806
2808
2808
2811
2811
2824
2833
2834
2835
2837
2839
2840
2843
2843
2847
2847
2847
2849
2854
2854
2857
2863
2879
3058
3077
3077
3078
3126
3127
3156
3158
3168
3187
3188
3190
3192
3193
3194
3195
3198
3199
3199
3200
3232
3234
3239
3241
3243
3244
3247
3256
3300
3305
3305
3307
3309
3309
3313
3314
3319
3322
3324
3324
3325
3327
3330
3330
3338
3338
3338
3339
3340
3340
3342
3342
3344
3346
3346
3346
3347
3352
3353
3354
3355
3355
3357
3358
3358
3358
3358
3358
3358
3360
3361
3362
3362
3363
3364
3364
3365
3366
3367
3373
3375
3377
3377
3378
3380
3381
3383
3383
3384
3385
3385
3385
3385
3385
3386
3386
3386
3387
3389
3391
3391
3396
3397
3397
3400
3403
3403
3405
3407
3409
3412
3412
3416
3416
3416
3423
3428
3429
3431
3432
3438
3446
3446
3449
3453
3456
3536
3540
3542
3544
3548
3548
3549
3551
3554
3555
3556
3559
3562
3562
3565
3573
3573
3574
3577
3599
3608
3621
3622
3626
3633
3639
3642
3644
3673
3673
3676
3677
3678
3679
3680
3680
3681
3682
3682
3683
3683
3683
3683
3684
3685
3685
3686
3686
3687
3688
3688
3689
3690
3690
3693
3694
3695
3696
3697
3700
3702
3702
3704
3704
3705
3707
3707
3709
3711
3712
3714
3718
3720
3722
3722
3724
3725
3726
3726
3726
3727
3731
3731
3731
3733
3734
3735
3736
3736
3737
3738
3738
3739
3739
3741
3741
3741
3741
3742
3742
3742
3742
3742
3742
3742
3742
3742
3744
3747
3747
3747
3747
3748
3752
3755
3756
3757
3757
3758
3759
3760
3763
3764
3764
3765
3767
3767
3771
3772
3775
3778
3778
3778
3778
3779
3780
3780
3786
3788
3789
3790
3791
3792
3792
3794
3794
3795
3795
3796
3798
3799
3800
3808
3810
3821
3827
3828
3835
3849
3860
3868
3871
3873
3875
3876
3887
3888
3889
3895
3896
3899
3901
3912
3917
3918
3926
3930
3932
3934
3937
3937
3938
3940
4140
4141
4142
4143
4145
4147
4147
4150
4156
4159
4160
4170
4176
4224
4228
4229
4232
4234
4237
4240
4240
4242
4242
4243
4247
4250
4289
4291
4292
4307
4308
4312
4367
4373
4375
4392
4734
4738
4740
4740
4741
4742
