0
2
2
2
2
2
3
3
4
4
4
4
5
5
6
6
6
7
7
7
7
7
8
8
8
8
8
8
8
9
9
10
10
10
10
10
10
10
10
10
11
11
11
11
11
11
12
12
12
12
12
12
12
12
12
12
12
13
13
13
13
13
14
14
14
15
15
15
15
15
15
16
16
16
16
17
17
17
17
17
17
18
18
18
18
18
18
19
19
20
20
20
21
21
21
21
21
21
22
22
22
22
22
22
22
23
23
23
23
24
24
24
24
25
25
25
25
26
26
27
27
28
28
28
29
29
29
29
29
30
30
30
30
31
31
31
31
31
31
31
32
32
32
32
32
33
33
33
33
33
33
34
34
34
34
34
35
35
35
36
36
36
36
36
36
37
37
37
37
37
37
38
38
38
38
39
39
39
39
39
39
39
39
40
40
40
40
40
40
41
41
42
42
42
42
42
42
43
44
44
44
44
44
44
44
44
45
45
45
45
45
46
46
47
47
48
48
48
49
49
50
50
51
51
52
52
52
52
52
53
53
53
53
54
54
54
54
54
55
55
55
57
57
57
58
58
58
59
59
59
59
59
59
59
59
59
60
60
60
61
62
62
62
63
63
63
63
63
63
63
63
64
64
64
64
64
65
65
65
65
66
67
67
68
69
69
70
71
71
71
72
74
74
74
75
76
77
77
77
77
78
78
78
78
78
79
79
79
79
80
80
80
80
80
81
81
81
81
81
82
82
82
83
83
83
83
83
83
83
83
83
84
85
85
86
86
86
86
86
87
87
88
88
89
89
89
89
89
90
90
90
90
90
91
92
92
92
92
92
93
93
93
93
93
93
93
94
94
95
95
95
95
95
96
96
97
97
97
98
98
98
99
99
100
100
101
101
102
102
104
104
104
104
105
105
106
106
106
106
107
107
107
108
108
109
109
110
110
110
110
110
110
110
111
111
111
112
112
112
113
113
113
113
114
115
115
116
116
117
117
118
118
118
118
118
118
119
119
119
120
120
120
120
120
120
121
121
121
121
121
122
122
122
122
122
122
124
125
125
125
125
126
126
126
126
127
127
128
128
128
128
129
129
129
130
130
130
131
132
133
133
133
133
134
134
135
135
135
135
135
135
135
135
135
136
136
136
137
137
137
139
140
140
140
141
141
142
142
142
142
142
143
143
143
143
143
144
144
145
145
146
146
146
146
146
148
149
149
149
149
149
150
150
150
150
151
151
151
151
151
151
151
152
152
152
152
152
153
153
153
153
153
154
154
156
156
156
157
157
158
158
158
159
160
160
161
161
161
161
162
163
164
165
165
166
166
167
167
167
167
167
168
168
168
169
169
169
169
169
170
170
171
171
171
172
172
172
173
173
173
174
174
174
175
176
176
176
176
177
177
177
178
178
178
178
179
179
180
180
180
180
181
182
183
183
183
183
184
185
186
186
187
188
190
190
190
191
191
191
192
193
194
194
195
195
196
196
197
197
197
197
198
198
198
199
199
200
200
200
200
200
200
200
201
202
202
203
203
203
203
203
204
205
205
205
206
206
206
206
207
207
207
208
208
209
209
210
210
210
210
211
211
212
212
214
215
215
218
220
221
221
222
222
222
222
222
223
224
224
224
224
224
224
224
227
228
228
229
229
229
229
229
229
229
229
231
231
231
232
232
232
234
234
234
235
235
235
236
236
236
236
237
237
237
237
238
238
239
239
239
239
240
240
240
240
240
241
241
241
241
241
242
242
243
243
243
243
244
244
245
246
246
247
247
248
249
249
249
250
250
251
252
252
252
252
252
252
252
252
252
253
253
253
253
253
253
253
253
254
254
254
254
254
254
254
254
254
255
256
256
256
257
257
257
258
258
258
258
258
259
259
259
260
260
262
262
262
262
263
263
263
263
265
265
266
266
266
266
267
267
267
268
268
268
269
269
270
270
271
271
271
272
272
273
273
273
274
274
276
276
276
277
277
279
280
281
282
283
284
285
285
286
286
287
287
288
289
292
292
293
293
293
294
294
294
294
294
295
295
296
297
297
298
298
298
298
298
298
298
299
299
300
300
301
301
301
304
305
306
306
306
306
306
306
307
307
307
307
308
308
309
311
312
312
312
312
312
312
313
314
315
315
315
315
315
318
318
318
319
319
319
320
320
320
320
320
321
321
321
322
322
324
324
324
325
325
325
325
326
326
326
327
327
327
328
328
328
328
328
329
329
329
329
329
329
329
329
329
329
329
329
330
330
330
330
330
331
331
331
331
332
332
332
332
332
333
333
333
333
333
333
334
334
335
335
335
336
336
336
336
336
336
336
336
336
336
337
337
337
338
338
338
339
339
341
341
341
342
342
342
343
343
345
345
345
346
346
347
347
347
348
348
348
349
351
352
353
353
354
354
354
356
356
357
357
357
357
357
358
358
359
359
359
359
359
360
360
361
361
361
361
362
362
362
363
363
363
364
367
367
368
368
368
368
368
369
370
370
372
373
373
373
373
373
374
374
374
374
374
375
375
376
376
376
376
377
378
378
378
379
379
380
380
380
380
381
381
381
381
383
385
385
385
386
386
386
386
388
388
388
388
389
389
389
390
390
391
391
391
391
392
392
393
393
395
395
396
398
399
399
399
400
400
401
405
405
405
411
412
412
412
413
413
414
414
414
414
414
414
414
416
416
417
419
419
419
419
420
421
421
422
422
423
424
424
426
426
427
428
429
429
429
429
430
430
431
431
431
431
432
433
433
433
434
434
434
434
435
435
435
435
436
437
437
438
438
440
440
442
443
443
443
444
444
444
444
445
446
446
447
448
449
449
454
454
455
455
456
456
456
458
458
458
458
458
459
459
459
459
460
460
460
460
461
461
462
463
464
464
465
466
466
466
466
467
467
468
469
474
474
475
476
476
477
477
477
478
479
480
480
480
482
484
487
487
488
488
488
489
489
490
490
491
492
492
495
495
496
501
501
503
505
505
505
506
507
507
507
508
514
514
517
518
518
519
519
519
519
519
519
520
521
522
523
523
523
524
524
525
525
525
525
527
528
528
529
530
532
532
533
534
534
534
534
534
534
535
535
535
535
537
537
538
539
540
540
540
541
544
544
544
545
545
546
546
548
549
550
551
552
552
552
553
553
553
554
554
554
554
554
555
555
557
557
560
561
561
561
562
563
563
564
564
564
564
564
565
565
566
567
568
568
568
569
569
570
570
570
571
571
572
573
573
573
575
575
575
576
576
576
577
579
580
581
582
582
584
585
586
586
587
588
589
589
590
592
592
593
593
593
594
594
597
597
597
597
599
599
599
600
601
602
603
605
605
606
606
607
608
609
609
610
611
612
613
614
614
615
616
616
619
620
622
622
625
626
630
630
630
630
631
631
632
633
634
635
636
637
637
638
639
641
644
645
646
646
647
647
647
647
648
648
648
648
649
649
651
652
653
655
657
658
659
659
660
661
661
661
661
662
663
664
664
664
664
665
666
670
672
673
674
675
675
675
676
676
677
678
680
681
686
687
688
689
690
690
690
691
691
691
692
692
693
693
694
697
698
698
698
698
699
702
702
702
703
705
708
708
708
712
714
716
716
720
720
722
722
723
723
724
724
724
726
727
727
727
729
730
731
731
731
732
733
733
735
736
737
737
737
737
738
738
738
738
738
739
742
742
743
744
744
745
746
750
751
751
751
752
756
756
760
760
763
763
765
765
767
767
768
769
769
770
770
772
772
775
775
782
782
783
789
805
829
829
829
830
830
831
832
837
839
839
840
842
844
846
869
879
887
889
894
895
898
900
903
905
907
907
911
911
912
914
920
920
921
921
924
925
929
930
931
931
931
932
932
933
933
933
934
934
937
937
938
938
939
942
943
943
944
945
945
946
946
950
951
953
953
954
956
956
957
958
959
960
960
960
961
961
962
962
962
962
962
964
964
965
966
966
967
967
967
968
969
969
970
971
972
975
977
980
980
980
981
981
981
982
982
982
984
984
984
985
987
987
987
988
990
992
995
998
1004
1006
1007
1007
1015
1019
1020
1027
1031
1033
1036
1038
1038
1038
1038
1038
1039
1039
1040
1040
1042
1042
1043
1048
1048
1053
1064
1066
1066
1066
1068
1069
1070
1071
1071
1075
1078
1079
1081
1081
1083
1091
1094
1094
1095
1098
1100
1100
1100
1103
1104
1104
1108
1109
1111
1112
1113
1114
1114
1114
1115
1115
1116
1116
1118
1118
1118
1119
1119
1120
1120
1122
1123
1124
1125
1128
1129
1129
1129
1131
1132
1133
1133
1136
1137
1143
1145
1146
1147
1147
1147
1148
1150
1151
1151
1152
1155
1155
1159
1160
1160
1161
1161
1161
1162
1164
1166
1167
1169
1169
1170
1171
1171
1173
1173
1173
1175
1179
1180
1180
1181
1184
1188
1188
1188
1189
1189
1189
1189
1189
1193
1194
1194
1195
1199
1201
1203
1204
1205
1206
1207
1211
1213
1214
1219
1224
1227
1229
1231
1232
1233
1233
1233
1234
1241
1245
1252
1252
1253
1255
1256
1257
1259
1261
1263
1264
1264
1267
1267
1271
1272
1278
1283
1284
1285
1286
1287
1287
1290
1292
1292
1293
1293
1297
1297
1303
1307
1309
1319
1319
1327
1330
1331
1331
1332
1335
1337
1337
1340
1344
1345
1345
1345
1345
1346
1350
1352
1358
1359
1361
1363
1366
1369
1371
1373
1373
1375
1375
1375
1376
1377
1384
1385
1387
1389
1393
1393
1398
1401
1402
1403
1404
1409
1412
1416
1417
1419
1420
1421
1422
1422
1423
1423
1424
1424
1424
1425
1425
1429
1435
1436
1436
1437
1438
1438
1440
1440
1441
1443
1450
1454
1455
1456
1457
1461
1462
1466
1476
1482
1488
1489
1492
1493
1495
1503
1507
1507
1514
1535
1543
1544
1548
1550
1553
1553
1555
1556
1558
1560
1575
1577
1581
1583
1586
1587
1588
1596
1598
1603
1603
1610
1610
1611
1611
1613
1615
1616
1617
1618
1618
1623
1624
1628
1628
1629
1633
1633
1635
1641
1641
1647
1647
1652
1658
1658
1659
1660
1662
1663
1664
1665
1666
1666
1666
1667
1668
1671
1674
1674
1676
1677
1679
1682
1682
1682
1683
1683
1683
1683
1684
1687
1687
1689
1689
1691
1693
1694
1694
1698
1701
1707
1708
1708
1711
1711
1712
1713
1713
1717
1717
1717
1718
1722
1722
1725
1728
1729
1730
1731
1731
1733
1734
1735
1736
1737
1737
1739
1744
1744
1745
1748
1751
1754
1755
1755
1757
1760
1760
1761
1762
1763
1763
1764
1765
1765
1766
1766
1766
1767
1767
1767
1768
1772
1772
1772
1783
1783
1786
1788
1788
1788
1790
1790
1790
1791
1793
1793
1794
1795
1797
1798
1798
1799
1800
1804
1804
1804
1806
1806
1807
1807
1809
1812
1813
1814
1815
1817
1818
1821
1821
1821
1822
1823
1823
1823
1823
1824
1826
1826
1827
1827
1828
1828
1829
1829
1831
1831
1832
1833
1834
1834
1834
1835
1835
1836
1838
1842
1844
1846
1847
1848
1848
1849
1849
1859
1862
1866
1869
1869
1870
1873
1873
1874
1875
1876
1881
1883
1886
1892
1899
1907
1916
1921
1931
1934
1935
1937
1942
1942
1944
1947
1952
1953
1954
1955
1956
1959
1960
1965
1969
1970
1970
1972
1974
1981
1984
1987
1988
1989
1991
1991
1993
1995
1996
1996
1997
1997
1998
1999
1999
2001
2002
2004
2005
2006
2008
2010
2011
2012
2014
2016
2018
2024
2025
2026
2031
2039
2040
2048
2056
2057
2058
2065
2069
2070
2072
2072
2073
2075
2077
2081
2081
2082
2088
2090
2090
2090
2090
2093
2094
2099
2099
2101
2101
2103
2117
2117
2117
2118
2119
2120
2120
2123
2127
2128
2130
2142
2142
