0
2
2
2
2
3
3
4
4
4
4
4
5
5
5
5
6
6
6
6
7
7
8
8
8
8
8
8
8
9
9
9
9
9
9
9
9
9
9
10
10
10
10
10
10
10
11
11
11
11
11
11
11
11
11
11
11
11
12
12
12
12
12
12
12
12
13
13
13
13
13
13
13
13
14
14
14
14
14
14
14
14
14
14
14
14
15
15
15
15
15
15
15
15
16
16
16
16
16
17
18
18
18
18
18
19
19
19
19
19
20
20
20
20
20
20
20
21
21
21
21
21
21
22
22
22
22
22
22
23
23
23
23
23
23
23
23
23
23
24
24
24
24
24
24
25
25
25
25
25
25
25
26
26
26
26
26
26
26
27
27
27
27
27
28
28
28
28
28
29
29
29
29
29
29
29
30
30
30
30
30
30
30
30
30
31
31
31
31
31
32
32
32
32
32
32
32
32
32
33
33
33
33
33
33
33
34
34
34
34
34
34
34
35
35
35
35
35
35
35
35
35
35
36
36
36
36
36
36
36
37
37
37
37
37
37
37
37
37
37
37
37
37
38
38
38
38
38
38
38
39
40
40
40
40
40
41
41
41
41
41
41
42
42
42
42
42
42
43
43
43
43
43
43
43
43
43
43
44
44
44
44
44
44
44
44
44
45
45
45
45
45
46
46
46
46
47
47
47
47
47
48
48
48
48
48
48
48
48
48
49
49
49
49
50
50
50
50
50
51
51
51
51
52
52
52
52
52
52
52
52
52
53
53
53
53
53
53
53
53
53
54
54
54
54
54
55
55
56
56
56
56
56
56
56
56
57
57
57
57
58
58
58
58
58
59
59
59
59
59
60
60
60
61
61
61
61
62
62
62
62
62
63
63
63
63
64
64
64
64
65
65
65
65
65
65
65
66
66
66
67
67
67
67
67
67
67
68
68
68
69
69
69
69
69
69
69
69
69
69
69
70
70
70
70
70
70
70
70
70
70
70
70
70
70
70
71
71
71
71
71
71
72
72
72
72
72
72
73
73
73
73
73
74
74
74
74
75
75
76
77
77
77
77
77
77
77
78
78
78
79
79
79
79
80
80
80
80
80
80
80
81
81
81
81
82
82
82
82
82
82
83
83
83
83
83
84
84
84
84
84
84
84
84
84
84
85
85
85
85
85
85
85
85
86
86
86
86
86
86
86
86
86
87
87
87
87
87
87
87
87
87
87
87
88
88
88
88
88
88
89
89
89
90
90
91
91
91
91
91
91
92
92
92
92
92
92
92
93
93
93
93
93
93
93
94
94
94
94
94
94
95
95
95
95
95
96
96
96
96
96
96
96
96
96
97
97
97
97
97
97
98
98
98
98
98
98
98
99
99
99
99
99
99
99
99
100
100
100
100
100
101
101
101
101
101
101
101
101
101
101
101
101
102
102
102
102
102
102
102
103
103
103
103
103
104
104
104
104
104
104
105
105
105
105
105
106
106
106
106
106
106
106
107
107
107
107
108
108
108
108
108
108
108
108
109
109
109
109
109
109
110
110
110
110
111
111
111
112
112
113
113
113
114
114
114
114
114
114
114
114
114
114
115
115
116
116
116
117
117
117
117
117
118
118
118
118
118
119
119
119
119
120
120
120
122
122
122
122
122
122
122
122
123
123
123
123
123
123
124
124
124
125
125
125
125
125
125
125
125
125
126
126
126
126
126
126
126
126
126
127
127
127
127
127
127
127
127
127
128
128
128
128
128
128
128
128
129
129
129
129
130
130
130
130
130
130
130
130
130
130
130
131
131
131
131
131
132
132
132
133
133
133
134
134
134
134
135
136
136
136
136
136
136
136
137
137
137
137
137
137
138
138
138
138
138
138
138
138
138
139
139
140
140
140
140
141
141
142
142
143
143
143
143
143
143
144
144
144
144
144
144
145
145
145
146
146
146
146
147
147
147
147
147
147
147
148
148
148
148
149
149
149
149
149
149
149
149
150
150
150
150
150
150
150
151
151
151
151
151
151
152
152
152
152
152
152
152
152
153
153
153
153
153
154
154
154
154
154
155
155
155
155
156
156
156
156
156
156
156
156
156
156
157
157
157
157
157
157
158
158
159
159
159
160
160
160
160
160
160
160
161
161
161
162
162
162
162
164
164
164
164
164
164
164
164
165
165
165
165
165
165
165
166
166
166
166
166
166
167
167
167
167
167
167
167
168
168
168
168
169
169
170
170
170
170
171
171
171
171
171
171
172
172
172
172
172
172
173
173
173
173
173
173
174
174
174
174
175
175
175
175
176
176
176
176
176
176
177
177
177
178
178
178
179
179
179
179
179
179
180
180
181
181
181
181
181
181
181
181
181
181
181
181
182
183
183
183
183
184
184
184
185
185
185
185
186
187
188
189
190
190
190
191
191
191
191
192
193
193
193
193
193
193
194
194
194
195
195
195
196
196
197
197
197
197
197
197
197
197
197
197
197
198
198
199
199
199
199
199
199
200
201
201
201
201
202
202
203
203
203
203
204
204
204
204
205
205
205
205
206
206
207
207
207
208
209
209
209
210
213
213
213
214
216
216
216
217
217
217
217
218
218
218
218
218
219
219
220
222
222
222
223
224
224
225
225
225
225
227
228
228
229
230
230
231
231
231
232
232
232
232
233
233
234
234
234
234
235
235
235
235
236
238
239
240
240
240
241
241
242
242
243
244
244
244
245
245
245
246
246
246
247
247
248
248
248
248
249
249
249
250
250
252
253
254
254
255
257
258
258
258
258
259
259
259
260
260
261
263
265
265
265
265
265
265
267
268
268
268
268
268
269
269
270
271
272
272
273
274
275
275
276
276
277
277
277
278
279
279
280
281
282
282
282
282
282
282
283
283
283
283
284
284
285
286
287
287
288
288
288
289
289
289
290
290
290
290
291
292
293
294
294
295
296
297
297
298
300
300
302
304
304
304
305
306
308
310
311
312
312
313
313
313
313
314
315
315
316
316
317
317
317
317
318
318
319
319
319
319
320
320
320
320
321
321
321
322
322
322
323
323
324
324
324
325
325
325
326
327
327
328
328
328
329
330
330
330
331
331
332
333
333
335
336
336
338
338
339
343
345
345
347
347
348
348
348
349
349
349
351
351
351
352
353
353
353
354
354
354
356
356
356
357
357
359
359
360
360
361
361
361
361
362
362
362
363
363
364
364
364
365
366
366
367
367
367
368
368
368
369
369
369
369
370
371
372
372
372
373
373
373
374
374
374
375
375
375
376
376
376
377
377
377
378
378
378
378
378
378
378
381
381
381
381
382
382
382
382
382
383
383
384
384
384
384
384
385
385
385
386
386
386
386
387
387
387
387
387
389
389
389
389
389
390
390
390
390
391
391
392
392
392
392
393
393
394
394
395
397
397
397
398
398
398
399
399
400
400
400
403
404
405
408
408
409
410
411
413
413
414
414
414
414
415
415
415
415
416
416
416
416
417
417
418
418
418
418
419
419
420
420
421
422
422
422
423
423
424
424
424
425
425
425
425
425
425
426
426
427
428
428
428
428
430
430
431
432
432
433
434
434
437
438
438
439
439
439
439
440
440
441
441
442
443
443
444
444
444
446
447
447
449
449
451
451
453
453
454
454
454
455
456
457
457
457
460
461
461
462
462
462
462
463
463
463
463
464
464
465
465
465
466
466
466
467
468
468
469
470
471
471
472
475
475
476
476
476
476
476
477
477
477
478
478
478
478
479
479
480
480
481
481
481
481
481
482
482
482
482
482
483
483
483
483
483
483
484
484
485
485
486
486
486
486
487
488
488
488
489
489
490
490
490
490
491
492
492
492
492
492
493
493
493
494
494
494
495
495
496
496
496
497
497
497
497
497
497
498
498
498
499
499
499
499
499
499
499
499
500
500
501
501
502
503
503
503
504
504
505
505
506
506
506
507
508
508
508
509
509
509
509
510
510
510
510
511
511
511
511
512
512
512
513
513
514
514
516
516
516
517
517
518
518
519
519
519
519
519
523
523
524
525
526
526
526
527
528
528
528
529
530
530
531
531
532
532
532
533
533
533
533
535
536
538
539
539
540
540
541
542
542
544
546
546
547
547
547
548
549
549
550
550
551
554
555
555
557
557
557
557
558
558
558
558
558
558
559
559
559
559
559
559
559
559
559
560
563
563
563
564
564
564
564
564
565
566
566
567
567
568
569
569
570
570
570
571
571
571
572
574
576
577
578
583
585
587
589
592
593
593
593
593
593
594
595
595
595
595
595
599
601
601
601
602
603
604
606
606
608
608
608
609
610
611
612
613
613
614
615
615
618
622
624
625
626
627
628
629
629
630
631
632
633
633
634
635
635
636
637
637
638
641
642
642
644
645
645
646
647
647
647
648
648
648
649
649
649
649
650
650
654
654
654
655
656
657
657
657
657
662
663
665
665
665
666
666
666
667
668
668
671
672
673
678
680
682
685
688
689
690
692
692
693
694
694
695
698
698
698
699
699
700
701
702
703
711
715
717
718
718
718
720
720
720
721
721
722
725
729
729
731
732
735
736
737
745
745
750
752
752
752
755
756
756
758
761
762
765
769
769
773
774
775
776
778
780
780
781
781
782
782
784
784
788
789
790
792
792
794
794
794
795
796
797
797
797
798
798
800
804
805
806
806
806
808
809
810
813
814
814
814
816
816
817
818
818
818
819
819
820
820
821
821
822
823
823
823
824
824
825
826
826
827
827
827
827
828
828
829
829
829
830
830
830
830
830
830
831
832
833
834
837
838
838
839
839
839
840
840
840
840
841
841
843
843
843
844
844
844
845
845
846
847
847
847
848
848
848
848
849
850
851
852
853
854
854
856
857
858
858
858
859
859
859
859
860
860
860
860
861
861
861
861
862
862
862
864
865
867
867
868
870
871
872
873
873
874
874
874
875
875
875
875
876
876
877
879
879
884
885
887
887
888
889
890
891
894
894
898
898
899
900
901
902
902
902
902
904
906
907
907
908
909
910
912
912
912
918
920
921
921
923
923
924
924
925
928
928
928
930
930
931
931
932
935
937
937
939
943
944
946
946
946
946
947
947
947
948
948
948
951
952
952
952
952
953
953
954
955
955
955
956
957
957
957
958
958
958
961
961
964
966
967
967
967
969
970
973
975
975
976
977
979
980
980
980
984
989
992
993
996
999
999
1000
1002
1005
1008
1009
1009
1012
1013
1017
1024
1024
1024
1024
1029
1031
1035
1047
1048
1049
1053
1055
1055
1055
1059
1060
1067
1068
1070
1073
1079
1082
1088
1090
1091
1093
1096
1096
1096
1097
1100
1101
1103
1105
1106
1107
1108
1110
1113
1114
1114
1119
1125
1128
1130
1133
1137
1141
1143
1144
1144
1146
1150
1157
1159
1164
1166
1167
1168
1168
1171
1172
1172
1173
1180
1180
1181
1184
1190
1193
1222
1244
1250
1264
1287
1289
1289
