0
2
2
3
3
3
3
4
4
4
4
4
6
6
6
6
6
7
7
7
7
7
7
7
7
8
8
8
8
8
8
8
8
9
9
9
9
9
9
9
9
9
9
9
10
10
10
10
10
10
11
11
11
12
12
12
13
13
13
13
13
13
14
14
14
14
15
15
16
16
17
17
17
18
18
18
18
18
18
18
19
19
19
19
19
20
20
20
20
20
20
21
21
21
21
21
21
22
22
22
23
23
23
23
23
23
23
24
25
25
25
25
25
25
26
26
26
26
26
26
27
27
27
28
28
28
28
28
29
29
29
30
30
30
30
31
31
31
31
31
31
32
32
32
32
32
33
33
33
33
33
33
33
33
34
34
34
34
34
34
35
35
35
35
35
36
36
36
36
38
38
38
38
38
38
39
39
39
40
40
40
40
40
40
41
41
41
41
41
41
41
41
41
42
42
42
42
42
42
42
42
43
43
43
43
43
43
43
44
44
44
44
45
45
45
46
46
46
46
47
47
47
47
47
48
48
48
48
48
49
49
50
50
50
50
51
51
51
52
52
52
52
52
52
52
52
52
53
53
53
53
53
53
54
54
54
54
54
55
55
55
56
56
56
56
56
56
56
56
56
56
56
56
56
56
56
57
57
57
57
58
58
58
58
58
59
59
59
59
60
60
61
61
61
61
61
61
62
62
63
64
64
64
64
64
65
65
65
66
66
66
67
67
68
68
68
68
69
69
69
69
69
69
69
69
70
70
70
70
71
71
73
73
74
74
74
74
74
74
74
75
75
75
75
75
75
76
76
76
77
77
77
77
77
77
78
78
78
78
80
80
81
81
82
82
83
83
83
84
84
84
86
86
86
86
87
87
87
88
88
88
88
89
89
89
89
89
89
89
89
89
89
90
90
90
90
90
90
91
91
91
91
91
91
91
92
92
92
93
93
93
93
93
93
94
94
94
94
94
95
95
95
95
95
96
96
96
96
97
97
97
97
97
97
97
97
98
98
98
98
98
99
99
99
99
99
99
99
99
100
100
100
100
101
101
101
101
101
101
101
101
101
101
101
101
101
102
102
102
102
102
103
103
103
103
103
103
103
104
104
104
104
104
104
104
105
105
105
105
105
105
105
105
105
106
106
106
106
106
107
107
108
108
108
108
109
109
109
109
109
109
109
109
109
109
109
109
109
110
110
110
110
110
111
111
111
111
111
111
111
111
112
112
112
113
113
114
114
114
115
115
115
116
116
116
116
116
117
117
117
117
117
117
117
117
117
117
118
118
118
118
119
119
119
119
119
120
120
120
120
120
120
120
120
120
120
121
121
121
121
121
121
121
121
121
121
121
122
122
122
122
123
123
123
123
123
124
124
124
124
125
125
126
126
126
126
126
126
128
128
128
128
128
128
128
129
129
129
129
129
129
129
130
130
130
131
131
131
132
132
132
132
132
132
132
132
133
133
134
134
135
135
135
135
135
136
136
136
136
136
136
136
136
136
137
137
137
137
137
137
137
138
138
139
139
139
140
140
140
140
140
141
141
141
142
142
142
142
143
143
143
143
143
144
144
145
146
146
146
146
147
147
147
147
147
147
147
148
148
148
148
149
149
149
149
149
149
150
150
151
152
152
152
152
153
153
153
154
154
154
154
155
155
156
157
158
158
158
158
158
159
159
159
159
160
160
160
160
161
161
161
163
163
163
163
163
163
164
164
164
165
165
166
166
167
167
168
168
169
169
169
170
170
170
170
171
171
171
171
171
172
172
172
172
173
173
173
173
173
173
174
174
174
174
174
174
175
175
175
175
176
177
177
177
178
178
178
179
179
179
179
179
180
180
180
180
181
181
181
182
182
182
183
184
184
184
185
186
186
187
187
187
188
188
189
189
189
190
190
190
191
192
192
194
194
195
195
195
195
196
197
197
197
198
198
198
198
198
198
198
199
199
199
199
200
200
200
200
200
200
200
201
201
201
202
202
203
203
203
204
207
207
208
209
209
209
209
209
210
211
211
211
211
211
212
212
212
212
212
212
212
212
212
213
213
213
213
213
213
214
214
214
215
215
215
215
215
216
216
216
217
217
217
217
217
218
218
218
219
219
220
220
220
221
222
222
223
223
224
224
225
225
225
225
225
226
226
226
226
227
227
228
228
228
228
229
230
230
230
230
231
231
231
232
232
232
232
233
233
234
235
235
238
238
238
239
239
239
242
242
242
242
242
243
243
244
244
244
245
245
245
246
247
248
248
248
250
250
250
253
254
255
255
256
256
256
256
257
257
257
258
258
259
260
260
260
260
261
263
263
263
264
264
265
267
267
268
269
270
270
270
271
274
275
275
275
277
277
278
278
279
279
282
283
284
284
285
285
286
286
286
287
287
288
288
288
289
289
289
289
290
291
291
292
293
293
293
293
294
294
294
294
294
295
295
296
297
298
298
299
299
299
300
300
300
301
302
302
303
303
303
304
305
306
306
306
307
309
309
309
309
310
310
310
310
310
311
311
311
311
311
311
313
314
315
316
318
319
319
320
321
321
322
322
323
323
325
326
326
328
329
329
330
330
331
331
331
331
332
332
332
332
333
333
333
334
334
334
335
335
336
337
337
337
338
338
338
338
339
339
340
341
342
343
343
343
343
344
344
344
344
345
345
346
346
347
348
349
349
350
350
351
351
354
355
355
355
356
356
356
357
357
357
357
358
358
359
359
360
361
361
361
362
363
364
364
366
366
366
367
367
367
367
368
368
370
371
373
373
373
374
375
376
376
377
377
379
384
385
387
388
388
389
389
391
393
395
396
396
397
397
397
398
398
399
400
400
401
401
402
402
403
403
404
405
405
405
406
406
406
406
406
406
407
408
408
409
409
410
413
414
414
416
418
419
419
420
420
420
420
421
424
424
424
424
425
425
426
426
426
426
426
427
427
427
427
428
428
428
428
428
428
428
431
431
431
431
431
432
432
432
434
434
434
435
435
435
435
435
436
436
438
439
439
440
440
440
440
441
441
442
442
443
443
444
445
445
445
445
445
447
448
448
449
449
449
450
452
452
454
454
455
455
455
456
456
456
457
457
458
458
458
459
459
459
459
459
459
460
460
460
460
460
460
461
461
461
461
462
462
462
462
462
463
463
464
464
464
465
465
466
466
466
467
467
467
467
468
468
468
469
469
469
469
470
470
470
471
471
471
472
472
472
473
473
474
474
474
474
474
475
475
475
476
477
477
479
480
480
481
481
481
481
481
481
482
483
483
483
483
483
483
483
484
484
484
484
484
485
485
485
485
486
486
486
486
487
487
487
487
487
488
488
489
489
489
489
490
490
490
491
492
493
493
494
496
496
497
497
498
498
498
499
499
499
500
500
501
501
501
502
502
502
503
503
503
504
504
504
505
506
506
508
508
508
508
508
509
509
509
511
511
511
511
512
512
513
513
513
514
516
516
516
516
516
517
517
517
517
518
518
518
519
520
520
520
520
521
521
521
521
521
521
521
521
522
522
523
523
523
524
525
527
527
527
528
529
530
531
531
532
533
534
535
537
538
538
539
540
540
541
541
542
542
543
544
544
547
547
547
548
549
549
550
550
550
550
550
550
550
551
551
551
552
553
554
554
554
554
555
555
555
556
556
556
556
557
557
558
559
559
559
559
560
560
562
564
564
565
565
565
565
565
566
566
566
566
567
567
567
567
567
568
568
569
569
570
572
573
573
573
574
574
575
577
577
577
577
580
580
581
581
581
581
581
581
582
582
583
583
583
584
584
585
585
585
586
586
586
587
587
587
588
588
588
588
588
588
589
589
589
590
591
591
592
592
593
593
593
593
594
594
594
594
594
594
594
594
595
595
595
596
596
596
598
598
599
599
600
601
602
602
603
604
605
606
606
606
607
607
610
610
610
611
612
612
613
613
614
614
615
615
616
616
616
617
618
618
619
620
620
621
622
623
623
623
624
624
625
625
626
626
627
627
628
629
632
632
633
633
633
634
634
634
637
637
637
638
638
638
639
640
641
642
642
643
643
644
644
644
644
645
647
647
649
653
655
657
657
657
657
659
659
659
661
661
663
664
668
670
670
670
670
670
670
670
670
671
671
671
671
671
672
672
672
673
673
674
675
676
676
677
677
677
677
678
679
681
681
681
681
681
681
682
683
683
683
683
683
684
684
684
684
684
685
685
688
689
689
689
689
690
690
693
693
695
695
695
695
696
696
696
697
697
699
700
700
700
702
702
702
704
704
704
705
705
705
706
706
706
708
711
713
713
714
714
714
715
716
716
717
721
725
726
728
728
728
729
729
730
730
731
733
733
733
734
735
735
736
737
738
738
738
740
740
742
744
744
744
745
745
746
746
746
748
748
749
749
749
749
750
750
750
750
750
750
751
751
752
752
752
752
752
752
753
753
755
755
755
756
756
756
756
759
761
762
764
764
764
765
767
767
767
767
768
768
769
769
770
770
772
773
774
775
776
778
779
779
780
783
783
783
783
784
786
787
789
790
790
793
795
798
799
801
801
802
804
805
806
808
809
809
810
812
815
816
817
821
821
821
821
821
822
823
824
824
825
826
827
827
828
828
829
829
829
829
830
832
833
834
834
834
834
840
843
843
844
844
845
846
846
847
847
849
852
853
855
856
856
859
861
863
863
864
865
874
876
877
877
880
885
886
886
886
886
889
890
890
891
892
892
892
893
894
911
911
912
913
915
915
916
916
917
917
919
921
921
921
925
926
926
927
929
930
930
937
939
941
950
951
951
956
957
957
961
963
964
965
966
966
975
975
976
977
981
986
989
990
992
994
996
996
996
1000
1001
1002
1002
1004
1005
1007
1007
1007
1007
1009
1012
1012
1012
1012
1014
1015
1015
1015
1016
1017
1018
1019
1019
1019
1019
1025
1025
1027
1030
1031
1033
1033
1034
1035
1036
1038
1040
1041
1043
1045
1045
1048
1049
1050
1052
1053
1053
1055
1055
1061
1064
1068
1069
1069
1069
1070
1073
1073
1074
1075
1075
1079
1080
1081
1082
1083
1087
1087
1087
1089
1092
1093
1095
1098
1101
1102
1109
1119
1119
1123
1127
1133
1136
1150
1152
1161
1165
1165
1170
1171
1171
1172
1179
1181
1182
1183
1184
1188
1188
1188
1189
1190
1190
1190
1195
1198
1200
1200
1203
1205
1206
1208
1219
1219
1219
1221
1227
1227
1227
1227
1227
1227
1227
1228
1229
1229
1232
1233
1233
1233
1235
1240
1240
1241
1242
1245
1251
1255
1255
1256
1257
1259
1272
1275
1276
1283
1286
1286
1287
1292
1294
1301
1305
1305
1313
1313
1314
1319
1322
1327
1329
1335
1336
1336
1336
1337
1340
1341
1342
1343
1346
1348
1348
1349
1350
1351
1352
1356
1357
1357
1364
1365
1368
1369
1373
1375
1380
1382
1384
1386
1387
1389
1398
1403
1404
1407
1411
1411
1413
1413
1415
1416
1419
1420
1420
1420
1424
1424
1424
1429
1436
1455
1522
1524
1524
1551
1557
1571
1571
1572
1574
1591
1596
1612
1617
1618
1627
1635
1635
1636
1677
1682
1684
1685
1685
1690
1694
1695
1697
1703
1703
1707
1725
1726
