0
2
2
2
3
3
3
3
4
5
6
6
6
6
7
7
7
8
8
8
8
8
8
9
9
9
9
9
9
10
10
10
10
11
11
11
11
12
12
13
13
13
13
13
14
14
14
14
14
14
14
14
14
14
14
15
15
15
15
15
15
15
15
16
16
16
16
16
17
17
17
17
17
17
17
17
17
17
17
17
18
18
18
18
18
18
18
18
18
19
19
19
19
19
19
19
20
20
20
20
20
20
20
21
21
21
21
21
22
22
22
22
23
23
23
23
24
24
26
26
26
26
26
26
26
26
26
27
27
27
27
27
28
28
28
28
28
28
29
29
29
29
29
29
29
30
30
30
30
30
30
30
30
30
30
30
31
31
31
31
32
32
32
32
32
32
32
33
33
33
34
34
34
34
34
35
35
35
35
35
35
35
36
36
36
37
37
37
37
37
38
38
38
38
38
38
39
39
39
39
40
40
40
41
41
41
41
41
41
41
41
42
42
42
42
42
43
43
43
43
43
43
43
43
43
44
44
44
45
45
45
46
46
47
47
47
48
48
48
49
49
49
49
50
50
51
51
51
51
52
52
52
53
53
53
53
53
54
54
54
54
54
54
55
56
56
56
57
57
58
58
58
58
58
58
58
59
59
59
60
60
60
60
61
61
61
61
61
61
61
62
62
62
63
64
65
65
65
65
66
66
66
66
66
66
66
66
67
67
67
67
68
68
68
68
69
69
69
71
71
71
71
73
73
73
73
75
75
75
75
75
76
76
76
77
77
77
77
77
78
78
78
78
78
78
79
79
80
80
81
82
82
82
82
82
83
83
83
84
84
84
84
84
84
85
86
86
88
88
89
90
90
90
95
96
96
98
100
100
100
101
104
104
105
107
108
109
109
111
113
119
119
119
119
120
120
120
122
123
123
123
126
127
129
130
131
135
144
144
145
147
147
148
149
152
158
159
159
160
162
162
163
165
165
166
166
166
166
167
168
169
169
177
177
178
179
179
180
183
185
187
187
188
189
189
190
191
195
197
197
197
197
198
198
199
201
201
202
202
207
208
209
209
209
214
216
217
217
217
217
217
218
219
219
221
225
225
228
231
233
234
234
235
235
237
239
240
241
243
244
244
245
245
247
248
249
251
251
252
252
253
254
254
254
254
254
256
256
257
258
259
259
260
260
261
261
261
262
262
264
264
264
264
264
267
268
269
270
270
270
272
274
274
275
276
276
276
279
280
280
281
282
286
286
288
290
290
291
292
293
294
295
295
296
296
297
298
299
300
300
300
301
301
302
303
303
303
304
305
305
305
306
307
307
308
308
308
309
309
311
312
314
316
316
317
318
318
319
320
321
322
323
325
327
327
327
328
328
331
332
332
333
333
334
334
335
336
336
337
338
338
338
339
340
341
341
342
342
343
344
344
344
345
345
345
345
346
347
349
350
351
351
352
352
353
353
355
357
357
359
361
362
363
365
366
366
367
367
368
368
368
369
369
371
372
373
373
373
373
373
374
376
376
376
377
379
382
382
386
389
392
393
393
396
397
397
397
399
400
401
402
405
406
406
408
408
409
409
410
410
411
411
411
412
413
415
415
420
421
421
422
422
422
422
423
424
424
424
425
425
426
427
430
430
432
433
433
434
434
434
435
435
435
436
437
437
437
438
439
440
441
442
442
442
445
446
447
450
451
452
454
456
457
459
460
461
461
462
462
465
466
468
468
468
469
470
470
471
472
472
473
473
474
474
475
476
478
478
480
483
483
483
484
485
485
485
486
486
486
487
487
487
487
487
488
489
491
491
492
492
493
493
494
494
494
495
495
495
496
496
496
496
497
497
497
497
498
498
498
498
499
499
499
499
499
500
500
500
501
501
501
501
501
501
502
502
502
502
502
503
503
503
503
503
503
504
504
504
504
505
505
506
506
507
508
509
509
511
512
512
513
514
514
514
515
515
516
516
516
517
517
518
518
518
519
520
521
521
521
521
521
522
522
522
524
525
525
526
528
528
528
528
528
528
528
529
529
529
532
532
532
534
536
536
538
538
538
538
539
539
539
539
539
540
540
540
541
541
541
541
541
542
542
543
543
543
543
544
544
545
545
545
546
546
546
546
546
547
547
547
547
548
548
551
551
551
552
553
553
553
554
554
554
554
555
555
555
556
556
556
556
557
558
558
559
559
559
559
559
559
560
561
563
564
565
566
566
566
566
567
567
568
568
569
569
569
569
570
570
571
572
573
573
574
574
574
574
574
574
574
574
575
575
575
575
576
576
576
576
576
576
576
577
577
577
578
582
582
583
584
584
584
585
586
586
587
588
589
591
591
591
592
592
592
592
592
592
592
592
593
593
593
593
594
595
595
595
596
598
598
598
598
599
599
599
601
601
601
602
602
603
604
605
605
605
606
606
606
606
606
607
608
608
608
608
609
610
610
613
613
613
614
617
619
620
622
623
624
624
625
625
626
626
626
627
627
628
634
635
637
637
638
638
638
639
639
639
641
642
642
643
643
645
645
646
647
647
649
650
650
650
651
651
653
654
655
656
656
656
656
656
657
657
657
658
658
658
659
661
662
663
663
666
666
668
668
668
670
671
671
672
672
673
674
674
675
675
676
676
677
677
679
679
679
681
682
682
682
682
682
682
683
683
683
684
685
685
685
686
686
686
686
686
688
688
689
689
691
691
693
693
693
694
695
695
695
696
696
697
697
697
697
698
699
701
704
704
705
706
707
708
712
713
716
717
718
719
719
724
724
724
725
725
726
726
727
728
729
729
729
730
731
733
735
735
735
735
736
736
737
739
739
739
740
741
745
745
748
753
755
757
758
758
759
760
764
764
766
768
769
770
771
772
773
775
777
780
781
784
787
790
791
791
792
793
793
794
798
798
798
799
799
799
802
808
809
810
811
811
811
812
812
812
812
813
813
813
813
813
813
814
814
814
814
814
814
815
815
816
816
816
817
817
817
817
817
818
818
818
818
820
821
821
821
822
823
825
825
826
827
827
827
827
827
833
834
835
836
837
840
844
844
846
847
848
848
849
849
850
850
851
852
853
853
853
854
854
854
854
856
856
857
859
860
860
860
862
862
863
865
867
869
869
869
872
872
874
874
874
874
875
875
877
877
877
879
879
889
889
890
891
891
892
892
892
895
898
900
900
901
902
902
903
906
908
910
910
911
911
912
913
913
914
914
914
915
915
915
917
919
919
920
921
921
921
921
922
922
923
924
924
924
925
925
926
929
932
933
934
937
938
940
941
941
942
943
943
943
943
943
944
944
944
944
944
946
946
946
946
948
948
948
948
949
949
949
949
950
950
951
953
953
954
957
959
959
962
965
966
966
967
967
967
967
967
967
969
970
970
971
971
974
975
975
975
976
976
977
979
979
980
980
980
980
982
982
983
983
983
984
985
985
986
988
988
989
990
990
990
990
990
990
991
991
991
991
992
992
993
994
994
994
994
995
995
995
995
995
995
995
996
996
996
996
996
997
997
997
997
998
1000
1000
1001
1001
1001
1001
1001
1001
1002
1003
1006
1008
1008
1011
1012
1015
1015
1017
1017
1018
1019
1023
1023
1024
1025
1026
1026
1026
1029
1029
1029
1029
1030
1034
1034
1034
1035
1036
1036
1041
1043
1044
1046
1046
1047
1047
1050
1050
1051
1051
1054
1056
1057
1063
1067
1069
1069
1070
1073
1074
1075
1075
1081
1082
1084
1085
1085
1085
1090
1090
1091
1095
1096
1096
1097
1098
1098
1100
1102
1103
1103
1103
1103
1104
1104
1104
1104
1104
1106
1106
1107
1107
1109
1110
1112
1119
1121
1121
1122
1122
1123
1124
1125
1125
1126
1127
1127
1131
1131
1134
1139
1143
1145
1148
1149
1170
1172
1173
1174
1174
1175
1176
1177
1177
1177
1177
1177
1178
1181
1183
1184
1186
1186
1186
1188
1189
1191
1191
1191
1191
1191
1192
1204
1205
1208
1210
1218
1219
1226
1228
1230
1231
1232
1235
1235
1241
1243
1243
1245
1246
1247
1248
1249
1250
1251
1254
1255
1257
1268
1269
1271
1272
1276
1278
1278
1278
1278
1278
1278
1278
1279
1280
1283
1284
1286
1289
1289
1290
1293
1293
1294
1295
1296
1297
1298
1298
1301
1301
1306
1307
1308
1308
1312
1313
1314
1316
1316
1321
1322
1323
1323
1324
1328
1328
1329
1332
1332
1333
1333
1333
1334
1336
1341
1348
1352
1356
1362
1362
1364
1366
1366
1367
1372
1372
1373
1373
1374
1375
1375
1378
1379
1379
1379
1381
1384
1389
1389
1389
1390
1392
1396
1400
1401
1402
1402
1402
1408
1409
1413
1415
1416
1416
1416
1417
1418
1419
1420
1420
1420
1421
1421
1421
1421
1421
1422
1423
1423
1424
1424
1425
1425
1425
1425
1426
1428
1430
1431
1431
1431
1432
1433
1433
1433
1434
1435
1435
1435
1436
1436
1437
1437
1438
1442
1445
1446
1448
1449
1451
1452
1453
1453
1454
1454
1455
1455
1455
1455
1458
1459
1459
1461
1466
1468
1472
1472
1472
1473
1473
1473
1478
1479
1489
1489
1490
1490
1490
1490
1491
1493
1493
1494
1498
1511
1517
1518
1519
1524
1526
1527
1531
1532
1534
1545
1548
1553
1553
1555
1556
1557
1558
1559
1566
1566
1566
1567
1568
1572
1572
1574
1575
1577
1577
1578
1578
1580
1580
1581
1582
1583
1583
1584
1585
1585
1586
1587
1588
1588
1588
1589
1589
1590
1592
1593
1595
1595
1597
1601
1601
1601
1602
1604
1607
1607
1612
1615
1616
1616
1618
1619
1619
1619
1620
1620
1620
1621
1621
1621
1621
1622
1623
1624
1626
1633
1634
1643
1644
1647
1648
1648
1650
1655
1655
1661
1662
1666
1666
1666
1667
1668
1672
1672
1672
1673
1674
1675
1677
1679
1688
1688
1697
1699
1700
1701
1705
1706
1708
1710
1710
1712
1712
1712
1718
1724
1726
1727
1730
1738
1739
1739
1743
1743
1745
1746
1749
1750
1750
1751
1753
1754
1754
1757
1763
1765
1775
1779
1782
1782
1804
1808
1809
1809
1813
1820
1820
1822
1822
1824
1828
1829
1830
1834
1835
1836
1838
1842
1844
1844
1847
1873
1878
1902
1902
1903
1905
1909
1909
1910
1910
1912
1914
1916
1919
1924
1925
1927
1939
1950
1957
1958
1958
1959
1962
1968
1968
1973
1980
1981
1982
1983
1983
1993
1994
2006
2018
2026
2029
2031
2039
2048
2055
2058
2061
2063
2076
2131
2142
2144
2145
2148
2167
2173
2174
2176
2177
2177
2179
2192
2198
2205
2208
2209
2210
2210
2215
2215
2216
2220
2227
2246
2251
2253
2276
2277
2278
2280
2283
2292
2297
2303
2308
2308
2310
2312
2319
2347
2350
2352
2364
2369
2371
2379
2392
2405
2415
2417
2422
2423
2424
2427
2432
2436
2436
2437
2448
2450
2450
2452
2454
2464
2465
2467
2470
2472
2474
2474
2475
2475
2476
2480
2480
2480
2481
2482
2482
2483
2483
2484
2484
2485
2493
2505
2508
2512
2514
2514
2514
2520
2528
2529
2531
2531
2532
2532
2532
2533
2537
2544
2545
2552
2552
2556
2557
2557
2558
2558
2560
2565
2566
2566
2568
2568
2569
2570
2575
2577
2577
2578
2579
2579
2579
2585
2586
2592
2597
2603
2605
2606
2607
2608
2613
2618
2619
2640
2641
2644
2644
2649
2665
2672
2674
2696
2696
2707
2726
2730
2752
2756
2761
2767
2775
2775
2776
2776
2776
2776
2777
2782
2784
2787
2788
2790
2791
2792
2794
2798
2799
2799
2800
2805
2823
2841
2848
2849
2850
2850
2867
2868
2869
2876
2885
2887
2893
2917
2918
2920
2940
2950
2954
2964
2964
2964
2964
2967
2973
3027
3031
3035
3037
3053
3054
3092
3101
3101
3107
3117
3127
3135
3138
3138
3139
3139
3145
3145
3146
3147
3157
3161
3162
3175
3178
3208
3209
3213
3215
3217
3221
3225
3228
3237
3237
3241
3241
3242
3244
3247
3251
3254
3254
3254
3257
3259
3260
3260
3264
3273
3273
3281
3288
3291
3302
3308
3310
3311
3313
3313
3314
3321
3322
3322
