0
2
2
3
3
3
4
4
5
5
5
5
5
6
6
6
7
7
7
7
7
8
8
8
8
8
8
8
9
9
9
9
9
9
10
10
10
10
10
10
10
10
10
10
10
11
11
11
11
11
11
11
11
11
11
12
12
12
12
12
12
12
12
13
13
13
13
13
13
13
13
13
13
13
14
14
14
14
16
17
17
17
17
18
18
18
18
18
19
19
19
19
19
20
20
20
20
20
20
20
21
21
21
22
22
23
23
23
23
23
24
24
24
24
25
26
26
27
27
28
29
29
29
29
30
30
31
31
31
31
32
33
33
33
33
34
34
35
35
35
35
35
35
36
36
37
37
38
39
40
40
40
41
41
41
41
41
42
42
42
42
42
43
43
44
44
44
44
45
46
46
47
47
49
49
49
49
49
49
49
49
50
50
50
51
51
51
51
52
53
53
53
53
53
54
54
55
56
57
58
58
60
60
61
61
62
62
62
63
63
63
63
63
63
63
63
64
64
64
64
64
64
64
65
65
66
66
66
66
67
67
67
68
68
68
68
69
69
69
69
71
71
73
74
74
74
74
75
75
75
76
76
76
76
77
77
77
77
77
77
78
79
79
79
79
80
80
80
80
80
80
82
82
82
82
82
82
83
84
84
84
84
84
84
85
85
86
86
87
87
88
88
89
89
89
90
91
91
92
93
93
93
93
93
94
94
95
95
95
95
96
96
96
97
97
97
97
97
97
97
97
98
98
99
99
99
99
99
99
99
99
100
100
101
101
101
101
101
101
101
102
102
102
102
102
103
103
103
103
103
104
105
105
106
106
106
107
107
107
107
108
108
108
108
108
108
108
108
108
108
109
109
109
109
110
110
110
110
110
110
110
110
110
110
111
111
111
111
111
111
111
111
111
112
112
112
112
113
113
113
113
114
114
114
114
114
114
115
116
116
116
116
116
117
117
117
117
117
118
118
118
118
118
118
119
119
120
120
120
121
121
121
121
121
121
121
122
122
122
122
122
122
122
122
122
123
123
124
124
125
125
125
125
125
125
125
126
126
126
126
126
126
127
127
127
127
127
127
128
128
128
128
128
129
129
129
130
130
130
130
130
131
131
131
131
131
132
132
132
132
132
132
132
132
133
133
133
133
133
134
134
134
134
134
134
134
135
135
135
135
136
137
137
137
137
137
137
138
138
138
138
139
139
139
140
140
141
141
142
142
142
143
143
143
143
143
144
144
144
145
145
145
145
146
147
147
147
147
147
148
148
148
148
148
149
149
150
150
150
150
151
151
151
152
153
153
153
154
154
154
154
154
155
155
155
157
157
157
158
159
159
159
160
160
160
161
161
161
161
161
161
162
163
163
163
164
164
165
165
165
165
165
165
166
166
166
166
166
167
167
167
168
168
168
169
169
170
170
170
171
171
171
172
173
174
174
174
174
175
175
175
175
175
176
176
176
177
177
178
178
178
179
179
179
180
182
182
183
184
184
184
185
186
187
187
187
187
188
188
188
188
189
189
189
190
190
190
190
191
192
192
193
193
193
193
193
194
194
195
196
196
196
197
198
199
199
199
200
200
201
201
202
203
204
204
204
204
205
205
205
206
206
206
206
206
207
207
207
207
207
208
208
208
208
208
209
209
209
209
209
209
210
210
210
212
212
212
213
214
214
214
214
214
215
216
216
216
216
216
217
218
218
219
219
219
220
220
221
221
221
221
221
221
221
221
222
222
222
222
223
223
223
224
224
224
225
225
225
226
226
228
229
229
229
229
229
229
229
230
230
230
230
231
231
232
232
232
232
234
235
235
235
236
236
236
236
237
237
237
237
237
237
238
238
239
239
239
240
240
240
241
242
242
242
242
242
242
243
243
243
243
244
244
244
244
244
245
245
245
246
246
246
246
247
247
247
247
248
249
249
249
250
250
250
250
251
252
253
253
255
255
255
256
256
257
258
258
258
258
258
258
259
259
259
259
260
260
260
260
260
261
261
261
261
261
261
262
262
262
262
262
263
263
264
264
264
264
264
264
265
265
265
265
265
266
266
266
266
266
266
267
268
268
268
268
270
270
270
270
272
272
274
274
274
275
275
276
276
276
277
277
277
279
279
279
280
280
280
286
287
287
287
289
289
290
291
291
291
292
292
292
292
293
293
293
294
294
295
295
295
296
296
296
296
298
298
299
299
300
300
302
303
303
304
304
304
304
305
305
305
306
306
307
307
307
308
309
309
310
314
314
315
315
316
317
318
318
319
319
319
319
320
320
323
324
326
326
327
327
328
328
328
329
330
330
330
330
330
330
331
331
331
332
332
334
336
338
338
338
338
340
340
342
342
343
343
343
344
344
347
347
348
348
348
348
348
349
350
350
351
352
353
356
357
358
358
359
360
360
360
361
363
364
365
366
366
367
369
369
369
370
370
370
370
370
372
372
372
373
373
375
377
378
379
380
380
382
383
383
384
384
385
385
387
387
387
387
387
388
389
389
389
390
390
391
391
391
391
392
392
393
393
394
395
395
397
398
401
403
403
405
405
405
405
406
408
409
409
409
409
409
409
410
410
410
411
411
413
414
415
415
416
417
418
418
418
419
419
420
421
421
421
421
423
424
424
425
425
426
427
427
427
429
430
430
431
438
439
441
441
441
441
442
442
442
444
445
446
446
446
447
447
448
448
448
448
448
448
448
449
449
449
450
450
451
451
451
451
452
452
452
452
452
453
453
454
456
456
456
456
457
457
457
458
458
458
461
461
462
463
463
463
464
464
464
464
465
465
466
466
466
466
468
470
470
471
472
472
472
473
474
476
476
477
477
477
478
478
478
479
480
480
480
480
481
481
482
483
483
485
485
485
487
487
487
488
488
489
489
489
489
490
490
490
490
491
491
491
493
493
493
494
494
494
495
495
495
496
496
496
496
498
498
498
498
499
499
499
500
500
500
502
502
502
503
503
503
504
505
505
507
507
508
508
508
509
509
509
509
509
511
511
511
512
512
512
513
513
513
513
514
514
514
515
515
516
516
516
516
516
516
516
517
517
517
518
518
518
518
518
518
519
519
519
519
519
520
520
521
522
523
523
524
524
526
526
529
529
529
530
531
532
532
535
537
538
539
539
539
539
540
541
541
542
542
543
543
545
545
546
546
547
547
548
549
550
550
552
552
552
552
554
554
555
555
556
556
556
556
557
557
558
558
559
559
560
561
561
562
562
562
562
563
565
566
566
569
569
570
571
571
571
571
572
572
575
575
577
577
580
581
583
583
583
584
584
584
584
585
585
587
588
588
591
591
591
594
595
600
601
602
604
605
606
606
606
608
610
611
613
614
614
615
615
615
616
616
618
619
619
619
619
623
623
624
624
624
625
626
628
628
631
632
632
633
634
634
635
635
635
637
637
637
637
638
638
641
643
643
643
643
644
644
644
644
645
645
645
646
647
647
647
648
649
649
650
651
652
653
653
653
653
653
654
660
660
663
664
664
665
665
665
669
670
672
672
672
672
673
673
673
673
673
674
674
674
675
675
678
682
683
683
685
685
686
688
688
689
690
690
690
690
690
691
691
692
694
695
695
697
698
698
700
701
701
703
704
705
705
706
709
709
710
716
716
719
719
720
720
721
721
722
723
725
725
725
725
727
727
729
729
729
730
730
730
731
731
738
738
739
739
739
740
740
740
741
741
741
741
741
741
742
742
742
743
743
744
744
744
745
745
746
747
747
747
747
747
747
747
747
748
748
748
749
749
749
750
750
750
750
750
751
751
751
751
751
755
756
756
758
758
758
759
759
759
759
760
760
761
762
763
763
764
766
767
768
770
770
773
775
775
776
777
777
778
778
781
782
783
784
784
784
785
786
786
792
792
792
793
794
794
795
795
795
797
797
797
798
798
799
799
801
801
803
805
807
807
808
809
810
810
810
810
811
811
813
814
814
815
818
819
821
822
822
822
824
824
825
827
828
829
831
832
832
832
833
833
834
836
836
836
838
838
839
839
839
841
841
841
841
842
842
842
844
844
845
848
848
849
849
849
849
850
850
851
851
851
851
851
853
855
856
857
858
859
859
859
860
860
860
860
861
862
862
862
862
863
864
864
865
865
866
866
866
869
869
871
872
873
873
873
874
875
875
876
876
877
877
877
877
877
877
878
878
881
881
882
885
887
887
887
888
890
890
890
891
893
896
896
896
896
897
898
898
898
901
901
903
903
904
905
907
908
911
912
912
919
919
920
921
922
923
923
924
924
925
925
926
943
944
945
945
946
946
947
950
951
952
953
953
954
954
955
956
956
958
958
959
960
965
965
971
971
974
978
979
980
981
982
982
985
985
989
990
990
991
993
994
996
996
1001
1001
1002
1003
1003
1003
1005
1006
1006
1008
1009
1010
1010
1011
1013
1013
1015
1015
1015
1022
1022
1022
1023
1023
1023
1024
1025
1026
1030
1030
1031
1031
1032
1033
1034
1035
1035
1036
1036
1038
1044
1045
1047
1047
1048
1049
1050
1051
1058
1059
1060
1064
1066
1071
1073
1073
1076
1087
1088
1088
1088
1089
1094
1099
1102
1103
1114
1114
1114
1120
1129
1130
1130
1131
1132
1133
1142
1143
1151
1153
1153
1153
1154
1155
1155
1167
1168
1168
1171
1177
1177
1178
1179
1181
1181
1183
1184
1184
1185
1185
1186
1187
1187
1190
1191
1191
1191
1192
1195
1195
1196
1196
1196
1198
1198
1199
1201
1203
1203
1205
1207
1209
1209
1212
1217
1226
1226
1227
1227
1227
1230
1231
1232
1234
1234
1235
1236
1237
1237
1237
1238
1242
1242
1243
1243
1243
1243
1244
1245
1246
1250
1252
1253
1254
1254
1254
1257
1257
1257
1258
1259
1259
1259
1259
1260
1260
1263
1264
1264
1266
1266
1266
1267
1268
1268
1269
1269
1269
1270
1270
1272
1272
1272
1272
1273
1275
1275
1276
1276
1279
1281
1288
1288
1288
1289
1289
1293
1294
1298
1298
1298
1299
1299
1299
1299
1300
1301
1301
1301
1302
1302
1302
1302
1303
1303
1303
1306
1306
1310
1311
1313
1315
1320
1326
1326
1328
1329
1330
1331
1331
1337
1342
1342
1346
1352
1358
1361
1361
1362
1365
1369
1377
1378
1380
1393
1394
1396
1397
1402
1403
1416
1421
1423
1423
1425
1426
1428
1428
1431
1434
1435
1436
1436
1437
1438
1439
1440
1446
1490
1528
1530
1531
1533
1536
1541
1542
1546
1547
1547
1570
1575
1576
1577
1583
1584
1586
1587
1589
1590
1598
1600
1600
1603
1604
1606
1607
1607
1610
1613
1613
1615
1620
1626
1634
1634
1640
1641
1641
1661
1666
1667
1667
1668
1669
1670
1671
1672
1697
1717
1721
1730
1731
1735
1740
1742
1743
1744
1746
1751
1751
1752
1752
1753
1768
1774
1784
1785
1788
1791
1791
1793
1800
1801
1804
1804
1805
1808
1809
1810
1810
1811
1814
1814
1815
1817
1818
1818
1819
1820
1821
1821
1822
1825
1826
1826
1829
1831
1832
1833
1834
1835
1837
1838
1838
1841
1842
1845
1853
1861
1864
1870
1871
1875
1891
1923
1930
1948
1968
1968
1972
1972
1972
1979
1984
1985
1986
1987
1995
1996
1997
1997
1999
1999
2001
2005
2007
2021
2023
2024
2026
2029
2032
2033
2033
2034
2035
2039
2058
2065
2066
2076
2095
2108
2113
2127
2128
2129
2130
2131
2134
2136
2143
2143
2155
2157
2165
2173
2176
2178
2178
2185
2187
2194
2197
2197
2198
2202
2206
