0
2
2
2
2
2
3
3
3
4
4
4
5
5
6
6
6
6
7
7
7
7
7
7
7
8
8
8
8
8
8
8
8
9
9
9
9
9
9
9
9
10
10
10
10
10
10
10
10
11
11
11
11
11
11
11
11
11
11
11
11
12
12
12
12
12
13
13
13
13
13
13
13
13
14
14
14
14
15
15
15
15
15
15
15
15
15
16
16
16
17
17
17
17
17
17
18
18
18
19
19
19
19
20
20
21
21
21
21
21
21
21
22
22
22
22
22
23
23
23
23
23
24
24
24
24
25
25
26
26
26
26
27
27
27
27
27
28
28
28
28
28
28
28
29
29
29
29
29
29
29
29
30
30
31
31
31
31
31
31
31
31
32
32
32
32
33
33
33
33
33
33
33
33
34
34
34
34
35
35
35
36
36
36
36
36
36
37
37
37
37
37
37
38
38
38
38
38
38
39
39
39
40
40
40
41
41
41
42
42
42
42
42
43
43
43
43
43
43
43
44
44
44
44
44
44
44
44
45
45
45
45
45
45
46
46
46
46
46
47
47
47
47
48
48
48
48
48
49
49
49
49
50
50
50
51
51
51
52
52
52
52
53
53
53
53
54
54
54
54
54
54
54
54
54
54
54
55
55
55
55
56
56
56
56
56
56
56
56
56
57
57
57
58
58
58
58
58
59
59
59
60
60
60
60
60
60
62
62
63
63
63
64
64
64
64
64
65
65
65
66
66
66
66
66
66
67
67
67
67
68
68
68
68
69
69
69
69
70
71
72
72
72
72
72
73
73
73
73
73
73
73
74
74
75
75
76
76
76
77
77
77
77
77
78
78
78
79
79
79
79
80
80
80
80
81
81
81
81
82
82
82
82
82
82
82
82
82
83
83
83
83
84
84
84
84
84
84
84
84
85
85
85
85
86
86
86
87
87
87
87
88
88
89
89
89
90
90
90
91
91
91
91
91
91
92
92
92
93
93
94
94
94
94
94
95
95
95
96
96
96
96
96
97
97
97
97
97
98
99
100
101
102
102
102
103
103
103
104
105
108
108
108
108
109
109
110
110
110
111
111
112
112
113
113
113
114
114
114
115
115
115
115
115
116
116
116
116
117
117
117
118
118
121
121
121
122
122
123
124
124
125
127
127
127
128
129
129
129
129
129
130
130
132
132
133
133
133
133
135
135
135
136
136
138
139
141
141
142
142
143
144
144
144
144
144
145
145
145
147
147
147
147
148
148
149
149
149
149
150
150
150
150
151
151
152
152
153
153
154
154
154
154
155
155
155
155
155
156
156
157
157
157
157
158
160
160
160
160
161
161
161
161
161
161
164
164
164
164
164
164
164
165
165
165
165
165
165
165
165
165
166
166
166
166
166
167
167
167
167
167
167
167
167
167
168
168
169
169
169
169
169
170
170
170
170
170
170
170
170
171
171
171
171
172
172
173
173
174
174
175
176
176
176
176
177
177
178
178
178
178
178
178
178
179
179
180
180
180
180
180
181
181
182
182
182
182
182
182
183
183
183
184
185
185
185
186
186
186
186
186
187
187
187
187
187
187
187
188
188
188
188
189
189
189
189
189
190
190
190
190
191
191
191
191
191
191
192
192
192
192
192
192
193
193
193
194
194
194
194
194
195
196
196
197
197
197
197
197
197
197
198
198
199
199
199
199
199
201
202
202
202
204
204
204
204
204
204
204
205
205
205
206
206
206
207
207
207
207
208
208
208
208
208
208
210
210
210
210
210
211
211
211
211
211
211
211
212
213
213
214
214
214
218
219
221
221
221
221
221
223
223
223
224
224
224
224
224
224
225
226
226
226
226
226
227
227
227
227
227
228
228
228
228
228
228
228
229
230
230
231
231
231
232
232
232
233
233
233
233
234
234
234
234
235
235
235
235
235
235
236
236
236
236
236
237
237
237
237
238
238
238
240
240
240
240
240
241
242
242
242
243
243
243
244
244
244
245
245
245
245
245
245
246
247
247
247
247
247
247
248
248
248
248
248
248
248
248
250
250
250
251
251
251
251
252
252
253
254
254
254
254
255
255
255
255
256
256
256
256
256
256
257
257
257
257
257
258
258
258
258
258
258
258
258
258
258
258
259
259
259
259
259
259
259
260
260
260
260
260
261
261
261
261
262
262
263
263
263
263
263
263
263
263
263
264
264
265
265
266
267
267
267
268
268
268
269
269
269
269
270
271
272
272
272
273
273
273
273
274
274
274
274
275
275
275
275
276
276
278
279
279
279
279
279
280
280
280
280
280
280
280
281
281
281
281
281
282
282
283
284
284
284
286
286
286
287
287
289
289
289
290
290
290
291
291
291
291
291
291
291
292
293
293
294
294
294
294
294
295
295
296
296
296
296
297
298
298
299
299
299
299
300
302
302
303
304
304
304
307
307
307
308
309
309
309
310
311
311
311
312
312
313
313
313
313
313
313
313
313
313
313
313
314
314
314
315
315
317
317
317
318
318
318
318
319
320
320
320
321
321
322
322
322
323
323
323
324
325
325
325
325
326
326
326
326
327
327
327
327
328
328
329
329
329
329
330
330
331
331
331
331
331
331
332
332
332
333
333
333
333
335
335
335
335
336
336
336
336
337
337
337
337
337
337
338
339
340
340
340
341
341
341
341
341
341
341
342
342
342
342
343
343
343
344
344
344
344
344
345
346
346
346
346
347
348
349
350
350
351
351
351
352
352
353
354
355
356
356
356
357
357
358
359
359
359
359
360
360
361
361
361
362
363
364
365
365
366
366
366
367
369
369
369
370
370
371
371
372
372
372
372
372
372
373
373
375
375
376
376
377
377
377
377
377
378
378
379
379
379
380
381
381
383
383
383
383
383
384
385
385
385
385
386
386
388
389
390
390
390
390
391
391
391
393
394
394
394
394
395
395
395
395
395
396
396
396
397
398
400
401
401
402
404
404
405
406
407
408
408
409
410
411
412
412
413
413
416
416
418
419
419
419
420
420
420
421
425
425
426
427
430
431
432
433
434
435
437
437
437
438
439
440
441
441
443
443
444
445
446
447
448
448
448
448
448
449
449
449
449
449
449
450
450
450
450
451
451
451
451
453
455
455
456
456
457
457
461
461
464
466
466
468
471
471
472
472
473
473
473
473
474
474
474
474
474
475
475
475
476
478
479
480
483
483
484
484
486
488
489
489
492
493
493
494
495
495
497
502
503
504
504
507
507
507
507
507
507
507
509
510
510
511
511
511
511
511
511
512
513
515
515
517
517
519
519
519
521
521
523
526
528
530
530
531
531
531
532
534
534
535
535
537
537
539
539
539
540
540
542
544
544
545
545
546
547
547
548
548
549
549
549
549
550
550
551
552
555
557
557
557
558
558
558
559
560
560
561
561
561
565
566
566
569
572
574
574
575
575
575
575
576
576
577
579
580
583
584
585
585
586
587
588
589
590
592
592
592
594
594
594
594
594
595
595
595
595
595
595
595
597
597
597
598
598
598
600
600
601
602
602
602
603
604
604
606
606
607
608
608
609
609
609
609
610
611
613
613
616
616
617
618
618
619
621
621
622
622
622
623
623
624
624
627
628
629
629
629
631
634
635
635
636
636
640
640
641
641
642
642
642
642
643
643
643
643
643
644
644
644
646
646
647
647
648
648
648
649
649
650
650
652
653
653
654
654
654
654
655
655
655
657
658
659
659
659
660
660
660
661
661
661
663
663
665
667
668
669
670
670
670
671
672
674
675
675
675
675
676
677
679
682
687
687
688
689
689
689
689
690
691
691
692
693
694
694
694
695
696
696
697
698
698
698
699
699
699
699
699
705
705
706
707
711
711
711
715
728
730
731
733
733
734
742
743
743
744
746
748
750
753
753
754
755
756
756
756
757
758
760
761
762
763
763
764
764
765
765
769
771
771
772
774
774
775
775
775
775
777
777
777
778
779
779
780
782
782
782
783
783
783
783
784
785
785
786
787
788
788
789
789
789
797
799
800
801
802
802
802
802
804
808
809
811
811
811
813
813
814
815
818
822
824
825
826
826
827
827
828
828
832
832
836
836
836
836
837
838
838
839
839
839
840
840
840
842
843
844
844
845
846
847
849
850
850
851
851
851
852
854
854
854
855
856
856
857
857
857
858
860
860
861
861
861
862
862
863
863
863
863
863
864
864
865
865
866
866
866
866
866
867
867
867
867
867
868
868
869
869
869
870
871
871
871
872
872
872
873
873
874
876
876
878
879
880
880
881
881
881
882
882
882
883
883
883
883
884
884
884
885
885
886
886
887
887
887
888
889
889
890
890
891
891
892
892
892
893
894
894
895
895
895
895
896
896
897
897
897
898
898
898
898
900
900
900
900
901
902
903
903
903
904
906
906
907
909
910
910
910
911
912
913
914
915
918
918
919
920
921
922
923
923
924
924
925
926
928
929
929
929
930
930
931
935
936
940
943
943
943
946
946
948
952
953
955
957
960
960
961
964
964
965
968
969
969
970
971
971
971
976
977
979
984
986
987
987
989
990
990
992
995
997
1000
1001
1001
1004
1004
1005
1006
1023
1026
1028
1029
1031
1040
1041
1042
1045
1045
1049
1049
1050
1050
1050
1054
1056
1056
1057
1058
1059
1060
1063
1064
1064
1065
1065
1067
1068
1071
1073
1075
1082
1082
1082
1083
1083
1083
1086
1087
1088
1088
1089
1089
1090
1090
1092
1093
1093
1093
1102
1104
1106
1108
1108
1108
1113
1115
1121
1122
1122
1124
1125
1126
1137
1149
1154
1157
1158
1160
1170
1182
1193
1193
1194
1196
1198
1215
1224
1225
1232
1235
1238
1241
1242
1245
1248
1254
1254
1255
1256
1256
1257
1259
1260
1261
1263
1265
1267
1269
1269
1270
1272
1272
1273
1276
1279
1279
1281
1284
1285
1286
1286
1287
1289
1292
1295
1297
1299
1300
1301
1301
1306
1311
1311
1317
1318
1318
1319
1324
1325
1326
1326
1328
1328
1328
1330
1334
1335
1335
1337
1339
1339
1340
1342
1345
1346
1347
1348
1350
1351
1351
1353
1353
1355
1355
1355
1356
1356
1357
1357
1361
1362
1364
1366
1366
1370
1371
1374
1379
1381
1381
1382
1385
1388
1389
1389
1392
1408
1409
1410
1413
1432
1539
1549
1562
1581
1585
1608
1615
1630
1632
1635
1638
1641
1644
1644
1645
1646
1647
1647
1647
1648
1649
1650
1652
1656
1657
1657
1659
1661
1662
1663
1663
1663
1667
1668
1669
1676
1718
1721
1722
1725
1725
1740
1742
1751
1753
1755
1755
1755
1760
1761
1764
1767
1772
1775
1777
1777
1778
1778
1782
1785
1792
1800
1850
1853
1861
1864
1872
1875
1876
1877
1878
1879
1880
1880
1880
1881
1884
1886
1886
1886
1889
1890
1893
1894
1894
1897
1897
1898
1900
1900
1901
1901
1902
1904
1905
1905
1906
1906
1906
1910
1912
1914
1915
1917
1922
1922
1923
1923
1926
1927
1928
1928
1928
1929
1929
1929
1932
1932
1933
1933
1933
1934
1937
1938
1940
1944
1945
1946
1946
1946
1948
1949
1950
1951
1952
1953
1953
1953
1953
1956
1957
1957
1957
1958
1958
1959
1959
1960
1961
1961
1961
1963
1964
1964
1964
1965
1965
1966
1969
1969
1969
1969
1970
1970
1971
1971
1974
1975
1978
1978
1979
1980
1987
1988
1989
1992
