0
2
2
3
3
3
4
4
5
5
6
7
7
8
8
9
9
10
10
11
11
11
12
12
13
13
13
14
14
14
14
14
14
15
15
15
15
15
15
15
15
15
16
16
16
16
17
17
17
18
18
19
19
20
20
20
20
20
21
22
23
23
23
25
26
27
27
27
28
28
28
29
29
29
31
31
32
33
33
33
33
33
34
34
34
34
34
35
35
35
35
35
35
36
36
37
37
37
38
38
38
38
38
39
39
39
40
40
40
41
41
41
41
41
41
42
42
44
44
44
44
44
44
44
46
46
46
47
47
47
47
49
49
49
49
49
50
50
52
52
52
52
53
53
53
53
54
54
54
55
56
56
57
57
57
57
58
58
59
59
59
61
62
62
66
66
66
67
67
67
68
69
70
70
71
71
71
71
71
71
72
73
74
74
75
75
76
76
80
80
81
83
83
83
83
83
84
84
86
87
88
88
88
89
89
90
91
91
91
91
91
91
92
92
92
92
92
93
94
94
95
97
99
100
100
100
101
101
101
101
102
102
102
102
103
103
104
104
104
105
105
106
106
107
107
107
108
109
109
109
110
111
113
114
114
114
115
115
115
115
115
115
116
116
116
116
118
119
121
122
123
127
128
129
129
131
133
134
135
135
136
137
137
138
138
139
140
140
142
143
143
144
145
145
146
147
149
149
150
151
152
152
152
152
152
153
153
153
153
159
159
159
160
161
162
162
163
163
163
165
166
168
168
168
168
171
173
177
177
178
178
179
181
182
182
182
183
183
183
183
184
184
184
184
186
186
186
187
187
188
189
189
189
189
190
190
190
190
190
191
191
192
192
192
193
193
193
193
193
194
194
194
194
194
194
194
195
195
195
195
195
195
196
196
197
197
200
200
200
202
202
204
204
204
206
206
207
207
207
208
208
208
209
210
211
211
213
216
216
217
219
219
221
223
224
224
225
226
226
226
226
227
227
227
227
229
232
233
233
234
234
234
235
237
238
240
240
241
241
242
242
242
243
243
244
244
245
245
245
246
246
246
247
247
249
249
249
250
251
252
252
252
253
253
256
256
257
258
259
259
260
260
260
262
262
263
264
264
265
265
266
266
267
267
267
267
267
268
270
272
272
272
274
276
277
277
277
278
278
279
279
279
280
280
280
281
281
281
281
285
285
286
299
300
301
307
308
309
309
309
310
310
310
310
310
311
312
312
313
313
313
314
314
319
320
321
322
325
325
325
325
328
329
332
333
335
335
341
341
343
351
352
353
356
356
357
359
359
359
361
361
366
366
366
366
368
369
370
370
370
370
372
372
372
373
374
374
374
375
375
375
375
375
375
375
375
376
376
376
377
378
379
379
380
380
380
380
381
381
382
383
383
384
387
387
388
388
388
389
389
390
390
390
390
391
391
391
391
391
392
392
393
393
393
393
394
395
395
395
395
395
396
397
397
397
397
397
397
397
397
398
398
398
398
398
399
399
399
399
399
400
400
401
401
401
401
401
402
403
403
404
405
405
405
405
407
407
408
408
409
410
410
410
410
411
411
415
416
417
418
418
418
418
419
420
420
421
421
421
422
422
422
422
423
423
423
423
425
425
425
425
425
426
426
426
426
426
426
426
427
427
427
428
428
428
429
429
430
430
430
431
431
431
431
431
432
432
432
433
433
433
434
435
435
436
436
436
437
438
438
438
439
439
439
440
443
443
443
443
443
444
444
445
445
445
446
447
448
448
449
449
450
450
450
450
451
451
451
453
453
454
455
456
456
456
457
457
459
459
459
460
461
461
462
462
462
462
463
463
464
464
464
464
464
466
467
467
469
470
471
472
473
473
474
474
475
475
476
477
477
477
477
478
483
483
484
484
485
486
486
486
486
487
488
488
490
490
491
492
492
493
493
493
494
494
494
494
494
495
495
496
496
497
498
498
498
499
499
499
499
499
500
501
502
502
502
503
504
504
506
506
506
507
508
508
508
508
510
511
512
512
512
513
513
513
513
513
515
515
516
517
517
517
518
519
520
521
524
524
525
528
528
529
529
530
531
531
533
533
536
536
540
541
541
541
542
542
543
543
544
545
545
545
545
546
546
546
547
547
547
547
548
548
550
552
552
553
555
555
556
558
558
559
559
559
560
561
561
561
563
566
566
569
569
570
570
571
571
571
573
574
574
577
577
577
579
579
580
582
582
582
582
583
584
584
585
585
585
586
587
588
590
590
593
593
596
608
608
610
610
610
611
611
612
612
612
613
613
616
619
619
619
619
620
620
620
621
621
621
623
623
624
624
625
626
627
629
629
630
631
634
634
634
634
636
640
643
645
646
646
646
646
647
647
647
647
647
647
648
649
649
650
650
651
651
651
651
653
653
653
654
654
655
655
655
655
656
657
659
660
664
666
667
667
667
669
671
675
675
675
676
676
678
678
678
679
679
679
679
680
681
681
681
683
684
684
684
684
684
685
685
685
685
686
686
686
687
687
688
688
689
692
693
693
694
695
696
698
698
699
699
699
699
700
700
700
701
702
702
702
702
702
702
703
703
704
704
704
705
705
706
707
707
709
709
711
711
712
713
713
713
714
714
714
715
715
715
717
718
718
720
722
723
723
723
723
723
724
725
726
731
731
732
734
734
734
734
735
735
736
740
740
741
741
742
742
742
743
746
747
747
748
748
749
752
752
752
752
753
753
753
758
759
759
759
759
759
762
762
763
763
766
766
767
768
769
772
773
774
774
775
778
779
779
779
781
781
785
785
787
788
790
792
793
796
798
798
798
799
801
801
802
803
803
805
805
806
806
807
807
807
807
807
807
808
809
810
810
810
810
811
811
811
812
812
813
814
814
815
815
816
816
816
818
818
820
820
820
820
821
822
822
822
825
826
826
827
830
831
831
832
835
836
839
841
841
841
842
843
843
843
843
844
845
845
845
849
851
853
853
854
855
856
856
857
860
861
863
864
866
866
870
871
871
872
876
876
876
877
879
882
884
884
886
887
887
887
888
888
894
895
895
895
895
897
898
903
903
904
907
908
909
909
909
910
912
912
913
913
913
914
914
914
917
917
924
924
927
929
929
930
930
930
930
932
933
935
936
938
940
940
941
947
953
953
954
954
955
956
956
956
960
960
964
964
964
964
965
965
973
973
975
975
980
981
981
985
986
987
988
990
991
993
993
993
994
995
996
996
996
999
1001
1001
1001
1001
1001
1002
1003
1004
1004
1004
1006
1006
1007
1007
1009
1009
1009
1011
1011
1011
1012
1013
1013
1015
1019
1024
1026
1028
1030
1031
1034
1035
1035
1037
1038
1039
1040
1040
1040
1040
1043
1046
1046
1047
1049
1050
1051
1052
1052
1052
1052
1052
1053
1053
1053
1054
1059
1063
1065
1066
1066
1066
1066
1069
1071
1072
1072
1072
1074
1076
1077
1078
1080
1080
1081
1082
1083
1083
1091
1092
1092
1092
1093
1093
1094
1095
1096
1097
1098
1104
1104
1104
1105
1105
1106
1106
1106
1106
1107
1107
1111
1118
1123
1127
1128
1130
1130
1130
1134
1135
1138
1140
1144
1144
1145
1145
1147
1149
1152
1152
1153
1154
1161
1163
1183
1185
1186
1190
1190
1192
1193
1199
1199
1199
1199
1200
1201
1201
1202
1202
1202
1203
1209
1210
1211
1211
1211
1214
1214
1214
1215
1216
1224
1225
1226
1229
1229
1230
1230
1231
1231
1231
1231
1232
1232
1237
1238
1239
1239
1240
1243
1247
1250
1253
1255
1255
1256
1257
1260
1261
1262
1263
1265
1265
1269
1271
1273
1276
1277
1279
1280
1281
1283
1283
1285
1286
1290
1290
1290
1292
1294
1294
1297
1297
1301
1302
1303
1304
1307
1308
1308
1309
1309
1312
1314
1314
1318
1324
1325
1327
1328
1328
1330
1333
1334
1336
1337
1337
1338
1339
1345
1346
1346
1355
1355
1355
1356
1356
1363
1366
1367
1371
1375
1377
1384
1389
1390
1395
1398
1399
1400
1400
1401
1401
1402
1402
1404
1404
1404
1405
1410
1410
1412
1414
1415
1416
1417
1418
1419
1420
1426
1426
1432
1435
1436
1436
1436
1437
1445
1446
1448
1452
1455
1457
1458
1459
1460
1461
1466
1478
1501
1508
1512
1522
1534
1534
1534
1542
1543
1544
1551
1552
1562
1566
1568
1569
1569
1569
1569
1569
1570
1570
1570
1570
1570
1577
1579
1579
1584
1585
1602
1604
1611
1613
1613
1618
1621
1622
1625
1626
1626
1639
1640
1652
1657
1662
1662
1668
1670
1672
1675
1675
1675
1677
1678
1680
1682
1693
1694
1696
1702
1704
1704
1709
1715
1716
1725
1725
1726
1727
1727
1727
1728
1728
1729
1729
1729
1730
1731
1743
1747
1748
1753
1777
1788
1792
1794
1794
1795
1798
1798
1802
1802
1805
1805
1805
1805
1805
1805
1805
1806
1806
1806
1817
1821
1822
1823
1825
1830
1831
1832
1832
1832
1837
1837
1839
1841
1847
1848
1852
1857
1857
1860
1862
1862
1864
1866
1871
1872
1872
1884
1884
1885
1886
1886
1888
1889
1895
1896
1898
1898
1900
1900
1900
1902
1902
1902
1910
1911
1911
1928
1937
1941
1942
1946
1948
1950
1952
1954
1955
1956
1957
1960
1962
1963
1966
1968
1969
1970
1971
1971
1973
1977
1978
1983
1984
1984
1985
1985
1986
1986
1995
2000
2020
2023
2023
2025
2027
2043
2045
2047
2048
2051
2052
2053
2053
2054
2055
2055
2055
2056
2059
2067
2069
2070
2080
2081
2082
2082
2091
2099
2100
2102
2113
2130
2133
2139
2153
2154
2154
2156
2157
2158
2168
2168
2178
2194
2195
2196
2197
2197
2200
2200
2209
2215
2218
2220
2221
2221
2221
2222
2224
2228
2237
2254
2256
2262
2270
2270
2273
2285
2288
2291
2300
2303
2304
2305
2307
2310
2311
2311
2311
2311
2312
2313
2314
2315
2321
2321
2322
2322
2322
2323
2323
2323
2325
2326
2328
2328
2329
2330
2330
2330
2330
2331
2332
2332
2332
2334
2335
2336
2338
2342
2347
2349
2355
2356
2358
2359
2359
2364
2368
2376
2376
2377
2379
2380
2380
2382
2382
2383
2386
2387
2396
2399
2400
2403
2409
2412
2416
2418
2418
2419
2425
2426
2427
2427
2427
2434
2434
2435
2435
2439
2440
2440
2442
2447
2449
2457
2458
2460
2460
2461
2461
2462
2463
2464
2467
2469
2470
2471
2473
2474
2474
2474
2474
2475
2476
2479
2483
2483
2483
2484
2484
2485
2489
2498
2498
2499
2499
2525
2526
2527
2533
2535
2535
2543
2546
2547
2553
2560
2563
2576
2579
2580
2590
2595
2599
2600
2603
2604
2607
2612
2617
2628
2628
2631
2633
2634
2635
2641
2655
2660
2669
2669
2675
2679
2681
2682
2682
2683
2683
2683
2685
2687
2688
2690
2692
2693
2694
2694
2694
2696
2704
2705
2735
2737
2747
2755
2759
2759
2767
2768
2770
2782
2782
2785
2786
2786
2787
2787
2788
2790
2790
2793
2794
2797
2798
2800
2801
2803
2805
2809
2815
2816
2817
2818
2819
2830
2837
2843
2853
2882
2889
2921
2922
2929
2944
2945
2954
2966
2998
2999
3002
3012
3036
3038
3054
3059
3060
3092
3098
3098
3099
3105
3105
3114
3129
3130
3134
3134
3134
3136
3138
3138
3160
3160
3162
3163
3163
3167
3170
3171
3178
3185
3186
3202
3212
3216
3220
3220
3220
3223
3223
3225
3226
3230
3234
3235
3235
3238
3243
3244
3245
3260
3261
3262
3263
3263
3264
3266
3269
3270
3270
3271
3274
3282
3282
3283
3283
3285
3288
3297
3300
3307
3345
3365
3403
3411
3414
3415
3423
3448
3465
3472
3475
3477
3496
3497
3498
3503
3505
3515
3520
3521
3535
3535
3541
3543
3547
3549
3557
3559
3560
3571
3573
3597
3601
3601
3604
3607
3608
3609
3609
3644
3649
3699
3704
3710
3710
3724
3729
3808
3816
3817
3836
3848
3879
3880
3884
3893
3894
3895
3896
3897
3897
3899
3899
3902
3907
3909
3913
3914
3914
3925
3928
3943
3943
3944
3947
3959
3967
3968
3976
3981
3981
3983
3983
3986
3988
3989
4003
4007
4080
4086
4086
4093
4118
4119
4123
4144
4155
4157
4207
4210
4214
4228
4232
4232
4236
4237
4247
4249
4253
4267
4267
4267
4273
4273
4276
4281
4283
4287
4287
4292
4292
4324
