0
2
2
3
3
3
4
4
4
5
5
5
5
6
6
6
7
7
7
7
7
7
7
8
8
8
8
8
8
8
8
8
8
8
9
9
9
9
9
9
9
9
9
9
10
10
10
10
10
10
11
11
11
11
11
11
12
12
12
12
12
12
12
12
12
12
12
13
13
13
13
14
14
14
14
14
15
15
15
15
15
15
16
16
16
16
17
17
17
18
18
18
18
18
18
19
19
20
20
20
20
21
21
21
21
21
21
21
21
21
22
22
22
22
22
23
23
23
24
24
24
24
25
25
25
26
26
26
26
26
27
27
27
27
27
27
28
28
29
29
29
29
29
30
30
30
30
31
31
31
31
31
32
32
32
34
34
34
35
35
35
36
36
36
36
36
36
36
37
38
38
38
39
39
39
39
39
40
40
40
41
41
41
42
42
43
43
43
43
43
44
44
44
45
46
46
46
47
47
47
48
48
48
49
50
50
51
51
51
51
52
52
53
53
53
53
53
53
54
54
54
55
55
55
56
56
56
58
58
59
59
59
59
59
59
60
61
61
61
62
62
62
62
62
62
62
63
63
63
64
64
64
65
65
65
65
66
67
67
68
68
68
68
69
69
69
70
71
71
72
72
73
74
74
74
74
74
75
75
75
75
75
76
76
76
76
77
77
77
78
78
78
78
79
79
81
81
81
82
82
82
83
84
84
84
84
85
85
85
86
87
88
89
89
89
89
90
90
90
91
91
91
91
91
91
92
92
93
93
94
95
96
97
98
98
100
100
101
103
103
104
105
105
107
107
107
108
109
109
109
109
110
110
110
112
112
112
112
113
113
113
114
114
114
115
117
117
117
120
120
120
120
121
121
121
121
121
122
122
123
123
124
124
125
127
128
129
130
132
133
134
134
134
135
135
136
136
137
137
138
138
138
139
139
139
140
140
140
141
143
143
145
145
145
145
146
146
147
147
147
148
149
149
149
149
149
150
151
151
152
152
152
153
153
154
154
154
154
155
155
155
157
157
157
158
158
159
159
159
159
161
161
161
161
161
161
162
162
162
163
163
163
163
164
164
164
164
164
165
165
165
167
167
167
168
168
170
171
171
172
172
172
173
173
173
173
173
175
175
176
178
179
179
180
180
181
182
183
183
185
186
186
186
187
188
188
188
189
189
190
191
191
192
192
192
193
194
194
194
194
195
195
195
196
196
196
196
197
197
198
198
198
198
199
199
200
201
201
201
202
202
202
202
202
203
203
203
203
203
203
203
204
204
205
205
205
206
206
206
206
207
208
210
211
211
212
212
213
213
213
214
214
214
216
216
216
217
217
217
218
218
218
218
219
220
220
220
221
221
221
222
223
223
223
223
223
224
225
225
226
226
227
227
227
227
227
229
230
230
230
231
231
232
232
233
233
233
233
233
234
234
234
234
235
235
235
235
236
236
237
237
238
238
239
239
241
242
242
243
244
244
245
246
247
247
248
249
250
251
252
252
253
253
254
254
254
254
254
255
255
255
255
255
256
256
258
259
260
261
261
261
261
261
262
263
263
263
264
264
264
264
265
266
268
269
271
272
272
272
272
272
272
272
272
272
273
273
273
273
273
273
273
274
274
274
274
275
279
280
280
283
283
284
285
286
287
288
290
290
290
291
291
292
293
294
294
294
295
295
296
297
297
298
299
300
300
300
301
302
302
303
305
305
306
307
308
308
308
308
308
310
310
311
311
312
312
312
313
313
314
314
314
315
317
317
319
319
319
320
320
320
320
321
322
322
322
322
322
322
323
326
326
326
326
330
331
332
332
336
336
338
338
341
342
343
346
348
348
350
351
351
352
352
354
354
354
355
355
356
358
360
361
362
362
363
363
363
363
364
365
366
367
368
368
369
370
370
371
373
373
373
374
375
376
378
381
381
381
384
384
385
388
389
389
389
391
392
395
396
397
397
398
404
405
405
406
407
409
410
410
412
413
414
415
416
417
417
418
418
419
419
420
420
420
421
426
428
430
434
437
437
438
441
442
442
444
444
445
446
446
447
447
447
449
450
450
451
452
452
452
452
452
453
454
458
461
462
463
463
463
463
464
464
465
466
466
466
470
470
471
471
480
480
481
484
485
486
486
486
486
490
491
491
494
496
496
497
498
499
500
502
502
503
504
505
505
506
509
509
510
510
511
511
512
516
516
517
520
521
522
524
524
524
526
527
527
528
529
531
532
532
533
533
536
537
541
542
543
544
547
547
549
550
553
554
555
556
557
559
560
560
560
560
560
561
561
561
562
562
562
562
563
563
564
564
565
566
567
568
568
570
572
572
572
572
573
573
574
574
574
574
575
575
575
576
576
577
579
579
579
580
580
581
582
582
583
583
583
583
583
585
585
585
586
586
586
588
589
589
589
590
592
594
594
595
596
597
597
597
598
598
599
601
601
601
602
604
605
606
609
609
609
611
612
615
615
617
617
618
618
619
619
621
622
622
623
623
624
624
625
625
625
625
629
629
630
631
632
632
633
634
637
639
639
639
640
642
642
642
644
645
645
646
647
649
651
651
655
656
657
657
657
661
663
670
670
670
671
672
676
678
679
680
682
682
683
686
688
689
689
689
689
689
691
693
695
698
705
708
709
710
715
717
717
719
720
730
732
735
735
736
736
737
738
739
739
740
743
751
752
753
757
758
758
759
759
760
760
762
765
770
774
782
782
783
787
790
798
801
805
805
823
823
834
842
855
856
873
873
875
880
888
890
893
898
902
903
903
905
907
912
913
914
915
921
925
925
930
935
939
944
945
945
945
946
946
947
955
956
958
970
978
987
988
989
994
994
998
999
1000
1002
1011
1013
1014
1014
1017
1029
1035
1038
1050
1053
1058
1061
1064
1064
1075
1077
1078
1080
1080
1086
1092
1092
1092
1092
1092
1093
1094
1095
1096
1096
1106
1109
1109
1117
1118
1122
1126
1128
1129
1131
1134
1134
1136
1138
1139
1143
1143
1143
1144
1144
1145
1147
1147
1147
1147
1147
1148
1149
1149
1149
1150
1150
1150
1153
1154
1155
1155
1156
1159
1162
1169
1173
1174
1175
1176
1176
1177
1177
1177
1178
1178
1183
1184
1186
1188
1189
1190
1192
1192
1193
1193
1196
1196
1199
1200
1200
1201
1204
1211
1212
1224
1226
1227
1232
1232
1232
1237
1238
1238
1239
1241
1242
1242
1243
1243
1247
1250
1252
1254
1254
1257
1258
1262
1270
1273
1280
1281
1282
1282
1289
1289
1290
1291
1293
1294
1306
1313
1314
1324
1326
1328
1328
1329
1331
1331
1331
1332
1333
1335
1337
1338
1339
1340
1341
1342
1344
1347
1349
1350
1352
1358
1359
1361
1362
1362
1363
1364
1364
1364
1364
1365
1365
1366
1367
1369
1370
1370
1371
1374
1375
1378
1378
1379
1379
1380
1380
1381
1381
1381
1384
1384
1384
1389
1391
1391
1396
1397
1406
1406
1415
1422
1502
1502
1502
1502
1503
1539
1568
1572
1572
1572
1572
1575
1578
1579
1581
1581
1581
1581
1582
1582
1584
1594
1594
1595
1598
1605
1608
1609
1610
1610
1610
1610
1610
1611
1612
1616
1623
1629
1634
1636
1636
1637
1638
1639
1639
1650
1656
1657
1657
1658
1658
1658
1658
1658
1658
1658
1659
1662
1666
1667
1667
1667
1668
1668
1668
1669
1669
1672
1674
1678
1678
1687
1689
1689
1689
1690
1691
1692
1694
1695
1697
1698
1699
1701
1701
1704
1705
1708
1708
1708
1709
1712
1713
1714
1715
1718
1719
1719
1720
1723
1724
1725
1727
1730
1730
1732
1734
1734
1735
1735
1736
1741
1744
1746
1747
1748
1748
1756
1757
1757
1758
1758
1764
1767
1771
1773
1774
1775
1777
1790
1790
1793
1798
1800
1816
1829
1830
1835
1836
1838
1840
1859
1860
1860
1886
1889
1900
1903
1905
1911
1921
1922
1935
1938
1947
1953
1959
1962
1968
1977
1986
1986
1989
1989
1991
1992
1995
2012
2016
2019
2023
2028
2036
2040
2053
2053
2084
2084
2084
2085
2091
2094
2096
2096
2097
2098
2099
2102
2105
2113
2113
2114
2115
2116
2119
2119
2122
2122
2123
2125
2125
2130
2131
2134
2136
2136
2138
2141
2142
2144
2146
2148
2150
2152
2153
2153
2153
2153
2153
2155
2155
2159
2159
2159
2161
2163
2163
2165
2168
2169
2169
2170
2170
2171
2174
2175
2175
2178
2181
2184
2185
2185
2185
2185
2186
2186
2187
2188
2189
2189
2189
2189
2191
2192
2193
2193
2193
2196
2196
2197
2199
2199
2200
2200
2200
2200
2200
2203
2206
2206
2208
2208
2211
2215
2225
2225
2228
2229
2231
2233
2238
2255
2258
2259
2286
2290
2297
2321
2325
2344
2346
2348
2349
2352
2355
2359
2359
2361
2362
2380
2394
2400
2404
2407
2408
2408
2413
2441
2443
2445
2446
2462
2475
2479
2493
2495
2496
2503
2504
2506
2516
2518
2518
2523
2525
2529
2529
2529
2533
2541
2542
2542
2546
2548
2548
2553
2554
2554
2555
2555
2559
2560
2566
2567
2572
2574
2575
2583
2588
2603
2606
2619
2624
2627
2627
2649
2664
2691
2705
2705
2705
2705
2707
2718
2756
2756
2757
2761
2761
2767
2783
2790
2794
2802
2809
2813
2865
2896
2896
2902
2907
3170
3287
3288
3288
3309
3341
3346
3378
3379
3385
3389
3391
3392
3393
3394
3399
3400
3407
3409
3496
3507
3532
3539
3548
3553
3554
3564
3568
3576
3591
3591
3596
3605
3609
3639
3643
3644
3648
3658
3665
3668
3669
3669
3673
3673
3673
3687
3689
3702
3702
3702
3702
3702
3706
3796
3798
3799
3805
3814
3814
3818
3820
3824
3844
3850
3851
3851
3851
3852
3862
3862
3863
3871
3871
3879
3879
3883
3887
3889
3895
3895
3902
3903
3906
3906
3919
3933
3933
3933
3934
3936
3939
3939
3940
3941
3946
3946
3957
3959
3960
3964
3965
3965
3969
3984
3984
3985
3990
3992
3993
3993
3997
4004
4007
4008
4010
4013
4017
4022
4023
4023
4024
4024
4032
4034
4036
4043
4044
4044
4053
4054
4061
4067
4068
4071
4071
4072
4074
4080
4080
4090
4095
4102
4103
4104
4105
4105
4107
4108
4110
4111
4114
4115
4116
4119
4120
4120
4122
4123
4123
4124
4124
4124
4129
4129
4132
4138
4143
4159
4173
4185
4187
4188
4196
4197
4197
4198
4207
4214
4214
4221
4246
4246
4247
4258
4267
4267
4270
4274
4276
4283
4291
4298
4300
4305
4308
4313
4314
4320
4328
4329
4330
4331
4334
4336
4336
4339
4340
4342
4345
4350
4351
4359
4361
4364
4366
4366
4377
4378
4383
4384
4386
4388
4389
4389
4397
4415
4415
4438
4473
4480
4481
4493
4495
4499
4501
4503
4504
4505
4506
4507
4508
4509
4510
4511
4512
4514
4517
4518
4519
4522
4529
4531
4531
4531
4532
4533
4535
4535
4535
4536
4538
4539
4540
4541
4546
4548
4550
4560
4562
4564
4564
4565
4570
4573
4573
4581
4581
4582
4586
4587
4589
4592
4595
4595
4600
4602
4603
4606
4627
4628
4639
4641
4641
4645
4646
4646
4646
4649
4651
4652
4652
4653
4661
4662
4670
4682
4684
4685
4686
4687
4688
4689
4692
4693
4705
4705
4705
4706
4710
4715
4715
4717
4718
4723
4724
4727
4731
4731
4733
4734
4734
4734
4734
4734
4735
4740
4743
4749
4749
4751
4752
4752
4756
4759
4799
4811
4927
4956
4985
4989
4990
4993
4996
5000
5001
5003
5006
5011
5014
5014
5014
5017
5019
5021
5022
5024
5030
5031
5052
5057
5099
5194
5451
5463
5472
5477
5477
5479
5498
5518
5520
5564
5565
5591
5598
5600
5620
5623
5638
5640
5647
5648
5648
5661
5661
5664
5669
5676
5724
5724
5745
5746
5805
5806
5809
5819
5827
5835
5856
5883
5911
5925
6018
6060
6060
6061
6070
6076
6077
6080
6084
6087
6092
6097
6102
6102
6103
6111
6112
6112
6113
6114
6115
6121
6123
6124
6130
6131
6143
6161
6175
6216
6224
6229
6229
6235
6239
6244
6249
6255
6270
6281
6285
6287
6296
6297
6299
6300
6302
6303
6306
6306
6337
6344
6359
6369
6371
6371
6379
6388
6418
6418
6441
6441
6468
6468
6468
6474
6474
6475
6478
6482
6493
6495
6495
6497
6527
6535
6542
6545
6547
6554
6554
6558
6573
6651
6652
6653
6655
6656
6680
6686
6694
6717
6723
6725
6731
6737
6805
6822
6878
6885
6930
6939
6942
6943
6950
6989
7038
7045
7049
7084
7094
7163
7170
7171
7626
7627
7637
7641
7648
7654
7654
7657
7659
