0
2
2
3
3
3
4
4
4
4
4
5
5
6
6
6
6
6
7
7
7
7
7
8
8
9
9
9
9
9
9
9
9
9
10
10
10
11
11
11
11
11
11
11
11
11
11
12
12
12
12
12
12
12
12
12
12
12
12
12
12
13
13
13
13
13
13
13
13
13
13
13
14
14
14
14
14
14
14
14
14
14
15
15
15
15
15
15
15
16
16
16
17
17
17
17
18
18
18
18
19
19
19
19
19
20
20
20
20
20
20
20
20
20
20
20
21
21
21
21
22
22
22
23
23
23
23
23
23
24
24
24
24
24
24
25
25
25
25
25
26
26
26
27
27
27
27
27
28
28
29
29
29
29
30
30
30
30
30
30
30
30
30
30
31
31
31
31
31
31
31
31
31
32
32
32
32
32
32
33
33
33
33
33
34
34
34
34
35
35
35
36
36
36
37
37
37
38
38
38
38
39
39
39
39
39
40
40
40
40
40
40
40
40
40
41
41
42
42
42
42
42
42
42
43
43
43
44
44
44
44
44
44
44
45
45
45
45
45
45
45
46
46
46
47
47
47
47
47
47
48
48
48
48
48
48
48
49
49
49
49
49
50
50
50
50
50
50
50
50
50
50
51
51
51
51
51
52
52
52
52
52
52
52
53
53
53
53
53
54
54
54
55
55
55
56
56
56
56
57
57
57
57
57
57
58
58
58
58
59
59
59
59
60
60
60
60
61
61
62
62
62
62
62
63
63
63
63
63
63
64
64
64
64
64
64
65
65
65
66
66
66
67
67
67
68
68
68
69
69
69
69
69
69
69
69
70
70
70
70
70
70
70
70
70
71
71
71
71
71
72
72
72
72
73
73
73
73
73
74
74
74
74
74
74
74
74
74
74
74
74
74
74
75
75
75
75
75
75
75
75
75
75
75
76
76
76
76
76
76
76
76
77
77
77
77
77
77
77
77
77
77
78
78
78
78
78
78
78
78
79
79
79
79
79
79
79
79
80
80
80
80
80
80
80
80
81
81
81
81
82
82
82
82
82
82
82
83
83
83
83
83
83
83
83
83
83
83
84
84
84
84
84
85
85
85
85
85
85
86
86
86
86
86
86
86
88
88
88
88
88
89
89
89
89
90
90
90
91
91
91
91
91
91
91
92
92
92
92
92
92
92
92
92
92
92
93
93
94
95
95
96
96
96
96
96
96
97
97
97
98
99
99
99
99
99
99
99
100
100
100
101
101
102
102
103
103
103
103
103
103
104
104
104
104
105
105
105
105
105
105
105
105
105
105
105
105
106
106
106
106
106
106
106
107
107
107
107
107
107
108
108
108
108
108
108
109
109
109
109
109
109
109
109
109
110
110
110
110
111
111
111
111
111
112
112
112
112
112
112
113
113
113
113
113
114
114
114
114
114
115
115
115
115
115
115
115
116
116
116
116
117
117
117
117
118
118
119
119
119
119
119
119
119
120
120
120
120
120
121
121
121
121
122
122
122
123
123
123
123
123
123
123
123
123
124
124
125
125
125
125
125
125
125
125
125
126
126
126
127
127
127
127
127
127
127
128
128
128
128
128
128
128
128
129
129
129
129
129
130
130
130
131
131
132
132
133
133
133
133
134
134
134
134
134
134
135
135
135
135
136
136
138
138
138
138
139
139
139
140
140
140
140
140
140
141
141
141
141
141
141
141
141
142
142
142
142
143
143
143
143
143
144
145
145
145
145
145
145
146
146
146
146
147
147
147
148
148
148
148
149
149
150
150
150
150
151
151
151
151
151
151
151
151
152
152
152
152
153
154
154
154
154
154
154
154
155
155
155
155
155
156
156
156
156
157
157
157
157
157
157
158
158
158
158
158
159
159
160
160
160
161
161
161
162
162
163
163
163
163
163
163
164
164
164
165
166
166
166
166
166
166
166
166
166
167
167
167
167
168
168
168
168
169
169
169
169
171
171
171
171
171
172
172
172
172
172
172
172
173
173
173
173
174
174
174
174
174
175
176
177
177
177
177
178
178
179
179
179
180
180
180
180
180
180
180
181
181
181
181
181
181
181
182
183
183
183
183
184
184
184
184
184
185
186
186
186
187
187
188
188
188
189
189
189
191
191
191
192
193
193
194
194
194
195
195
195
195
196
197
197
197
197
197
197
198
198
199
199
199
200
200
200
200
201
201
202
203
203
204
204
204
204
204
205
205
206
206
207
207
207
208
208
208
208
210
210
210
211
211
212
212
212
213
213
213
214
215
215
215
215
215
215
215
215
216
216
216
216
217
217
217
217
218
218
218
219
219
219
220
220
220
220
220
220
221
221
221
222
222
222
222
223
223
223
223
223
224
224
224
224
224
225
227
227
227
227
227
227
227
227
228
228
228
228
228
228
229
230
230
231
231
231
232
232
232
232
233
234
234
234
234
235
235
235
235
236
237
237
237
238
238
239
239
239
239
240
240
240
241
241
242
242
243
243
243
243
244
244
245
245
246
246
246
246
246
247
248
248
248
249
250
251
251
251
252
253
254
255
255
255
255
255
255
256
256
256
256
256
257
257
257
257
257
257
257
257
257
257
257
258
259
260
260
262
262
262
264
264
265
265
266
266
267
268
268
269
270
271
271
271
271
271
272
272
272
272
272
273
273
273
273
273
273
274
274
274
275
276
276
277
277
277
277
278
278
278
279
280
280
280
280
280
280
280
280
281
282
282
282
283
283
283
283
283
284
285
285
285
285
286
287
288
288
289
289
289
290
290
291
292
293
293
294
294
295
295
295
295
295
296
296
296
296
296
296
297
297
297
298
298
298
299
299
300
300
300
301
301
301
301
302
302
302
303
303
304
304
304
304
305
305
305
305
306
307
307
307
307
308
308
309
309
309
310
310
311
312
312
312
312
313
313
313
314
314
314
315
316
316
317
317
319
320
320
321
321
321
322
322
323
323
328
328
329
329
330
330
330
331
332
333
333
334
334
334
335
335
336
336
338
338
338
338
338
340
340
340
341
341
341
341
341
342
342
342
343
345
346
346
346
347
347
348
350
353
354
354
354
355
355
355
355
355
356
356
356
356
360
360
361
362
363
363
365
367
368
368
369
370
370
370
371
371
374
375
375
376
376
376
377
377
377
378
378
378
379
379
380
380
380
380
381
382
382
382
382
383
383
385
387
387
387
387
388
389
389
390
391
391
392
392
392
393
394
394
396
397
397
398
398
398
399
400
401
402
402
403
403
405
406
408
409
409
409
410
412
414
415
415
416
417
417
418
418
418
418
419
422
423
423
423
423
423
424
425
426
426
427
428
428
429
430
431
431
431
432
433
435
435
436
436
437
437
439
439
439
440
441
441
441
441
441
441
441
443
443
443
444
445
445
446
446
446
446
446
446
446
446
447
447
447
447
448
448
449
449
449
449
450
450
450
450
450
450
451
452
452
452
452
452
452
453
453
453
453
453
454
454
457
457
459
459
460
460
460
460
460
461
461
462
462
462
463
464
465
465
465
466
466
466
467
468
469
469
470
470
470
470
470
471
471
471
475
478
479
480
481
481
482
482
483
486
486
486
487
487
488
489
489
489
489
490
490
492
492
492
493
493
493
494
494
494
494
496
496
499
499
500
500
502
503
504
504
505
507
508
508
509
510
511
511
512
512
513
518
521
522
522
523
523
524
525
526
526
529
529
529
530
530
530
530
530
531
535
535
536
536
538
538
538
542
546
546
547
547
547
547
549
549
549
550
550
551
554
554
554
555
555
558
559
559
559
559
559
561
561
561
562
562
562
563
563
565
565
566
567
568
568
569
569
570
570
571
572
572
572
572
572
572
574
574
575
575
575
577
577
578
579
579
580
580
580
580
581
582
582
583
583
584
584
585
585
586
586
587
587
587
588
588
588
589
589
590
591
592
592
592
592
593
594
595
595
596
597
598
598
598
598
599
599
600
600
600
600
600
601
603
604
604
604
606
606
606
609
609
611
611
613
613
614
614
614
615
615
615
616
618
618
618
618
618
621
622
622
627
627
629
629
633
634
634
634
635
636
636
637
637
637
638
640
641
641
641
644
648
651
651
651
651
652
652
652
656
656
656
658
658
660
661
663
663
664
665
667
668
669
669
670
671
674
677
677
679
679
680
680
681
682
683
684
685
685
686
686
687
687
689
691
694
695
696
696
696
697
697
698
700
701
702
702
703
703
705
705
706
706
706
707
707
708
709
711
712
712
712
712
713
715
716
717
717
718
718
718
718
719
720
720
721
721
721
722
723
724
724
724
724
725
725
725
726
726
727
727
727
728
729
729
730
731
731
731
732
732
732
733
735
737
739
739
739
740
740
740
741
742
742
743
743
744
744
744
744
745
745
745
747
748
748
749
750
750
752
752
753
753
753
755
756
757
757
757
757
757
758
759
759
759
760
760
760
763
763
763
764
764
766
767
768
768
770
771
771
775
776
777
778
778
778
778
778
778
778
783
783
785
788
788
788
790
790
790
791
791
794
794
794
794
795
795
796
796
798
799
800
800
800
802
805
806
806
808
809
809
810
810
810
811
812
812
812
812
812
813
814
814
814
815
815
815
816
817
817
817
817
817
818
818
818
818
818
819
820
820
821
821
821
823
823
823
824
824
824
824
825
825
825
826
826
826
826
826
827
827
827
827
827
827
827
828
828
828
830
831
831
831
831
831
831
832
832
832
832
835
837
839
839
840
841
843
843
844
844
844
845
846
847
851
855
858
860
864
864
865
866
866
868
870
872
873
874
877
882
882
884
885
888
888
889
891
892
896
897
899
899
901
901
903
907
909
910
911
911
923
925
930
931
932
932
940
944
944
946
946
953
954
963
967
970
972
976
981
983
984
984
991
991
994
997
998
999
1001
1003
1004
1022
1023
1025
1025
1029
1032
1035
1058
1059
1060
1062
1064
1067
1067
1068
1069
1069
1071
1071
1071
1072
1072
1072
1076
1076
1077
1078
1079
1080
1081
1082
1083
1086
1088
1091
1091
1092
1092
1094
1094
1094
1095
1095
1095
1096
1097
1098
1099
1100
1101
1103
1104
1112
1113
1114
1114
1117
1121
1122
1126
1127
1128
1129
1130
1130
1133
1133
1133
1135
1135
1138
1145
1145
1147
1147
1148
1149
1150
1150
1151
1153
1154
1154
1154
1156
1156
1157
1158
1158
1158
1159
1161
1161
1162
1162
1163
1163
1163
1163
1164
1166
1166
1166
1168
1169
1169
1170
1170
1170
1172
1172
1173
1175
1176
1176
1177
1177
1177
1177
1178
1179
1179
1182
1182
1182
1188
1188
1189
1189
1191
1191
1192
1193
1196
1197
1201
1201
1203
1206
1209
1212
1218
1219
1222
1235
1235
1250
1255
1257
1257
1262
1263
1266
1269
1269
1270
1274
1277
1279
1280
1281
1290
1290
1294
1294
1297
1300
1300
1303
1307
1308
1312
1317
1317
1317
1318
1321
1340
1352
1355
1358
1363
1366
1367
1368
1372
1376
1376
1378
1379
1381
1381
1381
1381
1386
1386
1387
1388
1393
1393
1393
1394
1394
1396
1398
1400
1400
1402
1408
1408
1409
1414
1414
