0
2
2
2
2
3
3
3
3
4
4
5
5
5
6
6
6
6
6
7
7
7
7
7
7
8
8
8
8
8
8
8
8
8
8
8
8
9
9
9
9
9
9
9
9
9
9
9
9
9
9
9
9
10
10
10
10
10
10
10
10
10
10
10
11
12
12
13
13
14
14
14
15
16
16
16
16
16
16
17
17
17
17
17
17
17
18
18
18
18
18
18
18
19
19
19
19
19
19
19
19
19
19
20
20
20
20
20
20
21
21
21
21
21
21
21
22
22
22
23
23
23
23
23
23
23
23
24
24
24
24
25
25
26
26
26
26
26
26
26
27
27
28
28
28
28
28
28
28
29
29
29
29
29
29
29
30
30
30
30
30
30
31
31
31
31
32
32
32
32
32
33
33
33
33
33
33
34
34
34
34
34
34
35
35
36
36
36
36
36
36
36
37
37
37
37
37
38
38
38
38
39
39
39
39
40
40
40
40
40
41
41
41
42
42
42
42
42
42
43
43
43
43
44
45
45
45
45
45
45
45
46
46
46
46
46
47
47
47
47
47
47
47
47
48
48
48
48
49
49
49
49
49
49
49
50
50
50
50
50
50
50
50
50
50
50
51
51
51
52
52
52
52
52
52
52
53
53
53
53
53
53
53
54
54
54
54
54
54
54
54
55
55
55
55
55
55
56
56
56
56
56
56
57
57
57
57
57
58
58
58
58
58
58
58
58
58
58
59
59
59
59
59
59
60
60
60
60
60
60
60
60
60
61
61
61
61
61
61
61
61
61
61
62
62
62
62
62
63
63
63
63
63
63
63
63
63
64
64
64
64
64
64
64
64
64
64
64
65
65
65
65
65
66
66
66
66
67
67
67
67
68
68
68
68
69
69
69
69
69
69
70
70
70
70
70
70
70
70
70
71
71
71
72
72
72
73
73
73
74
74
74
74
75
75
75
76
76
76
77
77
77
77
78
78
78
78
78
78
79
79
79
79
79
80
80
80
80
80
80
80
81
81
81
81
82
82
82
82
82
82
82
82
82
82
82
82
82
83
83
83
83
83
83
83
84
84
84
84
84
84
84
84
84
85
86
86
86
86
86
86
87
88
88
89
89
89
89
90
90
91
91
91
91
91
91
91
91
92
92
92
92
93
93
93
94
94
95
95
95
95
95
96
96
96
96
96
96
97
97
97
97
97
97
98
98
98
98
98
99
99
99
99
99
99
99
99
100
100
100
100
101
101
101
101
101
102
102
102
102
102
103
103
103
103
104
104
104
104
104
105
105
105
106
106
106
106
107
107
107
107
107
107
107
108
108
108
108
108
108
108
108
110
110
110
111
111
111
111
112
112
112
112
112
113
113
113
113
113
113
113
114
114
114
115
115
115
115
115
115
116
117
117
119
120
120
120
120
120
121
121
122
123
123
123
123
123
124
124
125
125
125
126
126
126
128
128
129
129
129
129
129
129
130
130
130
130
130
131
131
131
131
131
131
131
132
132
132
132
133
133
133
133
133
134
134
135
136
136
136
137
137
138
138
138
138
138
138
138
138
139
139
139
139
139
140
140
140
140
141
141
141
141
142
142
142
142
142
142
142
142
143
143
143
143
143
143
143
143
143
144
144
144
144
145
145
145
145
145
146
146
146
146
146
147
147
147
147
147
147
147
148
148
148
148
150
150
150
150
150
150
151
151
151
151
151
152
152
152
152
152
153
153
153
154
154
154
154
154
154
155
155
155
155
155
156
157
157
157
158
158
158
158
158
158
158
158
159
159
159
160
160
161
161
162
162
162
162
162
163
163
163
163
163
163
163
163
163
163
163
163
164
164
164
165
165
165
165
166
167
167
168
169
169
169
169
169
170
170
170
170
171
171
171
173
173
173
173
173
173
173
173
174
174
174
174
174
174
175
175
176
176
176
176
176
177
177
177
178
179
179
179
179
179
179
180
181
181
181
181
181
181
182
182
182
182
182
182
182
182
183
183
183
183
183
183
183
183
183
183
183
183
183
184
184
185
186
186
186
186
186
186
187
187
188
188
188
188
188
189
189
189
190
190
191
191
191
191
192
192
192
192
192
192
193
194
194
194
194
194
194
195
195
195
195
196
196
196
196
196
196
197
197
197
197
197
198
198
198
199
200
200
200
200
200
201
202
203
203
205
205
206
206
207
207
208
208
208
209
209
209
209
210
210
210
210
211
211
211
212
213
213
213
214
214
215
215
216
217
217
217
220
221
221
223
223
224
224
224
224
225
225
226
227
227
227
227
228
228
230
230
230
230
230
230
231
231
231
232
234
235
236
238
238
239
241
241
242
243
243
244
244
244
244
245
245
245
245
245
245
246
247
247
247
247
248
250
250
250
250
251
251
252
253
254
254
255
256
256
257
257
257
258
259
259
259
260
260
260
260
261
261
261
261
262
262
262
263
263
264
265
265
265
267
267
268
269
269
269
269
270
270
270
270
270
271
271
272
272
273
273
273
274
276
276
277
277
278
279
279
280
280
280
280
281
281
281
282
282
282
282
282
283
283
283
283
283
285
285
285
285
286
286
286
287
287
288
288
288
289
289
291
291
292
292
292
293
293
293
294
296
297
297
297
298
298
298
298
298
298
299
299
300
300
300
300
300
301
302
302
302
302
302
303
303
304
304
304
304
304
304
304
305
305
305
305
306
306
307
308
308
308
308
308
308
308
308
309
309
310
310
310
311
312
312
312
313
314
314
314
315
316
316
316
316
316
316
317
317
317
318
318
318
318
318
319
319
319
319
320
320
320
320
321
321
321
321
321
321
321
322
322
322
323
323
323
323
324
324
324
325
325
325
325
326
326
327
328
328
328
329
330
330
330
330
331
331
331
331
331
331
331
332
332
332
332
332
332
333
333
333
333
333
333
333
333
334
334
334
334
334
335
336
336
337
337
337
337
337
337
337
337
338
338
338
339
339
339
340
340
340
340
341
341
341
342
342
342
343
343
344
344
345
346
346
347
348
348
348
348
349
350
350
351
351
351
352
352
352
352
352
352
353
353
353
353
354
354
355
355
355
355
355
355
355
356
357
357
357
357
357
358
358
358
359
359
359
359
359
359
359
360
360
360
360
361
363
363
363
364
364
364
364
364
364
365
365
365
365
366
366
366
367
367
367
368
368
368
370
370
371
372
372
373
373
374
374
374
376
377
377
377
377
378
378
378
378
379
379
380
381
382
382
384
384
384
385
385
385
385
386
387
388
389
389
389
390
390
390
391
391
391
391
392
392
392
392
393
393
393
393
394
394
395
396
396
396
396
396
396
397
397
397
398
398
398
398
399
399
400
402
402
403
403
403
404
404
404
404
405
405
405
405
406
406
406
406
406
406
406
406
406
407
407
407
408
408
408
409
409
409
410
410
410
410
410
411
411
412
412
412
412
412
413
413
413
413
414
414
417
417
419
419
419
420
421
421
423
423
424
424
424
424
425
426
426
427
427
428
428
428
428
428
429
429
429
429
430
430
431
431
431
431
431
431
432
432
433
434
434
435
435
435
435
436
436
437
437
437
437
437
437
438
438
438
438
439
439
439
439
440
441
441
441
441
442
442
442
443
443
443
444
444
444
444
444
444
444
445
445
445
445
447
448
448
448
449
450
450
450
451
451
452
452
453
454
454
455
455
456
456
459
460
460
460
461
462
462
462
463
463
464
465
465
466
466
467
467
467
468
468
468
469
471
472
472
472
473
473
473
473
473
474
476
478
478
479
480
480
480
480
481
481
481
482
482
482
482
482
484
484
486
486
486
487
487
488
488
488
489
489
489
489
489
491
491
492
492
493
494
495
495
495
496
496
497
497
497
498
499
499
499
500
500
500
501
502
503
503
503
503
505
505
505
505
506
506
507
507
508
508
508
509
510
511
512
512
512
513
513
513
514
515
516
517
518
520
523
526
529
529
533
534
534
534
536
536
536
537
539
539
541
544
545
547
550
550
550
551
551
551
552
554
554
556
558
559
560
561
561
562
562
562
563
563
563
564
564
564
564
564
565
566
566
566
567
567
568
568
569
569
571
571
572
572
573
574
575
576
578
579
579
579
580
581
582
583
584
586
586
587
588
589
589
590
592
592
593
594
596
599
600
601
603
605
605
609
610
613
613
613
614
617
618
620
621
622
623
623
623
623
625
626
628
628
628
629
629
630
630
631
633
633
635
635
636
636
636
636
637
640
641
641
643
643
645
645
646
646
646
647
652
653
654
659
660
662
668
669
669
670
671
671
672
672
688
688
698
700
700
700
701
702
703
705
706
710
711
713
714
717
717
718
719
719
720
720
722
723
723
724
725
725
726
727
727
727
729
729
729
729
730
732
733
735
737
738
738
738
739
740
740
741
743
744
744
747
748
749
749
749
749
751
754
755
756
757
757
758
759
762
763
763
765
765
766
767
769
774
774
775
775
776
777
777
779
779
780
780
781
785
786
786
787
787
788
789
789
789
789
789
790
791
792
793
793
793
794
796
796
796
797
798
798
800
800
801
801
802
803
803
804
804
805
806
807
807
807
808
808
808
808
808
811
812
812
812
812
817
817
817
820
821
821
822
823
823
825
825
825
825
826
827
828
829
834
847
847
848
848
849
849
849
850
850
862
868
868
869
869
870
871
871
874
878
879
880
881
881
883
887
887
889
890
893
896
896
899
901
902
902
904
904
905
906
906
907
907
908
911
911
914
914
915
915
915
915
916
916
917
920
921
922
923
925
925
925
925
926
926
926
926
927
927
927
928
931
933
933
934
934
935
935
935
936
937
937
937
939
942
943
943
943
944
945
945
946
946
946
947
947
948
948
948
949
952
952
952
952
952
953
953
955
956
957
960
963
963
963
964
964
964
965
966
966
967
967
969
970
973
975
977
977
978
981
983
984
984
985
985
986
989
990
990
990
991
992
992
993
993
994
994
996
996
997
998
998
999
1001
1001
1002
1002
1002
1003
1003
1003
1004
1006
1007
1008
1008
1008
1010
1011
1011
1013
1014
1014
1016
1017
1017
1018
1018
1018
1019
1019
1019
1022
1022
1030
1033
1033
1035
1042
1043
1044
1044
1044
1045
1047
1047
1049
1052
1053
1054
1056
1056
1057
1058
1058
1061
1062
1065
1070
1071
1072
1072
1073
1074
1075
1077
1078
1078
1079
1079
1080
1080
1081
1081
1082
1082
1083
1083
1084
1084
1087
1090
1090
1091
1092
1092
1096
1098
1101
1101
1101
1102
1108
1108
1109
1109
1111
1117
1118
1118
1120
1126
1126
1132
1135
1135
1136
1136
1137
1138
1139
1139
1140
1147
1148
1150
1162
1167
1170
1171
1176
1183
1183
1183
1184
1185
1189
1191
1193
1193
1194
1200
1200
1201
1201
1202
1203
1204
1205
1206
1208
1211
1211
1212
1214
1215
1218
1219
1222
1222
1227
1227
1229
1232
1233
1233
1236
1236
1240
1240
1245
1246
1247
1247
1253
1254
1254
1258
1259
1264
1265
1265
1270
1271
1271
1271
1274
1274
1281
1285
1286
1286
1286
