0
2
2
2
3
4
6
6
6
6
6
7
7
7
7
7
7
7
8
8
8
8
8
8
9
9
9
9
9
9
10
10
10
10
10
11
11
12
12
12
12
13
14
15
16
17
17
17
17
18
18
18
19
19
19
19
19
19
19
20
20
20
20
20
21
21
21
21
21
22
22
22
22
22
22
23
23
23
23
24
24
24
24
24
25
25
25
26
26
26
27
27
27
28
29
30
30
30
30
31
31
33
33
34
34
35
35
36
36
36
36
37
38
38
39
39
39
39
39
40
40
41
41
41
42
43
43
44
44
44
45
45
45
45
45
46
46
46
46
46
46
47
47
47
47
47
48
48
48
48
48
48
48
48
48
49
49
49
49
49
50
51
52
53
53
53
53
54
54
54
54
54
54
54
55
55
55
56
56
56
57
57
57
57
57
58
58
60
60
60
60
60
61
61
62
63
64
64
65
65
66
66
66
66
66
66
66
66
67
67
67
67
68
69
69
70
71
71
71
71
72
73
74
74
75
75
75
75
75
76
76
76
77
77
77
77
78
78
78
78
79
79
79
79
79
79
80
80
80
80
80
80
80
80
80
81
81
81
81
81
82
82
82
82
82
82
83
83
84
84
85
85
85
85
85
85
86
86
86
86
86
86
86
86
87
87
87
87
87
88
88
88
88
88
88
88
88
89
89
90
90
90
90
91
91
91
92
92
93
93
93
93
93
94
94
95
95
95
95
95
96
96
96
97
97
97
98
98
98
98
98
98
98
99
99
99
99
99
101
101
101
101
101
101
102
102
102
103
104
104
104
104
104
104
105
106
106
106
107
107
107
107
107
107
108
108
108
109
109
110
110
110
110
110
111
111
111
112
112
112
112
113
113
114
114
114
115
115
115
115
116
117
117
117
117
117
117
118
118
118
118
118
119
120
120
120
120
121
121
121
121
121
121
121
121
122
122
122
122
123
124
124
124
124
125
125
125
126
126
126
127
127
127
127
127
127
127
127
128
128
128
128
128
128
129
129
129
129
129
129
129
129
130
130
130
130
132
132
133
133
133
133
133
137
137
138
139
141
142
142
142
143
143
144
145
145
145
145
145
147
148
148
148
148
149
149
150
150
150
150
150
150
152
154
155
156
156
157
157
157
157
158
158
158
158
158
158
159
159
159
160
160
160
160
161
161
161
161
162
162
162
163
164
165
165
165
165
165
166
168
169
169
169
170
170
170
171
171
171
171
171
171
172
172
173
174
174
176
176
176
176
177
177
179
179
180
180
180
181
181
181
182
182
183
184
184
185
186
186
187
189
189
190
191
192
193
193
193
194
194
194
195
196
196
197
197
198
198
198
198
198
198
199
200
200
201
201
203
203
204
206
207
208
208
208
209
210
211
213
214
214
216
216
220
222
223
223
224
225
226
227
227
227
228
230
231
232
234
235
235
236
236
238
239
239
239
239
239
240
240
240
241
242
242
242
242
244
244
245
245
246
246
246
247
247
247
247
248
248
249
250
250
250
251
253
254
254
255
255
256
257
258
258
258
259
261
262
262
264
265
266
267
267
268
268
268
268
270
272
272
272
272
272
272
272
275
275
276
277
278
279
279
279
279
280
280
281
283
286
287
287
290
291
291
292
292
292
294
295
295
295
296
296
296
296
297
298
298
298
299
299
299
299
299
300
300
300
300
300
300
300
300
300
301
301
301
301
301
302
304
304
304
304
304
305
305
306
306
306
308
308
310
311
312
313
315
315
316
317
320
324
324
325
325
326
326
328
329
330
331
333
336
337
338
339
339
340
340
342
343
343
344
344
344
345
346
347
347
348
349
351
351
352
354
355
355
355
356
361
363
365
365
367
369
369
371
372
373
374
376
377
378
378
379
379
379
380
380
381
381
382
382
383
383
384
384
384
385
387
387
387
388
389
389
389
389
390
391
392
392
393
395
395
395
397
397
400
400
401
401
402
402
404
404
404
404
405
406
407
408
408
409
409
410
410
411
411
411
412
412
413
413
414
415
415
415
416
416
417
417
417
418
420
420
420
421
422
422
422
423
423
423
423
423
423
424
425
425
426
427
427
428
428
428
428
429
429
430
430
430
431
432
433
434
434
435
435
435
435
435
436
436
437
437
438
439
440
441
441
442
443
443
443
443
443
443
444
444
445
445
449
449
449
450
451
451
451
451
452
452
454
455
455
455
456
456
457
458
458
458
458
459
459
460
460
460
462
462
463
465
465
465
465
466
466
466
466
467
467
468
468
468
468
469
470
471
471
472
472
472
473
473
474
475
475
475
476
476
476
476
476
476
476
476
477
477
478
478
479
479
480
480
481
481
483
484
484
485
488
488
489
491
491
491
491
491
492
492
493
494
494
495
495
496
496
497
498
498
500
501
504
505
506
506
506
508
509
509
510
510
511
511
511
512
512
512
515
515
515
516
517
518
519
520
521
521
522
524
525
526
526
526
526
526
527
527
528
528
530
532
533
534
534
534
534
535
535
535
537
540
544
546
547
547
547
549
550
550
551
552
552
552
553
554
554
554
554
555
555
556
559
560
560
561
561
561
563
563
563
564
568
569
569
570
571
572
575
576
576
577
581
581
581
581
582
582
583
583
583
583
583
584
585
586
587
588
588
589
589
589
589
589
590
591
591
591
592
592
592
593
594
594
595
596
597
600
603
604
604
604
607
607
608
610
611
615
616
617
617
617
617
618
620
622
623
624
626
627
627
630
631
631
632
635
635
635
639
641
642
642
642
643
644
644
644
644
645
645
645
646
646
647
648
651
651
653
654
655
655
658
658
658
660
667
667
670
670
671
675
677
677
678
678
681
685
686
687
687
688
688
691
691
692
694
694
696
696
696
697
701
701
702
704
704
707
710
710
710
712
714
715
723
724
725
727
727
728
732
735
736
741
741
744
745
746
746
747
747
749
751
753
753
754
758
758
759
759
760
761
762
762
763
763
765
765
768
771
773
778
778
778
778
779
779
780
782
785
786
788
789
790
792
795
797
801
801
801
801
802
802
802
804
804
805
806
808
809
809
810
811
811
811
812
812
813
814
814
814
816
816
816
817
817
817
817
817
818
818
818
819
820
821
823
823
823
823
823
824
824
824
824
825
825
825
825
825
825
825
826
827
827
827
828
828
828
828
828
829
834
834
835
835
841
841
842
842
842
845
850
852
856
860
861
861
861
861
862
862
862
863
864
864
865
866
866
866
867
868
868
869
869
871
871
873
874
875
877
882
882
883
884
885
885
886
887
887
889
890
890
892
893
902
902
904
905
906
906
906
906
906
907
907
907
907
907
908
908
908
909
910
912
913
915
916
918
920
923
924
926
929
929
931
932
932
932
932
937
940
941
941
948
951
951
952
952
955
955
956
958
959
960
966
975
976
978
982
985
985
987
987
988
989
990
991
993
996
999
999
999
1003
1007
1012
1013
1014
1015
1015
1015
1017
1018
1019
1021
1022
1024
1032
1034
1036
1036
1038
1039
1039
1048
1049
1052
1053
1053
1054
1054
1056
1057
1057
1058
1059
1059
1059
1059
1059
1059
1063
1065
1065
1066
1066
1066
1067
1069
1070
1071
1071
1072
1073
1073
1074
1074
1074
1075
1075
1075
1075
1075
1075
1076
1076
1078
1078
1078
1078
1078
1079
1080
1083
1084
1085
1086
1088
1088
1091
1091
1091
1091
1092
1092
1092
1092
1093
1096
1096
1098
1100
1101
1101
1101
1103
1104
1104
1106
1112
1115
1119
1119
1120
1122
1122
1133
1138
1144
1144
1145
1155
1158
1160
1166
1168
1169
1192
1193
1193
1196
1197
1197
1198
1203
1203
1203
1204
1204
1206
1206
1209
1212
1212
1213
1218
1221
1227
1230
1232
1233
1234
1234
1236
1236
1236
1238
1241
1248
1249
1250
1255
1258
1259
1259
1261
1263
1263
1267
1270
1271
1272
1275
1275
1290
1307
1308
1310
1323
1328
1337
1337
1338
1338
1339
1352
1353
1353
1354
1354
1354
1354
1357
1358
1359
1359
1364
1378
1378
1378
1381
1382
1385
1389
1392
1393
1398
1398
1399
1400
1402
1403
1404
1405
1406
1407
1408
1408
1410
1418
1418
1419
1419
1428
1428
1429
1433
1445
1559
1560
1560
1561
1566
1598
1605
1606
1607
1607
1607
1618
1619
1621
1621
1624
1634
1635
1636
1636
1638
1639
1639
1642
1643
1643
1643
1645
1646
1647
1649
1649
1649
1652
1653
1654
1655
1657
1665
1667
1670
1671
1672
1676
1676
1679
1683
1685
1685
1687
1688
1694
1694
1698
1700
1700
1700
1700
1701
1701
1701
1711
1713
1721
1726
1732
1748
1748
1749
1751
1761
1763
1764
1764
1765
1766
1766
1768
1769
1771
1776
1776
1779
1784
1785
1786
1803
1803
1804
1817
1819
1824
1824
1828
1828
1828
1829
1830
1830
1832
1833
1834
1837
1838
1838
1846
1854
1854
1855
1885
1888
1890
1890
1891
1900
1900
1902
1902
1905
1906
1908
1910
1911
1912
1916
1917
1919
1923
1925
1926
1926
1927
1929
1929
1929
1932
1932
1933
1933
1935
1935
1935
1937
1938
1938
1941
1941
1943
1950
1952
1955
1959
1960
1960
1960
1960
1962
1965
1970
1971
1971
1973
1974
1975
1975
1977
1979
1981
1985
1987
1988
1991
1991
1995
1997
1999
1999
2000
2002
2004
2006
2006
2006
2009
2011
2017
2018
2020
2020
2021
2024
2025
2026
2027
2028
2031
2033
2033
2035
2036
2036
2037
2038
2038
2038
2039
2040
2044
2060
2063
2063
2067
2070
2075
2085
2086
2087
2092
2092
2097
2097
2110
2123
2139
2140
2141
2142
2143
2147
2150
2170
2171
2175
2180
2215
2230
2235
2245
2259
2262
2264
2271
2272
2283
2288
2299
2299
2312
2313
2335
2345
2348
2353
2361
2361
2361
2363
2365
2366
2382
2399
2400
2404
2424
2424
2426
2430
2442
2445
2446
2447
2449
2452
2453
2454
2454
2454
2458
2460
2472
2473
2475
2481
2483
2493
2494
2501
2509
2514
2514
2522
2524
2541
2542
2546
2546
2547
2551
2552
2556
2556
2556
2557
2561
2561
2561
2562
2563
2566
2566
2569
2570
2570
2572
2573
2574
2575
2576
2577
2582
2583
2587
2588
2588
2589
2590
2590
2591
2595
2610
2611
2613
2614
2616
2618
2625
2646
2647
2652
2672
2674
2680
2680
2682
2702
2716
2717
2718
2732
2732
2733
2733
2735
2737
2742
2744
2745
2745
2746
2752
2752
2756
2757
2759
2764
2765
2769
2774
2784
2801
2807
2818
2839
2846
2886
2963
3048
3075
3086
3086
3087
3088
3090
3093
3097
3098
3099
3128
3130
3133
3134
3135
3135
3135
3137
3139
3139
3141
3142
3144
3147
3149
3152
3152
3158
3159
3160
3161
3162
3164
3164
3168
3258
3258
3260
3260
3273
3296
3298
3301
3315
3387
3388
3389
3404
3408
3410
3410
3412
3414
3415
3418
3419
3419
3420
3423
3431
3565
3584
3586
3587
3594
3598
3601
3603
3607
3619
3620
3620
3635
3636
3640
3641
3643
3645
3649
3650
3650
3650
3684
3685
3687
3687
3688
3689
3690
3692
3692
3694
3695
3697
3698
3701
3702
3707
3709
3712
3714
3714
3719
3719
3744
3744
3745
3766
3795
3845
3845
3857
3862
3870
3871
3872
3872
3873
3874
3878
3878
3879
3882
3892
3894
3902
3910
3911
3913
3916
3916
3916
3919
3922
3922
3922
3923
3926
3933
3935
3935
3937
3940
3943
3946
3949
3949
3953
3954
3956
3957
3959
3966
3971
3972
3972
4043
4044
4049
4052
4067
4070
4072
4073
4077
4078
4078
4081
4084
4086
4087
4088
4088
4089
4090
4090
4097
4100
4102
4103
4103
4107
4107
4107
4108
4108
4110
4112
4120
4123
4135
4138
4151
4153
4159
4167
4167
4172
4175
4175
4183
4192
4371
4381
4393
4393
4404
4404
4405
4406
4534
4550
4577
4583
4588
4589
4594
4597
4601
4611
4635
4640
4641
4646
4648
4649
4653
4653
4659
4660
4662
4662
4666
4674
4734
4740
4837
4838
4839
4851
4861
4879
4881
4888
5040
5041
5042
5044
5048
5052
5052
5057
5079
5079
5081
5086
5090
5092
