0
2
3
3
3
3
4
4
5
5
5
6
6
6
7
7
7
7
8
8
9
9
9
9
9
9
9
9
10
10
10
10
11
11
11
12
12
12
12
13
13
13
13
13
14
14
14
14
14
15
15
16
16
16
16
16
16
16
16
17
17
17
17
17
17
18
18
18
19
19
19
20
20
20
20
20
21
21
21
21
21
21
21
22
22
23
23
25
25
25
26
26
27
28
28
28
29
30
30
31
31
32
32
32
33
34
34
35
35
36
36
38
38
38
38
38
39
39
40
40
40
40
41
41
42
42
42
43
45
46
46
46
46
47
48
48
48
48
49
49
49
49
49
49
49
49
49
49
49
50
50
50
51
51
52
52
53
53
54
54
55
55
56
56
56
57
57
57
58
58
60
61
61
62
62
62
63
63
64
64
64
64
66
66
66
66
66
67
67
68
68
69
70
70
71
73
75
76
76
77
78
79
80
82
82
83
83
84
86
86
87
88
89
90
90
91
92
92
93
96
97
97
99
99
100
101
102
102
102
102
102
102
103
103
104
105
105
106
106
106
106
106
106
106
107
107
107
107
107
107
108
108
108
109
109
109
109
109
110
110
110
110
110
111
112
113
113
113
113
113
113
114
114
114
115
115
115
116
117
117
117
117
117
118
118
118
118
118
118
118
118
118
119
119
119
120
120
121
121
121
121
122
123
124
125
125
125
126
126
126
126
127
127
127
127
127
128
128
128
129
129
130
131
131
131
131
132
132
133
133
133
133
133
133
133
134
134
134
134
135
135
135
137
137
138
138
138
138
138
138
138
138
138
138
138
139
139
139
139
139
139
140
140
140
141
141
141
141
141
141
141
141
141
142
142
142
142
142
142
142
143
143
143
143
144
144
144
144
144
144
145
145
145
145
145
145
145
146
146
146
146
147
147
147
148
148
149
149
149
150
150
151
151
152
153
153
154
156
156
157
157
157
158
159
159
159
160
160
160
160
160
161
162
162
162
162
162
162
163
163
163
163
163
164
164
165
165
166
167
167
167
167
168
168
168
169
169
171
171
171
172
172
173
173
174
174
174
174
174
174
175
175
175
176
176
176
177
178
179
180
180
180
180
180
181
181
181
182
182
183
183
185
185
187
187
189
191
193
193
193
194
195
195
197
197
198
199
199
200
200
201
201
201
201
202
202
203
203
203
203
203
203
204
204
205
205
205
205
205
205
205
205
205
206
206
206
206
206
206
206
207
207
207
207
207
208
208
208
208
208
209
210
210
210
211
211
211
211
211
212
212
212
212
212
213
213
213
214
214
215
215
215
216
217
217
217
218
218
218
219
219
219
219
219
219
220
220
220
220
220
222
222
224
224
225
225
227
227
228
229
229
229
230
231
232
234
234
235
235
235
236
236
236
237
237
237
237
238
238
239
239
239
241
241
243
243
244
244
244
245
245
245
245
247
249
249
249
249
249
249
250
251
253
255
255
255
256
257
257
257
257
258
258
260
260
260
261
261
261
261
262
263
264
264
264
265
267
270
270
271
273
274
274
274
275
277
277
279
280
282
282
283
283
284
284
284
285
285
285
285
285
285
285
285
286
286
286
286
286
286
286
287
287
287
287
287
288
289
289
289
290
290
290
290
291
292
292
292
292
294
294
294
295
295
295
295
295
296
297
298
298
298
300
300
301
301
301
301
302
303
304
304
305
306
306
307
307
307
307
307
308
308
309
309
309
309
309
311
311
311
314
315
316
316
317
318
319
321
322
323
324
324
324
325
325
326
327
327
327
327
327
329
330
330
331
332
333
333
333
333
333
333
335
336
336
336
336
337
338
338
339
339
339
340
340
341
341
342
342
342
346
347
347
349
349
351
351
351
351
352
352
352
354
354
354
354
354
357
358
359
359
359
360
361
361
362
362
363
363
363
364
364
365
365
365
365
365
367
368
370
377
377
377
378
379
379
379
381
381
382
385
385
387
391
392
393
393
394
396
399
400
402
403
403
403
403
405
408
408
410
410
410
410
412
412
413
414
414
414
415
415
415
416
416
416
417
417
417
418
419
420
422
422
423
424
428
428
432
435
435
436
437
437
438
438
441
442
444
444
444
446
447
448
451
451
451
451
452
453
453
453
454
456
456
457
457
458
459
459
459
459
459
460
462
462
462
463
463
463
464
464
464
464
464
464
464
464
466
470
471
472
472
472
473
473
474
474
474
475
476
476
476
476
476
476
477
477
478
478
480
481
481
481
481
482
482
485
485
485
485
486
486
486
487
488
488
488
489
489
491
491
491
492
492
495
495
495
497
499
500
500
500
501
503
503
504
504
506
507
507
508
508
512
512
514
514
515
515
515
515
516
518
519
520
521
521
521
522
524
527
527
528
528
529
529
529
530
531
531
532
534
534
536
542
543
543
550
554
557
560
560
560
560
561
561
562
563
564
564
565
565
565
566
573
575
575
575
576
580
580
581
581
581
587
588
588
590
590
591
593
595
597
599
599
600
601
602
604
604
604
605
608
609
609
609
610
613
613
621
621
625
625
626
627
628
629
630
631
632
633
634
636
637
637
637
638
639
644
647
647
648
649
651
652
656
658
662
665
665
668
669
669
671
675
678
682
683
683
688
688
689
692
699
701
702
709
709
719
722
724
727
727
729
733
748
748
749
749
753
753
754
757
758
758
758
760
760
761
763
763
764
764
765
766
766
767
767
767
767
768
770
770
770
771
772
772
773
773
773
773
773
774
775
776
778
778
779
781
781
781
781
781
781
781
781
783
783
783
784
784
785
785
785
786
786
788
788
789
789
789
790
791
791
793
794
795
796
796
797
798
798
798
799
800
801
802
804
804
804
805
805
805
807
807
808
809
809
809
810
810
810
810
810
810
810
810
810
811
811
812
812
812
814
815
816
817
818
818
819
819
819
820
821
821
821
822
823
823
824
827
828
828
829
830
831
832
833
835
837
837
837
838
838
839
840
840
845
846
846
847
847
850
850
851
851
852
853
858
860
860
860
861
861
861
864
868
870
870
870
872
874
879
881
881
883
884
884
885
885
892
893
893
895
895
896
897
904
904
905
905
905
907
908
908
909
909
909
910
910
912
914
914
916
916
916
916
917
918
918
918
918
919
920
920
920
922
922
922
923
923
925
926
926
927
927
929
929
930
931
933
934
939
940
942
945
946
946
947
947
952
952
953
953
953
956
957
961
961
962
964
966
969
970
970
972
973
974
974
977
986
986
986
996
1001
1002
1004
1005
1005
1005
1005
1007
1008
1008
1008
1009
1010
1011
1012
1014
1014
1015
1015
1016
1017
1019
1020
1021
1022
1022
1024
1024
1024
1025
1027
1030
1030
1030
1036
1038
1039
1039
1040
1040
1045
1047
1047
1048
1050
1050
1052
1053
1056
1059
1060
1060
1062
1063
1064
1064
1064
1065
1067
1068
1068
1072
1074
1074
1075
1077
1079
1079
1081
1081
1082
1082
1083
1083
1083
1084
1087
1088
1090
1090
1090
1092
1092
1092
1093
1094
1094
1098
1099
1100
1101
1101
1101
1101
1102
1102
1102
1102
1103
1103
1105
1105
1105
1106
1107
1108
1109
1111
1113
1114
1116
1122
1129
1129
1130
1130
1131
1131
1131
1133
1133
1135
1135
1137
1137
1138
1140
1140
1141
1142
1146
1146
1147
1148
1150
1151
1151
1152
1155
1155
1156
1157
1157
1157
1157
1157
1158
1159
1159
1160
1160
1161
1161
1161
1162
1162
1162
1164
1164
1165
1165
1165
1168
1169
1170
1171
1171
1171
1171
1172
1172
1172
1173
1174
1174
1174
1175
1175
1177
1177
1177
1177
1178
1178
1179
1179
1182
1182
1182
1184
1186
1186
1188
1189
1190
1190
1192
1192
1193
1193
1194
1195
1196
1197
1197
1197
1199
1200
1201
1201
1201
1201
1202
1205
1206
1206
1208
1212
1212
1214
1214
1215
1216
1221
1222
1222
1222
1223
1223
1224
1224
1225
1225
1229
1230
1231
1232
1233
1234
1234
1236
1237
1240
1241
1241
1242
1242
1243
1243
1244
1244
1244
1246
1248
1249
1254
1255
1257
1258
1259
1259
1264
1266
1267
1267
1268
1272
1273
1273
1274
1275
1276
1277
1280
1281
1283
1284
1285
1290
1290
1292
1295
1297
1298
1298
1300
1301
1302
1302
1302
1303
1306
1307
1309
1309
1312
1312
1313
1316
1318
1319
1321
1322
1326
1327
1331
1331
1332
1333
1335
1337
1347
1347
1350
1353
1354
1354
1355
1357
1358
1358
1361
1361
1363
1365
1366
1366
1370
1370
1371
1372
1372
1373
1374
1375
1375
1375
1377
1377
1380
1380
1382
1382
1383
1383
1383
1384
1384
1384
1385
1385
1386
1387
1387
1387
1388
1389
1389
1390
1392
1392
1393
1393
1394
1394
1395
1395
1396
1396
1396
1396
1397
1398
1399
1400
1400
1401
1401
1402
1402
1402
1402
1403
1403
1406
1406
1407
1407
1407
1408
1411
1412
1412
1414
1417
1417
1417
1418
1419
1419
1419
1421
1422
1423
1424
1424
1425
1425
1428
1428
1429
1431
1431
1432
1433
1434
1435
1436
1436
1437
1437
1438
1439
1439
1440
1441
1441
1442
1443
1444
1444
1446
1446
1448
1449
1450
1450
1455
1456
1459
1460
1483
1484
1484
1486
1491
1491
1491
1496
1496
1501
1502
1502
1504
1506
1513
1513
1513
1516
1518
1518
1519
1520
1521
1523
1529
1531
1534
1534
1537
1538
1538
1544
1545
1546
1546
1548
1548
1552
1552
1553
1555
1558
1560
1566
1566
1569
1571
1572
1574
1574
1581
1583
1584
1584
1584
1585
1586
1593
1597
1597
1598
1601
1613
1621
1627
1627
1627
1628
1632
1633
1636
1637
1639
1639
1640
1642
1645
1645
1645
1646
1646
1646
1647
1647
1649
1650
1654
1655
1660
1661
1662
1663
1665
1665
1666
1668
1668
1670
1670
1670
1672
1677
1677
1681
1681
1682
1683
1683
1683
1686
1687
1688
1688
1689
1691
1692
1694
1697
1697
1698
1702
1704
1706
1708
1708
1708
1708
1709
1709
1712
1713
1713
1713
1713
1714
1714
1716
1718
1719
1719
1719
1719
1720
1720
1723
1723
1730
1731
1731
1731
1731
1733
1734
1734
1737
1741
1746
1747
1755
1757
1769
1781
1781
1782
1783
1797
1799
1808
1811
1812
1812
1812
1815
1818
1822
1827
1828
1829
1831
1832
1833
1833
1834
1835
1837
1837
1841
1841
1842
1842
1843
1844
1845
1846
1847
1847
1849
1851
1851
1852
1853
1854
1857
1857
1860
1860
1861
1861
1862
1863
1863
1865
1868
1868
1872
1873
1876
1876
1876
1876
1877
1880
1881
1884
1885
1885
1886
1896
1902
1904
1905
1923
1927
1931
1932
1934
1938
1938
1938
1942
1944
1945
1945
1948
1951
1953
1955
1970
1970
1972
1975
1976
1977
1978
1978
1979
1980
1982
1983
1984
1986
1990
1991
1991
1992
2001
2001
2002
2006
2007
2011
2012
2014
2018
2026
2026
2027
2028
2032
2035
2035
2035
2037
2038
2041
2043
2043
2046
2048
2054
2054
2056
2056
2057
2057
2058
2059
2061
2065
2067
2067
2068
2069
2071
2073
2077
2078
2078
2080
2080
2081
2082
2082
2085
2085
2086
2086
2089
2090
2090
2091
2093
2093
2095
2099
2100
2100
2100
2104
2106
2107
2114
2117
2117
2122
2122
2125
2127
2129
2130
2139
2140
2144
2144
2144
2144
2144
2146
2149
2150
2151
2151
2152
2153
2154
2155
2156
2158
2159
2160
2164
2164
2165
2167
2169
2169
2175
2177
2180
2181
2184
2184
2185
2191
2195
2196
2197
2198
2199
2202
2204
2204
2205
2208
2208
2210
2213
2219
2219
2221
2227
2235
2237
2254
2255
2258
2259
2260
2266
2275
2293
2297
2302
2307
2308
2337
2337
2338
2341
2342
2345
2346
2352
2353
2361
2388
2389
2393
2393
2402
2402
2403
2412
2417
2420
2421
2423
2426
2431
2431
2432
2433
2434
2434
2438
2451
2451
2451
2453
2462
2466
2468
2470
2471
2471
2477
2478
2478
2482
2482
2485
2485
2494
2496
2498
2500
2502
2506
2506
2509
2517
2521
2527
2531
2579
2581
2583
2583
2584
2584
2590
2593
2600
2601
2611
2616
2624
2624
2626
2626
2626
2631
2631
2631
2632
2636
2642
2644
2649
2651
2654
2662
2663
2667
2667
2669
2669
