0
2
3
3
3
3
3
4
4
4
4
6
6
6
6
6
7
7
8
8
8
8
8
8
9
9
9
10
10
10
10
10
10
10
11
11
11
11
11
12
12
13
13
13
13
13
13
13
13
13
13
14
14
14
14
14
14
14
15
15
15
15
15
15
15
15
15
15
15
16
16
16
16
16
16
16
17
17
17
17
17
17
17
17
17
17
17
17
17
18
18
18
18
18
18
18
18
19
19
19
19
19
19
20
20
20
20
21
21
21
21
22
22
22
23
23
23
23
24
24
24
24
25
25
25
25
25
25
26
26
26
26
26
26
26
26
27
27
27
27
27
27
28
28
28
28
28
29
29
29
29
29
30
30
31
31
31
32
32
32
32
33
33
33
33
34
34
34
34
34
34
34
34
35
35
35
35
35
35
35
35
35
36
36
36
36
36
36
37
37
37
37
38
38
38
39
39
39
39
40
40
41
42
42
44
44
44
44
45
45
45
45
45
46
46
46
46
46
46
46
46
46
46
46
47
47
48
48
48
49
49
49
49
49
49
49
49
50
50
50
50
51
51
51
51
51
52
52
52
52
53
53
53
53
53
53
53
54
54
54
54
55
55
55
55
55
55
55
55
55
55
55
56
56
56
56
56
56
57
57
57
58
58
58
58
59
59
60
60
60
60
60
61
61
61
61
62
62
62
62
62
63
63
63
63
63
64
64
64
65
65
65
65
65
65
65
65
66
66
66
67
68
68
68
69
69
69
69
69
69
69
69
70
70
70
70
70
70
71
71
71
72
72
72
72
72
73
73
73
74
74
74
74
74
75
75
76
76
76
77
77
77
77
78
78
80
80
81
81
81
81
81
81
82
83
83
83
84
84
85
85
85
85
85
85
86
86
86
87
87
88
88
89
89
90
90
90
91
91
91
92
92
93
94
96
97
98
98
98
99
100
100
100
100
100
101
101
102
103
103
103
103
105
105
105
105
106
106
106
107
107
107
107
107
107
108
109
110
110
112
112
113
114
115
116
117
118
118
118
118
119
119
120
120
120
120
121
122
122
122
122
122
123
123
123
123
123
123
124
124
125
125
125
125
127
127
127
128
128
128
129
129
129
130
130
130
130
130
130
130
131
131
132
132
132
132
132
133
134
134
138
138
139
141
141
141
143
143
143
144
144
144
144
144
145
145
146
146
146
147
148
148
148
149
149
150
150
150
151
151
151
152
152
152
152
154
154
157
158
158
159
159
160
160
160
161
161
161
161
161
162
162
162
162
162
164
164
164
164
165
165
165
166
167
167
167
167
167
167
167
168
168
169
169
169
170
170
171
171
171
171
172
172
172
172
172
173
173
173
174
174
174
174
174
174
175
175
175
175
175
175
175
175
176
176
176
176
177
178
178
178
178
178
178
178
179
180
181
182
182
182
183
183
183
184
184
184
184
184
184
184
185
186
187
187
187
187
188
189
189
189
189
189
189
191
191
192
193
193
195
195
196
196
196
198
199
199
199
199
200
200
201
201
202
202
203
203
203
205
206
206
208
209
209
210
210
211
211
211
211
211
211
211
212
212
212
212
212
212
212
212
213
213
213
214
214
214
215
215
215
215
215
215
215
216
216
216
217
217
217
217
217
217
217
217
218
218
218
218
218
218
218
218
219
219
219
219
219
219
220
220
220
220
220
221
221
221
221
222
223
224
224
224
224
224
224
224
224
225
225
225
228
228
230
231
231
231
232
232
232
233
234
234
235
236
237
237
238
238
238
238
238
239
239
239
240
240
240
240
241
241
241
242
243
243
243
244
244
244
244
244
245
246
246
246
246
246
246
246
248
249
249
249
249
250
250
250
250
250
250
251
251
251
252
252
252
254
254
254
254
254
254
255
256
256
256
256
256
257
257
257
257
257
258
258
260
261
262
263
264
264
264
264
265
265
266
267
267
267
268
271
271
271
272
272
274
274
274
275
275
275
276
277
277
278
279
279
279
280
281
281
281
281
282
282
282
284
284
286
286
286
286
286
287
287
287
287
287
287
288
288
288
288
289
290
290
290
290
290
291
291
293
293
293
293
293
293
294
294
296
297
297
298
298
298
299
299
299
299
299
299
299
299
299
300
300
301
301
301
301
301
302
302
302
302
303
303
303
304
304
305
305
305
306
306
306
306
307
307
307
307
307
307
308
308
309
309
309
309
309
309
309
310
310
310
311
312
312
312
312
313
313
314
315
316
316
316
317
317
317
318
318
318
318
319
319
319
320
321
322
323
324
324
325
325
327
328
329
330
330
330
331
331
333
333
334
337
338
339
340
340
341
341
341
342
342
345
345
345
345
350
351
351
351
351
351
352
353
354
355
360
360
360
361
362
362
363
363
364
364
364
365
365
367
367
367
367
368
368
369
370
370
372
372
372
373
374
375
376
376
376
377
377
377
377
377
378
378
378
378
378
379
379
380
380
381
382
383
383
383
383
383
384
384
384
384
385
385
385
385
385
386
387
387
387
387
388
388
390
390
391
391
392
392
392
393
393
396
396
396
397
398
398
401
402
402
402
403
403
404
404
404
406
406
406
407
408
408
408
408
409
410
410
410
411
411
411
411
413
413
413
414
414
415
415
415
415
416
416
416
417
417
418
418
418
418
419
420
421
423
423
424
424
424
426
428
429
429
429
431
432
433
435
435
435
436
438
440
441
444
444
444
446
446
452
454
454
460
462
462
462
465
465
466
467
467
468
468
468
468
469
475
475
476
480
482
490
493
497
499
499
515
523
527
528
528
530
533
533
534
535
538
542
547
555
555
560
561
561
561
562
562
564
566
566
568
569
569
569
572
572
575
575
577
577
582
583
584
584
585
587
588
589
589
590
591
593
594
595
595
595
596
597
599
605
605
606
612
615
618
622
622
622
625
629
629
630
633
634
638
644
644
645
647
648
654
656
657
657
658
659
661
664
664
665
666
666
667
667
670
670
671
671
671
671
671
671
671
672
672
673
674
674
674
674
674
675
675
676
678
678
679
681
682
682
683
684
686
687
688
688
689
689
689
690
690
690
691
691
691
691
691
694
694
694
695
695
696
696
696
697
697
697
698
698
699
700
700
701
701
702
704
705
705
706
709
709
710
711
712
713
714
714
717
717
719
720
721
721
722
722
724
725
726
726
729
729
730
730
730
734
735
735
735
735
737
738
739
740
740
740
741
741
741
742
742
742
742
744
747
748
748
752
754
754
754
754
755
755
756
756
757
757
757
757
757
759
763
764
765
767
769
770
771
771
774
778
779
779
788
792
793
795
797
803
803
805
809
816
817
819
819
820
823
823
824
824
825
825
829
829
829
830
831
831
832
832
833
833
833
833
833
833
834
834
835
837
837
837
838
838
840
840
841
841
842
843
843
844
845
845
846
846
846
847
849
849
850
850
850
850
852
852
853
853
854
855
855
856
857
858
859
859
860
861
863
866
868
868
869
870
870
870
870
871
872
878
892
896
898
898
899
900
906
906
907
908
909
913
913
915
917
917
919
919
921
922
922
922
922
923
923
924
924
924
924
926
926
927
927
927
928
930
930
931
931
931
931
932
933
934
934
934
935
936
937
938
939
939
940
940
940
940
941
941
941
943
947
947
947
948
948
948
952
953
956
959
961
963
964
970
971
976
977
977
977
977
978
978
979
979
981
981
986
988
988
990
993
995
996
996
996
997
1000
1000
1001
1001
1002
1002
1003
1003
1003
1004
1004
1005
1006
1006
1006
1007
1007
1007
1008
1008
1010
1010
1011
1011
1011
1012
1013
1014
1016
1016
1017
1017
1020
1023
1024
1024
1024
1024
1024
1025
1026
1026
1026
1026
1026
1027
1028
1028
1029
1029
1029
1030
1030
1030
1031
1031
1032
1032
1032
1033
1033
1033
1033
1033
1033
1034
1035
1036
1036
1036
1037
1037
1037
1037
1038
1038
1040
1040
1041
1042
1042
1043
1044
1044
1046
1047
1047
1047
1047
1049
1049
1049
1050
1051
1051
1051
1053
1053
1054
1054
1057
1057
1057
1057
1059
1059
1060
1061
1061
1062
1062
1062
1065
1066
1066
1067
1068
1070
1071
1072
1072
1073
1073
1080
1080
1084
1087
1089
1089
1089
1090
1098
1099
1100
1101
1109
1111
1112
1112
1115
1115
1115
1115
1115
1119
1121
1122
1123
1123
1127
1128
1133
1134
1138
1140
1143
1143
1147
1148
1149
1150
1154
1155
1160
1163
1164
1166
1167
1168
1168
1169
1171
1171
1171
1173
1177
1177
1178
1180
1180
1181
1183
1189
1190
1191
1191
1191
1191
1192
1192
1195
1196
1196
1196
1197
1197
1198
1199
1200
1200
1202
1203
1203
1203
1203
1207
1207
1208
1209
1214
1215
1215
1217
1217
1218
1218
1219
1231
1235
1235
1237
1237
1242
1243
1245
1247
1249
1250
1250
1253
1253
1254
1255
1257
1262
1264
1265
1265
1266
1267
1268
1273
1273
1274
1274
1275
1276
1276
1277
1280
1281
1282
1284
1284
1284
1286
1287
1289
1299
1302
1302
1306
1307
1308
1308
1311
1311
1312
1313
1316
1316
1318
1319
1322
1325
1325
1328
1328
1330
1332
1333
1333
1333
1335
1335
1335
1336
1336
1338
1340
1340
1341
1343
1348
1350
1353
1353
1357
1358
1358
1359
1359
1361
1361
1362
1363
1363
1365
1366
1367
1367
1367
1367
1368
1368
1369
1369
1370
1370
1371
1373
1373
1374
1374
1374
1375
1375
1375
1376
1377
1379
1380
1383
1384
1385
1386
1389
1394
1395
1396
1396
1396
1397
1398
1398
1399
1401
1402
1402
1403
1405
1407
1408
1409
1410
1411
1413
1416
1417
1419
1420
1420
1422
1424
1457
1496
1504
1515
1532
1552
1562
1570
1585
1603
1624
1634
1638
1639
1641
1649
1650
1660
1660
1661
1662
1668
1672
1691
1692
1693
1698
1699
1702
1703
1705
1707
1710
1713
1715
1718
1720
1721
1723
1726
1726
1726
1726
1728
1728
1728
1729
1729
1730
1731
1732
1733
1734
1734
1734
1738
1739
1741
1741
1745
1746
1747
1748
1750
1753
1753
1753
1754
1755
1756
1757
1757
1759
1759
1760
1760
1767
1769
1769
1770
1774
1778
1780
1783
1789
1790
1792
1793
1795
1798
1799
1801
1802
1803
1812
1814
1816
1817
1818
1819
1821
1821
1822
1822
1823
1825
1827
1827
1828
1828
1829
1830
1832
1833
1834
1834
1834
1835
1835
1836
1836
1838
1839
1839
1839
1839
1840
1841
1841
1842
1843
1845
1846
1847
1848
1848
1849
1850
1852
1853
1855
1855
1855
1855
1856
1856
1856
1857
1858
1858
1858
1859
1862
1862
1864
1865
1866
1867
1867
1867
1868
1868
1872
1873
1874
1874
1874
1875
1875
1876
1876
1877
1878
1879
1880
1881
1882
1883
1884
1884
1894
1899
1903
1905
1905
1905
1907
1908
1909
1910
1913
1915
1915
1924
1925
1926
1926
1932
1932
1938
1938
1940
1942
1942
1943
1944
1950
1951
1951
1953
1961
1961
1965
1967
1970
1971
1972
1974
1974
1976
1976
1979
1981
1981
1982
1982
1984
1984
1985
1985
1986
1988
1989
1990
1990
1990
1991
1992
1993
1994
1994
1995
1995
1996
1997
1998
2002
2004
2005
2008
2008
2009
2010
2014
2021
2026
2028
2035
2037
2037
2037
2039
2039
2046
2047
2047
2047
2049
2053
2054
2055
2057
2058
2058
2062
2063
2064
2066
2067
2068
2068
2069
2074
2074
2077
2084
2092
2093
2096
2101
2102
2104
2106
2107
2108
2112
2113
2113
2116
2116
2117
2117
2118
2118
2119
2123
2125
2128
2128
2128
2128
2131
2132
2133
2133
2133
2137
2138
2138
2140
2143
2145
2148
2150
2150
2151
2151
2151
2152
2153
2154
2154
2156
2157
2158
2158
2158
2159
2160
2161
2161
2163
2163
2163
2164
2167
2168
2169
2171
2173
2180
2182
2182
2183
2183
2189
2191
2192
2195
2197
2199
2201
2202
2202
2203
2204
2205
2205
2210
2211
2211
