0
2
2
3
3
3
4
4
4
4
5
5
6
6
6
7
7
7
8
8
8
8
8
8
9
9
9
9
9
9
9
9
10
10
10
10
11
11
11
11
11
11
11
11
12
12
12
12
12
13
13
13
13
13
13
14
14
14
14
14
14
14
14
14
16
16
16
16
16
16
16
16
17
17
17
17
17
17
18
18
20
22
23
23
25
25
26
28
28
29
31
31
31
32
32
33
34
34
34
34
35
35
36
36
36
36
38
38
38
39
40
41
41
42
43
43
44
44
45
46
47
47
47
47
48
48
48
49
49
49
49
49
49
50
50
50
51
53
53
53
54
54
55
55
55
55
55
55
56
56
56
57
57
57
58
58
58
58
58
59
59
59
60
60
61
61
61
61
61
62
62
62
62
62
63
64
64
64
64
64
65
65
65
65
66
66
66
66
67
67
67
68
68
68
70
70
70
71
71
72
72
72
73
73
73
73
73
73
73
74
75
75
76
76
76
76
77
77
77
78
78
78
78
78
79
79
79
79
79
80
81
81
81
81
81
82
82
82
82
82
83
83
84
84
86
86
86
86
87
87
87
87
88
89
89
89
89
89
90
91
91
92
94
94
94
96
96
96
96
97
97
98
99
99
99
99
100
100
100
101
101
102
102
102
103
103
104
106
106
107
107
108
108
108
108
109
109
109
109
110
110
110
111
111
111
112
112
113
113
113
114
114
115
116
116
116
117
119
122
122
122
123
123
123
123
123
124
124
125
125
125
125
125
125
125
126
126
126
126
126
126
126
127
127
127
127
127
128
129
129
129
129
130
130
131
131
131
132
134
134
134
134
135
135
135
135
135
136
136
137
137
138
138
138
139
139
139
139
140
141
142
142
143
143
144
144
145
145
145
146
146
146
147
147
147
147
147
147
147
148
148
148
148
148
148
149
149
149
149
149
149
149
149
149
150
150
150
150
150
151
151
151
151
152
152
152
152
152
153
153
153
153
153
153
153
153
155
156
156
156
157
157
157
157
158
158
158
159
160
160
160
160
161
162
162
163
164
164
164
164
165
166
166
167
167
167
168
168
168
168
169
169
169
170
170
171
171
171
171
171
172
173
174
174
175
175
175
175
175
176
176
176
177
177
177
177
177
178
179
179
179
180
180
181
181
181
182
182
182
183
183
184
184
184
184
184
185
185
186
187
187
187
187
188
188
188
188
188
189
189
189
189
189
189
190
190
190
190
190
190
191
191
191
191
192
193
193
193
194
194
194
195
195
198
198
199
200
200
202
202
203
203
204
204
204
204
205
205
205
205
205
205
205
205
205
205
205
206
206
207
207
208
208
209
209
210
210
210
210
211
211
212
212
212
212
213
213
213
213
215
216
216
217
218
218
219
219
220
221
222
222
222
223
223
224
224
224
224
224
224
224
225
225
225
226
226
226
226
226
226
227
227
227
227
228
229
229
230
232
233
233
235
235
236
237
237
237
237
238
238
238
239
239
239
239
240
240
240
240
242
242
242
242
243
244
244
244
244
245
245
245
245
246
246
247
247
249
249
250
250
250
250
251
251
251
251
251
251
252
252
252
253
253
254
254
254
255
255
257
258
258
258
258
258
259
259
259
260
260
260
260
261
261
261
261
261
261
261
262
262
262
263
263
263
264
264
265
265
266
266
266
266
266
267
267
267
267
267
267
268
269
270
271
271
272
272
273
274
274
274
274
274
275
276
276
276
276
277
277
277
277
277
277
278
278
279
279
279
280
280
281
282
282
282
283
283
284
284
285
286
286
286
287
288
288
289
289
290
290
290
291
291
291
291
291
292
292
292
292
293
293
293
293
293
294
294
295
295
295
295
295
295
296
296
297
297
297
297
297
298
298
298
298
299
299
299
300
300
301
301
302
302
304
304
304
305
306
306
306
306
306
306
306
306
307
307
307
307
308
308
308
308
309
311
312
313
313
313
313
313
313
314
314
314
315
316
316
317
318
318
318
319
320
320
321
321
322
322
323
324
324
325
325
325
325
326
326
327
327
327
327
327
327
328
328
328
328
328
329
330
330
330
330
330
331
331
331
331
331
332
332
333
333
333
333
334
334
335
335
335
335
335
335
335
336
336
336
336
336
339
339
339
339
339
340
341
341
342
342
343
343
343
346
349
350
351
351
355
355
356
356
356
361
361
362
363
363
363
364
364
367
368
370
370
370
370
370
372
372
373
373
373
373
373
374
375
375
376
377
378
378
379
379
379
380
381
382
382
384
385
387
388
388
388
388
388
389
390
391
392
392
392
392
393
394
395
395
395
396
397
397
397
398
398
398
398
400
401
402
403
403
404
405
407
408
408
410
411
413
414
416
416
417
419
419
420
421
421
421
422
422
423
423
423
424
424
424
425
427
427
427
427
428
428
428
428
429
429
430
430
430
431
431
431
432
432
432
433
433
434
434
437
438
440
440
440
441
441
442
442
443
443
444
444
445
445
446
446
446
446
447
447
447
448
449
450
451
451
453
454
454
457
457
457
458
458
458
458
459
459
461
462
464
464
464
466
466
467
467
467
468
469
469
470
470
470
471
471
472
472
472
473
473
473
474
474
474
474
475
476
476
477
477
477
478
478
479
479
480
481
482
482
482
483
483
483
483
485
485
485
485
487
489
489
489
489
489
490
490
490
491
491
492
492
493
493
493
493
494
494
495
496
496
497
497
497
501
501
502
502
502
503
504
505
505
506
506
507
507
507
507
507
507
508
509
509
509
509
510
512
513
514
515
516
516
516
516
518
519
519
520
521
521
521
521
522
522
522
522
522
523
524
524
524
529
530
534
536
543
544
545
547
547
548
548
548
548
549
549
550
551
551
551
551
552
553
553
553
553
554
554
555
559
560
561
562
562
563
564
565
570
570
570
573
573
573
576
578
581
590
590
590
593
603
604
610
624
625
626
626
628
628
628
628
629
634
634
634
635
639
641
641
641
641
642
646
648
648
649
650
650
651
651
655
656
656
659
667
668
672
678
685
701
730
731
733
733
733
734
750
752
758
765
765
766
768
768
769
769
770
770
772
772
773
775
776
777
777
778
780
783
783
784
785
785
786
786
787
790
790
791
792
792
792
796
798
802
803
803
806
807
809
809
810
815
816
819
821
822
823
823
825
825
827
830
834
839
839
839
839
842
843
843
844
846
846
849
849
851
851
853
855
857
857
857
858
858
860
864
864
868
869
871
872
875
877
878
881
882
882
891
894
896
896
896
898
899
899
900
900
901
902
902
903
903
903
904
906
906
906
907
907
909
910
911
911
911
912
912
912
912
912
912
912
914
914
915
915
916
916
916
916
917
917
917
919
920
920
920
921
923
923
925
925
925
926
926
927
927
928
929
929
930
931
931
934
934
936
936
936
937
937
938
938
939
940
940
940
942
942
942
943
943
943
943
943
944
944
945
945
945
945
945
947
947
948
948
948
949
949
951
952
953
953
953
953
956
956
957
959
960
960
960
962
962
962
963
964
964
964
965
965
966
968
969
970
971
972
972
974
974
975
976
977
977
978
979
979
981
985
987
988
988
988
989
990
991
991
993
995
996
997
1004
1009
1015
1022
1024
1026
1026
1026
1027
1027
1028
1029
1031
1033
1033
1033
1033
1034
1035
1035
1036
1037
1038
1040
1040
1041
1042
1043
1043
1045
1045
1046
1051
1053
1054
1061
1062
1065
1066
1066
1066
1067
1067
1071
1072
1074
1074
1075
1075
1076
1079
1080
1080
1081
1082
1082
1082
1083
1084
1084
1086
1088
1089
1089
1090
1099
1099
1099
1099
1100
1100
1100
1124
1130
1132
1137
1141
1141
1148
1148
1148
1149
1151
1154
1155
1158
1159
1160
1161
1161
1163
1163
1164
1167
1168
1175
1175
1177
1178
1180
1185
1186
1187
1187
1187
1187
1188
1192
1193
1193
1193
1193
1193
1193
1194
1195
1195
1195
1195
1195
1196
1196
1196
1196
1197
1197
1197
1197
1197
1197
1197
1197
1198
1199
1199
1199
1200
1201
1202
1205
1205
1206
1207
1209
1212
1217
1219
1219
1220
1220
1221
1221
1222
1222
1223
1223
1223
1223
1223
1224
1224
1226
1226
1227
1227
1227
1234
1236
1241
1243
1245
1247
1249
1250
1252
1253
1254
1254
1254
1255
1255
1257
1257
1257
1257
1258
1261
1263
1263
1268
1274
1276
1277
1278
1284
1286
1289
1290
1291
1292
1296
1296
1297
1297
1298
1298
1299
1299
1299
1299
1300
1302
1303
1304
1304
1305
1306
1308
1311
1311
1312
1316
1317
1320
1320
1322
1322
1323
1323
1323
1325
1327
1328
1328
1329
1330
1330
1330
1330
1330
1332
1332
1333
1334
1335
1335
1337
1338
1338
1339
1340
1343
1343
1343
1345
1345
1345
1345
1346
1346
1346
1348
1348
1350
1351
1353
1353
1354
1354
1355
1356
1358
1361
1363
1363
1364
1365
1365
1365
1366
1366
1366
1366
1367
1369
1372
1373
1374
1374
1374
1376
1376
1376
1380
1380
1380
1382
1384
1386
1389
1390
1392
1392
1396
1399
1402
1404
1408
1409
1410
1413
1416
1428
1433
1459
1501
1505
1505
1506
1509
1511
1514
1517
1518
1520
1521
1525
1527
1527
1530
1536
1537
1538
1546
1547
1547
1548
1549
1549
1572
1572
1573
1574
1577
1577
1580
1582
1582
1583
1587
1591
1591
1592
1592
1598
1599
1601
1604
1606
1606
1608
1610
1610
1612
1614
1614
1615
1617
1617
1618
1619
1619
1619
1620
1621
1621
1621
1626
1627
1631
1631
1632
1648
1659
1678
1687
1690
1722
1723
1750
1763
1792
1800
1808
1810
1812
1819
1820
1822
1824
1826
1827
1834
1835
1836
1838
1846
1846
1848
1848
1849
1849
1853
1855
1856
1857
1857
1858
1859
1861
1863
1863
1864
1864
1865
1866
1866
1866
1867
1868
1869
1870
1870
1872
1873
1875
1877
1878
1878
1882
1882
1893
1893
1896
1901
1903
1906
1907
1913
1914
1917
1922
1923
1928
1928
1931
1944
1962
1963
1964
1964
1965
1966
1977
1998
2004
2004
2004
2006
2007
2015
2018
2024
2032
2033
2034
2034
2035
2038
2038
2038
2041
2096
2101
2105
2113
2113
2114
2114
2114
2132
2139
2140
2144
2145
2154
2165
2167
2169
2170
2171
2175
2178
2183
2185
2186
2189
2190
2197
2197
2199
2199
2205
2208
2208
2209
2210
2213
2214
2220
2221
2221
2222
2223
2224
2225
2226
2227
2229
2231
2241
2242
2243
2261
2262
2262
2263
2267
2269
2277
2278
2278
2283
2294
2298
2307
2314
2351
2392
2395
2397
2399
2407
2408
2550
2550
2552
2594
2598
2600
2600
2601
2610
2612
2639
2644
2644
2671
2690
2702
2702
2713
2750
2751
2754
2755
2756
2757
2769
2798
2800
2800
2807
2811
2829
2832
2835
2836
2841
2847
2874
2874
3068
3068
3068
3069
3070
3072
3072
3075
3075
3075
3075
3075
3076
3076
3077
3081
3087
3108
3271
3277
3280
3284
3292
3292
3294
3296
3296
3297
3299
3303
3303
3304
3305
3306
3306
3307
3308
3308
3309
3310
3310
3314
3318
3440
3451
3456
3457
3457
3472
3479
3514
3514
3515
3518
3519
3533
3543
3544
3554
3555
3558
3558
3587
3589
3592
3597
3598
3598
3600
3602
3602
3609
3609
3610
3614
3614
3615
3615
3616
3616
3617
3617
3618
3622
3628
3634
3634
3639
3641
3641
3643
3645
3656
3665
3671
3732
3734
3745
3748
3752
3753
3754
3757
3769
3770
3772
3773
3775
3775
3775
3775
3778
3781
4080
4084
4085
4090
4104
4107
4112
4115
4117
4117
4118
4119
4120
4123
4128
4131
4132
4148
4151
4282
4311
4331
4336
4386
4398
4517
4598
4599
4606
4678
4681
4681
4684
4687
4692
4697
4924
4926
4926
4926
4932
4936
4938
5027
5067
5067
5099
5104
5111
5115
5120
5120
5121
5131
5132
5137
5137
5141
5142
5142
5145
5145
5147
5149
5149
5149
5150
5159
5160
5160
5350
5372
5372
5374
5378
5381
5382
5384
5385
5386
5387
5389
5390
