0
2
2
2
3
3
3
4
4
4
4
4
5
6
6
7
8
8
8
8
8
9
9
9
9
9
9
10
10
10
10
10
10
10
10
11
11
11
11
11
11
11
12
12
12
12
12
13
13
13
13
13
13
13
13
13
13
14
14
14
14
14
15
15
15
15
15
15
15
15
15
15
16
16
16
16
16
16
16
16
16
16
16
17
17
17
17
17
18
18
18
20
21
21
21
21
21
22
22
22
23
23
23
23
24
24
24
24
24
24
25
26
27
29
29
29
30
30
31
31
31
32
32
32
32
32
33
33
33
34
34
36
37
38
39
39
39
40
41
42
42
44
44
44
45
46
48
49
50
51
54
55
56
56
57
57
57
59
60
60
60
60
61
61
62
63
63
64
64
65
65
66
66
67
67
67
67
67
67
67
67
67
67
67
67
67
68
68
68
68
69
69
69
69
69
69
69
69
70
70
70
70
70
70
70
71
71
71
71
72
72
72
72
73
73
73
74
75
75
76
76
76
76
77
77
78
78
78
78
79
79
79
79
81
81
81
82
82
82
83
86
86
86
86
87
87
87
87
88
88
89
89
89
90
90
90
91
93
93
93
94
95
95
95
95
96
96
96
96
96
96
96
97
97
97
98
98
98
98
98
98
99
99
99
99
99
100
101
101
102
102
102
103
104
104
105
106
106
106
107
108
108
108
109
109
109
109
109
109
109
110
110
110
111
111
111
111
112
112
112
112
112
112
113
113
113
113
114
114
115
116
116
117
117
117
118
118
119
119
119
121
121
121
122
123
123
123
124
124
124
125
125
126
126
127
127
127
127
128
129
129
129
129
129
131
132
133
134
134
134
135
136
136
137
138
138
138
140
140
140
140
144
144
144
145
145
145
146
146
147
147
147
147
148
148
149
150
151
151
153
155
155
155
157
158
159
159
160
161
161
162
163
163
163
164
165
166
166
167
167
167
167
167
167
168
168
168
168
168
168
169
169
169
169
169
170
170
170
170
170
170
170
170
170
172
173
173
173
174
174
175
176
176
177
177
178
178
178
178
179
179
180
180
181
181
181
181
181
183
185
185
185
185
186
186
186
187
187
187
187
188
188
188
188
189
189
189
190
192
192
192
192
193
193
193
193
194
194
195
196
197
198
199
199
200
200
200
201
201
201
201
202
202
202
202
202
203
203
204
206
207
208
208
210
210
210
210
210
210
210
212
213
213
214
214
215
216
216
217
217
218
220
220
220
221
222
223
223
224
224
224
224
224
224
225
225
225
226
226
226
226
226
227
227
229
229
229
229
230
231
231
232
233
233
233
233
234
234
234
234
234
234
234
235
238
238
238
238
239
239
239
239
240
241
242
243
243
244
245
246
248
248
249
249
250
250
250
250
250
250
250
251
251
251
251
251
252
252
252
252
252
253
253
254
254
255
256
257
258
258
259
259
259
259
259
260
260
261
261
261
263
263
263
264
264
265
267
268
269
269
269
271
272
273
273
274
274
274
274
275
275
275
276
276
276
277
277
279
280
281
282
282
283
283
283
284
284
284
287
288
291
291
291
291
292
292
292
292
292
293
294
294
294
296
296
296
297
297
298
298
299
299
300
300
302
303
304
304
306
307
307
308
308
308
309
309
309
310
311
312
314
316
317
318
319
319
319
320
320
321
324
324
325
326
326
326
327
330
330
330
331
332
333
333
336
337
337
337
338
338
339
340
340
340
341
341
341
342
342
344
345
345
346
346
346
347
347
347
347
347
348
351
351
351
351
351
352
352
352
353
353
355
355
355
355
356
356
356
356
358
358
360
361
362
362
362
362
362
363
364
364
364
366
366
367
367
367
367
367
367
367
368
368
372
372
373
373
374
374
375
375
376
377
378
379
379
380
380
380
382
382
383
385
385
389
389
390
392
393
394
395
396
397
397
398
399
399
403
403
404
404
404
406
406
408
409
410
411
412
412
412
413
413
413
413
414
415
415
415
416
416
417
417
418
419
420
420
424
425
426
426
427
427
428
431
431
432
432
434
436
438
438
440
440
441
445
445
447
447
448
449
449
450
450
450
450
450
450
450
450
452
452
452
453
454
454
454
455
455
456
456
457
458
458
459
459
459
459
459
460
460
460
461
462
463
463
463
463
463
463
464
464
465
466
466
466
468
468
468
468
469
469
470
471
472
475
475
476
476
477
477
477
477
478
478
479
480
481
481
482
483
484
485
486
488
489
489
490
491
492
492
492
492
492
492
493
493
493
494
494
494
497
497
497
497
498
498
498
499
500
501
501
501
501
501
501
505
506
507
510
510
511
511
512
512
513
513
513
514
514
515
515
515
516
516
516
516
517
517
517
518
518
519
521
521
521
521
521
521
521
521
522
523
523
523
523
523
524
525
525
525
525
525
527
527
527
527
528
530
530
530
531
531
531
531
531
532
532
532
532
533
533
533
533
533
533
534
534
534
534
535
535
537
537
538
539
540
540
541
542
543
544
544
545
547
551
551
552
553
555
556
556
556
557
557
557
558
558
559
559
559
560
560
560
561
561
561
561
562
562
562
563
564
564
565
565
565
566
567
567
567
568
568
571
573
573
574
575
576
577
577
578
579
580
580
580
580
581
582
582
582
582
583
584
584
586
587
587
587
588
588
589
591
592
592
593
593
594
595
595
596
598
599
601
602
607
609
610
612
612
614
615
616
616
617
617
617
618
620
621
621
622
623
624
624
624
624
625
627
628
628
631
635
635
636
636
636
637
637
638
639
640
641
644
644
644
645
647
650
650
651
651
652
652
653
653
653
654
654
655
655
655
655
656
656
657
657
657
658
659
661
662
664
667
667
667
667
669
676
681
681
681
681
683
688
697
698
698
699
700
701
701
702
703
704
705
705
705
706
709
710
711
712
714
717
717
717
717
720
722
727
727
731
733
733
735
736
736
736
740
741
742
743
746
746
747
748
748
749
750
754
754
757
761
762
762
762
762
763
763
764
764
766
767
770
771
772
776
777
778
778
781
783
788
789
789
789
790
791
793
795
795
796
796
797
798
798
800
803
803
804
807
807
808
809
810
811
811
812
812
813
813
813
814
814
815
815
816
817
817
817
819
819
819
821
821
822
822
822
822
824
824
824
825
825
827
827
827
828
829
830
831
831
833
834
835
835
835
836
836
837
837
839
839
839
840
840
840
841
841
841
842
842
842
842
843
843
843
843
844
844
844
844
844
845
845
846
846
846
846
847
847
847
848
848
849
850
851
851
852
852
853
853
854
855
855
855
856
857
858
858
858
859
860
860
860
861
863
864
864
864
865
866
867
868
869
871
871
871
872
872
872
873
874
874
874
875
875
877
877
879
879
879
879
883
883
883
884
885
886
887
888
890
891
892
892
893
893
894
894
894
894
896
898
898
899
901
901
902
903
904
904
904
905
906
906
907
908
908
908
908
908
908
910
912
912
913
913
913
915
915
916
916
916
918
918
918
919
919
919
920
922
924
925
925
925
927
927
928
929
932
932
933
936
936
937
937
938
938
939
940
940
940
940
941
941
942
942
943
943
944
944
945
946
947
948
949
949
950
951
951
951
953
953
954
954
954
954
954
956
957
960
960
961
961
963
965
965
967
967
968
971
972
972
975
975
975
977
977
978
979
980
982
988
988
989
991
991
993
994
994
994
998
998
999
999
999
1000
1000
1001
1001
1002
1003
1004
1004
1004
1005
1005
1006
1007
1007
1008
1010
1010
1011
1012
1013
1013
1013
1014
1014
1015
1015
1016
1016
1016
1016
1017
1017
1017
1018
1021
1021
1022
1023
1023
1023
1024
1024
1025
1025
1026
1026
1027
1031
1042
1044
1046
1049
1063
1066
1066
1067
1068
1068
1070
1079
1083
1086
1087
1088
1088
1088
1089
1090
1096
1096
1101
1102
1102
1102
1103
1103
1104
1105
1109
1110
1113
1114
1115
1117
1117
1118
1119
1119
1122
1125
1126
1126
1128
1132
1133
1134
1135
1136
1136
1136
1137
1137
1139
1140
1141
1145
1147
1147
1148
1151
1151
1152
1152
1153
1154
1154
1155
1156
1156
1156
1158
1159
1161
1165
1166
1169
1169
1170
1170
1170
1172
1173
1173
1176
1178
1179
1179
1180
1180
1180
1181
1181
1184
1184
1185
1185
1186
1187
1187
1187
1188
1188
1188
1188
1188
1189
1189
1190
1190
1191
1192
1192
1192
1192
1193
1196
1196
1199
1199
1200
1201
1202
1202
1202
1202
1203
1204
1204
1204
1205
1208
1209
1209
1210
1210
1210
1210
1211
1214
1214
1217
1217
1218
1219
1219
1220
1220
1221
1221
1223
1224
1224
1224
1224
1225
1227
1227
1227
1228
1228
1229
1229
1229
1232
1232
1232
1232
1233
1233
1233
1234
1234
1234
1234
1235
1235
1236
1237
1237
1237
1237
1238
1238
1240
1241
1242
1242
1244
1244
1245
1245
1246
1246
1247
1248
1248
1248
1251
1253
1253
1254
1255
1255
1256
1257
1258
1259
1261
1261
1261
1262
1263
1263
1265
1268
1273
1278
1279
1279
1285
1289
1320
1356
1356
1359
1360
1361
1361
1361
1364
1388
1392
1397
1398
1400
1401
1402
1404
1408
1408
1410
1411
1443
1456
1456
1467
1468
1479
1485
1486
1498
1499
1500
1501
1502
1502
1506
1508
1516
1516
1518
1518
1518
1519
1519
1519
1520
1527
1529
1529
1530
1533
1535
1538
1539
1542
1545
1553
1560
1561
1561
1567
1570
1570
1570
1572
1574
1575
1576
1577
1578
1579
1584
1587
1587
1587
1588
1588
1589
1590
1590
1592
1594
1594
1594
1594
1595
1597
1598
1599
1600
1604
1606
1610
1612
1612
1628
1628
1635
1638
1639
1644
1644
1646
1649
1650
1653
1655
1661
1668
1670
1671
1673
1673
1674
1675
1681
1681
1681
1685
1686
1687
1692
1695
1704
1708
1708
1709
1714
1717
1722
1727
1745
1748
1749
1754
1754
1754
1754
1759
1762
1773
1776
1785
1788
1789
1789
1793
1795
1803
1803
1805
1807
1810
1811
1813
1815
1817
1817
1819
1820
1821
1821
1822
1825
1826
1828
1829
1831
1833
1834
1834
1835
1838
1839
1840
1847
1848
1850
1852
1856
1858
1860
1861
1862
1862
1862
1863
1863
1863
1863
1865
1866
1868
1868
1869
1869
1870
1871
1872
1875
1875
1877
1877
1878
1879
1879
1881
1883
1885
1885
1885
1886
1886
1887
1888
1889
1889
1889
1890
1890
1892
1892
1893
1895
1897
1897
1899
1899
1899
1899
1899
1903
1904
1906
1909
1909
1909
1912
1914
1914
1915
1918
1921
1921
1923
1923
1924
1930
1930
1934
1935
1936
1937
1939
1940
1944
1945
1946
1947
1948
1948
1948
1951
1951
1952
1955
1958
1961
1963
1964
1964
1966
1969
1970
1975
1979
1983
1985
1990
1990
1998
2000
2003
2004
2006
2012
2013
2015
2016
2017
2021
2022
2029
2036
2037
2038
2045
2045
2050
2050
2051
2053
2070
2074
2077
2079
2080
2080
2081
2083
2089
2097
2121
2136
2136
2145
2146
2151
2158
2163
2163
2167
2169
2171
2171
2171
2173
2177
2178
2183
2185
2185
2185
2188
2190
2195
2209
2210
2212
2213
2225
2225
2227
2227
2228
2228
2230
2233
2235
2236
2237
2238
2239
2239
2247
2249
2249
2254
2254
2259
2261
2261
2265
2266
2271
2273
2275
2276
2281
2281
2283
2288
2290
2290
2291
2291
2293
2294
2298
2298
2298
2301
2302
2302
2305
2305
2306
2306
2306
2308
2308
2308
2315
2316
2318
2321
2323
2334
2337
2364
2372
2374
2378
2380
2381
2389
2403
2411
2416
2418
2419
2420
2425
2429
2429
2430
2430
2431
2432
2433
2433
2437
2439
2441
2442
2448
2450
2453
2458
2462
2492
2498
2502
2505
2508
2508
2509
2511
2513
2514
2514
2514
2516
2518
2519
2519
2523
2524
2524
2527
2535
2539
2545
2553
2555
2558
2560
2563
2575
2690
2690
2691
2693
2715
2765
2769
2774
2779
2782
2786
