0
2
2
2
3
4
4
4
4
5
5
5
5
6
6
6
6
7
7
8
8
10
10
10
10
11
11
11
11
12
12
13
13
13
13
13
13
14
14
14
14
14
14
15
15
15
15
15
16
16
16
16
16
16
16
17
17
17
17
17
17
17
17
18
18
18
18
19
19
20
20
20
20
20
21
21
21
21
21
21
21
21
22
22
22
23
23
23
23
23
24
24
24
24
24
25
25
26
27
27
28
28
28
28
28
29
29
30
31
31
31
31
31
31
31
32
33
33
33
34
34
34
35
35
37
38
40
40
40
40
41
41
41
42
42
43
43
43
43
43
44
44
44
45
45
45
46
46
46
47
47
47
47
48
48
48
49
49
49
50
50
50
51
51
51
51
52
53
53
53
54
54
55
55
55
55
56
56
57
57
60
61
61
61
61
62
62
62
62
63
63
63
64
65
66
67
70
70
70
71
72
72
73
73
73
74
74
74
74
75
75
75
75
75
75
76
76
76
76
76
76
77
78
78
78
78
78
79
80
80
80
81
82
82
83
84
84
85
85
85
86
87
87
87
87
88
88
88
88
89
89
91
91
92
92
93
93
94
96
97
97
98
98
98
100
100
100
102
102
104
104
104
105
106
106
106
107
107
107
108
108
108
108
109
109
110
111
111
112
112
112
113
113
113
113
113
116
116
116
117
117
118
119
119
120
121
121
121
122
122
123
123
123
124
124
124
125
126
126
126
128
128
128
128
129
129
129
130
132
132
132
132
132
134
134
135
135
136
136
136
136
137
137
137
138
139
139
139
139
140
140
140
141
141
141
142
142
143
143
143
144
145
145
145
146
146
146
146
147
147
148
148
148
148
148
149
149
149
149
150
151
151
151
151
152
152
152
153
153
153
153
153
153
154
154
154
154
155
156
156
156
156
157
157
158
159
159
159
160
160
160
160
160
160
160
161
161
161
161
161
162
162
162
162
162
162
162
162
162
162
163
163
163
164
164
164
164
165
165
165
165
165
165
165
165
165
166
166
167
167
167
167
168
168
168
169
169
170
172
173
174
174
175
176
176
176
176
176
178
178
179
179
180
180
180
180
181
183
183
185
185
186
186
186
187
188
189
189
190
192
193
194
194
195
196
197
197
197
198
199
199
200
201
201
202
202
203
203
204
205
205
207
208
208
209
209
210
210
211
211
211
212
213
213
213
214
215
215
217
217
218
218
219
219
220
220
221
221
223
223
223
223
224
224
225
225
225
227
228
228
228
229
231
231
231
232
233
233
234
234
235
235
235
236
236
236
236
237
237
237
237
237
238
238
238
239
239
239
240
240
240
241
241
241
242
242
242
243
244
245
245
248
248
248
249
249
250
250
250
250
254
254
255
256
256
257
257
257
258
258
258
260
260
260
260
260
262
262
262
263
263
263
263
263
264
264
264
265
266
267
269
270
271
273
273
274
274
274
274
276
276
277
277
279
279
280
280
281
281
282
282
283
284
284
284
284
284
284
285
285
286
286
287
287
288
288
288
288
289
289
291
292
292
292
292
292
293
293
293
293
293
294
294
295
295
295
295
295
296
296
296
296
296
296
296
296
297
297
297
297
298
298
298
298
298
298
299
299
300
300
301
301
302
304
305
306
306
306
307
307
307
307
307
308
308
308
309
309
309
309
310
310
310
310
310
310
310
310
310
310
310
311
311
312
312
312
312
312
312
312
312
313
313
313
313
313
314
314
314
315
315
315
315
315
315
315
315
315
315
316
316
316
316
316
317
317
317
319
320
320
321
322
322
323
323
324
325
325
325
325
326
326
326
326
327
327
328
328
331
331
332
332
333
333
333
334
334
334
335
336
337
337
339
339
340
340
341
341
341
341
342
342
343
343
343
343
343
344
344
345
346
346
347
348
348
349
349
350
350
354
354
354
356
356
356
357
357
357
357
358
358
359
359
360
360
361
361
361
362
363
363
364
364
364
365
366
366
367
367
367
368
369
370
370
370
371
372
375
375
376
379
379
380
381
381
382
382
383
383
383
384
384
385
385
386
387
387
388
388
389
390
390
390
391
391
391
392
393
393
394
394
394
394
395
395
396
398
398
398
399
400
400
400
400
401
401
401
402
402
402
403
403
403
403
405
407
407
408
408
408
409
409
410
410
410
411
412
412
413
413
413
413
413
414
414
415
416
416
417
417
418
418
418
418
418
418
419
419
419
420
420
420
420
420
420
421
421
421
421
421
421
421
421
421
422
422
422
422
422
422
422
422
423
424
425
425
425
426
426
426
426
426
426
427
428
428
430
430
430
430
431
431
431
431
431
432
432
432
433
433
433
434
434
434
434
435
435
435
435
436
437
439
439
439
440
440
440
441
441
441
441
442
442
443
443
443
443
444
444
445
445
445
445
446
447
447
448
448
449
450
451
451
451
451
451
452
452
452
453
453
453
454
454
454
455
455
455
456
456
457
457
458
459
461
462
463
463
465
465
465
466
466
466
466
468
469
470
471
471
473
473
474
476
476
476
476
476
477
477
478
480
480
480
480
480
480
480
481
481
482
482
482
483
483
483
483
484
484
484
484
485
487
487
487
488
489
489
489
489
489
490
490
490
490
491
491
492
492
493
494
494
494
495
495
496
496
496
496
497
497
498
498
498
499
500
500
500
501
501
501
502
502
502
502
503
503
504
504
504
504
504
504
505
505
506
506
507
507
507
507
508
508
508
509
509
510
511
511
511
511
511
512
512
514
514
515
515
515
516
517
518
519
522
523
523
523
523
524
524
525
526
526
527
527
527
527
527
528
528
529
529
530
530
530
531
531
533
533
534
535
535
535
535
535
535
536
537
539
541
541
541
541
542
542
542
543
543
545
545
545
546
546
550
551
551
551
553
553
553
555
555
555
555
555
556
558
559
561
561
564
565
567
567
568
569
572
572
572
573
576
576
576
577
577
578
578
582
583
585
585
585
594
597
600
600
602
603
604
607
607
609
613
615
617
617
617
618
618
618
619
619
619
620
620
621
621
621
621
621
622
622
622
623
626
627
627
627
627
628
633
635
635
636
636
637
637
637
637
638
638
639
639
640
640
641
641
641
642
642
643
644
645
659
660
661
662
662
663
664
664
665
666
667
667
668
668
668
669
669
669
669
669
669
669
670
670
670
670
671
671
672
673
673
674
674
674
675
675
675
675
676
677
677
677
678
678
679
679
679
679
680
680
680
681
681
681
681
683
684
684
685
685
686
686
687
687
687
687
687
687
688
688
688
688
688
689
689
690
690
690
691
691
692
692
696
696
697
698
699
699
701
701
702
703
706
708
710
711
711
711
712
712
712
712
712
714
715
716
716
716
719
720
725
725
726
726
728
731
732
733
733
734
734
735
735
736
736
736
736
736
737
737
737
738
742
742
742
743
743
743
743
743
744
745
748
749
750
751
751
754
755
755
756
757
757
757
758
759
760
762
762
762
763
764
764
765
765
766
766
766
767
767
767
767
768
768
770
770
771
771
773
774
775
775
775
775
775
776
776
776
777
778
778
779
779
779
779
780
780
781
781
782
782
782
782
782
783
783
784
785
785
785
785
786
786
786
788
791
791
791
791
792
792
793
794
794
795
795
795
796
798
798
799
799
800
801
801
805
806
807
807
807
807
807
808
810
811
812
812
812
812
813
815
815
816
817
817
817
818
819
820
821
822
822
823
824
824
825
825
826
826
826
826
826
826
826
826
827
827
828
828
829
830
830
831
832
832
832
832
832
832
833
833
833
834
835
837
840
841
842
842
842
842
843
844
844
844
845
847
848
849
849
849
849
849
850
852
852
852
853
853
853
853
853
854
854
854
854
855
856
856
856
857
857
858
859
859
860
860
861
862
863
863
863
864
865
866
868
870
871
875
879
883
888
893
894
898
901
902
902
903
904
904
904
904
905
907
908
908
908
908
909
910
912
912
913
914
915
923
924
924
925
925
927
927
928
933
934
935
936
936
940
941
941
942
942
942
943
945
947
948
949
950
950
953
953
956
957
960
960
960
960
963
963
966
967
968
969
971
975
981
981
981
982
989
992
994
995
995
1012
1019
1024
1036
1039
1039
1040
1040
1041
1041
1049
1052
1053
1056
1062
1064
1066
1068
1068
1068
1068
1069
1070
1072
1072
1072
1072
1073
1073
1073
1074
1075
1075
1076
1076
1081
1081
1082
1085
1088
1090
1091
1091
1091
1094
1094
1095
1095
1096
1098
1100
1100
1100
1101
1102
1103
1104
1105
1107
1107
1107
1108
1108
1108
1110
1114
1114
1116
1116
1116
1120
1134
1141
1142
1155
1161
1167
1185
1186
1191
1197
1199
1200
1200
1201
1202
1203
1205
1206
1213
1214
1215
1216
1216
1217
1222
1239
1240
1243
1243
1245
1246
1254
1270
1274
1288
1288
1288
1288
1288
1288
1289
1289
1289
1289
1289
1290
1292
1293
1293
1293
1294
1296
1296
1297
1298
1299
1300
1301
1301
1301
1303
1305
1310
1313
1313
1320
1320
1320
1321
1322
1322
1324
1325
1333
1340
1356
1367
1368
1370
1373
1378
1378
1381
1384
1426
1427
1430
1435
1446
1446
1446
1447
1447
1455
1513
1535
1535
1547
1612
1650
1661
1683
1689
1691
1696
1696
1697
1697
1697
1697
1697
1697
1700
1703
1703
1704
1710
1712
1716
1717
1722
1722
1722
1723
1726
1727
1731
1732
1733
1733
1735
1738
1739
1742
1743
1743
1744
1744
1745
1749
1752
1754
1757
1757
1758
1759
1760
1761
1762
1763
1764
1765
1767
1770
1771
1773
1775
1776
1776
1777
1778
1778
1779
1779
1779
1779
1780
1781
1781
1782
1782
1783
1784
1785
1786
1786
1787
1787
1787
1789
1790
1790
1791
1794
1795
1795
1796
1796
1799
1801
1809
1814
1817
1821
1822
1824
1827
1836
1839
1839
1839
1845
1853
1853
1869
1872
1875
1879
1879
1880
1890
1899
1906
1915
1942
1944
1945
1946
1946
1951
1951
1955
1957
1957
1961
1961
1963
1965
1980
1984
2015
2015
2027
2027
2029
2030
2030
2032
2033
2033
2037
2038
2045
2046
2054
2055
2056
2084
2085
2088
2093
2095
2095
2103
2104
2107
2109
2109
2110
2110
2116
2116
2117
2117
2120
2122
2123
2123
2123
2125
2125
2125
2127
2127
2129
2133
2133
2139
2144
2145
2145
2145
2146
2146
2153
2157
2157
2170
2192
2193
2193
2262
2266
2385
2388
2392
2394
2394
2395
2396
2401
2406
2407
2409
2411
2421
2424
2526
2535
2536
2538
2543
2549
2592
2731
2733
2738
2745
2752
2758
2759
2770
2814
2814
2814
2814
2818
2818
2819
2821
2823
2824
2827
2830
2846
2849
2856
2856
2859
2868
2874
2876
2885
2889
2923
2926
2945
2949
3078
3094
3099
3105
3111
3113
3119
3124
3125
3132
3132
3134
3134
3134
3137
3138
3141
3145
3145
3147
3147
3148
3149
3150
3152
3153
3153
3154
3154
3156
3157
3158
3162
3166
3168
3169
3171
3178
3182
3196
3198
3198
3198
3199
3201
3201
3214
3217
3218
3219
3235
3237
3239
3240
3241
3241
3245
3282
3333
3333
3336
3337
3339
3342
3343
3344
3345
3347
3368
3368
3381
3451
3453
3465
3529
3544
3559
3593
3631
3690
3694
3697
3699
3699
3704
3714
3714
3714
3714
3718
3738
3739
3743
3747
3748
3749
3751
3753
3753
3754
3756
3773
3773
3774
3777
3781
3784
3789
3790
3791
3800
3819
3827
3832
3842
3859
3876
3877
3881
3881
3884
3890
3897
3899
3934
3938
3939
3997
4193
4193
4198
4212
4237
4237
4261
4268
4269
4269
4275
4276
4279
4282
4283
4283
4291
4351
4356
4366
4382
4392
