0
2
2
3
3
4
4
5
6
6
6
7
7
9
11
13
15
15
16
16
17
18
18
19
19
19
20
20
20
20
20
21
21
21
21
21
22
23
24
24
24
25
25
25
25
25
25
25
25
25
26
26
26
26
26
26
26
27
27
27
27
28
28
29
29
29
30
30
30
30
30
30
31
31
32
32
33
33
34
35
35
35
36
36
37
37
38
38
38
39
39
39
40
40
40
40
40
41
41
42
43
45
46
46
46
48
48
48
49
49
49
49
51
52
52
53
54
54
56
59
59
62
63
63
63
64
64
66
67
67
69
70
70
72
73
74
74
74
76
76
80
80
80
81
81
82
82
82
83
83
83
83
84
88
89
92
92
93
93
93
93
93
94
94
94
95
95
100
100
102
104
107
107
108
109
109
109
109
109
109
111
111
111
113
113
113
115
116
118
119
120
124
126
126
127
127
128
128
128
128
128
129
131
133
133
133
133
134
134
134
136
137
137
137
137
138
139
142
142
142
142
143
147
147
147
149
150
152
152
152
152
152
153
155
155
155
155
156
156
156
156
157
161
162
162
163
163
166
167
169
172
172
175
175
175
175
175
176
176
176
176
177
180
180
180
184
184
186
187
188
190
192
192
192
193
195
196
198
198
199
200
200
200
202
203
203
206
209
209
211
211
213
214
214
214
215
215
215
215
216
217
217
218
219
219
219
219
220
220
220
220
221
221
221
222
224
226
229
231
232
232
233
233
233
233
233
235
235
235
236
236
236
237
237
239
239
242
244
244
244
245
245
245
247
247
248
250
256
258
260
260
265
266
268
270
271
276
282
283
283
283
284
284
284
286
286
289
290
291
293
293
293
297
309
310
314
323
323
329
330
332
339
343
351
353
362
369
376
376
378
380
386
392
403
406
409
411
415
415
417
419
419
423
424
425
428
429
433
434
436
437
440
441
446
446
446
447
457
457
458
461
462
463
464
464
472
483
483
484
485
487
488
489
489
494
494
498
499
499
499
500
500
501
501
501
504
504
504
505
506
506
506
508
509
509
509
510
511
515
515
515
516
517
517
518
518
518
519
521
522
522
523
523
524
528
528
530
534
535
536
539
542
547
547
547
549
553
554
556
559
559
559
560
561
564
564
565
565
565
566
567
567
568
568
570
571
571
571
578
578
579
579
580
600
602
604
608
608
609
609
615
616
616
617
618
618
618
618
620
621
621
622
622
622
624
625
625
625
626
626
626
626
627
627
630
631
633
633
633
634
635
635
635
635
636
637
638
638
638
638
638
639
641
643
643
643
643
643
644
645
645
645
645
646
646
646
647
647
648
648
649
650
651
651
652
652
652
652
654
656
657
659
659
660
661
661
662
664
665
666
668
670
672
672
673
674
675
676
676
677
681
681
681
683
683
683
683
684
684
684
685
687
687
687
688
690
692
693
694
697
698
698
698
699
701
703
705
706
706
707
707
708
709
710
712
713
717
719
722
726
726
726
726
726
726
727
727
729
729
729
729
730
730
730
734
734
735
735
735
735
740
742
744
748
748
749
754
756
757
757
757
760
761
768
769
769
771
775
776
776
778
782
785
786
787
788
789
790
793
793
794
795
796
797
797
799
799
800
800
801
801
801
802
802
803
803
804
805
806
807
809
810
811
813
813
814
815
817
827
827
838
839
841
841
842
842
844
850
850
855
859
859
859
861
863
865
866
868
868
869
876
886
890
891
899
899
901
902
903
905
906
914
915
916
919
920
921
922
923
923
924
925
925
927
927
928
929
930
930
932
932
932
933
935
937
940
941
942
943
943
944
944
957
958
958
959
961
968
971
971
972
977
977
981
981
981
981
982
983
984
986
986
986
986
988
989
990
990
990
990
992
993
993
993
993
995
995
997
997
998
998
999
999
1000
1000
1000
1001
1001
1003
1005
1006
1007
1009
1009
1009
1010
1010
1010
1010
1012
1016
1016
1018
1019
1023
1025
1027
1029
1029
1032
1035
1036
1037
1037
1041
1041
1043
1044
1044
1046
1046
1047
1049
1051
1051
1055
1055
1057
1059
1059
1062
1063
1063
1065
1066
1066
1066
1067
1067
1067
1068
1069
1069
1071
1072
1073
1073
1073
1074
1074
1075
1075
1076
1077
1083
1083
1083
1084
1084
1084
1084
1088
1088
1089
1092
1095
1107
1107
1110
1110
1117
1117
1118
1121
1126
1127
1127
1130
1136
1136
1137
1137
1138
1138
1138
1139
1140
1140
1140
1141
1141
1141
1141
1141
1141
1141
1142
1142
1142
1142
1142
1143
1143
1143
1143
1144
1144
1144
1145
1146
1146
1146
1147
1147
1148
1149
1149
1150
1150
1150
1150
1159
1160
1160
1161
1161
1162
1163
1163
1164
1165
1166
1166
1166
1167
1170
1172
1174
1174
1175
1176
1181
1183
1183
1185
1185
1186
1187
1187
1188
1188
1189
1189
1190
1193
1194
1195
1196
1197
1197
1201
1205
1208
1208
1208
1208
1208
1208
1208
1208
1208
1209
1214
1214
1219
1220
1221
1223
1225
1246
1253
1254
1276
1277
1278
1279
1283
1285
1294
1294
1296
1300
1300
1300
1303
1303
1305
1307
1308
1310
1310
1310
1311
1312
1312
1313
1314
1316
1316
1320
1321
1321
1321
1322
1323
1325
1327
1327
1328
1330
1330
1334
1334
1335
1336
1336
1338
1339
1340
1340
1341
1342
1343
1349
1350
1351
1352
1353
1354
1355
1355
1357
1357
1358
1358
1361
1365
1365
1365
1366
1367
1368
1371
1372
1374
1375
1376
1377
1378
1379
1380
1380
1381
1381
1385
1388
1389
1389
1390
1390
1390
1393
1393
1394
1403
1409
1409
1418
1420
1426
1432
1435
1436
1439
1439
1439
1439
1440
1441
1445
1447
1475
1481
1484
1484
1488
1497
1518
1523
1538
1541
1541
1542
1544
1546
1548
1549
1551
1556
1558
1569
1569
1570
1570
1571
1571
1571
1572
1572
1572
1573
1573
1574
1575
1575
1588
1591
1595
1624
1626
1629
1636
1647
1650
1652
1652
1652
1653
1653
1655
1656
1657
1657
1657
1658
1667
1668
1671
1675
1678
1680
1685
1686
1686
1686
1687
1688
1690
1692
1693
1694
1694
1695
1697
1697
1698
1704
1705
1705
1705
1706
1706
1706
1706
1707
1709
1709
1711
1712
1713
1714
1714
1715
1717
1718
1719
1719
1720
1723
1727
1729
1730
1731
1738
1746
1746
1768
1770
1773
1774
1779
1784
1789
1798
1807
1830
1830
1831
1833
1833
1836
1836
1837
1843
1850
1850
1852
1854
1856
1857
1859
1859
1860
1866
1866
1867
1873
1875
1876
1876
1877
1878
1879
1880
1880
1882
1882
1883
1884
1889
1889
1892
1902
1903
1903
1908
1911
1915
1915
1928
1932
1938
1939
1943
1943
1948
1949
1952
1953
1954
1954
1957
1957
1963
1964
1969
1969
1970
1970
1972
1975
1976
1977
1978
1978
1978
1978
1979
1980
1982
1989
1989
1989
1992
1993
1996
1997
1998
1998
2007
2007
2009
2010
2010
2010
2011
2013
2013
2013
2014
2014
2018
2019
2019
2022
2022
2023
2024
2026
2027
2029
2029
2032
2032
2033
2038
2041
2041
2042
2042
2044
2047
2048
2052
2053
2053
2055
2057
2059
2062
2064
2066
2066
2068
2069
2074
2074
2074
2078
2085
2087
2088
2089
2091
2093
2093
2094
2095
2106
2106
2109
2117
2125
2126
2126
2129
2129
2137
2138
2138
2145
2147
2153
2156
2157
2158
2163
2165
2165
2166
2167
2167
2168
2169
2175
2175
2176
2177
2180
2184
2187
2188
2196
2203
2204
2205
2205
2205
2205
2206
2207
2207
2208
2208
2210
2211
2211
2212
2213
2219
2220
2221
2223
2224
2225
2225
2225
2227
2227
2227
2228
2228
2230
2231
2232
2237
2237
2238
2239
2241
2244
2253
2253
2253
2253
2254
2254
2254
2255
2256
2256
2256
2272
2295
2296
2297
2298
2299
2303
2303
2304
2304
2305
2307
2308
2310
2320
2320
2322
2327
2330
2332
2335
2343
2344
2356
2360
2371
2371
2373
2375
2377
2379
2381
2382
2383
2386
2386
2386
2389
2389
2395
2405
2407
2408
2409
2409
2413
2417
2419
2420
2444
2453
2454
2455
2458
2459
2461
2461
2464
2467
2468
2470
2476
2479
2487
2487
2489
2490
2490
2493
2494
2498
2502
2503
2511
2525
2527
2535
2535
2556
2565
2566
2567
2574
2576
2589
2599
2600
2601
2607
2608
2611
2613
2618
2623
2623
2628
2629
2629
2635
2643
2644
2648
2654
2663
2663
2663
2666
2668
2673
2702
2702
2708
2710
2730
2739
2754
2758
2758
2758
2773
2778
2778
2843
2843
2844
2844
2844
2846
2847
2853
2855
2860
2860
2860
2861
2862
2864
2866
2867
2868
2876
2878
2880
2885
2886
2897
2897
2897
2903
2973
3010
3055
3066
3073
3074
3076
3079
3079
3085
3088
3091
3124
3129
3130
3135
3140
3151
3154
3158
3163
3163
3165
3166
3168
3172
3198
3224
3298
3302
3303
3306
3308
3311
3319
3323
3325
3325
3325
3326
3326
3330
3331
3332
3333
3333
3334
3335
3347
3349
3362
3363
3365
3366
3367
3367
3369
3384
3386
3395
3396
3398
3400
3405
3406
3408
3409
3410
3413
3415
3417
3419
3429
3429
3429
3429
3432
3433
3436
3442
3445
3445
3455
3456
3463
3468
3487
3489
3491
3493
3496
3501
3501
3504
3505
3507
3521
3522
3522
3526
3531
3532
3533
3534
3535
3536
3537
3537
3538
3544
3545
3547
3555
3555
3555
3565
3566
3580
3589
3589
3595
3595
3596
3597
3598
3601
3602
3606
3608
3609
3611
3611
3613
3613
3613
3618
3692
3692
3692
3711
3715
3722
3758
3785
3785
3787
3795
3801
3803
3816
3817
3851
3854
3854
3856
3861
3905
3908
3909
3912
3912
3932
3935
3937
3939
3941
3944
3948
3949
3953
3954
3958
3958
3967
3979
3982
3992
3993
3995
3995
3997
3998
3999
4007
4008
4008
4020
4025
4025
4029
4030
4033
4038
4041
4041
4046
4048
4050
4053
4054
4054
4058
4059
4059
4066
4066
4080
4087
4087
4087
4090
4093
4097
4105
4108
4109
4112
4112
4113
4118
4119
4119
4120
4126
4128
4133
4141
4147
4147
4148
4157
4158
4160
4209
4234
4243
4246
4247
4254
4263
4263
4266
4266
4270
4274
4285
4285
4292
4302
4302
4302
4305
4306
4307
4310
4313
4315
4322
4323
4323
4325
4325
4334
4341
4348
4360
4361
4364
4376
4376
4386
4387
4392
4393
4396
4432
4432
4441
4457
4458
4458
4458
4459
4460
4462
4463
4464
4471
4498
4506
4509
4511
4533
4580
4580
4581
4587
4594
4594
4608
4609
4615
4623
4623
4624
4624
4624
4629
4631
4634
4635
4637
4641
4642
4642
4642
4643
4644
4644
4645
4648
4651
4651
4655
4660
4666
4666
4667
4668
4671
4672
4676
4679
4680
4684
4686
4689
4694
4694
4698
4699
4700
4700
4702
4703
4703
4703
4711
4714
4722
4724
4724
4726
4752
4753
4755
4755
4766
4766
4766
4767
4820
4834
4885
4885
4885
4886
4893
4951
5007
5009
5014
5021
5023
5024
5024
5026
5027
5032
5033
5040
5059
5059
5060
5060
5074
5077
5081
5083
5084
5088
5089
5091
5097
5099
5100
5118
5120
5197
5198
5274
5321
5325
5327
5339
5343
5346
5348
5348
5349
5349
5350
5351
5353
5353
5358
5361
5362
5364
5365
5365
5393
5418
5504
5506
5511
5511
5513
5515
5521
5523
5524
5533
5538
5538
5553
5665
5675
5792
5794
5795
5796
5796
5799
5802
5806
5807
5809
5809
5811
5814
5817
5818
5819
5821
5821
5824
5832
5832
5833
5834
5834
5835
5835
5835
5840
5845
5858
5987
6041
6050
6067
6068
6072
6099
6100
6101
6102
6112
6122
6124
6126
6126
6129
6131
6131
6133
6134
6134
6139
6141
6143
6147
6151
6159
6164
6165
6166
6167
6170
6174
6176
6178
6188
6190
6195
6221
6224
6229
6230
6231
6232
6232
6233
6233
6237
6242
6257
6265
6272
6278
6312
6335
6337
6342
6343
6347
6348
6398
6401
6403
6404
6407
6407
6408
6408
6412
6415
6432
6447
6448
6448
6448
6449
6463
6474
6475
6496
6498
6500
6516
6521
6545
6552
6557
6560
6566
6567
6567
6567
6579
6581
6584
6602
6603
6642
6642
6642
6659
6660
6670
6670
6670
6672
6677
6689
6691
6693
6694
6695
6704
6709
6710
6711
6724
6730
6766
6767
6769
6769
6784
6785
6790
6791
6794
6795
6797
6798
6800
6830
6885
6909
6916
6920
6921
6934
6937
6937
6948
6955
6960
6976
6980
6981
6982
6983
7001
7003
7011
7018
7024
7024
7025
7031
7032
7032
7034
7039
7043
7043
7044
7046
7055
7059
7062
7063
7063
7064
7064
7072
7092
7100
7100
7101
7105
7120
7126
7127
7128
7129
7129
7131
7151
7156
7156
7168
7169
7196
7442
7446
7454
7458
7459
7464
7464
7465
7466
7476
7498
7500
7520
7540
7551
7555
7563
7569
7574
7579
7594
7601
7605
7612
7618
7623
7625
7626
7630
7631
7644
7654
7663
7674
7675
7681
7685
7686
7696
7696
7697
7699
7702
7727
7727
7730
7760
7760
7761
7786
7791
7799
7822
7835
7845
7849
7849
7855
7859
7859
7863
7864
7868
7871
7872
7875
7878
7881
7895
