0
2
2
3
4
5
6
7
8
8
8
8
9
9
11
13
13
14
14
14
15
15
15
16
17
17
19
19
19
19
19
19
20
20
20
21
21
21
21
21
21
21
22
22
22
23
23
23
24
26
26
26
27
28
28
29
30
30
30
30
30
30
30
31
31
31
31
31
32
32
33
33
34
34
34
34
35
36
36
37
37
37
37
38
38
38
39
39
39
39
40
40
41
41
42
44
45
46
47
48
49
51
52
53
53
54
54
54
54
54
54
54
55
55
56
58
60
61
64
73
74
74
77
78
87
106
112
120
125
127
130
130
132
132
132
134
135
137
139
139
139
139
140
142
143
143
145
146
146
147
148
148
152
152
153
154
156
157
159
159
160
161
161
161
161
161
161
162
162
162
162
163
163
163
164
167
167
168
171
171
172
173
173
175
177
179
181
181
181
181
183
183
183
185
186
186
186
186
186
187
188
189
189
191
191
191
193
193
193
193
194
194
194
194
194
194
194
194
196
197
198
199
199
199
200
201
201
201
201
201
203
205
206
209
210
210
211
211
211
211
212
212
212
212
212
213
214
215
215
216
221
221
221
221
222
222
223
223
223
223
223
224
224
224
225
225
226
226
226
226
227
227
227
228
228
229
229
229
230
230
230
230
231
231
231
231
232
232
233
237
239
239
240
240
242
242
243
243
244
244
246
246
247
247
247
248
251
252
253
254
254
254
255
255
255
256
256
256
258
258
258
260
260
260
261
261
262
263
263
263
263
263
264
265
267
267
267
268
272
272
273
274
275
279
279
279
280
280
280
281
282
282
283
283
284
285
288
289
289
289
290
290
290
291
291
295
298
300
300
301
305
306
307
307
308
308
309
310
311
315
317
320
320
320
321
321
321
321
322
322
322
323
324
324
324
325
325
326
326
326
327
327
328
328
328
329
331
333
334
337
338
339
340
340
341
341
341
341
342
342
342
343
343
343
344
344
348
349
349
349
349
350
350
351
351
351
351
351
352
352
354
356
357
357
358
359
360
364
364
364
366
366
367
367
368
370
371
371
372
374
374
375
376
376
376
376
378
379
379
380
383
385
392
392
394
395
396
397
399
399
399
400
400
402
403
404
404
405
405
405
406
407
407
410
410
413
413
414
416
417
424
425
425
427
427
428
428
428
428
428
431
432
432
432
433
435
435
436
436
436
436
436
437
437
437
438
439
440
440
440
441
441
441
441
441
442
442
442
442
443
443
444
444
444
445
445
445
445
445
446
446
446
446
446
446
447
447
447
448
450
450
450
450
452
452
452
453
453
455
456
456
456
457
458
458
458
458
458
458
458
458
459
460
460
460
461
462
462
463
463
466
466
467
467
467
467
468
469
470
470
470
470
471
471
472
472
472
475
477
478
480
481
486
486
487
487
487
488
489
489
493
493
493
494
495
495
496
496
496
496
496
496
497
498
499
499
499
500
500
501
501
504
506
506
506
508
509
510
510
510
510
510
511
511
511
511
511
512
512
512
512
512
512
512
512
513
513
513
513
514
514
515
517
517
518
521
522
522
523
523
523
524
525
525
527
527
527
527
528
529
529
531
535
535
535
535
535
535
537
537
537
539
543
544
545
545
547
548
550
557
565
566
572
572
573
574
574
575
577
579
579
581
582
582
583
584
586
588
589
589
589
591
591
591
593
594
595
595
596
596
598
598
602
602
603
605
605
607
607
608
608
609
611
611
611
615
616
619
623
633
633
633
633
633
637
639
640
640
640
641
642
642
642
642
642
643
643
644
644
648
649
649
653
656
659
660
665
665
665
666
666
666
666
667
667
667
668
668
668
668
669
669
669
670
671
672
674
675
675
675
678
678
678
678
682
683
684
684
684
684
685
687
688
688
689
689
689
690
690
692
693
694
696
696
697
697
697
697
699
700
700
701
701
701
701
701
701
701
704
705
705
705
706
706
706
708
709
710
710
710
711
712
713
715
716
716
717
718
719
719
719
719
719
719
719
719
720
721
722
724
724
724
725
728
729
729
730
730
731
734
735
739
739
739
741
743
746
747
748
750
750
751
751
751
756
756
757
760
762
765
766
766
766
766
766
772
775
791
795
804
807
810
812
815
819
820
821
821
822
824
824
824
827
829
829
830
830
831
841
841
847
847
848
848
848
851
851
852
852
853
853
854
854
855
855
855
856
857
857
858
860
861
862
868
869
870
870
872
873
874
876
876
878
879
880
881
881
882
882
885
886
887
888
889
889
892
893
894
894
894
894
896
896
898
898
899
899
900
901
903
903
903
904
904
905
906
906
906
906
907
907
907
908
908
908
908
909
910
910
911
911
911
911
912
913
913
913
913
914
915
916
916
916
916
918
919
919
920
920
921
921
922
923
924
925
925
925
925
928
929
929
930
930
931
931
932
932
935
936
938
939
940
941
942
943
944
946
946
947
950
954
954
955
955
956
956
956
956
958
960
963
963
965
965
966
967
970
973
973
973
974
976
976
987
990
990
990
990
993
994
996
996
997
998
999
1001
1002
1004
1005
1008
1012
1013
1013
1014
1014
1014
1014
1015
1016
1016
1016
1018
1020
1021
1022
1022
1024
1027
1028
1028
1028
1029
1029
1029
1031
1031
1032
1033
1034
1034
1034
1036
1036
1038
1038
1038
1039
1042
1042
1042
1042
1043
1043
1046
1046
1047
1048
1048
1049
1049
1049
1049
1049
1049
1050
1050
1050
1051
1052
1053
1054
1055
1055
1055
1059
1059
1060
1060
1063
1064
1065
1066
1067
1068
1069
1070
1072
1073
1074
1074
1079
1080
1080
1081
1082
1084
1084
1084
1085
1088
1089
1089
1090
1091
1092
1094
1095
1095
1096
1096
1096
1097
1098
1099
1101
1101
1106
1106
1109
1115
1117
1119
1119
1120
1121
1121
1121
1125
1126
1127
1127
1128
1128
1129
1130
1130
1131
1133
1134
1135
1135
1136
1136
1136
1137
1137
1138
1140
1140
1140
1141
1141
1142
1143
1144
1144
1144
1145
1145
1145
1146
1149
1152
1152
1153
1154
1154
1154
1154
1154
1155
1155
1155
1155
1156
1156
1157
1158
1159
1159
1160
1160
1161
1162
1167
1168
1168
1169
1170
1172
1172
1172
1174
1174
1175
1176
1180
1180
1185
1185
1185
1186
1187
1191
1191
1193
1194
1194
1195
1200
1200
1201
1202
1203
1203
1205
1208
1210
1212
1212
1213
1214
1217
1217
1217
1219
1221
1223
1224
1224
1224
1225
1226
1226
1227
1227
1228
1228
1229
1229
1229
1230
1231
1231
1231
1232
1232
1233
1235
1236
1236
1238
1238
1238
1238
1240
1244
1245
1246
1248
1249
1250
1250
1250
1253
1254
1257
1257
1257
1258
1262
1262
1262
1268
1271
1275
1276
1276
1280
1281
1281
1282
1282
1283
1284
1285
1288
1288
1289
1291
1292
1292
1295
1296
1297
1297
1297
1297
1298
1299
1301
1302
1303
1303
1304
1304
1305
1307
1307
1308
1309
1309
1310
1311
1313
1313
1314
1314
1318
1319
1319
1321
1330
1330
1332
1332
1332
1333
1335
1335
1336
1336
1336
1337
1338
1339
1343
1344
1344
1345
1345
1348
1348
1348
1348
1348
1352
1354
1356
1356
1360
1362
1362
1362
1364
1364
1364
1365
1366
1366
1366
1366
1370
1371
1372
1372
1374
1374
1380
1380
1381
1382
1382
1384
1386
1391
1397
1400
1404
1405
1406
1407
1407
1409
1415
1424
1424
1427
1429
1429
1433
1433
1436
1436
1442
1443
1445
1446
1458
1458
1463
1464
1465
1466
1467
1468
1471
1473
1475
1479
1480
1484
1484
1486
1489
1489
1489
1491
1494
1495
1498
1499
1499
1500
1500
1501
1501
1501
1502
1503
1509
1510
1510
1510
1511
1513
1514
1514
1514
1516
1518
1518
1521
1521
1530
1531
1531
1533
1533
1533
1536
1538
1541
1542
1543
1543
1545
1545
1547
1549
1550
1550
1554
1558
1561
1562
1563
1563
1563
1564
1564
1565
1566
1566
1568
1585
1586
1587
1588
1594
1594
1597
1597
1598
1598
1599
1599
1600
1600
1601
1601
1603
1605
1605
1606
1606
1606
1609
1610
1610
1613
1613
1613
1615
1617
1618
1618
1618
1619
1621
1622
1623
1623
1624
1627
1627
1629
1629
1630
1631
1633
1634
1636
1636
1639
1639
1644
1645
1646
1647
1648
1649
1649
1651
1651
1651
1652
1653
1657
1659
1660
1660
1660
1666
1667
1669
1669
1672
1675
1676
1678
1678
1681
1682
1683
1683
1684
1685
1685
1688
1693
1695
1695
1696
1698
1698
1700
1707
1708
1708
1709
1709
1710
1713
1715
1717
1717
1717
1717
1717
1718
1720
1723
1725
1725
1727
1729
1729
1730
1731
1731
1732
1734
1735
1737
1738
1741
1742
1742
1744
1751
1751
1752
1772
1774
1779
1781
1785
1785
1788
1789
1792
1797
1802
1805
1808
1808
1809
1811
1812
1812
1815
1820
1822
1823
1823
1829
1835
1837
1837
1838
1838
1840
1842
1844
1844
1851
1856
1859
1860
1861
1866
1872
1873
1874
1874
1876
1882
1883
1887
1887
1890
1890
1891
1892
1893
1894
1896
1896
1897
1897
1897
1897
1899
1899
1900
1900
1900
1900
1901
1901
1905
1906
1907
1907
1908
1909
1910
1913
1918
1927
1927
1927
1927
1929
1930
1938
1938
1940
1948
1959
1959
1965
1966
1966
1968
1968
1968
1968
1969
1970
1971
1974
1977
1977
1977
1980
1984
1985
1985
1992
1994
1994
1994
1994
1994
1995
1996
1997
1999
2000
2001
2004
2010
2011
2011
2017
2017
2017
2018
2019
2020
2020
2021
2027
2027
2029
2029
2030
2030
2032
2032
2033
2034
2034
2036
2041
2041
2042
2054
2060
2062
2063
2064
2065
2066
2070
2073
2073
2075
2076
2077
2079
2079
2083
2085
2088
2088
2089
2095
2098
2099
2106
2110
2124
2126
2134
2136
2137
2140
2141
2144
2144
2145
2146
2147
2153
2154
2155
2156
2158
2158
2160
2161
2161
2162
2163
2167
2173
2175
2175
2177
2177
2177
2180
2181
2182
2184
2185
2185
2185
2186
2186
2187
2187
2187
2187
2187
2187
2189
2189
2192
2196
2197
2198
2204
2213
2214
2220
2224
2226
2227
2228
2239
2247
2282
2326
2366
2374
2374
2376
2379
2391
2396
2399
2401
2406
2406
2407
2430
2439
2441
2441
2447
2457
2466
2472
2479
2480
2486
2493
2502
2503
2504
2505
2506
2508
2509
2510
2514
2515
2518
2520
2522
2527
2529
2531
2531
2533
2535
2535
2535
2541
2541
2543
2548
2550
2565
2567
2567
2569
2575
2577
2578
2582
2583
2585
2586
2586
2588
2588
2588
2589
2589
2589
2590
2592
2592
2593
2593
2601
2605
2607
2607
2610
2610
2614
2617
2617
2619
2628
2634
2638
2641
2647
2648
2665
2666
2667
2672
2672
2677
2682
2687
2687
2691
2692
2693
2694
2694
2698
2700
2702
2703
2704
2704
2706
2707
2718
2718
2720
2721
2759
2768
2771
2776
2778
2780
2781
2781
2786
2787
2787
2791
2791
2793
2794
2796
2802
2805
2805
2807
2810
2821
2827
2836
2837
2837
2837
2840
2841
2842
2847
2851
2856
2861
2861
2875
2876
2878
2878
2883
2885
2886
2889
2890
2897
2900
2902
2906
2906
2909
2937
2944
2945
3024
3025
3031
3032
3044
3047
3050
3068
3069
3070
3072
3072
3077
3079
3082
3085
3088
3090
3093
3104
3105
3105
3106
3116
3118
3120
3128
3129
3129
3131
3146
3152
3155
3158
3159
3161
3162
3163
3168
3168
3169
3170
3170
3170
3171
3173
3173
3173
3174
3176
3176
3179
3181
3182
3185
3190
3190
3191
3191
3193
3193
3198
3201
3202
3213
3213
3226
3228
3231
3234
3235
3237
3237
3242
3244
3246
3247
3247
3252
3269
3275
3277
3278
3293
3293
3307
3313
3317
3318
3326
3338
3339
3340
3341
3341
3351
3358
3375
3380
3380
3380
3380
3384
3386
3388
3390
3403
3403
3409
3413
3417
3445
3445
3446
3456
3457
3466
3469
3471
3474
3489
3524
3527
3530
3533
3535
3535
3536
3537
3537
3537
3546
3547
3549
3549
3553
3558
3565
3568
3572
3584
3593
3602
3603
3613
3628
3630
3630
3639
3687
3689
3690
3690
3718
3719
3719
3720
3720
3720
3720
3721
3723
3725
3737
3738
3739
3767
3768
3768
3773
3777
3780
3836
3837
3843
3846
3854
3859
3862
3866
3867
3868
3871
3873
3876
3876
3884
3886
3886
3904
3910
3914
3914
3914
3915
3917
3924
3928
3930
3931
3932
3933
3934
3937
3944
3974
3977
3993
4002
4005
4006
4008
4011
4014
4022
4024
4025
4027
4038
4041
4043
4060
4065
4066
4066
4066
4072
4078
4081
4082
4093
4108
4108
4119
4127
4185
4192
4205
4226
4257
4261
4291
4291
4292
4296
4297
4297
4301
4302
4318
4325
4333
4338
