0
2
2
3
3
3
4
4
5
5
5
5
5
7
7
7
7
8
8
9
9
9
10
10
10
10
10
11
11
11
11
11
11
12
12
12
12
12
12
12
12
12
13
13
13
13
13
13
14
14
14
14
15
15
15
15
15
16
16
16
17
17
18
18
18
18
18
19
19
20
20
21
21
21
23
23
24
24
24
24
25
25
25
28
28
28
28
29
29
29
29
30
30
30
30
30
30
31
31
31
31
32
33
34
34
34
34
35
36
36
37
37
37
37
37
37
38
38
38
39
39
39
41
41
43
43
44
44
44
44
45
45
45
45
45
46
46
46
47
47
48
48
49
49
49
50
50
50
50
50
50
50
51
51
52
52
52
52
52
53
53
54
55
55
56
56
57
57
57
57
57
57
58
58
59
59
60
61
61
61
62
63
64
64
64
65
66
66
68
68
68
68
68
69
69
69
70
71
71
71
71
72
73
73
73
74
74
74
74
75
75
76
76
76
77
78
78
79
79
80
81
82
82
82
82
83
83
83
84
84
85
85
86
86
86
86
86
87
87
87
87
87
88
88
88
88
88
88
89
89
89
90
90
90
90
91
91
91
91
92
92
92
92
92
92
93
93
94
95
96
96
96
96
96
96
97
98
99
99
100
100
101
101
101
101
101
101
102
102
103
103
103
103
103
104
105
105
106
106
106
107
107
107
107
107
107
107
107
108
108
109
109
109
111
112
113
113
113
113
114
114
114
114
114
115
115
115
115
115
115
115
116
116
116
116
117
117
117
117
118
118
120
121
123
124
124
124
124
124
125
125
125
125
126
126
126
126
126
126
126
126
127
127
127
127
128
128
129
129
129
129
129
130
130
130
130
131
132
132
132
132
133
133
133
133
133
134
134
135
135
136
136
136
136
136
137
138
138
138
140
141
141
141
142
142
143
143
144
145
145
145
146
146
147
148
148
148
148
149
150
150
150
151
152
152
153
153
153
154
155
156
156
157
157
157
157
159
159
163
165
165
165
166
166
167
168
168
169
170
171
171
171
172
173
173
174
175
175
175
175
176
176
176
177
177
177
179
180
182
183
185
188
189
189
190
191
192
194
194
196
196
196
197
198
200
200
200
201
201
201
202
203
204
204
205
206
206
206
206
208
208
210
211
212
213
215
216
216
216
217
217
217
217
217
218
218
219
219
224
225
226
226
226
227
227
227
227
227
228
228
229
229
229
229
229
229
229
229
229
230
231
232
232
232
232
233
233
233
233
234
237
238
238
238
238
238
239
240
240
240
241
241
241
241
242
243
244
245
245
245
246
247
247
247
247
248
249
250
252
254
255
256
256
257
257
257
257
257
258
258
258
259
259
259
259
259
260
260
261
261
261
261
261
261
262
262
262
263
263
263
263
263
263
263
264
264
264
265
265
266
266
267
267
267
267
267
268
268
268
269
269
269
269
270
270
271
271
271
271
273
273
274
275
275
275
276
276
278
278
280
281
281
282
282
283
283
283
283
283
285
285
286
286
286
287
289
290
291
293
294
294
294
294
295
295
296
296
296
297
297
297
299
299
300
300
300
300
301
301
301
301
302
302
302
302
302
302
302
302
303
303
303
303
303
304
304
305
305
306
307
308
309
309
310
310
311
311
311
312
312
312
312
312
314
319
321
322
322
322
322
323
325
325
325
325
325
325
326
327
329
329
329
330
331
332
333
334
334
334
334
335
335
336
337
338
339
340
341
341
342
343
343
343
343
344
344
345
345
345
345
346
346
347
347
347
348
348
348
348
349
349
349
349
350
350
350
351
353
354
354
355
355
356
356
356
356
357
357
357
358
358
359
359
362
362
363
363
364
364
364
364
364
365
365
365
366
367
367
368
368
370
370
372
372
373
378
378
379
379
379
379
380
380
380
380
380
380
381
381
382
382
383
383
384
384
384
385
385
387
387
387
388
389
389
390
391
391
394
394
395
395
395
396
396
397
397
398
398
399
400
401
401
401
401
401
401
402
402
403
403
404
404
405
406
407
407
407
408
409
410
411
413
416
416
419
420
420
420
421
421
422
423
425
425
425
426
428
428
429
430
430
430
434
437
438
438
441
442
442
444
445
445
445
445
445
447
448
448
448
448
449
449
449
450
451
452
452
452
453
453
453
454
454
454
455
455
455
455
456
456
456
457
458
458
458
458
458
458
458
459
460
464
464
465
465
466
467
468
469
470
470
471
473
473
473
475
476
476
478
479
480
484
485
485
485
485
485
485
486
487
487
487
490
490
490
491
493
493
493
493
493
495
496
497
497
497
498
499
499
499
499
500
504
505
506
507
508
508
508
509
509
510
511
511
511
513
513
518
519
519
519
520
522
522
522
524
526
526
527
528
528
529
530
530
531
531
534
535
535
536
537
537
538
539
540
540
543
543
543
543
543
544
547
552
554
555
557
559
561
563
564
567
568
568
573
574
586
588
594
611
614
615
616
618
620
620
621
621
622
623
626
627
627
627
627
630
632
632
632
632
633
633
633
634
634
635
636
636
637
639
639
639
639
641
647
650
650
669
680
689
698
699
711
712
712
717
718
719
719
722
723
724
725
726
726
728
732
733
733
735
739
739
743
744
744
745
745
745
746
747
747
748
749
753
756
756
756
757
757
759
761
764
764
766
769
770
771
774
775
776
776
777
786
786
788
788
789
790
791
791
792
792
792
792
792
792
793
794
794
795
795
796
798
799
799
800
800
800
800
801
801
801
801
801
801
802
805
805
806
806
807
807
808
809
809
809
809
811
812
813
813
813
813
813
814
815
815
815
815
815
816
816
816
817
820
825
828
828
828
831
831
833
837
837
837
837
837
838
838
838
840
842
844
844
845
846
846
847
847
847
848
848
849
850
852
852
852
854
854
855
857
857
857
857
858
867
868
875
876
878
878
879
880
880
880
881
882
885
885
885
887
887
888
888
888
889
890
890
890
890
890
891
891
891
891
892
892
893
893
893
897
899
901
902
902
903
903
905
906
907
907
907
907
907
908
908
908
909
909
909
910
911
911
912
912
915
916
917
917
918
919
919
920
920
921
921
921
921
921
927
927
929
929
930
930
930
931
931
933
934
935
935
935
936
936
936
936
937
937
940
942
946
946
947
948
948
949
956
956
957
959
961
961
964
964
965
969
971
973
974
975
976
977
978
978
978
978
980
981
982
983
984
984
985
987
988
992
993
998
1005
1006
1015
1020
1021
1022
1022
1023
1023
1024
1024
1025
1027
1027
1030
1031
1032
1032
1033
1034
1034
1035
1037
1037
1037
1039
1042
1045
1046
1048
1051
1051
1053
1054
1056
1056
1057
1058
1058
1059
1059
1060
1067
1068
1069
1070
1070
1071
1072
1072
1073
1073
1075
1075
1076
1079
1082
1082
1082
1083
1083
1085
1087
1089
1089
1091
1093
1094
1095
1100
1103
1103
1105
1105
1105
1105
1106
1106
1111
1112
1112
1113
1118
1119
1120
1120
1121
1129
1129
1134
1136
1139
1139
1139
1139
1146
1147
1153
1157
1163
1170
1170
1174
1176
1200
1202
1204
1210
1219
1220
1220
1221
1222
1222
1223
1224
1224
1225
1228
1228
1229
1233
1233
1234
1236
1236
1239
1239
1240
1241
1241
1242
1242
1242
1242
1242
1243
1243
1243
1244
1246
1247
1248
1248
1249
1249
1249
1249
1252
1255
1257
1260
1261
1263
1263
1268
1268
1269
1271
1272
1272
1274
1274
1275
1276
1277
1278
1279
1279
1279
1282
1282
1282
1282
1286
1286
1287
1287
1287
1288
1288
1289
1289
1291
1291
1291
1291
1292
1292
1293
1293
1293
1294
1294
1294
1294
1298
1298
1301
1302
1303
1304
1306
1306
1307
1307
1307
1307
1308
1308
1309
1309
1313
1313
1313
1314
1314
1314
1315
1315
1315
1315
1315
1316
1316
1316
1316
1316
1317
1320
1320
1321
1321
1323
1326
1329
1332
1334
1336
1340
1347
1349
1354
1357
1359
1360
1367
1368
1370
1371
1375
1377
1382
1383
1385
1387
1391
1392
1392
1392
1399
1401
1401
1402
1407
1418
1419
1420
1422
1423
1424
1424
1425
1426
1426
1429
1430
1430
1430
1433
1435
1437
1439
1443
1448
1455
1455
1457
1458
1458
1458
1462
1467
1469
1473
1474
1474
1475
1476
1477
1481
1482
1491
1492
1493
1498
1500
1500
1500
1501
1501
1501
1501
1503
1504
1504
1513
1513
1515
1517
1517
1518
1519
1526
1526
1527
1527
1534
1535
1535
1536
1556
1560
1563
1576
1578
1579
1582
1583
1583
1584
1585
1588
1590
1592
1592
1596
1596
1602
1608
1608
1610
1611
1613
1617
1618
1620
1620
1622
1623
1623
1625
1625
1626
1629
1630
1630
1633
1635
1637
1640
1641
1643
1646
1647
1648
1650
1650
1651
1657
1658
1665
1666
1667
1667
1675
1678
1679
1692
1694
1695
1697
1698
1706
1707
1707
1707
1708
1708
1710
1712
1713
1732
1735
1739
1744
1749
1751
1756
1758
1760
1763
1763
1776
1777
1788
1792
1794
1799
1803
1838
1842
1846
1854
1855
1858
1859
1868
1875
1876
1879
1882
1885
1887
1896
1901
1904
1909
1910
1911
1912
1912
1913
1913
1915
1916
1922
1924
1930
1931
1933
1935
1936
1937
1941
1942
1944
1944
1944
1946
1946
1947
1948
1949
1954
1955
1957
1957
1959
1959
1959
1959
1960
1966
1967
1968
1968
1970
1971
1972
1973
1976
1978
1984
1986
1988
1988
1989
1989
1989
1992
1992
1994
1994
1995
2008
2009
2011
2017
2019
2019
2021
2030
2030
2030
2030
2030
2032
2040
2047
2047
2048
2048
2049
2050
2069
2070
2073
2074
2075
2076
2082
2092
2095
2098
2102
2102
2103
2107
2110
2111
2121
2121
2123
2128
2131
2146
2151
2152
2153
2154
2155
2156
2158
2158
2160
2163
2164
2164
2164
2164
2167
2169
2170
2170
2171
2172
2172
2173
2174
2174
2178
2179
2182
2184
2185
2185
2185
2186
2186
2186
2187
2187
2191
2191
2193
2196
2198
2198
2198
2198
2200
2204
2209
2209
2211
2212
2212
2212
2213
2218
2220
2220
2224
2226
2230
2232
2274
2275
2275
2284
2286
2287
2288
2292
2293
2298
2303
2306
2314
2315
2319
2319
2320
2321
2323
2325
2325
2326
2327
2327
2328
2329
2330
2334
2334
2334
2334
2336
2337
2337
2339
2345
2346
2347
2347
2349
2350
2356
2357
2360
2360
2364
2366
2368
2376
2377
2378
2378
2383
2384
2386
2387
2391
2393
2407
2435
2437
2437
2438
2438
2446
2462
2464
2470
2486
2487
2522
2533
2539
2542
2556
2567
2567
2568
2577
2581
2583
2585
2585
2586
2587
2588
2588
2589
2590
2602
2608
2610
2610
2613
2618
2618
2620
2623
2625
2629
2629
2632
2633
2634
2638
2643
2643
2647
2649
2655
2657
2672
2679
2680
2689
2691
2694
2698
2705
2705
2705
2708
2715
2716
2717
2718
2722
2724
2728
2732
2733
2735
2742
2742
2744
2748
2752
2753
2757
2767
2775
2775
2775
2781
2791
2791
2791
2792
2792
2793
2796
2807
2807
2807
2807
2808
2808
2808
2808
2809
2812
2814
2815
2817
2828
2834
2837
2853
2861
2865
2866
2867
2870
2879
2880
2891
2897
2897
2897
2897
2899
2911
2945
2948
2956
2956
2959
3008
3009
3014
3014
3027
3029
3038
3049
3055
3057
3057
3058
3058
3059
3062
3063
3064
3067
3068
3071
3073
3078
3080
3085
3095
3098
3106
3114
3127
3127
3134
3145
3152
3153
3155
3155
3155
3155
3157
3159
3164
3164
3165
3168
3169
3169
3170
3170
3170
3171
3174
3174
3174
3179
3190
3194
3195
3197
3205
3213
3216
3226
3236
3252
3265
3269
3269
3275
3275
3281
3295
3295
3301
3305
3306
3307
3314
3317
3320
3322
3322
3325
3327
3337
3347
3353
3369
3371
3377
3378
3379
3389
3391
3391
3392
3392
3394
3407
3418
3424
3425
3426
3427
3429
3435
3440
3441
3478
3489
3503
3508
3546
3551
3552
3555
3557
3565
3567
3569
3574
3582
3584
3585
3589
3607
3611
3612
3618
3619
3619
3622
3627
3635
3641
3644
3644
3648
3652
3653
3668
3670
3681
3682
3683
3690
3698
3698
3699
3704
3705
3706
3710
3711
3728
3729
3729
3732
3732
3733
3734
3734
3741
3746
3751
3754
