0
2
2
2
2
3
3
3
3
3
4
4
7
7
7
7
8
9
9
9
9
9
9
10
10
11
11
12
12
12
14
15
15
15
15
15
16
16
16
17
18
19
19
19
19
19
19
20
20
20
20
20
20
20
20
20
20
21
21
21
21
21
21
21
22
22
22
22
22
22
22
22
23
23
23
23
24
24
24
24
24
24
25
25
25
25
26
26
26
26
26
26
26
26
27
27
27
27
28
28
28
29
29
29
29
29
29
30
30
30
30
31
31
33
33
33
33
34
35
35
35
35
35
36
36
36
37
37
37
37
37
37
37
38
38
38
39
39
39
40
40
41
41
41
41
41
41
41
42
42
43
43
43
43
43
44
44
45
45
45
46
46
46
46
46
46
48
48
48
48
48
50
50
50
51
51
51
52
53
54
54
55
55
56
56
56
57
57
57
57
57
57
57
57
57
58
58
59
59
60
60
60
60
61
61
61
61
62
62
62
62
62
63
63
63
63
63
64
64
64
64
64
66
66
66
67
68
68
69
69
69
69
70
71
72
72
73
74
74
74
74
74
74
74
75
75
75
75
75
76
76
76
76
76
76
76
76
76
76
77
77
77
77
77
77
78
78
78
78
80
82
82
82
82
83
83
83
84
85
85
85
86
86
86
86
86
86
86
87
88
89
89
90
91
91
93
94
94
95
96
97
97
98
98
99
99
100
100
100
101
101
102
102
103
103
105
106
106
107
107
107
108
108
108
109
109
109
110
110
110
112
112
114
115
115
115
116
116
116
116
116
116
116
117
117
117
117
118
118
118
118
118
119
119
119
119
119
119
119
120
120
120
120
120
121
121
121
123
124
124
125
125
125
126
126
126
126
126
127
127
128
129
130
130
131
131
131
131
131
132
134
134
134
135
135
135
138
139
140
140
140
141
142
142
142
143
144
146
146
146
147
147
148
148
148
148
151
152
154
154
156
158
159
160
164
168
168
168
169
169
170
172
172
172
173
173
173
174
176
178
179
179
179
180
180
181
181
182
182
183
184
185
186
187
188
188
189
189
189
189
190
190
191
192
194
194
195
195
195
196
196
196
196
197
197
197
197
198
198
198
199
199
199
199
199
201
201
202
202
202
202
203
203
204
204
205
206
207
207
208
209
211
212
212
213
213
213
213
213
213
213
214
214
215
215
215
216
216
217
217
217
218
219
219
219
219
219
220
221
221
221
221
221
221
221
223
223
223
223
224
224
225
225
226
226
226
226
229
229
230
230
230
230
230
232
233
235
238
240
242
246
246
246
249
249
251
255
255
256
257
257
257
258
258
259
259
259
259
259
259
260
264
268
272
272
273
273
273
274
275
275
275
275
277
278
278
278
279
279
279
280
281
282
282
282
282
282
284
285
285
286
286
287
288
289
289
289
290
290
290
291
291
291
292
292
292
293
296
297
297
297
298
300
302
303
304
305
305
307
308
309
309
310
310
310
311
311
312
312
312
312
312
312
312
313
313
313
313
313
314
314
314
314
315
315
315
315
316
316
316
316
317
317
317
317
318
318
318
318
318
318
319
319
319
319
321
321
322
322
323
323
324
324
325
325
325
325
328
329
330
331
332
334
336
336
337
337
338
338
338
338
338
338
339
339
339
339
339
340
340
340
340
340
341
341
342
342
342
344
345
345
346
346
346
346
346
346
347
347
348
348
356
358
359
361
367
371
371
374
376
378
378
378
379
380
381
382
382
383
386
388
388
389
390
390
391
391
392
392
393
393
393
394
394
395
396
396
396
397
397
398
398
400
400
400
400
403
403
404
404
404
405
405
406
412
413
416
416
424
424
424
424
425
429
431
432
432
432
433
433
434
434
435
437
437
438
438
438
439
440
442
442
443
444
444
444
444
444
444
445
445
445
445
445
445
446
448
448
450
451
452
452
452
453
453
453
453
455
455
455
455
457
457
460
461
461
462
462
463
463
463
463
463
465
465
465
465
467
468
470
470
471
471
471
472
472
472
473
473
473
473
477
477
481
482
484
485
485
489
489
489
490
493
496
496
496
497
497
498
499
500
504
504
505
507
507
509
509
509
510
510
510
511
511
513
515
515
516
522
523
524
524
525
527
528
529
530
530
531
531
532
532
532
532
533
533
534
534
536
538
540
543
544
545
546
547
548
548
548
552
553
554
554
555
555
556
557
557
558
558
558
558
558
559
559
559
559
560
560
561
562
562
562
563
564
564
565
567
568
568
569
569
569
571
572
573
574
577
577
577
578
579
580
582
582
585
585
585
585
586
586
587
589
590
590
591
591
591
591
592
592
593
594
595
595
596
597
598
598
599
599
599
601
602
602
603
604
604
605
605
605
606
606
607
609
610
610
611
611
611
611
611
612
612
612
614
614
614
614
615
615
615
615
616
616
617
617
617
617
618
619
619
620
620
620
621
621
621
623
623
624
625
625
626
627
627
628
628
628
628
628
628
628
631
631
633
634
636
637
639
639
640
640
640
640
640
641
642
643
644
645
646
646
647
649
649
651
651
651
652
654
654
654
655
655
656
657
657
657
657
658
659
660
660
661
662
662
663
664
664
665
665
666
667
667
667
670
670
670
670
671
671
671
672
672
673
673
673
673
674
675
675
677
677
677
677
677
678
679
679
679
679
680
680
681
682
683
683
683
685
685
685
685
686
686
687
688
689
689
690
690
690
692
692
693
693
694
697
699
699
700
702
703
705
705
706
707
707
708
709
709
711
711
714
717
717
719
720
722
723
724
725
725
726
728
729
732
734
734
736
736
737
737
738
738
738
738
740
740
740
741
742
742
744
746
747
749
749
751
752
752
754
757
757
757
758
759
759
760
761
761
764
765
766
766
766
767
768
768
770
770
772
774
774
776
778
779
781
781
781
783
784
784
786
787
790
794
803
803
805
805
805
806
807
812
814
816
817
818
824
825
828
848
850
851
855
856
856
856
856
858
858
859
859
859
859
859
861
861
865
865
865
867
868
871
872
873
874
874
874
875
875
875
876
879
879
880
880
881
881
882
885
885
885
885
886
889
889
889
889
889
889
890
890
890
890
890
891
891
891
891
892
892
895
898
900
900
902
904
905
905
913
915
915
915
917
920
920
920
920
923
924
924
924
928
931
931
932
938
942
942
942
944
945
945
950
951
954
955
955
956
956
957
957
965
965
966
966
967
967
968
968
968
968
971
975
975
975
976
978
978
980
981
981
982
983
985
988
990
990
991
991
994
995
996
998
1000
1001
1002
1002
1004
1004
1004
1004
1006
1008
1008
1008
1009
1011
1012
1014
1014
1016
1016
1017
1018
1019
1022
1024
1025
1026
1026
1027
1027
1028
1028
1028
1028
1029
1029
1031
1033
1034
1035
1035
1037
1037
1039
1040
1041
1041
1043
1044
1045
1045
1046
1046
1048
1050
1051
1051
1051
1053
1054
1054
1054
1054
1055
1055
1055
1057
1057
1057
1058
1059
1059
1063
1064
1064
1064
1065
1069
1072
1072
1073
1074
1075
1076
1077
1077
1078
1079
1079
1080
1080
1082
1082
1083
1084
1085
1085
1086
1086
1086
1086
1086
1087
1088
1088
1090
1091
1091
1091
1091
1091
1091
1092
1093
1093
1094
1094
1098
1099
1099
1101
1104
1104
1105
1107
1107
1108
1109
1110
1110
1111
1112
1112
1113
1114
1115
1120
1121
1122
1125
1128
1128
1137
1138
1146
1148
1150
1154
1154
1154
1156
1158
1162
1172
1173
1173
1173
1173
1173
1174
1177
1182
1183
1192
1193
1194
1196
1201
1202
1203
1203
1204
1204
1206
1208
1208
1210
1211
1211
1212
1213
1213
1217
1220
1220
1220
1221
1221
1222
1222
1223
1223
1223
1224
1225
1226
1226
1227
1229
1231
1233
1236
1238
1239
1240
1240
1241
1244
1245
1246
1246
1248
1250
1250
1252
1254
1254
1254
1256
1256
1258
1258
1259
1259
1260
1261
1263
1264
1264
1264
1266
1267
1268
1269
1270
1272
1272
1272
1274
1274
1275
1277
1278
1279
1287
1289
1292
1292
1292
1293
1293
1295
1295
1297
1299
1299
1299
1300
1301
1302
1302
1302
1303
1304
1304
1305
1305
1306
1306
1306
1307
1307
1307
1309
1309
1309
1309
1310
1311
1314
1314
1314
1314
1318
1319
1322
1322
1324
1325
1326
1327
1328
1331
1332
1335
1345
1346
1346
1350
1351
1352
1355
1357
1358
1358
1361
1362
1363
1363
1365
1366
1366
1368
1371
1375
1375
1375
1381
1382
1382
1384
1384
1385
1385
1386
1387
1387
1389
1389
1392
1392
1393
1395
1395
1396
1397
1398
1400
1400
1406
1407
1408
1408
1408
1410
1411
1412
1414
1416
1417
1417
1418
1424
1425
1425
1426
1430
1432
1432
1435
1441
1441
1442
1443
1445
1451
1453
1456
1468
1492
1495
1497
1498
1499
1501
1501
1502
1502
1513
1518
1520
1524
1531
1531
1543
1544
1545
1545
1545
1548
1552
1556
1557
1557
1558
1561
1561
1567
1569
1576
1576
1578
1580
1585
1585
1587
1592
1593
1594
1595
1595
1596
1596
1596
1597
1599
1601
1603
1603
1607
1608
1609
1613
1614
1614
1615
1615
1615
1615
1616
1616
1617
1618
1618
1619
1624
1627
1631
1633
1635
1636
1639
1640
1641
1643
1644
1644
1644
1644
1645
1646
1649
1650
1651
1652
1653
1653
1654
1654
1655
1655
1657
1658
1658
1658
1661
1663
1664
1665
1665
1666
1666
1667
1668
1669
1669
1669
1669
1669
1670
1671
1671
1673
1674
1679
1680
1682
1682
1684
1685
1686
1689
1689
1689
1689
1689
1689
1694
1695
1698
1698
1704
1706
1711
1719
1720
1720
1721
1722
1723
1724
1725
1725
1725
1726
1727
1727
1727
1728
1729
1731
1731
1732
1732
1733
1733
1733
1733
1733
1734
1734
1734
1735
1736
1738
1738
1739
1739
1742
1746
1748
1751
1752
1753
1754
1757
1757
1758
1759
1761
1763
1763
1764
1766
1767
1769
1770
1771
1771
1772
1773
1775
1775
1776
1776
1776
1776
1777
1785
1787
1788
1788
1790
1795
1801
1804
1804
1804
1804
1806
1807
1813
1814
1814
1815
1816
1824
1827
1827
1832
1834
1837
1838
1838
1840
1841
1846
1854
1854
1855
1862
1863
1863
1866
1867
1873
1874
1896
1898
1899
1901
1904
1911
1914
1914
1915
1915
1916
1917
1918
1918
1920
1926
1939
1945
1947
1948
1953
1958
1962
1963
1963
1964
1964
1965
1965
1966
1968
1970
1971
1971
1973
1979
1983
1985
1985
1987
1988
1992
1994
1994
1995
1998
1999
1999
1999
2001
2001
2003
2007
2007
2008
2009
2010
2011
2011
2013
2014
2015
2016
2017
2017
2018
2018
2018
2018
2018
2019
2019
2021
2021
2025
2027
2028
2028
2029
2029
2031
2032
2033
2033
2033
2041
2044
2045
2046
2046
2047
2049
2050
2052
2054
2057
2058
2073
2074
2075
2075
2075
2077
2077
2078
2083
2083
2083
2083
2084
2084
2086
2093
2096
2096
2096
2097
2098
2098
2101
2101
2102
2104
2104
2105
2105
2105
2108
2109
2113
2113
2114
2116
2116
2117
2117
2122
2123
2123
2126
2126
2127
2128
2129
2131
2133
2134
2134
2138
2139
2143
2148
2154
2155
2155
2156
2159
2160
2165
2166
2171
2175
2176
2176
2183
2183
2187
2189
2190
2191
2192
2193
2194
2198
2199
2199
2200
2201
2203
2203
2205
2206
2206
2207
2208
2213
2213
2213
2214
2217
2217
2217
2217
2219
2219
2220
2222
2222
2224
2225
2227
2229
2229
2230
2231
2232
2233
2233
2234
2234
2235
2236
2236
2237
2238
2240
2240
2244
2244
2244
2245
2248
2248
2252
2255
2255
2268
2268
2272
2273
2277
2280
2284
2285
2286
2287
2287
2287
2288
2288
2292
2293
2299
2299
2305
2306
2314
2315
2315
2317
2318
2321
2336
2340
2340
2342
2343
2345
2346
2346
2347
2351
2352
2357
2357
2358
2358
2360
2365
2365
2366
2367
2367
2371
2371
2372
2372
2373
2375
2377
2379
2388
2389
2390
2392
2395
2396
2426
2429
2432
2432
2433
2433
2437
2439
2440
2440
2441
2442
2445
2445
2451
2452
2454
2454
2463
2470
2474
2499
2522
2534
2537
2538
2541
2542
2545
2546
2550
2551
2556
2560
2561
2565
2566
2567
2568
