0
2
2
2
3
3
4
5
5
5
5
5
5
6
6
7
7
7
8
9
9
9
10
10
10
10
10
10
11
11
11
11
11
11
12
12
12
13
13
13
14
14
14
14
14
15
15
15
15
16
16
16
17
17
17
17
17
18
19
19
19
19
19
19
20
20
20
20
21
21
22
22
22
23
24
24
24
25
25
25
25
26
26
26
26
27
27
27
27
27
27
27
28
28
28
28
28
28
29
29
30
30
30
30
31
31
32
32
32
33
33
34
34
35
36
36
36
36
38
39
39
40
41
41
42
43
43
43
44
45
45
46
47
47
47
48
49
49
49
50
50
50
50
51
51
51
51
52
53
53
53
54
54
54
55
55
55
55
56
57
57
58
58
59
59
59
60
61
62
63
63
63
63
63
64
64
65
65
65
65
66
67
67
67
67
67
68
69
70
70
72
74
74
74
74
74
75
75
75
78
78
78
79
80
80
80
81
82
82
83
83
84
85
86
87
87
89
90
90
90
90
90
90
91
91
91
91
92
92
92
92
92
92
93
93
94
94
95
95
96
98
99
99
100
101
101
102
104
104
104
105
105
105
106
107
107
107
107
107
109
109
112
112
112
113
113
113
113
114
114
114
114
115
115
115
115
115
115
116
116
117
119
119
119
120
120
120
120
120
120
121
121
122
122
123
123
124
124
125
125
126
126
128
132
134
134
137
137
139
140
141
142
142
142
142
144
149
149
151
152
154
154
156
160
162
162
162
162
163
163
164
165
167
168
169
169
169
170
170
171
171
171
171
172
172
176
177
179
181
182
183
185
185
186
187
187
189
192
192
193
195
197
202
208
212
214
219
220
221
221
222
223
223
224
224
224
225
225
225
228
230
231
231
232
233
233
234
237
241
242
242
242
243
248
248
249
249
253
253
254
255
257
260
260
263
267
268
268
269
270
270
270
270
271
273
274
278
278
279
279
282
282
282
283
286
292
293
294
294
294
295
295
295
296
297
297
299
303
303
305
307
307
309
309
312
313
314
317
318
318
319
320
329
331
333
333
333
335
335
335
336
336
337
340
341
342
344
344
345
345
346
347
348
348
350
350
350
353
353
354
355
356
356
357
358
358
360
361
361
363
363
363
364
365
366
367
368
368
368
368
368
369
370
370
370
371
371
372
372
373
373
374
374
375
375
375
375
377
377
377
377
378
379
380
382
382
382
382
383
384
384
384
385
386
387
388
390
391
391
392
392
392
392
393
394
394
395
395
396
396
396
397
398
400
401
403
404
404
405
406
407
407
408
409
409
409
409
409
410
410
412
412
412
413
413
415
415
415
417
418
418
418
418
418
419
420
421
423
423
423
423
423
423
425
425
425
426
426
426
427
427
428
428
429
431
431
431
433
434
434
435
435
435
436
437
438
438
439
439
440
440
440
441
441
441
442
443
443
443
444
445
446
446
448
448
449
449
450
450
450
450
450
450
450
450
450
450
450
450
450
451
451
451
451
452
452
452
453
453
453
453
453
453
453
454
454
454
455
456
457
457
458
458
458
459
459
460
460
461
461
462
462
463
463
464
464
465
465
465
465
466
466
466
467
467
469
469
469
469
470
470
471
471
472
473
473
474
475
475
476
478
478
479
479
479
480
480
480
481
482
483
483
484
484
486
486
486
486
487
487
488
490
491
491
492
492
495
499
500
501
501
504
504
504
507
509
510
511
512
515
517
517
517
518
518
521
522
524
526
527
529
530
530
533
537
539
540
542
543
543
545
546
547
550
550
552
555
557
558
558
558
560
561
561
564
565
566
567
567
567
567
569
571
571
571
571
571
574
574
575
577
578
580
583
583
583
583
584
585
585
587
587
592
593
594
595
596
597
598
598
599
599
599
600
600
601
601
601
602
603
605
605
606
606
606
606
608
608
608
608
609
609
610
611
612
615
615
615
615
616
616
616
617
617
617
618
618
619
619
619
620
620
621
622
623
623
624
624
624
627
629
635
636
638
638
641
641
645
646
649
649
650
650
650
650
651
651
652
652
652
653
653
653
653
654
657
657
658
658
658
659
659
659
662
663
664
665
665
665
666
666
668
668
673
673
674
674
675
677
677
677
677
677
677
681
682
684
684
686
686
689
691
697
699
699
699
707
708
709
709
709
709
709
709
709
710
710
711
712
713
715
719
720
722
722
723
725
739
740
741
743
744
749
749
751
752
754
755
760
762
762
762
763
763
763
765
773
776
776
778
778
779
779
779
780
784
787
788
788
789
789
790
790
791
793
795
796
798
799
800
801
801
803
803
804
805
805
805
806
806
806
806
806
807
809
812
812
816
817
819
819
822
825
825
826
827
828
831
831
832
834
835
836
836
841
842
842
843
843
844
844
844
844
845
845
846
846
846
848
849
850
851
851
851
852
852
852
853
853
855
855
855
856
856
857
857
857
858
858
858
859
860
860
860
860
860
861
861
861
863
863
864
864
865
866
866
866
866
867
867
867
867
867
868
868
869
869
869
870
870
872
872
872
872
873
873
873
873
874
874
874
874
874
874
874
875
875
875
875
876
877
877
877
878
878
878
879
879
880
882
882
882
882
882
882
883
883
884
884
884
885
885
885
886
888
889
889
890
892
894
894
894
894
896
901
901
906
906
906
907
908
908
910
913
915
917
919
919
922
925
933
943
950
950
950
950
953
953
953
954
956
957
958
959
959
960
962
963
966
969
970
970
970
971
973
975
975
976
977
977
978
978
979
981
982
982
982
982
983
985
986
986
990
990
991
991
992
992
993
994
997
999
1000
1002
1012
1012
1012
1025
1026
1026
1027
1027
1032
1032
1035
1036
1038
1042
1044
1044
1044
1045
1045
1047
1058
1058
1061
1063
1066
1067
1067
1068
1068
1072
1074
1075
1076
1077
1077
1077
1081
1081
1081
1083
1092
1092
1093
1094
1094
1099
1101
1102
1103
1104
1104
1105
1105
1105
1106
1106
1106
1107
1107
1107
1107
1107
1108
1108
1108
1108
1108
1108
1108
1109
1109
1109
1110
1110
1114
1117
1123
1124
1125
1125
1129
1132
1132
1134
1137
1137
1138
1139
1140
1141
1142
1143
1144
1145
1147
1149
1151
1151
1154
1154
1156
1158
1159
1159
1160
1160
1161
1161
1166
1169
1171
1172
1173
1173
1173
1174
1175
1186
1190
1191
1191
1193
1193
1193
1194
1195
1195
1196
1199
1199
1199
1199
1199
1201
1202
1205
1207
1212
1213
1216
1217
1220
1220
1222
1224
1225
1226
1227
1227
1227
1228
1228
1229
1229
1234
1237
1244
1245
1245
1247
1258
1263
1268
1269
1270
1274
1275
1276
1279
1284
1290
1290
1291
1293
1294
1299
1303
1303
1303
1303
1306
1310
1312
1316
1317
1318
1324
1326
1326
1327
1327
1327
1337
1340
1340
1341
1342
1344
1345
1345
1345
1347
1348
1348
1350
1350
1351
1351
1351
1352
1353
1353
1354
1355
1361
1361
1361
1362
1362
1362
1362
1363
1363
1364
1364
1364
1364
1365
1365
1366
1366
1369
1369
1374
1377
1378
1378
1378
1382
1382
1384
1385
1386
1387
1390
1392
1393
1399
1402
1403
1406
1406
1406
1407
1408
1409
1409
1411
1415
1415
1416
1416
1418
1418
1418
1419
1419
1420
1420
1420
1421
1423
1425
1429
1430
1432
1436
1436
1437
1437
1443
1445
1449
1463
1478
1481
1501
1501
1502
1506
1510
1511
1516
1519
1520
1520
1521
1522
1528
1535
1537
1537
1538
1548
1549
1552
1552
1561
1561
1569
1576
1577
1579
1579
1583
1590
1590
1591
1596
1596
1597
1599
1601
1603
1605
1611
1611
1611
1612
1613
1619
1619
1620
1622
1622
1624
1624
1625
1626
1627
1627
1627
1628
1633
1633
1635
1638
1638
1645
1646
1646
1647
1647
1648
1650
1652
1657
1659
1660
1661
1664
1668
1668
1670
1672
1672
1674
1675
1675
1676
1678
1685
1685
1692
1693
1695
1696
1705
1705
1711
1713
1715
1716
1717
1726
1729
1731
1748
1751
1756
1759
1760
1760
1767
1775
1776
1778
1782
1782
1788
1788
1792
1801
1812
1813
1813
1813
1813
1814
1816
1816
1817
1817
1818
1819
1819
1820
1821
1821
1821
1825
1826
1827
1828
1828
1828
1829
1831
1831
1832
1832
1832
1833
1833
1837
1838
1849
1849
1850
1852
1853
1854
1863
1864
1864
1867
1871
1871
1871
1881
1889
1890
1891
1893
1896
1897
1899
1900
1902
1902
1903
1904
1906
1907
1908
1913
1927
1928
1929
1930
1931
1945
1949
1957
1964
1965
1966
1969
1970
1970
2000
2009
2012
2012
2012
2022
2041
2046
2049
2071
2071
2071
2072
2073
2073
2073
2073
2073
2076
2088
2100
2104
2105
2107
2110
2112
2116
2124
2131
2151
2154
2157
2158
2158
2159
2161
2171
2174
2180
2184
2186
2187
2189
2189
2190
2192
2196
2197
2197
2198
2200
2200
2207
2207
2214
2217
2218
2218
2218
2221
2221
2222
2225
2226
2227
2227
2227
2228
2229
2233
2234
2235
2237
2237
2239
2241
2242
2242
2244
2246
2246
2246
2246
2247
2249
2249
2249
2250
2251
2257
2259
2261
2261
2263
2264
2265
2267
2269
2270
2271
2271
2271
2271
2272
2273
2274
2274
2287
2288
2288
2289
2293
2297
2299
2312
2314
2328
2356
2357
2360
2361
2362
2364
2381
2381
2386
2390
2405
2408
2408
2414
2415
2416
2421
2421
2422
2423
2424
2424
2427
2427
2433
2434
2434
2434
2435
2435
2436
2438
2438
2440
2441
2444
2444
2445
2446
2447
2449
2456
2459
2465
2467
2467
2475
2475
2477
2489
2491
2491
2493
2497
2499
2504
2508
2509
2509
2513
2514
2517
2518
2531
2557
2558
2558
2558
2559
2563
2569
2570
2571
2571
2572
2576
2580
2581
2584
2585
2587
2589
2590
2591
2591
2592
2592
2601
2601
2603
2604
2605
2610
2614
2622
2625
2625
2629
2640
2643
2649
2650
2651
2655
2657
2659
2659
2659
2667
2682
2684
2685
2689
2691
2701
2701
2704
2707
2707
2711
2714
2723
2735
2746
2759
2760
2760
2764
2765
2765
2765
2765
2766
2773
2779
2784
2785
2786
2801
2817
2823
2838
2877
2878
2880
2884
2886
2894
2894
2895
2896
2903
2927
2929
2929
2930
2933
2934
2939
2959
2962
3018
3018
3018
3020
3020
3024
3032
3034
3035
3039
3039
3041
3042
3043
3044
3048
3049
3054
3072
3072
3083
3084
3084
3092
3093
3105
3113
3119
3122
3127
3127
3133
3136
3136
3149
3151
3152
3152
3158
3159
3173
3190
3190
3191
3208
3210
3213
3215
3216
3218
3222
3225
3239
3239
3264
3285
3286
3292
3295
3297
3298
3302
3302
3323
3325
3331
3332
3332
3391
3392
3426
3438
3472
3479
3482
3483
3495
3496
3502
3503
3504
3506
3512
3513
3514
3518
3521
3522
3525
3532
3536
3544
3552
3616
3626
3637
3652
3653
3657
3667
3667
3675
3675
3702
3742
3752
3754
3756
3756
3767
3787
3791
3792
3801
3801
3802
3834
3849
3854
3854
3854
3854
3855
3860
3862
3868
3872
3891
3893
3893
3902
3907
3913
3914
3914
3926
3936
3964
3964
3989
3992
3993
3997
4001
4001
4005
4005
4006
4023
4030
4030
4041
4054
4056
4067
4083
4084
4106
4106
4117
4137
4145
4146
4170
4172
4173
4176
4184
4184
4185
4186
4187
4188
4203
4217
4219
4223
4236
4237
4276
4290
4292
4300
4302
4302
4303
4308
4394
4414
4434
4438
4490
4543
4544
4545
4545
4549
4552
4552
4570
4588
4592
4600
4603
4616
4617
4621
4627
4631
4642
4646
4649
4654
4655
4655
4659
4679
4679
4679
4679
4695
4698
4703
4705
4712
4715
4792
4799
4806
4820
4824
4826
4827
4830
4830
4834
4842
4844
4846
4850
4854
4865
4869
4869
4920
4920
4923
4988
5014
5016
5026
5034
5043
5071
5071
5107
5124
5159
5159
5162
5163
5167
5167
5228
5232
5243
5245
5249
5254
5256
5297
5300
5304
5308
5308
5310
5319
5319
5343
5343
5344
5348
5350
5350
5354
5355
5359
5361
5363
5365
5365
5367
5369
5371
5374
5375
5378
5408
5408
5416
5417
5420
5421
5490
5507
5512
5534
5588
5589
5591
5595
5600
5621
5629
5629
5632
5637
5642
5642
5643
5646
5655
5655
5662
5670
5683
5726
5733
5751
5844
5846
5847
5851
5851
5851
5852
5852
5853
5854
5855
5856
5859
5860
5866
5905
5908
6042
6057
6110
6111
6115
6120
6127
6211
6223
6226
6227
6301
6304
6305
6305
6308
6310
6315
6315
6315
6340
6340
6349
6359
6359
6365
6368
6375
6382
6382
