0
2
2
3
3
4
5
5
5
6
6
6
6
6
6
6
7
7
7
7
7
8
8
8
8
8
8
9
9
9
10
10
10
10
10
10
11
13
13
13
13
14
15
15
15
17
19
20
20
20
21
21
21
21
21
21
21
22
22
22
22
23
23
24
24
24
24
24
25
25
25
25
26
26
26
26
26
27
27
27
28
28
29
29
29
29
29
30
30
30
30
30
30
31
31
31
31
31
31
31
31
32
32
32
33
33
33
33
33
33
33
34
34
34
34
34
34
34
35
35
35
35
35
35
36
36
36
36
36
37
37
37
37
37
37
37
37
38
38
38
39
39
39
39
41
41
41
42
42
43
43
43
44
44
44
45
45
45
45
45
46
46
46
46
47
47
48
48
48
48
49
49
49
49
49
49
49
49
50
51
51
51
51
52
52
52
52
53
53
54
54
54
56
56
56
56
56
57
57
57
58
58
58
59
59
59
60
60
61
61
61
61
61
61
61
61
61
61
61
62
62
62
63
63
63
63
63
63
64
64
64
64
64
65
65
66
67
67
68
68
68
68
69
69
70
71
71
71
71
71
71
71
72
72
72
73
73
73
73
73
73
74
74
74
74
75
75
75
76
77
77
78
78
78
78
79
79
79
79
80
80
80
81
81
81
82
83
83
83
83
85
86
87
87
87
87
87
88
88
89
89
89
90
90
91
93
93
93
94
94
95
96
97
97
97
98
98
100
100
100
100
101
101
101
101
101
101
101
102
102
103
103
103
105
105
106
106
106
108
108
108
108
108
109
110
111
111
111
111
112
112
114
114
114
115
115
116
116
117
117
117
118
118
119
119
119
119
119
120
121
121
121
122
122
122
122
122
123
123
123
123
123
124
124
124
126
126
126
126
127
127
127
127
127
128
128
128
128
128
128
129
129
129
129
129
129
129
129
130
130
130
130
130
130
130
130
130
130
130
130
131
131
131
131
132
132
132
132
133
133
133
134
134
134
134
134
135
136
136
136
137
137
137
137
138
138
138
140
140
140
141
141
142
142
143
144
145
145
146
147
148
148
148
148
148
148
149
149
150
150
150
150
150
151
151
151
151
152
152
153
153
153
153
153
154
154
154
154
154
154
154
154
154
155
155
155
155
156
156
156
157
157
157
157
157
158
158
158
159
159
159
159
159
160
160
160
160
161
161
161
162
162
163
163
163
163
163
164
164
165
165
165
165
165
165
165
165
167
167
167
168
168
169
169
169
170
170
170
171
171
171
171
171
171
172
172
172
172
173
173
174
174
174
174
174
176
176
177
177
178
178
178
178
178
179
179
179
179
179
179
180
180
181
181
181
181
181
181
181
181
182
182
182
182
182
182
182
182
182
182
182
183
183
183
183
183
183
183
183
184
184
184
185
185
185
186
186
187
187
188
188
188
189
189
190
190
190
191
191
191
191
191
191
192
192
192
192
193
193
194
194
194
194
194
194
194
196
196
197
197
197
198
199
199
200
200
200
200
200
200
201
202
202
202
202
203
203
203
203
203
204
204
204
205
205
205
206
207
207
209
209
210
211
211
212
213
214
214
215
216
217
217
217
218
218
218
218
218
218
219
219
219
219
220
220
221
222
222
223
223
223
224
225
225
226
226
226
226
226
226
226
227
227
227
228
228
228
228
228
229
229
229
229
230
232
232
233
233
233
234
234
235
235
235
235
236
236
236
236
237
237
237
238
239
239
239
239
239
240
240
241
241
241
242
242
243
244
246
246
249
249
250
250
250
251
251
252
252
256
256
256
257
262
262
263
267
268
268
271
271
272
273
274
274
274
275
279
280
282
282
283
283
285
286
287
287
287
288
288
289
289
290
290
292
292
292
293
293
293
294
294
294
295
295
295
295
296
296
297
298
299
300
300
300
300
301
302
302
302
302
303
303
303
303
304
305
305
305
305
305
305
306
306
307
307
308
309
309
309
309
310
310
310
310
310
310
311
311
311
312
312
313
313
313
315
317
320
320
321
322
323
324
324
328
328
328
329
329
330
331
333
334
335
336
337
337
337
337
337
337
339
339
340
340
341
341
343
344
344
346
349
349
350
351
353
355
355
356
356
356
358
358
361
361
361
362
364
364
365
367
368
368
373
373
374
374
377
377
377
378
378
379
381
381
382
382
383
383
384
384
388
388
389
390
390
391
391
394
395
396
396
397
399
400
401
403
405
406
406
406
407
414
418
421
422
425
425
427
428
429
431
431
432
432
434
434
434
434
434
435
435
436
437
438
438
438
438
438
439
442
443
446
447
447
448
448
448
448
450
450
453
453
453
453
453
453
453
454
454
455
455
455
455
457
458
458
459
460
460
461
461
461
461
464
464
465
465
465
466
466
469
470
471
474
475
476
476
477
478
479
483
484
485
485
485
486
488
489
490
490
490
491
491
491
491
491
491
491
492
492
496
496
496
496
497
497
498
500
501
501
502
502
502
502
507
507
507
509
509
509
512
513
513
514
514
515
515
515
515
515
515
516
518
518
519
520
520
521
522
523
524
524
525
525
526
527
527
529
532
533
534
534
534
535
535
536
536
536
537
537
537
537
538
538
538
539
539
540
540
540
541
541
541
542
542
542
543
543
543
544
544
544
544
545
545
545
545
546
546
546
547
547
547
548
549
549
549
549
549
549
549
550
550
551
552
552
552
552
552
552
553
553
554
555
555
555
555
555
556
556
556
556
556
557
557
557
557
558
558
558
559
560
560
560
561
561
561
561
563
563
564
565
565
566
566
567
567
567
568
568
570
571
571
571
571
571
574
574
575
576
576
576
576
577
577
577
578
578
578
579
580
580
580
582
582
585
585
586
589
590
590
593
593
595
600
603
604
605
605
611
612
617
621
622
622
622
622
623
623
623
623
623
625
625
626
626
626
629
636
636
636
636
639
641
648
660
660
661
666
672
676
677
677
678
680
680
681
687
688
688
690
691
692
695
697
697
699
700
700
701
704
706
709
713
713
713
713
713
714
714
715
716
719
720
721
723
724
724
724
724
725
725
725
726
726
726
728
730
730
732
738
743
744
746
748
749
751
752
760
761
765
770
778
778
778
778
778
778
778
778
781
781
785
787
788
788
792
792
792
793
793
793
795
796
797
800
800
800
800
802
802
804
805
805
806
809
813
815
815
815
815
816
816
817
817
817
818
818
818
820
820
822
823
823
823
823
825
828
828
829
829
830
833
833
838
839
841
842
842
842
843
844
845
845
846
846
847
847
848
848
849
849
849
850
851
851
852
852
854
857
857
858
858
859
860
861
862
862
863
864
867
869
875
876
876
877
877
878
880
881
883
883
885
888
889
893
893
894
897
900
903
904
907
908
909
909
909
909
917
919
921
923
930
931
932
932
932
933
936
936
936
937
937
938
943
946
947
954
954
954
955
957
963
964
965
970
979
981
988
989
990
992
998
1001
1003
1005
1005
1011
1011
1019
1020
1020
1029
1029
1030
1030
1031
1031
1033
1036
1038
1038
1038
1039
1041
1046
1046
1059
1059
1059
1060
1061
1065
1066
1071
1072
1072
1073
1074
1074
1074
1075
1077
1077
1078
1079
1079
1081
1081
1081
1086
1091
1098
1100
1101
1101
1109
1110
1110
1110
1110
1112
1113
1113
1114
1114
1115
1115
1119
1123
1123
1127
1128
1133
1133
1134
1139
1141
1141
1142
1142
1144
1144
1144
1152
1153
1153
1153
1153
1154
1154
1155
1155
1158
1167
1168
1171
1174
1180
1184
1184
1188
1188
1195
1195
1196
1196
1199
1202
1205
1216
1219
1222
1225
1228
1233
1234
1234
1235
1236
1238
1238
1243
1244
1250
1250
1250
1250
1252
1252
1252
1252
1255
1255
1256
1259
1260
1260
1261
1270
1271
1271
1271
1276
1279
1285
1287
1289
1296
1301
1302
1304
1304
1313
1313
1314
1319
1348
1371
1383
1385
1387
1394
1401
1414
1592
1599
1603
1605
1605
1610
1612
1612
1612
1621
1621
1622
1624
1628
1632
1636
1636
1638
1638
1642
1644
1645
1647
1650
1653
1654
1655
1655
1655
1655
1657
1659
1663
1667
1668
1687
1691
1692
1696
1696
1698
1709
1711
1713
1713
1715
1716
1717
1718
1721
1722
1738
1754
1754
1755
1755
1756
1759
1763
1764
1764
1766
1769
1777
1779
1780
1780
1790
1791
1792
1796
1799
1799
1807
1809
1854
1867
1907
1914
1948
1949
1954
1956
1959
1964
1966
1971
1976
1984
1988
1988
1988
2004
2039
2049
2129
2132
2140
2145
2150
2151
2154
2155
2156
2157
2163
2163
2165
2168
2170
2171
2172
2175
2176
2179
2179
2180
2180
2180
2182
2182
2183
2184
2187
2187
2191
2196
2196
2198
2199
2220
2221
2272
2280
2282
2283
2284
2289
2293
2294
2294
2301
2302
2302
2302
2303
2304
2305
2307
2308
2310
2312
2314
2316
2316
2316
2317
2317
2322
2323
2324
2324
2327
2328
2330
2330
2330
2332
2332
2333
2333
2334
2335
2335
2336
2337
2338
2342
2342
2343
2345
2345
2346
2348
2348
2348
2349
2349
2350
2352
2352
2354
2354
2354
2356
2357
2359
2361
2361
2362
2363
2363
2364
2365
2366
2370
2372
2372
2372
2373
2373
2375
2375
2378
2380
2380
2381
2381
2381
2382
2383
2383
2384
2384
2385
2386
2387
2387
2388
2393
2398
2402
2404
2405
2407
2408
2410
2414
2415
2416
2418
2420
2423
2433
2435
2435
2440
2447
2451
2474
2556
2556
2559
2559
2566
2566
2568
2571
2572
2574
2575
2578
2579
2579
2582
2582
2583
2583
2587
2587
2587
2587
2587
2588
2588
2588
2591
2592
2594
2596
2597
2610
2610
2612
2612
2615
2615
2642
2642
2646
2658
2663
2664
2681
2691
2691
2694
2695
2695
2697
2700
2700
2702
2704
2705
2707
2708
2710
2711
2711
2711
2712
2714
2716
2744
2796
2796
2797
2799
2804
2806
2832
3026
3027
3028
3028
3028
3034
3034
3036
3036
3036
3040
3041
3041
3043
3044
3044
3044
3045
3045
3047
3049
3052
3052
3053
3054
3054
3057
3057
3058
3058
3060
3061
3061
3061
3061
3061
3061
3063
3063
3063
3067
3067
3067
3068
3069
3070
3072
3073
3074
3075
3076
3079
3079
3087
3095
3096
3099
3099
3099
3100
3100
3104
3104
3106
3108
3108
3110
3111
3111
3111
3112
3113
3114
3117
3124
3126
3126
3127
3128
3130
3131
3131
3136
3137
3138
3141
3143
3143
3143
3144
3144
3144
3145
3146
3148
3148
3148
3150
3151
3151
3152
3152
3153
3156
3156
3158
3159
3159
3159
3160
3162
3166
3168
3168
3170
3194
3234
3240
3245
3247
3248
3248
3261
3261
3314
3324
3326
3327
3338
3347
3347
3348
3350
3352
3352
3354
3358
3377
3379
3380
3397
3399
3405
3406
3411
3415
3417
3418
3418
3418
3419
3421
3421
3421
3421
3424
3429
3430
3434
3608
3613
3613
3615
3615
3616
3617
3619
3619
3638
3679
3680
3685
3685
3688
3689
3691
3694
3694
3697
3698
3699
3701
3703
3705
3713
3715
3715
3716
3717
3718
3718
3718
3720
3720
3721
3722
3723
3732
3746
3753
3766
3768
3785
3786
3791
3793
3793
3794
3797
3797
3799
3804
3807
3814
3820
3823
3826
3874
3905
3905
3909
3912
3912
3914
3928
3943
3943
3964
3967
3967
3970
3976
3977
3978
3979
3985
3999
4002
4002
4003
4004
4010
4011
4012
4012
4015
4023
4023
4040
4086
4184
4195
4197
4205
4223
4224
4225
4232
4237
4239
4253
4256
4257
4266
4267
4267
4268
4269
4269
4284
4285
4294
4304
4337
4454
4483
4485
4485
4581
4583
4584
4587
4587
4587
4588
4601
4604
4604
4604
4604
4607
4607
4607
4608
4608
4608
4608
4609
4609
4610
4613
4616
4618
4618
4621
4622
4624
4626
4627
4627
4627
4630
4637
4638
4639
4640
4641
4647
4703
4705
4705
4706
4706
4708
4708
4708
4711
4711
4715
4716
4718
4720
4720
4727
4728
4728
4729
4730
4731
4733
4747
4775
4775
4779
4786
4787
4878
4961
4961
4962
4985
5008
5010
5017
5032
5042
5043
5050
5051
5052
5052
