0
2
2
2
3
3
3
3
3
4
4
4
5
5
5
5
6
6
6
7
7
7
7
7
7
7
7
8
8
8
8
8
8
8
8
8
8
9
9
9
9
9
9
9
9
9
9
10
10
10
10
10
10
10
10
10
10
10
10
10
10
10
11
11
11
11
11
11
11
12
12
12
12
12
12
13
13
13
13
14
14
14
14
14
14
14
14
14
14
14
15
15
15
15
15
15
15
16
16
16
16
17
17
17
17
17
18
18
18
18
19
19
19
19
19
20
20
20
20
20
20
21
21
21
21
21
21
21
22
23
24
25
25
26
26
26
26
27
27
27
28
28
28
29
29
29
29
29
29
30
30
30
30
31
31
31
31
31
31
32
32
32
33
33
34
34
35
35
35
35
36
36
36
36
36
37
37
37
37
37
37
37
38
38
38
38
38
39
39
39
39
40
40
41
41
41
41
42
43
43
43
44
45
45
45
45
45
46
47
47
48
49
49
49
49
49
50
50
51
51
51
52
52
53
53
53
53
53
54
54
54
54
54
55
55
56
56
56
56
56
57
57
57
57
57
57
57
57
57
57
58
58
58
58
58
58
58
58
59
59
60
60
61
62
62
63
64
64
65
65
65
65
65
66
66
66
66
67
67
67
67
68
68
69
69
69
69
70
70
70
70
70
71
71
71
71
71
72
73
73
73
73
73
73
74
74
74
74
75
75
76
76
76
77
77
77
78
78
78
78
79
80
80
80
80
80
81
81
81
81
81
81
81
81
82
82
82
82
82
83
83
83
83
83
84
85
85
85
85
85
85
86
86
86
86
87
87
87
87
87
87
88
88
88
89
89
89
89
89
89
89
89
89
89
89
89
89
89
89
90
90
90
90
90
90
90
90
91
91
91
91
91
91
91
91
91
91
91
92
92
92
92
93
93
93
93
93
93
93
94
94
94
94
94
94
94
94
95
95
96
96
96
96
97
97
97
97
98
98
98
98
99
99
99
99
100
100
100
100
101
101
101
101
101
102
102
102
102
102
102
102
102
103
103
103
103
103
103
104
104
106
108
108
109
109
109
109
110
110
110
110
111
111
111
112
112
112
112
113
113
114
114
114
114
114
114
116
116
116
116
117
118
118
118
118
118
118
118
118
118
119
119
119
119
120
120
120
120
120
120
120
120
121
121
121
121
121
122
122
123
123
123
124
125
125
125
125
125
125
126
126
126
126
126
127
127
127
127
128
128
128
128
128
128
129
129
129
129
129
130
130
130
130
130
130
130
130
131
131
131
131
131
132
132
132
133
133
133
133
134
134
134
134
134
135
135
136
136
136
136
137
137
137
137
138
138
138
138
138
139
139
140
140
140
141
141
141
141
141
141
142
142
142
142
142
142
142
143
143
143
143
143
143
143
144
144
144
144
144
144
144
144
145
145
145
145
145
145
145
145
146
146
146
146
147
148
148
148
148
149
149
150
150
150
150
151
152
152
152
152
153
153
153
153
153
153
153
153
153
153
153
154
154
155
155
155
155
156
156
156
157
157
157
157
157
157
157
158
158
158
158
159
159
159
160
162
162
162
162
162
162
162
163
163
163
163
163
164
164
164
165
165
165
165
165
165
166
166
166
167
168
168
168
169
170
171
171
172
172
172
172
172
172
173
173
174
174
175
175
175
175
175
176
176
176
178
178
178
178
179
180
181
183
183
184
184
184
184
185
185
186
187
187
187
187
188
188
189
189
189
190
193
193
195
195
195
196
196
197
197
199
199
200
200
200
200
203
203
203
204
204
204
205
205
206
206
206
207
207
208
208
209
209
210
211
212
212
213
213
213
213
213
214
214
215
215
216
216
216
217
217
217
218
219
220
220
220
220
221
221
222
223
223
224
224
226
226
226
226
227
227
228
229
229
230
231
231
231
231
231
232
232
232
232
232
234
234
235
235
235
235
235
236
236
237
237
237
238
238
238
238
238
239
239
239
239
239
241
242
242
243
243
243
244
244
246
246
246
246
247
247
247
247
248
248
248
248
250
250
251
252
252
252
253
253
253
254
254
254
254
254
255
255
255
255
255
256
256
256
257
257
258
258
258
259
259
260
260
260
261
261
262
263
264
264
264
265
265
265
266
266
267
267
268
268
268
269
269
270
270
270
270
271
271
272
272
273
273
273
273
274
274
274
274
274
274
274
274
274
275
275
275
276
276
276
276
276
276
277
277
277
279
279
279
280
280
281
281
281
284
284
285
286
287
288
288
289
289
290
290
290
290
291
291
291
291
292
292
293
293
294
294
294
294
294
295
295
296
296
296
296
297
297
297
297
298
298
298
298
298
298
298
299
299
299
299
299
300
300
300
300
301
301
302
302
302
302
302
302
303
303
303
303
304
304
304
305
305
306
306
306
307
307
307
308
308
308
309
309
310
310
310
311
311
311
313
314
314
315
316
318
322
323
325
326
326
327
328
329
329
329
330
332
333
335
337
339
339
340
340
341
341
341
342
342
342
342
342
343
343
343
344
344
345
345
345
346
346
349
350
350
350
350
350
352
352
354
354
355
355
356
356
356
356
356
356
356
358
358
359
359
359
359
360
360
361
361
361
362
362
362
362
363
363
364
365
366
366
366
367
368
370
370
371
372
372
373
373
373
375
376
377
377
378
379
379
379
382
382
384
385
386
386
387
388
388
389
389
389
390
390
391
391
392
392
392
392
392
392
392
393
393
393
393
394
394
394
395
395
395
395
396
397
397
398
398
398
398
398
398
399
400
401
401
401
402
404
405
405
406
407
408
408
408
408
409
409
409
409
409
410
410
410
412
412
412
412
414
414
414
415
415
416
417
417
417
417
417
418
418
419
419
419
420
420
420
420
421
421
422
423
423
423
425
427
427
428
428
429
429
430
430
430
431
432
433
433
434
434
434
434
435
435
435
436
436
436
436
436
436
436
436
437
438
438
438
438
439
439
440
440
441
442
443
444
445
445
446
447
447
448
448
448
449
450
451
451
451
451
451
452
452
453
453
453
455
457
458
458
460
460
462
463
466
466
467
467
467
467
468
468
469
469
469
470
472
475
476
478
479
479
482
486
487
490
495
499
499
499
499
500
501
514
518
522
525
529
530
531
532
534
534
539
540
542
545
547
547
548
548
548
549
549
550
550
551
551
551
552
552
553
553
553
554
554
554
554
556
557
557
557
557
558
558
559
559
560
560
561
561
561
561
562
562
562
562
562
562
563
563
564
564
564
564
564
564
565
565
566
567
567
567
568
568
569
569
570
571
571
571
571
571
571
571
571
571
572
572
573
573
573
573
574
575
575
575
576
576
576
576
577
578
578
579
581
583
585
585
586
586
587
588
588
588
589
592
593
598
599
599
600
601
602
606
606
606
608
609
609
609
610
612
613
614
614
615
616
617
620
620
620
622
622
622
623
623
624
624
625
625
626
628
628
628
629
629
630
633
635
636
638
639
639
640
641
642
642
642
644
645
645
647
647
647
648
648
648
648
649
649
650
650
650
650
650
651
652
652
652
652
652
652
653
653
655
656
658
659
659
659
659
660
660
662
662
662
662
662
662
662
663
663
663
663
664
664
664
665
665
667
667
667
667
668
668
669
669
669
669
670
670
670
670
671
671
671
671
671
671
672
672
673
673
673
673
673
674
676
677
677
677
677
681
681
683
684
684
684
685
687
688
688
688
689
690
691
691
693
694
696
696
696
697
697
698
699
700
700
700
700
700
700
701
702
702
702
702
702
702
703
703
704
704
704
705
706
707
707
707
708
708
709
710
710
710
711
712
713
713
713
715
715
715
715
716
716
716
717
717
717
718
719
719
719
720
721
722
723
723
723
723
724
725
725
726
726
727
727
727
727
728
728
728
728
728
729
729
729
730
731
732
736
738
738
741
742
742
742
743
743
745
747
747
748
749
749
749
749
749
750
751
751
752
752
752
753
753
756
758
758
758
758
759
759
759
759
759
760
760
760
760
760
761
761
762
763
763
763
763
763
765
766
766
766
767
768
769
769
770
770
771
773
773
774
774
774
775
776
777
778
780
780
781
781
781
783
785
786
787
788
788
789
791
792
792
793
793
793
794
794
795
795
797
799
800
800
800
802
803
803
803
804
804
804
811
812
816
827
828
861
870
871
875
876
876
878
879
880
880
881
881
881
882
882
882
883
884
884
885
886
887
887
888
890
890
891
891
893
897
899
901
902
902
903
903
903
904
905
907
911
930
933
947
952
956
960
960
960
960
960
960
962
962
962
965
967
967
968
968
968
969
969
969
971
971
971
971
971
972
973
973
976
976
977
977
978
978
979
979
979
980
981
981
982
983
984
984
985
986
987
990
991
991
992
993
993
993
993
995
996
1000
1002
1004
1004
1006
1006
1008
1011
1016
1019
1023
1025
1029
1035
1037
1041
1041
1044
1045
1050
1051
1052
1052
1053
1053
1057
1057
1057
1057
1057
1058
1059
1061
1061
1061
1062
1062
1063
1064
1064
1065
1065
1065
1065
1065
1065
1065
1066
1067
1067
1068
1068
1069
1070
1073
1074
1074
1075
1075
1075
1075
1076
1077
1080
1081
1085
1090
1091
1092
1093
1094
1095
1102
1105
1105
1106
1106
1107
1107
1111
1111
1112
1114
1115
1116
1116
1118
1119
1120
1120
1122
1122
1123
1124
1124
1124
1124
1125
1125
1125
1125
1126
1127
1128
1128
1128
1129
1130
1130
1131
1131
1131
1131
1132
1133
1133
1134
1134
1135
1136
1136
1136
1137
1138
1138
1139
1139
1139
1140
1140
1141
1141
1142
1142
1142
1142
1143
1143
1143
1143
1143
1144
1145
1145
1146
1147
1148
1148
1148
1149
1150
1152
1154
1155
1156
1157
1157
1158
1158
1159
1159
1159
1159
1159
1160
1160
1161
1162
1162
1162
1162
1164
1164
1164
1165
1165
1166
1166
1167
1169
1172
1173
1174
1175
1175
1175
1175
1177
1177
1178
1192
1192
1193
1194
1194
1202
1223
1223
1223
1223
1227
1229
1244
1245
1246
1247
1249
1251
1253
1258
1258
1264
1266
1269
1272
1273
1274
1276
1277
1284
1284
1285
1292
1296
1297
1299
1300
1300
1303
1304
1307
1307
1316
1317
1318
1318
1323
1323
1323
1324
1324
1324
1326
1328
1330
1331
1331
1332
1332
1333
1336
1337
1337
1337
1338
1339
1339
1341
1342
1343
1344
1347
1347
1348
1348
1348
1349
1349
1350
1350
1352
1354
1354
1354
1360
1361
1366
1367
1382
1383
1386
1394
1399
1399
1399
1401
1402
1403
1403
1404
1408
1410
1410
1411
1412
1414
1421
1426
1429
1462
1533
1559
1560
1572
1573
1639
1640
1646
1646
1649
1651
1651
1651
1652
1654
1675
1676
1684
1686
1691
1694
1695
1695
1696
1698
1701
1702
1702
1703
1704
1706
1706
1707
1711
1711
1716
1719
1723
1729
1732
1733
1733
1738
1739
1740
1741
1742
1743
1747
1748
1750
1751
1751
1753
1753
1760
1760
1761
1761
1762
1762
1763
1763
1764
1764
1765
1765
1766
1766
1767
1767
1767
1768
1770
1771
1771
1772
1772
1775
1775
1776
1778
1778
1778
1780
1780
1780
1781
1782
1783
1785
1788
1789
1789
1790
1791
1792
1793
1795
1796
1796
1799
1803
1803
1804
1812
1821
1824
1833
1848
1859
1867
1868
1874
1883
1885
1900
1913
1914
1916
1922
1945
1949
1953
1958
1959
1971
1975
1977
1977
1981
1982
1996
1997
1998
1998
2000
2005
