0
2
3
3
3
3
4
4
5
5
5
5
6
6
6
6
7
7
8
8
9
9
9
9
10
11
11
11
11
12
12
12
12
13
13
13
13
13
14
15
15
15
16
16
16
16
17
18
18
18
18
19
19
19
20
20
20
20
20
20
20
20
20
21
21
21
21
21
21
21
21
21
22
22
22
22
22
23
23
23
23
23
23
23
23
24
24
25
26
26
26
27
27
28
28
28
28
29
29
29
29
30
30
31
31
31
31
32
32
32
33
33
34
35
36
36
36
37
38
38
39
39
39
39
40
40
41
43
44
44
45
46
47
47
49
49
50
50
51
51
51
51
52
53
53
54
54
57
58
59
59
61
61
66
66
67
68
68
69
71
71
71
71
72
76
79
80
81
81
82
82
82
83
83
86
86
86
86
87
91
93
94
95
95
96
96
97
97
98
101
101
102
103
107
112
113
114
114
116
116
117
118
119
121
122
122
125
127
127
128
128
128
129
129
130
130
131
131
131
132
133
134
134
135
135
135
135
136
136
137
138
140
142
142
142
143
143
144
147
150
153
153
154
161
161
162
164
164
166
168
171
176
176
177
179
179
180
183
184
184
185
185
186
186
190
194
194
196
196
196
197
198
212
213
215
216
226
226
226
226
227
228
228
228
228
228
229
229
231
231
232
233
237
238
238
238
239
242
244
251
255
255
257
257
259
259
263
263
264
264
264
267
271
271
271
275
280
282
283
283
284
285
286
286
286
286
287
287
287
287
288
292
295
295
296
298
300
301
302
302
302
302
303
303
304
305
306
306
306
307
307
307
307
308
308
308
309
310
311
311
311
312
312
312
312
313
313
314
314
315
315
317
317
317
318
319
319
320
321
321
321
321
323
323
325
325
327
328
329
329
329
329
330
330
332
334
334
336
337
337
338
338
340
340
343
344
344
344
346
346
346
347
347
347
348
349
350
351
352
353
354
354
355
355
356
356
356
356
356
357
357
357
358
358
359
359
361
361
362
364
368
368
369
370
372
372
372
373
374
375
375
376
377
377
379
379
379
379
379
380
380
383
383
385
386
386
386
386
386
387
388
388
388
389
390
390
391
392
392
392
393
393
397
398
398
398
399
399
400
400
400
400
400
401
401
402
402
402
402
403
405
405
406
406
406
406
407
407
408
409
409
410
410
411
411
412
413
413
413
413
414
416
416
416
417
417
418
419
419
419
420
421
421
422
422
422
423
424
424
425
426
428
429
429
430
430
430
430
431
432
432
432
432
433
433
433
433
433
433
433
434
434
434
435
436
436
436
436
436
437
437
437
439
439
439
440
440
440
441
441
441
441
441
441
441
442
443
444
444
445
445
445
447
448
448
450
450
453
454
454
454
454
455
456
456
456
456
457
458
458
459
459
459
459
459
460
460
460
460
461
462
463
463
464
464
464
465
465
465
465
465
465
466
468
469
469
469
471
471
473
473
473
473
474
474
475
475
475
475
475
476
477
477
477
478
478
478
478
478
478
478
479
479
479
480
480
481
481
481
481
481
482
482
483
483
483
483
484
485
485
486
488
489
489
489
491
491
491
492
493
494
494
494
494
494
495
495
495
496
496
496
496
496
497
498
498
498
499
501
508
508
508
509
509
509
510
510
512
512
513
513
514
514
515
515
516
516
516
517
517
517
517
518
520
521
522
523
524
525
525
525
525
526
526
526
527
527
528
528
529
529
530
531
531
531
532
532
532
533
533
534
534
535
535
537
538
539
541
542
543
543
545
545
546
546
548
549
549
550
550
550
550
551
551
552
552
552
553
553
554
555
555
555
555
555
555
556
559
559
560
560
560
560
560
561
561
561
561
562
563
566
566
566
566
567
567
567
568
570
571
571
571
572
573
573
574
578
579
582
604
609
643
651
651
655
656
656
658
662
664
664
664
665
665
666
666
667
668
668
670
671
672
674
678
680
680
683
685
685
685
687
687
687
688
689
689
691
695
695
696
697
698
698
699
700
700
700
701
706
706
708
711
711
712
714
714
714
721
722
722
723
724
729
729
729
730
730
730
730
732
732
732
733
733
733
734
735
735
736
737
739
739
740
745
745
752
753
756
759
760
761
763
764
764
764
765
766
766
766
768
769
769
769
770
770
770
770
771
771
771
771
771
772
772
772
773
774
774
783
786
789
789
791
791
792
795
796
796
796
796
797
798
798
799
799
800
802
803
803
803
803
803
803
804
804
804
805
807
809
813
814
814
814
814
815
815
815
815
816
818
818
819
820
821
825
825
827
831
831
832
832
833
836
838
838
839
841
842
847
847
847
847
848
848
848
848
848
848
848
848
848
849
849
854
854
854
854
854
854
855
856
858
858
859
859
859
860
863
865
866
869
869
869
870
871
871
871
873
873
874
874
876
878
880
883
883
886
887
889
890
898
898
899
899
903
905
918
924
924
930
931
934
935
937
938
938
940
946
947
949
949
949
949
950
950
951
951
951
951
951
952
952
953
954
956
957
958
965
970
970
970
970
972
972
972
974
978
980
981
982
984
988
988
992
996
996
997
998
999
999
1000
1001
1002
1002
1002
1003
1008
1014
1030
1031
1040
1047
1059
1059
1061
1062
1062
1064
1064
1064
1065
1065
1065
1067
1068
1069
1069
1070
1070
1070
1070
1070
1070
1071
1074
1075
1075
1075
1075
1076
1076
1077
1077
1077
1079
1080
1089
1089
1090
1095
1097
1097
1099
1099
1099
1100
1100
1100
1101
1102
1102
1102
1103
1103
1103
1104
1110
1110
1111
1112
1112
1113
1113
1114
1119
1119
1119
1120
1120
1120
1123
1123
1123
1126
1127
1127
1127
1127
1128
1128
1131
1133
1135
1136
1136
1137
1137
1138
1138
1139
1140
1143
1143
1144
1144
1146
1149
1155
1156
1157
1158
1162
1163
1164
1164
1165
1166
1167
1167
1169
1169
1174
1174
1175
1175
1175
1176
1176
1177
1177
1178
1182
1182
1183
1184
1187
1188
1189
1192
1195
1195
1196
1196
1197
1197
1200
1202
1202
1202
1202
1203
1203
1204
1212
1218
1225
1227
1227
1227
1227
1234
1238
1241
1242
1242
1244
1245
1245
1245
1245
1245
1245
1250
1251
1254
1257
1262
1263
1263
1264
1267
1267
1268
1268
1268
1272
1279
1279
1281
1284
1285
1285
1286
1287
1287
1289
1289
1290
1291
1293
1294
1294
1295
1297
1302
1302
1304
1305
1305
1312
1312
1312
1312
1313
1316
1316
1317
1317
1318
1321
1322
1322
1324
1324
1326
1327
1328
1328
1330
1330
1331
1332
1333
1334
1335
1336
1338
1338
1339
1342
1342
1342
1344
1347
1348
1350
1353
1355
1356
1359
1362
1363
1363
1366
1366
1367
1368
1368
1370
1371
1372
1373
1373
1375
1377
1377
1379
1380
1381
1382
1383
1386
1386
1387
1397
1398
1399
1399
1400
1401
1402
1404
1405
1407
1407
1411
1413
1414
1416
1417
1418
1420
1421
1421
1422
1424
1425
1427
1427
1428
1428
1429
1429
1429
1431
1432
1433
1434
1436
1437
1438
1438
1440
1442
1444
1444
1444
1444
1450
1452
1453
1455
1457
1458
1464
1466
1467
1468
1468
1470
1474
1475
1476
1477
1478
1482
1483
1484
1486
1505
1511
1512
1513
1515
1518
1531
1534
1536
1538
1549
1554
1559
1560
1562
1562
1563
1563
1563
1565
1565
1568
1568
1570
1575
1578
1579
1581
1582
1583
1585
1585
1586
1588
1589
1590
1590
1592
1597
1597
1599
1601
1601
1616
1617
1622
1627
1627
1630
1640
1646
1648
1651
1651
1655
1657
1657
1658
1658
1660
1661
1665
1666
1671
1677
1677
1678
1679
1686
1692
1699
1700
1711
1712
1712
1713
1714
1714
1715
1717
1717
1718
1718
1718
1718
1719
1720
1721
1721
1725
1726
1757
1758
1759
1795
1810
1810
1811
1825
1826
1831
1837
1838
1840
1846
1849
1849
1851
1852
1857
1857
1858
1859
1859
1859
1860
1862
1863
1865
1865
1866
1871
1872
1874
1874
1874
1875
1876
1876
1876
1876
1876
1877
1883
1884
1885
1886
1889
1890
1894
1895
1896
1899
1899
1901
1901
1902
1903
1911
1912
1913
1913
1914
1915
1915
1918
1921
1922
1929
1931
1933
1933
1934
1935
1935
1937
1938
1938
1938
1940
1940
1943
1944
1945
1945
1945
1945
1946
1947
1948
1948
1950
1951
1951
1951
1952
1952
1953
1954
1957
1960
1962
1962
1965
1967
1969
1973
1975
1976
1978
1983
1985
1986
1993
1994
1995
1995
1997
2001
2001
2003
2011
2018
2019
2021
2025
2026
2027
2030
2031
2032
2034
2035
2036
2051
2051
2052
2052
2057
2067
2068
2068
2071
2071
2082
2082
2083
2083
2088
2094
2094
2096
2099
2101
2110
2110
2112
2118
2120
2124
2126
2127
2127
2127
2129
2130
2131
2138
2142
2145
2148
2149
2150
2151
2151
2153
2153
2154
2154
2156
2159
2160
2166
2167
2176
2179
2181
2181
2181
2182
2185
2189
2190
2195
2196
2200
2200
2203
2206
2206
2211
2211
2212
2212
2217
2219
2222
2222
2223
2223
2230
2230
2234
2234
2235
2240
2240
2242
2243
2250
2253
2257
2259
2259
2260
2263
2264
2264
2264
2264
2270
2276
2277
2278
2280
2284
2292
2292
2295
2296
2298
2299
2299
2299
2300
2308
2312
2313
2315
2315
2318
2320
2320
2332
2333
2334
2334
2335
2336
2339
2339
2340
2350
2357
2358
2381
2383
2384
2386
2386
2388
2388
2389
2389
2390
2391
2393
2393
2393
2395
2395
2396
2396
2406
2407
2412
2413
2421
2426
2428
2430
2433
2435
2436
2438
2439
2439
2439
2443
2444
2450
2455
2456
2456
2456
2462
2464
2464
2465
2465
2465
2466
2470
2471
2471
2471
2476
2478
2479
2479
2487
2493
2505
2510
2513
2519
2520
2522
2522
2523
2523
2525
2526
2537
2544
2545
2553
2553
2554
2556
2558
2559
2563
2563
2572
2577
2581
2586
2586
2587
2587
2589
2591
2591
2595
2599
2601
2603
2607
2611
2611
2611
2614
2615
2616
2616
2621
2627
2628
2633
2634
2634
2635
2635
2635
2640
2641
2652
2661
2669
2680
2682
2683
2686
2695
2699
2707
2708
2710
2711
2722
2726
2733
2738
2739
2741
2741
2744
2745
2749
2750
2753
2753
2753
2760
2761
2762
2762
2764
2769
2769
2769
2771
2772
2773
2780
2780
2781
2781
2791
2792
2793
2793
2799
2799
2800
2802
2803
2803
2803
2805
2809
2809
2810
2810
2811
2812
2813
2814
2820
2823
2824
2825
2828
2829
2829
2833
2833
2836
2846
2849
2854
2859
2860
2862
2863
2868
2868
2869
2870
2871
2875
2876
2877
2877
2877
2878
2883
2883
2884
2884
2884
2884
2899
2900
2901
2904
2904
2907
2911
2911
2914
2914
2914
2915
2916
2916
2918
2918
2918
2918
2919
2920
2922
2922
2924
2924
2925
2930
2933
2934
2980
2985
2986
2998
3007
3028
3029
3052
3061
3063
3065
3072
3082
3085
3085
3090
3090
3091
3095
3095
3098
3099
3099
3102
3108
3110
3110
3122
3123
3125
3128
3135
3135
3135
3138
3140
3148
3155
3155
3155
3155
3156
3159
3162
3164
3167
3175
3175
3176
3178
3178
3180
3181
3184
3186
3187
3209
3221
3224
3229
3232
3235
3236
3237
3239
3239
3239
3241
3243
3244
3247
3260
3261
3262
3263
3263
3272
3280
3282
3285
3286
3289
3297
3301
3302
3302
3303
3307
3309
3310
3313
3313
3314
3318
3325
3326
3327
3328
3331
3332
3334
3334
3340
3340
3348
3348
3349
3355
3355
3357
3362
3368
3416
3419
3426
3431
3431
3434
3439
3439
3449
3454
3458
3459
3461
3461
3463
3465
3469
3469
3483
3488
3493
3497
3504
3505
3509
3513
3520
3524
3544
3553
3553
3554
3562
3564
3575
3590
3591
3595
3597
3598
3598
3605
3608
3610
3610
3615
3616
3623
3634
3634
3642
3648
3650
3654
3656
3661
3663
3667
3676
3677
3679
3680
3681
3686
3686
3689
3691
3691
3692
3692
3698
3702
3703
3706
3706
3707
3708
3710
3710
3714
3716
3717
3717
3717
3718
3719
3721
3721
3722
3745
3750
3751
3761
3761
3762
3766
3768
3770
3772
3788
3788
3790
3796
3796
3804
3829
3834
3847
3847
3963
3977
4002
4027
4031
4031
4032
4032
4033
4033
4034
4034
4042
4084
4094
4094
4094
4098
4102
4111
4174
4176
4182
4242
4246
4266
4353
4360
4429
4443
4462
4469
4495
4526
4529
4547
4559
4560
4587
4603
4617
4650
4654
4668
4718
4753
4783
4842
4895
4910
4963
4967
4972
4976
4980
4986
5014
5032
5059
5078
5079
5081
5117
5122
5127
5319
5350
5380
5382
5634
5635
5649
5653
5653
5659
5694
5697
5697
5697
5699
5708
5715
5793
5810
5831
5926
5940
