0
2
2
2
2
3
3
3
3
3
4
4
4
5
5
6
6
6
6
6
6
6
6
6
7
7
7
7
7
8
8
8
8
8
8
8
8
8
8
8
8
8
8
9
9
9
9
9
9
9
9
9
9
9
9
9
10
10
10
10
11
11
12
12
12
12
13
13
13
14
14
14
14
14
14
15
15
15
15
15
15
16
16
16
16
16
16
16
16
16
17
17
17
17
17
17
18
18
18
18
18
18
18
18
18
18
18
19
19
19
19
19
19
20
20
20
20
20
20
20
20
20
20
20
20
20
20
20
21
21
21
21
21
21
21
22
22
22
22
22
22
22
22
23
23
23
23
23
23
24
24
24
24
25
25
25
26
26
26
26
26
26
26
27
27
27
27
27
27
28
28
28
28
28
28
29
29
29
29
29
29
29
30
30
30
30
30
30
30
30
30
31
31
31
31
31
31
31
31
31
32
32
32
32
32
32
33
33
33
33
33
33
33
34
34
34
34
34
34
34
34
34
34
34
35
35
35
35
35
35
35
35
36
36
36
36
37
37
37
37
37
37
38
38
38
38
38
38
39
39
39
39
39
39
40
40
40
40
40
40
40
40
40
41
41
41
41
41
41
41
41
41
41
41
41
42
42
42
42
42
42
42
42
43
43
43
43
44
44
44
44
45
45
45
46
46
46
46
46
46
46
46
47
47
47
48
48
48
49
49
49
49
49
50
50
51
51
51
51
51
51
51
51
51
51
51
51
52
52
52
52
52
52
52
52
53
53
53
53
53
53
53
54
54
54
55
55
55
55
55
55
55
55
56
56
56
56
56
56
57
57
57
57
57
58
58
58
58
58
58
58
58
58
59
59
59
59
59
59
59
59
60
60
60
60
60
60
61
61
61
61
61
61
62
62
62
62
63
63
63
63
63
63
63
64
64
64
64
64
65
65
65
65
66
66
66
66
66
67
67
67
67
68
68
68
68
68
68
69
69
69
69
69
69
69
69
70
70
70
70
70
71
71
71
71
71
71
71
72
72
72
72
72
72
72
73
73
73
73
73
73
73
74
74
74
74
74
74
74
74
75
75
75
75
75
76
76
76
76
76
76
77
77
77
78
78
78
78
78
78
78
78
78
78
78
79
79
79
79
79
79
80
80
80
80
80
80
80
80
80
80
80
81
81
81
81
81
81
81
81
81
81
81
81
82
82
82
82
82
82
83
83
83
83
83
83
83
84
84
84
84
84
85
85
85
86
86
86
86
86
86
86
87
87
87
87
87
87
87
87
88
88
88
88
88
88
88
89
89
89
89
90
90
90
90
90
90
90
90
90
91
92
92
93
93
93
93
93
94
94
94
94
94
95
95
95
95
95
95
95
95
95
96
96
96
96
96
96
96
96
97
97
97
97
97
97
97
98
98
98
98
99
99
99
99
99
99
99
100
100
100
101
101
101
101
101
101
101
102
102
102
102
102
102
102
103
103
103
104
104
104
104
104
104
104
104
104
105
105
105
105
105
105
105
105
105
105
105
105
106
106
106
106
107
107
107
107
108
108
108
109
109
109
110
110
110
110
111
111
111
111
111
111
111
111
111
112
112
112
112
113
113
113
113
113
113
114
114
114
114
115
115
115
115
116
116
116
116
116
116
116
116
116
116
116
117
117
117
117
118
118
118
118
118
119
119
119
119
119
119
119
119
119
119
119
119
120
120
121
121
121
121
122
122
122
123
123
123
123
123
123
124
124
124
124
124
124
125
125
125
125
126
126
126
126
126
126
126
127
127
127
127
127
129
129
129
130
130
130
130
130
131
131
131
131
132
133
133
133
133
134
134
134
134
134
134
135
135
135
135
136
136
136
136
136
136
137
137
137
137
137
138
138
139
140
140
140
141
141
142
142
142
142
142
142
142
142
142
142
143
143
143
143
143
143
143
143
143
143
143
143
144
145
147
147
148
148
148
149
149
149
149
149
149
150
150
150
150
151
152
152
154
154
155
155
155
156
156
157
157
157
157
158
160
160
160
160
161
161
162
162
163
163
164
164
164
165
165
165
165
165
165
166
166
166
167
167
167
168
168
168
168
170
170
171
171
171
172
172
172
172
172
172
173
173
173
173
173
174
176
176
176
176
176
176
176
177
177
177
178
178
178
179
179
179
179
180
180
180
181
182
182
182
182
183
183
185
186
186
186
187
188
188
188
188
189
189
189
189
189
190
190
190
190
191
192
193
193
193
194
194
194
194
195
195
195
197
197
197
197
198
199
199
200
200
200
200
200
201
201
202
202
203
203
203
203
205
205
205
207
208
208
208
209
209
209
209
210
210
211
212
214
215
215
216
216
219
220
222
222
225
225
226
226
227
229
231
231
232
232
234
234
235
235
235
235
235
236
236
237
238
239
240
240
240
240
240
241
241
241
242
243
243
243
243
244
245
245
245
245
246
247
248
248
248
249
249
249
250
250
250
250
251
251
251
252
252
252
253
253
255
255
257
258
258
258
258
258
259
261
261
261
263
264
265
265
265
265
265
265
267
267
268
268
269
269
269
270
270
271
272
273
274
275
275
276
276
277
278
278
278
279
279
279
279
279
279
279
280
280
280
281
281
281
282
283
284
285
286
286
286
286
286
286
287
287
287
288
288
288
288
289
289
289
289
290
290
291
291
292
292
292
293
293
293
294
294
295
295
295
296
296
296
297
298
299
299
299
300
300
300
300
301
301
301
301
301
301
301
301
301
301
302
302
302
302
302
303
303
303
303
304
304
305
305
305
306
306
306
306
306
306
306
306
308
308
309
309
309
310
310
310
310
311
311
312
313
314
314
314
314
315
315
315
315
315
316
317
318
318
318
318
319
320
320
320
321
321
321
321
321
322
322
323
324
324
325
325
325
326
326
326
326
326
326
327
327
327
327
328
328
328
328
328
328
328
328
328
328
328
329
329
329
329
329
329
330
330
330
330
330
331
331
331
331
331
331
331
332
332
332
332
332
332
332
332
333
333
333
333
334
334
334
335
335
336
336
336
339
339
340
340
340
340
341
341
341
341
342
342
342
342
342
342
343
343
344
344
345
345
345
346
346
346
347
347
347
348
348
348
348
349
350
350
350
351
351
351
351
351
351
351
352
352
352
352
352
352
353
353
353
354
354
354
354
356
356
357
357
357
357
358
358
359
360
361
361
361
362
362
362
362
362
362
363
363
363
364
365
366
367
367
368
368
368
368
369
369
369
369
369
370
370
370
370
371
371
371
372
373
373
373
373
373
373
373
374
374
374
374
375
376
376
376
377
378
378
379
379
379
379
379
380
380
380
382
382
383
383
383
383
384
384
384
385
385
385
385
386
386
386
386
386
386
386
387
387
387
388
389
389
390
391
391
391
392
392
393
393
393
394
394
394
395
395
396
396
396
397
397
397
397
397
397
398
399
399
399
399
400
401
401
401
402
402
402
403
404
404
404
404
405
405
405
406
406
406
406
407
407
407
407
407
408
408
409
409
409
410
410
410
410
411
411
412
412
413
413
413
413
413
413
413
413
413
413
414
414
414
414
414
414
414
414
414
415
415
415
415
415
415
416
416
416
417
417
417
418
418
418
418
418
418
419
419
419
420
420
420
420
420
421
422
422
422
423
423
424
424
424
425
427
428
428
428
428
428
429
429
430
430
431
431
433
433
433
434
434
434
434
434
434
434
434
435
435
435
436
436
436
436
436
436
437
437
437
438
438
438
439
439
439
439
439
440
440
441
441
442
443
444
446
446
447
447
447
448
448
449
450
450
450
450
451
452
452
453
454
454
454
456
457
457
458
458
459
461
461
462
464
464
465
466
466
467
467
468
470
470
470
471
471
471
471
472
472
474
474
474
475
475
475
476
476
479
479
479
480
481
481
483
483
484
485
487
487
488
488
489
490
490
492
496
498
498
500
503
504
505
506
507
511
511
511
512
513
514
514
514
516
517
518
518
519
519
519
520
521
521
521
523
523
524
525
525
526
527
527
527
528
529
530
531
531
532
532
532
533
534
537
537
540
540
541
542
543
543
543
544
544
544
546
546
546
546
546
550
551
552
557
557
558
559
560
561
562
564
565
567
567
568
574
574
576
576
579
581
581
582
587
587
588
590
594
595
595
599
602
603
605
606
607
608
608
608
608
609
609
610
613
615
621
622
624
626
626
628
628
629
629
630
631
632
633
635
639
640
641
644
646
648
648
651
654
657
663
663
663
670
681
682
686
687
687
688
688
689
690
690
692
692
692
692
693
694
701
705
705
707
707
707
708
708
709
709
712
714
716
716
716
717
719
720
720
722
725
727
728
729
731
734
736
736
737
740
741
742
744
746
746
748
749
750
751
751
753
753
753
754
754
754
755
757
757
761
762
763
763
764
765
765
767
769
775
775
776
776
776
777
778
778
778
778
778
781
782
784
784
784
785
787
789
793
793
794
794
794
795
797
797
798
801
801
805
807
809
809
811
811
812
812
813
813
815
815
816
816
816
817
817
817
818
818
818
819
819
819
819
819
820
820
820
821
822
823
823
825
827
828
829
829
830
831
831
831
832
833
835
836
839
840
841
841
841
843
844
844
844
845
845
847
848
848
848
849
849
850
850
851
851
852
853
853
853
853
853
854
854
855
855
856
858
860
860
862
862
863
863
864
864
864
865
866
867
867
867
868
868
869
870
871
876
877
877
877
878
878
879
879
880
880
883
883
883
884
885
885
886
886
886
886
887
887
888
888
889
889
889
889
889
889
889
890
892
894
895
895
896
896
897
899
900
901
905
907
908
908
910
912
912
913
914
914
914
914
914
915
915
915
916
916
917
917
917
917
917
917
919
919
919
920
920
920
921
921
921
921
923
925
925
927
927
927
928
929
929
931
931
932
932
933
935
936
937
940
941
941
941
941
941
941
942
942
944
944
946
946
947
953
953
956
958
959
959
959
959
960
962
962
964
964
964
965
966
966
966
968
969
969
971
973
975
981
983
987
987
991
994
995
996
996
1007
1010
1011
1017
1022
1022
1022
1025
1026
1027
1027
1028
1029
1029
1031
1031
1032
1032
1032
1033
1035
1035
1042
1043
1051
1052
1056
1062
1065
1067
1071
1078
1090
1091
1101
1108
1109
1109
1109
1121
1122
1122
1123
1125
1126
1126
1129
1131
1142
1144
1144
1146
1147
1148
1150
1160
1162
1164
1166
1166
1167
1167
1167
1168
1168
1168
1171
1171
1173
1173
1175
1176
1177
1182
1183
1183
1183
1184
1184
1185
1185
1187
1188
1188
1190
1190
1191
1191
1193
1193
1197
1197
1198
1198
1198
1198
1198
1200
1201
1201
1202
1202
1203
1203
1206
1206
1206
1209
1211
1213
1214
1216
1218
1219
1219
1219
1220
1220
1220
1220
1222
1222
1223
1223
1224
1225
1225
1231
1231
1233
1233
1233
1234
1234
1236
1238
1238
1239
1240
1241
1241
1241
1241
1243
1244
1244
1244
1245
1246
1246
1246
1247
1249
1249
1250
1252
1252
1253
