0
2
3
4
4
5
5
5
5
5
6
6
6
6
6
7
7
8
8
8
8
9
9
9
10
10
10
10
10
10
10
10
11
11
11
11
11
11
11
12
12
12
12
12
12
12
12
12
13
13
13
13
13
13
13
13
13
13
13
13
14
14
14
14
14
15
15
15
15
16
16
16
17
17
17
17
18
18
18
20
20
20
20
21
21
21
21
22
22
22
22
22
22
23
23
23
23
23
23
23
24
24
24
24
24
24
24
24
25
25
25
26
26
26
26
26
26
26
26
26
27
27
27
27
28
28
28
28
28
29
29
29
29
30
30
30
30
30
30
30
30
30
31
31
31
31
32
32
32
32
32
32
33
33
34
34
34
34
34
34
34
34
34
34
35
35
35
35
35
35
35
35
36
36
36
37
37
37
37
38
38
38
38
38
38
39
39
39
39
39
39
40
40
40
41
41
41
41
41
41
41
41
41
41
41
41
42
42
42
42
43
43
43
43
43
43
43
44
44
44
44
44
44
44
44
45
45
45
45
45
46
46
46
46
46
47
47
48
48
49
49
49
50
50
50
51
51
51
52
52
52
52
52
53
53
53
53
53
54
54
54
54
55
55
55
55
55
55
55
56
56
56
56
56
57
57
58
58
59
59
59
59
59
60
60
60
60
60
60
60
61
61
61
61
62
62
62
62
62
62
62
63
63
63
64
65
65
65
65
65
65
65
65
66
67
68
68
68
68
69
69
70
71
71
72
72
72
72
72
74
74
74
74
74
75
75
75
75
75
75
76
76
77
77
77
77
79
79
80
80
80
80
81
81
82
82
82
82
83
83
83
83
83
83
83
83
83
83
83
84
84
84
84
85
85
85
86
86
86
87
87
88
90
91
91
92
92
93
93
93
93
93
94
94
94
95
96
96
96
96
97
97
97
97
98
98
99
100
100
100
100
101
101
102
102
102
103
103
105
105
107
107
108
108
108
108
110
110
111
111
112
113
113
113
114
114
114
115
116
116
116
117
117
119
119
119
119
120
121
121
122
124
124
124
124
124
124
125
126
128
129
129
130
130
130
131
131
131
131
131
131
131
132
132
132
133
133
133
133
133
134
135
135
135
136
136
136
137
137
137
137
138
138
140
141
141
141
142
142
142
143
143
143
144
144
144
145
145
145
145
145
145
147
147
148
148
149
149
149
150
150
150
150
151
152
154
155
156
157
157
157
157
157
158
159
159
160
161
161
162
163
163
163
164
165
165
167
167
168
168
168
168
169
169
171
172
173
173
173
175
176
176
176
176
176
178
178
178
178
179
179
180
180
181
182
183
183
184
184
185
185
185
187
188
191
191
191
192
193
193
193
193
193
193
194
194
194
194
194
194
194
195
195
195
195
195
196
196
197
197
197
197
198
198
198
198
199
199
200
200
200
200
201
201
201
201
201
202
202
202
202
202
202
202
203
204
204
205
205
205
206
206
207
208
208
208
209
209
209
209
209
209
211
211
211
212
212
212
213
213
213
213
213
213
214
214
214
215
215
215
215
215
215
215
215
215
216
216
216
216
216
217
217
217
218
218
218
218
219
219
219
219
219
219
221
221
222
223
223
223
223
223
224
225
225
225
225
225
225
225
226
226
227
227
228
228
228
228
228
229
229
229
230
230
230
230
231
231
231
231
231
231
231
231
231
232
232
232
232
233
233
233
233
234
234
234
234
234
235
235
235
235
236
236
236
236
236
237
237
237
237
238
238
238
239
239
239
239
240
240
240
240
240
240
240
241
242
242
242
242
243
243
243
243
244
244
244
244
244
244
245
245
245
245
246
246
246
246
247
247
247
248
248
249
249
250
250
250
251
252
253
253
253
254
254
254
255
255
256
256
257
257
258
259
259
260
260
260
260
260
261
262
263
263
264
264
265
266
267
267
267
268
269
269
269
270
270
270
271
271
271
271
272
273
273
275
275
276
276
277
277
277
278
278
278
278
279
279
279
279
279
280
280
280
281
281
282
282
282
283
283
283
284
284
284
284
284
284
285
285
285
285
286
286
286
287
287
288
288
288
289
289
289
290
290
291
291
291
292
294
294
294
294
295
295
296
296
297
297
297
298
299
300
300
300
300
303
304
304
306
307
307
307
308
308
308
308
308
309
309
310
310
310
310
313
315
315
315
315
315
316
316
316
316
317
318
318
320
320
320
321
321
322
322
323
324
324
328
330
330
333
336
337
337
339
342
343
343
343
344
344
345
345
346
348
349
350
350
352
353
354
354
355
355
355
355
356
362
363
363
364
364
364
365
365
366
367
367
368
369
369
369
370
370
371
371
372
372
372
373
373
373
374
375
375
375
375
375
376
376
377
377
377
377
382
383
383
384
384
385
385
386
386
386
386
387
389
390
390
390
390
391
392
392
392
394
395
395
395
396
396
396
397
397
398
398
398
398
398
399
399
399
399
400
400
401
404
404
404
404
405
406
406
407
407
407
407
408
408
408
408
408
409
409
409
410
410
411
412
412
413
413
413
414
414
414
417
417
418
420
420
420
421
422
423
423
423
423
424
424
424
424
424
424
425
425
425
425
425
426
426
427
427
427
427
428
428
429
429
432
432
433
433
433
434
435
435
435
436
437
437
437
437
440
442
443
443
443
444
444
444
444
444
447
448
448
449
449
449
449
451
452
453
453
454
454
454
454
454
454
454
454
456
456
456
457
458
458
458
459
459
459
459
459
459
460
461
461
462
462
463
463
463
464
464
464
465
466
466
466
467
468
468
469
470
470
471
477
478
479
481
481
481
482
482
482
483
483
484
485
485
485
486
486
486
487
488
488
489
492
492
495
496
498
499
500
502
504
507
508
508
510
512
513
514
515
516
516
516
516
521
521
521
525
530
530
531
532
532
533
533
533
533
534
534
535
536
536
537
538
538
539
539
539
540
542
542
543
543
544
544
545
545
545
546
547
547
547
548
548
548
549
549
550
550
550
550
551
552
552
552
553
553
553
553
553
554
555
555
557
558
558
559
559
559
560
564
564
564
564
565
565
565
566
566
566
569
569
569
569
570
570
572
572
572
573
573
573
574
575
575
576
576
576
576
577
578
578
579
580
581
583
587
587
587
588
589
590
590
591
592
593
594
595
595
595
596
597
598
599
599
600
601
602
603
603
604
605
605
606
606
606
606
608
608
609
611
613
613
616
616
617
617
617
617
617
618
619
620
620
620
621
622
626
627
627
628
628
629
629
629
629
629
630
631
631
632
632
632
635
636
637
637
638
639
639
640
640
645
646
646
647
650
650
650
651
651
652
652
652
653
653
653
654
654
657
658
658
659
660
661
661
661
662
662
662
664
666
672
672
673
674
674
674
674
674
675
675
676
676
676
677
677
678
678
679
680
680
681
681
681
682
682
683
684
684
684
684
685
686
687
687
688
689
689
690
690
691
691
691
691
692
693
693
694
694
694
695
695
696
696
696
696
697
697
697
697
698
698
698
698
698
698
699
699
699
700
701
701
701
702
702
702
703
703
704
704
704
705
705
705
706
706
707
707
707
709
709
710
711
712
713
713
714
715
715
715
716
718
718
719
720
720
721
721
722
722
722
722
723
724
725
726
726
726
726
727
728
728
728
728
729
729
730
731
731
731
731
733
735
736
737
738
740
740
740
740
740
741
742
742
742
742
742
743
745
745
745
745
746
746
748
750
753
753
754
754
757
759
759
760
762
763
765
766
767
767
768
769
772
774
775
776
777
778
780
780
780
781
781
781
783
784
785
785
785
788
789
789
793
793
794
795
796
797
797
799
799
801
801
801
802
803
804
805
809
809
810
811
811
812
812
813
814
814
814
815
816
821
821
821
823
823
823
824
824
825
825
825
826
828
828
828
830
831
831
831
833
835
837
838
838
840
841
842
843
844
844
844
846
846
848
849
849
849
850
852
852
853
857
858
859
860
860
861
863
863
863
863
863
864
864
866
866
867
869
870
870
870
870
873
873
874
874
875
875
875
876
878
882
882
884
884
886
887
887
887
888
888
888
889
889
890
891
891
891
893
893
895
897
897
898
901
901
901
904
904
906
907
907
909
911
915
915
916
916
918
919
921
921
922
923
924
924
925
927
927
927
927
928
929
929
929
931
932
935
941
943
944
946
947
947
949
949
953
957
960
961
962
962
962
962
962
966
970
973
973
973
974
974
975
975
975
976
976
977
983
985
986
987
991
992
995
999
1001
1005
1006
1007
1011
1012
1012
1012
1014
1015
1016
1016
1018
1025
1026
1026
1027
1028
1034
1037
1038
1039
1039
1041
1042
1045
1045
1051
1052
1052
1052
1053
1054
1054
1055
1061
1061
1062
1062
1062
1063
1063
1063
1064
1065
1066
1068
1070
1072
1072
1072
1073
1073
1074
1074
1074
1074
1075
1075
1075
1075
1075
1075
1075
1076
1076
1078
1078
1078
1078
1078
1078
1080
1083
1087
1087
1088
1094
1099
1099
1102
1103
1103
1103
1105
1105
1106
1106
1106
1112
1113
1114
1115
1122
1122
1124
1128
1131
1133
1135
1136
1136
1138
1146
1150
1155
1157
1158
1158
1158
1158
1160
1162
1166
1170
1177
1180
1181
1186
1188
1195
1197
1202
1211
1214
1216
1219
1226
1227
1228
1229
1229
1230
1230
1230
1231
1232
1234
1234
1242
1244
1253
1255
1255
1256
1257
1261
1261
1263
1265
1268
1269
1275
1276
1277
1277
1279
1279
1279
1286
1287
1293
1293
1294
1295
1296
1297
1299
1299
1301
1304
1307
1308
1314
1314
1318
1319
1319
1320
1320
1321
1323
1323
1331
1331
1332
1333
1333
1334
1337
1337
1343
1343
1344
1346
1347
1347
1348
1349
1349
1359
1360
1362
1364
1366
1366
1366
1367
1370
1370
1371
1373
1373
1381
1382
1387
1395
1399
1401
1406
1429
1433
1444
1447
1447
1449
1497
1515
1522
1523
1525
1526
1538
1542
1543
1543
1549
1553
1554
1567
1574
1579
1580
1580
1580
1581
1587
1590
1592
1600
1601
1617
1625
1628
1634
1639
1654
1656
1658
1660
1668
1689
1690
1703
1703
1704
1708
1712
1715
1715
1753
1755
1756
1758
1760
1761
1762
1764
1765
1766
1773
1783
1785
1792
1794
1794
1794
1796
1796
1797
1801
1803
1807
1809
1812
1812
1812
1815
1815
1816
1817
1817
1817
1820
1821
1821
1824
1828
1830
1837
1837
1837
1838
1838
1838
1839
1839
1842
1843
1843
1847
1849
1865
1865
1866
1866
1866
1868
1869
1870
1871
1875
1876
1876
1891
1893
1907
1910
1911
1945
1946
1961
1969
1982
1984
1990
1997
2006
2027
2030
2030
2040
2041
2042
2043
2045
2045
2046
2048
2049
2049
2050
2053
2053
2053
2055
2056
2056
2057
2059
2059
2066
2066
2067
2069
2069
2069
2071
2071
2071
2075
2079
2083
2084
2085
2088
2091
2094
2095
2096
2097
2098
2099
2101
2101
2102
2102
2104
2106
2106
2106
2108
2108
2108
2109
2111
2111
2112
2112
2114
2115
2115
2118
2119
2119
2121
2124
2124
2125
2127
2127
2130
2132
2133
2133
2133
2136
2138
2144
2145
2147
2148
2149
2149
2158
2162
2162
2165
2167
2178
2187
2193
2193
2193
2193
2194
2194
2195
2198
2199
2218
2221
2243
2247
2252
2252
2253
2253
2258
2262
2266
2272
2272
2273
2275
2276
2277
2278
2278
2278
2282
2284
2285
2286
2286
2286
2287
2287
2288
2290
2291
2292
2292
2295
2297
2299
2301
2303
2305
2307
2308
2313
2314
2315
2316
2317
2318
2321
2324
2328
2329
2336
2344
2352
