0
2
2
3
3
3
3
4
4
4
4
5
5
5
5
6
6
6
6
6
7
7
7
7
8
8
8
8
8
8
8
8
9
9
9
9
9
9
9
9
9
10
10
10
10
10
10
10
11
12
12
12
12
12
12
13
13
13
13
14
14
14
14
14
14
14
14
14
14
14
14
14
14
14
15
15
15
16
16
16
17
17
17
17
18
18
18
18
18
18
18
18
18
18
18
19
19
19
19
19
19
20
20
20
20
21
21
22
22
23
23
23
23
24
25
25
26
27
27
29
29
29
29
30
30
30
31
31
31
31
32
32
32
33
33
34
34
35
35
35
35
35
35
36
36
37
37
37
38
38
38
38
38
38
38
39
40
40
40
41
41
41
42
42
42
42
42
44
44
45
45
45
46
46
46
46
46
46
47
47
47
48
48
48
49
49
49
49
49
49
50
50
50
50
50
51
52
53
53
53
53
53
54
54
55
55
56
56
56
56
57
57
57
58
58
58
58
58
58
58
59
59
59
60
60
61
61
61
61
61
62
62
62
62
62
62
63
63
63
63
63
63
63
64
64
65
65
65
65
65
66
66
66
66
67
68
68
68
70
70
70
70
70
70
70
71
71
71
72
73
74
74
74
74
74
75
75
76
76
77
77
77
77
77
77
78
78
78
78
78
79
79
79
79
79
79
80
80
80
80
81
81
81
81
81
81
82
82
82
82
83
84
84
84
85
85
85
85
86
87
88
88
89
89
89
90
91
91
92
92
92
93
94
94
94
94
94
94
94
95
97
97
98
98
98
98
98
99
99
99
99
100
101
103
103
104
104
105
105
105
106
106
106
107
107
107
107
108
109
110
110
110
110
110
110
110
111
111
111
112
112
113
113
114
114
116
116
117
117
118
118
118
118
118
118
119
119
119
119
120
120
121
121
122
122
122
123
123
124
124
125
125
126
126
127
127
128
129
130
131
131
131
131
132
132
132
132
132
132
133
133
133
133
134
134
135
135
135
135
135
136
136
137
138
139
139
139
140
140
140
141
141
142
142
143
143
143
144
144
144
144
144
144
145
146
147
148
148
149
150
151
151
151
151
151
151
152
152
152
152
153
153
153
153
153
153
154
154
155
155
155
155
155
155
156
156
156
157
157
158
158
158
158
159
159
159
160
160
160
160
161
161
161
161
161
161
162
162
162
163
163
163
164
164
164
164
164
164
164
164
165
165
165
165
165
165
165
165
165
166
166
166
166
166
166
167
167
168
169
169
170
170
171
171
171
171
171
171
172
172
172
173
173
173
173
173
173
173
173
175
175
175
176
176
177
177
177
178
178
179
179
179
180
180
180
180
181
181
182
182
182
182
183
183
183
184
184
184
184
184
185
185
185
185
186
186
186
186
187
187
189
189
189
189
189
189
190
190
190
191
191
191
192
192
193
193
193
193
194
194
195
195
195
195
195
195
196
196
196
196
197
198
198
198
198
198
198
199
199
199
200
200
201
201
201
201
201
201
201
201
202
203
204
204
204
204
205
205
205
205
206
206
206
206
207
207
207
207
207
207
207
208
208
208
208
208
208
208
208
209
209
210
210
210
211
212
212
212
212
212
212
212
213
213
213
213
214
215
215
215
215
215
215
215
216
216
216
216
216
216
216
217
217
217
217
217
217
217
217
217
218
218
218
218
218
218
218
218
218
219
219
219
219
220
220
221
222
222
222
223
223
223
223
224
225
225
225
226
226
226
226
226
226
226
227
227
227
228
228
228
229
230
230
230
230
230
231
231
231
232
232
232
232
232
233
233
234
234
234
234
235
235
235
235
235
235
235
236
236
236
236
237
237
238
238
238
238
238
238
239
239
239
239
239
240
240
240
242
242
243
244
244
244
244
246
246
247
247
247
248
248
248
248
248
248
249
249
250
251
252
252
252
253
253
253
254
256
257
257
258
259
259
259
260
260
260
261
261
261
262
262
262
263
263
264
264
266
266
266
267
267
267
267
268
268
268
269
269
269
269
272
272
272
272
272
273
274
275
275
275
275
275
275
277
277
277
278
278
279
279
279
281
281
283
283
283
284
284
284
285
286
288
288
288
288
288
288
289
289
290
290
290
291
291
294
295
295
295
295
296
297
298
299
299
299
300
300
301
301
301
301
302
303
303
304
304
305
305
305
305
305
306
308
309
309
309
309
309
310
310
310
310
311
312
312
312
312
312
312
312
315
316
319
319
319
320
321
321
322
323
323
323
324
324
324
324
325
326
326
326
326
327
327
327
327
328
328
328
328
330
331
332
333
334
334
335
338
338
339
342
343
344
345
346
347
347
349
351
352
352
354
355
356
360
360
361
361
364
364
364
365
370
370
370
371
372
372
373
373
374
376
380
383
384
384
384
387
393
393
394
394
395
395
395
395
399
403
404
405
405
405
405
407
413
415
415
418
419
421
423
424
430
430
432
434
436
436
437
438
438
441
443
444
446
446
447
448
448
449
450
452
454
459
460
461
462
463
464
464
465
466
466
466
467
467
467
468
469
469
480
484
484
484
485
486
488
490
491
496
496
497
499
500
504
504
509
510
510
510
511
513
513
513
514
514
514
514
515
515
516
516
517
517
521
521
525
525
531
534
535
538
538
538
539
540
541
545
549
549
555
559
560
561
563
564
566
566
567
567
568
568
569
571
572
573
573
578
578
579
582
582
583
583
583
583
584
584
585
585
585
587
587
589
590
591
591
592
592
592
593
594
594
598
598
599
599
600
600
601
602
602
602
603
603
604
605
606
606
607
608
609
609
610
610
610
610
611
611
611
611
611
611
611
611
613
613
614
614
614
614
614
614
615
615
615
615
616
616
616
616
616
616
617
617
617
617
618
618
618
618
618
618
618
618
619
619
619
619
619
620
620
621
621
621
621
621
622
622
622
622
623
623
623
623
624
624
625
625
625
626
627
628
628
629
630
630
630
631
631
631
631
631
632
632
632
632
632
636
636
637
637
638
644
647
648
650
651
653
653
653
655
656
657
658
659
659
661
662
662
663
664
666
668
669
671
672
672
672
673
673
674
674
675
676
676
678
678
679
681
682
682
682
683
683
683
685
685
685
686
687
688
690
691
692
694
694
696
696
697
697
697
698
700
700
701
701
701
703
704
704
706
706
707
708
709
710
714
714
714
715
715
719
719
720
723
724
726
728
730
730
730
733
733
733
734
735
735
736
736
736
736
736
736
737
740
742
742
744
745
745
746
746
747
747
747
747
751
751
752
754
755
755
755
755
756
756
757
757
757
758
761
761
762
763
763
764
764
764
765
765
765
769
770
770
770
770
771
772
774
774
775
775
775
776
777
777
778
778
779
781
782
783
783
784
784
784
784
784
784
785
785
785
786
786
786
787
787
787
787
789
790
790
790
790
791
792
793
793
794
795
795
795
796
796
797
799
800
800
801
802
805
807
808
809
810
810
812
813
816
816
816
817
817
818
819
820
820
820
820
821
821
822
822
823
823
824
826
826
827
827
828
829
829
830
830
830
831
831
832
832
832
834
834
835
835
835
837
837
838
839
841
841
842
842
844
845
853
853
854
855
855
856
857
860
860
861
863
863
865
866
866
866
868
868
869
870
871
872
874
879
880
881
882
883
884
884
884
885
886
886
888
889
889
892
892
893
894
894
896
899
899
900
900
901
902
903
903
904
904
905
906
907
908
908
912
912
912
913
914
915
915
917
918
918
919
920
920
922
925
925
925
928
929
930
934
934
935
935
935
938
939
940
942
942
942
945
946
946
947
949
950
950
950
954
955
955
956
956
958
959
960
960
961
962
963
963
964
964
966
967
968
969
969
969
971
971
972
973
974
974
974
974
975
975
975
975
975
975
975
975
976
976
977
978
980
980
980
982
983
983
985
987
987
987
988
991
995
996
998
1000
1002
1003
1007
1007
1007
1007
1010
1010
1011
1013
1014
1016
1021
1022
1022
1023
1023
1023
1024
1028
1038
1038
1039
1053
1066
1067
1075
1076
1079
1080
1081
1082
1082
1082
1084
1084
1084
1085
1088
1089
1089
1089
1089
1090
1090
1091
1091
1094
1098
1099
1103
1103
1104
1107
1108
1109
1114
1114
1115
1118
1119
1120
1124
1125
1127
1128
1130
1131
1136
1137
1137
1138
1138
1138
1138
1139
1139
1140
1141
1142
1142
1145
1145
1146
1147
1147
1148
1148
1148
1148
1148
1149
1151
1151
1152
1152
1152
1152
1152
1154
1157
1159
1162
1167
1167
1167
1171
1172
1176
1176
1177
1178
1178
1182
1187
1187
1188
1188
1189
1190
1191
1194
1195
1195
1195
1197
1197
1197
1198
1198
1198
1199
1202
1202
1202
1203
1203
1203
1204
1204
1205
1206
1206
1210
1211
1213
1213
1214
1215
1216
1218
1218
1218
1218
1218
1220
1221
1221
1222
1223
1225
1225
1226
1227
1227
1228
1228
1228
1230
1231
1231
1232
1232
1234
1235
1235
1235
1235
1235
1235
1236
1237
1237
1238
1239
1240
1240
1241
1241
1243
1245
1246
1247
1248
1251
1253
1253
1253
1255
1255
1256
1256
1257
1257
1257
1257
1258
1258
1258
1259
1260
1260
1261
1261
1261
1262
1262
1263
1264
1266
1266
1267
1267
1269
1269
1270
1270
1271
1271
1271
1272
1273
1274
1274
1275
1275
1276
1276
1278
1280
1282
1284
1290
1291
1294
1294
1297
1298
1301
1301
1302
1303
1304
1304
1307
1309
1314
1314
1315
1317
1328
1338
1347
1348
1350
1356
1357
1359
1360
1361
1361
1365
1369
1370
1371
1372
1373
1373
1375
1378
1379
1381
1381
1381
1382
1383
1383
1385
1387
1388
1389
1389
1390
1391
1391
1391
1392
1392
1393
1393
1394
1395
1395
1396
1399
1400
1400
1400
1401
1403
1404
1404
1404
1405
1405
1405
1405
1407
1407
1408
1408
1408
1409
1409
1410
1411
1412
1413
1414
1415
1417
1419
1420
1421
1421
1422
1425
1456
1459
1462
1464
1469
1473
1475
1478
1480
1482
1482
1482
1483
1485
1486
1487
1488
1492
1493
1493
1494
1494
1494
1495
1495
1500
1501
1501
1503
1503
1503
1504
1504
1505
1505
1506
1506
1508
1509
1510
1512
1514
1515
1515
1517
1518
1520
1523
1525
1525
1525
1526
1527
1528
1528
1530
1530
1532
1532
1532
1532
1532
1533
1533
1534
1534
1534
1535
1535
1535
1536
1536
1538
1538
1538
1538
1539
1539
1540
1540
1540
1541
1541
1541
1542
1543
1545
1545
1546
1546
1547
1549
1550
1551
1551
1551
1552
1552
1552
1557
1557
1558
1559
1559
1560
1561
1562
1563
1564
1565
1566
1566
1572
1576
1577
1578
1579
1579
1579
1582
1593
1594
1594
1594
1595
1598
1598
1600
1600
1601
1601
1602
1603
1604
1605
1606
1606
1607
1608
1608
1610
1610
1611
1612
1613
1614
1614
1614
1614
1614
1615
1617
1618
1618
1618
1618
1619
1620
1623
1624
1625
1626
1631
1635
1636
1713
1715
1720
1725
1731
1734
1739
1742
1742
1743
1745
1747
1747
1748
1749
1750
1753
1756
1757
1758
1758
1762
1765
1767
1767
1768
1768
1768
1768
1770
1770
1771
1772
1773
1775
1777
1779
1782
1782
1784
1784
1786
1786
1787
1791
1792
1798
1798
1799
1799
1801
1801
1804
1805
1805
1807
1816
1827
1827
1827
1842
1842
1845
1845
1850
1851
1852
1874
1961
1968
1970
1976
1991
1995
2000
2000
2001
2002
2004
2005
2006
2010
2010
2011
2011
2011
2012
2014
2018
2018
2019
2020
2022
2022
2023
2027
2028
2028
2028
2029
2030
2030
2031
2032
2033
2033
2037
2045
2049
2049
2051
2054
2056
2057
2059
2060
2061
2065
2072
2073
2075
2077
2078
2085
2087
2088
2089
2089
2089
2090
2091
2091
2092
2094
2095
2097
