0
2
2
2
3
4
4
4
4
4
5
6
6
6
6
7
7
7
8
8
8
9
9
9
9
9
10
10
10
10
10
10
10
10
11
11
11
11
11
11
11
11
11
12
12
12
12
12
12
13
13
13
13
13
13
13
13
14
14
14
14
14
14
15
15
16
16
16
16
17
17
17
17
17
17
17
17
18
18
18
18
18
19
19
19
19
19
19
19
19
20
20
21
21
21
21
21
21
21
21
21
21
21
21
22
22
22
22
22
23
23
23
23
23
23
23
24
24
24
25
25
25
26
26
26
26
26
27
27
27
27
28
29
29
29
29
29
29
30
30
30
30
30
30
30
30
30
30
31
31
31
31
31
32
32
32
32
32
32
33
33
33
33
34
34
34
35
35
35
35
36
36
36
36
36
37
37
37
37
37
37
37
37
37
38
38
38
39
39
39
39
39
40
40
40
40
41
41
41
42
42
42
42
43
43
43
44
44
45
45
45
46
47
47
47
47
47
48
48
49
49
52
52
52
53
54
54
54
56
56
56
57
57
57
57
57
57
57
58
58
58
58
58
59
59
60
60
61
61
61
62
62
62
62
63
64
64
64
64
65
65
66
66
66
66
66
66
67
67
67
67
67
67
68
68
68
69
69
69
69
69
69
69
69
70
70
70
72
72
72
73
73
73
74
74
74
74
75
75
75
75
75
76
76
76
76
76
76
77
77
77
77
78
78
78
78
79
79
79
80
80
80
80
81
81
81
81
81
81
81
82
82
82
82
82
83
83
83
83
83
83
84
84
84
84
84
85
85
85
85
85
85
85
85
85
85
86
86
87
87
87
87
88
89
89
89
89
89
90
90
90
90
90
91
91
91
91
92
92
92
92
92
92
93
93
94
94
94
94
94
94
94
94
94
94
95
95
95
95
96
96
96
96
96
96
97
97
98
98
98
98
99
99
100
100
100
100
100
100
100
100
100
100
100
100
101
101
101
102
102
102
102
102
102
102
103
103
103
103
103
103
104
104
104
105
105
105
105
105
105
105
105
106
107
107
108
108
109
109
109
109
110
110
110
110
110
110
111
111
111
112
112
112
113
113
113
113
113
113
113
113
114
114
114
114
115
115
115
115
115
115
116
116
116
116
117
117
117
117
117
117
117
117
117
118
118
118
118
119
119
119
119
119
119
119
120
120
120
121
121
121
121
121
122
122
123
123
123
123
124
124
125
126
126
126
126
126
126
127
127
128
128
128
129
129
129
130
130
130
131
131
131
131
131
131
131
132
132
132
132
132
132
132
132
132
133
133
133
133
133
134
134
134
134
135
135
135
136
136
136
136
136
136
136
136
137
137
138
138
138
139
139
139
140
140
141
141
142
142
142
142
142
142
143
143
143
144
144
144
144
144
144
144
144
145
145
145
145
145
145
145
146
146
146
146
146
146
146
147
147
147
147
147
147
148
148
148
148
148
149
149
149
149
149
149
150
150
150
150
150
151
151
152
153
153
153
153
153
154
154
154
155
155
155
156
156
156
156
157
157
157
157
157
158
158
159
159
159
159
159
160
160
160
161
161
161
161
161
161
161
162
162
162
162
162
162
163
163
163
165
165
165
165
166
166
166
166
166
167
168
168
168
169
169
170
170
170
170
170
170
171
172
172
173
173
173
174
174
175
176
176
176
176
176
177
177
177
178
178
179
179
179
179
180
180
180
180
180
181
181
181
182
182
182
182
182
182
182
182
183
183
183
183
184
184
184
184
185
185
185
185
185
186
186
186
186
186
186
187
187
188
188
188
188
188
188
189
189
190
190
191
191
192
192
194
194
194
194
194
194
194
194
195
195
195
197
198
198
198
198
198
199
199
199
199
199
200
200
201
201
201
201
201
201
202
203
203
203
203
203
204
204
204
204
204
204
204
204
205
205
205
205
206
206
206
206
206
206
206
206
206
207
208
208
208
209
209
209
209
209
209
210
210
211
211
211
212
212
212
212
212
212
213
213
213
213
213
213
214
214
214
214
214
214
215
215
215
215
215
216
216
216
216
216
216
216
217
217
218
218
218
218
218
219
219
219
220
220
220
220
220
220
221
221
221
221
221
222
222
222
222
222
223
223
223
223
223
223
223
224
224
224
225
225
225
225
225
225
226
226
226
226
226
226
227
227
227
227
227
228
228
228
228
229
230
230
231
231
231
231
232
232
233
233
234
234
235
235
236
236
236
236
236
236
236
236
236
237
237
237
237
237
237
238
238
238
238
239
239
240
240
241
241
241
241
242
242
243
243
243
243
243
243
244
244
244
244
245
245
245
246
247
248
248
250
251
251
251
252
252
252
252
253
253
254
254
255
256
256
257
257
258
258
258
259
259
259
260
260
261
261
261
261
262
262
262
262
262
263
263
265
265
266
267
267
267
268
268
269
269
270
270
270
271
271
272
272
272
272
272
272
273
273
273
273
273
273
274
274
274
274
274
274
274
274
275
275
276
276
276
276
277
277
277
277
277
278
279
281
282
284
284
285
286
289
291
292
294
295
297
299
300
302
303
303
304
305
305
305
305
305
307
307
307
308
310
311
311
311
312
312
312
312
312
313
313
315
318
318
319
320
321
324
324
326
328
329
329
330
330
330
330
330
331
333
333
333
334
335
335
335
335
335
335
335
335
335
336
336
336
336
336
338
338
338
339
339
340
340
340
341
341
341
341
341
342
343
346
346
347
348
349
351
351
351
351
352
353
353
353
353
353
353
356
358
358
358
358
358
358
360
360
361
362
363
363
364
364
364
365
368
368
369
369
370
370
370
370
371
371
372
372
372
372
372
372
372
373
373
373
373
373
374
374
374
374
375
376
376
376
376
377
377
377
377
377
377
379
379
379
381
381
381
382
383
383
383
384
384
384
385
387
387
388
390
390
393
393
394
394
394
394
395
396
396
397
397
397
397
398
399
399
399
399
400
401
401
401
402
402
402
402
403
403
404
404
404
407
407
409
410
411
411
412
412
414
414
414
415
415
418
418
419
419
420
420
421
422
423
423
424
425
425
425
425
427
427
428
429
430
431
431
433
433
435
435
435
435
435
435
436
437
437
440
441
441
442
443
443
446
448
449
454
455
457
457
457
458
460
460
460
461
461
462
463
463
463
463
463
464
465
465
466
467
468
471
471
475
476
476
478
478
479
479
480
480
483
483
483
484
484
485
487
487
488
489
489
489
489
490
490
490
490
490
490
491
491
491
497
498
500
501
502
502
503
504
505
508
509
511
512
515
515
516
516
517
517
519
521
522
522
523
524
525
526
528
529
529
531
531
531
533
534
534
534
534
534
536
537
538
538
538
538
538
538
539
539
540
540
540
541
541
541
542
542
543
543
544
544
545
545
546
547
547
547
548
548
548
549
549
549
549
550
550
551
551
551
551
552
552
553
553
553
554
554
555
555
556
557
557
557
559
560
560
561
561
561
561
562
562
562
563
563
563
563
564
565
565
566
566
566
567
567
568
569
569
569
569
570
570
572
573
573
575
575
575
575
575
576
576
576
576
576
576
577
579
579
581
581
584
586
586
587
589
589
591
591
592
592
593
593
593
594
594
594
595
595
596
598
599
599
600
600
601
602
603
603
603
604
604
605
606
606
607
607
608
609
610
612
614
614
615
618
619
619
620
623
624
625
625
626
627
627
627
628
631
632
632
636
638
644
652
653
654
656
657
657
657
657
659
659
659
660
660
661
668
669
670
671
674
675
676
681
681
686
686
686
688
697
697
698
701
703
704
704
708
709
710
710
710
710
714
714
715
715
715
715
716
716
716
717
718
718
718
719
719
721
721
721
723
723
723
724
725
727
727
727
727
728
728
728
729
730
731
731
731
732
735
738
740
740
740
741
742
742
742
743
743
743
743
743
744
745
745
746
748
749
750
750
752
752
753
754
754
754
757
759
763
766
766
767
767
767
770
770
770
771
771
772
772
772
772
774
776
776
777
777
778
778
779
780
782
783
783
783
785
786
788
788
788
789
789
790
792
792
792
793
793
793
793
794
794
795
795
796
798
798
799
799
802
804
804
805
813
814
817
817
820
820
822
824
825
826
828
830
831
832
834
834
835
838
843
843
845
845
846
847
847
847
847
848
852
853
855
855
857
858
858
858
859
859
859
859
860
861
862
866
868
868
868
872
875
876
884
887
887
887
887
888
889
889
889
889
889
891
891
892
892
897
898
901
903
904
904
904
907
909
910
911
913
914
915
923
925
925
925
929
931
936
947
948
949
952
952
954
954
955
959
959
961
964
965
968
971
975
976
977
978
978
985
985
986
989
990
991
992
992
992
993
995
997
1003
1005
1005
1005
1005
1007
1007
1010
1011
1012
1018
1019
1024
1024
1024
1026
1027
1028
1030
1031
1033
1033
1034
1034
1035
1036
1038
1039
1041
1041
1041
1041
1041
1042
1042
1042
1043
1046
1046
1047
1047
1048
1048
1048
1049
1049
1050
1051
1051
1052
1052
1053
1054
1054
1055
1055
1055
1056
1057
1058
1059
1059
1059
1059
1061
1065
1066
1067
1067
1068
1068
1068
1068
1070
1070
1071
1071
1071
1072
1075
1076
1083
1084
1084
1088
1088
1090
1091
1093
1096
1096
1097
1104
1106
1106
1107
1107
1109
1112
1113
1113
1115
1116
1116
1116
1117
1118
1119
1120
1121
1122
1122
1124
1125
1127
1127
1127
1128
1129
1130
1130
1130
1130
1130
1131
1131
1133
1135
1135
1135
1137
1138
1139
1140
1140
1140
1141
1141
1142
1143
1144
1144
1144
1145
1145
1147
1149
1152
1152
1153
1156
1157
1157
1157
1158
1158
1158
1158
1158
1160
1160
1161
1161
1163
1164
1167
1167
1169
1171
1172
1175
1175
1176
1178
1179
1180
1180
1181
1182
1182
1182
1189
1189
1189
1189
1191
1196
1196
1197
1197
1198
1198
1198
1198
1199
1199
1199
1200
1200
1201
1201
1202
1202
1203
1203
1204
1204
1205
1206
1209
1210
1210
1210
1211
1212
1214
1215
1221
1225
1227
1227
1227
1228
1228
1229
1229
1230
1231
1231
1231
1232
1233
1233
1233
1233
1234
1234
1237
1238
1242
1244
1244
1246
1246
1246
1249
1251
1251
1252
1257
1258
1260
1260
1263
1263
1263
1266
1267
1268
1268
1269
1269
1269
1271
1272
1272
1273
1274
1274
1274
1277
1277
1278
1278
1279
1279
1279
1280
1280
1281
1281
1282
1284
1286
1287
1287
1288
1288
1288
1288
1289
1289
1289
1289
1290
1290
1291
1291
1292
1298
1298
1299
1299
1299
1301
1304
1309
1309
1310
1315
1317
1317
1318
1320
1320
1320
1320
1320
1320
1321
1321
1321
1321
1321
1321
1321
1322
1322
1323
1323
1323
1324
1324
1324
1324
1324
1329
1330
1331
1332
1332
1333
1334
1334
1340
1341
1341
1347
1349
1350
1350
1352
1352
1354
1354
1357
1361
1366
1366
1368
1389
1391
1393
1393
1398
1398
1406
1410
1411
1414
1416
1418
1419
1420
1421
1421
1426
1434
1439
1441
1441
1441
1456
1464
1466
1467
1478
1478
1479
1504
1505
1507
1507
1527
1540
1543
1551
1551
1551
1553
1565
1566
1569
1569
1573
1574
1583
1584
1587
1588
1589
1589
1599
1599
1604
1609
1609
1614
1621
1624
1644
1669
1669
1670
1671
1674
1674
1675
1675
1685
1687
1691
1697
1700
1702
1702
1704
1706
1707
1715
1717
1719
1722
1723
1723
1727
1731
1734
1736
1736
1737
1738
1739
1740
1746
1756
1763
