0
2
2
2
2
2
3
4
4
4
4
5
5
5
5
6
6
7
7
7
7
7
8
8
8
8
8
8
8
8
8
9
10
10
10
10
10
10
10
11
11
11
11
11
11
11
11
11
11
11
12
12
12
12
12
13
13
13
13
13
13
13
13
13
13
14
14
14
14
14
14
14
14
14
14
14
14
14
15
15
15
15
15
16
16
16
16
16
16
16
16
16
16
16
17
17
17
17
17
17
17
18
18
18
18
18
18
18
19
19
19
19
19
19
19
19
19
19
21
21
21
22
22
22
22
22
23
23
23
23
23
23
23
24
24
24
24
25
25
25
25
25
26
26
26
26
26
26
26
26
26
26
26
26
27
27
27
27
27
27
27
28
28
28
28
28
28
29
29
29
29
29
29
29
29
30
30
30
30
30
31
31
31
31
31
31
31
32
32
32
33
33
33
33
33
33
33
33
33
34
34
34
35
35
35
35
35
35
35
36
36
36
36
36
36
36
36
37
37
37
38
38
38
38
38
39
39
39
39
40
40
40
40
40
40
41
41
41
41
42
42
42
42
42
42
43
43
43
43
43
44
44
44
44
45
45
45
45
45
45
46
46
46
46
46
47
47
48
48
48
48
48
48
49
49
49
49
49
49
49
49
49
49
49
49
50
50
50
50
50
50
51
51
51
51
51
51
52
52
52
52
52
53
54
55
55
55
55
56
56
56
56
56
56
56
57
58
58
59
59
59
60
60
60
60
60
60
61
61
61
61
61
61
61
61
61
61
61
61
62
62
62
62
62
63
63
63
64
64
64
64
64
65
65
66
66
67
67
68
69
70
72
72
73
73
73
73
74
74
74
74
75
76
76
77
78
80
80
81
81
82
82
82
84
86
87
88
88
89
89
90
90
90
91
92
93
93
93
94
94
94
95
96
97
97
97
97
97
97
97
97
98
99
99
99
100
100
100
101
102
102
102
102
103
103
103
105
105
105
105
105
105
106
107
107
108
108
108
109
110
110
110
110
110
110
110
110
110
110
111
111
111
112
112
112
112
112
113
114
114
114
115
116
117
117
117
118
118
118
118
118
119
119
119
119
119
120
120
120
122
122
123
123
123
124
124
124
125
125
125
126
126
127
128
128
128
129
129
129
130
131
131
134
134
135
136
136
136
137
137
137
137
137
138
138
139
139
141
141
141
141
142
142
142
142
143
143
143
143
143
144
144
145
145
146
146
147
148
148
148
148
149
150
151
151
151
152
152
152
152
153
153
153
154
154
154
156
156
156
157
157
157
158
158
158
158
159
159
159
159
160
160
160
161
161
161
162
162
163
163
163
163
164
164
164
164
165
165
165
166
166
166
167
167
167
167
168
168
168
168
168
168
169
169
169
169
170
170
170
171
171
171
172
172
173
173
173
173
173
174
174
174
174
175
175
175
175
175
175
175
176
176
176
176
176
177
178
178
178
178
179
179
179
179
179
179
180
180
181
181
181
181
181
182
182
182
182
182
182
182
182
182
183
183
183
183
183
183
183
183
183
183
183
183
183
183
184
184
184
184
184
184
184
184
184
184
184
184
184
184
184
185
185
185
185
185
185
185
185
185
185
185
186
186
186
186
186
186
186
186
186
186
186
186
186
187
187
187
188
188
188
188
188
188
188
188
189
189
189
189
190
190
190
190
190
190
190
190
190
191
191
191
191
191
191
192
192
192
192
192
192
192
192
192
193
193
193
193
193
193
193
193
193
194
194
194
194
195
195
195
196
196
196
196
196
196
196
196
197
197
198
198
198
198
198
198
199
199
199
199
199
199
199
199
199
199
199
199
199
199
200
200
200
201
201
202
202
202
203
203
203
203
204
204
204
204
204
204
204
205
205
205
206
206
206
207
207
207
207
207
207
207
208
208
208
208
208
209
209
209
209
209
211
211
211
213
213
213
213
213
213
213
214
214
214
214
214
214
215
215
215
215
215
215
216
217
217
217
218
218
218
218
218
218
218
218
218
219
219
219
219
219
220
220
220
220
220
220
220
220
221
221
222
223
223
224
225
225
226
226
227
227
228
228
228
228
228
228
228
228
230
232
232
233
233
233
233
234
234
234
234
234
235
235
235
235
235
235
235
235
235
235
235
236
236
236
236
238
238
238
239
239
239
241
242
242
242
244
244
244
245
246
247
251
252
253
253
254
254
255
255
255
255
257
259
260
260
260
261
263
263
264
265
266
267
267
268
268
268
269
270
271
271
272
272
272
273
274
274
274
274
274
274
275
275
276
276
276
276
276
278
278
279
279
280
280
281
282
282
282
282
282
282
282
282
283
283
283
284
284
285
285
286
286
287
288
288
288
288
288
288
289
289
290
290
291
291
292
292
292
292
293
294
294
295
295
295
295
296
297
297
297
297
298
298
298
299
299
300
300
300
300
300
302
302
302
303
303
303
304
304
304
305
305
305
306
306
306
306
307
307
308
308
308
309
310
310
311
312
312
314
314
314
315
315
315
315
316
316
316
316
316
317
317
318
318
319
320
321
321
323
323
323
324
325
325
325
326
326
326
326
326
326
326
326
326
326
328
328
328
329
329
329
330
330
330
330
330
331
331
331
331
332
333
333
333
334
334
334
334
335
335
336
336
336
336
336
336
337
337
338
338
338
339
339
339
340
340
340
340
340
340
340
341
341
343
343
343
343
343
343
344
344
344
344
344
345
345
346
346
347
347
347
348
349
349
349
349
349
350
350
350
350
351
351
351
352
352
352
352
352
353
353
354
354
355
355
356
356
356
357
357
359
359
360
360
361
361
362
362
362
362
362
362
362
363
363
363
363
363
364
365
365
365
365
366
366
367
367
367
367
368
368
368
368
369
369
369
369
369
369
370
370
370
370
370
371
371
371
371
371
371
371
371
372
372
372
373
373
373
373
374
374
374
374
376
376
376
376
377
377
377
377
377
377
377
377
378
378
379
380
380
381
381
381
382
383
383
383
383
383
383
383
383
384
384
384
384
385
385
386
387
387
388
388
389
389
389
389
390
390
393
393
394
394
394
396
396
396
397
397
397
398
398
398
398
398
398
398
398
399
399
399
399
400
400
400
401
401
401
401
402
402
402
402
403
403
403
403
403
403
404
404
404
404
404
404
405
405
406
406
406
406
406
407
407
407
407
407
407
407
408
408
408
408
408
408
408
409
409
409
409
409
409
409
409
409
409
409
410
410
410
410
410
411
411
411
412
412
412
413
413
413
413
413
413
413
413
414
415
415
415
415
415
416
416
416
416
416
416
416
416
416
416
417
417
417
417
417
417
417
417
417
418
418
418
418
418
418
418
418
419
419
419
419
419
419
420
420
420
420
420
420
420
421
421
422
422
422
423
423
423
423
423
423
423
423
424
424
424
424
424
424
425
425
425
425
425
425
426
426
426
426
426
426
426
426
426
426
427
427
427
427
428
428
428
428
429
429
429
430
431
431
431
431
431
432
432
432
433
433
434
434
434
434
434
434
434
435
435
435
435
435
435
435
435
435
436
436
437
437
437
437
437
437
437
437
438
438
438
438
438
438
439
439
439
439
439
439
439
440
440
440
440
440
440
441
441
441
441
441
441
442
442
443
443
443
443
443
443
443
443
444
444
444
445
445
445
445
445
445
445
445
446
447
447
448
448
448
448
448
448
448
449
450
450
450
450
450
450
450
450
450
450
450
451
451
451
451
451
451
452
452
452
452
453
453
454
454
454
455
455
455
455
455
456
456
456
457
458
458
458
458
458
459
459
459
459
459
459
460
460
460
461
461
462
462
463
463
463
466
466
469
471
471
471
473
473
473
474
474
474
476
479
479
479
480
483
483
484
485
485
486
487
487
487
488
488
489
489
491
491
492
495
495
496
497
499
500
500
501
501
501
502
502
502
505
506
506
506
508
515
515
517
518
518
519
524
526
526
530
530
532
533
533
534
534
535
537
537
538
538
538
538
539
539
539
540
542
543
543
543
545
546
548
550
551
552
552
553
554
554
554
556
557
559
559
560
560
561
562
563
563
563
564
564
564
564
564
565
565
566
567
568
570
570
571
571
572
573
573
573
574
574
575
576
576
577
577
577
578
578
578
579
579
580
580
580
580
581
582
582
583
584
584
584
585
586
586
588
588
588
590
590
591
591
591
592
593
594
596
597
597
598
599
599
601
601
602
602
602
604
604
605
607
607
610
611
611
612
612
612
613
614
614
614
615
615
616
616
616
616
617
618
619
619
619
619
620
620
623
625
627
630
631
634
634
636
640
642
644
650
653
657
659
670
673
674
674
674
675
678
679
679
679
679
685
685
690
692
693
693
694
695
696
696
696
697
697
697
698
698
699
699
699
699
700
701
701
702
702
702
703
703
703
703
703
704
704
704
704
706
706
707
707
708
709
709
709
709
709
710
710
712
712
712
712
713
713
714
714
714
716
717
717
717
720
720
721
721
721
722
722
727
729
729
729
731
734
734
734
735
735
737
740
742
742
742
742
744
744
753
753
764
769
770
772
772
776
782
784
785
786
788
793
794
795
797
798
798
811
813
814
814
822
822
823
824
827
829
831
838
838
840
844
848
849
849
851
856
859
862
866
874
885
886
886
891
895
896
897
900
902
907
912
920
928
930
934
934
939
941
945
951
956
956
957
958
958
958
959
966
968
971
971
972
974
978
980
981
982
986
989
990
996
1002
1010
1017
1019
1019
1019
1023
1024
1027
1028
1030
1032
1055
1057
1061
1062
1062
1062
1063
1065
1067
1068
1069
1071
1073
1073
1074
1075
1075
1075
1075
1079
1080
1081
1082
1083
1083
1084
1087
1090
1090
1092
1092
1092
1093
1093
1093
1093
1094
1094
1095
1096
1097
1098
1100
1101
1102
1103
1104
1104
1105
1105
1105
1110
1111
1111
1112
1114
1116
1118
1118
1119
1120
1121
1121
1121
1122
1122
1122
1123
1124
1124
1125
1126
1127
1129
1129
1130
1131
1132
1132
1132
1132
1133
1133
1134
1139
1141
1142
1144
1144
1144
1160
1201
1208
1209
1220
1220
1220
1220
1238
1242
1246
1246
1247
1249
1249
1249
1252
1260
1261
1261
1262
1262
1263
1263
1267
1269
1269
1270
1270
1270
1271
1271
1272
1274
1274
1275
1276
1280
1281
1281
1283
1284
1285
1285
1285
1286
1287
1291
1300
1300
1301
1330
1334
1338
1339
1356
1356
1361
1363
1370
1370
1373
1373
1374
1377
1377
1385
1385
1396
1403
1405
1407
1408
1410
1424
1426
1430
1508
1522
1606
1606
1607
1608
1637
1637
1646
1646
1652
1653
1654
1660
1662
1664
1665
1668
1673
1675
1677
1680
1684
1693
1719
1721
1721
1722
1722
1741
1765
1770
1772
1782
1784
1790
1792
1794
1794
1794
1796
1801
1804
1806
1852
1879
1895
1895
1924
1934
1935
1999
2008
2052
2056
2058
2059
2059
2062
2062
2068
2069
2076
2077
2077
2078
2079
2079
2082
2083
2084
2084
2089
2096
2097
2098
2101
2103
2104
2107
2110
2112
2113
2114
2128
2132
2143
2151
2177
2200
2201
2269
2348
2366
2367
2368
2371
2398
2419
2436
2437
2448
2456
2461
2464
2466
2467
2467
2467
2468
2468
2468
2469
2469
2469
2469
