0
2
2
2
3
3
3
4
4
4
4
5
5
5
6
6
6
7
7
7
7
7
7
8
8
8
8
8
8
8
8
8
9
9
9
9
9
9
9
9
10
10
10
10
10
10
10
10
10
10
10
11
11
11
11
11
11
11
11
11
11
11
11
11
11
12
12
12
12
12
12
12
12
12
12
12
12
12
12
13
13
13
13
13
13
13
13
14
14
14
14
14
15
15
15
15
16
16
16
16
16
17
17
17
17
17
17
17
17
17
18
18
18
18
18
18
18
18
18
19
19
20
20
20
21
21
21
21
21
21
21
21
21
21
21
22
22
22
22
22
22
23
23
23
23
23
23
24
24
24
24
24
24
25
25
25
25
26
26
26
26
26
26
27
27
27
27
27
28
28
28
28
28
28
29
29
29
29
29
30
30
30
30
30
30
30
30
30
30
30
31
31
31
31
31
31
31
31
31
31
32
32
32
32
32
32
32
32
32
32
33
33
33
33
33
33
33
33
33
33
34
34
34
34
34
34
34
34
34
35
35
35
35
35
35
35
35
36
36
36
36
37
37
37
37
37
37
37
38
38
38
38
39
39
39
39
40
40
40
40
41
42
42
42
42
43
43
43
43
43
43
44
44
44
44
45
45
45
45
45
45
45
46
46
46
46
46
46
46
47
47
47
47
47
47
48
48
48
49
49
49
49
49
49
50
50
50
50
50
50
50
50
51
51
51
51
51
51
51
52
52
52
53
53
53
53
53
53
53
53
53
53
53
53
54
54
54
54
54
54
54
54
54
55
55
55
55
55
56
56
56
56
56
56
57
57
57
57
57
57
57
57
58
58
58
58
58
58
59
59
59
59
59
59
60
60
60
60
60
60
60
61
61
61
61
61
61
61
62
62
62
62
62
62
62
62
62
62
62
63
63
63
63
63
63
63
63
64
64
64
64
64
64
64
64
64
65
65
65
65
65
65
65
65
65
65
65
66
66
66
66
66
66
66
66
66
66
66
66
67
67
67
67
67
67
68
68
68
68
68
68
68
68
68
68
69
69
69
69
69
69
69
69
69
69
69
69
70
70
70
70
70
70
70
70
70
70
70
70
70
71
71
72
72
72
73
73
74
75
75
75
75
75
75
76
76
76
76
77
77
77
77
77
77
78
78
78
78
78
78
79
79
79
79
79
79
79
79
79
79
79
79
80
80
80
80
80
80
81
81
81
81
81
81
82
82
82
82
82
83
83
83
83
83
83
84
84
85
85
85
86
86
88
88
88
88
89
89
89
89
89
90
90
90
90
90
90
90
91
91
91
92
92
92
92
92
93
93
93
94
94
94
94
94
94
94
95
95
95
95
95
95
95
95
95
95
95
95
95
95
95
95
95
95
95
96
96
96
96
96
96
96
97
97
97
97
97
98
98
98
98
98
99
99
99
99
100
100
100
100
100
101
101
101
102
102
102
102
102
102
102
103
103
103
103
104
104
104
105
105
105
106
106
106
106
106
107
107
107
107
107
109
109
109
109
109
110
110
111
111
112
112
112
113
113
113
113
114
115
115
115
115
115
115
116
116
116
117
117
117
117
117
118
118
118
118
119
119
119
120
120
120
121
121
121
121
122
122
123
123
123
123
124
124
124
124
125
125
126
126
126
126
126
127
127
127
127
127
127
127
127
128
129
129
129
129
129
130
130
130
131
131
131
131
131
131
131
131
132
132
132
132
133
133
133
134
134
134
134
134
135
135
135
135
135
135
136
136
136
136
137
137
137
137
137
137
137
137
137
138
138
139
139
139
139
140
140
140
140
141
141
141
142
142
142
142
142
142
142
143
143
144
144
144
144
144
144
145
145
145
145
145
145
145
146
146
146
146
146
146
146
146
147
147
147
147
147
147
147
147
148
148
148
148
148
148
148
149
149
149
149
149
150
150
151
151
151
151
152
152
152
152
153
153
153
153
153
153
153
153
154
154
154
155
155
155
156
156
157
158
158
159
159
159
159
159
159
159
160
160
160
161
161
161
162
162
163
163
163
163
164
164
164
164
164
164
164
164
165
166
167
167
167
167
167
167
167
167
168
168
169
169
169
169
169
169
170
171
171
171
171
171
171
172
172
172
172
172
173
173
173
174
174
174
174
175
175
175
175
177
178
180
180
181
182
182
183
183
184
185
185
185
186
186
187
187
187
187
189
189
190
190
190
190
190
191
191
191
191
191
192
192
192
193
193
193
194
195
196
197
197
197
197
197
198
198
198
198
198
198
199
201
201
203
204
204
205
206
207
207
207
207
207
207
210
211
211
212
213
217
217
218
218
219
219
219
219
220
220
220
221
221
221
222
223
224
225
226
227
229
229
230
230
230
230
232
233
233
233
233
234
234
235
235
235
236
237
238
238
239
239
240
241
242
243
243
244
244
244
245
245
245
246
246
247
247
247
248
248
248
249
249
249
250
251
251
252
252
253
253
253
255
256
256
258
258
258
258
260
260
261
261
261
261
261
262
262
262
262
263
266
266
267
267
267
268
268
270
270
270
270
271
271
272
273
273
273
273
273
274
275
275
276
276
277
277
277
277
279
279
281
281
283
283
284
284
284
284
285
285
285
285
286
286
286
288
288
288
290
290
290
292
292
292
293
293
293
294
294
295
296
297
298
298
298
299
299
299
300
300
300
300
301
302
303
303
306
306
306
306
308
308
309
311
311
314
314
314
314
315
315
316
317
317
318
321
321
321
322
323
323
323
325
328
328
328
328
329
329
329
330
330
331
331
332
333
334
335
336
339
339
339
340
341
341
341
341
342
342
342
343
344
345
345
345
346
346
348
348
349
349
350
350
350
351
351
351
351
351
352
353
353
354
355
355
355
357
358
358
359
359
360
361
361
361
362
363
363
364
367
367
368
371
371
371
372
373
373
373
373
374
375
376
376
376
376
376
376
377
377
377
377
378
379
379
380
380
380
380
380
380
381
381
381
382
382
382
382
383
384
386
388
388
389
389
389
389
389
389
390
390
391
391
391
391
392
392
392
393
393
393
393
394
395
396
396
397
397
397
398
398
398
399
399
399
399
400
400
401
401
401
402
404
404
405
406
406
406
407
407
408
409
410
411
413
414
414
414
414
415
416
416
416
416
417
418
418
418
418
419
419
419
419
420
423
423
423
423
425
425
426
426
426
427
428
428
429
430
430
430
430
432
432
432
432
434
435
435
435
435
435
435
435
436
437
437
438
438
438
439
439
439
439
439
440
440
440
443
444
444
446
446
447
447
447
448
449
451
451
452
454
456
456
456
456
458
459
459
460
461
461
461
461
463
464
464
464
465
466
466
467
467
467
467
467
467
468
468
469
469
469
469
470
470
470
471
472
473
474
475
475
475
476
477
477
477
477
477
481
481
482
482
484
484
486
487
488
488
488
489
490
490
491
492
495
496
496
497
497
498
501
502
502
506
507
508
509
512
512
512
512
513
513
514
514
515
515
518
520
521
522
522
522
523
523
524
524
525
525
525
525
525
525
525
525
526
526
526
526
527
527
527
528
528
529
529
529
530
530
531
531
531
531
531
532
533
533
533
533
533
534
534
534
534
534
535
535
536
536
536
536
536
536
536
536
537
538
538
540
541
541
542
543
543
543
544
545
545
546
546
547
547
548
548
551
552
552
552
553
553
553
554
556
556
560
561
562
562
564
565
566
566
567
567
568
569
569
569
570
571
572
572
572
573
573
574
576
577
578
578
579
579
581
582
583
584
584
586
587
587
588
588
588
588
590
591
594
595
596
597
599
599
600
600
601
602
603
604
605
605
606
606
606
606
607
607
607
607
609
609
609
609
610
610
611
611
612
613
613
613
613
614
614
616
616
617
618
619
619
620
621
621
623
624
626
627
627
627
628
631
633
635
636
636
637
639
640
641
643
644
644
645
645
650
650
651
654
655
655
657
657
658
658
658
659
660
660
661
662
662
662
666
667
668
669
670
670
675
676
676
680
681
681
683
685
686
686
686
686
686
687
687
687
687
687
687
688
689
689
690
690
691
691
692
692
693
694
694
695
695
696
697
697
697
698
699
699
703
705
707
708
709
710
710
710
710
711
712
713
713
713
714
718
718
719
719
719
720
720
721
721
722
723
723
723
724
724
724
728
728
729
730
732
732
733
733
735
735
736
737
738
738
738
739
739
739
740
741
741
742
742
743
743
744
745
745
745
745
745
746
747
747
749
749
751
752
753
754
754
754
755
757
758
759
761
761
762
763
764
766
768
768
768
769
770
770
770
770
770
770
770
770
772
772
773
773
773
773
774
774
775
776
776
776
777
778
778
780
780
780
782
782
783
784
786
786
787
788
788
788
788
789
789
789
790
790
790
791
791
791
792
792
792
793
793
793
793
793
794
794
794
795
796
797
797
798
799
799
799
800
800
801
801
801
802
803
804
804
805
805
805
806
807
808
808
808
810
810
811
812
813
814
817
817
817
818
819
819
819
819
820
820
821
821
821
823
823
824
824
824
825
826
827
827
827
832
833
834
835
839
841
841
841
842
843
846
851
857
858
858
859
860
861
867
873
875
875
876
876
877
878
881
884
886
886
887
887
887
887
888
888
888
889
890
890
891
891
892
892
893
893
894
894
897
897
898
899
899
899
900
900
900
900
902
902
907
908
909
909
909
912
913
913
913
915
915
916
916
917
917
917
917
917
918
918
918
919
919
919
921
921
922
924
924
925
925
925
928
932
932
932
933
934
934
936
938
940
941
946
948
950
952
953
954
956
957
961
966
966
968
976
978
979
986
988
988
988
989
996
998
999
999
1000
1000
1004
1014
1019
1021
1028
1028
1029
1029
1029
1029
1032
1034
1035
1037
1053
1060
1060
1062
1063
1068
1081
1081
1082
1082
1085
1085
1086
1087
1087
1087
1088
1088
1090
1090
1093
1096
1096
1096
1098
1098
1101
1101
1104
1107
1107
1109
1109
1109
1109
1113
1116
1118
1119
1119
1120
1120
1121
1123
1125
1127
1128
1128
1131
1132
1133
1134
1135
1136
1139
1140
1142
1142
1143
1151
1153
1160
1160
1162
1169
1170
1171
1172
1172
1173
1174
1176
1176
1179
1182
1182
1183
1184
1190
1191
1201
1206
1212
1220
1221
1223
1223
1226
1232
1232
1233
1234
1235
1235
1236
1236
1238
1238
1239
1242
1243
1243
1244
1245
1248
1248
1250
1252
1254
1256
1265
1267
1271
1278
1280
1281
1283
1283
1286
1287
1292
1294
1301
1302
1305
1328
1332
1334
1335
1335
1339
1348
1348
1350
1353
1353
1355
1356
1357
1359
1367
1368
1371
1374
1376
1378
1378
1382
1393
1399
1401
1402
1403
1404
1404
1412
1417
1418
1419
1420
1420
1422
1423
1423
1423
1425
1425
1426
1429
1429
1430
1442
1446
1446
1449
1450
1453
1456
1459
1466
1473
1499
1502
1506
1510
1515
1517
1522
1523
1525
1525
1527
1527
1529
1531
1536
1537
1538
1538
1538
1545
1553
1557
1558
1559
1563
1567
1570
1571
1571
1576
1580
1587
1592
1592
1592
1592
1594
1599
1604
1604
1606
1607
1608
1612
1612
1617
1619
1620
1627
1627
1629
1629
