0
1
2
3
3
3
3
4
4
4
4
5
5
6
6
6
7
7
7
7
8
8
8
8
8
8
8
8
8
8
9
9
9
9
9
9
9
9
9
9
10
10
10
10
10
10
10
10
10
10
10
10
10
10
10
10
10
10
11
11
11
11
11
11
11
11
11
11
11
12
12
12
12
12
12
12
12
13
13
13
13
13
13
14
14
14
14
14
15
15
15
16
16
16
17
17
17
18
18
18
18
19
19
19
20
20
20
21
21
22
22
23
23
23
24
24
24
24
24
24
24
24
25
25
26
26
27
27
27
27
27
28
28
28
28
28
28
28
29
29
29
29
30
30
30
31
31
31
31
32
33
33
33
34
35
35
35
36
36
36
36
37
38
38
38
39
39
40
40
40
41
41
41
41
42
42
42
42
44
45
46
46
46
47
47
47
48
48
49
49
49
49
49
50
50
51
51
51
51
52
52
53
53
54
54
54
54
54
54
54
54
55
55
56
57
57
58
58
58
59
59
60
60
61
63
63
64
65
65
66
67
68
68
69
70
71
73
73
73
74
74
75
76
77
77
78
79
79
80
80
80
80
81
81
82
82
83
84
84
84
84
85
86
86
87
87
87
89
89
89
90
90
91
92
92
94
96
97
97
98
103
103
104
104
104
105
105
105
105
108
108
108
108
109
109
110
110
110
111
111
112
113
113
114
114
114
114
114
114
115
115
115
115
115
115
116
116
117
117
117
117
117
118
118
118
118
118
118
119
120
120
121
122
122
123
124
124
125
125
125
126
126
126
126
126
126
127
127
128
128
128
128
128
128
129
129
130
130
130
130
130
131
133
133
134
135
135
135
135
136
137
137
138
138
138
138
139
139
139
139
140
140
140
141
141
141
141
142
142
142
143
143
143
144
144
144
144
145
145
145
146
146
146
146
146
146
146
146
146
146
146
146
146
146
147
147
147
147
147
148
148
149
149
149
150
150
150
150
150
151
151
151
151
151
152
152
152
152
152
153
153
154
155
155
155
155
155
156
156
156
158
158
159
159
160
160
161
163
163
163
163
164
165
165
165
167
170
171
172
175
176
176
177
178
179
179
180
181
182
182
183
183
183
183
184
185
186
186
186
186
187
187
187
188
188
191
191
191
191
192
192
192
192
192
192
193
193
193
193
193
193
194
194
194
195
195
195
196
196
196
196
196
196
196
197
197
197
197
198
198
199
199
199
200
201
201
202
202
202
202
203
203
204
204
204
205
205
205
206
206
206
206
206
206
206
206
207
207
207
208
208
208
208
209
210
210
211
211
211
211
211
212
213
213
213
213
214
214
215
215
215
215
216
216
217
217
218
219
219
220
221
223
223
224
224
224
225
225
226
226
226
227
227
227
228
229
229
230
230
231
231
232
232
233
234
234
234
234
235
235
235
236
236
236
237
237
237
237
238
238
239
239
240
241
242
242
243
243
243
243
246
246
247
247
247
247
248
248
250
250
250
251
251
251
252
253
254
255
255
255
256
256
256
257
257
257
257
258
258
258
259
260
260
260
261
261
261
262
262
262
262
263
263
264
264
265
266
267
267
268
268
268
269
269
269
269
270
270
270
271
271
271
271
271
271
271
271
272
272
272
273
273
273
274
274
274
275
275
275
275
275
275
276
276
276
276
276
276
276
277
277
277
277
277
277
277
278
278
278
279
279
280
280
281
283
283
283
285
285
285
285
286
286
286
286
287
288
288
288
289
289
290
290
290
290
291
291
291
292
293
293
294
294
294
295
296
296
296
298
300
300
300
301
302
302
303
303
303
303
303
303
304
304
304
305
305
306
307
307
307
307
308
308
308
308
308
310
310
311
311
311
312
313
313
315
315
316
316
317
317
318
318
319
319
319
320
320
321
321
322
322
322
323
323
324
325
326
329
329
329
329
333
334
334
335
335
335
335
337
338
339
340
340
342
342
343
344
345
345
346
346
347
348
348
348
348
349
349
349
349
349
349
349
349
349
349
350
350
350
351
351
351
352
352
352
352
352
352
353
353
354
354
354
355
355
355
355
356
356
356
356
356
357
357
357
358
358
359
359
360
361
361
361
361
363
363
363
363
364
364
364
364
365
366
366
367
367
367
367
368
368
368
368
368
368
369
370
370
370
370
370
370
371
372
372
372
373
374
374
374
375
375
376
376
376
376
377
377
379
380
381
381
381
381
383
384
384
384
385
385
386
386
386
387
388
388
389
389
389
390
391
391
392
392
392
393
393
394
394
395
395
395
395
395
396
397
397
397
397
398
398
398
398
398
399
399
400
400
401
401
401
402
402
402
402
403
404
404
405
405
405
405
405
406
406
406
406
407
407
407
408
408
408
408
409
409
410
410
410
410
411
411
411
411
411
411
411
411
411
412
413
413
413
415
416
416
416
417
417
417
417
417
417
418
419
419
419
420
420
420
420
422
422
423
424
424
424
424
426
426
427
427
430
430
430
431
431
431
432
432
432
434
434
434
435
435
436
436
437
437
437
437
437
437
438
438
438
438
438
438
438
438
439
439
440
440
440
441
442
443
443
443
443
443
444
444
445
445
445
445
446
447
447
447
448
448
448
448
451
451
453
453
454
455
456
456
456
456
456
459
459
460
460
462
463
463
463
464
464
464
465
465
465
465
465
465
465
466
466
467
467
467
467
467
468
468
469
469
471
471
471
471
471
471
472
472
473
473
473
473
473
473
474
475
475
475
475
476
476
477
478
478
479
480
480
480
481
481
481
482
483
486
486
486
487
487
487
488
490
496
496
497
497
497
499
501
501
503
503
503
504
504
505
505
506
510
511
512
514
514
514
515
516
517
518
519
520
524
526
529
530
530
532
533
533
537
539
541
542
542
542
542
542
542
544
545
547
547
547
547
550
550
550
551
551
551
551
551
553
554
554
557
558
559
559
561
561
561
561
561
562
562
562
563
565
565
566
567
568
570
574
574
575
575
575
575
576
576
578
584
586
587
588
588
588
588
592
592
592
593
594
596
596
597
600
603
604
605
615
618
622
622
625
626
627
627
627
627
628
628
628
628
630
630
633
634
635
637
638
639
639
639
640
640
641
641
641
641
642
642
643
643
643
643
644
644
644
645
645
650
653
656
657
657
657
657
659
660
663
664
664
665
667
668
670
671
671
673
673
673
673
674
674
675
675
676
676
678
682
683
684
684
685
686
686
687
687
688
688
689
690
690
691
692
693
693
693
697
699
700
701
702
703
703
705
706
706
707
708
710
711
711
711
711
712
712
712
713
714
714
716
716
719
720
721
721
721
723
724
725
725
725
726
726
727
727
727
728
728
728
728
728
729
730
730
730
731
731
731
737
740
743
743
745
747
751
754
754
768
768
770
771
772
778
782
784
788
795
801
808
809
809
810
810
810
811
811
811
812
812
822
825
827
829
830
831
833
836
839
840
841
841
841
841
842
842
843
843
844
845
847
848
848
849
849
849
849
849
850
850
851
852
852
855
856
856
857
857
857
857
858
858
860
860
860
862
871
871
871
872
873
873
873
875
875
877
878
878
879
879
880
880
880
880
885
889
890
890
890
891
897
905
910
912
916
919
924
925
930
931
936
936
936
938
939
939
940
941
941
942
945
945
945
946
946
947
948
948
948
948
949
951
951
952
952
954
957
957
957
957
958
958
959
959
959
959
959
960
960
961
963
964
965
968
969
977
979
980
981
981
981
985
985
986
990
991
993
998
998
1000
1003
1008
1009
1010
1010
1011
1011
1011
1011
1011
1011
1012
1014
1015
1020
1020
1021
1022
1023
1026
1026
1027
1027
1027
1028
1028
1028
1028
1028
1031
1031
1031
1032
1034
1044
1046
1048
1048
1050
1051
1051
1052
1054
1054
1054
1056
1057
1058
1059
1061
1061
1062
1062
1065
1067
1067
1069
1073
1073
1073
1074
1074
1075
1076
1077
1082
1090
1090
1091
1092
1098
1102
1103
1103
1103
1103
1111
1135
1139
1141
1142
1146
1152
1152
1154
1155
1156
1156
1156
1162
1165
1169
1186
1204
1210
1215
1221
1224
1224
1246
1247
1250
1255
1258
1258
1261
1261
1268
1268
1269
1270
1270
1273
1274
1275
1275
1276
1276
1277
1278
1279
1280
1280
1285
1286
1286
1288
1291
1291
1292
1292
1293
1295
1299
1302
1302
1302
1302
1304
1309
1309
1311
1312
1313
1313
1317
1320
1339
1345
1346
1349
1351
1354
1362
1362
1363
1365
1368
1370
1375
1386
1394
1394
1395
1398
1398
1403
1410
1411
1413
1417
1417
1420
1420
1421
1434
1463
1498
1499
1499
1500
1502
1502
1503
1503
1504
1507
1508
1508
1508
1511
1511
1511
1513
1514
1516
1518
1521
1522
1524
1526
1527
1527
1527
1527
1528
1528
1530
1530
1532
1537
1538
1539
1540
1541
1542
1543
1544
1544
1545
1546
1547
1548
1548
1548
1548
1548
1549
1549
1549
1550
1550
1551
1552
1553
1553
1554
1554
1557
1557
1561
1561
1562
1562
1562
1563
1564
1564
1564
1564
1565
1566
1566
1566
1567
1568
1568
1569
1569
1570
1572
1574
1574
1576
1577
1577
1577
1579
1600
1601
1601
1601
1607
1611
1623
1652
1655
1656
1658
1660
1661
1663
1664
1669
1669
1680
1680
1680
1680
1690
1690
1693
1702
1705
1707
1707
1718
1722
1724
1745
1751
1752
1753
1754
1769
1775
1780
1781
1781
1784
1784
1785
1785
1785
1787
1788
1796
1797
1818
1851
1851
1853
1854
1864
1866
1871
1872
1887
1894
1897
1912
1916
1923
1924
1926
1931
1938
1939
1942
1943
1943
1946
1946
1952
1954
1958
1960
1960
1961
1963
1963
1965
1965
1969
1976
1980
1981
1989
1989
1990
1993
1993
1997
1998
2002
2002
2003
2005
2005
2008
2012
2013
2016
2019
2021
2024
2026
2028
2029
2030
2030
2031
2048
2051
2053
2054
2056
2059
2063
2070
2070
2071
2075
2076
2077
2083
2085
2088
2097
2099
2102
2103
2103
2109
2113
2114
2118
2120
2122
2157
2157
2158
2172
2177
2202
2205
2233
2241
2242
2245
2259
2261
2279
2282
2292
2300
2302
2302
2304
2304
2306
2306
2306
2307
2307
2314
2324
2324
2325
2326
2330
2331
2333
2334
2334
2347
2349
2350
2351
2352
2355
2355
2356
2356
2357
2357
2358
2362
2362
2363
2363
2369
2370
2370
2392
2397
2398
2398
2401
2402
2406
2409
2409
2414
2419
2422
2425
2438
2439
2439
2445
2449
2449
2451
2456
2458
2459
2460
2469
2478
2480
2483
2485
2485
2487
2488
2518
2521
2524
2546
2562
2575
2584
2607
2608
2609
2672
2673
2688
2694
2696
2696
2697
2721
2737
2741
2748
2765
2765
2766
2767
2767
2768
2769
2770
2771
2771
2772
2772
2779
2787
2788
2796
2816
2827
2829
2867
2883
2892
2893
2913
2914
2915
2928
2930
2936
2937
2938
2959
2971
3038
3042
3043
3043
3045
3047
3049
3050
3052
3055
3059
3064
3064
3064
3067
3070
3070
3070
3074
3074
3075
3079
3222
3226
3233
3236
3248
3249
3251
3255
3257
3257
3261
3303
3333
3337
3338
3339
3343
3346
3346
3347
3348
3349
3352
3353
3354
3361
3371
3389
3389
3462
3470
3477
3477
3486
3486
3487
3488
3498
3502
3505
3510
3511
3513
3514
3515
3515
3516
3520
3520
3521
3522
3522
3524
3524
3525
3525
3528
3531
3532
3532
3535
3540
3541
3543
3545
3549
3550
3550
3550
3551
3554
3556
3559
3561
3563
3567
3573
3576
3579
3580
3582
3583
3584
3584
3599
3613
3614
3617
3617
3618
3619
3620
3621
3622
3622
3623
3624
3627
3630
3631
3653
3655
3670
3670
3673
3680
3713
3730
3751
3754
3754
3755
3761
3769
3773
3786
3790
3797
3812
3815
3826
3837
3849
3858
3859
3886
3892
3932
3986
4008
4012
4017
4020
4027
4031
4032
4033
4185
4187
4193
4194
4199
4201
4204
4204
4205
