0
1
1
2
2
3
3
5
5
6
6
6
7
7
8
8
8
8
9
9
10
10
10
10
11
11
11
11
12
12
12
12
13
13
14
14
14
15
15
16
16
16
16
16
16
16
17
18
18
19
19
19
19
20
20
20
20
20
20
21
21
21
22
22
22
22
22
23
23
23
24
24
24
24
25
25
26
26
27
28
28
29
29
29
29
29
29
29
29
30
30
30
30
30
30
31
31
31
31
31
32
32
32
32
32
32
32
33
33
33
34
34
35
35
35
35
35
36
36
37
37
37
37
37
37
37
38
38
38
38
38
39
39
39
39
40
40
40
40
40
40
40
41
41
42
42
43
43
43
44
44
44
45
46
46
46
46
47
47
48
49
49
49
49
50
50
50
51
51
52
53
53
54
54
55
55
55
56
56
57
57
57
58
59
59
60
60
60
60
61
61
63
64
64
65
65
65
65
65
66
66
66
66
67
67
67
67
68
68
69
69
69
70
70
70
70
70
70
70
71
71
71
72
72
72
73
73
73
74
75
75
76
76
76
76
77
78
78
79
79
80
80
81
81
82
83
84
84
84
87
90
90
90
90
92
92
93
93
93
94
94
94
95
96
97
98
98
98
99
100
100
101
101
103
103
103
103
105
106
108
108
108
108
109
113
114
114
115
115
116
116
116
116
116
116
117
117
117
118
118
118
120
120
122
122
123
123
123
124
124
125
125
127
127
127
127
128
128
129
129
131
131
131
132
133
133
134
134
134
135
135
136
136
136
137
137
137
138
139
139
139
139
140
140
141
141
141
141
141
142
142
142
142
142
142
143
143
143
143
143
143
144
144
144
144
145
145
145
145
145
145
146
146
147
147
147
147
147
147
147
148
148
148
149
150
150
150
150
150
150
150
150
151
151
151
151
151
151
151
152
152
152
152
153
153
153
153
153
153
153
154
154
154
155
155
155
155
156
156
156
157
157
157
158
158
158
159
159
160
160
160
161
161
161
161
161
161
161
161
162
162
162
163
163
163
163
163
164
164
164
164
164
164
164
164
164
164
164
164
164
165
165
165
166
166
167
167
167
167
167
168
168
168
168
168
169
170
171
172
172
173
173
173
173
173
173
174
174
174
174
175
175
175
175
176
177
178
178
178
179
179
179
180
180
182
182
182
182
183
183
183
183
184
185
185
185
185
186
188
188
188
189
189
189
190
190
191
191
191
192
192
192
192
192
192
192
192
192
192
192
192
193
193
193
193
193
193
193
193
193
193
193
193
193
193
194
194
194
194
194
194
194
194
194
195
195
195
195
196
196
196
196
197
197
197
198
199
199
199
200
200
200
200
201
201
201
202
202
202
202
202
202
203
203
203
203
203
204
204
204
204
204
204
204
205
205
205
206
206
207
207
207
208
208
208
209
209
211
212
212
212
213
213
215
215
217
217
218
218
218
219
222
224
225
225
225
225
233
234
236
236
236
236
236
237
238
238
240
242
243
245
245
246
248
248
249
250
252
253
254
255
255
255
255
255
256
256
256
256
257
258
258
258
258
259
262
262
264
264
266
267
268
269
270
271
272
273
275
277
278
280
281
282
284
284
284
286
286
286
286
290
293
294
295
300
300
302
302
303
303
303
304
304
305
306
307
307
308
309
309
310
310
311
312
312
312
312
313
313
314
315
316
316
317
317
318
318
324
324
325
325
325
327
328
331
331
331
332
334
335
335
335
335
335
337
337
338
341
342
345
345
345
345
347
354
355
355
358
359
372
374
379
380
386
392
393
395
404
406
407
408
408
408
413
414
415
415
415
415
420
423
423
423
423
426
429
431
432
434
436
437
437
437
439
440
443
446
448
449
449
450
451
453
455
455
456
457
461
462
463
464
470
473
476
481
487
487
488
488
490
493
494
494
495
501
502
505
505
506
507
509
509
510
510
511
512
515
519
520
521
524
524
524
524
525
529
530
530
535
535
540
541
542
542
543
544
544
544
545
545
546
546
548
548
549
550
555
562
562
564
568
568
569
570
576
576
577
577
577
580
580
581
582
584
584
584
584
585
590
593
595
595
597
598
599
599
600
600
600
601
603
603
608
610
612
615
616
617
617
617
618
618
619
620
621
622
623
625
630
631
636
639
641
644
644
644
644
645
645
646
646
647
650
650
657
658
659
660
660
663
663
668
669
671
675
676
681
684
697
698
699
699
699
699
704
704
705
705
706
707
708
712
714
715
715
715
716
722
739
739
746
746
746
748
749
751
761
763
784
786
789
791
800
801
812
813
815
816
822
823
823
825
825
830
830
834
835
844
845
849
852
852
853
856
861
869
870
871
872
872
873
878
884
893
895
895
897
898
898
900
901
901
903
909
910
912
915
915
915
915
920
921
922
922
922
923
923
923
924
928
930
931
932
934
935
937
938
940
942
942
944
946
948
949
950
950
951
951
952
955
955
955
957
957
957
957
958
961
962
963
965
965
967
968
973
974
974
974
975
975
978
979
981
984
985
985
990
1001
1005
1005
1005
1007
1020
1025
1035
1041
1046
1047
1047
1047
1048
1049
1050
1056
1059
1060
1061
1061
1061
1061
1061
1063
1066
1070
1071
1073
1098
1102
1103
1107
1114
1152
1165
1177
1187
1251
1256
1261
1263
1265
1268
1277
1277
1277
1293
1293
1313
1314
1314
1314
1315
1315
1315
1316
1316
1316
1322
1327
1328
1336
1350
1359
1363
1367
1372
1374
1376
1377
1379
1403
1404
1404
1404
1406
1406
1407
1409
1410
1411
1417
1417
1418
1420
1421
1423
1425
1426
1426
1427
1429
1429
1430
1433
1433
1434
1435
1436
1437
1442
1442
1445
1448
1448
1449
1449
1449
1450
1450
1450
1451
1452
1452
1452
1453
1454
1455
1456
1456
1457
1457
1457
1458
1459
1459
1459
1459
1460
1460
1460
1461
1461
1462
1462
1463
1464
1465
1466
1466
1467
1467
1468
1468
1470
1470
1471
1471
1472
1472
1473
1473
1474
1474
1475
1479
1479
1480
1480
1480
1481
1481
1481
1481
1481
1481
1482
1483
1485
1486
1486
1486
1486
1486
1486
1487
1487
1488
1489
1489
1489
1490
1492
1493
1493
1493
1493
1493
1493
1494
1494
1494
1495
1497
1497
1497
1498
1498
1498
1498
1498
1499
1500
1500
1501
1501
1502
1502
1505
1506
1506
1507
1507
1507
1508
1508
1508
1508
1508
1509
1510
1511
1513
1513
1513
1513
1515
1516
1517
1518
1519
1520
1520
1520
1521
1521
1522
1523
1524
1524
1525
1526
1527
1527
1528
1528
1529
1529
1529
1529
1530
1531
1532
1533
1533
1535
1535
1537
1545
1545
1547
1559
1562
1577
1582
1582
1583
1587
1589
1590
1590
1591
1591
1596
1597
1598
1599
1600
1601
1602
1604
1606
1608
1609
1610
1612
1613
1614
1615
1615
1616
1616
1618
1623
1623
1628
1630
1631
1631
1632
1634
1635
1635
1635
1635
1635
1635
1636
1636
1636
1637
1637
1639
1642
1642
1644
1644
1646
1648
1650
1653
1653
1653
1654
1654
1654
1655
1657
1658
1659
1659
1660
1665
1667
1667
1667
1668
1671
1673
1673
1674
1682
1682
1683
1683
1684
1688
1690
1691
1692
1692
1694
1700
1700
1703
1703
1705
1705
1705
1707
1711
1714
1714
1714
1715
1715
1718
1725
1725
1726
1727
1727
1729
1731
1733
1733
1736
1736
1737
1737
1737
1738
1739
1739
1740
1740
1741
1742
1742
1742
1743
1744
1744
1745
1746
1750
1752
1755
1758
1760
1763
1764
1764
1765
1768
1770
1793
1814
1816
1843
1849
1852
1853
1858
1859
1862
1862
1873
1873
1873
1873
1874
1888
1903
1910
1924
1928
1937
1937
1940
1943
1945
1958
1959
1962
1966
1980
1988
1989
1991
1993
1996
1996
1996
1996
1997
1997
1998
1999
2000
2008
2009
2015
2015
2015
2016
2023
2024
2024
2025
2032
2033
2042
2043
2046
2046
2046
2047
2047
2047
2047
2048
2074
2154
2160
2164
2176
2178
2178
2193
2196
2281
2334
2448
2686
2688
2692
2693
2695
2696
2703
2719
2780
2802
2805
2813
2815
2815
2816
2819
2822
2823
2838
2838
2865
2878
2879
2879
2879
2879
2948
2952
2953
2958
2958
2963
2963
2964
2964
2964
2964
2969
2970
2973
2975
2978
2979
2979
2979
2980
2982
2988
2988
2988
2989
2989
2989
2989
2989
2989
2990
2998
2999
3000
3000
3017
3035
3036
3036
3036
3045
3046
3047
3048
3049
3052
3059
3060
3063
3067
3069
3069
3070
3071
3071
3071
3072
3075
3078
3081
3082
3082
3083
3083
3084
3084
3088
3095
3098
3108
3113
3114
3114
3115
3115
3117
3117
3122
3124
3125
3130
3134
3134
3135
3136
3138
3142
3142
3146
3147
3150
3151
3151
3155
3156
3157
3158
3161
3162
3163
3166
3167
3169
3169
3170
3170
3173
3174
3175
3175
3177
3177
3177
3181
3182
3182
3182
3184
3185
3190
3193
3193
3193
3194
3195
3195
3195
3197
3201
3201
3203
3203
3204
3204
3208
3209
3212
3213
3216
3226
3233
3235
3239
3255
3256
3260
3261
3261
3274
3274
3275
3275
3286
3313
3332
3361
3462
3464
3472
3476
3477
3480
3486
3488
3488
3489
3490
3491
3492
3494
3494
3495
3497
3499
3509
3512
3513
3522
3536
3548
3565
3570
3570
3578
3580
3584
3587
3590
3618
3622
3622
3678
3679
3685
3685
3695
3697
3697
3707
3726
3728
3732
3790
3792
3797
3797
3802
3809
3870
3892
3910
3914
3914
3921
3947
3955
3958
3965
3965
3971
3987
4001
4006
4027
4031
4035
4038
4040
4041
4045
4046
4061
4066
4073
4080
4086
4088
4089
4092
4094
4097
4168
4180
4181
4227
4235
4248
4249
4252
4260
4262
4263
4264
4264
4265
4265
4266
4267
4272
4273
4278
4280
4285
4290
4315
4318
4319
4324
4325
4325
4325
4325
4325
4356
4357
4358
4360
4361
4370
4388
4392
4398
4468
4469
4484
4485
4486
4488
4489
4491
4512
4538
4540
4540
4551
4551
4552
4552
4552
4552
4585
4600
4609
4633
4639
4639
4641
4645
4652
4653
4655
4662
4662
4662
4662
4664
4665
4666
4671
4672
4676
4692
4693
4695
4696
4697
4697
4721
4733
4741
4744
4757
4757
4758
4759
4760
4767
4775
4779
4780
4782
4788
4789
4789
4792
4796
4801
4805
4809
4813
4813
4820
4821
4838
4847
4885
4885
4887
4889
4897
4897
4897
4897
4902
4915
4931
4961
5079
5083
5086
5092
5139
5140
5191
5192
5250
5306
5309
5312
5448
5451
5479
5539
5567
5611
5659
5659
5661
5662
5663
5670
5680
5682
5777
5781
5792
5795
5801
5802
5805
5806
5818
6016
6084
6093
6101
6103
6103
6103
6108
6113
6125
6128
6129
6129
6130
6135
6137
6140
6141
6142
6142
6143
6145
6146
6150
6151
6155
6173
6181
6207
6211
6211
6213
6218
6235
6237
6242
6244
6250
6253
6278
6283
6286
6287
6295
6296
6297
6298
6299
6300
6302
6302
6302
6303
6303
6304
6305
6307
6308
6310
6310
6311
6315
6315
6316
6317
6318
6328
6328
6332
6335
6336
6337
6337
6338
6338
6349
6349
6351
6370
6372
6381
6399
6406
6413
6413
6414
6423
6428
6429
6435
6437
6438
6447
6450
6450
6459
6459
6467
6486
6518
6521
6522
6526
6527
6586
6615
6615
6625
6626
6654
6655
6662
6665
6665
6667
6669
6676
6676
6676
6678
6678
6681
6681
6681
6682
6686
6690
6690
6691
6693
6694
6697
6698
6701
6702
6707
6709
6720
6841
6882
6984
6985
7136
7154
7157
7175
7180
7182
7192
7210
7212
7215
7225
7234
7240
7240
7262
7264
7273
7293
7314
7340
7349
7379
7451
7465
7528
7533
7592
7623
7665
7672
7674
7678
7680
7681
7683
7685
7686
7686
7686
7695
7704
7706
7710
7710
7715
7716
7717
7719
7719
7721
7726
7728
7729
7733
7734
7740
7937
7943
7943
7948
7949
7954
7956
7965
7993
7997
8001
8006
8006
8007
8007
8009
8010
8011
8012
8012
8017
8020
8029
8030
8039
8083
8083
8085
8089
8094
8098
8100
8109
8110
8110
8110
8111
8111
8112
8112
8113
8114
8137
8143
8145
8145
8148
8157
8161
8163
8164
8166
8167
8171
8177
8183
8196
8205
8205
8209
8225
8228
8272
8281
8285
8290
8290
8299
8303
8517
8518
8519
8529
8534
8555
8557
8564
8564
8564
8565
8574
8576
8587
8592
8594
8594
8598
8598
8598
8602
8603
8605
8615
8624
8632
8634
8640
8650
8653
8654
8660
8662
8671
8678
8678
8694
8700
8701
8918
8941
8942
8948
8949
8953
8961
8963
8964
8964
8964
8966
8969
8969
8971
8973
8983
8987
8988
8990
8991
8992
8995
8996
8997
8997
8999
9007
9007
9010
9016
9017
9024
9027
9039
9041
9045
9057
9057
9146
9146
9147
