0
0
0
2
2
2
3
3
3
3
4
4
6
6
6
6
7
7
8
8
8
8
8
8
8
8
9
9
9
9
10
10
10
10
10
10
10
10
10
10
10
11
11
11
11
11
11
11
11
12
12
12
12
12
12
12
12
13
13
13
13
13
13
14
14
14
14
14
15
15
15
15
15
15
16
16
17
17
18
18
18
19
19
19
19
19
20
20
21
22
22
23
23
24
24
24
25
27
27
27
27
27
28
28
28
29
29
29
29
29
29
29
29
29
29
29
30
30
30
31
31
31
32
32
33
33
33
33
33
34
35
36
36
36
36
37
39
39
39
39
40
40
40
40
40
40
40
41
41
41
42
43
43
43
43
44
44
46
47
48
48
49
50
50
51
51
51
51
51
51
52
54
54
54
55
55
55
56
57
57
59
60
60
60
61
61
62
62
63
65
66
66
66
67
68
69
71
72
72
72
72
73
73
74
75
75
75
75
76
76
78
78
78
78
80
82
83
84
84
84
85
87
87
87
88
89
89
89
91
91
92
92
93
93
94
94
94
95
96
100
101
102
102
102
105
106
107
107
107
110
111
111
113
113
113
113
113
114
114
114
116
117
117
117
117
118
118
118
118
119
119
119
120
120
120
121
122
122
122
123
123
123
124
124
125
126
126
128
128
129
130
130
130
131
131
131
132
132
134
137
138
139
141
141
142
143
143
143
145
146
147
149
151
151
151
151
151
152
154
158
158
160
161
164
165
165
167
169
171
171
171
174
174
174
175
175
176
176
178
178
178
180
180
180
180
180
180
181
181
182
184
185
186
186
187
187
188
188
188
189
189
189
190
190
191
191
191
192
193
193
193
199
200
200
201
202
202
202
204
206
207
208
209
209
210
210
212
212
212
212
213
214
214
214
216
216
216
217
218
218
219
221
222
223
224
224
225
225
226
227
228
230
230
230
230
232
232
232
232
233
233
235
235
235
236
236
237
237
239
239
240
241
242
242
243
243
243
243
245
247
247
248
248
249
249
250
252
252
252
253
254
254
255
256
257
257
257
258
258
259
259
262
262
264
265
266
270
272
272
273
273
273
273
274
277
277
279
281
281
282
292
293
294
294
295
296
296
297
300
301
302
302
303
303
304
304
305
305
305
305
306
306
306
306
306
306
308
308
308
309
309
309
309
309
309
309
310
311
311
311
315
316
318
318
322
324
328
329
331
331
333
338
338
341
341
344
344
347
350
359
359
381
381
384
385
385
385
395
400
400
408
412
416
423
438
445
457
463
463
465
468
470
471
475
475
478
480
480
492
494
497
502
505
506
506
508
509
513
514
515
515
517
518
518
519
520
521
521
527
528
528
529
529
530
532
532
532
532
538
538
539
550
563
566
571
578
582
590
598
603
603
604
606
606
612
617
619
620
621
624
627
631
631
633
635
636
636
637
637
637
639
640
640
640
641
642
646
647
647
656
656
659
660
662
662
663
663
664
665
665
667
668
670
674
675
677
677
679
685
687
689
692
693
697
710
756
779
797
810
811
813
840
848
883
885
887
892
899
901
908
915
924
934
935
940
942
948
953
955
956
961
961
961
962
965
966
966
967
969
970
970
971
971
973
976
976
977
980
980
981
984
987
988
992
993
1015
1017
1023
1023
1025
1025
1028
1028
1028
1032
1035
1036
1040
1040
1041
1041
1046
1065
1071
1072
1072
1078
1079
1080
1080
1080
1081
1082
1083
1083
1083
1083
1083
1084
1087
1087
1095
1109
1111
1119
1135
1190
1194
1197
1197
1204
1207
1230
1239
1247
1258
1259
1259
1266
1269
1269
1271
1278
1291
1294
1294
1294
1300
1314
1330
1338
1346
1350
1358
1359
1365
1375
1388
1390
1395
1396
1400
1400
1402
1403
1408
1410
1411
1412
1416
1418
1419
1420
1422
1423
1423
1424
1426
1426
1426
1426
1429
1429
1430
1431
1431
1431
1431
1432
1432
1433
1433
1433
1433
1433
1433
1433
1434
1435
1435
1435
1436
1436
1436
1436
1437
1437
1438
1439
1440
1440
1440
1440
1441
1442
1442
1442
1442
1442
1442
1442
1442
1443
1443
1443
1443
1443
1444
1445
1445
1446
1449
1449
1449
1449
1449
1450
1450
1451
1452
1453
1453
1453
1454
1455
1455
1456
1457
1457
1458
1458
1458
1458
1459
1461
1461
1463
1463
1463
1464
1465
1468
1470
1471
1475
1475
1475
1476
1476
1477
1478
1478
1478
1478
1478
1480
1480
1480
1484
1484
1485
1488
1490
1490
1492
1493
1493
1494
1497
1498
1500
1503
1503
1506
1508
1508
1509
1509
1511
1515
1515
1516
1517
1517
1518
1519
1519
1519
1520
1520
1523
1524
1525
1528
1536
1536
1537
1540
1540
1542
1543
1543
1543
1545
1547
1548
1551
1551
1556
1557
1557
1558
1558
1558
1559
1561
1563
1564
1565
1566
1567
1568
1571
1571
1572
1574
1574
1575
1578
1579
1582
1585
1590
1596
1603
1603
1610
1615
1615
1616
1616
1618
1619
1625
1626
1626
1627
1627
1627
1627
1628
1629
1630
1631
1632
1634
1636
1636
1636
1637
1637
1637
1637
1638
1638
1640
1640
1641
1643
1643
1643
1644
1645
1645
1646
1646
1647
1651
1652
1652
1654
1654
1654
1654
1654
1655
1657
1657
1658
1661
1662
1662
1662
1662
1664
1665
1667
1668
1668
1669
1672
1672
1674
1677
1678
1678
1678
1678
1679
1681
1686
1689
1689
1689
1691
1692
1692
1693
1694
1695
1697
1704
1711
1711
1721
1723
1723
1723
1726
1726
1728
1731
1735
1736
1737
1738
1741
1744
1755
1756
1756
1758
1758
1759
1760
1764
1765
1775
1775
1775
1775
1780
1787
1787
1788
1788
1788
1788
1789
1790
1793
1793
1794
1794
1795
1796
1799
1801
1802
1802
1802
1805
1807
1809
1810
1814
1817
1818
1818
1822
1826
1830
1832
1833
1833
1836
1837
1838
1839
1840
1841
1842
1848
1857
1859
1867
1869
1870
1879
1883
1884
1894
1894
1894
1894
1897
1898
1898
1899
1900
1902
1906
1906
1906
1907
1909
1915
1915
1917
1918
1919
1925
1930
1930
1931
1931
1941
1943
1944
1945
1947
1948
1955
1960
1961
1962
1963
1963
1966
1967
1973
1975
1991
1996
2004
2008
2010
2011
2011
2016
2029
2030
2030
2030
2030
2031
2031
2031
2032
2032
2034
2076
2080
2084
2102
2108
2109
2109
2109
2109
2110
2110
2113
2122
2123
2124
2125
2129
2137
2145
2162
2162
2162
2163
2164
2171
2195
2197
2198
2214
2215
2215
2218
2218
2221
2224
2225
2226
2227
2227
2227
2230
2231
2233
2236
2237
2238
2239
2239
2242
2245
2247
2251
2253
2253
2255
2256
2256
2256
2258
2261
2262
2262
2263
2264
2264
2265
2265
2265
2265
2266
2266
2266
2266
2266
2266
2266
2266
2266
2266
2266
2266
2267
2267
2267
2267
2267
2267
2268
2268
2268
2271
2272
2272
2273
2273
2276
2278
2279
2279
2284
2289
2290
2290
2290
2291
2292
2292
2303
2303
2303
2303
2303
2304
2305
2305
2305
2305
2306
2306
2307
2307
2307
2308
2308
2310
2310
2312
2313
2317
2325
2327
2327
2327
2328
2329
2329
2330
2330
2331
2394
2394
2395
2395
2462
2488
2489
2489
2493
2498
2501
2502
2504
2504
2504
2505
2505
2507
2507
2508
2510
2510
2510
2510
2520
2524
2524
2524
2524
2525
2526
2526
2526
2526
2527
2529
2529
2529
2529
2529
2530
2530
2534
2536
2536
2537
2537
2538
2540
2540
2541
2544
2554
2554
2555
2556
2556
2557
2558
2559
2559
2559
2559
2560
2563
2567
2568
2568
2573
2573
2575
2576
2576
2577
2577
2577
2577
2578
2578
2578
2578
2591
2595
2599
2626
2626
2629
2646
2650
2651
2651
2651
2652
2653
2653
2655
2691
2693
2699
2723
2725
2726
2727
2728
2728
2728
2736
2736
2737
2741
2742
2752
2755
2756
2763
2764
2766
2766
2769
2770
2773
2775
2782
2783
2801
2801
2805
2829
2835
2836
2881
2952
2954
2983
2989
2992
2993
2998
3011
3012
3014
3014
3015
3015
3017
3021
3021
3025
3025
3027
3032
3034
3037
3037
3040
3042
3047
3047
3048
3049
3049
3049
3049
3052
3057
3057
3057
3063
3063
3064
3070
3071
3084
3086
3087
3088
3093
3094
3094
3094
3095
3095
3095
3096
3097
3101
3101
3102
3102
3103
3103
3109
3110
3113
3113
3113
3114
3114
3116
3116
3117
3118
3119
3119
3121
3122
3124
3127
3127
3128
3128
3128
3128
3128
3128
3129
3129
3130
3131
3131
3131
3131
3133
3134
3135
3137
3138
3140
3140
3141
3145
3148
3148
3150
3155
3155
3155
3156
3157
3157
3160
3162
3168
3175
3178
3185
3186
3187
3187
3187
3187
3187
3188
3193
3194
3195
3206
3216
3219
3227
3233
3235
3236
3244
3246
3250
3254
3254
3254
3261
3266
3274
3282
3283
3287
3296
3297
3298
3298
3299
3305
3305
3305
3308
3311
3311
3319
3338
3343
3343
3344
3345
3345
3354
3370
3383
3386
3387
3387
3390
3390
3391
3394
3396
3397
3405
3406
3408
3409
3411
3414
3419
3424
3427
3428
3432
3434
3435
3435
3436
3438
3440
3440
3440
3443
3445
3446
3446
3449
3449
3451
3452
3452
3456
3457
3457
3458
3459
3459
3459
3463
3469
3473
3476
3477
3477
3478
3480
3484
3486
3497
3497
3498
3502
3504
3510
3510
3512
3513
3520
3528
3528
3532
3536
3537
3540
3542
3544
3547
3548
3550
3558
3558
3558
3559
3562
3565
3565
3566
3566
3571
3572
3578
3579
3585
3589
3590
3599
3657
3666
3668
3671
3685
3695
3695
3700
3700
3704
3719
3719
3719
3719
3732
3732
3732
3733
3734
3734
3734
3735
3746
3764
3778
3799
3802
3802
3809
3820
3822
3823
3825
3825
3825
3826
3830
3842
3846
3851
3855
3856
3856
3887
3889
3894
3932
3933
3940
3958
3961
3961
3967
3971
3971
3973
3973
3977
3983
3985
3988
3993
3993
3994
3994
3995
4000
4010
4014
4040
4040
4048
4056
4074
4074
4083
4083
4094
4106
4120
4123
4124
4128
4131
4131
4134
4141
4143
4153
4168
4190
4216
4219
4221
4223
4231
4234
4236
4237
4242
4250
4250
4251
4251
4254
4254
4256
4256
4259
4264
4270
4302
4312
4323
4326
4327
4327
4332
4340
4340
4343
4344
4364
4395
4398
4399
4403
4404
4408
4409
4419
4423
4424
4425
4431
4437
4439
4457
4479
4500
4500
4510
4526
4528
4528
4529
4529
4531
4531
4534
4535
4536
4537
4540
4544
4544
4545
4548
4549
4550
4551
4554
4555
4555
4556
4556
4556
4558
4561
4561
4562
4563
4566
4568
4568
4570
4571
4573
4573
4578
4578
4579
4579
4580
4580
4581
4584
4584
4586
4590
4605
4605
4607
4611
4612
4613
4613
4614
4615
4615
4615
4616
4617
4620
4622
4625
4625
4626
4627
4627
4628
4628
4629
4632
4632
4634
4643
4644
4645
4645
4647
4652
4652
4656
4659
4662
4665
4665
4666
4667
4668
4669
4670
4670
4673
4673
4675
4676
4678
4678
4678
4679
4681
4683
4683
4683
4683
4687
4687
4688
4689
4690
4695
4697
4697
4701
4704
4711
4713
4713
4714
4714
4715
4716
4717
4718
4719
4719
4720
4720
4721
4725
4726
4729
4730
4741
4742
4744
4747
4748
4748
4749
4750
4755
4758
4763
4766
4767
4775
4776
4776
4777
4780
4780
4781
4782
4782
4784
4785
4786
4790
4790
4791
4791
4794
4795
4795
4801
4801
4802
4802
4806
4832
4836
4840
4842
4845
4846
4851
4852
4852
4858
4858
4860
4861
4862
4862
4864
4865
4867
4867
4870
4871
4873
4873
4873
4874
4874
4874
4874
4875
4876
4877
4877
4877
4880
4882
4883
4883
4886
4891
4891
4892
4894
4894
4896
4900
4906
4917
4925
4927
4941
4941
4941
4947
4957
4957
4957
4968
4977
4980
5021
5024
5132
5153
5219
5220
5240
5241
5242
5245
5251
5263
5266
5274
5275
5276
5298
5299
5300
5318
5320
5322
5341
5343
5349
5371
5371
5378
5384
5384
5389
5425
5426
5430
5434
5446
5450
5451
5452
5456
5467
5472
5472
5505
5527
5534
5564
5618
5618
5619
5619
5622
5624
5673
5675
5675
5699
5704
5705
5715
5723
5738
5742
5742
5743
5753
5753
5773
5780
5786
5788
5804
5834
5835
5836
5844
5845
5850
5851
5860
5877
5900
5920
5934
5936
5952
5957
6012
6106
6142
6143
6146
6149
6153
6160
6162
6190
6203
6209
6219
6219
6219
6221
6222
6224
6227
6227
6227
6228
6241
6256
6257
6259
6261
6262
6269
6297
6306
6328
6331
6343
6354
6368
6370
6375
6377
6378
6380
6383
6384
6391
6393
6402
6403
6406
6409
6411
6416
6491
6491
6492
6492
6492
6514
6599
6601
6619
6636
6667
6746
6771
6880
6880
6882
6883
6884
6884
6885
6885
6891
6899
6909
7000
7087
7217
7219
7234
7249
7265
7279
7303
7303
7304
7312
7313
7314
7385
7386
7479
7480
7485
7493
7501
7641
7660
7674
7675
7676
7683
7687
7688
7688
7697
7697
7697
7705
7725
7730
7731
7731
7734
7736
7736
7743
7743
7758
7773
7774
7782
7787
7787
7788
7789
7794
7823
7824
7825
7835
7839
7843
7855
7881
7914
8006
8032
8055
8062
8070
8167
8181
8182
8200
8203
8203
8205
8206
8207
8214
8215
8215
8292
8292
8297
8300
8356
8360
8361
8374
8388
