0
1
2
2
2
3
3
3
3
5
5
5
6
6
6
6
7
7
7
7
7
7
8
8
8
8
8
8
8
9
9
9
9
9
9
9
9
9
10
10
10
10
10
10
10
10
10
10
10
10
10
10
10
11
11
11
11
11
11
11
11
11
11
11
11
11
11
11
12
12
12
12
12
12
12
12
12
12
12
12
12
13
13
13
13
13
13
13
13
13
13
13
13
14
14
14
14
14
14
14
15
15
15
15
15
16
16
16
16
16
16
17
17
17
17
17
17
17
17
18
18
18
18
18
18
18
18
18
18
19
19
19
20
20
20
20
20
20
20
20
21
21
21
21
21
22
22
22
22
22
22
22
22
23
23
23
23
23
23
24
24
24
24
24
24
24
25
25
25
25
25
25
26
26
26
26
26
26
26
27
27
27
27
27
27
27
27
28
28
28
29
29
29
29
29
30
30
31
31
31
32
32
32
32
32
32
33
33
33
33
33
33
33
33
34
34
34
34
34
35
35
35
35
35
36
36
36
37
37
37
37
37
37
37
37
38
38
38
38
38
38
38
38
39
39
39
39
40
40
40
40
40
40
40
40
40
41
41
41
41
41
41
41
41
41
42
42
42
42
42
42
42
43
43
44
44
44
44
44
45
45
45
45
45
45
45
45
46
46
46
46
46
46
46
46
46
46
47
47
47
47
47
47
47
47
47
48
48
48
48
48
48
48
48
48
49
49
49
49
49
49
49
49
49
49
50
50
50
50
50
50
50
51
51
51
51
51
51
51
51
51
52
52
52
52
52
52
52
53
53
53
53
53
53
53
53
53
53
53
53
53
53
53
54
54
54
54
54
54
55
55
55
55
55
55
55
56
56
56
57
57
57
57
58
58
58
58
58
58
58
59
59
59
59
60
60
60
60
60
61
61
61
61
61
61
61
61
62
62
62
62
62
62
62
62
63
63
63
63
63
63
64
64
64
64
65
65
65
65
66
66
66
66
67
67
68
68
68
68
69
69
69
69
69
69
69
71
71
71
72
72
72
72
72
72
72
73
73
73
73
73
73
73
74
74
74
74
74
74
75
75
75
75
75
76
76
76
77
77
78
78
78
78
79
79
79
79
79
79
79
79
80
80
80
81
81
81
82
82
82
82
82
82
83
83
83
83
83
84
84
84
84
85
85
85
85
86
86
86
86
86
86
87
87
87
87
87
87
87
87
87
87
87
87
88
88
88
88
88
88
88
88
88
89
89
89
89
89
89
89
89
89
89
89
90
90
90
90
90
90
90
91
91
91
91
91
91
92
92
92
92
92
92
92
93
93
93
93
93
93
94
94
94
94
94
95
95
95
95
95
95
96
96
96
96
96
97
97
97
97
97
97
98
98
98
99
99
99
99
99
99
100
100
100
100
101
101
101
101
102
102
103
103
103
103
104
104
104
104
104
104
104
105
105
105
106
106
106
106
106
106
107
107
107
107
107
107
107
108
108
108
109
109
109
109
109
110
110
110
110
110
111
111
111
111
111
111
111
112
112
112
113
113
113
114
114
114
114
114
114
114
114
114
115
115
115
115
115
115
116
116
116
117
117
117
118
119
119
119
119
120
120
121
121
121
121
121
121
121
121
121
122
123
123
123
123
123
123
123
123
124
124
124
125
125
125
125
126
126
126
126
126
126
127
128
128
128
128
128
128
128
128
129
129
129
129
130
130
130
130
130
130
130
130
131
131
131
132
132
132
133
133
134
134
135
135
135
135
135
135
136
136
136
137
137
137
137
137
138
138
138
138
138
139
139
139
139
139
139
140
140
140
140
140
140
140
140
140
141
141
141
141
141
142
142
142
142
142
142
142
143
143
143
143
143
143
143
143
143
143
143
143
143
144
144
144
144
144
145
145
145
145
145
145
145
145
145
146
146
146
146
146
147
147
147
147
147
147
148
148
148
148
148
148
149
149
149
149
149
149
149
150
150
151
151
151
151
151
151
152
152
152
152
152
153
153
153
154
154
154
155
155
155
156
156
157
157
157
157
157
158
158
158
159
159
159
159
160
160
160
160
161
161
161
161
161
162
162
162
162
162
162
162
163
164
164
164
165
165
165
165
165
166
166
166
166
166
167
167
167
167
168
169
169
169
170
170
170
171
171
171
171
171
171
171
171
172
172
172
172
172
172
173
173
173
173
174
174
174
174
175
175
175
175
177
178
179
179
179
180
180
181
182
182
183
183
184
184
184
184
185
185
186
186
186
186
186
187
187
187
187
187
187
187
188
189
190
190
191
191
192
192
193
193
193
194
195
195
195
196
197
197
197
198
199
199
200
200
200
201
202
203
204
204
204
205
206
206
206
206
208
208
209
209
210
210
210
211
212
212
212
212
213
213
216
216
217
218
221
223
226
228
228
230
230
236
236
237
238
240
240
241
242
246
249
250
260
270
282
284
290
292
292
292
293
294
297
298
300
304
305
309
309
328
333
334
335
335
336
336
336
336
337
337
337
339
339
340
342
342
344
345
346
347
348
348
349
350
351
352
354
354
354
356
356
357
357
358
359
360
362
364
364
364
364
365
365
366
367
368
368
368
369
369
370
370
370
370
371
371
372
372
372
373
373
373
373
374
374
374
374
374
375
375
375
375
376
376
377
377
377
378
378
378
379
380
382
382
382
382
383
383
383
383
384
384
385
385
385
387
388
388
388
388
389
389
391
391
391
391
391
392
395
399
399
399
399
399
400
401
401
402
403
404
404
405
405
406
406
406
407
408
408
409
411
412
412
413
413
414
414
415
416
417
418
418
419
419
420
420
420
421
421
421
423
424
425
425
426
426
428
429
431
432
432
433
433
433
434
434
436
436
437
437
437
438
441
443
447
447
447
448
449
449
450
451
451
451
455
455
457
457
457
458
461
461
462
465
466
468
468
469
469
471
471
472
472
474
474
475
476
476
476
480
484
488
489
491
493
493
495
496
498
498
500
505
506
507
507
513
513
516
519
519
520
522
523
526
530
534
535
539
541
542
545
547
548
549
549
549
549
549
550
550
550
550
551
551
551
552
553
556
556
557
567
570
571
573
575
577
578
580
625
628
641
643
651
653
653
653
654
658
660
663
664
667
667
668
669
669
670
670
671
671
676
677
679
681
681
682
683
683
684
685
685
686
686
689
690
692
692
692
694
695
696
696
697
699
702
703
705
708
712
713
714
715
715
717
718
718
718
721
723
724
726
729
731
732
733
735
735
735
735
736
737
739
739
741
742
742
743
743
744
744
746
747
748
749
751
753
754
754
754
755
755
756
757
757
757
757
757
758
760
761
761
762
762
762
763
763
764
766
770
770
771
773
774
774
777
777
777
777
778
779
780
780
780
781
782
782
782
783
785
785
785
786
787
787
787
788
789
789
789
789
789
789
790
790
791
791
792
794
796
796
797
799
799
799
799
799
800
800
801
801
802
802
802
803
803
805
806
806
806
808
809
810
811
812
812
817
817
818
818
819
819
819
819
820
820
821
822
824
825
826
826
828
832
833
833
834
835
835
835
835
837
837
838
838
839
840
841
841
841
847
853
854
855
855
856
856
856
857
863
873
876
880
881
893
901
901
901
901
902
903
910
912
916
918
920
923
927
928
931
941
942
942
943
943
943
946
947
947
947
948
948
949
949
951
951
952
958
959
961
961
961
961
961
961
962
962
968
969
970
970
970
970
971
971
974
977
978
979
982
984
984
984
988
989
993
995
996
997
1007
1007
1008
1009
1009
1010
1011
1013
1021
1022
1022
1023
1023
1026
1027
1030
1030
1031
1031
1032
1032
1032
1033
1045
1048
1048
1048
1049
1049
1049
1049
1049
1050
1050
1054
1055
1055
1055
1055
1056
1056
1056
1056
1057
1057
1059
1060
1060
1062
1062
1062
1062
1063
1065
1065
1065
1068
1071
1071
1073
1075
1075
1077
1078
1078
1078
1079
1079
1081
1083
1084
1089
1094
1094
1101
1102
1105
1106
1107
1109
1116
1122
1142
1143
1153
1160
1169
1171
1178
1179
1182
1188
1192
1193
1193
1195
1202
1205
1206
1206
1206
1208
1209
1211
1213
1213
1213
1213
1214
1215
1225
1227
1227
1232
1232
1241
1242
1251
1253
1254
1255
1256
1257
1257
1257
1266
1270
1273
1276
1276
1277
1280
1281
1286
1294
1294
1303
1304
1305
1305
1306
1306
1306
1307
1307
1309
1310
1311
1311
1313
1313
1313
1315
1315
1317
1320
1320
1321
1321
1321
1321
1322
1322
1322
1323
1323
1325
1326
1326
1326
1331
1340
1340
1341
1343
1346
1346
1348
1348
1352
1354
1357
1358
1360
1362
1362
1363
1363
1364
1364
1366
1368
1371
1375
1379
1380
1380
1380
1381
1382
1382
1388
1392
1394
1394
1395
1404
1405
1405
1410
1411
1412
1414
1414
1414
1415
1415
1415
1416
1419
1419
1420
1420
1421
1422
1422
1422
1422
1422
1423
1423
1423
1423
1423
1428
1432
1432
1433
1434
1436
1436
1436
1436
1436
1436
1436
1437
1438
1439
1441
1442
1444
1444
1445
1445
1445
1445
1445
1446
1447
1449
1450
1450
1450
1450
1452
1452
1454
1454
1455
1457
1458
1459
1459
1460
1460
1462
1463
1465
1466
1467
1468
1468
1470
1471
1473
1474
1475
1478
1478
1478
1481
1482
1486
1488
1497
1498
1498
1500
1502
1504
1505
1506
1507
1509
1512
1513
1513
1514
1515
1516
1516
1516
1519
1520
1520
1520
1521
1521
1522
1523
1524
1525
1525
1529
1530
1530
1531
1531
1533
1533
1536
1539
1540
1540
1543
1543
1543
1544
1544
1546
1546
1547
1549
1549
1549
1549
1550
1550
1551
1551
1551
1553
1553
1554
1555
1555
1558
1558
1559
1560
1560
1562
1562
1562
1563
1564
1564
1566
1567
1567
1567
1568
1568
1569
1569
1570
1570
1571
1571
1571
1572
1573
1573
1573
1573
1574
1574
1574
1574
1575
1577
1578
1579
1580
1581
1582
1582
1586
1588
1588
1589
1590
1590
1591
1591
1592
1592
1592
1592
1592
1592
1593
1594
1595
1596
1596
1596
1597
1598
1598
1599
1599
1600
1601
1603
1604
1605
1605
1605
1607
1607
1608
1609
1609
1609
1609
1609
1609
1609
1610
1610
1610
1610
1611
1611
1613
1614
1614
1614
1615
1618
1619
1619
1620
1620
1620
1621
1621
1622
1623
1623
1623
1624
1624
1625
1627
1628
1628
1628
1628
1629
1629
1629
1631
1632
1632
1632
1632
1632
1632
1633
1633
1633
1633
1633
1634
1634
1634
1634
1635
1635
1637
1637
1644
1648
1648
1649
1649
1652
1653
1654
1655
1655
1657
1659
1661
1661
1663
1665
1667
1668
1669
1669
1669
1673
1674
1677
1678
1679
1680
1684
1688
1691
1692
1692
1693
1693
1694
1694
1698
1705
1705
1721
1721
1722
1724
1740
1742
1743
1744
1744
1745
1747
1753
1755
1758
1759
1760
1761
1764
1783
1788
1790
1794
1809
1810
1814
1819
1820
1820
1820
1821
1823
1823
1828
1832
1832
1835
1837
1839
1845
1847
1847
1850
1850
1851
1860
1861
1862
1863
1863
1864
1864
1865
1866
1866
1874
1878
1878
1880
1881
1883
1889
1889
1889
1894
1902
1909
1926
1928
1928
1929
1933
1957
1957
1962
1964
1965
1965
1966
1972
1976
1976
1977
1979
1984
1985
1987
1989
1993
1993
1993
1993
1993
1993
2007
2010
2024
2034
2054
2080
2085
2089
2091
2092
2094
2094
2099
2103
2105
2105
2106
2106
2106
2108
2119
2142
2143
2143
2143
2147
2147
2157
2160
2165
2167
2175
2175
2176
2176
2177
2177
2177
2186
2188
2192
2192
2198
2207
2221
2222
2269
2274
2274
2276
2279
2280
2280
2281
2287
2287
2299
2312
2313
2314
2323
2326
2327
2327
2327
2330
2331
2345
2345
2351
2353
2358
2358
2360
2361
2362
2362
2363
2364
2374
2374
2378
2381
2381
2381
2381
2381
2381
2382
2382
