1
1
2
2
2
3
3
3
3
4
4
4
5
6
6
6
7
7
7
7
7
7
7
7
8
8
9
9
9
10
10
10
10
10
11
11
11
11
11
11
11
11
11
11
12
12
12
12
12
12
12
12
12
12
13
13
14
14
14
14
14
14
14
15
15
15
15
16
16
16
16
16
16
16
16
16
17
17
17
17
18
18
18
18
18
18
19
19
19
19
20
20
20
20
20
21
21
21
21
21
21
22
23
23
23
23
23
23
24
24
24
24
24
24
24
24
25
26
26
26
27
27
27
27
27
28
28
28
28
28
28
29
29
29
29
29
29
29
30
30
30
30
31
31
31
31
31
32
32
32
32
32
32
32
32
33
33
33
33
33
33
33
33
33
33
33
33
33
33
33
34
34
34
34
34
34
34
34
34
35
35
35
35
35
35
35
35
35
36
36
36
37
37
37
37
37
37
37
37
37
37
38
38
38
38
39
39
39
39
40
40
41
41
41
41
42
42
42
42
42
42
43
43
43
43
43
44
45
45
45
46
46
47
47
47
47
47
49
49
49
49
50
50
50
50
50
50
50
51
51
51
51
52
52
52
52
52
53
53
53
54
54
54
54
56
56
56
56
56
56
56
57
57
57
57
58
58
58
58
59
59
59
60
60
60
60
60
60
61
61
61
61
61
62
62
63
64
64
64
64
64
65
65
66
66
66
66
66
66
66
66
67
67
67
67
68
69
70
70
70
70
71
71
71
71
71
72
72
72
73
73
73
73
73
73
74
75
75
75
76
76
76
77
78
78
78
78
78
79
79
79
79
80
80
81
81
82
82
82
82
82
83
83
83
83
83
84
84
84
84
85
85
85
85
85
85
85
86
86
86
86
86
86
86
87
87
87
87
87
88
88
88
88
88
88
88
88
88
89
89
89
90
90
90
91
91
92
93
93
93
94
94
94
95
95
96
96
96
97
97
97
97
97
98
98
99
99
101
102
102
102
104
104
104
105
106
106
106
107
107
108
108
109
109
110
110
110
110
111
111
112
112
113
113
113
114
114
114
114
114
115
115
115
115
116
116
117
117
117
117
117
118
118
118
118
118
119
119
119
119
119
120
121
121
121
122
122
122
123
123
123
124
124
124
124
126
127
127
128
128
129
129
129
129
130
130
130
131
131
131
132
132
132
133
133
134
134
134
134
135
136
136
137
137
137
138
138
138
138
139
139
139
139
139
140
140
140
140
142
142
142
143
144
144
144
145
146
146
147
148
148
148
148
148
149
149
149
150
150
150
151
152
156
156
156
157
157
157
158
159
160
160
160
161
164
164
164
165
165
165
165
166
166
166
166
168
168
168
169
169
169
169
170
170
171
172
173
173
175
175
178
179
179
180
180
181
182
183
183
184
186
186
186
188
191
191
191
193
195
195
197
197
198
199
200
200
200
200
200
200
201
202
203
203
205
205
205
205
207
207
208
208
208
209
209
209
210
210
211
212
212
212
213
213
213
214
214
214
216
216
217
218
218
218
219
219
221
221
221
221
221
222
222
223
223
223
223
224
224
225
225
225
225
226
226
226
226
226
227
227
227
229
229
230
231
231
231
232
232
232
234
234
234
234
234
235
235
235
235
235
235
236
237
237
237
238
238
239
240
241
241
242
242
242
242
243
244
244
244
244
245
245
245
246
246
246
247
247
247
247
247
248
248
249
249
249
250
250
250
250
251
251
251
251
252
252
253
253
254
254
255
256
257
257
257
258
258
258
259
259
261
261
261
262
262
263
263
264
264
264
264
264
265
265
266
267
267
269
270
270
270
270
270
270
271
271
271
271
271
272
272
272
272
274
274
275
276
276
277
277
278
279
280
280
281
281
281
281
281
281
281
282
282
282
283
283
283
284
285
285
285
285
286
286
286
286
286
286
286
286
286
287
287
287
287
288
288
288
289
289
289
289
289
290
290
290
291
291
291
291
292
293
293
294
294
294
294
295
296
296
296
298
298
299
299
300
300
301
303
303
305
307
307
307
308
308
310
310
310
310
311
311
312
312
314
316
316
317
317
317
317
317
317
318
319
319
319
319
320
320
320
321
321
322
322
322
322
322
322
323
323
323
323
324
325
325
325
327
327
330
330
330
331
331
333
334
335
336
336
337
337
338
339
339
341
341
346
348
348
350
350
350
351
351
351
352
352
352
352
353
353
353
353
354
355
356
356
358
359
360
360
361
362
362
363
364
364
364
364
365
365
365
366
367
368
372
374
376
376
376
376
377
378
382
387
387
394
395
396
396
396
396
396
396
398
398
399
399
399
399
400
400
400
401
402
402
402
403
408
409
410
412
413
415
418
418
420
421
421
422
425
427
428
429
429
430
430
431
435
435
436
437
439
440
447
448
449
449
450
453
464
469
470
476
476
477
478
478
478
478
482
482
483
483
483
483
483
484
484
484
484
484
485
485
485
486
486
486
486
487
487
488
488
489
489
493
493
493
494
494
495
495
495
495
495
496
496
496
497
497
497
499
499
500
501
501
502
502
506
506
507
507
508
509
510
513
514
515
516
516
518
519
519
520
521
521
522
522
523
523
523
523
525
526
527
527
528
528
528
528
529
530
530
531
532
533
533
533
534
542
543
543
543
545
545
546
546
547
548
548
551
552
554
554
556
557
557
558
561
561
561
571
577
577
578
578
578
578
578
581
582
582
583
583
593
597
597
598
598
604
607
621
622
624
626
629
631
633
633
634
637
642
647
649
650
652
652
655
666
667
668
669
669
670
670
671
672
682
683
687
689
693
698
698
698
703
705
707
709
712
712
714
715
715
716
716
716
717
717
717
719
720
722
723
724
731
734
737
738
738
743
748
752
754
770
782
785
785
788
789
789
802
803
810
815
826
827
827
828
829
831
834
834
834
836
837
847
852
854
854
856
860
866
876
877
878
879
889
890
890
890
891
891
894
894
895
898
898
898
899
899
899
900
903
903
908
908
908
910
911
912
912
913
913
915
916
917
920
928
928
930
932
933
937
938
939
939
941
942
942
946
947
947
948
949
949
950
951
952
954
959
960
960
962
967
972
981
981
982
982
983
984
986
986
987
987
987
987
993
997
1005
1015
1015
1015
1016
1021
1023
1025
1026
1033
1039
1043
1044
1048
1053
1053
1056
1060
1061
1069
1070
1070
1071
1071
1073
1074
1079
1083
1084
1084
1086
1093
1095
1096
1110
1128
1129
1135
1149
1152
1164
1168
1171
1177
1203
1210
1210
1244
1245
1253
1257
1258
1258
1263
1267
1289
1296
1297
1298
1300
1301
1318
1341
1341
1358
1376
1376
1383
1390
1396
1400
1400
1400
1400
1402
1404
1407
1410
1412
1415
1420
1421
1422
1423
1423
1424
1426
1426
1427
1427
1431
1431
1433
1434
1437
1438
1438
1438
1438
1439
1439
1439
1439
1439
1439
1439
1439
1439
1439
1441
1441
1441
1442
1442
1442
1442
1443
1444
1445
1445
1446
1446
1447
1447
1447
1448
1449
1449
1450
1450
1450
1451
1451
1452
1453
1453
1454
1454
1454
1455
1455
1456
1456
1457
1459
1459
1459
1460
1461
1462
1462
1462
1463
1463
1464
1464
1465
1465
1465
1465
1465
1465
1467
1467
1467
1468
1470
1472
1472
1474
1475
1476
1477
1477
1477
1477
1477
1478
1480
1481
1481
1484
1486
1487
1488
1491
1491
1491
1493
1496
1498
1498
1498
1499
1501
1502
1503
1506
1509
1510
1511
1519
1520
1521
1521
1522
1522
1523
1526
1527
1527
1532
1533
1535
1541
1541
1546
1547
1547
1548
1549
1549
1550
1550
1550
1551
1553
1553
1554
1555
1558
1558
1559
1559
1559
1560
1561
1561
1564
1566
1567
1567
1569
1569
1569
1569
1571
1573
1576
1577
1577
1579
1580
1580
1583
1584
1584
1585
1585
1587
1587
1588
1588
1588
1589
1589
1589
1589
1590
1590
1590
1591
1591
1592
1592
1593
1593
1596
1598
1598
1601
1601
1601
1602
1603
1603
1604
1604
1604
1606
1608
1608
1610
1611
1612
1613
1615
1615
1617
1617
1619
1620
1620
1621
1623
1623
1623
1625
1629
1630
1631
1631
1632
1633
1633
1633
1634
1635
1635
1636
1637
1637
1638
1638
1638
1639
1639
1640
1641
1644
1644
1645
1645
1652
1656
1658
1658
1659
1659
1659
1660
1661
1662
1663
1664
1666
1667
1667
1670
1671
1672
1675
1675
1678
1678
1679
1679
1680
1680
1680
1681
1681
1681
1681
1682
1682
1682
1682
1684
1689
1690
1690
1692
1692
1692
1693
1694
1694
1695
1697
1697
1698
1698
1698
1699
1700
1701
1701
1701
1703
1704
1709
1710
1711
1712
1712
1712
1714
1714
1715
1718
1728
1728
1728
1729
1729
1729
1729
1730
1730
1731
1732
1732
1733
1733
1736
1737
1739
1739
1739
1739
1741
1743
1743
1744
1744
1747
1754
1758
1760
1770
1770
1772
1777
1780
1782
1785
1796
1811
1831
1831
1832
1832
1832
1833
1833
1834
1836
1840
1869
1876
1879
1881
1882
1884
1885
1896
1901
1904
1910
1918
1923
1927
1928
1930
1933
1936
1949
1954
1954
1961
1961
1969
1971
1971
1974
1975
1976
1979
1979
1981
1990
1995
2002
2006
2009
2019
2019
2026
2033
2036
2039
2039
2042
2048
2056
2058
2060
2061
2070
2070
2070
2072
2073
2101
2104
2110
2113
2115
2116
2120
2120
2120
2121
2121
2121
2121
2121
2122
2127
2128
2132
2133
2136
2139
2139
2141
2143
2143
2143
2144
2144
2144
2145
2150
2156
2156
2156
2156
2156
2157
2157
2158
2158
2158
2160
2168
2170
2173
2173
2174
2178
2189
2190
2190
2192
2193
2198
2215
2215
2217
2218
2229
2230
2235
2239
2240
2240
2240
2240
2245
2246
2246
2246
2246
2252
2259
2325
2338
2343
2358
2359
2359
2366
2366
2369
2372
2376
2386
2389
2394
2396
2401
2402
2445
2504
2504
2530
2530
2538
2538
2539
2539
2539
2540
2540
2546
2546
2547
2547
2547
2547
2547
2575
2580
2581
2588
2588
2589
2589
2591
2592
2600
2600
2626
2634
2634
2635
2635
2635
2636
2637
2637
2638
2640
2657
2670
2679
2683
2685
2724
2732
2733
2779
2780
2781
2805
2806
2806
2807
2807
2807
2807
2808
2808
2810
2810
2829
2852
2853
2858
2897
2902
2904
2906
2932
2934
2934
2935
2941
2943
2943
2943
2947
2947
2951
2966
2966
2967
2967
2967
2968
2968
2969
2969
2971
2971
2973
2993
2994
2995
2995
2995
2998
2998
2999
3000
3018
3023
3031
3031
3033
3033
3034
3034
3035
3035
3036
3036
3037
3037
3038
3038
3038
3038
3039
3042
3043
3043
3048
3052
3053
3054
3055
3056
3057
3060
3070
3078
3079
3091
3092
3098
3099
3103
3105
3106
3109
3110
3110
3110
3111
3111
3113
3113
3113
3115
3116
3116
3118
3118
3119
3120
3121
3122
3123
3123
3125
3125
3126
3128
3137
3140
3141
3141
3142
3148
3150
3154
3156
3157
3162
3162
3162
3164
3165
3166
3171
3173
3176
3181
3187
3193
3193
3193
3193
3194
3194
3194
3198
3200
3206
3208
3208
3208
3212
3212
3212
3212
3212
3213
3213
3213
3214
3216
3217
3221
3229
3231
3233
3234
3235
3241
3243
3244
3245
3245
3246
3247
3247
3248
3254
3255
3256
3266
3268
3284
3285
3287
3287
3291
3294
3296
3297
3299
3300
3304
3307
3321
3321
3322
3325
3330
3333
3337
3341
3343
3350
3372
3372
3381
3382
3385
3385
3386
3389
3389
3390
3401
3404
3412
3415
3420
3431
3432
3433
3433
3434
3437
3438
3439
3439
3439
3442
3451
3451
3475
3479
3484
3486
3490
3491
3492
3494
3494
3502
3511
3537
3546
3557
3564
3569
3599
3640
3645
3658
3663
3693
3750
3784
3797
3826
3858
3892
3893
3952
3982
3990
4011
4015
4018
4047
4047
4058
4059
4127
4183
4311
4331
4336
4339
4342
4345
4345
4346
4369
4369
4371
4374
4376
4410
4413
4435
4453
4454
4456
4469
4470
4485
4570
4660
4667
4669
4670
4672
4674
4675
4676
4699
4701
4719
4722
4723
4724
4730
4767
4780
4785
4791
4799
4809
4811
4821
4825
4826
4826
4828
4836
4846
4847
4852
4853
4854
4854
4856
4857
4860
4863
4863
4863
4865
4879
4880
4886
4894
4896
4898
4903
4903
4912
4923
4924
4926
4927
4927
4940
4956
4957
