0
2
2
2
2
2
3
3
3
5
6
6
7
7
7
7
7
7
8
8
9
9
9
9
10
10
10
10
10
10
10
10
10
11
11
11
12
12
13
13
13
13
13
14
14
15
15
15
16
16
16
16
16
17
17
17
17
17
17
18
18
18
18
18
19
19
19
19
19
19
19
19
19
19
20
20
20
20
20
20
20
20
20
21
21
21
21
21
21
21
21
21
22
22
22
22
22
22
22
22
22
22
22
22
22
23
23
23
23
23
23
24
24
24
24
25
25
25
25
25
25
25
25
25
25
26
26
26
26
27
27
27
27
27
27
27
27
27
27
28
29
30
30
30
30
30
30
30
30
30
30
30
31
31
31
31
31
31
31
31
32
32
32
32
32
32
32
32
32
32
33
33
33
34
34
34
34
34
34
35
35
35
35
35
36
36
37
37
37
37
38
38
38
39
39
40
40
41
41
41
42
42
42
42
42
43
43
43
43
43
44
44
44
44
44
44
44
44
44
44
45
45
45
45
45
45
45
46
46
46
46
47
47
47
48
48
48
48
49
50
51
51
51
52
52
52
52
53
53
53
53
53
53
54
54
54
54
54
55
55
55
56
56
58
58
58
58
59
59
59
61
61
61
62
62
62
62
62
62
63
63
63
63
63
63
63
64
64
64
64
65
65
65
65
65
66
66
66
66
67
67
67
67
67
67
67
68
68
68
69
69
69
69
70
72
73
73
73
74
74
74
74
74
74
75
75
75
76
76
76
77
77
77
78
79
79
80
80
80
80
80
80
81
81
81
81
81
83
83
84
84
85
85
85
85
85
85
85
85
85
86
86
87
87
87
87
87
87
87
88
88
88
89
89
90
90
90
90
90
91
92
92
92
92
92
93
93
93
93
94
95
96
96
96
97
97
98
98
98
99
99
100
100
101
102
102
103
104
105
105
105
106
106
107
108
108
108
108
109
109
109
109
109
109
109
109
110
110
110
111
111
111
112
112
112
112
112
112
112
113
113
113
113
114
115
115
115
115
117
117
117
117
117
117
118
118
118
118
118
119
119
119
119
119
120
121
121
121
121
121
122
122
122
122
124
124
124
124
124
125
125
126
126
127
127
127
127
127
127
127
127
128
128
128
128
129
129
129
130
131
132
132
132
132
132
134
134
134
135
135
136
136
136
138
139
139
139
140
140
140
142
142
143
143
143
144
144
144
144
144
144
145
145
145
146
146
146
146
147
147
148
149
149
149
149
150
150
150
150
150
150
151
151
151
152
152
152
152
153
153
153
154
154
155
155
155
156
156
156
157
157
157
157
158
158
158
159
159
159
159
160
161
161
161
163
163
163
163
163
164
164
164
165
167
167
168
170
171
172
174
175
176
176
177
177
177
179
179
180
180
181
181
182
183
183
183
184
184
185
185
185
187
190
191
192
194
195
200
200
200
202
202
203
204
204
204
205
205
205
205
206
206
206
207
208
208
208
208
209
209
210
211
211
212
212
213
213
214
214
214
214
215
216
216
218
220
220
221
221
222
222
223
225
226
226
228
228
229
230
230
230
231
231
231
232
232
232
233
233
233
234
234
234
235
236
236
236
237
237
238
238
238
239
239
240
240
241
241
241
243
243
243
243
243
244
244
245
245
245
246
246
246
246
247
247
248
248
249
249
249
250
250
251
251
251
253
253
254
254
254
255
255
255
257
257
257
258
258
258
259
259
261
261
261
261
262
262
263
263
264
265
265
267
267
267
267
268
268
268
268
270
270
271
271
272
272
273
274
274
274
275
276
276
277
277
279
279
279
280
281
281
282
283
283
284
284
285
285
285
286
287
287
288
288
289
289
290
290
290
290
291
292
292
293
293
293
294
294
294
295
296
297
297
298
298
298
298
298
299
299
300
300
301
302
303
303
303
304
304
304
304
305
305
305
305
306
306
307
307
308
308
309
309
309
312
312
313
313
314
314
314
314
314
314
315
315
315
315
315
316
317
319
319
319
320
322
322
322
322
323
323
323
325
326
326
326
327
327
327
327
328
328
329
329
331
331
332
333
335
342
343
351
352
354
356
359
359
359
359
360
362
363
365
368
369
369
373
387
392
407
423
427
427
429
432
432
439
441
442
445
446
447
447
449
450
462
463
463
463
464
466
466
467
467
469
469
474
478
478
480
482
484
485
485
485
486
486
486
491
491
492
494
496
498
499
501
502
502
502
504
505
505
505
506
506
506
507
508
508
508
508
510
510
511
511
512
512
513
513
514
514
515
516
516
517
519
519
520
521
523
524
524
526
527
527
527
527
528
528
528
528
529
529
531
531
534
534
535
535
535
536
536
536
539
541
541
541
541
542
542
545
546
548
548
550
550
551
551
552
552
552
555
556
556
556
556
557
557
557
558
559
560
562
569
569
576
576
579
580
583
583
583
584
585
586
586
590
590
590
590
590
592
592
592
594
595
596
596
597
602
602
603
604
605
605
605
605
606
606
606
606
609
610
610
611
612
613
613
614
614
614
615
615
615
615
615
616
617
617
619
619
619
620
621
621
621
622
622
622
622
622
623
623
623
627
633
633
636
646
655
658
659
659
662
664
664
665
674
675
681
682
683
686
686
688
692
693
693
695
697
703
712
713
713
713
715
715
717
722
722
722
723
724
724
724
724
724
725
725
726
728
729
729
729
731
731
732
740
740
745
753
754
765
776
776
778
779
779
792
792
792
793
793
794
794
795
795
795
795
795
796
797
797
797
803
804
805
806
807
807
815
829
830
834
835
838
839
851
912
933
937
944
960
961
968
973
979
979
988
993
994
999
1002
1007
1008
1016
1033
1033
1033
1034
1034
1035
1035
1035
1035
1036
1037
1040
1041
1045
1050
1052
1062
1073
1073
1075
1076
1076
1078
1087
1088
1088
1089
1089
1094
1098
1101
1108
1108
1120
1122
1124
1137
1139
1150
1153
1160
1161
1165
1166
1169
1172
1173
1179
1190
1196
1197
1197
1201
1207
1223
1231
1231
1234
1235
1241
1242
1244
1265
1276
1284
1296
1297
1297
1300
1300
1320
1325
1328
1329
1329
1330
1330
1330
1330
1330
1331
1331
1353
1358
1364
1364
1370
1371
1372
1373
1373
1374
1375
1378
1381
1382
1386
1387
1392
1399
1414
1417
1419
1422
1427
1427
1434
1436
1437
1438
1438
1442
1442
1442
1443
1445
1446
1447
1447
1447
1448
1449
1451
1451
1452
1453
1453
1455
1456
1456
1457
1457
1457
1457
1457
1457
1458
1458
1458
1458
1458
1458
1459
1459
1459
1459
1459
1460
1460
1461
1461
1462
1462
1462
1463
1463
1464
1464
1464
1464
1464
1466
1466
1468
1468
1469
1469
1469
1470
1470
1470
1471
1471
1473
1473
1473
1473
1474
1474
1475
1475
1475
1476
1476
1477
1478
1478
1478
1479
1479
1479
1479
1480
1480
1480
1480
1480
1481
1481
1481
1481
1481
1481
1481
1481
1482
1482
1482
1482
1482
1482
1482
1482
1482
1483
1483
1484
1484
1484
1485
1486
1487
1487
1488
1488
1488
1488
1489
1490
1490
1490
1490
1490
1491
1491
1492
1492
1492
1493
1493
1493
1494
1495
1495
1495
1495
1496
1496
1496
1496
1496
1497
1497
1497
1497
1497
1498
1498
1499
1499
1499
1499
1500
1500
1500
1501
1501
1502
1503
1503
1504
1504
1504
1504
1505
1505
1505
1507
1508
1508
1508
1508
1508
1510
1514
1514
1514
1514
1515
1516
1516
1517
1518
1523
1523
1526
1526
1529
1529
1532
1532
1535
1539
1542
1547
1548
1550
1554
1556
1556
1557
1557
1562
1564
1566
1568
1568
1569
1569
1569
1570
1570
1570
1571
1571
1572
1572
1572
1572
1573
1574
1574
1574
1574
1575
1578
1579
1581
1582
1582
1582
1583
1583
1584
1586
1586
1588
1589
1590
1590
1590
1591
1591
1591
1591
1592
1592
1593
1595
1599
1599
1599
1599
1599
1600
1600
1601
1601
1602
1605
1608
1610
1610
1611
1612
1613
1613
1614
1614
1614
1614
1614
1614
1615
1615
1615
1615
1616
1616
1616
1616
1617
1617
1618
1619
1619
1619
1622
1622
1623
1625
1626
1627
1627
1629
1629
1629
1629
1629
1630
1630
1630
1631
1634
1635
1636
1637
1638
1639
1641
1642
1644
1645
1648
1654
1654
1655
1656
1656
1657
1658
1660
1660
1663
1665
1667
1667
1671
1672
1672
1676
1676
1678
1678
1678
1678
1678
1680
1683
1691
1691
1692
1692
1694
1695
1697
1698
1702
1702
1704
1705
1708
1708
1708
1709
1709
1709
1710
1710
1710
1710
1710
1710
1710
1711
1711
1712
1713
1714
1715
1715
1715
1716
1718
1720
1720
1721
1727
1727
1731
1732
1735
1735
1735
1736
1737
1737
1737
1738
1743
1745
1749
1751
1754
1756
1756
1760
1763
1764
1766
1768
1768
1769
1769
1769
1769
1770
1770
1773
1774
1774
1775
1777
1778
1778
1778
1778
1786
1788
1790
1792
1793
1793
1795
1796
1796
1796
1796
1797
1797
1797
1798
1798
1802
1803
1804
1806
1807
1808
1809
1809
1809
1810
1811
1811
1811
1811
1811
1811
1811
1811
1813
1814
1814
1815
1816
1822
1822
1823
1823
1823
1823
1823
1824
1824
1826
1827
1827
1830
1832
1833
1834
1835
1838
1839
1840
1841
1841
1841
1842
1842
1843
1849
1850
1850
1851
1851
1851
1851
1852
1852
1852
1853
1853
1853
1853
1853
1854
1854
1854
1854
1854
1855
1857
1857
1860
1861
1867
1868
1870
1872
1873
1874
1874
1875
1878
1879
1884
1889
1898
1914
1915
1916
1916
1924
1925
1937
1958
1963
1964
1966
1966
1972
1978
1978
1978
1978
1984
1994
1994
1994
1994
1997
1999
2000
2000
2001
2002
2002
2015
2019
2021
2022
2025
2032
2039
2040
2043
2046
2048
2056
2065
2065
2078
2079
2080
2106
2107
2116
2119
2119
2119
2120
2123
2124
2125
2125
2129
2130
2130
2132
2141
2144
2145
2148
2149
2155
2156
2156
2162
2163
2165
2171
2171
2173
2180
2183
2183
2184
2186
2186
2188
2189
2191
2207
2214
2220
2222
2224
2226
2226
2226
2227
2229
2229
2234
2237
2238
2239
2239
2239
2239
2239
2239
2240
2240
2240
2241
2249
2258
2259
2259
2260
2261
2261
2261
2261
2262
2262
2262
2263
2264
2268
2268
2274
2274
2274
2281
2281
2283
2283
2286
2305
2305
2309
2316
2316
2316
2318
2320
2320
2332
2335
2336
2343
2344
2346
2350
2368
2377
2405
2407
2408
2425
2426
2426
2427
2442
2443
2446
2448
2449
2450
2454
2455
2458
2460
2466
2466
2466
2469
2469
2470
2478
2478
2481
2483
2483
2485
2485
2491
2503
2506
2510
2515
2583
2596
2656
2665
2666
2669
2670
2673
2691
2691
2693
2696
2698
2702
2707
2707
2707
2708
2708
2712
2717
2726
2729
2731
2731
2761
2791
2797
2804
2818
2829
2830
2840
2842
2846
2848
2848
2852
2864
2866
2868
2868
2868
2869
2869
2872
2873
2873
2873
2873
2875
2876
2883
2883
2885
2886
2896
2910
2939
2940
2950
2950
2950
2953
2957
2957
2981
2991
2991
2997
2997
2998
3000
3002
3003
3003
3006
3010
3018
3019
3036
3036
3044
3047
3055
3058
3059
3082
3101
3122
3125
3130
3133
3140
3144
3152
3155
3156
3156
3157
3157
3157
3157
3158
3162
3170
3170
3171
3172
3173
3180
3180
3182
3183
3184
3185
3185
3186
3186
3188
3188
3189
3192
3196
3196
3201
3202
3203
3210
3215
3226
3228
3228
3238
3246
3255
3256
3260
3261
3261
3261
3266
3281
3281
3282
3282
3283
3283
3284
3285
3287
3292
3299
3301
3303
3304
3305
3310
3310
3311
3312
3314
3315
3316
3316
3338
3347
3353
3354
3354
3356
3356
3363
3364
3365
3365
3366
3367
3367
3369
3370
3372
3378
3378
3383
3387
3393
3404
3405
3405
3425
3432
3433
3436
3438
3439
3442
3442
3443
3445
3446
3454
3455
3456
3458
3458
3463
3510
3510
3522
3522
3524
3524
3534
3541
3543
3543
3544
3545
3549
3557
3560
3568
3569
3572
3631
3633
3666
3669
3733
3780
3782
3791
3793
3825
3908
3912
3913
3914
3925
3938
3938
3938
3995
3995
3995
4018
4022
4322
4344
4361
4400
4419
4420
4435
4442
4469
4470
4539
4539
4565
4602
4606
4615
4616
4629
4633
4659
4659
4668
4669
4672
4685
4721
4761
4763
4771
4779
4784
4807
4813
4816
4817
4822
4832
4833
4835
4847
4847
4847
4849
4852
4855
4856
4856
4856
4858
4859
4860
4861
4889
4889
4898
4915
4919
4919
4940
4942
