1
1
1
2
2
2
2
2
3
5
5
6
7
8
8
8
8
8
8
9
9
9
10
10
10
10
10
10
10
10
10
10
10
10
11
11
11
11
12
12
13
13
13
14
14
16
16
16
16
17
18
18
19
19
19
20
20
20
21
23
24
24
25
25
26
26
26
26
26
27
27
28
28
28
28
29
29
29
30
30
30
30
30
30
31
31
31
31
31
32
32
32
32
33
33
34
35
35
35
36
36
36
36
37
39
39
39
40
40
41
41
41
41
43
43
43
44
45
46
47
47
48
49
50
51
52
52
52
52
53
53
54
54
55
55
55
56
57
57
57
58
59
59
59
61
62
62
62
63
63
64
64
65
65
65
66
67
67
68
68
68
68
68
70
71
71
71
72
72
73
73
73
74
75
77
77
77
78
78
79
79
79
80
80
81
83
83
84
84
85
85
86
87
89
89
89
90
90
91
91
91
92
92
92
93
93
93
94
94
94
94
95
96
97
97
99
100
101
101
101
101
103
103
103
104
104
104
104
104
105
105
105
106
106
106
107
107
107
107
108
111
112
112
113
114
116
118
118
119
120
121
122
123
124
125
126
127
127
127
128
128
128
129
130
130
131
132
133
133
133
134
135
135
135
136
136
136
136
137
137
137
137
138
138
138
138
138
138
139
140
140
140
142
145
146
146
149
149
150
150
150
151
152
152
152
152
152
152
153
153
153
154
154
155
155
155
156
157
157
157
158
158
159
160
161
162
162
162
162
163
163
163
163
164
164
164
164
165
166
167
167
168
168
168
169
170
170
171
171
171
172
172
172
172
173
173
173
173
173
174
174
174
174
175
175
175
176
176
177
177
178
178
179
179
179
180
180
180
182
184
185
186
186
186
186
187
187
187
187
187
187
188
188
188
188
188
188
189
189
189
190
190
190
190
191
191
192
192
192
193
193
194
194
195
195
196
200
200
200
201
201
201
201
202
202
203
204
204
205
205
205
206
206
206
206
206
207
208
209
209
210
210
211
211
211
212
214
214
215
215
215
215
216
217
218
218
220
220
220
221
221
222
223
224
225
225
226
227
228
228
230
230
230
231
231
232
232
233
234
235
237
238
238
241
244
245
247
250
251
254
267
312
313
313
316
316
318
320
320
321
322
423
424
425
430
433
441
442
444
444
444
445
445
445
449
449
450
453
455
461
464
466
466
466
467
471
472
472
478
480
480
481
481
482
482
483
484
484
485
485
488
489
490
490
491
492
492
492
495
495
497
498
498
498
499
502
502
502
505
505
506
507
510
510
511
511
512
514
515
517
521
522
522
523
523
524
525
526
529
530
530
531
532
533
534
534
536
536
537
538
538
538
542
543
546
548
551
552
552
554
554
556
556
557
558
559
560
560
560
562
562
563
563
564
564
565
565
565
565
566
568
569
570
571
571
571
571
572
572
572
572
573
573
573
574
574
575
576
576
576
582
583
584
585
585
585
588
588
588
588
588
589
589
590
590
590
591
591
592
592
592
593
593
594
594
595
596
597
597
597
597
598
599
601
601
603
604
606
606
608
609
610
611
612
613
613
614
614
615
616
616
616
616
617
618
619
621
621
622
623
624
625
626
628
629
630
631
631
631
633
635
635
638
644
704
717
723
725
725
727
727
735
735
736
736
736
753
754
754
754
755
757
758
760
764
767
768
768
769
771
774
778
779
779
780
780
781
781
786
789
790
791
795
795
797
798
798
798
799
800
802
805
806
806
810
811
815
817
818
819
820
822
822
822
827
829
829
830
830
833
835
837
837
837
837
838
841
841
842
843
844
848
849
852
852
854
854
856
857
857
860
861
862
862
862
862
862
862
863
863
864
866
866
867
871
872
872
878
882
884
885
885
886
886
890
902
905
911
912
912
914
914
921
963
965
967
976
977
978
980
982
983
994
1001
1004
1007
1007
1011
1014
1015
1024
1040
1050
1050
1057
1057
1058
1058
1059
1059
1059
1059
1060
1060
1061
1068
1068
1070
1070
1072
1080
1083
1083
1083
1085
1094
1097
1105
1107
1107
1107
1108
1109
1109
1112
1112
1113
1116
1127
1130
1135
1136
1138
1138
1145
1184
1187
1188
1189
1189
1190
1190
1190
1190
1191
1191
1193
1202
1203
1208
1208
1209
1213
1213
1214
1221
1222
1234
1235
1236
1240
1241
1243
1243
1245
1246
1246
1248
1255
1266
1278
1283
1285
1287
1288
1289
1290
1290
1290
1292
1293
1294
1299
1303
1306
1307
1308
1312
1312
1319
1328
1329
1334
1338
1340
1342
1353
1355
1358
1358
1360
1360
1360
1360
1361
1361
1361
1362
1363
1366
1374
1376
1376
1377
1379
1380
1381
1383
1387
1387
1387
1389
1391
1391
1392
1395
1397
1398
1400
1401
1402
1402
1405
1405
1405
1405
1405
1405
1406
1406
1407
1407
1408
1413
1416
1418
1418
1424
1425
1425
1425
1425
1425
1427
1427
1428
1429
1429
1430
1434
1434
1435
1437
1437
1439
1440
1440
1440
1441
1441
1441
1442
1442
1442
1442
1442
1442
1444
1445
1445
1446
1447
1449
1449
1450
1450
1451
1451
1451
1453
1454
1454
1454
1455
1456
1456
1457
1457
1458
1458
1459
1459
1459
1459
1460
1460
1461
1461
1461
1461
1463
1463
1463
1464
1465
1465
1465
1470
1470
1473
1474
1475
1475
1475
1476
1478
1480
1482
1482
1482
1482
1483
1483
1483
1484
1484
1485
1486
1487
1488
1488
1488
1491
1492
1492
1492
1492
1493
1506
1508
1509
1514
1515
1518
1524
1525
1526
1527
1528
1528
1529
1530
1531
1532
1533
1534
1534
1537
1537
1541
1542
1542
1543
1544
1544
1545
1545
1546
1546
1547
1547
1547
1547
1547
1548
1548
1548
1549
1552
1552
1552
1552
1552
1553
1554
1554
1554
1555
1555
1556
1557
1558
1564
1565
1566
1567
1567
1568
1568
1569
1572
1573
1574
1577
1578
1579
1579
1581
1581
1582
1582
1582
1582
1582
1583
1583
1583
1583
1584
1584
1585
1585
1585
1586
1586
1587
1588
1588
1590
1591
1594
1594
1595
1596
1596
1598
1601
1603
1607
1608
1608
1609
1612
1612
1616
1617
1618
1620
1623
1624
1624
1624
1625
1626
1626
1626
1627
1643
1645
1645
1645
1646
1646
1647
1647
1647
1647
1648
1655
1655
1655
1657
1663
1664
1666
1670
1671
1671
1679
1680
1680
1680
1681
1681
1684
1685
1686
1687
1688
1689
1689
1690
1695
1697
1697
1698
1699
1699
1699
1699
1702
1703
1706
1712
1715
1721
1722
1729
1729
1729
1733
1737
1738
1738
1742
1744
1745
1754
1769
1812
1813
1815
1852
1852
1858
1915
1917
1921
1924
1931
1939
1940
1940
1945
1951
1960
1979
1980
1985
1985
1990
1993
2039
2040
2040
2045
2048
2049
2049
2050
2083
2085
2086
2086
2086
2087
2088
2089
2108
2120
2121
2152
2155
2155
2164
2166
2173
2215
2220
2220
2234
2238
2250
2258
2278
2295
2314
2353
2353
2353
2354
2357
2357
2358
2368
2378
2390
2394
2405
2405
2412
2414
2415
2417
2418
2419
2426
2439
2440
2443
2444
2447
2448
2449
2449
2454
2454
2458
2458
2465
2467
2468
2468
2468
2469
2470
2470
2471
2476
2476
2481
2482
2483
2486
2486
2487
2487
2487
2488
2489
2490
2491
2491
2492
2495
2496
2502
2502
2505
2505
2512
2512
2523
2524
2526
2528
2529
2529
2530
2530
2535
2535
2535
2536
2537
2537
2538
2538
2540
2542
2543
2543
2544
2553
2560
2560
2563
2563
2599
2605
2605
2614
2617
2621
2623
2624
2628
2633
2639
2639
2641
2643
2646
2648
2648
2651
2673
2681
2682
2693
2695
2706
2732
2739
2739
2741
2742
2743
2769
2799
2847
2920
2928
2933
2943
2950
2950
2951
2951
2955
2956
2980
2981
2981
2983
2985
2986
2987
2988
2988
2990
2990
2991
2994
2994
2995
2995
2997
2997
2999
3001
3002
3004
3006
3006
3008
3012
3012
3013
3015
3016
3016
3017
3017
3017
3017
3018
3018
3018
3019
3020
3024
3025
3026
3026
3027
3029
3030
3030
3032
3033
3033
3035
3039
3039
3040
3041
3043
3045
3045
3047
3048
3048
3052
3054
3055
3055
3057
3057
3058
3058
3061
3062
3062
3063
3068
3068
3072
3072
3073
3073
3073
3076
3080
3086
3088
3089
3091
3091
3093
3094
3097
3099
3099
3100
3103
3103
3104
3104
3108
3108
3110
3110
3113
3114
3117
3117
3119
3121
3123
3124
3128
3128
3129
3130
3130
3130
3131
3131
3131
3132
3133
3134
3134
3135
3137
3141
3142
3147
3147
3147
3148
3150
3150
3151
3153
3153
3154
3156
3157
3158
3159
3159
3159
3160
3160
3160
3161
3161
3161
3162
3162
3162
3163
3163
3163
3163
3163
3164
3165
3165
3166
3166
3167
3167
3167
3167
3168
3168
3170
3170
3170
3170
3170
3171
3171
3172
3172
3172
3173
3173
3173
3173
3173
3174
3175
3176
3176
3176
3177
3177
3178
3181
3182
3182
3182
3185
3185
3186
3187
3189
3189
3190
3192
3194
3199
3199
3202
3202
3202
3206
3211
3213
3213
3213
3215
3216
3217
3217
3218
3218
3219
3219
3219
3219
3220
3221
3221
3222
3224
3224
3226
3227
3228
3241
3245
3245
3252
3254
3257
3262
3262
3262
3263
3263
3263
3263
3264
3266
3267
3269
3270
3270
3273
3273
3273
3273
3277
3279
3280
3280
3280
3281
3281
3283
3283
3284
3284
3285
3286
3290
3296
3297
3299
3299
3305
3305
3306
3306
3306
3306
3308
3310
3312
3312
3313
3314
3314
3318
3340
3354
3382
3383
3387
3389
3393
3393
3393
3428
3442
3450
3493
3493
3497
3512
3512
3512
3515
3520
3523
3526
3527
3531
3531
3531
3532
3535
3535
3548
3561
3573
3573
3575
3581
3584
3585
3586
3675
3689
3738
3751
3754
3755
3767
3770
3786
3788
3789
3792
3793
3795
3797
3801
3801
3807
3808
3809
3811
3818
3818
3819
3819
3822
3832
3836
3836
3851
3852
3855
3856
3857
3860
3861
3861
3864
3866
3872
3873
3873
3877
3878
3878
3879
3881
3881
3881
3883
3883
3884
3888
3888
3892
3893
3897
3897
3898
3899
3900
3901
3902
3902
3905
3905
3906
3918
3919
3919
3924
3927
3929
3929
3931
3932
3934
3935
3935
3935
3936
3936
3937
3937
3937
3947
3950
3969
3972
3972
3980
3980
3980
3980
3982
3988
3989
3992
4011
4035
4058
4241
4242
4259
4260
4266
4266
4277
4282
4282
4282
4285
4286
4289
4293
4294
4294
4305
4318
4358
4372
4376
4379
4394
4395
4395
4400
4404
4407
4424
4430
4432
4433
4443
4444
4446
4447
4457
4458
4460
4462
4492
4500
4503
4505
4505
4505
4506
4507
4507
4511
4511
4517
4518
4521
4524
4525
4530
4532
4533
4533
4537
4538
4542
4547
4547
4548
4548
4548
4548
4548
4549
4554
4554
4555
4561
4570
4575
4580
4581
4582
4582
4584
4585
4586
4586
4586
4586
4586
4586
4587
4587
4587
4587
4588
4588
4588
4588
4589
4589
4589
4589
4589
4589
4594
4595
4595
4603
4613
4613
4615
4618
4618
4623
4635
4635
4636
4636
4639
4639
4667
4668
4671
4673
4673
4674
4679
4687
4689
4697
4701
4707
4711
4715
4719
4725
4732
4736
4740
4744
4750
4751
4752
4758
4832
4840
4842
4842
4878
4880
4880
4887
4900
4907
4917
4918
4920
4923
4934
4935
4936
4936
4964
4965
4985
5021
5049
5049
5053
5065
5065
5079
5082
5083
5090
5095
5096
5115
5118
5153
5153
5154
5169
5175
5175
5177
5177
5182
5182
5182
5182
5182
5183
5184
5196
5198
5199
5203
5461
5466
5469
5469
5472
5475
5477
5477
5477
5478
5489
5493
5561
5584
5591
5592
5659
5762
5786
5789
5792
5802
5802
5803
5804
5805
5817
5835
5846
5869
5885
5887
5892
5893
5896
5900
5901
5907
5923
5930
5932
5934
5934
5957
5981
5985
5998
6000
6001
6001
6001
6001
6002
6002
6004
6005
6007
6022
6025
6055
6058
6059
6062
6074
6074
6074
6075
6076
6099
6119
6131
6143
6145
6193
6354
6355
6371
6372
6374
6377
6377
6383
6383
6384
6385
6385
6385
6387
6394
6397
6401
6402
6406
6415
6419
6419
6419
6419
6425
6430
6430
6431
6436
6437
6448
6449
6450
6452
6458
6461
6462
6463
6466
6466
6470
6477
6488
6490
6493
6495
6495
6497
6497
6498
6499
6509
6510
6518
6525
6530
6531
6532
6536
6552
6565
6625
6626
6743
6746
6866
6907
6947
6948
6949
6950
6952
6956
6963
6975
6978
6983
6984
6988
6988
6988
6996
6996
7004
7016
7017
7018
7024
7026
7026
7026
7026
7028
7029
7030
7035
7073
7075
7078
7079
7089
7089
7093
7094
7094
7095
7096
7101
7109
7119
7127
7129
7131
7137
7137
7145
7146
7152
7154
7154
7156
7164
7167
7171
7173
7175
7481
7482
7483
7512
7535
7537
7538
7538
7549
7555
7556
7556
7557
7558
7566
7599
7601
7606
7607
7611
7618
7620
7620
7620
7641
7642
7676
7690
7690
7692
7693
7694
7702
7712
7713
7714
7714
7725
7735
7737
7754
7754
7768
7783
7799
7799
7803
7841
8104
8161
8162
8164
8165
8165
