0
1
2
2
2
3
3
3
3
4
5
5
5
5
6
6
6
6
6
6
6
7
7
7
7
7
7
7
7
8
8
8
8
8
8
8
8
9
9
9
9
9
9
9
9
9
9
9
9
9
9
9
9
9
9
10
10
10
10
10
10
10
10
10
10
10
11
11
11
11
11
11
11
11
11
12
12
12
12
12
12
12
12
12
12
12
12
12
12
12
12
12
13
13
13
13
13
13
13
14
14
14
15
15
16
16
16
16
17
17
17
17
17
17
17
17
18
18
18
18
18
19
19
19
20
20
20
20
20
21
21
22
22
23
23
23
24
24
24
24
24
25
25
25
25
25
26
26
27
27
28
28
28
28
29
29
30
30
30
31
31
32
32
33
34
34
35
35
35
35
36
36
36
36
36
37
37
37
38
38
38
39
39
39
40
40
40
41
41
41
41
41
41
41
41
41
42
42
42
42
42
42
43
43
44
45
45
45
45
45
46
46
46
47
47
47
47
47
47
47
48
48
48
48
48
49
49
49
49
49
49
49
50
50
50
51
51
51
51
52
52
52
52
52
52
52
52
53
53
53
54
54
54
54
54
54
54
54
55
55
55
55
55
55
56
56
56
57
57
57
58
58
58
59
59
59
59
59
59
59
59
60
60
60
60
60
61
61
62
63
63
63
63
63
64
64
64
64
64
65
65
65
66
66
66
66
66
67
67
67
67
67
68
68
68
69
69
69
69
70
70
70
70
71
72
72
73
73
73
74
74
74
74
74
74
74
74
75
75
75
75
76
76
76
76
76
76
76
77
77
77
78
78
78
78
79
79
79
79
79
79
80
80
80
81
81
81
81
81
81
82
82
83
83
83
83
83
84
85
85
85
86
87
87
87
87
87
88
88
88
88
88
89
89
90
90
90
90
91
91
92
92
93
93
94
94
94
94
94
94
94
95
95
95
96
96
96
96
96
96
97
97
98
98
99
99
99
99
100
100
100
100
100
101
101
101
101
102
102
102
102
102
102
102
102
103
103
104
104
105
105
105
105
105
106
106
106
106
107
107
107
107
108
108
108
108
108
108
108
109
109
109
109
109
110
110
110
110
110
110
110
110
111
111
111
111
111
111
111
112
112
112
112
113
113
113
113
113
113
113
113
113
114
114
114
114
114
114
115
115
115
115
115
115
115
115
116
116
116
116
117
117
117
117
117
117
118
118
118
118
118
118
119
119
120
120
120
121
121
121
121
121
121
122
123
123
124
124
124
124
124
124
124
125
125
126
126
126
126
126
126
126
127
128
128
128
129
129
129
129
130
130
130
130
131
131
131
131
131
131
131
131
131
132
132
132
132
132
132
133
133
133
133
133
133
134
134
134
134
134
134
135
135
135
135
136
136
136
136
137
137
137
137
137
138
138
138
138
138
139
139
139
139
139
139
139
140
141
141
141
141
141
142
142
143
143
143
143
144
144
145
145
145
145
145
146
146
146
147
147
147
147
147
147
148
148
148
148
148
148
148
149
149
149
149
149
149
149
149
149
150
150
150
151
151
151
151
151
151
152
152
152
152
152
153
153
153
153
153
153
154
154
154
154
154
154
154
155
155
155
155
155
155
155
156
156
157
157
157
157
157
157
157
158
158
158
158
158
158
158
158
158
159
159
159
159
159
159
160
160
160
160
160
160
160
160
160
160
161
161
161
161
161
161
162
162
162
162
162
162
162
163
163
163
163
163
164
164
164
164
164
164
164
164
164
164
165
165
165
165
165
165
165
165
165
165
166
166
166
166
166
166
166
166
166
166
166
166
167
167
167
167
167
167
168
168
168
168
168
168
168
168
168
168
169
169
169
169
169
169
170
170
170
170
170
170
170
170
170
171
171
171
171
171
171
171
171
171
172
172
172
172
173
173
173
173
173
173
173
173
173
174
174
174
174
174
174
174
174
175
175
175
175
175
175
176
176
176
176
176
177
177
177
177
177
177
177
177
177
178
178
178
178
178
178
178
178
178
178
178
178
178
178
179
179
179
179
180
180
180
180
181
181
181
181
181
182
182
182
182
182
182
182
183
183
183
183
183
184
184
184
184
184
184
185
185
185
185
185
186
186
186
187
187
187
188
188
188
188
188
188
189
189
189
189
189
189
189
190
190
190
190
190
190
190
190
190
190
190
191
191
191
192
192
192
192
192
192
192
193
193
193
193
193
193
193
194
194
194
194
194
194
195
195
195
196
196
196
196
196
197
197
197
197
198
198
198
199
199
199
199
199
199
199
200
200
200
200
201
201
201
202
202
202
202
203
203
203
203
203
203
203
204
205
206
206
206
206
207
207
207
208
208
208
208
209
209
209
210
210
210
210
211
211
211
213
213
213
213
213
213
213
214
214
214
215
215
215
216
216
216
216
216
217
217
217
217
217
217
217
218
218
218
218
218
218
219
219
220
220
220
220
220
220
220
220
221
221
221
221
222
222
223
223
223
223
224
224
224
224
225
226
226
226
226
226
226
227
227
228
228
228
228
229
229
229
230
230
230
230
231
231
231
232
232
232
232
232
232
232
232
232
233
233
233
234
234
234
234
235
235
235
235
235
236
236
236
237
237
237
237
237
238
238
239
239
239
240
241
242
242
242
243
244
244
246
247
247
248
248
248
248
249
249
249
249
250
250
251
251
251
251
251
251
251
251
252
252
252
252
252
252
252
252
252
252
252
252
252
253
253
255
255
257
257
258
258
259
259
260
260
260
260
260
261
262
262
262
262
262
262
262
263
263
264
264
264
264
264
264
265
265
265
265
266
266
266
267
267
267
268
268
268
269
269
269
270
270
270
270
271
272
272
274
275
276
276
277
278
279
279
280
280
281
283
284
286
286
286
287
289
290
290
290
291
293
293
294
302
303
303
304
305
305
305
306
307
307
307
309
310
310
311
312
314
314
315
316
316
324
324
324
324
325
325
325
325
325
325
325
326
326
326
327
329
331
332
332
333
333
334
334
335
335
337
338
338
338
338
339
339
340
340
340
341
341
341
342
342
342
342
342
343
344
345
345
345
345
345
345
345
345
346
346
346
346
347
347
348
349
349
352
353
353
353
354
354
356
356
357
357
358
358
358
358
359
360
361
361
361
361
361
361
362
362
362
362
363
364
364
364
365
365
367
369
369
369
369
369
369
370
370
371
371
372
372
373
374
374
375
376
376
377
378
379
379
379
379
380
382
383
383
384
384
385
385
386
387
389
390
391
392
393
393
393
393
393
394
394
396
396
398
398
398
399
399
399
400
400
400
400
401
401
401
402
402
402
403
403
404
404
407
407
409
409
410
411
415
415
416
418
420
423
423
425
427
427
428
428
428
428
431
433
440
442
445
446
446
446
449
451
451
452
452
457
459
459
469
469
470
477
477
520
521
531
539
539
539
539
539
541
542
569
570
570
570
577
578
579
582
585
590
593
593
594
594
594
603
603
605
610
611
613
615
618
621
623
628
632
636
637
639
643
645
648
649
651
654
655
655
656
657
657
657
658
670
670
672
672
673
674
679
688
690
692
697
701
705
706
709
712
715
717
717
722
723
723
724
726
727
730
730
730
730
733
735
737
737
738
738
739
739
743
744
750
750
750
750
751
753
764
765
766
767
772
774
776
776
777
778
778
780
781
786
788
789
793
793
794
795
796
796
799
800
800
801
802
805
806
812
813
819
819
820
828
830
840
846
846
846
846
846
847
847
851
854
858
860
863
866
866
867
868
869
870
883
894
903
904
904
905
954
954
955
974
977
979
979
979
979
980
990
1001
1002
1005
1012
1052
1062
1065
1073
1076
1095
1095
1101
1117
1119
1119
1134
1137
1161
1166
1166
1169
1170
1176
1181
1181
1181
1182
1183
1183
1191
1200
1204
1205
1224
1225
1228
1239
1269
1334
1337
1343
1346
1347
1348
1350
1355
1355
1355
1355
1355
1356
1356
1358
1359
1360
1361
1361
1362
1364
1364
1366
1368
1368
1368
1368
1378
1378
1379
1384
1386
1390
1392
1396
1396
1398
1398
1407
1414
1421
1426
1428
1428
1429
1430
1430
1430
1431
1431
1431
1431
1434
1434
1434
1435
1435
1435
1437
1441
1446
1447
1447
1449
1453
1455
1456
1458
1459
1461
1461
1462
1462
1462
1463
1463
1464
1464
1465
1470
1471
1472
1476
1479
1481
1481
1482
1484
1486
1486
1488
1488
1488
1490
1493
1493
1494
1495
1495
1498
1502
1503
1505
1506
1507
1508
1509
1512
1512
1515
1516
1516
1517
1517
1518
1518
1518
1518
1519
1519
1520
1520
1521
1521
1521
1522
1522
1525
1526
1526
1527
1529
1530
1530
1531
1531
1533
1533
1533
1533
1534
1534
1534
1535
1535
1536
1536
1537
1537
1539
1540
1540
1541
1543
1543
1544
1544
1544
1545
1547
1550
1554
1555
1556
1556
1559
1560
1561
1562
1562
1562
1563
1564
1565
1566
1568
1569
1570
1570
1571
1575
1575
1575
1578
1578
1578
1579
1580
1581
1583
1585
1585
1587
1587
1587
1587
1588
1590
1591
1591
1592
1592
1593
1595
1595
1597
1598
1598
1598
1600
1601
1603
1608
1609
1609
1610
1611
1611
1612
1612
1615
1615
1616
1616
1617
1617
1617
1620
1621
1621
1623
1624
1624
1625
1625
1626
1626
1626
1627
1627
1627
1628
1628
1629
1629
1630
1631
1631
1631
1633
1633
1633
1633
1635
1637
1638
1638
1638
1638
1638
1638
1639
1639
1640
1641
1642
1643
1643
1644
1645
1645
1646
1646
1648
1649
1649
1650
1652
1652
1653
1654
1654
1655
1656
1656
1657
1658
1659
1663
1663
1663
1664
1669
1673
1674
1675
1675
1675
1678
1680
1682
1685
1687
1687
1692
1692
1692
1692
1692
1693
1693
1694
1694
1697
1697
1698
1700
1706
1706
1706
1710
1713
1715
1716
1717
1720
1730
1730
1745
1746
1748
1750
1757
1760
1767
1767
1767
1770
1784
1806
1807
1837
1846
1846
1858
1891
1891
1894
1896
1899
1900
1901
1907
1911
1916
1920
1924
1925
1927
1928
1936
1938
1944
1953
1959
2018
2070
2085
2099
2100
2100
2102
2106
2108
2112
2113
2114
2246
2256
2256
2260
2263
2268
2272
2273
2280
2281
2284
2286
2286
2287
2288
2290
2293
2296
2296
2296
2300
2301
2305
2309
2313
2314
2315
2317
2319
2320
2321
2322
2336
2337
2358
2361
2370
2371
2371
2372
2372
2372
2372
2373
2375
2376
2380
2382
2382
2383
2384
2385
2385
2385
2386
2386
2389
2390
2390
2390
2390
2390
2394
2397
2397
2398
2399
2434
2448
2448
2458
2460
2468
2472
2474
2476
2486
2487
2519
2521
2521
2528
2528
2540
2549
2562
2598
2600
2614
2615
2623
2624
2630
2665
2669
2673
2679
2679
2682
2683
2687
2687
2690
2690
2691
2703
2705
2711
2718
2724
2725
2734
2735
2738
2739
2742
2745
2772
2811
2819
2829
2839
2840
2840
2841
2841
2843
2845
2845
2850
2854
2857
2859
2860
2864
2870
2872
2873
2874
2877
2878
2880
2881
2888
2893
2903
2905
2911
2912
2913
2916
2919
2921
2927
2934
2937
2944
2945
2947
2954
2957
2957
2962
2964
2965
2966
2970
2970
2971
2972
2972
2972
2973
2973
2973
2974
2974
2976
2977
2978
2978
2981
2996
2997
2997
2998
3001
3007
3009
3013
3015
3015
3016
3018
3020
3023
3025
3025
3026
3026
3033
3033
3035
3037
3037
3038
3040
3040
3041
3042
3042
3043
3043
3048
3048
3049
3053
3054
3065
3067
3067
3085
3087
3109
3111
3130
3147
3158
3209
3214
3215
3226
3252
3261
3271
3307
3307
3313
3314
3314
3315
3316
3316
3319
3320
3322
3323
3324
3325
3328
3341
3341
3341
3351
3356
3361
3364
3430
3460
3460
3460
3461
3504
3505
3508
3533
3535
3536
3536
3536
3552
3554
3555
3560
3560
3561
3566
3568
3568
3570
3574
3575
