1
7
13
15
20
22
23
24
24
24
24
25
26
26
26
26
26
26
27
27
27
28
29
29
29
30
30
30
30
30
31
32
34
36
36
38
38
38
38
38
38
38
38
38
39
39
39
39
39
40
40
40
41
42
42
43
44
44
44
46
47
49
50
51
52
53
56
56
57
57
57
58
58
60
61
61
61
62
64
65
65
65
65
66
66
66
67
67
67
67
67
67
69
69
69
70
72
73
73
73
73
74
74
76
76
76
78
78
78
79
81
82
82
84
85
85
86
90
91
91
91
91
91
92
92
92
93
93
94
94
94
95
95
95
96
96
96
98
98
100
102
103
106
106
108
109
111
112
112
112
112
114
116
118
123
123
128
130
130
130
131
132
133
133
137
138
142
143
143
147
147
148
149
150
151
152
155
159
159
160
170
172
178
179
180
180
180
181
181
183
184
185
188
195
197
198
199
199
199
199
199
199
199
199
199
200
200
200
200
200
200
200
200
200
201
201
201
201
203
204
208
239
243
260
262
265
276
277
295
310
323
328
330
330
330
331
331
338
339
339
346
350
351
358
364
364
368
377
387
401
406
407
408
409
410
420
424
424
443
462
463
463
463
464
464
518
521
546
586
614
675
675
679
681
682
683
685
688
689
689
691
691
692
696
698
698
698
729
763
769
775
776
777
777
779
781
790
817
824
826
834
846
846
846
847
848
848
850
858
861
862
865
866
867
869
907
915
957
957
1019
1048
1061
1062
1093
1094
1118
1119
1177
1368
1377
1418
1437
1474
1475
1551
1568
1594
1627
1630
1649
1686
1690
1699
1708
1729
1734
1796
1806
1820
1900
2004
2006
2007
2015
2018
2022
2022
2022
2042
2335
2350
2353
2354
2361
2374
2376
2377
2389
2609
2656
2674
2712
2712
2712
2713
2742
2742
2743
2826
2857
2940
2948
2959
2975
3030
3032
3033
3037
3038
3065
3066
3066
3066
3070
3076
3080
3087
3093
3115
3118
3140
3146
3173
3174
3174
3174
3174
3179
3179
3181
3181
3182
3182
3182
3184
3206
3230
3241
3245
3248
3248
3249
3250
3264
3289
3290
3300
3343
3392
3411
3413
3414
3415
3506
3520
3521
3524
3540
3546
3567
3572
3572
3572
3601
3602
3854
3880
3887
3892
3922
3922
3924
3924
3924
3928
3928
3931
3935
3936
3953
3955
3955
3959
3961
3962
3967
4051
4058
4067
4070
4084
4145
4157
4198
4308
4316
4468
4707
4708
4708
4709
4710
4710
4711
4711
4711
4711
4711
4712
4712
4713
4755
4755
4755
4756
4757
4772
4773
4774
4782
4801
4804
4804
4848
4863
4875
4876
4876
4877
4877
4878
4878
4898
4969
4976
4983
4984
5000
5056
5059
5061
5061
5063
5067
5157
5157
5158
5158
5163
5164
5164
5183
5637
5653
5656
5696
5741
5913
5914
5919
5924
6078
6095
6150
6193
6292
6301
6305
6358
6447
6447
6448
6465
6491
6491
6666
6672
6672
6800
6800
7050
7130
7131
7132
7151
7171
7216
7227
7248
7254
7260
7261
7267
7269
7270
7280
7296
7297
7416
7438
7567
7930
7953
7976
7989
