1
5
17
18
18
26
26
26
27
29
30
30
30
31
34
36
37
38
41
43
46
51
52
52
52
53
53
53
57
57
58
61
61
61
61
61
67
77
91
106
108
121
125
136
136
136
136
136
141
141
141
142
142
142
142
142
142
143
143
143
144
148
151
151
152
152
153
153
153
170
180
185
200
202
204
206
214
224
224
224
225
225
226
229
231
232
235
241
244
257
259
299
312
317
318
318
318
319
319
319
319
319
319
319
319
325
325
330
375
407
407
413
426
507
517
518
522
526
531
556
586
588
593
610
613
620
651
664
672
679
679
681
681
681
682
686
703
704
714
727
737
797
798
798
807
812
827
830
834
848
848
848
853
859
861
861
870
930
967
976
978
984
995
1114
1135
1141
1213
1214
1224
1226
1227
1255
1258
1258
1259
1272
1272
1289
1301
1316
1317
1318
1319
1321
1354
1364
1365
1366
1372
1373
1422
1463
1464
1469
1493
1500
1510
1511
1511
1512
1512
1512
1514
1518
1522
1522
1540
1540
1540
1584
1623
1627
1628
1638
1641
1652
1694
1707
1707
1707
1707
1707
1709
1710
1716
1800
1802
1810
1865
1875
1880
2046
2088
2105
2116
2160
2183
2183
2185
2186
2187
2190
2196
2197
2197
2197
2198
2198
2198
2198
2202
2202
2203
2203
2204
2207
2211
2231
2240
2274
2283
2284
2308
2309
2310
2311
2312
2336
2371
2371
2400
2410
2411
2414
2414
2415
2415
2415
2415
2442
2480
2499
2504
2512
2528
2599
2599
2610
2614
2616
2622
2625
2626
2635
2636
2653
2716
2723
2755
2767
2774
2788
2789
2789
2789
2789
2794
2798
2799
2800
2800
2805
2837
2848
2854
2885
2908
2909
2925
2935
2961
3016
3017
3017
3018
3018
3034
3034
3038
3040
3040
3040
3050
3050
3050
3052
3060
3060
3060
3060
3060
3060
3060
3061
3061
3061
3061
3061
3061
3061
3061
3062
3062
3062
3062
3068
3068
3068
3069
3069
3087
3167
3178
3187
3187
3187
3188
3193
3195
3234
3234
3234
3238
3238
3238
3238
3238
3239
3239
3239
3301
3302
3358
3360
3394
3475
3488
3503
3534
3544
3628
3629
3646
3648
3650
3651
3662
3678
3694
3696
3696
3698
3710
3717
3717
3717
3718
3718
3719
3719
3719
3719
3721
3724
3727
3730
3752
3778
3785
3831
3831
3831
3832
3832
3832
3832
3833
3834
3845
3852
3855
3864
3865
3866
3871
3903
3923
3925
3925
3926
3927
3934
3939
3939
3940
3947
3963
3965
3966
3970
3971
3978
3980
4012
4014
4015
4016
4032
4034
4035
4099
4112
4114
4116
4123
4172
4172
4172
4172
4173
4175
4180
4197
4200
4203
4240
4257
4258
4301
4302
4310
4332
4339
4349
4357
4374
4379
4380
4404
4410
4412
4412
4415
4568
4580
4595
4602
4612
4612
4613
4614
4614
4615
4617
4617
4617
4617
4618
4619
4619
4621
4622
4622
4622
4624
4624
4625
4635
4645
4652
4654
4655
4658
4665
4666
4667
4671
4727
4740
4741
4753
4756
4786
4808
4817
4818
4818
4819
4822
4846
4849
4865
4867
4868
4870
4872
4874
4877
4920
4920
4920
4923
4938
4943
4961
4965
4972
4979
4991
4999
5012
5013
5037
5050
5052
5061
5064
5065
5065
5090
5118
5118
5122
5191
5193
5219
5231
5256
5257
5258
5279
5281
5282
5282
5282
5282
5282
5282
