1
6
15
19
19
19
19
19
19
23
25
26
27
27
29
30
31
31
32
33
33
33
34
34
34
35
35
35
35
35
35
36
37
41
42
42
42
42
42
43
43
48
48
49
49
49
49
50
50
50
50
50
51
51
52
52
53
54
55
55
55
55
55
55
55
59
59
61
61
63
65
65
65
65
67
67
67
67
67
68
68
70
70
71
71
71
71
71
71
72
72
72
73
73
74
74
74
74
75
75
75
76
77
78
79
79
79
80
81
81
81
82
83
84
84
85
87
87
87
87
88
88
88
88
89
89
90
90
91
91
91
92
92
93
93
94
96
96
96
97
97
97
98
100
103
105
107
108
108
108
108
108
108
110
111
111
112
112
112
113
114
114
114
114
114
115
116
117
118
118
120
121
123
123
123
123
124
125
125
127
128
128
129
133
134
134
134
134
134
135
136
137
138
140
140
140
141
143
143
144
144
146
147
148
148
149
149
153
153
154
156
156
156
156
160
161
163
163
164
165
171
173
177
178
178
179
179
185
188
188
189
189
189
190
191
191
191
192
192
201
203
205
214
222
222
222
224
224
225
225
229
229
229
230
233
234
235
235
238
255
265
276
280
281
293
295
297
300
302
302
314
315
317
327
346
354
379
403
403
403
407
407
408
408
408
429
450
453
455
460
460
462
464
467
472
472
472
472
472
475
476
476
477
478
478
479
480
483
499
499
526
531
534
541
551
554
558
560
560
561
561
561
561
561
564
564
565
565
574
576
579
586
587
592
607
616
618
621
625
629
631
633
633
640
644
651
655
664
670
671
671
674
679
680
692
692
694
696
700
706
711
713
713
714
715
721
721
722
732
732
738
738
739
748
758
760
761
762
765
768
770
770
772
772
791
792
793
793
793
798
798
798
799
799
799
808
811
811
812
818
818
818
818
820
821
821
822
822
823
829
838
842
842
845
864
864
864
864
873
879
881
881
881
881
882
890
900
905
908
914
917
924
927
935
943
954
954
960
960
962
962
970
994
994
994
996
997
998
998
998
1001
1010
1018
1019
1037
1037
1038
1044
1052
1053
1056
1070
1078
1079
1079
1083
1089
1127
1127
1160
1165
1181
1185
1190
1192
1193
1193
1193
1194
1194
1194
1194
1195
1196
1196
1250
1250
1250
1251
1252
1252
1252
1259
1272
1274
1282
1283
1285
1287
1290
1305
1324
1330
1330
1331
1335
1339
1344
1363
1363
1363
1363
1363
1366
1366
1366
1366
1367
1367
1369
1369
1380
1381
1381
1381
1381
1381
1382
1386
1386
1388
1388
1390
1391
1394
1396
1397
1405
1408
1408
1418
1426
1441
1443
1454
1462
1466
1467
1467
1527
1549
1550
1553
1555
1556
1557
1557
1557
1557
1557
1605
1605
1608
1608
1608
1636
1642
1644
1676
1688
1688
1795
1795
1798
1836
1836
1837
1837
1838
1838
1840
1841
1848
1854
1858
