1
6
9
17
20
21
24
24
25
26
30
30
30
31
31
32
32
32
34
35
35
35
35
35
36
36
36
37
38
38
39
40
40
41
41
41
41
41
41
41
41
41
41
41
41
41
42
42
42
42
42
43
43
43
43
43
46
46
48
50
50
51
54
54
57
57
60
60
61
61
61
62
65
65
65
66
67
72
73
80
80
83
84
85
86
87
87
87
90
92
97
97
97
99
101
102
103
116
120
121
121
121
121
122
122
122
122
123
124
127
127
130
132
132
132
132
132
137
138
150
160
174
187
191
195
195
197
197
197
198
209
216
230
230
231
231
231
236
318
328
329
329
334
347
347
349
353
353
354
384
400
428
436
476
482
486
488
491
496
499
521
580
621
649
657
671
694
698
724
729
740
744
763
848
876
880
899
1144
1144
1175
1175
1264
1388
1460
1469
1469
1471
1473
1473
1507
1521
1533
1536
1541
1542
1555
1556
1558
1558
1562
1565
1566
1571
1576
1576
1582
1587
1603
1608
1610
1631
1637
1643
1646
1648
1653
1669
1677
1678
1680
1681
1914
1925
1956
1987
1990
1991
1992
2042
2195
2210
2211
2231
2252
2308
2316
2318
2320
2320
2473
2473
2478
2481
2735
2740
2742
2742
2751
2780
2885
2897
2909
2924
2940
2942
2949
3058
3064
3065
3065
3092
3105
3120
3137
3138
3139
3169
3169
3169
3170
3170
3170
3173
3174
3175
3177
3178
3193
3213
3320
3388
3430
3496
3517
3542
3587
3587
3587
3588
3698
3699
3700
3700
3723
3733
3739
3805
3805
3817
3842
3930
3932
3933
3935
3941
3944
3952
3957
3966
3967
3967
3985
3986
4014
4025
4201
4222
4234
4249
4261
4261
4261
4261
4261
4262
4265
4265
4270
4270
4271
4279
4283
4286
4292
4294
4294
4294
4299
4300
4303
4303
4303
4303
4303
4303
4303
4303
4304
4304
4305
4310
4311
4312
4312
4312
4317
4322
4447
4451
4495
4496
4496
4496
4527
4542
4546
4578
4700
4700
4700
4701
4710
4711
4712
4713
4713
4714
4723
4728
4729
4837
4842
4846
4847
4848
4861
4865
4868
4879
4881
4881
4881
4884
4887
4887
4890
4923
4939
4940
4942
4943
4956
4978
5081
5081
5091
5101
5149
5150
5151
5152
5153
5156
5157
5157
5158
5182
5200
5229
5230
5234
5234
5239
5240
5240
5240
5241
5355
5367
5374
5403
5404
5419
5423
5426
5428
5439
5439
5439
5440
5441
5441
5441
5441
5441
5441
5652
5652
5674
5674
5675
5676
5787
5857
5901
5901
5902
5903
5903
5904
5924
6014
6111
6145
6145
6148
6181
6181
6181
6182
6202
6205
6208
6320
6327
6383
6448
6463
6465
6525
6525
6526
6527
6528
6553
6556
6594
6610
6611
6664
6686
6703
6711
6727
6732
6733
6757
6767
6778
6780
6790
6803
6815
6819
6819
6880
6882
6882
6882
6886
6886
6886
6887
6891
6891
6892
6892
6893
6893
6895
6915
6919
6921
6924
6924
6929
6935
6998
7012
7012
7024
7027
7027
7058
7059
7079
7105
7117
7121
7126
7126
7136
7139
7139
7142
7143
7146
7149
7191
7191
7191
7209
7214
7233
7244
7262
7271
7557
7571
7572
7575
7577
7577
7577
7577
7578
7578
7579
7579
7583
7585
7601
7602
7604
7640
7648
7667
7680
7704
7706
7728
7730
7730
7731
7731
7731
7731
