1
5
11
14
20
22
27
27
27
28
28
28
29
30
30
30
31
31
31
32
32
33
34
34
35
35
35
35
35
35
36
37
37
38
38
38
38
38
38
41
41
42
43
44
46
47
50
51
51
52
53
53
59
61
61
61
61
63
63
63
64
65
70
72
74
76
78
81
83
86
91
96
98
99
99
99
100
101
101
101
101
102
103
103
103
104
105
105
109
111
115
116
116
120
120
120
121
121
122
122
122
123
123
123
124
125
126
128
133
138
153
155
170
170
171
173
179
189
220
223
243
255
262
307
308
310
319
329
398
425
437
439
439
439
448
481
483
483
489
492
492
516
520
539
562
562
562
562
562
563
563
601
695
696
706
707
707
707
707
711
711
711
712
737
756
761
796
796
796
796
806
807
861
893
900
933
948
954
990
992
995
997
1003
1005
1005
1007
1007
1037
1038
1047
1048
1092
1093
1097
1099
1100
1107
1109
1112
1126
1158
1168
1169
1170
1170
1171
1190
1191
1205
1213
1223
1242
1242
1257
1294
1294
1299
1424
1424
1431
1431
1432
1473
1473
1484
1490
1490
1495
1495
1496
1500
1500
1500
1501
1513
1513
1513
1513
1514
1518
1518
1521
1523
1524
1524
1526
1527
1540
1541
1546
1546
1566
1566
1566
1577
1582
1591
1592
1607
1609
1612
1613
1617
1635
1635
1635
1635
1645
1656
1689
1710
1710
1718
1719
1723
1724
1724
1725
1736
1743
1771
1776
1779
1791
1792
1792
1815
1818
1835
1835
1835
1839
1851
1854
1864
1865
1866
1868
1880
1895
1900
1909
1923
1931
1931
1931
1931
1932
1933
1941
1941
2065
2066
2070
2090
2093
2093
2096
2098
2104
2107
2111
2117
2121
2122
2140
2145
2145
2159
2173
2284
2287
2293
2307
2321
2321
2327
2327
2327
2328
2329
2329
2330
2331
2331
2338
2339
2342
2351
2362
2383
2392
2405
2407
2507
2665
2691
2692
2692
2693
2693
2693
2695
2697
2709
2754
2759
2761
2764
2784
2820
2821
2829
2839
2845
2857
2877
2878
2881
2893
2903
2919
2923
2928
2937
2947
2947
2947
2948
2948
2948
2948
2949
2949
2949
2949
2949
2950
2952
2956
2957
2973
2975
2991
2994
2996
2997
3000
3000
3013
3015
3026
3034
3035
3073
3096
3118
3135
3137
3273
3294
3306
3309
3330
3332
3344
3344
3344
3344
3345
3347
3353
3354
3354
3354
3354
3355
3355
3359
3367
3371
3373
3395
3395
3396
3399
3409
3435
3442
3442
3442
3446
3447
3447
3447
3447
3447
3447
3450
3450
3456
3469
3471
3474
3475
3476
3477
3489
3491
3492
3493
3505
3517
3522
3541
3545
3555
3589
3613
3624
3625
3638
3644
3644
3644
3644
3656
3659
3679
3681
3687
3705
3706
3707
3708
3708
3725
3734
3735
3736
3736
3758
3809
3810
3832
3852
3852
3853
3854
3855
3857
3889
3955
4011
4037
4063
4136
4143
4176
4227
4234
4253
4253
4253
4255
4261
4298
4322
4326
4332
4339
4358
4358
4398
4427
4448
4448
4450
4450
4645
4647
4655
4655
4657
4676
4714
4738
4739
4740
4740
4740
4740
4741
4977
4979
4986
5009
5199
5241
5241
5369
5370
5373
5377
5682
5682
5682
5801
5901
5901
6089
6114
6115
6116
6116
6116
6120
6120
6133
6219
6239
6246
6339
6355
6357
