1
6
15
16
18
21
21
22
22
22
23
24
24
24
24
24
25
26
26
27
27
27
27
27
27
28
28
29
29
29
29
29
29
29
29
30
30
31
32
33
33
34
35
35
37
37
38
38
38
39
39
39
39
39
40
40
40
42
42
42
43
43
43
43
43
44
44
44
44
44
45
45
45
45
46
46
47
48
50
50
51
51
52
52
52
53
53
54
54
55
55
55
55
55
55
55
56
56
57
57
57
58
59
59
59
60
60
60
60
61
62
63
65
66
67
68
68
68
69
70
70
72
72
75
75
76
76
76
77
77
78
79
79
79
79
79
80
80
80
86
88
88
90
90
90
91
92
93
94
95
95
96
96
96
97
97
97
100
100
100
100
100
100
101
101
101
102
102
103
103
104
105
105
108
108
109
109
109
111
112
113
114
116
118
124
124
126
126
127
128
129
132
140
141
146
165
168
168
178
186
188
208
214
236
242
245
249
250
337
345
346
351
354
358
367
371
375
398
418
429
430
433
490
492
494
516
566
626
633
633
634
638
639
640
658
661
761
762
770
774
775
775
775
776
854
856
861
861
862
935
968
985
986
992
992
993
1006
1060
1070
1072
1073
1082
1091
1111
1156
1165
1165
1166
1169
1224
1224
1230
1249
1302
1303
1305
1305
1339
1355
1370
1388
1424
1496
1497
1515
1515
1515
1516
1534
1545
1556
1556
1556
1557
1558
1563
1564
1568
1569
1569
1571
1573
1573
1573
1573
1574
1598
1600
1601
1603
1604
1608
1660
1660
1661
1666
1668
1672
1675
1678
1679
1680
1680
1681
1682
1689
1690
1694
1695
1716
1779
1800
1815
1838
1889
1891
1892
1910
1930
1945
2230
2242
2260
2294
2297
2297
2300
2316
2320
2321
2321
2351
2364
2367
2367
2370
2370
2380
2397
2400
2637
2639
2709
3099
3099
3099
3099
3099
3100
3100
3100
3146
3149
3188
3188
3270
3270
3270
3281
3285
3352
3364
3368
3369
3384
3411
3431
3431
3431
3431
3436
3446
3447
3449
3451
3451
3457
3457
3470
3470
3470
3470
3470
3470
3470
3470
3471
3471
3471
3478
3478
3478
3479
3486
3496
3496
3502
3509
3519
3531
3532
3557
3557
3559
3560
3560
3561
3562
3563
3563
3563
3564
3564
3564
3564
3564
3565
3566
3566
3567
3567
3567
3569
3574
3583
3599
3599
3662
3663
3693
3734
3754
3759
3760
3771
3772
3773
3773
3773
3774
3776
3776
3776
3780
3781
3781
3781
3782
3783
3783
3783
3807
3847
3848
3848
3851
3851
3851
3945
3946
3997
4019
4029
4076
4170
4172
4288
4291
4306
4309
4555
4563
4565
4582
4613
4649
4651
4684
4706
4735
4818
4843
4850
4860
4880
5138
5238
5278
5286
5315
5323
5336
5347
5356
5364
5368
5368
5374
5376
5414
5437
5447
5458
5458
5488
5704
5762
5857
5859
5884
5902
5922
5932
5934
6048
6058
6058
6088
6105
6136
6163
6168
6190
6192
6195
6199
6200
6200
6202
6204
6204
6252
6254
6255
6256
6258
6258
6286
6369
6379
6380
6390
6426
6444
6464
6471
6484
6490
6491
6505
6585
6604
6604
6610
6610
6610
6611
6641
6668
6669
6686
6813
6818
6834
6835
