2
4
13
18
20
20
23
26
26
26
27
27
27
31
31
31
31
31
31
31
36
37
37
37
38
39
40
41
41
41
42
42
43
43
47
47
49
49
50
50
50
51
51
51
52
52
52
53
53
53
53
54
55
55
56
56
56
57
57
59
59
59
59
59
59
59
60
62
63
65
68
72
74
74
75
76
76
76
77
78
78
78
79
81
82
83
84
85
85
85
86
86
87
87
87
87
87
87
87
88
88
89
90
90
90
90
90
90
90
90
91
92
94
99
99
100
102
103
103
103
103
104
104
105
105
106
106
106
107
108
109
110
110
112
113
117
117
117
118
118
118
118
118
119
119
119
119
120
121
132
133
139
147
149
149
149
149
150
150
150
179
179
179
179
195
200
201
210
231
232
232
232
236
238
239
241
246
247
247
247
251
259
261
262
266
266
266
266
266
266
266
266
266
266
266
267
270
270
271
271
272
279
281
282
287
288
288
288
291
295
302
308
310
335
336
337
355
356
357
357
357
358
386
402
410
412
414
414
420
427
447
448
454
454
454
455
459
533
535
561
568
603
603
603
603
623
626
626
638
640
642
683
692
693
699
750
773
791
804
809
812
829
829
839
840
846
850
857
868
869
874
880
883
894
900
900
904
906
910
912
915
927
931
931
939
954
972
975
980
980
989
996
999
1011
1018
1021
1023
1025
1028
1028
1028
1029
1030
1033
1163
1169
1243
1255
1262
1266
1285
1288
1295
1482
1482
1494
1506
1506
1506
1506
1506
1506
1564
1611
1615
1621
1625
1625
1625
1625
1628
1638
1639
1639
1639
1640
1659
1660
1660
1661
1661
1663
1663
1663
1663
1663
1663
1664
1664
1665
1665
1667
1667
1667
1667
1668
1668
1668
1668
1668
1669
1669
1669
1671
1676
1685
1687
1690
1707
1718
1721
1734
1752
1753
1753
1753
1754
1755
1755
1917
1951
2092
2174
2303
2305
2310
2325
2329
2345
2455
2461
2461
2463
2463
2463
2480
2639
2643
2646
2648
2685
2690
2768
2768
2773
2774
2774
2774
2793
2870
2870
2870
2906
2906
2954
3057
3057
3057
3057
3111
3117
3127
3128
3129
3132
3133
3133
3134
3135
3136
3138
3166
3213
3215
3216
3216
3216
3216
3216
3216
3217
3217
3217
3217
3219
3235
3246
3265
3271
3278
3298
3309
3317
3319
3320
3332
3334
3336
3338
3339
3356
3392
3408
3422
3422
3425
3425
3425
3425
3426
3431
3431
3431
3431
3432
3434
3442
3443
3443
3445
3447
3451
3466
3474
3481
3484
3546
3554
3558
3566
3633
3635
3713
3727
3727
3727
3736
3739
3748
3753
3763
3777
3791
3800
3820
3821
3821
3826
3849
3872
3893
3918
3927
3929
3932
3942
3942
3949
3968
3971
4056
4084
4102
4104
4117
4117
4118
4121
4121
4126
4130
4133
4148
4158
4183
4206
4354
4354
4365
4393
4393
4519
4533
4534
4576
4581
4772
4901
5117
5174
5212
5217
5218
5218
5218
5323
5585
5607
5622
5670
5674
5675
5685
5691
5750
5818
6040
6227
6237
6237
6237
6298
6326
6371
6372
6374
6375
6375
6376
6377
6377
6377
6405
6451
6551
