1
15
16
16
16
16
19
19
20
20
20
21
21
21
21
22
22
23
23
23
23
24
24
24
24
24
24
25
26
26
33
33
38
39
40
41
41
43
52
59
60
62
64
69
70
71
72
72
72
77
83
86
88
89
90
91
93
94
97
104
108
123
125
127
134
142
142
144
155
195
195
195
196
202
267
284
357
366
374
374
383
384
384
385
385
385
386
397
398
476
502
506
507
507
511
514
530
551
577
614
672
720
725
785
851
861
861
861
861
862
862
862
864
865
868
883
887
890
894
909
911
918
920
923
923
927
928
928
929
930
932
935
935
938
944
954
967
970
972
1010
1036
1036
1059
1074
1082
1095
1095
1096
1096
1096
1097
1103
1182
1210
1216
1220
1238
1242
1249
1266
1287
1347
1373
1418
1435
1499
1524
1535
1537
1539
1540
1549
1550
1550
1551
1581
1582
1583
1583
1592
1593
1602
1615
1616
1617
1618
1618
1618
1622
1652
1652
1653
1653
1653
1653
1653
1656
1656
1657
1658
1659
1744
1745
1746
1746
1748
1764
1768
1800
1816
1817
1820
1821
1822
1823
1839
1922
1923
1994
1994
1994
1994
1994
2033
2035
2061
2072
2075
2076
2186
2186
2192
2192
2193
2193
2197
2199
2205
2205
2206
2206
2206
2206
2207
2208
2357
2360
2367
2375
2376
2390
2396
2401
2404
2407
2421
2544
2570
2583
2587
2591
2602
2631
2631
2632
2632
2632
2634
2636
2636
2638
2675
2675
2679
2690
2690
2785
2785
2832
2834
2882
2893
2914
2944
3051
3058
3058
3064
3085
3095
3119
3152
3161
3161
3162
3163
3169
3170
3175
3175
3176
3181
3187
3191
3212
3213
3214
3214
3238
3240
3242
3249
3271
3271
3272
3276
3298
3314
3337
3338
3341
3358
3360
3367
3377
3381
3383
3387
3395
3403
3403
3403
3407
3424
3436
3437
3447
3448
3451
3452
3453
3535
3591
3614
3629
3642
3643
3643
3644
3644
3644
3644
3644
3645
3650
3650
3650
3651
3740
3751
3751
3879
3912
3943
3953
3961
3961
3962
3962
3963
3963
3964
3968
3969
3969
3970
4006
4024
4025
4093
4093
4122
4152
4158
4158
4167
4169
4223
4334
4350
4364
4365
4366
4367
4368
4390
4392
4393
4447
4681
4691
4692
4699
4708
4711
4732
4733
4733
4733
4733
4733
4733
4734
4734
4734
4734
4734
4734
4734
4735
4735
4735
4736
4736
4736
4757
4758
4758
4777
4810
4828
4830
4830
4831
4832
4835
4846
4854
4858
4858
4860
4861
4865
4866
4869
4896
4942
4968
5008
5010
5031
5121
5122
5210
5221
5221
5222
5231
5247
5277
5277
5277
5294
5301
5328
5343
5346
5369
5504
5509
5509
5510
5510
5510
5512
5515
5516
5549
5580
5617
5624
5721
5724
5738
5749
5750
5805
5805
5806
5810
5815
5842
5843
5848
5851
5853
5855
5858
5858
5858
5858
5859
5859
5860
5865
5865
5866
5897
5910
5962
5972
6208
6336
6339
6340
6342
6361
6365
6367
6387
6405
6412
6418
6511
6580
6580
6580
6581
6581
6581
6603
6605
6612
6627
6627
6631
6632
6639
6657
6659
6728
6755
6757
6757
6758
6760
6773
6827
6862
6879
6883
6883
6888
6888
6889
6895
6899
6899
6900
6900
6900
6901
6901
6901
6902
6902
6907
6908
6908
6913
6926
6969
7062
7072
7075
7076
7093
7098
7101
7105
7108
7112
7121
7126
7240
7242
