1
8
12
13
16
17
17
17
17
18
19
20
21
21
21
21
21
21
21
21
22
22
22
22
22
26
26
27
31
31
32
33
33
36
36
36
37
38
38
40
40
41
41
41
42
42
45
47
48
49
49
50
50
51
51
51
51
51
52
52
53
53
53
53
54
54
55
55
55
55
56
60
60
60
60
61
61
61
61
61
61
62
62
62
62
62
63
63
63
63
63
63
63
63
64
64
66
66
67
68
71
72
72
79
80
81
82
83
83
85
85
89
92
92
94
98
102
104
104
106
106
106
108
108
109
109
109
110
110
110
110
110
110
110
110
113
115
119
122
132
134
134
137
143
144
146
152
160
160
162
163
163
163
165
165
165
166
167
167
168
169
169
170
177
184
206
210
211
214
216
243
249
255
261
281
299
347
355
358
365
365
365
365
365
367
368
383
409
459
462
462
462
462
467
467
483
486
491
492
493
496
498
500
504
508
508
508
508
508
508
511
512
515
516
520
521
523
523
523
524
524
525
525
529
537
539
542
544
606
611
632
656
668
676
680
681
681
681
682
682
682
682
683
683
685
693
713
716
739
740
740
748
751
751
759
769
772
778
778
780
782
783
789
792
806
806
808
815
817
817
818
818
844
878
879
891
913
940
955
974
979
981
982
987
992
992
992
994
995
995
995
995
996
996
997
997
998
998
998
998
999
999
999
999
999
1000
1000
1004
1016
1022
1026
1028
1031
1042
1054
1058
1072
1072
1076
1076
1077
1077
1078
1079
1082
1085
1086
1088
1090
1091
1094
1105
1105
1110
1117
1121
1122
1123
1123
1127
1127
1128
1146
1148
1155
1156
1157
1168
1173
1180
1190
1202
1209
1212
1212
1212
1215
1217
1222
1225
1228
1275
1303
1309
1311
1340
1341
1342
1342
1351
1364
1365
1412
1413
1419
1419
1419
1419
1437
1437
1438
1439
1439
1440
1512
1518
1548
1553
1556
1560
1572
1577
1586
1587
1588
1592
1592
1594
1594
1595
1595
1598
1598
1598
1598
1598
1598
1598
1598
1598
1599
1600
1601
1602
1602
1602
1602
1602
1602
1602
1604
1606
1606
1606
1606
1606
1607
1608
1608
1609
1613
1618
1624
1632
1640
1640
1645
1650
1656
1658
1682
1682
1682
1683
1683
1683
1683
1683
1683
1684
1688
1694
1694
1698
1699
1704
1733
1760
1763
1764
1764
1768
1784
1793
1795
1816
1826
1862
1893
1901
1902
1907
1933
1936
1957
1957
1958
1959
1964
1982
1983
2033
2046
2120
2126
2126
2128
2128
2130
2133
2133
2140
2143
2146
2165
2179
2180
2183
2205
2243
2244
2253
2279
2292
2296
2296
2297
2306
2341
2388
2406
2430
2431
2436
2436
2466
2494
2579
2584
2595
2607
2625
2635
2638
2639
2648
2651
2682
2683
2686
2686
2688
2692
2692
2692
2693
2701
2701
2704
2710
2714
2714
2714
2714
2723
2729
2740
2743
2746
2758
2764
2770
2774
2777
2781
2784
2800
2810
2811
2864
2871
2889
2892
2896
2922
2925
2953
2969
2985
2985
2992
2993
2993
2993
3058
3083
3086
3093
3130
3150
3162
3164
3192
3208
3215
