1
7
8
10
15
19
19
19
19
19
20
28
28
31
34
34
34
35
35
35
35
35
35
35
35
35
36
36
37
37
37
37
38
38
38
38
38
38
39
39
39
39
40
41
41
41
42
44
45
45
45
45
45
45
46
46
46
46
46
46
47
47
48
48
48
49
50
56
58
58
58
60
60
61
71
72
79
80
80
81
82
84
85
87
94
99
100
100
101
102
102
109
119
130
143
149
149
153
155
157
161
165
165
170
170
170
171
171
171
172
172
172
173
182
183
188
195
206
208
219
231
232
241
251
256
256
256
274
275
275
334
354
357
358
360
369
379
381
632
804
914
986
1040
1225
1240
1471
1472
1495
1509
1517
1521
1522
1524
1526
1528
1532
1545
1566
1568
1576
1592
1607
1611
1629
1651
1657
1671
1704
1711
1955
2008
2008
2009
2009
2019
2039
2042
2045
2050
2084
2100
2115
2153
2167
2167
3037
3064
3166
3190
3225
3232
3233
3233
3364
3367
3368
4325
4328
4335
4378
4412
4474
4550
4577
5672
5673
5773
5775
5776
5776
5851
5856
5887
5956
6125
6539
6539
6540
6541
6543
6571
6582
6584
6584
6586
6588
6588
6592
6602
6829
6927
6947
6948
6948
6989
6997
6997
6998
7033
7046
7046
7069
7428
7967
7998
7999
8039
9457
9473
9485
9572
9652
9660
9662
9672
9675
9675
9676
9676
9676
9677
9678
9690
9716
9722
9740
9749
9762
9763
9763
9915
9971
9983
9994
10005
10009
10030
10031
10082
10274
10275
10289
10289
10290
10290
10290
10290
10292
10294
10301
10303
10303
10323
10352
10356
10371
10435
10590
10653
10774
10888
10888
10900
10901
10904
10904
10905
10905
10905
10920
10920
10920
10941
10941
10942
10942
10945
10946
10947
10947
10948
11002
11012
11012
11012
11012
11024
11026
11063
11064
11121
11127
11127
11127
11127
11138
11139
11147
11147
11147
11147
11148
11148
11148
11148
11148
11148
11148
11148
11148
11149
11149
11155
11155
11156
11156
11156
11173
11174
11219
11280
11298
11299
11299
11300
11305
11307
11345
11346
11346
11349
11349
11350
11465
11476
11513
11547
11548
11549
11551
11553
11554
11556
11556
11563
11565
11633
11644
11674
11785
11785
11798
11810
11810
11812
11829
11831
11832
11834
11845
11860
11877
11879
11879
11881
11893
11899
11899
11900
11901
11901
11902
11902
11902
11934
11960
11967
11974
12013
12014
12014
12014
12015
12015
12015
12015
12016
12027
12035
12038
12048
12049
12086
12106
12108
12108
12109
12109
12110
12117
12122
12122
12123
12129
12145
12148
12148
12153
12154
12161
12167
12171
12200
12216
12217
12249
12282
12297
12299
12358
12359
12359
12360
12362
12384
12387
12390
12427
12443
12445
12497
12519
12536
12544
12560
12565
12567
12590
12600
12611
12613
12623
12637
12652
12652
12714
12715
12715
12715
12719
12720
12720
12720
12724
12724
12725
12725
12726
12727
12728
12748
12754
12757
12757
12761
12767
12817
12820
12830
12843
12844
12856
12859
12859
12890
12891
12911
12937
12949
12953
12968
12971
12971
12973
12975
12977
12980
13023
13023
13023
13041
13042
13046
13050
13065
13076
13091
13094
13102
13107
13116
13302
13354
13405
13426
13440
13441
13444
13445
13446
13446
13447
13447
13452
13454
13470
13474
13477
13509
13537
13549
13557
13574
13575
13597
13599
13600
13600
13600
13600
13600
13600
13604
13604
13604
13606
13684
13690
13693
13704
13717
13719
13739
13775
13786
