1
5
19
20
20
20
23
23
23
23
24
24
24
24
24
25
25
26
27
27
27
28
32
35
40
44
47
51
52
52
53
53
54
55
57
58
59
59
59
59
61
63
63
65
66
68
69
69
75
77
78
78
79
79
81
81
84
89
91
99
99
100
100
101
102
111
111
113
113
113
114
114
150
152
154
158
160
166
227
262
302
340
341
350
353
362
363
369
370
376
380
385
385
386
386
386
386
386
387
387
411
440
538
540
552
586
639
647
696
710
714
718
719
786
789
790
790
790
790
790
790
790
810
850
850
859
940
941
947
950
998
1043
1083
1086
1090
1093
1102
1128
1143
1144
1156
1158
1159
1163
1192
1208
1233
1233
1314
1376
1381
1385
1403
1418
1418
1423
1424
1436
1437
1437
1437
1440
1441
1441
1441
1441
1442
1442
1442
1444
1449
1457
1492
1492
1497
1501
1501
1501
1501
1501
1512
1512
1525
1553
1554
1599
1610
1610
1615
1639
1646
1662
1673
1674
1674
1676
1678
1678
1679
1877
2174
2184
2239
2241
2241
2244
2246
2247
2251
2253
2259
2261
2261
2261
2275
2275
2345
2443
2450
2451
2454
2457
2459
2463
2472
2474
2474
2491
2495
2505
2511
2523
2582
2638
2703
2736
2769
2811
2835
2850
2865
2924
2928
2959
2961
2961
2993
3029
3042
3193
3194
3194
3195
3196
3196
3196
3199
3200
3239
3246
3252
3439
3441
3488
3585
3588
3591
3597
3598
3611
3611
3615
3624
3626
3626
3639
3641
3650
3685
3693
3696
3698
3738
3750
3785
3849
3895
3903
3912
3929
3931
3939
3946
3947
3947
3948
3950
3950
3951
3963
3969
3982
3995
4004
4007
4015
4016
4016
4016
4017
4020
4021
4021
4022
4023
4026
4027
4040
4046
4047
4048
4064
4071
4071
4072
4077
4077
4080
4082
4098
4098
4106
4117
4118
4139
4155
4183
4184
4184
4185
4185
4185
4185
4189
4190
4190
4190
4190
4191
4192
4193
4195
4196
4196
4196
4196
4196
4198
4220
4231
4244
4244
4253
4264
4264
4265
4267
4272
4357
4388
4407
4414
4421
4442
4453
4453
4454
4454
4455
4455
4485
4552
4595
4596
4597
4614
4621
4628
4629
4629
4630
4630
4631
4658
4658
4658
4658
4658
4664
4664
4665
4665
4666
4667
4667
4667
4680
4680
4680
4681
4681
4682
4861
4878
4879
4913
4925
4928
4928
5049
5050
5064
5081
5098
5100
5100
5102
5102
5124
5124
5126
5126
5127
5127
5127
5127
5127
5128
5128
5128
5129
5130
5131
5138
5138
5140
5141
5145
5147
5149
5149
5150
5223
5230
5261
5272
5290
5297
5298
5301
5317
5320
5342
5343
5345
5354
5356
5419
5422
5436
5479
5479
5489
5498
5517
5519
5519
5616
5617
5667
5669
5695
5730
5747
5750
5750
5753
5753
5754
5755
5776
5780
5780
5825
5842
5855
5872
5878
5916
6113
6114
6115
6116
6133
6133
6133
6133
6144
6153
6155
6157
6167
6183
6227
6236
6246
6246
6249
6254
6255
6279
6281
6301
6304
6318
6323
6323
6323
6339
6385
6386
6387
6387
6447
6465
6467
6468
6468
6469
6470
6470
6470
6471
6471
6472
6472
6472
6473
6479
6479
6512
6536
6540
6541
6543
6555
6568
6586
6595
6690
6691
6693
6695
6698
6772
6779
6801
6826
6826
6828
6868
6869
6879
6891
6905
6922
6928
6929
6939
6957
6959
6959
6959
6960
6960
6960
6960
6961
6961
