1
7
8
16
18
18
18
18
19
20
20
20
21
21
21
21
22
23
25
26
26
26
27
27
27
28
28
30
30
31
31
31
31
31
31
31
32
32
32
32
32
34
36
36
36
37
39
40
40
40
41
42
42
44
44
45
45
45
45
46
46
46
46
46
47
47
47
47
48
50
50
54
56
57
58
61
62
62
63
63
68
69
69
69
71
72
72
72
75
75
76
76
76
79
83
88
89
89
92
93
93
101
102
104
106
106
108
111
111
112
112
113
121
129
134
134
146
147
152
155
155
155
162
165
174
175
176
218
218
219
219
219
219
219
219
220
221
221
228
230
231
231
242
247
264
276
308
308
308
308
308
309
320
329
330
331
332
332
335
336
374
459
459
491
521
547
562
563
567
569
659
669
685
742
791
803
808
820
838
839
876
1026
1035
1140
1310
1414
1429
1463
1467
1470
1473
1476
1486
1487
1487
1514
1515
1515
1527
1533
1533
1533
1535
1537
1539
1539
1539
1539
1542
1544
1549
1551
1556
1565
1579
1590
1591
1602
1603
1604
1605
1605
1609
1612
1615
1616
1619
1625
1628
1629
1636
1638
1640
1642
1651
1688
1697
1749
1758
1795
1812
1823
1897
1920
1922
1922
1923
1923
1928
1935
1961
1961
1961
1965
1966
1966
1967
1967
1984
2052
2064
2065
2067
2068
2071
2073
2073
2079
2091
2250
2251
2251
2251
2251
2251
2251
2251
2268
2271
2271
2275
2276
2277
2277
2277
2278
2278
2287
2295
2295
2295
2297
2307
2407
2417
2418
2419
2419
2419
2430
2431
2477
2478
2478
2478
2480
2490
2508
2517
2602
2641
2685
2685
2716
2731
2736
2740
2743
2821
2970
2970
3058
3130
3139
3143
3143
3143
3143
3143
3144
3145
3145
3146
3151
3152
3154
3163
3172
3189
3204
3217
3217
3223
3223
3223
3234
3236
3236
3237
3239
3240
3240
3241
3249
3253
3257
3257
3258
3263
3264
3264
3268
3309
3570
3571
3600
3602
3603
3638
3663
3663
3668
3668
3668
3669
3749
3817
3832
3839
3975
3975
3975
4165
4335
4563
4682
4689
4692
5028
5066
5070
5085
5089
5101
5102
5102
5102
5106
5106
5107
5115
5224
5236
5273
5285
5288
5472
5475
5478
5479
5497
5499
5518
5545
5545
5546
5547
5578
5631
5658
5678
5697
5703
5704
5704
5705
5739
5741
5839
5865
5892
5933
5934
5936
5937
5937
5940
5941
5975
5981
6073
6113
6210
6219
6221
6222
6222
6223
6223
6224
6231
6232
6253
6762
6764
6766
6852
6855
6869
6869
6880
6909
6915
6921
6943
6986
6986
6987
6987
6987
6987
6988
6989
6989
6989
7060
7111
7112
7112
7112
7113
7114
7114
7131
7149
7151
7151
7152
7166
7167
7179
7180
7198
7247
7299
7300
7300
7301
7327
7328
7328
7342
7380
7393
7415
7420
7458
7549
7549
7549
7666
7668
7669
7763
7763
7804
7804
7967
8033
8074
8096
8112
8114
8150
8166
8179
8188
8205
8213
8238
8246
8283
8289
8318
8321
8321
8321
8321
8321
8322
8322
8322
8322
8323
8337
8399
8407
8434
8435
8447
8468
8488
8491
8491
8491
8494
8495
8521
8545
8545
8545
8569
8570
8572
8613
8615
8633
8633
8636
8659
8752
8818
8932
8943
8961
8970
8983
9022
9035
9035
9035
9088
9089
9162
9190
