1
5
9
16
22
22
27
28
28
29
29
31
32
33
33
33
33
33
33
33
34
35
36
36
38
38
39
40
41
42
43
43
43
44
44
44
46
46
46
48
49
49
49
50
52
55
56
57
58
59
59
60
60
62
63
63
64
64
65
68
69
70
73
73
73
73
74
74
74
74
79
80
80
81
81
82
82
83
84
85
85
86
86
86
88
89
92
97
98
99
100
100
103
104
109
112
113
114
115
117
118
119
119
119
121
121
122
122
122
123
123
123
123
123
125
127
128
128
129
130
130
135
136
136
136
137
141
141
150
151
152
172
182
183
183
183
183
183
183
183
184
191
191
191
191
193
209
209
228
230
231
232
234
239
248
253
253
259
260
261
261
279
286
286
286
287
308
308
342
345
349
354
355
356
356
357
359
368
387
389
396
435
439
446
452
455
456
459
459
465
466
473
495
497
509
510
512
521
525
530
536
537
542
542
543
543
543
543
543
543
545
546
546
547
547
548
550
552
553
555
556
564
565
567
580
581
582
587
596
598
598
598
610
613
614
614
615
616
616
616
618
618
620
621
621
622
627
628
628
629
631
631
632
636
639
641
642
646
647
648
650
669
669
670
670
671
673
673
673
673
673
674
674
674
674
674
674
675
675
675
675
675
678
679
679
679
679
679
680
680
680
680
680
680
681
681
681
682
682
687
687
688
700
710
711
714
719
731
734
735
735
736
737
737
737
738
739
740
740
740
740
744
745
748
750
750
751
751
752
752
753
766
767
767
768
775
777
782
792
801
803
807
817
824
826
848
851
851
851
852
852
852
855
855
855
855
855
855
855
855
856
856
856
856
859
861
862
862
864
865
866
866
866
867
871
873
876
877
878
878
880
887
898
898
902
903
903
903
903
904
915
916
921
921
929
932
934
934
935
935
937
939
954
960
972
980
981
981
981
982
986
989
991
995
1003
1005
1006
1007
1008
1022
1022
1024
1025
1028
1035
1035
1036
1036
1036
1037
1037
1039
1042
1042
1045
1048
1049
1049
1050
1050
1050
1050
1050
1050
1050
1053
1053
1053
1054
1055
1057
1060
1065
1067
1068
1073
1073
1086
1087
1092
1092
1092
1093
1093
1093
1093
1093
1094
1094
1095
1096
1097
1097
1097
1097
1099
1099
1100
1100
1100
1101
1113
1117
1118
1118
1122
1125
1129
1140
1141
1145
1159
1159
1159
1161
1164
1164
1165
1167
1167
1169
1213
1223
1224
1224
1227
1228
1228
1228
1228
1229
1231
1231
1236
1240
1244
1254
1284
1324
1329
1332
1334
1334
1346
1353
1358
1366
1370
1372
1375
1375
1375
1375
1375
1376
1376
1376
1377
1377
1377
1379
1389
1389
1390
1393
1397
1402
1410
1410
1412
1421
1430
1433
1448
1459
1579
1601
1601
1602
1602
1616
1631
1650
1650
1650
1653
1653
1655
1663
1680
1680
1680
1680
1682
1683
1688
1694
1695
1697
1703
1706
1712
1712
1712
1715
