1
5
9
20
24
25
25
26
26
26
28
30
30
30
30
30
31
31
32
33
33
33
33
34
35
37
39
39
39
39
39
39
43
43
45
49
49
50
50
50
51
51
51
52
55
57
57
58
61
61
61
62
62
62
68
70
71
71
72
74
75
78
80
82
84
105
108
130
130
130
131
131
132
132
132
133
133
133
134
134
134
134
135
138
140
144
154
155
160
164
167
174
179
185
186
195
195
198
203
218
220
225
228
241
247
248
272
274
277
317
335
336
345
391
393
395
395
398
398
414
476
495
496
496
496
497
497
497
497
498
502
502
521
523
526
526
533
555
570
635
676
684
1087
1094
1094
1262
1286
1288
1288
1288
1307
1369
1371
1372
1428
1431
1438
1456
1456
1473
1473
1473
1473
1474
1476
1478
1479
1485
1493
1493
1493
1494
1500
1504
1516
1517
1518
1519
1519
1519
1519
1520
1520
1521
1522
1522
1522
1523
1523
1523
1523
1525
1536
1541
1542
1545
1550
1552
1554
1555
1560
1562
1571
1576
1576
1576
1576
1582
1584
1584
1584
1585
1585
1585
1585
1585
1585
1585
1585
1585
1586
1586
1587
1596
1597
1602
1602
1614
1620
1628
1634
1639
1641
1646
1672
1679
1681
1683
1817
1939
1956
1980
1980
1980
1980
1981
1981
1985
1985
1985
1985
1986
1986
1986
1987
2042
2043
2044
2083
2085
2106
2131
2151
2155
2158
2171
2172
2314
2526
2539
2623
2624
2933
2993
3044
3084
3156
3366
3366
3431
3476
3478
3484
3538
3553
3576
3915
3946
3946
4553
4616
4616
4619
4623
4648
4648
4678
4683
4683
4684
4688
4704
4713
4714
4714
4716
4722
4723
4724
4737
4753
4854
4858
4882
4888
4889
4947
4976
5471
5953
5971
5978
5985
6005
6008
6009
6011
6018
6134
6235
6250
6252
6286
6286
6286
6296
6298
6318
7033
7213
7433
7707
7719
7724
7798
7800
8025
8207
8250
8251
8264
8272
8272
8295
8325
8328
8331
8352
8356
8591
8591
8797
8822
8879
8879
8880
8880
8880
8880
8881
8881
8881
8885
8886
8886
8886
9022
9077
9083
9083
9085
9086
9086
9086
9086
9086
9086
9086
9086
9086
9086
9086
9087
9087
9087
9087
9320
9379
9380
9382
9383
9393
9397
9419
9427
9427
9427
9430
9431
9458
9459
9459
9459
9459
9460
9460
9460
9474
9486
9516
9519
9520
9652
9991
9995
10527
10532
10533
10533
10533
10535
10536
10539
10542
10584
10647
10648
10648
10649
10649
10649
10650
10720
10921
10924
10936
10936
10937
10940
10940
10954
10959
11006
11007
11041
11189
11238
11342
11344
11368
11437
11449
11484
11484
11486
11492
11492
11492
11527
11715
11769
12107
12133
12198
12603
12604
12878
12878
12880
12880
12880
12880
12911
12911
12911
12911
12928
12938
13352
13686
13770
13770
13772
13772
13928
13941
13942
13950
13998
13998
14000
14028
14044
14045
14074
14075
14082
14131
14134
14138
14160
14215
