1
7
9
11
16
18
18
18
19
19
19
20
20
25
25
26
26
26
26
27
27
27
27
29
31
31
31
31
37
38
39
39
40
40
41
42
43
43
45
45
46
47
49
51
55
58
58
59
59
61
61
61
63
64
64
65
65
65
66
67
68
69
70
70
71
71
71
71
71
71
72
72
72
72
72
72
75
75
76
77
81
82
82
82
83
85
86
89
94
95
96
97
97
99
101
102
103
107
108
109
109
110
110
117
117
117
117
118
120
121
123
127
131
136
136
138
138
139
139
140
141
144
161
168
168
169
169
176
182
184
190
190
193
209
222
232
255
260
263
276
298
412
417
457
457
460
460
462
463
469
470
476
486
493
493
493
493
493
493
494
494
494
494
494
494
494
494
497
498
498
498
511
512
514
515
517
524
525
525
529
537
539
560
560
561
567
573
574
579
580
580
582
582
582
583
583
591
592
594
594
594
594
596
599
601
602
603
604
604
604
605
606
606
607
607
607
608
608
611
629
638
641
646
646
646
651
653
654
654
654
654
655
658
662
662
663
669
678
678
681
683
687
687
688
695
695
696
703
712
732
734
772
773
773
773
773
774
774
806
926
927
997
999
1000
1001
1002
1002
1049
1049
1056
1067
1069
1074
1088
1089
1090
1090
1179
1311
1354
1433
1434
1440
1476
1481
1510
1533
1537
1537
1537
1537
1542
1542
1543
1543
1543
1544
1613
1617
1619
1626
1627
1630
1640
1641
1687
1688
1689
1691
1692
1692
1692
1692
1693
1694
1700
1705
1707
1707
1715
1720
1730
1744
1744
1754
1759
1766
1768
1797
1807
1814
1875
1885
1901
1910
1911
1915
1932
1932
1933
1947
1956
1960
1961
1987
1996
2008
2008
2009
2009
2010
2010
2013
2016
2019
2024
2031
2058
2064
2066
2084
2108
2140
2141
2160
2163
2171
2172
2182
2182
2182
2183
2183
2184
2184
2184
2184
2185
2185
2186
2186
2190
2190
2191
2191
2193
2193
2196
2197
2198
2198
2199
2201
2201
2203
2237
2264
2265
2294
2298
2304
2315
2407
2445
2445
2448
2454
2455
2458
2459
2461
2463
2467
2468
2468
2480
2485
2485
2489
2489
2496
2496
2510
2519
2519
2520
2530
2533
2536
2585
2591
2638
2696
2698
2719
2719
2720
2766
2865
2871
2940
2950
2989
3009
3009
3027
3027
3043
3080
3091
3091
3091
3103
3114
3114
3120
3131
3131
3131
3131
3132
3132
3132
3135
3140
3162
3166
3173
3178
3183
3186
3197
3300
3300
3301
3302
3310
3314
3316
3317
3334
3347
3364
3366
3366
3385
3390
3391
3400
3402
3405
3407
3410
3414
3419
3428
3430
3439
3442
3462
3506
3525
3584
3584
3586
3672
3678
3680
3680
3685
3685
3723
3730
3730
3732
3736
3739
3747
3759
3759
3782
3846
3846
3847
3847
3848
3849
3850
3851
3858
3863
3885
3888
3894
3897
3897
3917
3917
3917
3919
3920
3920
3924
3926
3926
3926
3926
3928
3928
3929
3944
3954
3963
3969
3970
3970
3970
3970
3970
3970
3972
3974
4001
4002
4021
4066
4083
4126
4156
4156
4164
4166
4170
4225
4254
4263
4302
4327
4330
4353
4356
4367
4367
4368
4368
4368
