2
9
29
31
38
40
41
41
57
57
58
60
60
65
67
67
69
69
72
78
81
81
82
82
83
83
84
86
87
89
91
95
97
101
101
106
106
107
107
107
107
107
107
107
108
108
110
114
115
116
121
124
128
129
138
144
146
158
173
182
184
193
201
270
309
323
330
346
348
403
403
427
433
473
480
493
523
542
564
567
605
615
617
620
628
630
656
656
656
656
656
656
656
681
681
682
697
700
702
761
765
766
780
796
799
799
799
799
799
806
806
807
808
826
834
836
897
899
901
901
902
902
914
919
965
967
971
973
975
985
999
1026
1026
1060
1060
1141
1141
1143
1143
1143
1146
1146
1152
1176
1178
1179
1189
1208
1222
1225
1228
1230
1232
1232
1251
1256
1256
1256
1256
1257
1257
1258
1258
1259
1260
1260
1275
1275
1276
1276
1276
1276
1276
1276
1280
1281
1281
1281
1281
1281
1281
1281
1281
1281
1282
1282
1289
1290
1290
1291
1299
1369
1456
1457
1463
1463
1466
1469
1478
1478
1479
1479
1487
1500
1510
1521
1522
1526
1544
1544
1556
1561
1561
1562
1565
1600
1617
1619
1626
1627
1628
1629
1630
1631
1631
1632
1633
1636
1652
1653
1664
1666
1669
1716
1721
1722
1728
1736
1759
1759
1763
1764
1778
1813
1831
1833
1834
1834
1906
1922
1978
1989
1994
1999
2000
2000
2001
2002
2002
2002
2002
2003
2019
2029
2041
2045
2049
2049
2050
2051
2056
2056
2060
2063
2109
2145
2154
2155
2156
2156
2169
2212
2212
2212
2213
2213
2214
2214
2229
2229
2232
2265
2266
2329
2329
2345
2366
2415
2580
2611
2676
2711
2713
2742
2774
2775
2844
2844
2848
2849
2943
3033
3038
3045
3046
3046
3047
3048
3052
3057
3063
3078
3079
3080
3080
3085
3085
3086
3089
3092
3092
3092
3103
3106
3107
3114
3115
3120
3120
3121
3132
3132
3132
3132
3133
3133
3133
3133
3147
3172
3175
3176
3202
3202
3208
3209
3209
3210
3210
3213
3213
3216
3225
3227
3227
3227
3228
3228
3228
3239
3241
3279
3285
3295
3310
3323
3329
3339
3344
3355
3362
3363
3363
3376
3377
3378
3379
3379
3394
3407
3408
3411
3411
3412
3455
3465
3532
3533
3537
3540
3542
3542
3569
3569
3570
3570
3570
3570
3571
3571
3571
3576
3576
3576
3577
3577
3577
3577
3610
3610
3611
3612
3621
3632
3632
3632
3741
3741
3744
3746
3760
3763
3872
3876
3877
3879
3924
3933
4033
4035
4155
4217
4254
4268
4268
4295
4295
4296
4296
4296
4513
4531
4531
4534
4558
4565
4572
4611
4612
4633
4664
4673
4688
4688
4689
4704
4707
4728
4733
4774
4776
4782
4794
4811
4813
4815
4816
4816
4817
4819
4857
4867
4874
4887
4892
4898
4898
4899
4899
4967
4968
4969
4974
4985
5005
5100
5103
5105
5109
5110
5110
5110
5112
5113
5117
5117
5118
5118
5119
5140
5184
5190
5194
5198
5204
5206
5210
5210
5210
5211
5213
5213
5213
5229
5237
5262
5320
5320
5327
5329
5330
5330
5331
5368
5369
5370
5409
5411
5431
5480
5626
5627
5627
5630
5630
5647
5659
5690
5692
5709
5713
5729
5738
5746
5747
5787
5789
5789
5790
5792
5795
5795
5795
5795
5795
5796
5796
5796
5797
5801
5803
5804
5804
5812
5815
5816
5825
5826
5826
5838
5851
5891
6175
6176
6230
