1
8
18
22
23
23
23
24
24
30
30
30
32
40
42
42
43
45
46
49
57
68
69
70
71
76
78
87
87
97
107
109
113
123
124
132
134
136
137
140
144
147
148
148
149
149
149
149
150
150
150
150
150
151
154
163
163
173
183
185
187
190
194
200
276
304
360
365
365
365
369
373
374
376
380
461
515
543
613
629
637
637
652
661
662
669
672
675
677
677
677
680
693
722
730
733
734
736
748
750
756
765
770
782
785
785
815
815
815
816
817
825
826
827
829
831
860
867
882
882
889
901
902
903
903
904
908
923
923
924
924
977
982
1059
1084
1117
1122
1133
1135
1137
1146
1258
1262
1266
1268
1273
1282
1351
1363
1363
1374
1374
1381
1426
1427
1428
1428
1429
1429
1429
1430
1431
1431
1433
1434
1434
1435
1435
1435
1436
1478
1492
1496
1497
1500
1506
1520
1520
1525
1525
1525
1525
1525
1525
1525
1525
1531
1537
1538
1538
1543
1543
1544
1545
1554
1560
1561
1562
1562
1562
1563
1564
1564
1564
1566
1568
1570
1572
1573
1585
1586
1587
1588
1588
1603
1607
1617
1618
1619
1635
1635
1635
1635
1635
1635
1635
1635
1635
1635
1635
1635
1635
1635
1635
1635
1635
1636
1636
1654
1662
1664
1671
1671
1673
1684
1690
1693
1713
1714
1714
1715
1716
1716
1716
1716
1716
1716
1716
1716
1716
1716
1723
1723
1723
1723
1724
1724
1724
1724
1725
1728
1729
1729
1729
1737
1737
1747
1748
1748
1748
1749
1749
1749
1749
1750
1750
1750
1752
1752
1754
1761
1766
1771
1777
1786
1788
1790
1790
1791
1791
1791
1793
1795
1800
1801
1803
1803
1803
1811
1819
1829
1833
1835
1840
1847
1848
1850
1853
1854
1890
1978
1988
1991
1992
1993
2225
2247
2251
2297
2330
2357
2361
2366
2366
2369
2386
2386
2498
2528
2551
2595
2606
2697
2697
2710
2792
2803
2829
2835
2947
3022
3046
3051
3067
3067
3084
3091
3107
3107
3107
3109
3120
3121
3130
3136
3151
3151
3152
3153
3153
3153
3158
3169
3171
3171
3173
3173
3174
3176
3180
3183
3187
3199
3229
3236
3236
3236
3239
3243
3244
3248
3263
3265
3265
3268
3278
3288
3290
3294
3297
3299
3304
3306
3310
3311
3312
3313
3336
3342
3350
3379
3452
3465
3490
3498
3499
3504
3504
3504
3504
3504
3504
3505
3548
3556
3576
3577
3579
3581
3624
3625
3625
3625
3627
3633
3642
3657
3657
3658
3658
3659
3659
3659
3660
3673
3679
3680
3713
3740
3745
3748
3760
3761
3768
3805
3805
3805
3808
3818
3820
3827
3903
3911
3912
3912
3912
3912
3912
3912
3917
3919
4004
4083
4091
4091
4092
4092
4093
4094
4099
4100
4130
4130
4142
4142
4188
4229
4249
4269
4279
4283
4286
4313
4316
4316
4319
4319
4326
4330
4351
4351
4357
4471
4499
4503
4513
4525
4526
4535
4584
4595
4613
4630
4804
4805
4806
4868
4919
4979
4980
4986
4991
4991
4991
4992
4993
4993
4993
4993
5010
5015
5042
5077
5082
5084
5110
5122
5146
5223
5224
5234
5278
5287
5287
5288
5288
5314
5519
5717
5718
5720
5720
5722
5722
5722
5722
5722
5722
5723
5723
5726
5726
5741
5743
5774
5855
5960
5960
6107
6141
6239
6249
6260
6260
6261
6261
6271
6317
6320
6389
6402
6410
6427
6436
6468
