2
22
26
26
26
27
30
31
33
35
35
36
38
41
45
46
47
47
47
47
48
48
49
54
55
61
61
62
63
63
64
71
71
72
74
74
76
77
77
85
87
97
105
107
108
111
118
134
143
155
156
167
203
209
215
218
225
238
254
307
369
382
389
389
389
390
390
390
391
391
391
392
393
402
402
403
403
613
692
706
824
839
871
915
971
979
1047
1223
1298
1431
1453
1464
1464
1465
1466
1470
1473
1476
1483
1483
1485
1485
1486
1488
1488
1490
1504
1504
1505
1505
1564
1564
1566
1595
1596
1596
1597
1597
1597
1598
1600
1601
1601
1601
1602
1602
1603
1603
1603
1603
1603
1604
1604
1604
1604
1604
1607
1615
1615
1615
1617
1617
1620
1629
1630
1635
1636
1638
1702
1707
1707
1723
1732
1766
1792
1798
1811
1813
1846
1850
1853
1869
1875
1878
1879
1879
1880
1882
1883
1899
1931
1932
1939
1951
1953
1954
2033
2064
2066
2074
2098
2101
2163
2164
2184
2280
2281
2281
2282
2282
2283
2290
2290
2294
2301
2301
2303
2303
2306
2306
2337
2399
2420
2455
2526
2533
2570
2570
2571
2586
2626
2634
2635
2640
2700
2713
2721
2731
2759
2844
2855
2860
2885
2890
2906
2973
2995
3044
3045
3046
3048
3074
3086
3205
3222
3247
3247
3247
3247
3247
3247
3247
3248
3248
3250
3250
3250
3250
3252
3252
3252
3275
3278
3297
3300
3300
3301
3370
3373
3386
3386
3386
3391
3397
3402
3411
3415
3423
3425
3425
3569
3616
3642
3653
3655
3658
3791
3799
3823
3837
3851
3851
3852
3852
3852
3852
3852
3853
3857
3858
3858
3858
3859
3915
3915
3921
3975
3979
3980
3981
3981
3981
3982
3983
3984
3984
4001
4001
4004
4007
4008
4008
4008
4008
4008
4008
4009
4009
4013
4015
4016
4016
4016
4017
4021
4045
4055
4059
4064
4065
4065
4066
4074
4077
4088
4092
4094
4145
4180
4190
4198
4198
4199
4200
4200
4200
4201
4205
4205
4206
4207
4209
4214
4242
4250
4250
4250
4259
4259
4274
4277
4304
4341
4341
4346
4346
4346
4346
4346
4347
4356
4386
4392
4392
4392
4392
4392
4392
4458
4490
4863
5606
5676
5700
5762
5773
5775
5777
6151
6167
6169
6177
6177
6181
6183
6228
6313
6326
6326
6326
6327
6328
6328
6328
6328
6329
6329
6329
6329
6343
6350
6351
6352
6352
6353
6382
6408
6433
6505
6512
6520
6528
6546
6547
6547
6548
6558
6558
6558
6558
6559
6560
6560
6562
6563
6601
6669
6687
6707
6710
6711
6716
6726
6751
6751
6754
6755
6772
6772
6772
6773
6773
6773
6900
6916
6921
6923
6929
6939
6939
6946
6958
6962
6978
6978
6980
6980
6981
6981
6982
6984
6984
6985
7065
7080
7156
7158
7163
7174
7190
7203
7214
7216
7223
7223
7224
7224
7227
7228
7229
7237
7261
7262
7285
7285
7288
7288
7396
7405
7412
7424
7424
7432
7434
7437
7437
7437
7440
7441
7483
7483
7494
7494
7495
7495
7496
7577
7580
7585
7615
7618
7620
7624
7636
7641
7657
7657
7671
7707
7730
7754
7761
7773
7776
7781
7782
7800
7801
7801
7801
7804
7804
7804
7884
7939
7958
7959
7968
7981
7995
8013
8018
8020
8056
8061
8061
8061
8061
8061
8061
8062
8063
8063
8063
8063
8064
8065
8065
8066
8067
8067
8090
8133
8156
8157
8157
8157
8157
8158
8158
8158
8166
8248
8261
8262
