2
14
17
21
25
26
26
26
26
27
28
29
29
30
31
32
32
33
34
35
37
37
38
38
38
38
39
40
41
41
41
42
42
42
42
42
42
42
42
42
43
44
45
46
46
46
49
50
53
53
54
56
58
58
59
60
60
60
61
61
61
63
63
63
64
65
65
65
66
66
66
66
71
73
76
78
79
80
81
82
82
82
85
86
87
87
88
91
92
93
94
94
94
94
94
98
99
103
103
103
104
106
107
109
109
111
112
116
121
121
122
122
123
123
124
126
126
129
131
131
132
133
133
140
145
150
158
160
175
177
182
195
200
206
206
210
223
224
227
228
235
247
249
254
276
283
288
299
305
311
317
321
324
325
325
340
340
350
365
370
371
377
377
381
389
394
399
414
419
421
421
423
428
431
443
465
482
492
492
496
517
520
525
525
533
543
543
543
543
543
545
546
548
555
585
586
594
597
636
637
643
645
646
646
646
647
648
648
654
655
656
658
664
664
664
665
666
668
669
671
684
686
687
704
706
709
711
713
720
721
727
727
727
728
728
730
732
734
739
742
745
745
746
746
749
749
750
751
755
760
795
798
801
802
802
803
810
817
819
819
823
823
825
826
827
828
832
834
839
839
840
841
844
845
845
847
848
849
855
857
861
871
872
874
875
875
882
888
897
897
897
898
898
898
899
899
899
899
900
900
900
900
900
900
900
900
900
901
902
905
905
906
912
939
940
942
943
946
947
947
947
949
950
950
951
951
952
953
957
957
958
961
968
970
970
997
997
997
1000
1001
1002
1009
1022
1022
1022
1022
1023
1023
1028
1030
1033
1040
1044
1044
1054
1057
1059
1060
1072
1080
1083
1084
1085
1106
1120
1121
1121
1121
1122
1127
1129
1131
1131
1132
1132
1133
1133
1136
1141
1143
1144
1144
1145
1145
1145
1148
1148
1148
1148
1148
1148
1148
1149
1149
1149
1151
1152
1152
1153
1153
1154
1159
1164
1172
1173
1173
1173
1173
1174
1174
1174
1174
1175
1179
1196
1204
1205
1206
1206
1208
1210
1210
1210
1212
1212
1213
1213
1214
1215
1217
1225
1227
1228
1228
1228
1228
1228
1230
1236
1237
1240
1241
1243
1245
1246
1249
1250
1252
1263
1266
1266
1272
1273
1283
1289
1290
1291
1309
1319
1329
1341
1343
1362
1381
1382
1393
1393
1395
1396
1396
1408
1419
1424
1440
1441
1443
1462
1474
1485
1486
1487
1498
1503
1525
1526
1526
1528
1528
1529
1529
1530
1530
1530
1534
1541
1546
1546
1547
1560
1562
1562
1563
1563
1566
1571
1589
1598
1627
1635
1636
1641
1643
1656
1656
1656
1656
1660
1661
1661
1662
1662
1663
1663
1663
1673
1674
1674
1675
1675
1676
1677
1677
1696
1718
1721
1724
1735
1746
1747
1747
1749
1751
1768
1769
1780
1790
1793
1802
1810
1813
1842
1852
1858
1859
1861
1872
1873
1876
1914
1947
1962
1970
1973
1979
1987
1988
1988
1989
1989
1989
1995
2038
2123
2133
2133
2149
2156
2160
2160
2161
2161
2166
2187
2187
2187
