1
5
8
11
12
15
18
18
18
18
19
20
20
20
20
20
21
21
21
22
25
25
26
26
27
27
27
27
28
29
29
30
30
30
32
33
34
35
36
38
38
40
40
40
40
41
42
44
46
47
47
47
48
48
48
49
49
49
51
52
53
53
54
54
55
56
56
56
57
59
60
60
60
60
61
61
61
61
61
61
62
62
62
63
64
64
64
64
64
65
66
67
68
70
70
71
71
72
72
73
73
73
73
73
73
73
74
76
76
76
76
77
77
77
77
78
78
79
79
79
79
80
81
81
82
82
83
84
84
86
86
86
87
87
88
88
90
90
90
91
91
91
92
92
92
92
92
93
93
93
93
93
93
93
94
94
94
94
94
98
98
98
98
99
100
104
104
105
105
106
106
106
106
106
107
107
107
107
107
107
108
108
109
110
110
110
111
111
112
113
115
115
117
117
125
130
130
132
133
133
134
135
135
136
136
136
136
136
137
140
140
140
141
141
141
141
142
142
143
143
143
144
145
145
145
145
145
146
148
148
148
148
148
148
148
149
149
150
156
157
158
159
160
162
162
162
164
164
171
173
177
183
184
186
187
187
188
188
188
189
189
190
196
201
201
208
209
212
214
222
223
225
238
244
260
261
265
270
278
279
281
282
286
286
297
301
302
303
309
311
312
313
314
315
320
323
326
328
330
330
331
333
334
334
334
334
334
334
334
339
339
339
339
340
340
343
343
347
347
349
352
352
354
357
359
359
360
362
380
383
383
383
386
386
387
388
388
406
408
410
410
411
411
411
411
412
418
423
424
424
424
425
426
426
427
428
437
437
441
442
442
442
446
449
451
451
451
451
452
455
456
464
464
473
473
474
476
479
480
483
483
484
485
486
488
489
492
498
500
500
501
502
502
502
504
510
512
515
520
520
520
521
521
521
523
525
526
528
528
529
533
534
534
535
535
539
539
539
540
541
541
543
543
544
546
546
548
550
551
551
551
552
552
552
552
553
556
556
558
561
562
562
562
562
562
562
563
563
564
565
566
566
566
567
567
567
568
568
569
569
570
573
573
576
577
582
584
586
586
588
588
588
589
590
593
595
596
596
596
597
597
598
603
603
604
606
608
609
609
610
611
613
615
615
616
616
617
620
620
620
622
624
624
626
627
628
629
629
631
632
635
635
646
651
651
651
657
657
659
664
664
665
665
665
665
666
666
666
671
671
671
672
673
674
674
675
675
677
686
686
686
687
687
691
691
696
696
699
699
699
699
700
701
701
702
702
703
703
703
704
706
711
712
712
714
714
715
720
720
721
721
722
722
723
723
723
723
724
726
730
731
734
742
743
745
745
746
746
746
746
