1
7
9
12
15
16
16
20
22
24
24
27
27
27
27
27
27
27
28
28
28
28
28
29
29
30
30
34
35
35
36
37
43
46
46
46
47
49
50
50
53
53
53
53
55
56
60
64
64
65
66
67
67
67
68
68
69
70
71
74
77
80
80
81
82
85
88
90
91
92
95
113
116
117
119
120
121
122
122
123
123
123
124
124
128
128
129
130
131
137
138
138
138
138
146
155
163
169
172
172
173
173
177
182
182
189
203
212
222
230
240
243
243
246
255
321
333
345
367
383
399
402
403
403
403
404
404
447
465
465
466
466
466
467
469
471
479
481
483
483
485
488
508
510
510
519
519
522
526
526
526
526
559
564
564
564
564
566
567
567
567
567
567
568
568
568
568
570
572
582
592
691
701
747
768
838
842
847
849
855
855
857
860
922
932
936
936
937
937
937
941
942
942
942
943
945
946
950
953
955
958
962
962
963
973
974
1197
1208
1216
1261
1263
1275
1276
1278
1305
1307
1310
1314
1315
1320
1373
1381
1382
1421
1433
1433
1436
1436
1438
1438
1452
1454
1470
1482
1482
1486
1491
1494
1506
1507
1567
1567
1567
1598
1600
1615
1759
1920
1955
1956
1957
1958
1959
1969
1995
1996
2019
2025
2034
2037
2116
2117
2135
2192
2194
2221
2371
2372
2527
2547
2654
2654
2699
2993
2993
3011
3014
3021
3086
3097
3104
3104
3106
3121
3129
3159
3160
3166
3168
3197
3214
3214
3216
3216
3248
3248
3248
3248
3248
3248
3248
3262
3673
3774
3789
3795
3802
3802
3803
3810
3901
3917
3925
3932
3942
4045
4229
4229
4230
4232
4254
4254
4254
4254
4254
4254
4261
4267
4531
4567
4571
4572
4574
4609
4616
4647
4701
4713
4713
4732
4746
4781
4819
4828
4854
4862
4862
4862
4877
4879
4883
4888
4900
4910
4932
6038
6122
6159
6161
6175
6181
6208
6210
6283
6295
6345
6350
6459
6467
6473
6473
6475
6526
6527
6527
6527
6550
6552
6557
6559
6591
6629
6641
6679
6688
6744
6746
6827
6851
6852
6854
6854
6855
6857
6858
6864
6867
6868
6868
6868
6868
6868
6868
6868
6869
6869
6869
6870
6872
6872
6876
7031
7031
7108
7110
7185
7185
7186
7186
7186
7230
7245
7247
7252
7253
7255
7275
7313
7388
7569
7574
7577
7577
7577
7577
7578
7579
7608
7608
7655
7667
7672
7742
7744
7757
7794
7795
7796
7796
7802
7869
7870
7872
7872
7872
7872
7873
7873
7873
7877
7878
7878
7879
8002
8047
8079
8099
8275
8275
8276
8296
8365
8404
8459
8459
8460
8460
8460
8460
8461
8462
8462
8466
8467
8468
8469
8470
8473
8478
8483
8490
8492
8494
8592
8595
8663
8802
8816
9343
9344
9363
9375
9496
9512
9540
9551
9596
9597
9598
9599
9599
9599
9600
9601
9603
9630
9630
9633
9782
9884
9887
9902
9910
9920
9956
9963
10060
10065
10099
10113
10115
10125
10146
10148
10156
10162
10175
10186
10190
10244
10251
10265
10274
10290
10302
10312
10317
10317
10333
10350
10382
10894
11071
11085
11086
11131
11152
11178
11190
11194
11213
11220
11220
11220
11223
11238
11260
11282
11282
11282
11288
11328
11330
11359
11376
11385
11436
11454
11460
11464
11465
11465
11465
11465
11465
11466
11466
