1
10
11
15
19
19
19
20
23
23
23
23
30
38
38
38
42
43
43
43
46
48
52
52
52
52
52
53
53
53
53
53
53
57
58
58
58
58
58
58
59
59
59
67
69
78
81
82
83
83
83
83
83
83
83
84
85
88
90
91
103
106
108
111
113
125
126
130
133
133
135
135
135
135
135
140
145
152
172
181
187
188
190
192
212
230
242
285
286
335
343
343
405
405
406
415
435
488
565
586
622
666
676
698
698
833
834
871
927
929
930
931
931
932
932
932
977
994
1005
1010
1012
1013
1015
1015
1017
1019
1029
1032
1036
1049
1076
1098
1121
1137
1137
1137
1138
1138
1138
1138
1139
1139
1139
1142
1142
1142
1143
1143
1143
1143
1144
1145
1146
1148
1154
1191
1194
1199
1205
1212
1219
1223
1223
1228
1230
1230
1235
1237
1238
1239
1241
1265
1276
1279
1292
1323
1325
1362
1389
1430
1430
1433
1433
1444
1446
1449
1450
1461
1468
1468
1471
1474
1474
1480
1480
1480
1480
1480
1490
1493
1508
1513
1514
1517
1527
1529
1534
1537
1539
1551
1564
1565
1566
1575
1577
1578
1580
1581
1581
1583
1585
1585
1586
1587
1589
1589
1592
1592
1592
1613
1623
1642
1676
2445
2448
2449
2485
2530
2563
2587
2725
2726
2731
2749
2766
2815
2824
2927
2928
2929
2930
2972
2998
3005
3011
3017
3026
3049
3059
3068
3070
3070
3070
3087
3091
3093
3095
3095
3096
3107
3109
3113
3115
3219
3237
3256
3313
3450
3454
3464
3464
3481
3544
3546
3667
3668
3668
3668
3675
3677
3678
3678
3678
3678
3678
3678
3688
3693
3694
3701
3701
3702
3702
3702
3702
3702
3702
3703
3712
3719
3801
3817
3899
3902
3913
3920
3920
3920
3920
3920
3920
3920
3920
3920
3921
3921
3921
3921
3921
3922
3934
3934
3935
3951
3984
3984
3985
3986
4026
4031
4060
4079
4079
4079
4080
4085
4087
4129
4130
4130
4131
4131
4229
4231
4485
4489
4522
4545
4558
4561
4604
4635
4696
4696
5455
5503
5503
5503
5504
5504
5505
5517
5518
5518
5518
5519
5519
5592
5592
5593
5607
5609
5616
5617
5618
5619
5636
5638
5640
5641
5652
5668
5684
5686
5686
5688
5700
5706
5707
5707
5708
5708
5709
5709
5709
5720
5742
5801
5886
5889
5891
5891
5891
5893
6018
6033
6096
6116
6116
6117
6118
6118
6119
6139
6155
6226
6227
6231
6232
6232
6291
6306
6308
6364
6364
6364
6364
6365
6367
6392
6395
6432
6446
6448
6450
6486
6502
6524
6541
6549
6550
6571
6572
6591
6605
6616
6619
6628
6642
6657
6657
6719
6720
6721
6721
6724
6725
6725
6725
6729
6730
6730
6730
6732
6732
6733
6753
6760
6762
6763
6766
6772
6835
6849
6849
6861
6864
6864
6895
6896
6916
6942
6954
6958
6973
6976
6976
6978
6980
6982
6986
7028
7028
7028
7046
7051
7070
7081
7099
7108
7114
7114
7115
7115
7121
7160
7173
7173
7173
7226
7226
7227
7228
7228
7228
7229
7229
7234
7252
7258
7290
7318
7380
7543
7568
7571
7576
7577
7580
7587
7606
7687
7691
7716
7726
7728
7744
7800
7818
7831
7874
7880
8318
8956
9196
10263
10807
10808
10810
10821
10904
12034
12964
12969
12970
12980
13741
14199
14199
14199
14199
14200
14200
14202
14345
14348
14362
