1
8
10
11
14
15
16
16
16
16
16
16
16
17
17
18
20
21
23
25
26
27
27
28
28
29
30
31
31
32
32
33
34
35
36
37
37
37
37
37
37
38
38
38
39
39
39
39
39
39
40
40
40
41
41
41
41
41
41
41
42
42
42
42
42
43
43
44
44
45
46
47
47
47
48
49
49
49
49
50
50
50
50
51
51
52
52
52
54
55
56
56
58
58
58
60
61
62
62
62
63
63
63
64
66
66
66
66
66
68
69
71
72
73
76
77
79
81
82
83
84
85
85
85
87
89
91
92
95
97
98
98
98
98
98
99
101
101
101
102
102
103
103
103
103
103
104
104
106
107
108
108
108
108
108
109
110
110
111
111
111
112
112
112
112
113
113
113
113
114
114
115
115
115
115
115
116
116
117
120
132
132
132
132
134
134
134
134
136
137
137
139
139
139
139
139
139
140
140
141
142
142
142
142
143
143
146
147
147
150
155
158
159
160
160
161
162
163
165
170
171
176
183
210
214
214
218
221
221
222
224
227
242
242
243
243
243
243
243
244
245
245
246
246
250
252
254
254
264
269
270
270
270
270
271
271
271
271
272
272
272
273
282
291
300
303
306
329
345
353
355
365
379
383
384
384
386
403
412
441
447
448
448
460
464
464
473
479
481
482
485
489
489
491
495
496
498
507
510
510
516
516
517
517
518
536
537
544
544
545
546
547
553
556
560
565
566
568
568
568
578
580
580
582
582
582
582
582
582
583
583
583
583
584
584
588
590
591
592
592
592
592
601
602
609
612
622
623
625
628
629
629
629
629
630
632
634
635
637
638
641
644
645
647
647
651
651
651
651
651
656
658
659
661
662
662
672
673
674
678
679
681
682
682
683
686
687
697
700
703
713
717
717
718
719
719
721
722
722
722
722
729
731
732
737
738
738
741
742
742
742
742
743
743
743
744
745
749
750
756
757
767
772
777
789
794
800
801
801
802
802
802
803
804
804
805
806
808
808
808
809
810
819
821
825
827
827
828
828
837
838
839
842
844
845
854
862
863
863
863
864
868
868
874
874
874
874
875
875
876
876
876
880
881
881
882
888
892
897
899
910
911
912
914
915
917
920
921
939
943
945
953
955
962
962
971
972
973
973
974
982
987
989
997
997
997
1009
1019
1020
1055
1060
1060
1061
1063
1063
1064
1067
1087
1089
1090
1099
1115
1117
1118
1121
1123
1123
1124
1124
1128
1137
1142
1143
1153
1153
1155
1155
1159
1163
1172
1183
1191
1202
1208
1208
1210
1214
1235
1247
1247
1247
1248
1263
1267
1280
1281
1287
1298
1311
1332
1341
1342
1346
1346
1346
1347
1348
1349
1351
1351
1351
1358
1364
1369
1370
1407
1411
1427
1428
1435
1439
1441
1457
1478
1478
