1
4
13
19
20
25
25
25
25
25
27
27
29
31
31
31
32
32
33
34
36
37
37
38
39
39
42
42
42
43
43
43
43
43
44
46
47
48
51
53
54
54
54
54
55
55
55
56
56
56
56
56
57
57
57
57
57
61
64
65
66
66
66
68
68
69
69
70
70
76
76
76
76
76
77
79
80
80
80
81
82
82
85
86
87
89
91
92
94
95
96
99
101
102
103
104
104
105
105
105
105
105
105
106
106
107
107
107
108
109
110
110
111
112
112
112
115
115
116
119
122
123
127
129
131
134
135
135
139
142
145
146
148
159
159
161
169
170
172
178
181
191
195
217
256
313
353
353
358
363
365
398
399
400
401
417
434
474
478
478
478
481
483
487
522
565
574
631
631
664
665
665
702
719
733
747
749
967
1152
1152
1273
1274
1410
1426
1427
1432
1441
1441
1500
1501
1501
1502
1502
1502
1521
1527
1538
1539
1539
1539
1539
1544
1544
1545
1545
1545
1545
1555
1582
1584
1586
1683
1941
1955
1956
1966
1968
1970
1972
1975
2001
2013
2014
2014
2028
2028
2028
2060
2074
2078
2079
2087
2089
2090
2090
2090
2091
2091
2172
2178
2185
2193
2197
2211
2214
2214
2224
2226
2231
2242
2243
2291
2634
2713
2713
2715
2729
2843
2861
2923
3039
3057
3059
3060
3061
3087
3087
3087
3088
3088
3088
3088
3095
3098
3101
3101
3107
3113
3121
3124
3124
3149
3149
3149
3149
3179
3182
3198
3212
3238
3258
3265
3269
3271
3271
3271
3276
3278
3280
3325
3326
3327
3332
3332
3333
3333
3333
3333
3333
3334
3335
3336
3348
3363
3386
3387
3387
3402
3403
3403
3404
3404
3404
3404
3404
3405
3405
3406
3407
3407
3413
3431
3432
3445
3446
3446
3447
3447
3449
3461
3503
3504
3578
3584
3587
3587
3592
3593
3593
3638
3645
3677
3683
3688
3688
3688
3689
3689
3690
3690
3690
3690
3691
3692
3693
3695
3695
3695
3695
3696
3696
3696
3696
3696
3707
3707
3707
3707
3713
3713
3796
3803
3803
3814
3814
3833
3837
3870
3934
3934
3965
3992
4106
4113
4115
4116
4116
4116
4116
4117
4117
4118
4119
4131
4132
4138
4145
4146
4147
4151
4152
4152
4166
4184
4226
4287
4352
4359
4359
4395
4406
4407
4438
4442
4452
4453
4535
4626
4669
4671
4673
4673
4674
4750
4774
4777
4781
4783
4801
4807
4819
4836
4836
4839
4850
4857
4866
4871
4885
4885
4886
4897
4905
4919
4932
4934
4940
4941
4944
4945
4975
4976
4976
4977
4991
5010
5028
5033
5085
5095
5106
5137
5196
5204
5305
5326
5330
5331
5352
5399
5408
5408
5410
5410
5461
5490
5612
5653
5665
5689
5699
5710
5741
5750
5750
5759
5775
5776
5779
5791
5795
5805
5817
5817
5820
5820
5820
5824
5826
5826
5826
5826
5828
5841
5841
5841
5841
5854
5905
5925
5944
6132
6146
6147
6150
6151
6151
6151
6153
6153
6155
6155
6156
6156
6250
6253
6264
6266
6267
6269
6270
6271
6306
6306
6306
6393
6444
6446
6449
6459
6485
6517
6524
6529
6540
6548
6564
6565
6586
6591
6592
6594
6598
6611
6611
6693
6712
6733
6740
6740
6740
6777
6819
6869
6929
6932
6932
6933
6934
6934
6934
6938
6940
6941
6941
6941
6941
6941
6942
6942
6942
6943
