1
5
9
11
11
14
14
15
15
16
18
22
24
25
25
26
26
26
26
28
30
31
31
32
33
33
33
33
33
33
34
34
35
36
36
36
37
37
38
38
38
39
39
39
39
49
49
49
50
50
50
50
50
53
54
54
55
65
79
81
84
86
89
91
108
109
113
115
129
129
129
130
132
135
138
142
144
144
144
145
145
145
146
149
159
161
164
187
214
217
218
219
225
241
241
241
241
241
243
265
273
296
300
305
324
333
342
388
403
442
442
461
462
491
491
491
491
491
491
491
491
491
491
491
491
492
493
494
494
494
495
495
495
496
509
530
530
551
585
598
599
609
611
619
622
627
635
636
636
636
636
637
640
643
643
644
655
658
659
659
666
666
666
666
666
666
666
666
670
673
673
674
694
704
714
725
740
750
772
835
836
843
845
851
851
852
856
857
858
858
858
859
859
859
859
859
859
859
859
860
860
860
860
866
870
873
888
891
893
900
900
901
912
920
925
929
930
944
944
944
945
945
948
952
954
955
958
972
972
972
973
974
974
974
974
974
974
975
975
978
979
991
993
995
1008
1048
1050
1058
1077
1079
1084
1109
1111
1117
1122
1140
1144
1144
1144
1145
1152
1155
1161
1163
1167
1169
1171
1173
1182
1184
1185
1189
1190
1190
1193
1195
1197
1197
1197
1214
1219
1228
1229
1280
1321
1325
1325
1348
1349
1363
1369
1385
1385
1386
1387
1388
1388
1389
1389
1391
1391
1395
1425
1427
1429
1439
1446
1447
1447
1450
1450
1478
1488
1488
1490
1490
1490
1491
1491
1492
1494
1495
1508
1510
1511
1525
1527
1528
1531
1532
1532
1533
1533
1535
1541
1542
1546
1554
1556
1557
1562
1562
1563
1571
1572
1573
1574
1574
1575
1575
1578
1580
1581
1591
1600
1602
1603
1604
1604
1604
1604
1605
1605
1605
1606
1606
1606
1607
1608
1608
1610
1610
1611
1611
1611
1613
1624
1627
1631
1632
1632
1641
1642
1646
1648
1659
1668
1688
1697
1704
1706
1717
1727
1754
1841
1906
1907
1907
1911
1914
1922
1929
1933
1935
1938
1942
1970
1973
1974
1975
1977
1988
2022
2045
2055
2064
2077
2080
2098
2107
2213
2252
2294
2328
2358
2361
2363
2363
2384
2388
2389
2390
2459
2522
2523
2529
2530
2537
2538
2552
2557
2559
2561
2565
2570
2593
2598
2632
2632
2644
2644
2644
2645
2648
2653
2654
2654
2654
2655
2655
2655
2659
2659
2660
2687
2716
2742
2778
2793
2794
2795
2796
2797
2809
2829
2862
2869
2870
2873
2911
2911
2944
2986
2990
2992
2997
2997
2997
2997
3000
3002
3007
3010
3011
3031
3108
3111
3123
3125
3128
3135
3143
3187
3198
3204
3217
3221
3221
3229
3232
3232
3239
3252
3252
3253
3265
3272
3272
3272
3273
3276
3276
3276
3277
3278
3311
3314
3323
3400
3406
3413
3419
3430
3485
3580
3581
3607
3607
3608
3680
3708
3708
3708
3709
3719
3725
3725
3726
3728
3729
3750
3768
3781
3799
3800
3800
3801
3805
3853
3859
3895
3997
4012
4046
4046
4046
4047
4052
4064
4066
4088
4116
4149
4149
4149
4153
4154
4154
4154
4169
4183
4185
4202
4219
4220
