1
6
9
16
17
18
20
21
22
27
28
28
28
28
28
29
30
32
34
34
36
36
39
40
41
42
43
43
43
43
45
45
47
47
47
47
47
47
47
48
48
48
51
51
51
51
51
51
51
51
52
52
52
52
52
52
53
53
54
55
57
57
57
57
57
58
59
61
61
61
61
63
63
64
65
65
65
65
66
66
66
66
67
67
69
70
71
73
73
74
75
75
75
76
77
78
80
81
81
82
82
84
85
87
88
91
91
93
93
94
95
96
98
99
100
100
100
109
109
110
110
111
114
114
115
115
115
115
115
115
115
115
115
118
118
118
119
120
121
122
122
123
124
125
128
128
130
135
137
139
149
151
151
153
155
165
179
183
189
206
231
248
256
270
273
276
300
302
327
331
368
377
383
384
403
404
409
413
416
424
445
448
452
452
466
468
468
468
470
471
476
478
478
481
483
483
484
490
501
503
505
507
516
518
521
521
548
556
558
559
578
580
583
618
630
649
649
656
656
656
666
668
670
678
680
682
687
689
689
689
690
690
690
696
702
703
711
714
722
723
723
725
726
728
730
730
732
732
737
738
738
738
739
740
743
744
745
747
752
752
754
754
755
758
758
762
764
766
771
771
772
775
775
775
775
776
776
777
778
780
783
783
784
784
785
785
792
793
793
793
793
794
794
794
795
795
797
798
798
798
798
799
801
802
802
803
803
803
804
805
807
807
807
808
808
809
809
809
809
816
816
816
816
816
816
816
816
816
817
817
817
817
817
817
817
817
818
818
818
819
820
821
821
822
823
823
823
823
823
823
823
823
823
824
829
829
829
831
831
831
831
833
833
833
837
837
837
838
838
839
839
840
841
842
842
842
843
843
844
844
844
846
846
848
850
850
850
850
850
851
851
851
851
852
852
852
853
853
853
853
854
854
855
855
856
856
856
856
857
858
858
859
865
865
866
866
866
866
873
876
876
880
880
880
881
882
882
882
886
887
887
888
889
889
890
893
893
895
895
896
896
897
898
898
900
905
907
907
909
912
913
913
915
917
922
922
923
925
928
930
931
935
936
938
939
939
940
940
940
942
943
943
944
945
946
946
946
946
949
950
951
952
956
956
957
957
959
965
965
966
969
971
971
975
975
976
978
978
978
979
979
979
982
982
983
983
990
994
996
998
1002
1004
1005
1008
1008
1008
1016
1016
1018
1018
1020
1024
1024
1025
1025
1025
1025
1025
1025
1030
1031
1033
1034
1035
1037
1045
1045
1045
1048
1050
1051
1053
1055
1056
1060
1062
1062
1063
1065
1070
1076
1082
1085
1087
1088
1092
1099
1099
1101
1101
1103
1103
1103
1105
1109
1111
1114
1114
1115
1116
1116
1117
1117
1117
1117
1118
1118
1118
1121
1121
1125
1125
1128
1128
1128
1128
1129
1129
