1
5
8
13
18
19
20
21
21
22
22
22
22
25
28
33
33
33
33
34
34
34
37
37
37
37
37
37
39
40
41
41
41
41
41
42
42
43
43
44
47
47
48
48
49
49
51
57
58
58
59
59
61
62
62
62
63
64
65
67
72
72
72
72
72
74
74
74
75
75
75
75
76
76
76
76
76
76
77
77
78
80
81
82
83
85
85
85
86
86
87
100
100
101
102
103
106
109
110
117
121
121
122
122
122
123
124
125
126
128
128
129
129
129
130
130
130
131
133
133
133
133
133
138
141
143
144
150
151
152
152
159
204
236
324
340
353
365
430
469
478
484
487
497
512
512
522
532
547
568
574
577
582
593
595
598
632
641
657
663
671
677
693
693
693
693
698
699
705
717
721
722
797
810
824
900
933
934
966
1141
1148
1153
1269
1380
1381
1390
1390
1396
1396
1440
1440
1441
1489
1525
1540
1557
1563
1608
1609
1609
1610
1612
1613
1616
1618
1619
1620
1633
1654
1656
1660
1779
1818
1953
1969
1990
2003
2010
2014
2018
2086
2092
2103
2103
2108
2110
2122
2172
2172
2172
2173
2175
2177
2217
2218
2221
2230
2230
2269
2279
2307
2309
2380
2406
2406
2407
2423
2426
2426
2428
2431
2442
2443
2516
2637
2800
2836
2838
2851
2896
2962
3064
3080
3095
3134
3139
3143
3148
3150
3183
3193
3194
3203
3205
3217
3228
3231
3261
3265
3285
3285
3307
3311
3315
3315
3316
3319
3336
3373
3376
3448
3499
3539
3550
3550
3555
3556
3560
3568
3569
3575
3577
3579
3582
3583
3595
3601
3603
3614
3617
3627
3648
3649
3652
3653
3653
3654
3654
3655
3661
3680
3778
3809
3829
3830
3830
3830
3830
3830
3830
3830
3831
3832
3832
3832
3833
3833
3834
3835
3835
3835
3836
3836
3846
3847
3848
3848
3848
3849
3849
3851
3851
3865
3868
3880
3880
3880
3881
3881
3882
3886
3890
3903
3903
3906
3914
3916
3931
3983
3983
3985
3986
3992
3992
3993
3995
4058
4077
4103
4216
4230
4264
4270
4271
4271
4272
4325
4332
4342
4347
4348
4349
4350
4351
4367
4470
4471
4471
4471
4484
4484
4484
4490
4490
4490
4490
4490
4490
4491
4495
4495
4496
4501
4614
4624
4654
4700
4701
4701
4701
4702
4702
4702
4702
4703
4734
4743
4836
4854
4857
4873
4873
4873
4874
4900
4920
4939
4957
4963
4966
4975
5064
5170
5170
5170
5171
5180
5282
5305
5306
5308
5315
5326
5326
5440
5475
5490
5492
5493
5497
5497
5690
5694
5695
5701
5717
5746
6093
6332
6384
6389
6389
6390
6434
6442
6443
6443
6519
6560
6654
6664
6667
6670
6673
6675
6701
6703
6703
6703
6704
6704
6704
6710
6717
6774
6815
6834
7074
7074
7091
7193
7299
7368
7419
7571
7623
7701
7704
7706
7707
7728
7735
7778
7789
7794
7795
7815
7820
7823
7837
7869
7882
7886
7889
7927
7953
7970
7994
8066
8090
8090
8090
8093
8094
8094
8095
8097
8097
8097
8098
8098
8098
8098
8102
8102
8104
8136
8142
8143
8147
8149
8154
8160
8164
8166
8166
8215
8218
8230
8233
8238
8241
8251
8303
8342
8389
8397
8397
8543
8554
8554
8557
8557
8557
8561
8561
8561
8562
8563
8564
8564
8567
8596
8629
8648
