2
7
18
24
24
24
24
24
24
26
27
29
30
31
31
36
39
41
42
42
42
42
43
44
44
45
46
47
49
49
54
58
58
59
60
60
61
64
65
71
73
74
74
79
83
83
84
84
85
87
87
90
92
92
92
97
99
103
104
104
110
112
113
115
116
116
116
116
116
117
117
117
120
122
125
134
138
165
210
231
318
321
322
322
376
384
523
528
537
537
562
562
600
608
623
629
645
646
651
651
652
652
652
657
669
670
681
685
685
686
687
688
689
692
694
899
909
929
929
929
951
968
1005
1051
1094
1145
1149
1158
1449
1451
1460
1460
1461
1461
1463
1464
1464
1464
1465
1466
1467
1467
1468
1470
1472
1476
1476
1479
1481
1481
1482
1498
1504
1528
1530
1537
1552
1613
1613
1630
1642
1650
1685
1686
1690
1708
1789
1887
1897
1901
1902
1973
1977
1988
2003
2005
2006
2007
2010
2144
2246
2249
2258
2259
2260
2261
2261
2262
2262
2262
2262
2262
2262
2262
2263
2263
2263
2263
2263
2263
2263
2263
2263
2264
2291
2297
2301
2302
2312
2330
2339
2344
2345
2359
2378
2400
2401
2401
2401
2401
2402
2402
2403
2403
2404
2418
2420
2426
2433
2437
2438
2453
2454
2454
2454
2455
2457
2457
2458
2459
2459
2462
2463
2469
2484
2714
2723
2725
2745
2747
2757
2765
2765
2766
2800
2870
2882
2883
2891
2891
2918
2919
2993
2993
3073
3077
3085
3092
3108
3108
3109
3110
3111
3111
3111
3113
3114
3115
3115
3115
3116
3117
3123
3125
3149
3159
3192
3207
3210
3215
3230
3247
3259
3410
3421
3421
3465
3476
3508
3523
3529
3529
3530
3537
3592
3919
3919
3927
3930
3930
3939
3939
3941
3941
3941
3941
3941
3945
4010
4037
4096
4099
4102
4103
4103
4105
4108
4139
4140
4191
4192
4208
4209
4211
4211
4213
4220
4222
4223
4229
4230
4230
4230
4253
4255
4255
4255
4341
4368
4369
4369
4369
4374
4376
4379
4382
4382
4384
4385
4386
4387
4412
4450
4450
4454
4454
4456
4456
4456
4456
4456
4456
4456
4457
4457
4465
4485
4544
4629
4632
4632
4632
4633
4633
4633
4633
4636
4649
4666
4678
4734
4734
4738
4741
4742
4742
4742
4743
4743
4757
4762
4772
4791
4791
4793
4795
4822
4830
4867
4891
4895
4896
4896
4896
4897
4897
4927
4995
4997
4999
4999
5004
5026
5035
5036
5050
5101
5167
5172
5174
5225
5238
5241
5242
5245
5247
5248
5269
5373
5379
5379
5399
5405
5407
5408
5408
5408
5421
5560
5571
5572
5687
5693
5693
5693
5694
5694
5694
5694
5698
5724
5785
5798
5811
5815
5815
5816
5816
5867
5868
5869
5870
5870
5871
5891
5893
5917
6192
6237
6241
6243
6338
6338
6342
6342
6343
6343
6352
6356
6362
6365
6419
6422
6449
6454
6454
6454
6455
6524
6765
6765
6769
6877
6879
6951
6959
6999
7004
7016
7030
7032
7035
7061
7061
7096
7216
7337
7419
7442
7447
7469
7492
7507
7516
7529
7534
7654
7655
7655
7691
7698
7714
7744
7765
7780
7788
7789
7794
7797
7941
7944
7945
7950
7955
7958
7958
7971
7991
7996
7998
8004
8018
8035
8070
8071
8076
8076
8086
8098
8130
8184
8200
8227
8227
8227
8228
8230
8231
8242
8250
8261
8262
8264
8283
8288
8289
8304
8305
8305
8305
8305
8305
8305
8306
8309
