1
8
15
17
17
18
20
21
23
25
26
27
29
35
39
48
49
62
65
71
75
77
82
83
91
93
98
98
99
101
103
104
104
104
104
105
105
105
105
105
107
111
111
113
115
115
127
130
138
149
152
153
165
180
191
192
199
208
229
229
229
233
236
240
240
240
264
290
291
298
310
315
315
315
316
316
352
363
382
382
384
410
444
445
453
466
475
477
482
484
486
486
529
533
558
560
560
561
561
561
561
562
619
724
725
726
727
738
748
748
761
761
776
790
801
832
832
836
844
846
855
855
856
856
856
857
859
860
862
862
863
863
863
866
868
869
869
869
869
869
869
870
870
873
874
881
884
900
900
907
908
920
925
928
932
1010
1016
1018
1048
1072
1073
1100
1226
1259
1260
1260
1261
1277
1286
1287
1302
1303
1416
1431
1462
1469
1473
1473
1473
1474
1474
1474
1474
1474
1474
1479
1479
1479
1479
1479
1479
1479
1479
1479
1480
1480
1480
1483
1483
1484
1484
1497
1503
1554
1578
1589
1607
1618
1619
1619
1620
1620
1621
1623
1625
1627
1628
1665
1667
1673
1728
1808
1857
1877
1880
1886
1911
1912
1924
1937
1970
1980
1984
1990
2016
2032
2116
2117
2117
2117
2124
2131
2137
2137
2201
2231
2247
2256
2257
2268
2271
2275
2341
2453
2480
2486
2488
2488
2489
2489
2529
2552
2562
2568
2588
2600
2601
2608
2612
2680
2697
2703
2706
2721
2725
2726
2727
2728
2728
2728
2732
2732
2740
2742
2744
2759
2761
2761
2762
2766
2876
2893
2895
2964
2980
3007
3009
3009
3014
3016
3018
3021
3024
3026
3105
3125
3167
3172
3226
3239
3254
3276
3291
3292
3292
3292
3292
3293
3296
3298
3323
3376
3377
3377
3377
3377
3377
3377
3378
3378
3384
3385
3385
3466
3466
3466
3469
3469
3469
3470
3470
3470
3470
3470
3471
3471
3471
3471
3471
3471
3471
3471
3474
3475
3486
3493
3493
3502
3520
3533
3534
3534
3537
3537
3597
3597
3603
3603
3603
3603
3604
3614
3638
3652
3658
3681
3684
3705
3730
3735
3735
3736
3737
3742
3764
3776
3776
3776
3777
3778
3778
3778
3779
3779
3779
3798
3798
3799
3802
3803
3803
3803
3804
3804
3804
3804
3804
3804
3805
3805
3805
3806
3806
3807
3810
3810
3812
3812
3812
3842
3843
3873
3891
3910
3936
3940
3967
3968
3982
3993
3993
4002
4063
4081
4100
4101
4102
4102
4109
4116
4128
4128
4128
4130
4173
4173
4219
4225
4225
4226
4231
4252
4265
4269
4338
4361
4362
4364
4384
4399
4597
4637
4639
4650
4650
4669
4723
4725
4743
4744
4762
4776
4776
4776
4783
4795
4805
4806
4806
4900
4900
4910
4912
4929
4929
4931
4931
4931
4932
4933
4933
4936
4937
4937
4937
4939
4942
4965
4991
4992
4993
5005
5079
5083
5085
5087
5091
5098
5126
5132
5132
5134
5134
5136
5137
5137
5137
5138
5138
5138
5138
5138
5140
5145
5188
5285
5285
5339
5360
5381
5387
5421
5425
5449
5467
5487
5488
5488
5520
5537
5541
5541
5544
5545
5562
5563
5636
5641
5645
5645
5678
5685
5690
5691
5694
5701
5717
5724
5729
5738
5757
5785
5785
5785
5785
5785
5788
5788
5788
5789
5791
5798
5798
5799
5800
5800
5800
5809
5810
5810
5811
5811
5811
5811
5811
5811
5812
