1
9
15
20
21
24
24
24
25
25
25
26
27
27
28
28
28
29
29
29
29
29
29
32
33
34
34
39
45
46
49
61
62
67
68
70
71
73
77
77
79
81
82
85
87
88
89
90
90
92
93
93
94
96
101
101
101
102
103
103
104
104
104
104
104
104
105
105
105
107
110
110
110
114
114
118
118
121
129
132
135
139
146
157
160
170
171
193
197
202
229
268
298
299
302
310
310
311
325
342
412
427
442
452
486
505
540
542
543
543
545
555
558
561
562
562
563
563
573
574
575
586
616
629
629
630
632
667
669
677
697
708
711
736
737
773
773
774
774
774
775
835
836
836
945
945
945
949
949
949
949
950
950
950
950
950
950
950
951
951
952
952
952
953
953
964
998
1004
1046
1088
1105
1152
1152
1153
1153
1164
1211
1217
1223
1224
1225
1226
1226
1227
1228
1250
1297
1383
1400
1420
1435
1442
1443
1446
1447
1447
1447
1451
1451
1451
1452
1452
1452
1453
1457
1458
1458
1459
1485
1499
1523
1553
1586
1605
1606
1607
1607
1607
1607
1607
1610
1611
1612
1614
1616
1618
1635
1638
1644
1645
1647
1664
1741
1750
1776
1790
1794
1817
1838
1839
1856
1857
1859
1859
1863
1867
1867
1867
1867
1868
2057
2058
2058
2090
2106
2122
2123
2159
2176
2179
2179
2189
2196
2201
2240
2264
2363
2364
2365
2365
2366
2385
2385
2393
2395
2400
2402
2403
2410
2423
2464
2465
2469
2501
2523
2594
2604
2610
2610
2610
2611
2611
2611
2611
2611
2611
2612
2612
2612
2612
2612
2612
2613
2613
2613
2613
2613
2613
2614
2615
2627
2629
2647
2656
2667
2667
2667
2673
2673
2709
2710
2743
2766
2768
2772
2809
2809
2816
2844
2939
2943
2944
3023
3043
3097
3097
3109
3133
3139
3148
3148
3149
3149
3149
3150
3151
3151
3151
3151
3160
3168
3169
3173
3173
3173
3195
3196
3196
3196
3197
3203
3204
3205
3210
3213
3214
3215
3215
3215
3216
3216
3216
3216
3216
3217
3217
3219
3219
3219
3223
3231
3234
3235
3249
3249
3250
3252
3256
3256
3283
3287
3306
3314
3314
3314
3316
3316
3318
3322
3322
3343
3345
3349
3350
3350
3370
3370
3372
3372
3373
3374
3382
3383
3384
3385
3387
3389
3389
3390
3392
3393
3395
3395
3400
3400
3401
3468
3479
3481
3482
3484
3487
3488
3488
3488
3489
3490
3492
3495
3503
3503
3573
3573
3588
3617
3631
3633
3686
3687
3688
3694
3698
3727
3738
3768
3769
3780
3784
3802
3852
3853
3854
3860
3866
3876
3892
3893
3923
3925
3955
3959
3966
3967
3969
3970
3970
3971
3980
3980
4038
4096
4096
4097
4097
4097
4099
4100
4100
4102
4104
4113
4130
4131
4132
4156
4157
4166
4168
4171
4181
4225
4259
4273
4287
4294
4296
4297
4297
4301
4325
4325
4325
4326
4327
4366
4367
4456
4456
4456
4478
4491
4511
4524
4524
4525
4525
4525
4525
4527
4528
4529
4532
4596
4710
4725
4734
4735
4744
4768
4768
4771
4771
4840
4842
4844
4878
4882
4882
4883
4885
4898
4918
4928
4960
5012
5051
5056
5059
5064
5066
5093
5116
5269
5315
5356
5507
5682
5827
5851
5878
5879
6076
6081
6082
6083
6085
6133
6167
6183
6184
6186
6189
6191
6211
6221
