2
18
31
40
54
59
66
72
72
80
82
83
84
85
86
91
107
119
119
122
140
145
146
146
148
152
157
157
157
157
169
185
186
186
187
190
200
203
203
206
207
207
208
208
215
215
215
215
215
216
216
221
221
221
222
222
222
222
222
222
223
223
223
224
224
227
228
235
235
252
264
269
286
289
294
295
317
324
324
324
329
330
330
331
331
332
333
353
353
354
354
354
354
354
354
354
354
355
364
370
371
379
379
448
456
473
498
520
525
526
546
559
598
619
723
743
744
769
795
816
856
867
870
877
884
889
896
897
897
897
902
941
942
963
967
968
971
976
984
988
1035
1042
1042
1080
1156
1168
1171
1177
1180
1183
1194
1200
1200
1201
1201
1202
1202
1202
1202
1202
1211
1227
1229
1230
1233
1237
1247
1250
1256
1259
1272
1272
1272
1296
1299
1315
1320
1332
1360
1380
1381
1381
1382
1404
1428
1430
1447
1465
1468
1493
1519
1519
1519
1520
1521
1521
1545
1545
1545
1556
1567
1568
1569
1569
1570
1614
1614
1614
1614
1614
1614
1614
1617
1618
1618
1618
1618
1618
1620
1620
1621
1621
1621
1622
1623
1648
1649
1651
1659
1664
1668
1668
1669
1669
1676
1676
1678
1692
1692
1859
1859
1863
1869
1889
1890
1916
1928
2128
2130
2132
2135
2152
2158
2158
2158
2158
2165
2170
2171
2178
2178
2179
2180
2182
2184
2223
2223
2223
2226
2226
2226
2226
2227
2227
2227
2227
2227
2229
2230
2231
2232
2241
2245
2245
2245
2246
2246
2295
2323
2357
2358
2359
2371
2383
2410
2415
2421
2530
2531
2532
2557
2601
2608
2608
2611
2613
2617
2643
2643
2644
2645
2653
2677
2716
2727
2731
2736
2748
2801
2815
2817
2819
2819
2820
2821
2825
2825
2830
2833
2969
2996
3010
3060
3069
3069
3070
3071
3071
3074
3076
3092
3092
3092
3092
3096
3108
3118
3119
3121
3131
3159
3160
3168
3214
3214
3215
3220
3270
3281
3305
3306
3309
3333
3370
3493
3545
3562
3589
3590
3591
3591
3591
3591
3592
3592
3597
3714
3714
3715
3717
3718
3755
3756
3756
3767
3832
3857
3876
3876
3876
3877
3882
3884
3884
3897
3908
3913
3917
3920
3921
3935
3935
3936
3936
3982
3982
3982
3988
4031
4067
4073
4090
4134
4135
4151
4208
4334
4345
4346
4347
4348
4349
4371
4374
4378
4468
4573
4574
4577
4619
4619
4619
4620
4625
4625
4640
4645
4660
4661
4671
4675
4747
4747
4747
5322
5330
5330
5331
5331
5331
5339
5348
5363
5552
5590
5618
5623
5675
5676
5805
5806
5806
5807
5807
5807
5807
5808
5808
5808
5808
5809
5817
5847
5884
6100
6107
6121
6143
6216
6230
6235
6236
6236
6240
6241
6241
6242
6252
6252
6252
6253
6260
6268
6271
6278
6290
6301
6309
6311
6312
6312
6312
6327
6327
6328
6336
6337
6360
6361
6414
6426
6426
6426
6428
6429
6432
6453
6467
6471
6484
6487
6494
6495
6510
6510
6512
6528
6553
6554
6562
6620
6621
6635
6672
6678
6699
6700
6895
6904
6926
6930
6932
6981
7007
7044
7078
7115
7140
7140
7152
7156
7245
7293
7420
7424
7455
7455
7590
7607
7607
7613
7615
7617
7617
7641
7653
7653
7667
7742
7759
7765
7766
7801
7801
7801
7802
7806
7808
7808
7817
7818
7850
7851
7851
7856
7858
