1
13
23
23
23
23
30
33
37
38
38
38
38
39
41
43
50
55
60
61
71
72
73
74
74
74
74
74
75
75
79
79
83
84
85
104
105
107
107
108
108
109
109
109
110
110
111
111
115
123
125
127
129
136
139
175
187
225
229
246
256
260
348
367
368
383
383
383
428
439
443
477
559
572
597
599
604
605
636
636
638
639
642
644
644
645
674
709
709
761
782
871
878
880
888
890
897
897
899
899
899
899
900
900
901
907
907
912
916
922
927
938
941
944
966
969
970
988
998
1003
1006
1013
1042
1163
1258
1262
1281
1284
1291
1308
1328
1356
1383
1383
1384
1384
1384
1388
1401
1423
1423
1423
1423
1423
1424
1424
1424
1444
1475
1475
1476
1480
1481
1487
1491
1496
1496
1500
1500
1501
1501
1501
1502
1507
1577
1589
1594
1594
1595
1606
1606
1610
1641
1643
1652
1663
1671
1767
1769
1772
1775
1841
1844
1850
1852
1855
1857
1857
1858
1859
1860
1861
1873
1875
1876
1895
2018
2031
2040
2069
2069
2086
2092
2093
2094
2102
2132
2297
2328
2358
2367
2370
2371
2372
2372
2390
2405
2407
2416
2416
2417
2418
2420
2422
2428
2428
2436
2439
2452
2452
2454
2454
2469
2470
2470
2484
2501
2543
2560
2578
2579
2623
2662
2662
2662
2663
2666
2676
2776
2777
2777
2777
2777
2780
2781
2781
2782
2782
2783
2793
2793
2796
2800
2800
2940
2967
2973
2996
2998
3048
3054
3076
3078
3088
3088
3088
3089
3089
3091
3093
3094
3094
3094
3094
3120
3124
3129
3130
3130
3169
3170
3171
3177
3184
3189
3189
3198
3203
3203
3204
3205
3205
3205
3206
3206
3206
3206
3206
3207
3207
3208
3208
3209
3232
3232
3234
3236
3237
3238
3238
3238
3238
3254
3285
3308
3319
3325
3402
3437
3441
3468
3491
3521
3521
3549
3635
3650
3652
3652
3679
3680
3680
3680
3680
3680
3680
3681
3688
3688
3690
3697
3721
3722
3775
3775
3798
3841
3851
3859
3859
3860
3861
3861
3861
3862
3866
3866
3867
3868
3869
3903
3911
3911
3912
3921
3921
3923
3925
3931
3999
4053
4054
4060
4060
4070
4072
4125
4163
4247
4264
4264
4265
4287
4289
4290
4291
4292
4292
4294
4304
4305
4355
4508
4531
4553
4568
4568
4578
4579
4579
4579
4579
4584
4590
4590
4615
4615
4615
4616
4617
4619
4621
4623
4641
4645
4651
4662
4666
4668
4669
4670
4670
4671
4671
4672
4673
4673
4680
4689
4691
4691
4692
4692
4702
4705
4737
4765
4806
4814
4876
4879
4890
4892
4929
4952
4953
4973
4991
5037
5150
5167
5169
5173
5175
5191
5202
5214
5239
5240
5242
5242
5242
5243
5243
5245
5246
5247
5268
5271
5273
5274
5275
5275
5405
5410
5421
5438
5462
5464
5471
5471
5472
5472
5472
5475
5480
5486
5507
5508
5530
5566
5650
5660
5670
5670
5673
5677
5690
5690
5691
5691
5692
5692
5693
5693
5696
5711
5713
5719
5729
5759
5824
5834
5851
6186
6979
6980
7193
7984
8042
8042
8043
8043
8043
8043
8043
8043
8043
8043
8045
8048
8687
9008
10162
10318
11314
