1
5
8
15
16
19
20
20
21
21
21
22
23
27
27
27
28
29
30
30
30
31
31
31
33
35
39
39
39
41
42
42
42
42
42
42
43
43
43
44
45
47
48
49
49
49
49
50
54
55
56
58
59
59
60
60
61
62
62
63
63
63
63
63
63
63
64
64
64
64
64
66
66
67
69
70
70
70
70
76
80
82
85
85
86
87
89
90
91
91
92
93
94
95
95
95
97
98
98
100
102
107
107
108
109
112
112
113
113
114
114
115
115
117
118
119
119
119
119
119
120
121
123
126
126
134
136
136
146
153
158
167
169
173
196
231
264
264
264
264
264
264
265
268
268
269
269
269
269
269
270
272
272
280
281
281
281
281
281
282
291
292
301
307
318
319
322
326
342
359
423
442
491
504
512
531
536
595
599
605
622
635
658
681
682
689
755
775
778
801
806
863
945
1032
1053
1133
1154
1155
1157
1456
1501
1504
1508
1557
1557
1560
1561
1564
1564
1566
1567
1579
1580
1580
1580
1581
1586
1597
1607
1630
1632
1633
1633
1637
1637
1637
1642
1644
1659
1748
1765
1866
1877
1879
1889
1892
1902
1903
1923
1937
1947
1948
1948
1969
1975
1977
2140
2158
2201
2227
2239
2413
2451
2922
2923
2924
2953
2967
2968
2968
3023
3043
3053
3053
3053
3071
3071
3071
3072
3072
3074
3075
3075
3076
3101
3138
3138
3154
3176
3177
3193
3198
3205
3229
3259
3284
3286
3287
3303
3309
3323
3337
3348
3350
3368
3374
3374
3374
3378
3384
3385
3385
3388
3408
3408
3409
3413
3461
3520
3586
3656
3656
3656
3658
3665
3729
3754
3761
3775
3781
3806
3807
3807
3808
3808
3808
3808
3808
3812
3813
3813
3822
3823
3826
3827
3894
3932
3933
3967
3971
3975
3975
3975
3975
3975
3976
3976
3981
3981
3982
3982
3982
3982
3983
3983
3983
3984
4004
4004
4006
4006
4007
4018
4115
4116
4118
4119
4120
4233
4244
4244
4244
4246
4246
4246
4248
4286
4286
4288
4290
4290
4291
4302
4302
4302
4446
4576
4586
4595
4595
4601
4601
4644
4645
4656
4684
4684
4685
4687
4695
4699
4711
4853
4932
5035
5075
5186
5190
5191
5192
5195
5216
5218
5265
5273
5291
5291
5293
5293
5303
5308
5437
5469
5494
5513
5514
5523
5526
5535
5536
5536
5537
5537
5537
5537
5537
5538
5587
5593
5593
5593
5594
5685
5754
5763
5764
5764
5764
5765
5766
5766
5767
5780
5793
5796
5798
5815
5825
5825
5826
5828
5844
5851
5852
5852
5852
5852
5852
5854
5861
5877
5883
5888
5905
5937
5943
5955
5955
5961
5961
5961
5962
5962
5963
5963
5969
5970
6240
6264
6280
6289
6291
6299
6299
6299
6300
6300
6301
6302
6309
6313
6315
6315
6320
6321
6322
6325
6330
6468
6469
6475
6477
6485
6490
6501
6515
6600
6603
6625
6630
6630
6631
6631
6633
6633
6647
6647
6647
6648
6654
6655
6663
6690
6694
6714
6718
6726
6726
7091
7100
7121
7138
7144
7162
7165
7165
7168
7199
7199
7200
7223
7226
7227
7264
7332
7358
7386
7617
7638
7648
7657
7782
7871
8004
8028
8078
8086
8155
8175
8189
8278
8291
8318
8325
8326
8346
8347
8372
8384
8403
8406
8406
8408
8410
8412
