0
2
2
3
4
4
4
5
5
7
8
8
8
8
10
10
10
10
10
11
11
11
11
11
11
11
11
12
13
14
14
14
15
15
15
16
18
18
19
19
20
22
22
22
23
23
23
23
24
25
25
26
27
27
27
28
28
28
28
28
28
28
28
29
29
29
29
31
31
31
31
31
32
32
32
33
33
33
33
33
34
34
34
34
34
34
34
34
34
35
35
35
35
35
36
36
37
37
38
39
39
39
39
39
39
40
40
40
40
40
40
41
41
41
41
41
41
41
41
42
43
43
43
43
44
45
45
49
49
51
51
52
52
53
53
54
55
57
57
57
57
57
57
57
58
58
58
58
58
58
58
58
60
61
64
64
66
66
67
69
69
69
69
69
70
70
70
70
70
75
75
81
81
82
82
82
82
82
82
82
83
83
83
83
86
88
89
90
91
92
92
92
92
93
93
93
93
93
93
94
99
102
102
103
103
103
105
111
111
114
117
117
117
119
120
120
121
121
121
121
121
121
121
121
122
122
122
122
122
122
124
126
126
126
127
127
129
129
130
130
130
132
132
133
133
139
140
141
141
141
144
144
145
145
145
146
148
149
149
149
150
151
153
154
154
155
155
155
156
156
157
157
158
158
158
159
160
161
162
163
166
168
171
171
172
172
173
173
173
173
173
173
174
174
174
174
174
174
174
174
174
175
175
175
175
175
175
176
176
177
177
178
178
179
179
179
182
189
189
189
190
190
190
190
190
190
191
191
191
191
191
192
192
193
193
193
193
193
194
194
194
194
194
194
194
194
194
194
195
195
195
195
195
195
196
197
198
198
199
200
200
200
201
201
201
201
201
202
203
204
205
209
210
215
216
216
216
216
216
220
220
221
221
221
221
222
222
222
222
223
223
226
226
229
230
232
241
242
245
254
256
260
260
260
260
261
261
262
263
264
266
266
267
267
268
268
268
268
268
268
269
269
269
269
269
270
270
270
270
270
270
276
277
278
278
278
278
278
279
280
282
282
283
283
283
284
284
284
285
285
286
287
289
290
290
291
292
292
292
293
293
293
294
294
294
294
294
295
295
295
295
295
295
295
295
296
296
296
296
297
297
297
297
298
298
303
303
303
303
304
306
307
309
310
311
311
312
314
315
316
316
316
321
322
322
322
322
323
323
324
324
324
324
324
324
325
325
325
326
326
326
327
327
327
327
327
327
327
327
328
328
328
328
329
331
331
333
333
333
334
334
334
334
334
334
335
335
336
337
339
339
340
341
342
344
345
348
352
354
354
355
355
355
356
357
359
359
359
361
363
365
365
366
369
372
373
373
374
375
377
377
377
379
380
382
382
383
383
387
394
395
395
395
397
397
397
397
400
402
409
409
413
414
416
418
423
423
425
425
426
426
426
426
426
426
426
427
427
428
428
430
436
437
438
438
439
439
440
440
440
440
440
440
440
440
440
441
441
441
441
441
441
441
441
442
444
445
445
445
445
446
446
446
447
447
448
448
448
450
453
453
453
453
455
456
456
456
457
457
457
458
459
459
459
459
459
459
460
460
460
460
460
460
460
460
460
461
462
462
462
464
464
464
467
468
468
469
469
470
474
475
476
478
480
480
480
481
482
482
482
482
482
483
483
483
486
488
496
497
497
497
497
497
497
497
498
498
498
498
498
498
498
498
499
499
499
499
499
500
500
500
501
501
504
505
510
511
512
513
514
515
519
519
520
521
521
523
524
524
529
531
536
538
539
539
539
540
541
541
541
542
543
544
546
548
548
549
549
550
550
554
554
555
557
557
557
557
558
558
558
558
558
558
559
559
559
562
562
565
570
571
574
574
574
574
574
574
574
575
575
575
576
577
580
580
584
593
594
594
595
595
598
599
600
601
601
601
602
602
604
604
605
607
607
608
610
610
611
611
613
613
614
614
616
618
621
621
622
622
623
623
624
624
624
624
631
632
632
632
634
635
635
637
637
638
638
639
639
643
643
643
644
644
644
644
644
645
645
647
648
650
652
653
654
656
657
657
658
659
662
663
665
670
679
679
681
681
684
685
686
686
686
686
687
687
688
689
690
692
693
693
694
695
695
695
696
696
696
697
698
700
702
704
707
707
707
708
708
710
712
713
713
713
714
716
716
716
716
718
720
720
726
727
727
728
728
728
729
730
730
730
733
734
736
738
738
742
742
742
743
743
744
745
747
752
756
756
756
757
757
758
758
759
759
759
760
760
761
761
761
762
762
762
763
763
765
766
768
769
774
778
778
778
779
779
779
780
781
783
793
794
794
794
795
795
798
798
798
822
823
829
829
852
865
868
874
877
884
885
886
887
887
887
887
888
891
892
892
892
893
898
899
899
900
900
901
901
902
902
903
905
906
907
907
907
908
908
909
910
910
911
911
912
912
913
913
914
915
915
915
916
916
916
919
920
922
922
925
926
927
927
928
928
928
929
932
934
936
936
937
938
940
940
940
944
948
956
959
964
966
972
972
977
983
984
984
984
985
987
987
987
988
989
990
990
993
994
996
996
996
999
999
1001
1001
1002
1004
1006
1007
1007
1007
1008
1010
1010
1010
1011
1012
1014
1015
1016
1016
1018
1020
1021
1021
1023
1025
1025
1025
1027
1027
1028
1028
1028
1028
1029
1029
1029
1031
1032
1033
1033
1034
1035
1036
1037
1038
1039
1040
1041
1041
1042
1042
1042
1042
1045
1045
1046
1046
1046
1047
1052
1052
1059
1063
1063
1064
1064
1064
1064
1065
1066
1066
1066
1066
1067
1067
1067
1068
1068
1068
1072
1072
1073
1082
1086
1086
1086
1088
1089
1089
1090
1091
1091
1093
1095
1096
1098
1099
1099
1101
1104
1104
1105
1105
1106
1107
1107
1107
1107
1108
1109
1109
1109
1109
1110
1110
1110
1111
1111
1112
1112
1113
1113
1114
1116
1116
1121
1121
1123
1123
1123
1124
1124
1126
1126
1127
1127
1128
1129
1129
1130
1130
1130
1130
1134
1135
1136
1136
1137
1137
1138
1138
1139
1140
1141
1144
1144
1145
1145
1145
1146
1147
1149
1149
1149
1149
1149
1152
1153
1153
1154
1155
1159
1162
1165
1167
1167
1170
1171
1172
1174
1174
1174
1177
1178
1178
1178
1178
1180
1180
1181
1182
1183
1183
1184
1185
1185
1186
1188
1190
1190
1191
1192
1195
1196
1196
1197
1198
1198
1198
1198
1198
1198
1199
1200
1200
1200
1200
1201
1201
1202
1202
1205
1205
1206
1208
1209
1210
1210
1213
1217
1217
1218
1218
1218
1218
1221
1224
1224
1224
1225
1226
1228
1228
1229
1230
1233
1233
1233
1234
1234
1234
1234
1237
1238
1241
1244
1244
1252
1253
1254
1255
1256
1259
1260
1262
1263
1263
1266
1268
1271
1274
1275
1276
1277
1277
1277
1278
1279
1279
1279
1281
1282
1283
1283
1285
1285
1285
1288
1289
1297
1297
1299
1303
1304
1314
1319
1319
1320
1323
1323
1324
1324
1324
1325
1326
1327
1327
1327
1328
1329
1331
1332
1333
1333
1333
1333
1333
1334
1334
1334
1334
1334
1336
1336
1337
1337
1337
1338
1339
1339
1340
1341
1342
1342
1343
1344
1345
1345
1347
1347
1348
1348
1349
1349
1349
1351
1351
1351
1352
1352
1353
1355
1356
1356
1357
1357
1359
1359
1360
1362
1363
1363
1363
1364
1364
1364
1365
1365
1365
1367
1367
1369
1369
1369
1370
1371
1373
1374
1374
1375
1376
1377
1377
1377
1377
1377
1379
1380
1380
1381
1382
1382
1383
1383
1385
1386
1386
1386
1387
1387
1387
1388
1388
1388
1388
1388
1388
1389
1389
1394
1394
1394
1394
1395
1398
1399
1399
1400
1400
1401
1402
1403
1404
1405
1405
1406
1406
1406
1408
1409
1409
1409
1410
1411
1412
1415
1415
1420
1420
1421
1421
1422
1423
1424
1426
1434
1435
1435
1436
1436
1442
1464
1465
1466
1479
1486
1486
1491
1491
1493
1494
1494
1497
1499
1499
1499
1500
1503
1504
1504
1506
1506
1507
1507
1509
1510
1510
1511
1512
1513
1513
1513
1514
1515
1519
1519
1520
1520
1520
1522
1523
1532
1532
1534
1534
1535
1535
1536
1538
1538
1539
1539
1544
1544
1546
1552
1552
1559
1560
1562
1568
1569
1569
1579
1589
1590
1603
1609
1609
1609
1610
1615
1639
1639
1642
1642
1643
1644
1645
1645
1646
1649
1651
1652
1656
1661
1662
1664
1664
1664
1664
1665
1666
1667
1667
1668
1671
1673
1682
1688
1691
1695
1696
1696
1697
1697
1699
1701
1708
1709
1709
1713
1714
1715
1716
1716
1717
1726
1727
1728
1733
1733
1734
1735
1737
1740
1741
1744
1746
1749
1751
1754
1755
1759
1760
1760
1763
1764
1770
1771
1772
1772
1774
1774
1777
1777
1777
1780
1792
1792
1792
1793
1801
1801
1805
1805
1808
1809
1810
1811
1813
1813
1815
1815
1822
1822
1835
1839
1840
1841
1846
1846
1848
1851
1859
1859
1862
1865
1866
1867
1867
1869
1870
1872
1874
1876
1879
1879
1879
1881
1881
1881
1882
1883
1884
1885
1886
1889
1889
1889
1890
1891
1893
1894
1896
1896
1896
1896
1897
1898
1898
1899
1901
1904
1906
1909
1909
1911
1911
1911
1912
1913
1915
1916
1917
1918
1919
1919
1920
1923
1923
1926
1927
1930
1934
1934
1936
1936
1936
1938
1942
1945
1948
1948
1950
1953
1953
1955
1956
1957
1958
1959
1960
1962
1963
1964
1964
1964
1966
1968
1969
1971
1974
1974
1975
1975
1977
1977
1980
1983
1984
1984
1985
1989
1998
1998
2001
2004
2007
2009
2010
2011
2011
2013
2017
2017
2019
2021
2022
2022
2023
2023
2023
2024
2026
2028
2028
2029
2030
2036
2038
2039
2040
2041
2042
2042
2045
2045
2046
2046
2047
2052
2058
2065
2066
2071
2072
2073
2073
2073
2073
2074
2074
2074
2076
2077
2079
2081
2082
2083
2085
2088
2092
2092
2094
2095
2096
2097
2104
2105
2106
2111
2112
2112
2114
2115
2116
2116
2117
2117
2119
2121
2122
2122
2122
2123
2125
2127
2127
2130
2130
2131
2131
2134
2135
2138
2139
2144
2146
2148
2149
2149
2150
2151
2151
2152
2153
2154
2155
2155
2157
2159
2159
2162
2163
2166
2167
2168
2170
2174
2179
2183
2183
2190
2193
2196
2200
2200
2200
2216
2217
2227
2228
2228
2238
2238
2239
2244
2247
2252
2254
2255
2258
2260
2261
2265
2265
2269
2270
2271
2273
2274
2277
2277
2279
2280
2282
2284
2284
2285
2287
2290
2290
2293
2294
2295
2295
2301
2306
2306
2308
2308
2310
2312
2314
2315
2316
2316
2317
2319
2321
2321
2322
2322
2323
2326
2327
2329
2332
2333
2335
2335
2336
2336
2336
2336
2347
2349
2349
2349
2355
2356
2357
2359
2360
2367
2368
2369
2373
2376
2380
2381
2382
2382
2383
2383
2383
2383
2385
2398
2399
2399
2400
2402
2404
2406
2406
2408
2408
2409
2409
2410
2411
2414
2415
2416
2416
2417
2418
2418
2418
2418
2420
2421
2421
2424
2426
2427
2429
2429
2431
2431
2432
2432
2433
2434
2441
2448
2454
2454
2454
2461
2464
2466
2466
2466
2466
2466
2466
2480
2492
2492
2501
2501
2502
2503
2514
2515
2515
2515
2516
2528
2530
2533
2533
2536
2540
2545
2545
2546
2546
2547
2550
2553
2553
2565
2568
2569
2571
2571
2577
2579
2588
2591
2595
2597
2611
2617
2620
2623
2625
2626
2627
2628
2629
2629
2629
2630
2631
2636
2638
2639
2639
2643
2645
2646
2649
2649
2652
2655
2657
2659
2661
2662
2663
2664
2665
2666
2668
2668
2669
2673
2675
2675
2677
2681
2682
2683
2693
2696
2698
2699
2700
2700
2700
2702
2706
2708
2708
2709
2714
2715
2720
2721
2725
2729
2744
2765
2769
2773
2773
2777
2778
2779
2779
2780
2782
2789
2790
2791
2792
2792
2793
2795
2796
2799
2799
2799
2801
2801
2803
2806
2807
2807
2809
2810
2811
2812
2812
2813
2819
2836
2837
2837
2845
2847
2852
2855
2858
2865
2870
2870
2870
2871
2872
2872
2879
2883
2884
2886
2886
2886
2886
2893
2900
2900
2941
2948
2971
2979
2987
2987
2987
2989
2990
2995
2996
3002
3005
3007
3010
3010
3010
3010
3011
3011
3013
3015
3015
3016
3017
3024
3045
3061
3069
3069
3080
3092
3096
3100
3102
3103
3107
3113
3113
3115
3116
3117
3119
3120
3121
3129
3131
3135
3139
3141
3141
3141
3153
3154
3154
3156
3160
3166
3169
3174
3183
3186
3187
3188
3190
3201
3233
3246
3250
3259
3259
3260
3260
3266
3267
3285
3296
3300
3310
3319
3320
3328
3347
3349
3354
3357
3357
3361
3366
3367
3373
3373
3377
3381
3396
3399
3400
3406
3406
3409
3410
