0
2
3
5
5
5
6
6
6
6
6
7
7
7
9
9
9
11
11
12
13
13
13
14
14
15
16
16
17
17
17
17
17
17
18
19
20
20
20
20
20
21
21
21
21
22
22
22
22
22
22
22
22
22
22
22
22
22
22
22
22
23
23
23
23
26
26
26
26
27
27
27
27
28
28
28
28
29
29
29
29
29
29
29
29
29
29
29
29
30
30
30
30
30
30
30
30
30
30
30
31
32
33
33
34
35
35
36
36
38
40
41
43
44
45
45
48
48
48
48
48
48
48
49
49
49
49
49
50
50
50
50
50
52
53
53
56
56
58
58
58
58
58
58
59
61
61
61
61
62
63
64
65
65
65
66
67
68
72
72
73
76
78
78
79
79
80
81
81
81
82
82
82
82
82
84
84
84
84
84
84
85
85
89
90
92
93
93
94
94
96
96
97
98
99
99
100
106
107
110
112
112
113
113
114
114
115
115
116
117
117
119
119
124
132
134
135
136
136
136
137
137
137
142
145
146
155
158
159
160
161
162
163
163
163
173
174
175
177
177
178
180
181
184
184
185
186
187
189
189
190
190
191
191
191
191
191
192
192
192
192
193
193
194
194
194
195
195
195
195
195
195
195
195
195
195
198
198
198
199
199
199
199
200
202
202
203
203
204
204
206
207
208
210
210
210
210
210
211
213
213
213
214
215
217
218
219
219
219
220
220
220
220
220
220
220
221
221
221
221
221
221
221
221
221
221
221
221
221
222
222
222
222
222
222
223
223
223
223
224
225
225
226
226
227
227
228
228
228
228
228
229
229
229
229
229
229
229
229
230
230
231
231
231
231
231
232
233
234
235
238
239
239
239
239
240
240
240
240
240
241
241
241
242
242
245
248
248
249
249
250
253
253
256
257
257
258
258
259
260
262
264
264
264
265
268
268
268
268
268
270
270
272
272
272
272
272
273
274
274
274
274
274
274
274
275
275
275
277
279
280
280
281
281
281
282
282
282
282
282
283
283
283
284
284
284
285
285
285
287
287
287
287
287
287
288
288
288
288
289
289
289
289
289
289
289
289
290
290
290
291
292
292
293
293
294
294
294
294
295
295
295
295
295
295
295
296
296
296
297
297
297
297
297
298
298
299
299
299
301
302
302
303
306
310
311
312
312
312
312
312
312
312
313
313
314
315
315
315
316
316
316
318
318
319
320
320
320
321
322
323
323
325
325
327
328
329
330
331
332
332
333
333
334
334
334
335
337
337
337
338
338
340
340
341
341
341
341
343
343
348
348
348
348
348
349
350
350
351
351
351
352
352
354
354
354
355
358
359
360
360
360
360
360
362
363
364
364
365
365
366
366
366
367
368
368
368
368
368
371
372
373
375
376
377
377
377
377
377
377
377
377
377
377
378
378
378
378
378
378
378
378
378
378
378
379
379
379
379
379
379
379
380
381
382
383
383
384
385
389
390
391
391
391
391
392
392
393
394
394
395
395
395
395
395
396
396
397
397
397
397
398
399
400
400
400
400
403
407
407
408
411
415
417
418
418
419
419
419
421
422
423
424
425
434
434
438
440
440
441
442
443
445
445
446
446
447
447
447
449
451
453
454
455
457
458
460
463
463
465
465
469
479
479
483
494
494
494
494
495
498
500
500
501
503
509
513
513
513
516
523
523
525
525
527
529
530
531
532
532
532
533
534
534
534
534
534
535
535
535
535
535
535
535
535
535
535
536
536
538
540
541
542
542
544
544
544
545
545
548
548
551
551
551
552
552
553
553
554
555
555
555
556
556
556
557
558
560
560
560
560
560
560
561
562
562
562
563
563
563
565
565
565
565
566
566
567
568
568
568
568
569
569
569
569
569
569
569
570
570
571
573
573
573
573
574
574
574
575
575
575
575
577
580
580
581
581
582
583
583
583
584
584
587
588
589
594
596
598
598
598
602
602
602
603
603
604
605
606
614
614
614
614
615
615
615
616
620
621
622
623
625
628
628
629
632
632
633
634
634
635
635
635
635
636
636
636
636
636
637
639
640
640
641
642
642
645
646
646
651
654
655
655
655
655
656
656
659
661
661
661
663
664
665
665
671
672
673
673
678
678
683
684
687
688
690
692
700
701
701
701
701
701
701
703
703
703
703
703
703
703
703
707
707
710
711
711
711
711
712
712
712
716
717
717
718
719
719
720
721
721
721
722
722
724
725
726
727
727
727
727
728
728
731
731
731
731
731
731
732
732
732
732
733
735
736
736
737
737
737
737
737
737
737
738
738
739
739
739
740
740
750
752
752
752
752
755
759
760
760
760
761
775
776
776
777
778
778
779
783
785
785
785
785
785
786
787
787
787
788
789
789
793
793
793
793
793
794
794
794
794
794
797
797
797
801
804
810
810
814
816
816
816
817
817
818
818
819
822
822
822
822
822
822
823
823
823
823
824
824
824
824
824
826
826
826
826
827
827
829
829
829
830
830
830
830
834
835
836
837
838
839
841
842
844
844
844
844
845
845
847
849
850
850
850
851
851
853
855
855
857
858
858
858
859
860
860
861
862
862
863
864
865
865
868
872
872
874
875
875
875
875
875
875
876
876
876
876
877
880
882
883
883
883
883
885
886
886
886
891
893
893
894
894
902
904
904
906
906
907
907
908
912
913
913
914
914
916
916
916
916
917
917
922
922
922
924
924
924
926
927
927
927
928
930
930
933
934
934
936
936
936
937
937
938
938
938
939
940
940
941
941
943
943
944
945
946
946
946
949
949
959
959
960
960
962
964
967
971
972
973
975
976
979
979
988
990
993
993
995
1005
1009
1009
1010
1013
1013
1016
1017
1024
1024
1024
1024
1027
1027
1027
1027
1028
1029
1029
1030
1030
1031
1034
1036
1037
1038
1041
1041
1043
1043
1043
1043
1044
1044
1046
1046
1046
1048
1048
1048
1052
1053
1054
1055
1056
1057
1058
1058
1059
1059
1059
1060
1061
1062
1062
1063
1063
1064
1067
1067
1068
1068
1070
1070
1071
1075
1075
1075
1076
1076
1077
1077
1078
1078
1079
1079
1079
1079
1079
1079
1081
1081
1081
1084
1086
1086
1086
1086
1086
1086
1087
1088
1088
1088
1089
1089
1090
1091
1091
1092
1094
1094
1095
1095
1099
1099
1100
1100
1101
1101
1104
1104
1108
1110
1117
1118
1121
1121
1121
1121
1122
1123
1137
1137
1138
1139
1163
1163
1164
1164
1164
1165
1166
1166
1166
1166
1167
1167
1167
1167
1167
1167
1167
1167
1170
1171
1172
1176
1177
1179
1180
1181
1182
1182
1182
1182
1182
1183
1184
1185
1185
1185
1186
1186
1186
1188
1188
1190
1192
1192
1192
1193
1193
1194
1195
1196
1197
1198
1199
1200
1200
1202
1203
1208
1209
1209
1212
1214
1214
1215
1218
1220
1220
1221
1226
1230
1230
1231
1231
1232
1232
1234
1235
1237
1240
1241
1241
1242
1242
1242
1242
1242
1242
1245
1246
1247
1250
1250
1253
1254
1256
1258
1263
1263
1264
1264
1265
1265
1266
1266
1266
1266
1266
1267
1268
1268
1274
1275
1276
1277
1279
1279
1280
1281
1282
1283
1283
1284
1284
1285
1286
1286
1287
1287
1287
1288
1288
1289
1290
1293
1293
1293
1295
1298
1298
1299
1301
1302
1302
1304
1305
1305
1305
1305
1306
1306
1307
1310
1310
1311
1311
1312
1319
1320
1320
1324
1325
1328
1330
1330
1330
1330
1330
1331
1332
1335
1335
1335
1337
1337
1338
1339
1339
1339
1344
1346
1346
1347
1348
1349
1349
1351
1352
1353
1353
1353
1354
1355
1358
1358
1358
1358
1359
1359
1360
1362
1363
1363
1364
1367
1369
1370
1370
1370
1371
1372
1372
1373
1373
1375
1376
1377
1378
1378
1383
1385
1386
1386
1386
1387
1387
1388
1390
1390
1391
1393
1393
1394
1394
1395
1396
1397
1397
1398
1401
1402
1402
1405
1405
1406
1406
1410
1411
1418
1420
1422
1423
1424
1425
1427
1428
1429
1430
1431
1432
1433
1434
1441
1442
1448
1449
1452
1453
1458
1459
1461
1465
1466
1473
1478
1479
1479
1482
1486
1491
1492
1493
1495
1503
1506
1506
1508
1514
1515
1516
1517
1525
1525
1525
1528
1528
1529
1531
1533
1533
1533
1533
1534
1534
1535
1543
1544
1544
1545
1545
1546
1549
1552
1555
1555
1556
1559
1560
1564
1566
1567
1567
1567
1567
1568
1580
1580
1581
1581
1583
1583
1584
1585
1586
1586
1588
1588
1589
1589
1590
1591
1592
1592
1592
1593
1593
1597
1599
1603
1609
1612
1632
1642
1649
1649
1740
1741
1753
1757
1757
1764
1769
1772
1772
1777
1781
1789
1792
1793
1797
1798
1804
1807
1809
1810
1816
1818
1818
1818
1819
1820
1820
1821
1822
1824
1824
1827
1833
1833
1835
1837
1838
1838
1838
1839
1842
1843
1844
1844
1845
1846
1848
1849
1849
1850
1850
1850
1851
1852
1852
1852
1854
1855
1855
1856
1859
1859
1860
1861
1861
1861
1863
1866
1866
1872
1873
1873
1875
1878
1882
1883
1884
1887
1890
1905
1906
1911
1912
1912
1915
1917
1924
1930
1936
1941
1942
1942
1943
1943
1945
1950
1955
1964
1965
1972
1982
1982
2002
2002
2003
2003
2040
2041
2044
2052
2052
2054
2054
2056
2059
2059
2061
2062
2063
2063
2064
2065
2066
2067
2070
2070
2070
2074
2075
2076
2079
2079
2080
2080
2080
2081
2084
2087
2088
2088
2089
2089
2091
2091
2094
2097
2102
2107
2107
2107
2108
2108
2108
2108
2108
2108
2108
2108
2110
2114
2114
2114
2118
2119
2120
2121
2121
2124
2124
2125
2131
2132
2134
2134
2149
2258
2277
2278
2278
2284
2292
2297
2302
2308
2319
2320
2339
2352
2360
2361
2363
2373
2396
2399
2408
2411
2412
2420
2426
2434
2436
2436
2440
2441
2442
2445
2450
2457
2457
2457
2458
2458
2458
2458
2459
2468
2468
2484
2487
2499
2503
2509
2513
2514
2517
2528
2529
2529
2529
2529
2532
2534
2535
2539
2541
2542
2543
2545
2551
2554
2556
2557
2561
2563
2566
2568
2569
2569
2571
2574
2574
2574
2577
2578
2581
2582
2583
2590
2590
2596
2596
2597
2597
2598
2599
2603
2604
2606
2606
2608
2608
2608
2608
2609
2610
2612
2612
2615
2616
2617
2634
2636
2642
2643
2643
2643
2643
2644
2675
2676
2687
2687
2688
2689
2691
2705
2707
2710
2710
2712
2717
2719
2720
2722
2741
2746
2747
2747
2752
2752
2757
2757
2757
2759
2759
2760
2766
2767
2767
2768
2769
2769
2770
2772
2772
2772
2773
2773
2774
2775
2776
2776
2778
2779
2780
2782
2784
2786
2787
2788
2788
2793
2793
2795
2795
2797
2797
2800
2800
2802
2802
2802
2803
2806
2807
2807
2813
2816
2817
2817
2823
2824
2827
2828
2829
2837
2840
2843
2843
2844
2844
2848
2850
2851
2852
2852
2852
2855
2855
2856
2861
2868
2876
2882
2883
2887
2889
2890
2892
2896
2897
2898
2918
2926
2933
2956
2956
2984
2994
3003
3012
3014
3018
3019
3021
3023
3023
3027
3036
3041
3041
3046
3047
3048
3049
3052
3055
3060
3062
3065
3065
3066
3067
3071
3073
3077
3080
3082
3083
3085
3086
3086
3096
3100
3114
3114
3119
3123
3125
3125
3129
3141
3142
3143
3148
3157
3163
3165
3167
3174
3175
3177
3179
3182
3192
3193
3194
3195
3199
3200
3201
3201
3204
3204
3211
3213
3214
3215
3215
3223
3226
3228
3233
3234
3235
3237
3237
3238
3241
3243
3244
3248
3251
3254
3259
3259
3260
3260
3260
3273
3273
3287
3293
3294
3295
3300
3303
3305
3308
3312
3315
3316
3317
3320
3327
3329
3331
3332
3338
3340
3341
3341
3344
3345
3348
3350
3355
3360
3364
3368
3371
3372
3374
3375
3376
3385
3388
3392
3398
3399
3406
3409
3416
3423
3439
3441
3447
3447
3455
3464
3464
3468
3477
3487
3489
3498
3502
3503
3508
3510
3532
3532
3532
3532
3535
3541
3552
3567
3574
3575
3579
3589
3611
3632
3636
3642
3644
3648
3649
3649
3650
3659
3666
3668
3670
3674
3679
3699
3701
3703
3713
3727
3730
3733
3745
3747
3757
3758
3762
3765
3767
3775
3781
3788
3788
3789
3790
3792
3800
3809
3814
3816
3819
3828
3845
3852
3860
3866
3871
3892
3902
3902
3928
3941
3959
3961
3983
4032
4044
4051
4054
4054
4054
4064
4071
4075
4075
4086
4108
4110
4142
4144
4145
4157
4162
4165
4174
4188
4195
4205
4226
4231
4232
4254
4275
4277
4280
4291
4291
