0
0
0
2
3
3
3
4
5
5
5
5
6
6
6
6
7
8
8
8
9
9
9
9
10
10
10
10
10
10
10
11
11
11
11
11
11
12
12
12
13
13
13
14
14
14
14
14
14
14
14
14
15
15
15
15
15
15
16
16
16
16
16
16
16
17
17
17
17
17
17
17
18
18
18
18
18
18
18
19
19
19
19
19
19
19
19
19
19
19
20
20
20
20
20
20
20
21
21
21
21
21
21
21
21
21
21
21
22
22
22
22
22
22
22
22
22
23
23
23
23
23
23
24
24
24
25
25
25
25
25
25
25
25
25
25
25
25
25
26
26
26
26
26
26
26
26
26
26
27
27
27
27
27
27
27
27
27
27
27
27
27
27
27
27
27
28
28
28
28
28
28
28
28
28
28
28
28
29
29
29
29
29
29
29
29
29
29
30
30
30
30
30
30
30
30
30
30
30
31
31
31
31
31
31
31
31
31
31
31
31
31
32
32
32
32
32
32
32
32
32
32
32
32
32
32
33
33
33
33
33
33
33
33
33
33
33
33
33
33
34
34
34
34
34
34
34
34
34
34
34
34
34
34
35
35
35
35
35
36
36
36
36
36
36
36
36
36
36
36
37
37
37
37
37
37
37
37
37
37
37
37
38
38
38
38
38
39
39
39
39
39
39
40
40
40
40
40
40
40
41
41
41
41
42
42
42
42
42
42
43
43
43
43
43
43
43
43
43
43
43
43
44
44
44
44
44
44
44
44
44
44
44
44
45
45
45
45
45
45
45
45
46
46
46
46
46
46
46
46
47
47
47
47
47
47
48
48
48
48
48
48
48
48
48
48
48
48
48
48
48
48
49
49
49
49
49
49
49
49
49
50
50
50
50
50
50
50
50
50
50
51
51
51
52
52
52
52
52
52
53
53
53
53
53
54
54
54
54
55
55
55
55
56
56
56
56
57
57
57
57
57
57
57
57
57
58
58
58
58
58
58
59
59
59
59
59
60
60
61
61
61
62
62
62
62
62
62
62
63
63
63
63
63
64
64
64
64
64
64
65
65
65
66
66
66
66
66
67
67
68
68
68
68
68
68
69
69
69
69
69
70
70
71
71
72
72
72
73
73
73
73
73
73
73
74
74
74
74
74
74
74
74
74
74
75
75
75
75
76
76
76
76
76
77
77
77
77
77
77
77
78
78
78
79
79
79
79
80
80
80
81
81
81
81
81
81
82
82
82
82
83
83
84
84
84
84
84
84
84
84
84
85
85
85
86
86
86
86
86
87
87
88
88
88
88
89
89
89
89
89
89
89
90
91
91
91
91
92
93
93
93
93
94
94
94
95
95
95
96
96
96
97
98
98
99
100
102
102
103
103
103
104
106
106
107
108
109
110
110
110
111
112
112
113
113
113
114
114
115
116
117
118
118
118
120
120
122
123
125
125
127
131
132
134
135
135
135
136
139
139
140
140
140
141
141
141
143
143
143
144
144
145
145
146
146
148
148
149
149
149
150
151
151
152
152
152
152
153
153
154
154
155
155
155
155
156
156
157
157
158
158
159
161
162
162
162
162
162
163
163
164
164
164
166
166
167
167
167
168
168
168
169
170
171
171
171
171
172
172
172
172
173
173
173
173
173
173
173
173
173
173
173
173
173
173
173
173
173
174
174
174
174
174
174
174
174
174
174
175
176
176
177
177
177
178
178
179
179
180
180
180
181
181
181
182
182
182
183
183
184
184
185
185
186
186
186
186
186
187
187
187
188
188
188
188
189
190
190
190
190
191
191
191
192
192
193
194
195
195
195
196
196
196
196
197
197
197
199
199
200
201
201
201
201
201
202
202
203
204
204
205
205
205
205
206
207
207
209
209
209
210
210
211
212
212
212
213
213
214
214
215
216
216
216
216
216
217
219
219
220
220
220
220
223
225
225
227
228
228
228
229
230
230
231
233
234
234
234
234
235
236
237
237
238
240
240
240
241
242
244
245
245
246
246
247
247
247
249
249
250
250
251
253
255
255
255
256
257
257
258
258
259
259
260
261
262
262
263
263
263
264
265
265
267
269
270
270
271
271
271
271
274
275
275
275
275
275
275
275
276
278
279
279
279
280
280
281
283
283
284
285
288
290
293
293
294
294
294
298
301
302
306
306
307
308
308
309
310
311
313
313
313
315
316
317
318
319
319
320
321
323
323
325
326
331
332
334
335
335
338
340
342
344
348
349
349
350
350
351
353
353
354
356
357
359
359
362
362
362
364
365
370
374
374
376
379
380
381
384
386
387
390
392
392
392
393
394
396
397
398
400
400
401
402
403
404
405
406
407
408
411
413
415
417
418
420
420
424
427
428
428
430
430
431
432
434
438
438
439
441
444
446
447
451
451
452
453
455
455
456
456
457
458
459
460
461
461
462
464
465
470
470
471
477
480
482
482
483
483
484
486
486
488
489
489
490
491
491
491
494
494
494
495
496
496
498
498
499
499
500
500
500
501
501
503
504
504
505
509
509
509
511
512
513
513
514
515
515
515
516
516
517
517
519
519
519
519
521
522
522
523
525
525
525
526
526
527
528
531
531
531
532
534
534
536
536
536
536
544
545
548
549
549
549
549
551
551
551
551
552
554
554
554
555
558
566
568
569
570
570
572
576
579
580
588
589
589
591
591
591
591
592
592
592
593
594
594
596
597
597
598
599
601
604
605
606
606
607
607
610
610
613
613
613
613
613
614
614
614
614
615
616
616
616
617
621
621
624
624
625
626
630
637
639
639
641
647
659
660
662
662
662
662
662
663
669
669
669
669
669
669
669
669
669
669
670
670
672
673
673
679
679
680
686
687
688
689
692
692
697
697
698
699
701
707
707
708
711
713
713
714
715
717
722
724
724
724
725
726
732
732
733
733
734
734
735
735
736
736
736
737
741
742
744
745
745
747
747
750
750
754
754
756
758
759
759
759
760
760
764
765
766
768
768
771
774
776
778
785
792
792
796
798
804
804
807
808
821
824
824
824
826
826
826
827
829
834
835
837
840
844
845
845
846
847
848
848
848
849
849
849
850
850
850
852
852
853
855
860
863
863
866
867
874
874
875
876
884
885
886
886
886
886
886
886
886
886
886
886
886
886
886
887
887
887
888
888
890
890
893
898
898
898
899
900
901
905
905
908
909
909
909
913
915
916
916
916
917
922
929
929
929
930
931
936
938
938
941
941
941
941
941
941
941
941
941
942
942
943
943
945
945
946
946
946
948
950
953
954
956
957
957
959
961
962
963
968
983
985
998
999
1001
1004
1006
1006
1007
1007
1007
1007
1008
1008
1010
1011
1011
1014
1016
1017
1018
1019
1019
1020
1021
1022
1022
1022
1024
1024
1025
1025
1025
1026
1026
1026
1027
1028
1028
1031
1033
1033
1033
1034
1034
1034
1034
1034
1034
1035
1037
1037
1038
1039
1040
1040
1040
1041
1044
1045
1045
1045
1049
1050
1050
1050
1051
1051
1053
1053
1053
1054
1054
1055
1056
1058
1058
1058
1059
1059
1059
1059
1059
1059
1060
1060
1060
1060
1060
1060
1061
1061
1062
1062
1063
1064
1064
1068
1070
1071
1071
1072
1073
1073
1075
1076
1079
1080
1080
1082
1082
1083
1087
1087
1089
1089
1090
1090
1090
1090
1090
1090
1095
1096
1096
1096
1096
1097
1098
1099
1100
1102
1102
1105
1105
1112
1115
1122
1122
1123
1123
1124
1127
1127
1128
1128
1129
1130
1130
1132
1138
1139
1139
1139
1139
1140
1141
1141
1145
1147
1147
1147
1148
1148
1150
1150
1151
1153
1154
1154
1155
1157
1157
1158
1164
1166
1169
1176
1176
1178
1178
1180
1181
1181
1181
1183
1183
1184
1186
1189
1190
1195
1197
1198
1203
1204
1207
1209
1209
1210
1211
1212
1212
1214
1216
1217
1219
1223
1224
1225
1228
1230
1230
1230
1241
1243
1243
1251
1254
1261
1262
1263
1267
1268
1268
1268
1269
1269
1269
1272
1275
1276
1277
1279
1281
1284
1285
1286
1286
1287
1287
1288
1290
1291
1292
1294
1294
1299
1301
1303
1305
1306
1306
1307
1315
1315
1336
1338
1352
1371
1371
1371
1375
1387
1387
1388
1391
1394
1397
1402
1405
1407
1411
1418
1419
1420
1424
1424
1424
1425
1425
1425
1425
1426
1426
1426
1426
1426
1426
1426
1426
1426
1426
1427
1427
1427
1427
1428
1428
1428
1429
1429
1430
1430
1430
1430
1430
1430
1430
1431
1431
1431
1431
1431
1432
1432
1432
1432
1432
1433
1433
1434
1434
1434
1434
1434
1434
1435
1435
1435
1435
1435
1435
1436
1437
1437
1437
1437
1438
1438
1438
1438
1439
1439
1439
1439
1440
1440
1441
1441
1441
1442
1442
1442
1443
1443
1443
1443
1443
1443
1444
1444
1444
1444
1444
1444
1444
1444
1444
1445
1445
1445
1445
1445
1445
1445
1445
1445
1445
1445
1445
1446
1446
1446
1446
1447
1448
1449
1449
1449
1449
1449
1449
1449
1449
1450
1450
1450
1450
1450
1450
1450
1450
1451
1451
1451
1451
1451
1451
1451
1451
1452
1452
1452
1452
1453
1453
1453
1453
1453
1453
1453
1453
1453
1454
1454
1454
1455
1456
1456
1458
1458
1459
1459
1460
1460
1461
1461
1462
1462
1462
1463
1463
1463
1464
1464
1464
1465
1467
1468
1468
1468
1469
1469
1469
1469
1470
1470
1470
1470
1471
1471
1471
1471
1471
1471
1472
1474
1476
1477
1477
1479
1480
1481
1481
1481
1481
1482
1482
1482
1482
1482
1482
1482
1482
1482
1483
1483
1483
1483
1483
1483
1483
1483
1483
1483
1483
1483
1483
1483
1484
1484
1484
1485
1485
1485
1485
1486
1486
1487
1488
1489
1490
1491
1491
1492
1492
1493
1493
1493
1493
1493
1493
1493
1493
1494
1495
1495
1496
1498
1499
1500
1502
1502
1503
1504
1505
1505
1508
1508
1508
1509
1512
1513
1514
1514
1514
1519
1519
1520
1520
1520
1520
1521
1521
1522
1524
1524
1525
1531
1535
1540
1544
1546
1551
1553
1555
1555
1558
1559
1559
1560
1561
1563
1568
1578
1579
1580
1580
1581
1584
1585
1585
1587
1590
1590
1591
1592
1592
1593
1593
1593
1593
1593
1594
1598
1598
1599
1599
1599
1608
1609
1609
1610
1611
1618
1618
1624
1626
1627
1630
1632
1632
1634
1635
1635
1636
1637
1645
1645
1645
1645
1645
1645
1646
1648
1648
1649
1651
1651
1651
1651
1652
1654
1654
1657
1658
1659
1660
1661
1662
1662
1662
1663
1664
1664
1669
1669
1670
1670
1670
1679
1682
1682
1683
1683
1684
1684
1685
1688
1691
1700
1714
1714
1714
1714
1715
1716
1716
1716
1722
1728
1728
1729
1730
1731
1732
1732
1733
1735
1738
1743
1745
1746
1754
1756
1757
1758
1759
1760
1760
1760
1760
1760
1761
1761
1761
1761
1761
1761
1762
1763
1764
1766
1766
1769
1769
1777
1778
1779
1781
1789
1790
1791
1791
1807
1810
1811
1812
1815
1821
1827
1827
1828
1830
1832
1833
1834
1835
1836
1836
1839
1841
1844
1845
1846
1848
1851
1851
1851
1852
1855
1858
1858
1859
1859
1859
1860
1860
1863
1866
1871
1871
1873
1874
1880
1881
1881
1881
1881
1884
1884
1884
1885
1885
1885
1886
1886
1886
1886
1886
1886
1886
1891
1892
1895
1897
1905
1911
1911
1913
1914
1915
1916
1929
1933
1935
1935
1936
1938
1939
1947
1949
1964
1974
1986
1987
1990
1991
1994
2008
2009
2013
2014
2015
2016
2018
2021
2029
2030
2030
2033
2035
2037
2040
2041
2058
2060
2064
2065
2066
2069
2074
2075
2075
2077
2089
2092
2092
2093
2093
2094
2097
2111
2113
2116
2124
2124
2125
2125
2132
2135
2151
2154
2159
2162
2163
2165
2165
2167
2177
2189
2193
2193
2194
2198
2199
2199
2202
2211
2211
2212
2212
2214
2217
2218
2230
2248
2248
2249
2256
2257
2268
2275
2278
2292
2295
2306
2306
2310
2313
2315
2316
2321
2329
2332
2333
2335
2336
2338
2340
2341
2343
2346
2346
2348
2353
2366
2368
2380
2385
2404
2409
2451
2458
2469
2489
2496
2505
2515
2586
2587
2616
2625
2629
2665
2690
2697
2707
2726
2727
2727
2727
2728
