0
1
2
3
4
4
4
7
8
8
9
10
11
11
12
12
14
14
14
14
14
16
16
17
18
18
18
18
18
20
20
21
21
21
21
21
21
21
21
21
21
22
22
22
22
22
22
22
22
22
22
22
22
22
22
22
22
23
23
23
23
23
23
23
23
23
23
25
25
25
26
26
26
27
29
30
30
30
31
31
32
33
33
34
34
35
35
35
36
36
36
36
36
36
36
36
36
36
37
37
37
37
37
37
37
37
37
38
38
38
38
38
38
39
39
40
40
40
40
40
41
42
42
43
43
43
43
44
44
44
44
44
45
45
46
46
46
46
48
50
51
52
52
53
53
54
54
54
55
56
56
63
67
68
68
70
70
71
72
76
77
77
78
79
79
81
86
87
87
87
87
88
88
88
88
88
88
88
88
88
88
88
89
89
89
91
94
96
99
99
100
100
101
101
101
101
101
101
102
102
102
102
102
103
104
104
104
104
105
105
105
105
105
105
105
105
105
105
106
106
106
106
106
106
107
107
107
107
107
108
108
108
108
108
108
109
109
110
110
111
111
112
113
114
115
115
116
122
122
123
123
125
126
126
127
133
133
134
137
138
138
139
140
140
142
143
143
143
144
145
146
148
148
148
149
149
149
150
150
150
151
152
152
152
155
156
156
157
159
160
161
161
163
164
165
167
169
170
171
171
171
174
174
175
175
175
175
176
177
177
177
178
178
178
180
180
180
182
182
182
182
182
183
183
184
185
185
186
187
187
187
187
190
190
190
191
191
192
192
192
193
193
193
193
193
193
195
196
199
199
199
200
200
200
201
201
203
203
205
206
206
208
209
210
210
210
210
210
210
210
210
211
211
211
211
211
211
211
211
211
212
212
213
214
214
215
215
215
216
217
218
218
219
220
220
221
222
222
223
223
224
224
225
226
227
227
228
229
229
229
229
229
230
230
230
230
230
230
230
230
230
230
230
231
231
231
231
231
231
232
233
233
234
234
235
235
235
236
236
237
237
237
238
241
241
243
244
247
247
247
248
248
249
252
252
252
255
255
255
255
255
256
256
260
260
260
261
262
262
264
264
264
264
264
265
265
266
266
267
267
267
267
268
268
268
269
273
278
278
278
279
280
282
284
286
287
287
288
288
289
290
292
293
295
296
299
299
299
301
304
304
304
304
304
305
305
305
305
306
308
308
308
310
310
310
311
313
314
314
314
314
315
315
315
315
315
315
315
315
315
315
316
316
316
316
316
316
316
317
317
317
317
317
317
318
318
318
318
319
320
321
321
322
323
327
327
329
329
331
332
332
332
333
333
333
334
334
334
334
334
335
335
335
336
336
336
337
337
337
337
337
339
340
341
341
342
343
345
345
345
345
346
347
348
350
350
350
350
353
353
353
354
354
354
355
356
356
357
357
357
358
358
358
359
360
360
360
361
361
362
363
364
366
367
368
368
368
368
369
369
369
369
369
369
369
370
370
370
370
370
370
370
371
371
371
371
371
372
373
373
374
375
375
376
376
376
376
376
377
377
377
378
378
379
379
384
385
386
387
388
389
389
389
389
389
390
390
390
390
390
390
391
391
391
391
391
391
392
393
394
394
394
395
396
397
399
400
400
404
405
405
405
405
407
408
408
409
412
413
414
416
416
416
417
417
417
419
423
424
424
424
424
425
427
427
428
428
429
430
432
433
433
434
434
437
441
442
443
446
447
448
455
462
462
463
467
472
476
477
498
509
511
511
511
512
514
517
520
527
535
540
554
556
557
558
562
565
565
567
567
569
572
573
576
577
589
589
590
591
597
620
620
622
622
629
638
639
640
640
640
640
641
643
647
647
654
659
665
667
670
673
675
676
677
678
679
679
682
683
703
704
709
715
778
795
839
850
850
850
850
851
851
851
851
852
860
866
892
911
917
924
931
939
939
940
940
941
1146
1178
1190
1191
1313
1415
1418
1421
1422
1424
1424
1424
1424
1424
1425
1427
1428
1429
1429
1430
1430
1432
1432
1435
1435
1437
1438
1438
1439
1440
1440
1444
1445
1450
1450
1451
1457
1457
1458
1458
1459
1459
1459
1459
1461
1461
1463
1463
1465
1468
1468
1468
1470
1470
1471
1472
1473
1474
1476
1477
1479
1481
1481
1482
1482
1482
1484
1485
1488
1488
1490
1492
1492
1492
1493
1493
1494
1494
1494
1495
1500
1501
1503
1504
1505
1508
1515
1517
1519
1519
1521
1521
1528
1539
1548
1550
1558
1559
1559
1563
1564
1564
1567
1567
1569
1572
1574
1575
1575
1577
1578
1579
1579
1579
1579
1579
1580
1581
1581
1581
1581
1582
1583
1583
1584
1585
1585
1585
1585
1587
1588
1588
1589
1592
1592
1596
1600
1602
1604
1605
1605
1605
1608
1609
1611
1611
1611
1611
1613
1614
1615
1617
1618
1622
1622
1625
1626
1626
1629
1630
1631
1631
1632
1632
1633
1633
1634
1635
1640
1640
1640
1640
1641
1641
1642
1642
1642
1642
1642
1642
1644
1645
1645
1645
1646
1646
1646
1646
1646
1646
1646
1647
1647
1647
1647
1647
1647
1647
1648
1648
1649
1649
1652
1652
1655
1655
1656
1657
1657
1657
1657
1659
1659
1661
1664
1664
1666
1667
1668
1668
1668
1669
1670
1671
1672
1673
1674
1675
1675
1677
1677
1677
1687
1692
1692
1693
1693
1693
1694
1701
1702
1716
1719
1720
1726
1731
1737
1740
1745
1747
1751
1757
1763
1767
1785
1794
1797
1816
1817
1819
1823
1827
1866
1868
1882
1886
1893
1897
1899
1901
1902
1903
1905
1912
1913
1930
1931
1932
1932
1932
1932
1933
1933
1933
1933
1933
1933
1933
1933
1933
1933
1933
1933
1934
1934
1935
1935
1936
1936
1938
1938
1939
1939
1944
1944
1948
1950
1962
1962
1963
1963
1967
1967
1967
1967
1968
1968
1968
1968
1972
1973
1973
1973
1976
1988
1989
1990
1991
1992
1996
1998
2004
2011
2036
2059
2065
2072
2072
2072
2076
2078
2111
2157
2163
2164
2166
2167
2169
2169
2169
2170
2174
2175
2175
2176
2176
2178
2179
2181
2182
2182
2183
2184
2184
2185
2186
2187
2188
2189
2191
2192
2192
2193
2193
2193
2194
2195
2195
2196
2197
2199
2200
2200
2200
2201
2202
2203
2204
2204
2205
2207
2207
2208
2208
2208
2208
2209
2211
2211
2212
2214
2214
2217
2217
2218
2218
2218
2218
2219
2219
2219
2219
2219
2219
2220
2220
2220
2220
2220
2220
2220
2221
2221
2221
2222
2222
2223
2224
2225
2227
2227
2227
2227
2228
2228
2228
2228
2228
2229
2229
2229
2229
2229
2229
2229
2229
2230
2230
2230
2230
2230
2231
2231
2231
2231
2231
2232
2233
2233
2233
2233
2233
2235
2236
2236
2236
2237
2238
2238
2239
2239
2240
2240
2241
2242
2242
2243
2244
2246
2246
2246
2247
2250
2250
2254
2254
2255
2255
2255
2257
2258
2260
2261
2261
2262
2262
2262
2264
2265
2266
2269
2270
2270
2271
2272
2275
2280
2283
2283
2283
2283
2283
2284
2284
2284
2284
2284
2284
2285
2285
2285
2285
2286
2288
2290
2290
2293
2293
2295
2296
2296
2297
2298
2299
2301
2301
2301
2301
2301
2302
2302
2302
2304
2304
2305
2312
2312
2312
2313
2314
2316
2319
2319
2321
2322
2324
2324
2325
2325
2325
2325
2328
2328
2329
2330
2330
2332
2333
2333
2335
2337
2347
2348
2349
2349
2349
2351
2351
2351
2352
2354
2358
2358
2358
2359
2360
2361
2367
2367
2368
2371
2373
2375
2375
2378
2378
2379
2381
2382
2383
2384
2386
2386
2388
2388
2390
2391
2391
2393
2397
2398
2399
2399
2408
2409
2412
2415
2416
2416
2417
2417
2420
2420
2420
2424
2425
2426
2428
2431
2432
2433
2434
2437
2437
2439
2441
2441
2443
2445
2446
2448
2449
2450
2450
2450
2450
2450
2450
2450
2450
2450
2455
2456
2457
2457
2457
2457
2457
2458
2458
2458
2458
2459
2459
2460
2462
2468
2469
2474
2478
2478
2478
2478
2479
2480
2482
2485
2489
2490
2491
2491
2497
2499
2501
2511
2517
2524
2526
2529
2529
2529
2542
2545
2545
2553
2563
2567
2568
2568
2569
2570
2570
2570
2571
2574
2574
2574
2576
2576
2578
2578
2578
2579
2580
2580
2582
2582
2585
2586
2587
2587
2591
2593
2595
2595
2598
2600
2604
2605
2606
2607
2607
2609
2610
2611
2611
2612
2612
2612
2615
2616
2619
2623
2624
2625
2633
2640
2659
2667
2672
2673
2698
2702
2717
2719
2726
2728
2729
2730
2732
2732
2736
2736
2737
2737
2738
2740
2743
2745
2752
2753
2753
2753
2753
2754
2755
2758
2758
2759
2759
2759
2760
2762
2762
2762
2764
2765
2767
2769
2770
2772
2773
2773
2774
2775
2786
2788
2790
2790
2793
2795
2796
2796
2797
2798
2802
2803
2804
2805
2806
2806
2814
2814
2816
2817
2817
2818
2819
2819
2822
2822
2824
2824
2826
2831
2832
2841
2842
2843
2844
2845
2846
2847
2847
2847
2852
2861
2867
2869
2869
2869
2869
2871
2873
2874
2875
2875
2877
2880
2883
2883
2883
2883
2884
2885
2886
2887
2887
2889
2891
2893
2899
2900
2907
2908
2910
2912
2912
2912
2913
2913
2915
2918
2920
2920
2921
2927
2928
2929
2930
2931
2932
2933
2937
2937
2939
2942
2945
2948
2948
2948
2948
2951
2951
2953
2954
2955
2958
2959
2964
2965
2965
2966
2969
2970
2971
2973
2974
2976
2976
2989
2992
2992
3003
3005
3017
3019
3020
3026
3031
3031
3032
3033
3034
3035
3040
3041
3041
3042
3049
3050
3051
3053
3057
3061
3063
3063
3064
3064
3065
3066
3066
3067
3067
3073
3075
3076
3077
3078
3080
3082
3082
3083
3086
3087
3089
3091
3093
3093
3095
3095
3095
3096
3097
3097
3098
3100
3102
3106
3108
3108
3109
3111
3111
3112
3112
3114
3114
3116
3116
3118
3119
3120
3121
3121
3124
3125
3128
3128
3131
3131
3131
3131
3132
3133
3134
3134
3135
3135
3135
3135
3136
3136
3140
3140
3141
3165
3171
3173
3187
3191
3200
3209
3211
3212
3213
3218
3219
3224
3245
3248
3249
3251
3253
3254
3254
3257
3257
3257
3259
3259
3264
3264
3269
3286
3289
3311
3317
3329
3331
3335
3339
3341
3349
3350
3351
3396
3407
3407
3408
3410
3411
3411
3411
3411
3412
3412
3414
3414
3418
3420
3423
3426
3427
3429
3429
3429
3430
3431
3431
3431
3433
3436
3438
3441
3449
3454
3454
3454
3457
3458
3461
3463
3464
3464
3471
3471
3471
3476
3484
3484
3493
3493
3494
3494
3495
3495
3495
3495
3499
3503
3503
3504
3505
3506
3509
3512
3516
3518
3520
3520
3520
3521
3522
3523
3524
3524
3532
3532
3533
3536
3537
3538
3538
3538
3538
3538
3538
3539
3539
3539
3539
3541
3541
3541
3543
3544
3546
3546
3547
3547
3547
3549
3549
3550
3555
3556
3557
3558
3561
3565
3569
3571
3572
3582
3582
3584
3586
3587
3589
3590
3590
3592
3592
3595
3597
3597
3598
3599
3601
3603
3605
3606
3610
3610
3611
3616
3617
3625
3632
3636
3641
3644
3645
3645
3648
3650
3652
3654
3655
3656
3658
3658
3659
3670
3675
3676
3677
3681
3689
3690
3694
3698
3702
3703
3706
3716
3718
3719
3719
3729
3733
3736
3740
3740
3742
3743
3744
3745
3754
3754
3756
3761
3767
3776
3777
3778
3778
3781
3784
3789
3789
3790
3793
3794
3795
3811
3818
3874
3882
3883
3887
3928
4004
4005
4008
4009
4012
4016
4018
4018
4023
4024
4025
4031
4060
4070
4087
4088
4090
4094
4095
4097
4097
4100
4100
4103
4104
4107
4107
4110
4111
4112
4112
4120
4123
4125
4126
4132
4132
4132
4133
4134
4138
4138
4139
4140
4141
4141
4152
4154
4154
4155
4158
4164
4169
4169
4170
4170
4170
4171
4174
4174
4174
4176
4176
4176
4176
4177
4177
4180
4185
4188
4189
4190
4192
4195
4197
4197
4199
4200
4203
4206
4208
4209
4210
4213
4217
4218
4218
4218
4221
4227
4233
4237
4238
4240
4241
4243
4253
4253
4257
4257
4259
4270
4271
4272
4273
4273
4275
4278
4279
4285
4288
4292
4299
4300
4307
4310
4315
4317
4321
4322
4324
4324
4326
4327
4328
4330
4336
4362
4374
4374
4385
4393
4398
4407
4410
4418
4421
4424
4425
4427
4428
4432
4432
4443
4443
4443
4447
4454
4519
4520
4539
4542
4546
4559
4581
4582
4594
4595
4595
4601
4604
4605
4608
4617
4618
4618
4633
4651
4651
4652
4654
4664
4676
4677
4678
4679
4679
4679
4680
4680
4680
4686
4695
4695
4709
4710
4715
4726
4730
4738
4741
4742
4762
4763
4764
4769
4771
4771
4781
4784
4784
4784
4787
4788
4788
4792
4795
4804
4818
4818
4818
4826
4828
4837
4838
4838
4840
4842
4845
4846
4847
4848
4849
4856
4876
4876
4877
4877
4879
4883
4900
4901
4903
4907
4909
4910
4911
4915
4920
4925
4935
4943
4946
4958
4966
4978
4979
4980
4982
4984
4993
4996
4997
4997
5000
5001
5006
5006
5008
5010
5015
5017
5017
5020
5024
5026
5032
5038
5039
