0
1
2
2
3
3
4
5
5
6
6
6
7
7
8
8
8
8
8
8
8
9
10
10
10
10
10
10
11
11
11
11
11
11
11
12
12
12
12
13
13
13
13
14
14
15
15
15
15
15
16
16
16
16
16
17
17
17
17
18
18
18
18
18
18
18
19
19
19
19
19
19
20
20
20
20
20
20
20
20
20
20
20
20
20
20
20
20
20
21
21
21
21
21
21
21
21
21
21
21
21
21
21
22
22
22
22
22
23
23
23
23
23
23
23
23
23
23
23
23
23
23
23
23
23
23
23
23
24
24
24
24
24
24
24
24
25
25
25
25
25
26
26
26
26
26
27
27
27
28
28
28
28
28
28
28
28
28
28
29
29
29
29
29
29
29
29
29
29
29
29
29
29
29
29
29
29
30
30
30
30
30
30
30
30
30
30
30
30
30
30
31
31
31
31
31
31
31
31
31
32
32
32
32
32
32
33
33
33
33
33
33
34
34
34
34
34
34
34
34
34
34
34
34
34
34
34
34
34
34
35
35
35
35
36
36
36
36
36
37
37
37
37
38
38
38
38
38
39
39
39
39
39
39
40
40
40
40
40
40
40
41
41
41
41
41
41
41
41
41
42
42
42
42
42
43
43
43
43
43
43
44
44
45
45
45
46
46
46
46
46
46
47
47
47
47
47
47
48
48
48
48
48
48
49
49
49
50
50
50
50
50
50
50
50
50
51
51
51
51
53
53
53
54
54
54
54
54
55
55
55
55
56
56
56
56
56
57
57
57
57
57
58
58
59
59
60
60
60
61
61
61
61
62
62
62
63
63
63
64
64
64
64
64
65
65
65
65
67
67
67
68
68
68
68
68
68
68
68
68
69
69
69
69
69
69
69
69
69
69
69
69
69
69
70
70
70
70
70
70
71
72
72
72
73
73
74
74
75
76
76
76
77
77
77
77
78
78
78
79
79
79
79
79
79
79
80
80
80
81
81
82
82
83
83
83
83
83
83
84
85
85
86
86
87
87
87
87
87
87
88
88
88
88
88
88
88
89
89
89
90
90
90
91
91
91
91
92
92
92
92
93
94
95
95
95
95
96
97
98
98
98
99
99
99
100
100
102
103
103
104
104
104
104
105
105
105
105
106
107
107
107
107
108
109
110
110
110
110
111
111
111
112
112
113
113
114
115
117
117
117
118
118
118
118
119
119
119
119
119
120
120
120
120
120
120
120
122
122
122
123
123
124
124
125
125
126
126
128
128
128
129
129
130
131
131
132
132
132
132
133
134
134
134
134
135
135
135
135
136
137
138
138
139
140
140
141
141
141
141
141
141
141
142
142
143
144
145
145
145
146
146
146
147
147
148
148
148
148
149
149
149
150
150
151
152
152
153
153
153
153
153
156
156
156
158
158
158
159
159
160
160
160
160
160
161
161
161
161
161
161
161
161
162
162
162
163
163
164
164
164
164
165
165
165
166
166
166
166
166
167
167
169
169
171
175
175
178
179
182
182
184
185
186
187
187
189
190
191
191
192
193
193
194
194
195
195
195
196
197
197
198
198
198
198
199
199
200
201
204
204
205
205
206
207
207
209
209
210
210
210
211
211
211
211
213
213
213
214
214
215
215
216
216
218
219
220
222
223
223
224
224
226
226
227
227
228
229
229
230
233
234
234
235
235
236
238
239
241
242
244
247
248
249
249
249
249
250
251
251
251
251
252
254
255
255
259
259
261
262
262
263
263
264
265
265
266
268
269
270
270
273
273
277
278
278
279
280
281
281
282
282
282
282
283
288
290
290
290
293
293
294
295
296
299
301
305
305
305
305
307
307
308
308
311
313
313
316
316
316
317
318
318
319
320
321
321
322
325
326
327
327
327
328
330
331
332
333
335
335
336
337
337
339
341
344
344
344
344
344
345
346
346
347
347
347
348
348
348
348
349
349
349
350
350
350
351
351
351
352
352
352
352
353
353
353
353
353
353
353
354
354
354
354
354
355
355
355
356
356
356
356
356
357
357
358
358
358
358
358
358
358
358
358
358
358
358
358
359
359
359
359
359
359
359
359
359
359
359
360
360
360
360
361
361
362
362
362
362
362
362
363
363
363
363
363
363
364
364
365
365
366
366
366
366
367
367
368
368
368
368
369
369
370
370
370
370
370
370
371
371
372
372
372
372
373
373
374
374
376
378
378
378
378
379
379
380
380
381
381
381
381
382
382
382
382
383
383
383
383
383
383
383
383
384
384
384
384
384
384
384
384
384
384
384
385
385
387
389
389
389
389
389
389
389
389
389
390
390
390
390
390
390
390
391
391
391
391
391
391
391
391
391
391
391
391
391
391
391
391
391
391
392
392
392
392
392
392
392
392
392
393
393
393
393
393
393
394
394
394
394
394
396
396
396
396
396
396
396
396
397
398
399
399
400
400
400
400
400
401
402
402
402
402
402
402
403
403
405
405
406
407
407
407
408
408
408
408
409
411
411
411
412
412
413
413
413
414
414
414
415
415
416
416
416
417
418
418
418
419
420
421
421
421
421
421
421
422
422
422
422
422
422
422
422
423
423
423
423
423
423
423
424
424
425
425
426
427
427
427
427
430
430
430
430
430
433
433
433
433
434
434
435
435
435
436
436
436
437
438
439
439
439
439
440
440
440
441
441
441
441
442
442
442
443
444
445
446
447
447
448
449
449
451
451
451
451
451
451
453
454
454
454
454
455
455
455
455
455
455
456
458
458
458
459
459
459
459
459
460
461
462
465
465
465
465
465
466
466
466
467
467
467
468
468
469
469
470
470
470
471
471
472
473
473
473
473
474
474
474
475
475
475
476
476
476
477
477
478
479
479
479
479
480
480
480
480
480
481
481
481
481
483
484
485
485
485
485
486
486
487
489
489
489
489
489
490
490
490
490
490
490
490
490
491
491
491
491
492
492
493
493
494
494
494
494
494
494
494
494
495
495
497
497
497
497
498
499
500
501
501
502
502
503
503
503
504
505
506
506
507
508
510
512
513
513
513
516
517
519
520
523
524
524
525
525
526
526
527
527
529
529
531
532
533
535
538
538
539
539
540
541
541
545
546
548
549
549
549
552
555
557
558
558
562
563
565
566
569
569
570
571
571
572
572
572
572
573
574
574
576
577
580
581
584
585
585
586
588
588
588
588
588
589
589
590
590
591
591
592
592
592
593
595
595
595
595
596
596
596
597
598
599
600
601
602
602
603
604
606
606
607
608
609
609
609
609
610
612
616
616
617
617
617
617
618
618
621
621
621
622
622
622
622
622
622
622
622
622
622
622
622
622
622
622
622
623
623
623
623
625
627
629
629
629
630
631
632
632
632
632
632
632
632
633
633
634
635
636
637
637
638
638
638
638
638
638
638
638
638
638
639
639
639
640
641
641
642
642
642
643
643
643
643
643
643
643
643
643
644
644
644
646
647
647
647
648
650
651
652
653
653
653
653
653
653
653
654
654
655
658
658
660
660
661
662
662
666
667
668
668
669
669
669
669
669
669
670
670
670
670
670
670
671
671
671
672
672
673
673
673
673
673
673
673
674
674
674
675
675
675
675
676
677
679
684
684
684
689
690
698
700
702
703
704
705
705
705
705
706
706
706
706
706
706
707
707
708
708
711
711
711
711
711
712
712
712
713
713
713
713
714
714
714
715
715
715
715
716
716
716
716
717
717
717
717
717
718
718
718
718
718
718
718
718
718
719
719
719
720
720
720
720
720
720
720
722
723
723
725
726
726
726
730
731
732
743
743
745
748
750
751
751
751
756
756
756
756
756
759
760
760
761
761
761
762
763
765
768
768
776
776
776
776
777
777
780
780
780
782
782
782
782
782
785
785
786
786
786
787
787
788
788
788
789
789
789
789
789
791
791
792
793
796
798
799
799
800
803
803
806
806
806
807
807
808
809
809
809
810
810
811
812
813
813
813
813
814
814
814
814
814
815
815
815
815
816
816
816
816
817
817
817
817
817
817
817
818
818
818
818
818
819
819
819
819
820
821
821
822
822
823
824
824
825
825
826
826
827
827
829
829
829
830
831
832
833
833
833
834
835
835
836
836
836
839
839
839
839
840
840
841
841
842
842
843
843
843
845
846
847
848
849
851
852
852
853
853
854
854
855
856
856
856
856
856
856
856
856
856
857
857
858
858
858
858
858
858
858
858
858
859
859
859
859
859
859
859
859
859
860
861
862
862
862
863
863
863
863
863
863
863
863
864
864
864
864
866
866
868
868
869
869
869
871
871
872
873
873
875
877
877
877
877
877
878
879
882
882
883
883
883
884
884
888
888
890
891
891
892
894
894
895
895
896
897
897
898
898
899
899
899
900
901
902
902
903
904
906
906
907
909
909
911
911
911
912
914
916
917
917
917
918
919
919
919
920
920
920
921
921
921
923
924
925
926
927
927
929
929
930
931
931
931
931
932
932
933
934
934
935
935
936
936
936
936
937
937
938
938
939
940
941
942
942
942
944
944
945
945
945
946
946
947
948
948
948
948
949
949
950
950
950
951
953
954
954
954
954
955
955
955
956
956
956
958
958
958
959
959
960
960
960
960
960
960
960
960
961
961
961
961
961
962
962
962
963
963
964
964
964
965
966
966
966
966
966
968
968
969
970
970
970
971
971
972
973
974
974
974
975
975
975
976
977
977
979
979
980
981
981
983
983
984
987
988
988
989
989
990
990
991
991
994
995
996
996
998
998
999
1000
1001
1003
1009
1009
1010
1011
1011
1011
1012
1013
1013
1015
1017
1018
1020
1021
1023
1023
1024
1024
1024
1026
1027
1028
1029
1033
1034
1040
1043
1046
1046
1047
1049
1049
1050
1051
1051
1052
1052
1052
1054
1055
1056
1056
1057
1060
1060
1060
1067
1069
1075
1080
1083
1091
1093
1094
1094
1095
1095
1095
1096
1098
1100
1102
1105
1106
1106
1106
1107
1107
1109
1109
1110
1110
1112
1112
1112
1112
1113
1114
1114
1115
1115
1115
1115
1116
1117
1118
1119
1119
1119
1119
1121
1122
1122
1123
1125
1125
1126
1126
1126
1129
1129
1131
1131
1132
1133
1134
1134
1135
1135
1135
1135
1136
1138
1138
1139
1141
1143
1145
1148
1148
1148
1149
1151
1152
1152
1153
1154
1156
1157
1157
1157
1158
1159
1159
1164
1166
1168
1168
1168
1168
1169
1169
1170
1172
1174
1174
1175
1175
1178
1180
1181
1181
1183
1183
1183
1184
1184
1185
1185
1188
1190
1190
1190
1191
1192
1193
1193
1193
1194
1194
1194
1195
1196
1196
1196
1196
1198
1198
1199
1200
1201
1201
1202
1205
1205
1206
1206
1209
1210
1210
1211
1213
1215
1216
1217
1217
1218
1218
1218
1221
1222
1224
1225
1228
1228
1228
1228
1229
1231
1233
1234
1236
1239
1240
1240
1241
1241
1241
1242
1245
1246
1247
1247
1247
1248
1250
1250
1253
1254
1255
1255
1256
1256
1258
1260
1260
1261
1261
1262
1263
1263
1271
1273
1273
1274
1275
1276
1283
1292
1293
1293
1297
1300
1301
1302
1306
1307
1308
1308
1308
1310
1311
1315
1317
1317
1317
1318
1319
1320
1321
1322
1323
1324
1325
1326
