0
0
1
1
2
3
3
3
3
5
6
6
6
6
6
6
7
7
7
8
8
8
9
9
9
9
10
11
11
11
11
11
11
11
12
12
12
12
12
12
12
12
12
12
13
13
13
14
14
15
15
15
15
15
15
15
15
15
15
15
16
17
17
17
17
17
17
17
18
18
18
18
18
18
18
18
18
18
18
18
18
18
18
18
18
19
19
19
19
19
19
19
19
19
19
19
19
20
20
20
20
20
20
20
20
20
20
20
20
21
21
21
21
21
21
21
21
21
21
21
21
21
21
22
22
22
22
22
22
22
22
22
23
23
23
23
23
24
24
24
24
24
24
24
24
24
24
24
24
24
24
24
24
24
25
25
25
25
25
25
25
25
25
25
25
25
25
25
25
25
25
25
25
25
26
26
26
26
26
26
26
26
26
26
26
26
26
26
26
26
26
26
26
26
26
26
26
26
26
27
27
27
27
27
27
27
27
27
27
27
27
28
28
29
29
29
29
29
29
29
29
30
30
30
30
30
30
30
31
31
31
31
31
31
32
32
32
32
33
33
33
34
34
34
34
34
35
35
35
35
35
35
35
36
36
36
36
36
36
37
37
37
37
37
37
37
38
38
38
38
38
38
38
38
38
38
38
38
39
39
39
39
39
39
39
39
39
39
39
39
39
40
40
40
40
40
40
40
40
40
40
40
40
41
41
41
41
41
41
41
41
41
42
42
42
42
42
43
43
43
43
43
44
44
44
44
44
44
44
45
45
45
45
45
45
45
45
45
45
45
45
45
46
46
46
47
47
47
47
47
47
47
48
48
48
48
48
48
49
49
49
49
49
49
50
50
50
50
50
50
51
51
51
51
52
52
52
52
52
53
54
54
54
55
55
55
55
55
56
56
56
56
56
57
57
57
57
57
57
57
57
58
58
58
58
59
59
59
59
60
60
60
61
61
62
62
62
62
62
63
63
63
63
63
63
63
64
64
64
64
65
65
65
65
65
65
65
65
66
66
66
66
66
66
66
66
66
66
66
66
66
67
67
67
67
67
67
67
67
67
67
67
68
68
68
68
68
68
68
69
69
69
69
70
70
70
71
71
71
71
71
72
72
72
72
73
73
73
73
73
73
74
74
74
74
74
74
74
74
75
75
75
75
75
75
75
75
76
76
76
76
76
77
77
77
77
78
78
78
78
78
78
78
78
78
78
79
79
79
79
79
79
79
80
80
80
81
82
82
82
82
83
83
83
83
83
83
84
84
84
84
84
85
85
85
85
85
85
85
86
86
86
86
87
87
87
87
87
87
88
88
88
88
88
88
88
88
88
89
89
89
89
89
89
89
89
89
90
90
90
90
91
91
91
91
91
92
92
92
92
92
92
93
93
93
94
94
94
94
94
94
94
94
95
95
95
95
95
95
95
96
96
96
96
96
96
97
97
97
97
97
97
98
98
98
98
98
99
99
99
99
100
100
101
101
101
101
101
101
102
102
102
103
103
103
104
104
104
104
104
105
105
105
105
105
105
105
106
106
106
106
106
106
106
107
107
107
107
107
107
108
108
108
108
108
108
108
109
109
109
109
109
109
109
109
109
110
110
111
111
111
111
112
112
112
112
112
112
112
112
112
113
113
113
113
113
113
113
113
113
114
114
114
114
114
114
114
115
115
115
115
115
115
116
116
117
118
118
118
118
118
118
118
119
120
120
120
120
121
121
122
122
122
123
123
123
123
123
124
124
125
125
125
125
125
125
125
125
125
125
126
126
126
126
126
126
126
127
127
127
127
127
127
127
128
128
128
128
128
128
128
128
129
129
129
129
129
129
129
129
129
129
129
129
129
129
130
130
130
130
131
131
131
131
131
132
132
132
132
132
132
133
134
134
134
135
135
135
135
135
135
136
136
136
137
137
137
137
137
138
138
139
139
140
140
140
141
141
141
141
141
142
142
142
142
142
142
143
143
144
144
144
144
144
144
145
146
146
146
146
147
147
147
147
147
147
147
147
147
147
148
148
148
148
148
148
148
148
149
149
149
150
151
151
151
151
151
151
152
152
152
153
153
153
153
153
154
154
154
155
155
155
155
156
156
156
156
156
156
156
156
156
156
157
157
157
157
157
157
157
157
157
157
158
158
158
158
158
159
159
159
159
159
159
159
159
159
159
159
160
160
160
160
160
161
161
161
161
161
161
161
161
161
162
162
162
162
162
162
162
162
163
164
164
164
164
164
164
164
164
164
164
164
164
164
164
164
165
165
165
165
165
165
165
165
165
165
165
165
166
166
166
166
167
167
167
167
167
167
168
168
168
168
168
168
168
168
168
169
169
169
169
170
170
170
170
171
171
171
171
171
171
171
172
172
172
172
172
172
172
172
172
172
172
172
173
173
173
173
173
173
174
174
174
174
174
174
174
174
174
174
174
174
174
174
174
175
175
175
175
175
175
175
175
175
175
175
176
176
176
176
176
176
176
177
177
177
177
177
178
179
179
179
179
180
180
180
180
180
181
181
182
182
182
182
182
182
182
182
182
182
183
183
183
183
183
183
183
183
183
184
184
184
184
184
184
185
185
185
185
185
185
185
185
185
185
186
186
186
186
186
186
186
187
187
187
187
187
187
187
187
188
188
188
188
188
188
188
188
188
188
189
189
189
189
189
190
190
190
190
190
190
190
190
190
191
191
191
191
191
191
191
191
191
191
192
192
192
192
192
192
192
193
193
193
193
193
193
194
194
194
195
195
195
195
195
196
196
196
196
196
196
196
196
197
197
197
197
197
197
197
197
198
198
198
198
198
198
198
198
199
199
199
199
199
200
200
200
200
200
201
201
201
201
201
201
201
201
202
202
203
203
204
204
204
204
204
204
205
206
206
206
206
207
207
207
207
207
207
207
207
207
207
207
208
208
208
208
208
208
208
208
208
208
209
209
209
209
209
209
209
209
209
209
210
210
210
210
210
210
210
211
211
211
211
211
211
212
212
212
213
214
214
214
214
214
215
215
215
216
216
216
216
216
216
217
217
217
217
217
217
217
217
217
217
217
217
218
218
218
218
218
218
219
219
219
219
219
219
219
220
220
220
220
221
221
221
221
222
222
222
222
222
222
222
223
223
223
223
223
223
223
224
224
224
224
224
224
224
224
224
224
224
225
225
225
225
225
225
225
226
226
226
226
226
226
226
226
226
227
227
227
227
227
227
227
227
228
228
229
229
229
229
230
230
230
230
230
230
230
231
231
232
232
232
232
232
232
233
233
233
233
234
234
234
234
234
234
235
236
236
236
236
236
237
237
237
239
240
240
241
241
241
241
242
242
244
244
245
245
245
245
246
246
246
246
246
246
246
247
247
247
247
248
248
248
248
248
248
248
248
248
249
249
249
249
249
249
250
250
250
250
251
251
252
252
253
253
254
254
254
254
255
256
257
257
258
258
258
259
259
259
259
260
260
260
260
264
264
265
266
266
267
268
269
269
269
269
269
270
271
272
272
272
272
273
273
273
273
273
274
274
274
274
276
276
276
277
277
279
279
279
281
283
283
284
285
285
285
286
286
287
287
288
288
289
289
290
291
292
294
294
294
295
295
296
297
298
298
299
299
303
303
303
304
304
304
304
304
305
305
305
305
305
305
305
305
306
306
306
306
306
306
306
306
306
306
306
306
306
307
307
307
307
308
308
308
308
310
310
310
311
311
312
313
313
314
314
314
314
314
315
315
315
315
316
317
318
318
319
319
320
320
320
321
321
321
322
322
322
322
322
323
323
325
325
329
330
331
332
332
332
333
334
336
337
340
341
342
347
351
351
353
353
354
354
354
354
356
359
359
364
365
366
367
372
374
375
376
377
378
379
379
379
379
380
381
381
381
382
382
382
383
384
386
386
387
388
389
390
391
392
392
393
394
395
395
395
395
395
396
396
396
397
397
399
401
402
402
403
403
404
404
405
405
406
406
406
406
406
406
407
408
408
409
410
411
411
412
412
412
412
413
413
415
416
416
418
418
418
419
420
420
420
420
420
420
421
421
422
422
422
422
422
423
423
423
424
425
425
428
433
433
433
435
435
435
435
436
437
438
438
438
440
440
440
440
440
440
442
442
444
445
445
445
446
446
446
446
448
451
460
461
464
464
487
498
508
509
510
531
532
532
533
534
535
536
540
541
542
543
544
545
546
546
548
550
551
556
558
560
560
562
564
564
567
571
572
574
575
593
594
596
604
610
613
614
615
623
624
627
631
633
637
640
642
642
644
648
648
652
656
668
669
671
671
671
672
693
697
699
700
700
700
700
700
701
701
701
701
701
701
701
701
702
702
702
702
702
702
702
702
702
703
703
704
704
708
710
710
711
734
811
813
815
818
818
839
840
840
841
841
841
842
842
842
852
870
880
885
886
890
897
898
903
903
903
909
910
911
911
923
924
941
941
950
953
953
957
964
978
984
989
990
991
993
993
993
995
995
998
1009
1010
1011
1018
1021
1023
1024
1030
1032
1032
1035
1038
1038
1041
1042
1042
1042
1042
1042
1042
1043
1043
1043
1043
1043
1044
1044
1047
1047
1048
1050
1050
1051
1054
1056
1058
1061
1061
1062
1063
1066
1070
1077
1077
1078
1079
1079
1079
1082
1087
1090
1091
1093
1095
1096
1100
1102
1102
1106
1107
1107
1107
1108
1123
1129
1129
1129
1131
1140
1141
1142
1151
1162
1172
1175
1183
1187
1194
1204
1206
1207
1210
1220
1224
1225
1243
1246
1247
1249
1250
1260
1275
1278
1278
1290
1291
1300
1304
1305
1309
1312
1316
1318
1320
1327
1330
1330
1330
1330
1335
1335
1336
1336
1339
1344
1346
1347
1347
1351
1356
1360
1364
1371
1372
1377
1380
1383
1393
1393
1395
1396
1397
1399
1400
1402
1404
1405
1406
1406
1408
1409
1410
1410
1411
1412
1414
1415
1417
1417
1417
1417
1417
1421
1422
1425
1432
1432
1438
1439
1440
1445
1445
1449
1453
1454
1458
1462
1466
1495
1497
1499
1499
1499
1501
1503
1504
1505
1505
1506
1507
1508
1510
1512
1513
1516
1527
1528
1534
1535
1538
1540
1540
1552
1555
1555
1556
1556
1557
1557
1557
1559
1568
1578
1578
1583
1587
1591
1596
1598
1600
1601
1602
1602
1603
1603
1603
1606
1606
1607
1607
1609
1611
1611
1612
1613
1615
1615
1615
1616
1616
1616
1616
1617
1618
1618
1618
1620
1620
1621
1621
1622
1623
1623
1624
1625
1625
1626
1626
1626
1627
1630
1633
1634
1634
1635
1636
1636
1637
1638
1640
1640
1641
1641
1643
1644
1644
1644
1644
1645
1645
1646
1646
1649
1650
1651
1651
1651
1652
1653
1654
1655
1656
1656
1656
1659
1660
1661
1662
1664
1664
1665
1665
1666
1666
1667
1668
1669
1670
1672
1672
1675
1676
1678
1681
1681
1682
1683
1690
1690
1691
1692
1695
1696
1697
1697
1698
1701
1702
1702
1706
1709
1711
1711
1717
1718
1730
1733
1746
1753
1755
1761
1762
1768
1768
1780
1796
1796
1797
1797
1797
1797
1805
1812
1889
1897
1902
1906
1908
1912
1914
1916
1920
1921
1922
1924
1924
1925
1926
1926
1927
1938
1939
1941
1941
1941
1941
1942
1942
1942
1942
1942
1943
1944
1944
1947
1953
1955
1958
1959
1966
1994
1999
2005
2100
2115
2115
2121
2124
2124
2125
2126
2128
2143
2146
2148
2149
2152
