0
1
2
2
2
3
3
4
4
4
6
6
7
7
7
7
8
8
8
9
9
9
10
10
11
11
11
11
11
11
12
12
13
14
14
14
15
15
15
15
15
15
16
16
16
17
17
17
18
18
18
19
19
19
19
19
19
19
19
19
19
19
20
20
20
20
20
20
20
20
20
20
20
20
20
20
21
21
21
21
21
21
21
21
21
21
21
21
21
22
22
22
22
22
22
22
22
22
22
22
22
22
22
22
23
23
23
23
24
25
25
25
26
26
26
26
26
26
26
26
26
27
27
27
27
27
27
27
27
27
27
27
27
27
27
27
28
28
28
28
28
28
28
28
28
28
29
29
29
29
29
29
29
29
29
29
29
29
29
29
29
29
29
29
29
29
29
29
30
30
30
30
30
30
30
30
30
30
30
30
30
30
30
30
30
31
31
31
31
31
31
31
32
32
32
33
33
33
33
34
34
35
35
35
36
37
38
38
38
39
39
39
40
40
41
41
42
42
42
42
44
44
44
44
46
47
47
47
48
51
51
52
52
52
53
53
53
54
54
54
54
54
55
55
56
56
56
56
57
57
57
58
59
59
59
59
59
59
59
59
60
60
60
60
61
61
61
61
61
61
62
62
62
62
64
64
65
65
65
65
66
66
67
67
67
67
68
68
68
70
70
71
71
71
71
73
74
74
76
77
77
77
77
77
77
78
78
78
78
78
78
79
79
79
79
79
79
81
81
82
83
83
84
84
84
85
85
85
86
86
86
86
88
89
90
90
90
90
92
92
93
93
93
93
93
93
93
93
94
94
95
95
95
95
96
96
96
97
98
98
98
98
98
98
99
99
99
100
100
101
101
102
102
102
102
102
104
104
106
106
107
107
107
107
108
109
110
111
111
111
112
112
113
113
114
114
116
116
116
118
118
118
119
119
120
120
121
121
122
122
122
122
123
125
125
125
126
126
126
127
127
128
128
128
129
130
130
130
132
133
133
133
133
133
133
134
134
134
135
135
136
136
136
136
137
137
137
137
138
138
138
139
142
142
143
143
144
145
146
146
146
147
147
147
147
147
147
148
149
149
149
149
149
150
150
151
152
152
152
155
155
155
155
155
156
156
156
158
158
158
158
158
159
159
159
159
159
159
159
159
159
159
159
160
160
160
160
160
160
160
160
160
160
160
160
160
160
160
160
160
161
161
161
161
161
161
161
161
161
161
162
162
162
162
162
162
162
162
162
162
163
163
163
164
164
164
164
164
164
165
165
166
166
166
166
167
167
167
167
167
167
167
167
168
168
168
168
168
168
168
168
168
168
169
169
169
169
169
169
169
169
169
169
169
169
169
170
170
170
170
171
171
172
172
172
172
173
173
173
174
174
174
175
175
175
177
178
178
178
178
179
180
180
180
181
181
181
183
183
184
184
184
185
185
185
186
186
186
186
186
186
187
187
187
187
187
188
188
188
188
189
189
189
189
189
191
191
191
192
193
194
194
195
195
195
195
196
198
200
200
202
202
203
204
204
205
205
206
207
208
208
210
210
211
211
211
212
212
212
212
212
213
213
213
214
215
215
216
216
217
217
217
217
217
217
217
217
217
221
222
222
222
222
222
223
224
224
225
226
227
230
231
233
233
235
235
236
236
236
237
238
238
238
238
241
241
243
244
245
248
249
250
250
250
250
250
251
252
253
254
255
256
257
257
257
258
259
260
264
264
265
265
266
266
266
266
267
267
267
268
268
268
268
268
268
269
269
269
269
270
271
271
271
271
272
272
273
273
273
273
273
273
273
273
273
273
273
273
274
274
274
274
275
275
275
275
276
276
276
276
277
277
277
278
278
278
278
278
279
280
281
283
283
283
283
283
283
284
284
284
284
284
284
285
285
288
288
288
289
289
290
290
290
290
291
291
291
291
292
292
294
295
296
297
297
300
300
303
303
304
307
307
307
307
307
308
308
309
311
311
312
313
315
316
316
317
317
317
317
317
318
318
318
318
318
318
318
319
319
319
320
322
323
324
324
326
327
329
330
331
332
333
333
333
334
334
335
337
337
338
338
338
339
340
341
342
344
348
349
351
351
352
354
354
355
357
357
357
358
358
359
363
365
367
367
371
372
372
373
373
375
375
376
376
377
378
378
378
382
383
384
384
386
386
387
388
391
392
395
396
396
402
403
405
407
407
408
408
408
408
408
409
409
409
409
410
410
410
410
410
410
411
412
412
412
413
413
413
413
413
414
415
415
415
415
418
418
419
419
424
425
425
427
431
432
434
436
437
438
440
442
442
445
446
446
447
447
448
450
450
451
451
454
455
457
462
463
463
465
469
470
470
471
473
473
474
474
475
476
477
480
481
482
484
486
488
489
491
491
491
493
496
503
503
504
505
509
511
511
512
518
520
528
531
534
536
540
541
541
541
543
543
547
548
548
549
551
551
552
552
554
559
562
564
564
569
575
582
586
587
591
595
595
596
600
601
601
603
606
606
606
609
609
611
612
613
613
613
614
617
618
618
619
621
622
623
627
629
634
635
635
637
637
638
646
660
661
662
667
668
669
670
672
673
674
676
677
677
679
679
682
685
685
688
688
689
689
689
693
698
698
702
703
708
714
714
717
717
719
723
723
728
731
732
734
734
735
738
738
741
743
746
748
749
751
754
755
758
759
759
761
762
763
763
764
765
766
766
767
769
770
770
773
774
776
779
783
795
796
797
800
801
823
828
830
874
880
884
884
888
893
894
894
894
894
894
895
895
895
895
895
896
896
896
896
896
896
897
897
897
897
897
898
899
899
899
899
899
900
908
910
912
913
914
915
915
915
915
916
916
916
916
916
916
916
916
916
916
916
916
916
917
917
917
918
921
926
930
930
930
931
931
931
931
963
963
967
968
968
969
972
978
979
979
980
981
982
988
992
992
996
997
998
998
1006
1006
1006
1006
1007
1008
1008
1008
1010
1011
1017
1047
1065
1068
1085
1090
1098
1106
1109
1116
1127
1131
1131
1135
1137
1149
1189
1206
1221
1232
1234
1241
1243
1257
1264
1265
1266
1269
1269
1269
1269
1270
1275
1278
1278
1278
1278
1278
1278
1293
1296
1299
1309
1314
1314
1314
1315
1315
1316
1322
1327
1329
1329
1330
1352
1367
1382
1382
1382
1383
1390
1397
1400
1418
1421
1423
1423
1424
1424
1424
1424
1425
1428
1431
1432
1433
1434
1435
1435
1437
1437
1438
1439
1441
1441
1442
1442
1443
1443
1443
1443
1445
1447
1447
1447
1449
1451
1451
1452
1452
1452
1452
1453
1453
1453
1455
1456
1456
1456
1457
1457
1458
1458
1458
1458
1459
1459
1459
1459
1459
1459
1459
1459
1460
1460
1460
1460
1460
1460
1460
1460
1460
1460
1461
1461
1461
1461
1462
1462
1462
1463
1463
1464
1465
1465
1465
1465
1466
1467
1467
1469
1469
1470
1470
1473
1473
1473
1474
1474
1479
1480
1482
1483
1485
1486
1486
1486
1488
1489
1489
1489
1489
1490
1490
1491
1492
1492
1493
1494
1495
1496
1496
1497
1500
1500
1501
1501
1502
1502
1505
1505
1506
1506
1508
1508
1508
1509
1509
1509
1513
1513
1516
1516
1517
1526
1532
1532
1533
1536
1536
1538
1538
1539
1539
1539
1539
1540
1541
1541
1541
1541
1542
1542
1543
1543
1543
1543
1543
1544
1545
1545
1546
1547
1548
1548
1550
1550
1550
1554
1555
1556
1556
1557
1558
1559
1560
1561
1562
1563
1566
1567
1569
1569
1570
1570
1570
1570
1571
1572
1573
1574
1576
1577
1577
1578
1578
1581
1582
1586
1586
1586
1586
1587
1590
1593
1597
1597
1598
1599
1600
1600
1601
1603
1605
1605
1607
1609
1611
1613
1613
1614
1616
1619
1620
1621
1621
1625
1625
1628
1629
1630
1631
1632
1634
1635
1636
1637
1637
1638
1638
1640
1640
1641
1641
1641
1642
1650
1650
1651
1651
1652
1652
1652
1659
1663
1667
1668
1669
1672
1672
1681
1683
1685
1688
1688
1689
1689
1691
1692
1693
1694
1694
1695
1695
1697
1698
1698
1699
1700
1700
1701
1704
1705
1707
1709
1715
1715
1715
1718
1720
1721
1721
1721
1722
1724
1726
1728
1729
1732
1733
1735
1736
1736
1736
1736
1738
1738
1740
1740
1745
1745
1747
1747
1751
1752
1760
1762
1762
1763
1764
1765
1768
1769
1769
1771
1774
1780
1782
1789
1794
1826
1829
1830
1830
1831
1831
1835
1842
1849
1849
1849
1849
1849
1849
1850
1850
1850
1850
1851
1853
1853
1853
1854
1855
1855
1856
1857
1860
1860
1860
1861
1861
1863
1864
1870
1872
1874
1875
1876
1877
1879
1880
1880
1883
1884
1885
1885
1887
1888
1892
1899
1929
1938
1964
1967
1970
1994
1998
1998
2013
2013
2029
2034
2037
2080
2100
2104
2105
2111
2117
2117
2118
2119
2119
2120
2120
2121
2121
2121
2121
2122
2122
2138
2140
2150
2157
2160
2165
2173
2187
2188
2189
2191
2192
2200
2201
2202
2209
2211
2211
2212
2217
2348
2453
2459
2459
2460
2469
2575
2582
2586
2620
2653
2655
2656
2662
2673
2681
2710
2737
2745
2748
2751
2785
2789
2790
2791
2793
2796
2797
2799
2799
2800
2800
2800
2801
2854
2854
2854
2883
2884
2884
2894
2901
2902
2911
2937
2940
2979
2980
2989
2995
2996
2997
3007
3013
3013
3013
3014
3014
3014
3014
3014
3014
3015
3015
3015
3015
3015
3016
3019
3023
3025
3026
3028
3032
3033
3036
3037
3037
3040
3041
3041
3042
3047
3048
3051
3052
3056
3056
3057
3058
3058
3066
3069
3071
3071
3071
3075
3078
3080
3080
3081
3081
3082
3082
3082
3084
3087
3087
3087
3088
3088
3089
3093
3094
3094
3096
3098
3098
3099
3101
3103
3103
3103
3114
3116
3117
3119
3126
3128
3128
3133
3138
3140
3143
3144
3149
3149
3152
3153
3155
3157
3166
3166
3167
3169
3170
3172
3179
3180
3180
3182
3183
3183
3188
3189
3194
3194
3194
3195
3196
3196
3196
3196
3196
3197
3198
3199
3200
3205
3207
3208
3209
3211
3220
3220
3225
3227
3234
3238
3240
3241
3243
3244
3245
3245
3246
3247
3250
3251
3253
3253
3255
3255
3255
3255
3258
3261
3261
3261
3261
3261
3261
3261
3261
3262
3265
3266
3269
3269
3270
3270
3278
3286
3286
3306
3313
3322
3329
3335
3340
3342
3342
3343
3343
3347
3348
3348
3348
3350
3355
3368
3369
3370
3378
3381
3383
3386
3398
3399
3400
3401
3414
3416
3418
3419
3420
3429
3441
3445
3446
3447
3448
3449
3449
3450
3450
3450
3450
3450
3450
3450
3450
3451
3451
3451
3451
3451
3452
3452
3453
3455
3457
3458
3461
3462
3462
3465
3471
3472
3474
3475
3475
3475
3476
3479
3483
3486
3489
3489
3493
3509
3522
3530
3531
3534
3629
3640
3640
3662
3688
3704
3716
3726
3741
3763
3774
3778
3784
3790
3790
3791
3809
3809
3902
3956
3975
3976
3977
4022
4027
4030
4030
4030
4045
4045
4048
4048
4058
4084
4104
4118
4135
4152
4187
4191
4219
4251
4260
4276
4276
4277
4283
4402
4505
4526
4533
4547
4692
4698
4702
4716
4718
4724
4726
4728
4735
4739
4741
4742
4745
4763
4782
4787
4795
4810
4823
4872
4878
4878
4879
4883
4887
4889
4893
4894
4895
4908
4909
4928
5021
5080
5151
5166
5195
5195
5215
5261
5341
5344
5356
5392
5411
5555
5648
5772
5772
5794
5797
5809
6133
6145
6163
6206
6208
6223
6225
6226
6239
6239
6240
6254
6265
6277
6298
6298
6298
6300
6345
6345
6346
6376
6384
6414
6415
6424
6424
6451
6492
6492
6492
6493
6493
6493
6493
6493
6512
6512
6590
6599
6607
6611
6660
6674
6681
6692
6701
6703
6705
6705
6708
6715
6717
6721
6722
6722
6725
6730
6730
6736
6813
7037
7137
7142
7144
7149
7154
7154
7154
7155
7163
7170
7173
7177
7252
7252
7254
7256
7258
7263
7263
7274
7277
7281
7480
7480
7486
7490
7495
7508
7514
7549
7557
7564
7566
7567
7572
7599
7604
7608
7632
7651
7679
7681
7688
7705
7713
7713
7714
7735
7747
7754
7768
7794
7794
7811
7873
7876
7880
7882
7884
7884
7888
7888
7890
7891
7892
7893
7894
7898
7899
7900
7903
7903
7904
7904
7904
7904
7904
7904
7904
7906
7906
7906
7907
7909
7909
7909
7913
7914
7916
7922
7938
7952
7954
7956
7957
7983
8000
8015
8060
8070
8076
