0
0
1
2
2
3
3
3
4
4
5
5
6
6
6
7
7
7
7
7
7
7
8
8
8
9
9
10
10
11
11
11
12
12
12
12
12
12
12
13
13
14
14
14
14
15
15
15
15
15
15
15
15
15
15
16
16
16
16
16
16
16
17
17
17
17
18
18
18
18
19
19
19
19
20
20
21
21
21
21
21
21
21
21
22
22
22
22
22
22
22
22
23
23
23
23
23
23
23
23
24
24
24
24
24
25
26
26
26
26
26
27
27
27
27
27
27
27
27
28
28
28
28
29
29
29
29
29
29
29
29
29
29
30
30
30
30
30
30
30
30
30
30
30
30
31
31
31
32
32
32
32
32
33
33
33
33
33
33
34
34
34
34
34
34
34
35
35
35
35
35
36
36
36
36
36
36
36
36
37
37
37
37
37
38
38
39
39
39
39
39
39
40
40
40
40
40
41
41
41
41
41
41
41
41
41
41
41
41
41
41
41
41
41
42
42
42
42
42
42
42
42
42
42
42
43
43
43
43
43
43
43
43
44
44
45
45
45
45
46
46
47
47
48
48
48
48
48
49
49
49
50
51
51
51
51
51
52
52
52
53
53
53
53
54
54
54
54
54
54
55
55
56
56
56
56
56
56
56
56
56
57
57
57
57
57
58
58
58
59
59
60
60
61
61
61
62
62
62
62
62
62
63
63
63
64
64
64
65
66
66
66
66
67
67
67
68
68
68
68
69
70
70
71
71
71
71
72
73
73
74
75
75
75
75
76
76
76
76
77
77
78
78
79
79
79
79
79
79
79
80
80
80
80
81
81
81
81
81
81
81
81
81
82
82
82
82
82
82
82
82
82
82
83
83
84
84
84
84
85
85
85
85
85
85
85
85
86
86
87
87
87
88
88
89
89
89
89
89
90
90
90
90
91
91
91
91
91
92
92
92
92
92
92
92
92
93
93
93
93
93
93
94
94
94
94
94
94
96
96
96
96
96
97
97
97
97
97
97
97
97
97
98
98
99
99
99
99
99
99
100
100
100
101
101
102
102
103
103
104
104
104
104
104
105
105
105
105
105
105
105
106
106
107
107
107
107
107
107
107
107
107
107
107
108
108
108
108
108
108
108
108
108
108
108
109
109
110
110
110
111
111
111
111
111
111
111
112
112
112
112
112
112
112
112
113
113
114
114
115
115
115
115
115
115
115
116
116
116
116
117
117
117
117
118
118
118
119
119
119
119
120
120
120
121
121
122
122
122
122
122
122
123
123
123
123
123
123
123
124
124
124
124
124
124
124
124
124
125
125
126
126
127
127
127
127
128
128
128
129
129
129
129
130
130
130
130
131
131
131
131
131
131
131
132
132
133
133
133
133
134
134
134
135
135
135
135
135
136
136
136
136
137
137
138
138
138
139
139
139
139
139
140
140
140
141
142
142
142
142
143
143
143
144
144
144
144
145
145
145
145
145
146
146
146
146
146
146
148
149
149
150
150
150
150
150
151
152
153
153
153
153
154
154
154
154
154
154
155
155
155
156
156
156
156
156
156
156
157
157
157
157
157
157
158
158
158
159
159
159
160
160
160
161
162
163
163
163
164
164
164
164
164
164
165
165
165
165
166
166
166
166
166
167
167
167
167
167
167
168
168
168
168
168
168
169
169
169
169
169
169
169
170
170
170
170
170
170
170
170
171
171
171
171
171
171
172
172
172
172
172
172
172
172
172
172
172
172
172
172
173
173
173
173
174
174
174
174
174
174
174
174
175
175
175
175
175
176
176
176
176
176
177
178
178
179
179
179
179
179
179
179
179
179
180
180
180
181
181
182
182
182
182
182
182
182
182
182
182
182
183
183
183
183
184
185
185
185
185
185
185
186
186
186
186
186
186
188
188
189
190
190
191
191
192
192
192
192
192
192
192
192
192
193
193
193
193
193
193
193
193
193
193
193
193
193
194
194
194
194
194
194
194
194
194
194
195
195
195
195
195
195
196
196
197
197
198
198
198
199
199
199
199
199
199
200
200
201
201
201
201
201
201
202
202
202
203
203
203
203
203
204
204
204
204
204
205
206
207
207
207
208
208
208
209
210
210
210
211
212
213
214
214
214
215
215
215
215
215
215
215
216
216
216
216
217
217
217
217
218
219
219
219
219
219
220
220
220
220
220
220
221
221
221
221
222
222
222
222
222
222
222
222
222
223
223
223
223
223
224
226
227
227
227
227
228
228
228
229
229
231
231
232
232
233
233
233
233
233
233
234
234
234
234
234
234
235
236
236
236
236
239
239
239
239
240
240
240
241
241
241
241
241
243
243
243
245
245
246
247
247
247
248
248
248
248
249
249
249
249
249
250
250
252
252
252
253
253
253
253
254
254
254
254
254
255
255
256
256
256
256
256
257
257
257
257
257
257
257
257
257
257
257
257
258
258
258
259
259
261
261
261
261
262
264
264
266
266
267
267
268
268
269
271
271
272
272
275
277
278
278
278
278
278
279
280
281
281
282
283
283
284
285
287
287
289
291
291
292
292
293
293
293
294
294
294
294
295
296
297
297
299
299
299
299
300
300
301
301
301
301
301
301
301
301
301
302
302
303
303
303
303
304
304
304
304
305
305
305
305
306
306
306
306
306
306
306
306
307
307
308
308
308
308
309
310
311
312
312
312
314
315
315
316
316
316
316
317
317
319
321
322
322
322
322
323
323
325
327
328
329
330
330
331
331
331
332
332
332
333
333
333
333
333
333
334
334
334
334
334
334
334
334
334
334
334
334
334
334
335
335
335
335
335
335
335
335
335
336
336
336
337
338
339
339
339
339
341
341
342
342
342
342
343
348
348
348
348
348
348
348
348
348
348
349
349
353
356
357
357
357
357
357
357
357
358
358
358
358
358
358
358
358
358
358
359
359
359
360
364
365
366
367
368
368
369
373
375
377
378
380
383
384
384
387
387
387
388
388
388
388
388
389
389
389
389
390
390
391
392
392
392
393
393
393
394
395
397
399
401
402
406
408
410
411
412
415
416
416
417
417
417
417
417
418
418
418
419
420
423
423
424
424
425
425
425
428
429
429
430
433
434
434
435
436
436
436
437
440
450
451
453
454
454
454
455
455
455
455
458
458
470
470
470
470
472
473
477
477
481
485
488
491
491
493
494
495
495
496
497
497
498
498
498
499
500
504
505
507
509
509
510
510
510
512
512
516
518
523
523
525
530
530
532
534
539
540
542
545
546
547
551
554
554
555
556
560
562
562
562
562
562
563
563
563
563
563
564
564
565
565
565
566
566
566
567
567
568
568
570
570
571
579
580
589
596
596
598
599
600
601
606
611
612
613
613
615
615
616
616
619
624
625
626
626
628
628
629
629
630
630
631
638
639
640
640
650
653
654
656
657
659
659
663
665
668
669
675
677
681
682
683
691
694
712
714
720
727
732
732
732
732
732
732
733
734
734
734
734
738
739
739
744
744
746
748
749
749
751
752
753
753
758
767
778
792
794
810
814
815
820
821
822
830
833
834
834
849
854
869
882
893
895
897
898
898
901
902
903
906
909
918
920
921
927
928
928
928
928
929
929
929
930
940
945
947
947
952
957
958
958
959
959
960
965
975
983
983
983
983
993
1000
1004
1005
1006
1008
1009
1010
1011
1011
1011
1011
1011
1012
1016
1019
1019
1021
1027
1027
1029
1029
1030
1030
1031
1032
1033
1034
1036
1037
1038
1040
1048
1048
1048
1048
1054
1058
1060
1060
1069
1083
1084
1099
1112
1148
1149
1149
1149
1149
1149
1149
1150
1158
1159
1164
1172
1185
1185
1209
1210
1211
1214
1214
1222
1226
1373
1380
1387
1424
1425
1428
1429
1430
1431
1431
1431
1432
1432
1432
1432
1434
1437
1438
1438
1438
1439
1439
1440
1442
1442
1443
1443
1444
1445
1445
1446
1447
1448
1450
1450
1450
1450
1450
1451
1451
1452
1452
1453
1454
1454
1454
1454
1454
1455
1455
1456
1456
1457
1457
1457
1457
1457
1457
1458
1458
1459
1459
1459
1459
1459
1459
1460
1461
1461
1461
1461
1462
1462
1462
1462
1463
1464
1464
1464
1464
1464
1465
1465
1465
1465
1465
1465
1465
1466
1466
1467
1468
1468
1468
1468
1469
1469
1469
1469
1469
1470
1470
1470
1471
1471
1471
1471
1472
1472
1472
1472
1472
1472
1472
1472
1472
1474
1474
1474
1475
1475
1475
1475
1476
1476
1476
1476
1476
1476
1477
1477
1477
1477
1477
1477
1477
1478
1478
1478
1478
1478
1478
1478
1478
1478
1478
1479
1479
1479
1479
1480
1481
1482
1483
1483
1483
1483
1483
1483
1483
1484
1484
1485
1485
1485
1486
1486
1486
1486
1486
1487
1488
1488
1488
1489
1489
1490
1490
1490
1491
1491
1492
1492
1493
1494
1494
1494
1494
1497
1497
1497
1497
1497
1497
1498
1499
1500
1500
1502
1502
1503
1503
1503
1504
1504
1504
1505
1505
1505
1505
1505
1506
1508
1508
1509
1510
1510
1513
1513
1514
1515
1515
1515
1516
1516
1516
1516
1516
1517
1519
1519
1519
1519
1519
1520
1520
1520
1520
1523
1523
1524
1524
1526
1526
1527
1529
1529
1531
1532
1532
1533
1536
1536
1537
1538
1538
1539
1540
1542
1549
1551
1551
1552
1552
1553
1553
1553
1555
1561
1562
1570
1571
1572
1573
1575
1576
1576
1576
1582
1582
1582
1583
1583
1583
1584
1586
1588
1588
1589
1589
1590
1590
1590
1591
1593
1594
1596
1597
1598
1600
1601
1601
1602
1602
1603
1603
1603
1603
1606
1606
1608
1609
1612
1615
1617
1618
1618
1618
1618
1618
1619
1621
1621
1623
1624
1626
1627
1629
1632
1633
1636
1636
1637
1637
1637
1638
1642
1646
1647
1650
1651
1651
1653
1653
1654
1655
1659
1662
1662
1663
1664
1664
1665
1667
1668
1668
1668
1668
1669
1670
1671
1671
1673
1673
1676
1676
1677
1677
1677
1680
1681
1681
1681
1682
1684
1685
1685
1685
1686
1686
1686
1687
1687
1687
1687
1687
1687
1687
1687
1688
1688
1688
1688
1690
1691
1691
1692
1693
1695
1695
1695
1696
1696
1697
1697
1697
1698
1699
1700
1702
1702
1702
1702
1705
1705
1709
1712
1716
1716
1716
1716
1717
1721
1721
1721
1726
1726
1726
1728
1728
1728
1728
1728
1730
1731
1731
1733
1735
1738
1738
1739
1742
1744
1744
1752
1754
1756
1758
1758
1762
1765
1766
1769
1773
1778
1784
1788
1788
1790
1790
1793
1794
1796
1800
1801
1802
1804
1805
1818
1819
1820
1826
1827
1832
1832
1833
1836
1841
1849
1869
1869
1871
1871
1874
1889
1895
1896
1897
1898
1898
1901
1901
1903
1903
1905
1914
1918
1920
1920
1927
1929
1932
1933
1934
1935
1942
1946
1946
1947
1949
1959
1959
1963
1964
1965
1996
2007
2008
2008
2008
2008
2011
2015
2018
2042
2043
2046
2048
2051
2066
2068
2072
2077
2085
2086
2086
2091
2094
2094
2095
2096
2097
2097
2099
2100
2104
2120
2157
2161
2163
2182
2188
2194
2195
2195
2196
2208
2209
2212
2213
2239
2241
2242
2247
2254
2256
2256
2271
2273
2278
2280
2392
2659
2666
2666
2666
2667
2667
2667
2667
2667
2667
2669
2671
2671
2672
2672
2672
2675
2711
2726
2746
2895
2906
2912
2913
2988
3039
3096
3097
3098
3113
3120
3121
3121
3121
3123
3124
3163
3164
3174
3178
3182
3183
3195
3202
3207
3238
3240
3242
3244
3251
3252
3254
3254
3255
3256
3259
3260
3260
3262
3262
3269
3270
3272
3275
3278
3279
3286
3287
3292
3295
3297
3299
3300
3301
3301
3302
3302
3304
3304
3305
3310
3313
3313
3315
3319
3321
3324
3329
3331
3332
3333
3333
3333
3336
3338
3338
3339
3340
3340
3348
3348
3349
3351
3360
3360
3361
3368
3369
3370
3372
3372
3373
3375
3375
3377
3385
3386
3391
3393
3395
3396
3405
3407
3408
3408
3409
3409
3410
3410
3410
3411
3411
3411
3411
3412
3412
3412
