0
0
1
2
2
2
3
3
5
5
6
7
7
7
7
8
8
8
8
8
9
9
9
9
10
10
11
12
12
12
12
12
13
13
13
13
13
14
14
14
14
14
14
14
14
14
15
15
15
16
16
16
16
17
17
17
17
17
17
17
18
18
18
18
18
19
19
19
19
19
19
19
19
19
19
20
20
20
20
20
20
20
20
20
20
20
20
20
20
20
20
20
20
20
21
21
21
21
21
21
21
21
21
21
21
21
21
21
22
22
22
22
22
22
22
22
22
22
23
23
23
23
23
23
23
23
23
23
23
23
23
23
23
24
24
24
24
24
24
24
24
24
24
24
24
24
24
24
24
24
24
24
24
25
25
25
25
25
26
26
26
26
26
26
27
27
27
27
28
28
28
28
28
28
28
29
29
29
29
30
30
31
31
31
31
31
31
31
31
31
32
32
32
32
32
32
32
32
32
32
33
33
33
33
33
33
33
33
33
33
33
33
34
34
34
34
34
34
34
34
34
34
34
34
35
35
35
35
35
35
35
35
35
35
35
35
36
36
36
36
37
37
37
37
37
37
37
37
37
37
37
37
37
37
37
37
37
38
38
38
38
38
38
38
38
38
39
39
39
39
39
39
39
40
40
40
40
40
40
41
41
42
42
42
42
42
43
43
44
44
45
45
45
45
45
46
46
46
46
46
46
47
47
47
47
48
48
48
48
49
49
49
49
50
50
50
50
50
50
50
51
51
51
51
52
52
52
52
52
53
53
53
53
53
54
54
54
54
54
55
55
55
55
55
56
56
56
56
56
56
56
56
57
57
57
57
57
58
58
58
59
59
59
59
59
60
60
60
61
61
61
61
61
61
62
62
62
63
63
63
63
64
64
64
64
64
64
64
64
64
64
65
65
65
66
66
67
67
67
68
68
68
69
69
69
70
70
71
71
71
71
72
72
72
72
72
72
72
73
73
73
73
73
74
74
75
75
75
75
76
76
76
76
77
77
77
77
78
78
79
80
80
80
81
81
81
81
82
82
82
82
82
82
82
82
82
83
83
83
83
83
83
84
84
84
85
85
85
86
86
86
87
87
87
87
87
88
88
90
90
90
90
90
90
90
90
91
91
91
91
91
92
92
93
94
94
94
95
95
96
96
96
97
97
97
97
97
98
98
98
98
99
99
100
100
100
101
101
102
102
102
103
103
103
104
104
104
104
104
104
104
105
105
105
105
105
105
106
106
106
106
106
106
107
107
107
107
107
107
107
108
108
108
108
108
108
108
108
109
109
109
109
109
109
109
109
109
109
109
109
110
110
110
110
110
111
111
111
111
111
111
111
111
111
111
111
112
113
113
113
114
114
114
114
115
115
115
115
115
116
116
116
116
116
116
117
117
117
117
117
118
118
118
118
118
119
119
119
119
119
119
119
119
119
119
119
119
120
120
120
120
120
120
120
120
121
121
121
121
121
121
121
121
121
121
122
122
122
123
123
124
124
124
124
124
125
125
125
125
125
126
126
126
126
126
126
127
127
127
127
127
127
127
127
128
128
128
129
129
130
130
130
130
130
130
130
130
131
132
132
132
132
132
133
133
133
133
134
134
135
135
135
135
136
138
139
140
140
140
140
140
140
140
141
141
141
141
141
141
142
142
142
142
142
142
143
143
143
143
143
143
143
144
144
144
144
146
146
147
147
147
147
148
148
148
148
148
149
149
149
150
150
150
151
151
152
152
152
152
152
152
153
153
153
153
153
153
154
154
154
154
155
155
156
156
157
157
157
157
157
157
158
158
158
158
158
158
158
159
159
159
159
159
160
160
161
161
161
161
161
162
162
162
163
163
163
163
163
164
164
164
164
164
165
165
165
165
166
166
166
166
166
166
166
166
166
167
167
167
167
167
167
167
167
167
168
168
168
168
168
168
168
168
168
169
169
170
170
170
170
171
171
171
172
173
174
174
175
175
175
176
176
176
176
176
176
177
177
177
178
179
179
179
179
179
179
179
180
180
180
180
180
181
181
182
182
182
182
182
182
182
183
183
183
183
183
183
184
184
184
184
185
185
185
185
185
185
185
185
186
186
186
186
186
186
186
186
187
187
187
187
187
187
188
188
188
189
189
189
189
190
190
190
190
191
191
191
192
192
192
192
192
192
192
192
192
192
192
193
193
193
193
193
194
194
194
194
195
195
195
196
196
196
197
197
198
198
198
198
199
200
200
200
200
200
200
201
201
201
201
202
202
202
202
202
203
203
203
203
203
204
204
204
204
205
205
205
206
206
206
206
207
207
207
207
208
208
208
209
209
209
209
209
210
210
211
211
212
212
212
212
212
213
214
215
215
215
216
216
216
216
217
217
218
218
218
218
219
220
220
222
223
223
223
224
224
225
225
228
228
228
228
229
230
230
231
231
232
232
232
232
232
232
232
232
232
232
232
233
233
233
233
234
234
235
236
236
236
237
238
238
239
239
239
240
242
242
242
242
242
244
244
245
246
246
246
246
247
247
247
247
247
248
248
248
248
249
249
249
249
251
251
252
253
253
254
254
254
254
255
256
258
258
258
258
260
260
261
262
262
263
263
264
264
264
265
267
268
268
270
270
271
271
271
272
273
273
273
273
274
274
275
276
277
278
278
278
278
278
281
283
283
284
284
284
284
284
284
284
284
284
285
285
285
285
285
286
288
291
292
292
292
292
293
295
295
296
298
298
298
299
300
301
302
305
305
306
306
308
310
310
311
313
314
315
316
316
317
318
318
318
319
319
320
320
322
323
325
325
325
325
326
326
327
327
328
328
328
328
328
329
329
329
329
329
329
329
331
331
331
332
333
337
337
337
339
339
339
339
339
340
340
340
340
341
341
341
342
342
342
342
342
342
343
343
343
343
344
344
345
345
346
346
346
346
346
347
347
348
348
348
348
349
349
349
349
349
349
349
349
349
349
350
350
350
350
350
350
350
350
351
351
351
351
351
351
351
352
352
352
352
352
352
353
353
355
356
358
359
360
361
361
362
362
363
363
363
363
363
365
366
366
366
366
367
367
367
368
368
368
368
368
368
368
368
368
369
369
369
369
369
369
369
369
369
369
370
370
370
370
371
372
372
373
378
382
384
386
390
394
394
396
396
402
409
410
411
411
411
413
414
414
415
416
417
417
417
418
418
418
419
420
420
421
421
421
421
423
423
424
425
426
426
426
427
427
428
428
429
429
429
429
429
430
431
435
435
437
437
438
438
439
441
442
446
447
447
447
447
447
448
450
451
451
451
454
454
455
456
459
460
460
460
464
471
472
476
478
478
478
479
480
480
480
480
480
480
480
480
481
481
481
481
481
481
481
481
481
482
485
485
487
489
490
491
491
493
494
495
496
496
498
499
500
502
507
508
511
513
514
515
520
522
524
526
526
530
531
533
534
535
537
537
539
540
541
544
548
549
549
552
553
553
557
569
575
587
590
593
606
614
637
641
642
652
689
712
722
762
765
769
773
801
821
827
827
835
861
875
879
885
886
887
893
896
897
897
915
915
916
916
916
916
916
916
925
957
957
960
984
1002
1012
1020
1023
1031
1055
1087
1100
1101
1106
1108
1111
1124
1125
1125
1142
1151
1154
1159
1160
1160
1165
1168
1169
1176
1177
1186
1186
1186
1187
1188
1190
1196
1198
1198
1198
1199
1199
1199
1199
1199
1200
1200
1200
1200
1200
1200
1200
1200
1200
1201
1201
1201
1201
1201
1201
1201
1202
1205
1206
1206
1207
1212
1212
1295
1313
1323
1324
1324
1326
1334
1335
1339
1342
1345
1349
1352
1354
1362
1362
1362
1362
1366
1366
1367
1372
1373
1374
1375
1376
1378
1393
1421
1422
1427
1427
1428
1432
1432
1433
1433
1435
1436
1437
1438
1438
1438
1438
1438
1438
1439
1439
1439
1439
1439
1439
1439
1440
1440
1440
1441
1441
1442
1442
1442
1442
1442
1442
1443
1443
1443
1445
1445
1446
1446
1447
1447
1449
1450
1451
1452
1452
1453
1453
1454
1454
1454
1455
1455
1455
1456
1456
1456
1457
1457
1458
1459
1459
1460
1461
1461
1463
1463
1464
1465
1466
1467
1467
1467
1467
1467
1468
1468
1468
1469
1469
1470
1470
1470
1470
1471
1472
1472
1472
1472
1474
1474
1474
1474
1475
1475
1475
1476
1476
1477
1477
1477
1478
1479
1479
1479
1479
1480
1482
1482
1483
1485
1485
1485
1486
1486
1487
1487
1488
1489
1489
1490
1491
1492
1492
1493
1493
1494
1494
1494
1495
1495
1495
1497
1498
1498
1500
1500
1502
1502
1505
1507
1507
1507
1508
1510
1511
1513
1513
1514
1515
1516
1517
1517
1518
1518
1521
1522
1524
1527
1528
1528
1533
1541
1541
1542
1551
1552
1552
1552
1553
1559
1560
1564
1566
1569
1571
1571
1575
1575
1575
1576
1579
1579
1583
1583
1585
1585
1587
1588
1588
1593
1596
1598
1598
1598
1599
1602
1602
1602
1602
1603
1605
1607
1607
1609
1610
1611
1611
1611
1614
1614
1616
1616
1617
1619
1620
1620
1622
1622
1622
1625
1625
1626
1629
1633
1633
1636
1636
1638
1641
1646
1647
1647
1649
1649
1652
1652
1661
1664
1664
1666
1666
1668
1671
1676
1679
1680
1680
1682
1683
1684
1685
1686
1695
1697
1698
1699
1703
1703
1708
1710
1711
1712
1714
1716
1718
1718
1720
1720
1723
1724
1727
1729
1729
1730
1731
1732
1733
1733
1734
1736
1736
1738
1738
1738
1739
1742
1742
1744
1744
1744
1750
1751
1753
1755
1768
1770
1771
1772
1781
1792
1793
1797
1800
1804
1807
1807
1820
1862
1884
1885
1885
1902
1904
1905
1908
1912
1935
1944
1944
1945
1946
1946
1946
1947
1947
1947
1947
1948
1948
1951
1952
1953
1954
1959
1962
1994
2015
2021
2064
2064
2064
2137
2140
2143
2162
2165
2186
2187
2191
2276
2314
2318
2321
2345
2357
2358
2432
2434
2446
2455
2457
2466
2466
2466
2471
2474
2495
2502
2502
2534
2578
2604
2607
2645
2651
2658
2658
2658
2685
2697
2705
2722
2723
2754
2783
2793
2800
2808
2826
2852
2852
2856
2859
2860
2867
2873
2885
2892
2900
2901
2903
2904
2909
2935
2943
2956
2978
2984
2986
2986
2991
2993
2994
2995
2996
3020
3027
3040
3058
3060
3063
3064
3065
3065
3068
3068
3073
3073
3074
3080
3096
3102
3105
3106
3110
3111
3111
3111
3113
3120
3120
3121
3121
3121
3122
3126
3127
3127
3127
3130
3137
3140
3146
3147
3150
3151
3152
3153
3155
3158
3159
3172
3172
3177
3179
3179
3179
3181
3184
3184
3188
3189
3189
3190
3192
3193
3197
3201
3207
3207
3208
3208
3210
3211
3211
3218
3224
3225
3225
3226
3229
3229
3231
3232
3232
3235
3237
3239
3241
3243
3244
3244
3261
3262
3265
3268
3275
3285
3287
3287
3291
3294
3295
3300
3301
3304
3311
3317
3320
3340
3341
3385
3463
3486
3497
3660
3665
3665
3755
3782
3801
3803
3820
3843
3843
3844
3918
3984
3996
4003
4008
4008
4008
4008
4013
4019
4020
4023
4077
4078
4080
4088
4251
4307
4308
4329
4333
4337
4422
4428
4429
4436
4452
4484
4499
4499
4561
4577
4582
4586
4588
4598
4598
4598
4634
4641
4655
4656
4663
4663
4664
4669
4674
4680
4680
4688
4693
4707
4718
4719
4722
4726
4734
4735
4735
4735
4735
4736
4740
4742
4757
4766
4768
4778
4779
4779
4782
4784
4789
4789
4791
4792
4794
4796
4796
4797
4797
4797
4798
4807
4835
4896
4896
4896
4897
4898
4901
4901
4906
4926
4980
4980
5134
5135
5137
5177
5182
5182
5200
5202
5224
5466
5745
5750
5871
5872
5877
5883
5885
5975
6034
6037
6074
6081
6082
6082
6083
6083
6087
6095
6118
6121
6151
6157
6160
6165
6169
6172
6179
6185
6186
6205
6206
6265
6265
6270
6274
6274
6276
6276
6276
6291
6401
6487
6490
6506
6525
6529
6530
6532
6586
6586
6587
6589
6991
6993
7114
7122
7169
7273
7303
