1
2
2
3
3
3
3
3
5
6
6
7
7
8
9
9
9
10
11
11
11
12
12
13
13
13
14
14
15
15
16
16
16
16
18
18
19
19
19
19
20
20
20
20
20
20
20
20
20
21
21
21
21
21
21
21
21
21
21
21
21
21
21
21
21
21
21
21
21
22
22
22
23
24
24
24
24
24
24
24
26
26
26
27
27
27
27
28
28
28
28
28
28
29
29
29
29
29
29
29
29
29
30
30
30
30
30
30
30
30
30
30
31
31
31
31
31
31
32
32
33
33
33
33
34
34
34
34
35
35
35
35
36
36
36
36
37
37
37
37
38
38
38
38
39
39
40
40
40
40
41
41
41
41
41
42
42
42
42
42
42
42
42
42
42
42
42
42
42
43
43
43
43
43
43
43
43
43
43
43
43
43
43
43
44
44
44
44
44
45
45
46
47
47
48
50
52
52
52
52
53
53
53
53
54
54
54
56
56
56
56
57
58
59
59
59
60
60
61
62
62
63
65
66
66
66
67
67
67
67
67
68
68
69
69
69
70
70
71
71
71
71
72
72
72
73
73
75
75
75
75
76
77
78
78
80
80
80
81
82
83
83
84
84
84
87
87
87
87
87
88
88
88
88
90
90
91
91
94
94
94
94
95
96
96
98
98
99
99
99
101
102
103
103
103
104
104
104
104
105
105
105
105
106
106
107
108
108
109
109
110
112
114
114
115
115
116
116
116
116
116
117
117
118
119
119
119
120
120
120
120
120
121
121
122
122
124
124
124
125
125
126
128
129
130
130
130
130
132
133
133
133
134
134
135
137
137
137
138
140
140
140
140
140
140
140
140
140
140
140
141
141
141
141
141
141
142
142
142
142
142
142
142
143
143
144
144
145
145
147
148
149
149
149
151
151
151
152
152
154
154
154
155
155
156
156
158
158
158
159
160
160
161
161
161
162
162
162
162
163
164
164
166
166
167
167
167
168
168
168
168
170
170
171
172
172
173
174
174
174
174
174
176
177
178
178
179
179
180
180
180
180
180
180
181
181
181
181
184
184
184
184
185
185
185
185
186
186
186
186
190
192
195
196
199
199
199
201
203
204
205
206
206
207
208
209
210
211
211
214
216
221
222
225
228
230
230
230
231
234
235
235
237
237
238
238
238
239
240
241
242
242
243
243
243
243
244
244
244
246
246
247
247
248
250
251
252
252
255
257
258
259
260
262
263
265
266
268
269
271
272
275
276
279
279
280
280
280
281
282
282
285
285
286
288
289
290
291
292
292
293
293
293
294
294
296
298
298
298
299
299
300
301
303
304
305
307
308
308
309
310
310
311
311
313
314
315
317
318
319
319
320
321
325
328
328
328
329
329
329
329
329
330
330
331
332
332
333
334
336
336
337
337
344
346
348
348
350
351
353
355
356
356
357
361
366
366
369
372
375
376
376
379
381
382
383
384
386
388
388
389
390
393
394
395
396
396
397
397
398
398
399
400
400
400
401
402
402
402
402
402
402
403
405
407
412
412
415
416
418
419
420
420
421
421
423
426
427
427
428
429
433
435
435
435
436
436
437
437
440
440
441
443
444
445
447
448
448
449
450
452
453
458
458
460
460
460
460
460
460
461
461
461
461
461
461
462
462
462
462
462
463
463
463
463
464
464
468
475
475
476
477
480
482
483
483
484
485
486
494
494
494
495
495
495
495
495
495
495
496
496
496
496
496
496
496
496
496
497
497
497
497
497
497
497
497
498
498
498
498
502
502
504
504
506
507
507
507
508
508
509
511
511
511
512
518
518
519
519
524
524
527
527
528
528
529
530
533
534
535
536
538
538
540
542
545
546
550
551
552
557
560
560
561
562
566
567
570
570
572
573
574
575
578
580
583
583
583
584
584
584
584
584
584
584
584
584
584
584
585
590
593
594
594
596
596
599
600
601
617
618
623
634
637
638
638
638
640
643
648
660
661
661
662
663
670
671
674
678
678
682
684
687
688
699
709
712
712
713
714
716
729
761
769
781
787
788
792
801
818
833
836
836
837
837
837
839
839
839
839
839
839
839
839
844
851
856
856
870
879
881
882
882
891
892
905
909
920
921
922
922
928
931
932
933
934
940
941
941
951
951
951
952
954
960
964
964
965
983
997
1039
1041
1041
1044
1049
1053
1061
1063
1071
1074
1075
1075
1079
1081
1084
1084
1084
1087
1092
1098
1100
1100
1102
1103
1106
1108
1110
1111
1111
1111
1111
1115
1115
1116
1118
1124
1125
1125
1126
1127
1127
1127
1127
1127
1127
1128
1128
1128
1128
1128
1128
1129
1130
1136
1138
1139
1146
1147
1149
1151
1151
1152
1153
1154
1155
1155
1156
1157
1161
1162
1167
1168
1169
1171
1177
1177
1179
1181
1182
1188
1189
1194
1194
1195
1195
1195
1215
1260
1262
1263
1268
1269
1286
1286
1310
1315
1318
1320
1320
1323
1335
1336
1336
1337
1337
1337
1337
1339
1342
1345
1347
1348
1348
1356
1362
1364
1368
1398
1400
1400
1404
1409
1410
1410
1411
1411
1414
1415
1417
1417
1418
1419
1420
1422
1424
1424
1426
1428
1428
1428
1428
1428
1428
1428
1428
1428
1429
1429
1429
1429
1429
1429
1429
1429
1430
1430
1430
1430
1430
1430
1430
1430
1430
1430
1430
1430
1430
1431
1431
1431
1431
1431
1432
1432
1432
1432
1432
1432
1433
1434
1434
1434
1435
1435
1435
1435
1435
1435
1435
1435
1435
1435
1435
1435
1435
1436
1436
1436
1436
1436
1436
1436
1437
1437
1437
1437
1437
1437
1437
1437
1437
1437
1438
1438
1438
1438
1438
1438
1438
1438
1438
1439
1439
1439
1439
1439
1439
1439
1439
1439
1439
1440
1440
1440
1441
1442
1443
1443
1443
1444
1445
1446
1449
1450
1451
1451
1453
1453
1455
1455
1455
1457
1458
1461
1463
1463
1463
1463
1463
1465
1466
1466
1466
1466
1467
1467
1467
1467
1467
1467
1467
1467
1468
1468
1468
1468
1468
1468
1468
1468
1470
1470
1471
1471
1472
1472
1473
1473
1474
1475
1475
1476
1476
1478
1478
1478
1479
1480
1482
1482
1482
1483
1487
1488
1488
1489
1489
1489
1489
1489
1489
1491
1492
1492
1493
1493
1493
1493
1494
1496
1496
1496
1496
1496
1496
1496
1497
1497
1497
1497
1498
1498
1498
1498
1499
1499
1499
1500
1502
1502
1503
1504
1504
1504
1504
1508
1508
1508
1509
1513
1513
1515
1517
1517
1519
1519
1521
1522
1523
1526
1530
1530
1531
1532
1536
1537
1543
1544
1545
1546
1546
1547
1547
1547
1547
1548
1549
1549
1550
1552
1552
1554
1555
1556
1560
1560
1561
1564
1567
1570
1570
1571
1571
1576
1577
1579
1584
1587
1587
1593
1597
1603
1604
1605
1608
1608
1610
1611
1612
1613
1614
1616
1616
1617
1619
1620
1623
1624
1625
1625
1625
1626
1629
1629
1630
1630
1631
1632
1639
1639
1639
1640
1640
1641
1642
1642
1644
1645
1645
1645
1645
1646
1646
1646
1651
1652
1652
1654
1655
1655
1655
1656
1659
1661
1667
1667
1667
1668
1668
1668
1668
1670
1672
1673
1673
1675
1675
1675
1677
1677
1678
1678
1678
1679
1679
1680
1680
1682
1682
1684
1684
1685
1686
1686
1686
1686
1687
1687
1688
1689
1690
1690
1690
1691
1691
1692
1694
1694
1695
1699
1699
1699
1700
1705
1712
1712
1713
1717
1718
1722
1725
1730
1731
1732
1735
1737
1742
1743
1745
1750
1751
1752
1753
1753
1753
1754
1757
1758
1762
1762
1786
1786
1787
1798
1802
1805
1812
1814
1815
1815
1816
1821
1822
1826
1826
1826
1829
1837
1838
1842
1843
1843
1843
1850
1853
1858
1865
1867
1867
1867
1869
1871
1886
1889
1894
1894
1895
1896
1896
1904
1909
1912
1912
1913
1913
1914
1916
1919
1921
1923
1923
1927
1927
1929
1929
1929
1930
1931
1931
1931
1931
1931
1932
1935
1940
1940
1941
1944
1945
1947
1952
1953
1955
1957
1959
1959
1961
1962
1971
1973
1974
1977
1978
1978
1978
1979
1979
1979
1980
1980
1980
1981
1986
1997
2002
2003
2004
2042
2052
2056
2057
2059
2061
2062
2078
2086
2089
2091
2092
2096
2100
2116
2118
2132
2165
2190
2195
2195
2196
2197
2199
2203
2206
2209
2212
2212
2215
2216
2216
2219
2221
2221
2221
2222
2227
2227
2229
2233
2247
2255
2269
2269
2294
2294
2295
2306
2307
2308
2318
2318
2330
2331
2334
2339
2341
2341
2346
2348
2349
2362
2362
2364
2364
2371
2371
2371
2372
2372
2373
2373
2374
2374
2374
2375
2378
2378
2378
2381
2384
2386
2387
2387
2387
2387
2387
2387
2388
2388
2388
2388
2388
2388
2388
2389
2389
2389
2390
2400
2406
2409
2414
2415
2424
2426
2441
2441
2451
2453
2456
2461
2465
2472
2475
2475
2512
2514
2519
2522
2522
2522
2524
2525
2529
2532
2533
2533
2533
2533
2533
2533
2534
2534
2535
2535
2537
2546
2546
2559
2561
2605
2610
2611
2614
2617
2619
2620
2620
2625
2625
2634
2638
2640
2646
2648
2648
2649
2650
2651
2653
2655
2665
2665
2666
2666
2667
2674
2675
2675
2678
2680
2689
2696
2698
2709
2713
2714
2714
2715
2715
2717
2718
2718
2718
2736
2737
2737
2746
2746
2747
2749
2750
2750
2750
2755
2772
2775
2777
2777
2780
2781
2781
2781
2782
2782
2783
2783
2783
2784
2784
2796
2797
2805
2805
2809
2812
2815
2817
2903
2918
2940
2941
2947
2948
2949
2950
2953
2953
2954
2973
2973
2975
2976
2976
2978
2978
2979
2981
2982
2983
2983
2984
2985
2987
2990
2993
3001
3001
3001
3001
3005
3005
3008
3008
3025
3046
3056
3069
3082
3096
3102
3109
3116
3117
3117
3119
3123
3124
3125
3127
3130
3131
3135
3135
3138
3139
3140
3140
3140
3141
3141
3142
3145
3146
3146
3147
3161
3162
3165
3165
3165
3165
3166
3167
3167
3168
3168
3169
3169
3170
3170
3171
3171
3171
3171
3172
3172
3174
3174
3175
3176
3176
3184
3187
3187
3197
3198
3198
3206
3206
3206
3207
3209
3215
3219
3219
3220
3241
3241
3245
3245
3246
3254
3257
3264
3268
3271
3271
3272
3272
3272
3273
3273
3275
3276
3280
3284
3286
3288
3297
3300
3302
3311
3319
3322
3324
3325
3326
3328
3329
3333
3334
3335
3338
3347
3350
3351
3351
3351
3352
3355
3358
3360
3364
3366
3366
3366
3367
3368
3369
3369
3369
3369
3369
3371
3373
3373
3374
3374
3374
3378
3378
3379
3380
3382
3384
3384
3384
3385
3388
3391
3395
3397
3401
3405
3411
3413
3416
3416
3419
3420
3427
3427
3432
3434
3436
3444
3445
3460
3466
3469
3470
3479
3486
3493
3497
3502
3507
3508
3526
3530
3537
3539
3542
3543
3546
3548
3555
3557
3558
3568
3569
3579
3597
3598
3598
3599
3606
3610
3615
3616
3617
3618
3619
3620
3622
3626
3638
3639
3642
3647
3647
3648
3682
3686
3706
3763
3766
3767
3767
3771
3772
3775
3775
3779
3782
3789
3793
3830
3853
3861
3863
3863
3867
3868
3875
3885
3889
3895
3899
3903
3906
3956
3957
3957
3957
3965
3966
3968
3974
3980
3984
3998
4000
4000
4002
4003
4008
4008
4014
4029
4029
4030
4030
4030
4030
4030
4031
4031
4031
4037
4038
4039
4062
4114
4154
4163
4172
4176
4185
4185
4185
4185
4186
4186
4187
4187
4189
4202
4204
4281
4294
4300
4349
4350
4453
4457
4460
4491
4495
4532
4532
4533
4535
4537
4539
4545
4584
4609
4618
4619
4619
4620
4620
4620
4638
4640
4643
4643
4645
4647
4648
4650
4652
4655
4660
4675
4683
4683
4686
4690
4701
4706
4707
4709
4718
4731
4735
4735
4737
4759
4789
4853
4853
4861
4904
4905
4911
4920
4923
4923
4943
4953
4954
4963
4963
4964
4968
4969
4973
4975
4982
4982
4984
4992
4997
5014
5014
5014
5019
5023
5041
5054
5070
5076
5114
5123
5129
5131
5132
5132
5138
5141
5146
5157
5159
5166
5167
5169
5180
5189
5189
5208
5220
5223
5224
5244
5254
5258
5266
5266
5266
5271
5284
5484
5511
5601
5603
5637
5637
5668
5673
5684
5688
5698
5709
5735
5744
5748
5851
5863
5864
5927
5927
5927
5956
6048
6048
6049
6058
6077
6104
6106
6131
6132
6133
6141
6143
6161
6163
6169
6170
6180
6182
6190
6207
6207
6209
6215
6225
6226
6227
6227
6230
6230
6234
6235
6237
6237
6240
6242
6246
6247
6247
6248
6249
6250
6252
6255
6258
6266
6270
6280
6295
6299
6299
6299
6300
6300
6310
6310
6310
6310
6310
6310
6311
6332
6334
6341
6342
6376
6378
6394
6406
6424
6426
6427
6428
6429
6434
6448
6472
6488
6512
6567
6584
6595
6602
6603
6619
6628
6629
6629
6630
6631
6631
6631
6632
6632
6633
6640
6652
6666
6666
6704
6725
6772
6777
6779
6780
6780
6781
6781
6786
6787
6788
6821
6833
6857
