1
1
2
2
3
3
4
4
6
6
6
6
7
7
7
7
7
7
8
8
9
9
10
10
11
12
12
12
12
12
13
13
13
13
13
13
13
15
15
15
15
15
16
16
16
16
16
16
17
17
17
17
18
18
18
19
19
19
19
19
20
20
20
20
21
21
22
22
22
23
23
24
24
24
24
24
25
25
25
25
25
25
25
25
25
26
26
26
26
26
26
26
26
26
26
26
26
26
26
26
26
26
26
26
26
26
27
27
27
27
27
27
27
27
27
28
28
28
29
29
29
29
29
29
29
30
31
31
31
31
31
31
31
32
32
32
33
33
33
33
33
33
33
33
33
33
33
33
33
33
34
34
34
34
34
34
34
34
34
34
34
34
35
35
35
35
35
35
35
35
35
35
35
35
35
36
36
36
36
37
37
38
38
38
38
38
38
38
39
39
39
39
40
40
40
40
40
41
41
41
41
41
41
41
41
41
41
41
41
41
42
42
42
42
42
42
42
42
42
42
43
43
43
43
44
44
44
44
44
44
45
45
45
45
45
46
47
47
47
47
47
47
47
47
48
48
48
49
49
50
50
50
50
50
51
52
52
52
52
53
53
53
53
53
53
53
53
54
54
54
55
55
55
55
55
56
56
56
56
56
56
57
57
58
58
58
58
59
59
59
59
59
59
59
59
60
60
60
60
60
60
60
60
60
60
60
61
61
61
61
61
62
62
62
62
62
62
63
63
63
63
63
63
64
64
64
65
65
65
65
65
65
65
65
65
65
66
66
66
66
66
66
66
66
66
67
67
67
67
67
67
67
67
67
67
67
68
68
68
68
68
68
68
68
68
68
68
68
68
69
69
69
69
69
69
71
71
71
71
71
72
72
72
73
73
73
73
73
73
73
73
74
74
75
75
75
76
76
76
76
76
76
76
76
76
77
77
77
77
77
78
78
78
78
78
78
79
79
79
79
79
79
81
81
81
81
82
82
82
82
83
83
83
83
83
83
83
83
83
83
83
83
83
83
83
84
84
84
84
84
84
84
84
84
85
85
85
85
85
85
85
85
86
86
86
86
86
87
87
87
87
87
88
88
88
88
89
89
89
90
90
90
91
91
91
91
92
92
92
93
93
93
93
93
94
94
94
95
95
95
95
95
96
96
96
96
97
97
97
97
97
97
97
97
97
97
97
97
98
98
98
98
98
98
99
99
99
99
99
99
99
99
99
99
99
100
100
100
100
101
101
101
102
102
102
102
102
102
102
102
103
103
103
103
103
103
103
103
103
103
103
104
104
106
107
107
107
107
107
107
108
108
108
109
109
109
109
109
109
110
111
111
112
113
113
115
115
115
117
117
118
118
118
119
119
119
120
120
120
120
121
121
121
121
121
121
121
122
122
122
122
122
122
122
122
122
123
124
124
124
124
124
125
125
125
125
125
126
126
126
126
126
127
127
127
127
127
127
127
127
127
128
128
128
128
128
128
129
129
129
129
129
130
130
130
130
131
131
131
132
132
133
133
133
133
134
134
134
134
134
134
134
135
135
136
136
136
136
137
137
138
138
139
139
139
139
139
140
140
140
140
140
140
140
140
141
141
142
142
143
143
144
144
145
145
145
145
145
145
146
146
146
146
146
147
147
147
147
148
148
149
149
149
149
149
149
150
150
150
151
151
151
152
152
152
152
152
152
152
152
153
153
153
153
153
154
154
154
154
154
155
155
155
155
155
155
155
156
156
156
156
157
157
157
157
157
158
158
158
158
158
159
159
159
159
160
160
160
161
161
161
161
161
161
162
162
162
163
163
164
164
164
164
165
165
165
165
165
166
166
167
167
167
168
168
168
168
169
169
169
169
169
169
169
170
170
170
170
170
170
171
171
171
172
172
173
173
173
174
174
174
174
174
175
175
175
175
175
176
176
176
176
176
177
177
177
178
178
178
179
179
179
179
180
180
180
180
180
181
181
182
183
184
184
185
185
185
185
185
185
186
186
186
186
186
187
187
189
189
189
189
190
191
191
191
192
192
192
192
193
194
194
194
194
195
195
195
196
196
196
196
196
196
197
197
197
197
197
197
197
197
197
198
198
198
198
198
198
198
199
199
199
199
199
199
199
199
199
200
200
201
202
202
202
202
202
202
203
203
203
203
203
204
205
205
206
206
207
207
207
208
208
208
209
209
210
210
211
212
213
214
214
214
215
216
217
217
217
218
219
219
219
219
220
221
222
222
223
223
225
225
225
226
227
228
229
231
231
235
236
236
236
237
237
237
240
241
242
243
243
243
244
244
245
245
246
247
249
250
250
251
252
254
255
257
259
260
260
261
264
265
265
265
272
272
273
274
277
280
281
281
281
282
284
284
290
291
291
294
294
295
299
301
308
317
321
341
344
344
346
348
349
353
353
353
354
354
355
357
357
361
367
368
371
371
372
373
374
374
375
375
377
380
382
386
391
392
395
399
402
403
404
405
405
406
406
407
407
407
407
407
407
408
408
408
408
408
408
408
408
408
408
408
409
409
409
410
410
410
410
410
410
411
411
411
411
411
412
412
412
412
412
412
413
413
413
413
413
414
414
414
414
414
415
415
415
415
415
415
415
415
415
416
416
416
416
416
416
416
417
419
420
420
422
423
424
424
425
426
427
431
432
434
436
438
438
439
441
441
445
445
445
446
446
447
448
449
449
449
451
451
452
452
452
452
452
453
453
453
453
455
456
457
457
457
458
458
459
459
459
460
461
461
462
463
463
463
463
464
464
464
465
465
466
468
468
468
468
469
470
470
470
470
471
471
471
471
471
471
471
471
472
472
472
472
472
473
473
473
473
473
474
474
474
474
474
474
474
474
475
475
476
476
476
477
477
477
478
478
479
479
479
479
480
481
482
482
482
483
483
484
484
484
484
484
485
486
486
486
487
487
487
487
488
488
489
489
489
489
490
491
491
491
491
491
492
492
493
493
493
494
495
495
495
497
498
498
498
498
500
501
503
505
506
507
508
509
510
510
511
511
511
511
511
512
513
516
517
520
522
523
523
523
524
527
529
529
530
533
534
535
535
536
537
537
537
537
538
539
541
542
543
552
554
556
556
556
557
557
558
558
558
558
561
563
565
566
572
572
573
573
573
573
573
573
574
574
574
574
574
574
575
579
579
579
580
582
586
590
591
595
596
597
600
603
606
606
610
613
620
625
625
626
627
627
628
628
634
638
638
639
641
642
642
644
644
647
650
651
652
654
654
656
656
658
659
659
661
662
664
666
668
670
670
670
671
671
672
672
673
674
677
678
678
681
684
685
686
687
689
691
691
691
693
695
698
698
703
703
704
704
705
705
705
705
706
707
707
707
708
708
708
709
712
714
714
715
717
720
720
721
721
723
723
723
723
724
724
724
725
725
727
727
728
729
729
730
730
731
731
732
732
732
733
733
734
734
735
736
738
738
739
741
746
747
747
747
750
751
752
752
753
753
754
755
755
755
757
757
758
759
759
761
761
762
762
763
763
764
765
772
773
773
775
776
776
776
776
777
777
778
778
778
778
779
780
781
782
782
783
783
784
785
785
791
797
797
798
798
798
798
798
798
800
802
803
806
807
810
810
811
812
812
813
814
816
821
823
825
826
828
829
832
833
834
835
836
837
839
842
846
847
848
850
850
850
851
853
853
853
853
854
854
854
859
859
860
860
861
863
864
867
868
869
872
877
879
883
883
885
887
888
888
888
889
889
890
891
892
896
897
897
897
897
897
899
901
901
906
907
909
912
912
916
919
919
920
925
925
925
925
926
926
926
926
926
927
928
928
932
933
937
938
938
941
941
942
942
942
942
943
943
943
943
943
944
944
944
944
944
944
944
944
945
945
949
956
956
956
956
956
958
958
961
961
961
967
969
969
969
969
969
969
969
970
970
970
970
973
981
992
993
993
998
998
1007
1009
1010
1011
1011
1012
1017
1017
1017
1019
1022
1031
1034
1035
1035
1035
1037
1044
1047
1047
1049
1050
1052
1060
1060
1060
1061
1061
1061
1061
1061
1061
1061
1062
1062
1064
1064
1071
1071
1074
1077
1081
1082
1082
1083
1087
1092
1092
1093
1093
1094
1097
1099
1101
1102
1104
1105
1106
1107
1108
1116
1124
1125
1125
1127
1127
1129
1137
1151
1162
1163
1174
1176
1177
1178
1178
1180
1182
1185
1194
1195
1196
1197
1198
1199
1199
1201
1202
1202
1244
1246
1251
1256
1270
1270
1284
1296
1301
1301
1303
1307
1311
1312
1322
1322
1324
1327
1335
1336
1336
1339
1342
1347
1348
1350
1351
1351
1351
1351
1351
1353
1356
1356
1356
1357
1357
1357
1357
1361
1365
1366
1367
1368
1369
1374
1382
1398
1402
1419
1436
1438
1450
1451
1452
1457
1459
1460
1465
1465
1465
1466
1476
1477
1478
1484
1485
1487
1489
1489
1490
1494
1497
1500
1500
1504
1504
1504
1504
1506
1508
1508
1510
1511
1513
1515
1517
1521
1521
1522
1522
1522
1522
1522
1523
1526
1533
1534
1536
1538
1539
1539
1541
1543
1544
1544
1545
1549
1549
1551
1553
1556
1557
1559
1561
1562
1566
1566
1573
1573
1574
1579
1580
1583
1583
1584
1585
1585
1586
1589
1590
1592
1595
1595
1597
1598
1598
1598
1599
1599
1600
1602
1603
1603
1604
1604
1606
1608
1610
1610
1611
1611
1612
1613
1617
1617
1618
1619
1619
1621
1621
1622
1622
1622
1622
1622
1622
1622
1623
1623
1623
1623
1623
1623
1624
1624
1624
1624
1625
1626
1626
1626
1626
1626
1627
1627
1629
1630
1630
1631
1631
1632
1633
1635
1636
1636
1637
1638
1641
1643
1648
1648
1648
1652
1652
1665
1666
1668
1669
1669
1674
1674
1674
1675
1675
1679
1680
1682
1683
1687
1709
1724
1724
1725
1727
1727
1729
1733
1734
1735
1735
1737
1740
1742
1742
1744
1746
1747
1748
1749
1749
1749
1750
1750
1750
1750
1750
1752
1753
1756
1760
1761
1763
1764
1764
1766
1767
1767
1767
1772
1773
1773
1774
1777
1780
1783
1783
1783
1784
1784
1784
1784
1786
1786
1789
1790
1796
1796
1797
1797
1797
1798
1798
1798
1799
1800
1802
1802
1803
1803
1806
1806
1806
1807
1814
1814
1814
1814
1814
1814
1815
1815
1815
1815
1815
1815
1815
1815
1816
1816
1816
1817
1819
1822
1823
1825
1826
1826
1827
1829
1831
1832
1833
1836
1836
1838
1838
1839
1839
1841
1842
1844
1847
1848
1849
1857
1860
1866
1866
1866
1866
1867
1867
1868
1870
1870
1876
1881
1899
1919
1920
1922
1925
1927
1927
1928
1931
1931
1931
1932
1933
1934
1934
1935
1936
1936
1938
1943
1956
1971
1975
1975
1975
1976
1976
1976
1976
1976
1976
1979
1983
1984
1986
1999
2000
2007
2012
2012
2017
2018
2018
2019
2026
2026
2026
2028
2036
2037
2037
2037
2037
2037
2037
2038
2043
2044
2047
2052
2053
2061
2062
2065
2069
2069
2073
2083
2083
2083
2085
2086
2086
2089
2089
2089
2089
2090
2094
2097
2098
2099
2099
2101
2102
2102
2103
2104
2106
2109
2110
2111
2112
2113
2113
2116
2117
2118
2119
2119
2120
2129
2130
2130
2131
2135
2151
2163
2184
2191
2249
2263
2268
2269
2316
2354
2358
2367
2371
2372
2376
2379
2379
2380
2381
2381
2382
2385
2386
2393
2394
2394
2396
2396
2400
2405
2405
2425
2430
2439
2439
2440
2460
2482
2483
2485
2488
2490
2498
2513
2519
2520
2520
2523
2527
2543
2551
2551
2560
2579
2585
2589
2590
2592
2593
2605
2613
2615
2615
2617
2620
2622
2625
2627
2630
2631
2633
2633
2634
2634
2634
2635
2635
2635
2642
2643
2643
2649
2658
2659
2660
2660
2661
2663
2664
2671
