0
1
2
2
2
4
4
5
5
5
6
6
7
7
7
7
7
8
8
8
9
9
9
10
10
11
11
12
13
13
14
14
14
15
15
15
15
15
16
17
17
17
17
17
18
18
18
18
18
18
18
19
19
19
19
19
19
19
19
19
19
20
20
20
20
21
21
21
21
21
21
21
21
21
21
21
21
21
22
22
22
22
22
22
22
22
22
22
22
22
23
23
23
23
23
23
23
23
23
24
24
24
24
24
25
25
25
25
25
26
26
26
26
27
27
27
27
28
28
28
28
28
28
29
29
29
29
29
29
29
29
29
29
29
29
30
30
30
31
31
31
31
32
33
33
33
33
33
33
33
33
33
33
34
34
34
34
34
34
34
34
34
34
34
35
35
36
37
37
37
38
39
40
40
40
40
40
40
40
40
40
40
41
41
41
41
41
41
42
42
42
42
42
42
42
42
42
42
42
43
43
43
43
44
45
45
45
47
47
47
48
48
48
49
49
49
49
49
50
50
50
50
50
51
51
51
51
51
52
52
52
52
52
52
53
53
53
55
55
56
56
56
56
56
56
56
57
57
57
57
57
57
58
58
58
58
58
58
59
60
60
61
61
62
62
62
63
63
63
64
64
64
65
65
66
66
66
67
67
67
67
67
67
67
68
68
68
69
70
71
71
72
73
73
73
74
74
74
74
75
75
76
76
76
77
77
77
77
77
77
77
77
78
78
78
78
78
78
78
78
78
79
79
79
80
80
80
80
80
81
81
81
81
81
82
83
83
83
83
84
84
84
84
84
85
86
89
89
89
90
90
90
90
91
92
92
92
92
93
93
93
93
93
93
93
93
93
93
93
93
94
94
94
94
94
94
94
94
94
94
95
95
95
95
95
96
97
98
98
98
98
98
99
99
99
99
100
100
100
101
101
101
102
103
103
104
105
106
107
107
107
108
108
108
108
108
109
110
111
111
111
111
111
111
111
111
112
112
112
112
112
112
112
113
113
113
113
113
113
113
113
113
113
114
114
114
114
115
116
116
116
116
117
117
117
117
117
117
117
117
117
118
118
118
119
119
121
121
121
122
122
122
123
124
124
125
125
125
125
126
126
126
126
126
129
129
130
130
131
131
131
133
133
138
139
139
143
144
144
145
145
145
146
146
147
148
148
148
149
149
149
149
149
150
150
150
150
150
150
150
150
150
150
150
150
151
151
151
151
153
154
155
155
155
155
157
158
158
159
159
159
160
160
161
161
161
162
162
164
164
164
166
166
166
167
167
167
169
169
169
169
169
170
170
170
170
170
170
171
171
171
171
171
171
171
171
172
172
173
174
175
175
175
175
175
176
176
176
177
177
178
178
178
180
182
182
182
183
183
184
184
185
185
185
186
186
186
186
187
187
187
187
187
187
188
188
188
188
188
189
189
189
190
190
190
191
191
191
191
192
192
193
194
194
195
195
195
196
197
197
198
198
199
199
199
199
199
200
200
200
200
201
201
202
204
205
205
206
207
208
208
209
209
209
210
210
210
210
211
211
212
212
213
213
213
215
215
215
216
217
217
219
220
221
221
221
222
223
223
223
223
224
224
225
225
226
226
227
227
228
228
228
229
229
230
230
230
231
231
231
231
231
233
233
233
233
233
234
234
234
234
235
235
235
235
236
236
237
238
238
238
240
240
241
241
242
242
243
244
244
244
245
245
245
245
245
245
245
245
245
245
245
245
245
245
245
246
246
247
247
247
247
248
248
249
249
249
249
250
251
251
251
252
252
252
252
253
253
253
253
253
253
253
253
253
254
254
254
254
254
255
255
255
255
256
256
256
257
257
258
258
259
260
260
261
263
264
265
265
265
266
266
267
267
269
271
272
273
273
273
274
275
275
275
275
276
276
277
278
278
278
278
281
281
281
281
281
282
282
283
284
285
285
285
287
287
289
290
290
291
291
291
291
291
291
292
292
292
292
292
292
292
292
293
293
294
294
294
294
295
295
295
295
296
296
296
296
297
297
298
298
299
302
303
306
307
307
307
308
309
309
309
309
315
315
315
317
318
320
320
321
321
322
326
326
327
327
328
329
330
331
332
332
333
333
333
333
333
334
335
335
335
336
337
337
338
338
338
339
339
339
340
340
341
341
342
345
345
346
347
349
349
350
351
351
351
352
353
354
355
355
356
356
356
356
357
358
360
361
361
362
362
363
364
365
365
365
366
366
366
366
367
367
368
368
368
369
369
370
370
371
371
372
375
376
377
381
382
382
383
383
384
385
385
390
391
391
393
394
394
394
394
394
394
395
395
395
395
395
395
395
395
395
395
395
395
395
396
399
406
406
410
422
424
433
434
450
457
462
465
501
520
525
526
547
551
554
555
559
560
564
564
564
564
565
566
566
566
572
572
572
573
575
580
584
587
588
588
592
593
593
604
605
605
606
606
608
609
609
609
611
611
611
611
613
614
615
621
622
622
622
622
622
623
623
623
623
624
627
627
628
628
628
628
637
642
643
645
649
649
649
651
652
652
654
659
659
659
659
660
660
661
661
662
662
668
673
675
676
676
676
678
679
679
682
685
686
688
688
689
692
692
692
692
695
696
696
697
697
699
700
700
700
701
701
701
702
702
702
702
703
706
708
709
709
709
712
712
712
712
713
713
714
715
715
717
718
719
732
732
738
738
739
739
739
743
743
745
745
746
747
763
763
764
783
792
794
794
818
820
821
846
847
854
856
929
929
952
960
968
969
981
1049
1049
1051
1051
1051
1052
1052
1073
1075
1076
1079
1080
1082
1094
1095
1097
1103
1103
1108
1119
1127
1133
1135
1139
1139
1147
1148
1157
1158
1159
1166
1180
1183
1184
1190
1190
1194
1240
1240
1242
1264
1266
1268
1268
1271
1273
1274
1275
1277
1277
1283
1284
1284
1286
1286
1286
1287
1287
1287
1288
1288
1288
1288
1288
1289
1289
1291
1295
1295
1296
1302
1306
1311
1326
1329
1331
1332
1332
1333
1333
1343
1344
1349
1356
1359
1366
1366
1367
1370
1373
1374
1376
1377
1380
1385
1392
1392
1402
1402
1404
1418
1420
1421
1422
1424
1425
1425
1426
1428
1428
1428
1429
1430
1430
1431
1432
1437
1438
1439
1441
1441
1442
1443
1444
1444
1444
1445
1445
1449
1454
1455
1456
1456
1462
1462
1464
1465
1466
1467
1468
1468
1468
1470
1471
1471
1473
1474
1474
1475
1475
1476
1476
1476
1477
1477
1478
1478
1478
1480
1482
1484
1485
1485
1488
1488
1491
1491
1493
1497
1498
1501
1505
1506
1506
1506
1508
1510
1510
1511
1514
1518
1518
1522
1524
1524
1527
1528
1528
1532
1534
1535
1540
1542
1544
1545
1547
1548
1553
1553
1556
1558
1561
1561
1561
1562
1562
1563
1563
1564
1565
1565
1569
1569
1569
1570
1573
1574
1574
1576
1576
1577
1577
1580
1582
1582
1582
1582
1583
1583
1587
1587
1589
1590
1591
1591
1593
1593
1594
1594
1594
1595
1595
1595
1595
1597
1599
1599
1600
1601
1601
1603
1605
1607
1609
1609
1609
1609
1611
1613
1616
1619
1619
1621
1621
1621
1621
1624
1624
1625
1627
1627
1628
1629
1629
1631
1632
1632
1633
1634
1636
1638
1639
1640
1640
1641
1641
1642
1645
1645
1645
1646
1649
1650
1650
1650
1650
1650
1651
1651
1651
1651
1651
1651
1652
1652
1652
1652
1653
1653
1653
1654
1655
1655
1655
1657
1658
1660
1661
1661
1665
1666
1666
1668
1668
1670
1670
1671
1672
1674
1674
1674
1675
1675
1678
1681
1682
1684
1685
1686
1687
1690
1690
1690
1691
1694
1696
1697
1697
1698
1698
1699
1701
1701
1707
1709
1711
1715
1715
1715
1717
1720
1723
1723
1724
1725
1726
1727
1727
1728
1729
1729
1729
1736
1738
1738
1739
1740
1744
1749
1749
1751
1753
1754
1757
1759
1769
1773
1774
1775
1775
1775
1785
1785
1788
1788
1788
1789
1790
1790
1795
1798
1799
1799
1801
1801
1801
1803
1805
1805
1806
1806
1806
1806
1806
1807
1807
1807
1807
1808
1810
1812
1812
1817
1817
1819
1825
1827
1828
1832
1832
1833
1835
1835
1838
1838
1839
1842
1847
1851
1866
1876
1876
1882
1885
1886
1925
1926
1927
1931
1932
1933
1934
1935
1937
1937
1940
1941
1941
1946
1951
1951
1952
1953
1954
1956
1957
1957
1957
1957
1958
1961
1961
1971
1973
1973
1974
1992
1998
2023
2025
2044
2044
2048
2051
2051
2051
2053
2054
2059
2063
2068
2069
2089
2115
2196
2200
2200
2200
2200
2276
2288
2294
2299
2299
2330
2331
2337
2338
2346
2346
2347
2347
2352
2355
2521
2575
2589
2593
2594
2597
2601
2619
2687
2687
2687
2702
2712
2726
2736
2736
2740
2743
2843
2843
2845
2846
2962
2963
2965
2970
2972
2975
2975
2977
2983
2984
2986
2988
2988
2989
2990
2991
2991
2991
2992
2992
2994
2995
2996
2997
2997
2998
2998
2999
2999
3000
3000
3003
3003
3005
3007
3010
3011
3015
3017
3017
3020
3021
3021
3021
3023
3025
3025
3028
3028
3028
3028
3029
3030
3031
3032
3033
3034
3035
3037
3037
3041
3041
3042
3042
3042
3043
3043
3043
3044
3044
3049
3050
3051
3058
3067
3067
3069
3092
3099
3104
3126
3129
3130
3132
3133
3135
3135
3139
3145
3145
3147
3152
3169
3170
3173
3178
3182
3184
3197
3210
3211
3211
3212
3224
3245
3245
3245
3248
3249
3251
3254
3256
3259
3261
3261
3261
3263
3266
3267
3267
3267
3270
3270
3272
3273
3273
3274
3276
3278
3279
3280
3283
3284
3284
3287
3288
3289
3290
3290
3297
3298
3298
3299
3300
3301
3301
3302
3303
3305
3309
3309
3310
3310
3310
3310
3311
3311
3312
3312
3312
3312
3312
3312
3312
3312
3312
3312
3313
3313
3313
3313
3315
3316
3316
3318
3318
3318
3318
3318
3318
3318
3319
3319
3319
3319
3319
3320
3320
3320
3320
3320
3321
3321
3321
3322
3323
3323
3324
3325
3326
3327
3327
3327
3328
3329
3329
3330
3330
3330
3331
3334
3337
3338
3339
3340
3342
3343
3344
3344
3346
3348
3349
3352
3353
3354
3356
3356
3358
3359
3361
3362
3364
3365
3367
3371
3372
3372
3372
3373
3373
3373
3373
3376
3376
3376
3377
3377
3380
3380
3380
3380
3381
3381
3381
3381
3382
3384
3385
3386
3386
3387
3389
3394
3396
3399
3399
3399
3400
3406
3407
3407
3408
3410
3410
3410
3411
3411
3411
3411
3418
3419
3420
3421
3421
3421
3421
3422
3422
3422
3422
3423
3423
3423
3423
3423
3423
3423
3423
3423
3423
3424
3428
3430
3430
3433
3437
3442
3443
3451
3456
3460
3469
3476
3478
3492
3493
3516
3531
3532
3535
3537
3563
3564
3625
3625
3650
3656
3664
3669
3674
3677
3677
3680
3694
3694
3698
3701
3720
3732
3735
3744
3761
3762
3764
3766
3767
3767
3769
3769
3774
3777
3779
3873
3874
3895
3905
3909
3912
3949
3950
3975
3994
3994
3998
4035
4154
4255
4255
4258
4263
4263
4265
4266
4271
4271
4271
4277
4277
4277
4279
4279
4279
4282
4284
4286
4309
4331
4332
4376
4485
4501
4501
4509
4509
4509
4510
4511
4512
4516
4519
4519
4522
4524
4528
4528
4528
4539
4545
4591
4638
4641
4650
4651
4652
4652
4653
4654
4658
4660
4675
4680
4688
4691
4726
4744
4751
4752
4753
4754
4755
4761
4765
4766
4782
4783
4783
4791
4795
4796
4796
4798
4801
4801
4803
4811
4819
4826
4827
4827
4832
4834
4847
4848
4852
4855
4855
4856
4856
4856
4857
4861
4872
4874
4879
4881
4883
4884
4890
4906
4918
4930
4938
4944
4944
4951
4962
4963
4963
4964
4965
4965
4972
4985
4996
5039
5050
5059
5097
5099
5101
5105
5109
5113
5113
5113
5118
5118
5163
5216
5222
5295
5298
5687
5688
5693
6060
6065
6107
6108
6108
6109
6112
6117
6119
6121
6121
6121
6122
6123
6137
6143
6150
6154
6158
6205
6216
6222
6226
6229
6232
6249
6249
6282
6290
6291
6293
6293
6320
6321
6322
6324
6341
6342
6344
6407
6416
6434
6442
6463
6465
6465
6470
6472
6472
6474
6478
6480
6490
6515
6523
6524
6525
6525
6527
6538
6542
6549
6553
6558
6564
6567
6572
6572
6591
6592
6670
6671
6671
6672
6673
6677
6898
6941
6947
6950
6959
6959
7586
7603
7674
7737
7737
7760
7764
7821
7823
7823
7823
7823
7824
7824
7825
7880
7912
7913
7913
8014
8015
8037
8039
8041
8058
8060
8144
8149
8150
8156
8157
8167
8188
