0
1
2
3
3
3
3
5
6
6
6
6
7
8
9
9
10
11
11
11
11
12
12
12
12
13
15
15
15
16
17
18
20
20
21
21
23
24
24
24
24
24
24
25
25
25
25
25
25
25
25
25
25
25
25
25
25
26
26
26
26
26
26
26
27
28
28
28
28
28
28
29
29
29
30
31
32
32
33
33
34
34
34
34
35
35
35
35
35
35
35
35
35
35
35
36
36
36
36
36
36
36
36
37
37
37
37
38
41
45
48
50
51
53
58
62
62
63
63
64
65
66
66
67
67
68
69
71
75
77
77
78
78
78
78
78
78
78
79
79
79
79
79
79
79
79
79
79
79
79
79
79
79
80
80
80
80
80
80
80
80
81
84
84
86
86
86
88
91
92
93
93
94
94
98
98
100
101
101
101
102
102
104
104
105
105
106
107
108
109
110
111
112
113
114
115
115
115
115
115
116
118
119
120
121
123
125
125
125
126
126
126
127
129
130
131
131
132
132
132
133
133
135
136
136
136
137
141
141
141
142
142
142
142
142
143
143
144
145
146
147
147
148
148
148
148
150
150
150
152
153
153
154
155
156
156
157
157
159
160
161
161
161
161
162
162
162
162
162
162
162
163
163
163
163
165
166
167
169
170
173
183
184
185
185
187
188
189
189
191
197
198
198
198
199
199
199
200
200
200
200
201
201
201
201
201
201
201
201
201
202
202
202
202
202
202
204
204
206
207
207
209
213
215
218
221
225
225
238
240
241
248
248
249
250
253
254
255
256
257
257
257
258
258
259
259
260
260
260
260
261
262
262
263
263
263
263
264
264
265
266
266
266
267
268
269
272
272
273
273
273
277
277
279
281
282
284
284
284
284
288
291
291
291
291
292
292
294
295
297
298
302
302
302
307
312
314
315
317
318
318
318
318
318
319
319
319
319
319
319
319
320
320
337
344
344
347
350
352
354
355
356
359
360
361
362
363
366
367
372
375
379
379
379
380
391
391
391
392
396
398
403
403
413
416
417
427
428
428
428
428
428
428
429
430
431
433
433
435
435
437
437
438
444
444
444
445
445
447
448
448
449
451
452
454
459
459
463
466
466
467
467
468
478
484
487
487
488
493
494
494
500
502
502
503
505
506
506
506
508
509
510
511
512
513
514
516
516
517
517
518
521
522
527
532
535
535
536
540
541
541
541
542
543
543
543
544
548
548
550
552
553
557
563
566
567
568
568
568
569
569
591
591
592
592
592
593
593
593
594
594
594
594
595
600
601
602
607
608
609
611
629
630
631
633
634
635
637
638
638
638
642
643
650
651
654
655
656
659
662
663
665
668
668
671
671
673
673
673
673
673
677
680
681
681
681
681
681
681
682
682
682
682
682
683
686
715
724
728
730
736
760
764
767
774
775
776
779
783
783
784
784
784
784
785
787
787
788
790
790
791
792
792
800
825
825
828
832
836
836
840
841
842
847
856
857
866
867
869
877
878
904
912
914
916
922
924
925
927
931
937
937
939
941
941
948
950
952
965
966
966
966
967
969
970
970
970
972
973
974
976
977
979
985
990
993
994
994
1003
1009
1010
1014
1021
1026
1035
1037
1039
1039
1041
1043
1045
1050
1051
1059
1059
1066
1066
1103
1110
1112
1113
1116
1116
1118
1128
1130
1130
1130
1130
1130
1130
1131
1131
1131
1134
1135
1135
1135
1135
1135
1137
1140
1144
1144
1145
1149
1153
1155
1155
1157
1160
1160
1165
1165
1166
1166
1166
1166
1182
1184
1190
1199
1205
1207
1207
1208
1208
1208
1215
1215
1215
1215
1215
1216
1217
1217
1217
1217
1218
1218
1222
1222
1223
1223
1223
1223
1224
1224
1224
1224
1224
1225
1225
1225
1225
1225
1229
1235
1239
1240
1246
1246
1247
1247
1247
1250
1250
1250
1251
1251
1251
1251
1251
1251
1251
1251
1260
1272
1281
1281
1283
1285
1285
1306
1316
1328
1350
1389
1389
1421
1424
1426
1430
1439
1439
1441
1442
1442
1442
1443
1443
1445
1450
1450
1450
1451
1451
1451
1452
1452
1452
1452
1452
1452
1452
1452
1452
1453
1453
1453
1453
1453
1453
1453
1454
1454
1454
1455
1455
1455
1455
1456
1456
1458
1458
1459
1459
1463
1463
1464
1465
1465
1467
1468
1469
1470
1470
1471
1471
1473
1475
1476
1476
1476
1477
1479
1480
1481
1484
1485
1487
1487
1487
1487
1487
1488
1489
1490
1491
1491
1492
1492
1494
1494
1495
1496
1497
1502
1508
1509
1509
1510
1510
1510
1511
1511
1511
1514
1514
1517
1518
1518
1518
1518
1518
1520
1520
1520
1520
1520
1521
1522
1522
1523
1524
1524
1525
1526
1528
1529
1529
1529
1529
1530
1532
1533
1533
1533
1533
1535
1540
1545
1547
1551
1553
1553
1556
1557
1558
1559
1560
1560
1561
1562
1562
1562
1564
1565
1567
1567
1569
1570
1570
1571
1572
1574
1574
1575
1578
1579
1581
1582
1590
1591
1595
1595
1597
1599
1601
1602
1603
1603
1605
1605
1607
1609
1610
1628
1629
1633
1637
1639
1641
1641
1643
1645
1646
1647
1651
1652
1652
1653
1654
1654
1655
1656
1658
1659
1660
1662
1662
1666
1666
1668
1669
1670
1671
1672
1676
1676
1676
1676
1677
1677
1677
1677
1677
1678
1678
1678
1678
1679
1679
1679
1679
1682
1682
1683
1683
1683
1683
1684
1686
1687
1688
1689
1690
1690
1690
1693
1693
1695
1696
1697
1698
1698
1699
1701
1701
1701
1702
1703
1704
1704
1704
1704
1704
1704
1704
1705
1705
1705
1705
1705
1705
1705
1705
1705
1705
1706
1709
1709
1709
1710
1710
1710
1713
1713
1716
1719
1719
1720
1721
1721
1722
1723
1726
1728
1731
1735
1735
1735
1737
1740
1740
1740
1741
1748
1749
1751
1752
1752
1754
1755
1757
1762
1764
1769
1790
1804
1818
1818
1819
1819
1833
1842
1843
1853
1890
1892
1895
1896
1896
1898
1899
1903
1903
1908
1908
1911
1912
1916
1918
1919
1921
1923
1927
1929
1932
1935
1986
1998
2007
2013
2054
2091
2091
2093
2094
2102
2104
2110
2117
2119
2120
2132
2139
2140
2143
2144
2146
2147
2151
2152
2152
2160
2161
2161
2162
2162
2163
2172
2173
2173
2173
2174
2174
2174
2174
2175
2175
2175
2177
2177
2178
2179
2194
2195
2195
2195
2210
2211
2212
2216
2226
2240
2257
2258
2259
2260
2267
2276
2278
2312
2315
2317
2325
2326
2332
2332
2336
2338
2340
2351
2355
2356
2362
2372
2374
2375
2378
2384
2384
2389
2390
2394
2394
2395
2398
2399
2400
2402
2402
2405
2414
2416
2422
2436
2472
2496
2496
2496
2532
2536
2539
2540
2541
2543
2543
2546
2550
2552
2553
2553
2554
2557
2557
2560
2562
2568
2572
2580
2580
2581
2581
2582
2583
2584
2587
2589
2593
2598
2603
2615
2618
2622
2623
2626
2628
2630
2631
2632
2634
2635
2635
2635
2635
2635
2636
2636
2636
2636
2636
2636
2636
2636
2636
2636
2636
2636
2637
2637
2637
2637
2638
2657
2664
2673
2673
2673
2673
2673
2674
2674
2674
2674
2674
2674
2674
2674
2674
2675
2675
2675
2675
2675
2675
2675
2675
2676
2676
2676
2680
2682
2688
2692
2692
2693
2694
2695
2698
2700
2705
2736
2738
2738
2739
2740
2740
2741
2741
2747
2749
2757
2758
2761
2761
2762
2762
2762
2763
2765
2766
2768
2774
2778
2778
2779
2781
2783
2784
2787
2818
2818
2818
2819
2819
2819
2819
2819
2819
2828
2868
2873
2952
2954
2954
2961
2965
2966
2967
2967
3004
3007
3010
3010
3024
3026
3030
3031
3034
3034
3046
3052
3063
3064
3068
3077
3078
3088
3096
3096
3098
3098
3098
3102
3103
3106
3113
3114
3117
3120
3120
3132
3136
3137
3141
3141
3141
3144
3145
3145
3151
3152
3152
3153
3154
3155
3160
3160
3161
3162
3162
3163
3164
3165
3165
3165
3167
3168
3168
3169
3170
3171
3172
3172
3172
3173
3174
3174
3175
3175
3176
3180
3181
3183
3188
3190
3193
3194
3194
3195
3199
3202
3211
3221
3221
3221
3224
3225
3228
3228
3229
3230
3231
3231
3232
3234
3237
3238
3239
3239
3239
3240
3256
3267
3431
3433
3433
3439
3440
3440
3441
3446
3447
3449
3458
3458
3461
3461
3467
3478
3478
3479
3481
3485
3490
3495
3498
3504
3510
3513
3514
3516
3516
3518
3518
3520
3520
3521
3523
3525
3528
3529
3531
3532
3544
3545
3546
3552
3556
3556
3556
3560
3564
3568
3571
3574
3575
3575
3575
3575
3575
3578
3578
3578
3579
3580
3583
3588
3599
3600
3601
3607
3608
3608
3608
3609
3610
3612
3613
3616
3617
3620
3625
3625
3627
3627
3627
3628
3628
3628
3629
3630
3634
3635
3648
3654
3657
3662
3663
3664
3664
3665
3665
3667
3667
3668
3668
3668
3668
3668
3669
3669
3669
3669
3669
3669
3669
3669
3669
3677
3678
3680
3680
3681
3681
3681
3682
3691
3695
3695
3701
3702
3704
3704
3708
3717
3717
3718
3729
3729
3733
3733
3733
3733
3733
3733
3734
3734
3734
3734
3734
3740
3742
3745
3746
3749
3755
3756
3772
3773
3773
3777
3784
3784
3786
3786
3787
3790
3791
3802
3804
3842
3846
3846
3848
3849
3850
3852
3857
3859
3859
3861
3861
3865
3867
3868
3869
3870
3871
3872
3878
3883
3884
3884
3885
3886
3889
3890
3895
3897
3907
3946
3950
3952
3953
3967
3967
3971
3971
3974
3982
4015
4031
4038
4038
4038
4039
4040
4040
4041
4042
4042
4051
4171
4188
4194
4202
4210
4228
4234
4234
4234
4260
4268
4269
4271
4274
4274
4277
4277
4281
4287
4292
4292
4300
4301
4304
4307
4314
4317
4320
4329
4333
4333
4333
4344
4352
4358
4364
4368
4371
4372
4374
4374
4376
4392
4393
4394
4409
4426
4448
4451
4464
4468
4473
4491
4497
4549
4569
4587
4588
4589
4627
4641
4643
4651
4653
4656
4656
4658
4659
4660
4701
4701
4705
4705
4706
4708
4712
4727
4733
4734
4735
4739
4740
4741
4745
4745
4745
4750
4761
4789
4790
4794
4794
4799
4799
4799
4803
4844
4927
4934
5021
5024
5031
5036
5036
5047
5057
5064
5077
5078
5079
5090
5092
5099
5119
5122
5125
5129
5131
5133
5164
5166
5168
5240
5240
5240
5252
5263
5285
5306
5307
5310
5325
5329
5388
5394
5399
5402
5431
5432
5446
5448
5449
5449
5460
5471
5475
5547
5547
5547
5558
5558
5558
5558
5558
5559
5578
5613
5617
5625
5699
5712
5713
5728
5730
5747
5747
5750
5753
5757
5758
5768
5768
5836
5841
5882
5893
5894
5895
5896
5899
5901
5904
5904
5904
5905
5919
5928
5928
5930
5930
5935
5936
5949
5973
5973
5973
5982
6044
6094
6113
6123
6175
6176
6181
6182
6182
6189
6190
6190
6191
6196
6197
6201
6201
6203
6205
6205
6206
6206
6215
6222
6223
6223
6224
6228
6228
6228
6231
6232
6247
6247
6272
6273
6284
6302
6312
6365
6376
6381
6389
6402
6414
6417
6459
6461
6462
6463
6542
6549
6551
6551
6552
6552
6555
6556
6562
6564
6564
6567
6567
6568
6568
6569
6572
6573
6576
6576
6576
6577
6578
6582
6582
6586
6589
6649
6658
6663
6676
6703
6716
6722
6724
6736
6739
6743
6743
6749
6750
6750
6753
6867
6908
7035
7039
7041
7082
7098
7118
7120
7121
7121
7125
7134
7139
7141
7144
7147
7149
7151
7157
7157
7158
7158
7158
7158
7159
7159
7160
7164
7166
7167
7171
7186
7192
7194
7195
7199
7204
7207
7217
7223
7223
7226
7226
7226
7230
7233
7233
7235
7236
7239
7241
7244
7274
7275
7286
7303
7307
7308
7309
7319
7410
7412
7419
7420
7421
7422
7433
7437
7489
7523
7524
7552
7555
7589
7591
7592
7593
7595
7598
7601
7605
7607
7608
7613
7616
7616
7619
7619
7619
7620
7620
7620
7620
7624
7625
7625
7626
7626
7639
7649
7657
7662
7684
7693
7701
7708
7709
7709
7709
7710
7716
7716
7718
7718
7718
7721
7723
7729
7729
7730
7737
7737
7737
7737
7737
7739
7740
7741
7742
7742
7742
7742
7743
7746
7750
7752
7755
7755
7764
7798
7799
7802
7804
7806
7809
7814
7823
7826
7827
7828
7829
7832
7833
7834
7837
7841
7841
7843
7844
7846
7846
7848
7849
7850
7851
7858
7861
7862
7862
7869
7869
7871
7875
7885
7888
7889
7890
7890
7899
7914
7917
7921
8127
8132
8132
8133
8136
8137
8145
8152
8157
8159
8162
8165
8166
8167
8169
8184
8187
8188
8192
8192
8196
8196
8198
8198
8200
8202
8205
8205
8207
8208
8216
8217
8217
8223
8224
8228
8232
8246
8246
8248
8250
8250
8251
8251
8254
8256
8263
8264
8265
8265
8268
8271
8271
8273
8274
8274
8281
8282
8286
8291
8291
8293
8295
8296
8300
8304
8311
8328
8332
8339
8339
8339
8340
8340
8343
8345
8353
8554
8571
8571
8571
8572
8572
8577
8583
8588
8594
8596
8596
8604
8605
8608
8609
8619
8619
8621
8621
8622
8623
8625
8628
8629
8631
8635
8639
8643
8644
8646
8647
8655
8657
8661
8663
8670
8677
8677
8679
8682
8686
8686
8688
8690
8693
8704
8706
8707
8709
8709
8711
8714
8717
8720
8721
8722
8722
8727
8728
8731
8732
8732
8733
8735
8736
8737
8739
8742
8746
8746
8749
8755
