0
1
2
3
3
4
4
5
6
8
9
10
10
10
10
11
11
11
11
11
12
12
13
13
14
15
15
15
17
17
17
18
19
19
20
21
22
23
23
23
23
23
23
23
23
24
24
24
24
24
24
24
24
24
24
24
24
25
25
25
25
25
25
25
25
25
25
25
25
26
26
27
27
27
27
27
27
27
28
28
28
28
28
28
29
29
29
29
30
30
30
30
30
30
31
31
31
31
31
31
31
32
32
32
32
32
32
32
32
33
33
33
33
35
35
36
36
37
37
37
38
38
39
39
40
40
40
43
43
43
43
43
43
44
44
44
44
44
44
44
44
44
44
45
45
45
45
45
45
45
45
45
46
46
48
49
49
51
52
53
54
54
54
55
55
56
56
56
56
56
57
58
58
59
59
60
60
62
62
63
63
63
63
63
63
64
64
65
66
66
67
67
70
72
72
73
75
75
75
76
77
77
77
78
79
81
82
82
82
83
83
84
85
85
87
87
87
88
88
88
89
89
89
90
91
91
92
93
94
96
97
98
98
99
101
101
103
103
103
103
104
107
107
108
108
108
108
109
109
109
109
110
111
111
111
114
115
116
116
116
116
118
119
119
119
119
120
121
122
122
123
123
123
126
128
129
129
129
130
131
132
132
133
135
136
137
137
138
138
138
140
141
142
142
143
144
144
146
146
149
152
153
154
155
156
158
159
162
163
164
165
166
168
169
169
171
174
176
179
180
181
182
188
189
194
194
195
195
196
199
200
201
202
205
207
207
209
211
211
213
219
228
230
249
256
257
262
262
262
264
267
271
272
297
306
307
307
316
331
331
331
331
331
331
331
331
331
332
332
332
332
333
338
339
339
341
341
346
349
351
352
352
355
365
367
367
367
367
368
372
374
375
375
378
378
379
380
381
381
381
383
383
385
387
388
391
392
393
394
395
397
399
400
400
400
401
402
406
407
407
407
407
407
408
408
409
409
409
410
411
411
411
411
411
411
411
411
412
412
412
412
415
417
418
420
421
421
426
431
432
432
435
436
437
437
440
440
440
440
441
444
445
449
449
452
452
453
454
456
460
460
461
461
464
464
465
465
465
465
466
466
469
471
474
474
475
476
477
477
477
479
479
480
480
480
480
480
483
484
486
491
491
492
493
495
496
496
496
496
497
498
499
500
501
502
503
503
504
505
505
508
510
512
513
516
516
519
519
521
521
522
522
522
523
523
524
527
529
530
531
532
535
535
535
537
537
538
538
538
539
540
541
542
545
546
547
552
553
557
557
557
557
562
562
563
563
565
567
570
572
575
578
578
579
579
580
580
580
580
580
581
581
582
583
586
586
588
588
589
589
593
599
603
604
610
614
617
621
623
625
625
631
632
635
635
636
638
638
638
638
639
639
639
639
640
640
640
640
644
646
649
650
654
656
660
661
663
664
666
666
666
666
668
668
668
673
674
674
674
675
676
677
678
678
679
682
684
685
688
689
692
692
692
693
695
696
697
697
700
700
703
708
716
720
725
726
726
726
726
728
731
738
750
754
765
765
765
767
780
787
788
804
812
903
913
947
950
950
951
954
957
957
959
964
965
969
976
976
979
980
981
982
983
985
985
991
993
994
994
994
997
1000
1001
1009
1009
1009
1009
1009
1009
1017
1029
1035
1046
1047
1047
1047
1047
1048
1048
1077
1081
1081
1086
1087
1106
1111
1116
1116
1119
1120
1122
1131
1132
1135
1135
1144
1146
1147
1147
1151
1169
1169
1170
1170
1171
1171
1171
1171
1171
1171
1176
1177
1177
1177
1177
1177
1181
1182
1190
1196
1198
1199
1202
1213
1214
1226
1240
1242
1250
1258
1259
1263
1264
1266
1273
1277
1277
1287
1289
1291
1296
1297
1297
1298
1300
1300
1304
1319
1326
1328
1329
1330
1331
1335
1337
1361
1361
1372
1372
1379
1380
1381
1387
1389
1389
1398
1398
1430
1430
1434
1434
1435
1438
1439
1440
1440
1440
1440
1440
1441
1441
1441
1441
1441
1441
1441
1441
1441
1441
1441
1441
1441
1442
1442
1443
1443
1446
1448
1449
1449
1450
1450
1450
1450
1450
1450
1450
1450
1451
1451
1451
1451
1451
1451
1451
1451
1451
1452
1452
1452
1452
1452
1452
1452
1453
1455
1456
1457
1461
1462
1462
1462
1463
1466
1468
1468
1469
1469
1470
1471
1472
1474
1474
1478
1478
1481
1481
1482
1483
1484
1484
1485
1485
1494
1494
1495
1495
1496
1497
1498
1502
1503
1512
1517
1517
1518
1518
1518
1518
1518
1518
1519
1519
1520
1520
1523
1524
1526
1529
1530
1531
1531
1531
1532
1532
1532
1533
1534
1534
1535
1535
1535
1536
1536
1538
1538
1541
1545
1546
1548
1549
1551
1556
1565
1572
1572
1574
1579
1580
1580
1583
1613
1617
1634
1638
1642
1648
1652
1652
1653
1653
1655
1656
1659
1662
1663
1663
1664
1665
1667
1674
1675
1675
1676
1677
1678
1678
1678
1678
1678
1678
1679
1679
1679
1679
1679
1679
1679
1686
1688
1688
1689
1690
1690
1690
1690
1690
1690
1690
1690
1690
1690
1691
1691
1691
1691
1692
1692
1692
1692
1692
1692
1692
1693
1693
1693
1694
1695
1696
1699
1701
1701
1701
1701
1702
1706
1707
1707
1708
1708
1708
1708
1709
1712
1716
1716
1721
1723
1723
1724
1725
1732
1733
1738
1743
1747
1747
1750
1757
1759
1761
1769
1769
1770
1770
1770
1770
1770
1770
1770
1771
1771
1771
1771
1771
1771
1772
1772
1772
1773
1774
1774
1774
1777
1777
1778
1778
1778
1778
1778
1779
1779
1779
1785
1789
1789
1789
1789
1789
1789
1789
1789
1789
1790
1790
1790
1790
1797
1797
1797
1797
1797
1798
1798
1798
1798
1799
1799
1799
1799
1799
1800
1800
1800
1800
1800
1800
1800
1800
1800
1800
1801
1801
1801
1801
1801
1801
1801
1802
1803
1803
1803
1805
1855
1856
1856
1856
1861
1862
1866
1875
1880
1883
1887
1890
1890
1892
1897
1897
1897
1897
1897
1899
1902
1902
1906
1906
1909
1911
1914
1918
1918
1919
1921
1921
1922
1924
1928
1966
1982
2012
2012
2012
2012
2013
2027
2051
2081
2082
2085
2132
2136
2141
2142
2149
2155
2159
2159
2161
2165
2167
2168
2168
2169
2171
2171
2172
2172
2172
2173
2173
2173
2174
2174
2174
2174
2174
2179
2180
2181
2181
2181
2182
2182
2182
2183
2183
2183
2188
2188
2190
2190
2198
2205
2206
2209
2213
2213
2215
2227
2229
2232
2244
2257
2265
2273
2278
2292
2306
2309
2309
2314
2324
2326
2326
2329
2333
2334
2334
2335
2335
2336
2336
2338
2338
2358
2362
2362
2363
2383
2387
2388
2389
2393
2393
2399
2402
2410
2410
2411
2412
2412
2414
2414
2415
2415
2425
2429
2431
2437
2437
2438
2438
2443
2454
2454
2454
2455
2465
2541
2549
2553
2557
2566
2574
2574
2589
2590
2591
2594
2600
2605
2606
2625
2626
2630
2646
2648
2662
2662
2663
2663
2663
2663
2663
2663
2663
2663
2663
2664
2664
2664
2664
2664
2664
2664
2664
2665
2665
2671
2671
2671
2672
2672
2672
2672
2672
2672
2673
2673
2673
2673
2674
2678
2679
2689
2692
2698
2702
2706
2706
2706
2708
2710
2717
2727
2729
2732
2733
2762
2763
2763
2775
2778
2780
2781
2781
2789
2793
2822
2932
2933
2933
2936
2939
2944
2945
2945
2946
2960
2967
2970
2970
2972
2974
2975
2976
2977
2981
2985
2988
2988
2988
2989
2990
2993
2995
2996
2997
3004
3004
3004
3008
3008
3008
3008
3009
3010
3014
3015
3015
3017
3017
3019
3019
3019
3022
3022
3023
3023
3025
3027
3027
3027
3027
3028
3029
3030
3030
3030
3031
3032
3032
3033
3033
3034
3035
3037
3040
3041
3042
3042
3043
3045
3046
3046
3046
3048
3048
3048
3049
3049
3051
3051
3052
3052
3054
3054
3056
3056
3056
3056
3057
3059
3064
3065
3067
3067
3068
3072
3073
3073
3074
3074
3075
3080
3080
3081
3084
3086
3086
3090
3090
3091
3095
3097
3097
3098
3102
3102
3106
3118
3120
3123
3124
3126
3126
3127
3129
3130
3133
3140
3143
3144
3148
3149
3150
3151
3153
3153
3153
3155
3158
3158
3160
3164
3165
3178
3187
3187
3189
3189
3189
3190
3193
3193
3194
3195
3196
3197
3201
3202
3204
3208
3209
3216
3217
3217
3219
3220
3224
3227
3228
3228
3228
3229
3230
3244
3246
3248
3250
3252
3256
3263
3265
3265
3269
3269
3275
3279
3281
3292
3292
3295
3297
3297
3297
3300
3300
3301
3302
3302
3304
3315
3316
3321
3330
3345
3348
3412
3413
3422
3425
3425
3430
3442
3451
3452
3455
3476
3562
3569
3576
3580
3588
3588
3589
3589
3590
3593
3594
3598
3598
3605
3609
3609
3612
3614
3614
3618
3618
3622
3625
3626
3630
3639
3646
3674
3675
3677
3697
3714
3715
3715
3716
3716
3717
3718
3718
3719
3724
3724
3724
3727
3729
3734
3735
3738
3742
3742
3745
3746
3746
3749
3751
3752
3756
3757
3768
3780
3782
3784
3845
3847
3878
3914
3920
3928
3928
3928
3930
3931
3933
3933
3933
3934
3935
3939
3943
3943
3949
3951
3952
3953
3954
3986
3997
3998
3999
4000
4000
4015
4016
4039
4040
4041
4049
4051
4058
4069
4102
4104
4105
4112
4121
4125
4127
4128
4165
4170
4175
4183
4183
4184
4186
4186
4186
4186
4187
4188
4188
4192
4194
4203
4211
4213
4223
4223
4224
4242
4243
4245
4324
4336
4341
4341
4344
4345
4350
4353
4363
4380
4417
4418
4422
4422
4422
4426
4435
4457
4467
4467
4485
4487
4557
4562
4565
4567
4574
4575
4576
4588
4588
4589
4589
4589
4593
4610
4619
4626
4628
4629
4635
4635
4635
4638
4638
4646
4646
4649
4651
4657
4662
4665
4665
4669
4670
4670
4670
4671
4671
4676
4677
4678
4679
4684
4689
4689
4691
4693
4697
4698
4700
4712
4717
4720
4720
4729
4741
4748
4748
4749
4750
4752
4755
4757
4758
4766
4784
4784
4785
4786
4791
4793
4795
4795
4797
4799
4801
4802
4803
4811
4817
4843
4844
4862
4869
4871
4871
4998
5003
5026
5027
5027
5033
5038
5063
5069
5070
5074
5074
5076
5076
5081
5094
5098
5127
5130
5142
5143
5147
5153
5153
5182
5188
5197
5197
5199
5200
5200
5205
5207
5212
5214
5220
5224
5224
5230
5235
5236
5238
5246
5255
5269
5283
5304
5313
5314
5317
5329
5334
5462
5484
5493
5520
5521
5538
5538
5539
5540
5540
5550
5551
5562
5566
5575
5588
5623
5630
5649
5656
5718
5740
5783
5811
5819
5834
5840
5841
5857
5904
5908
5941
5950
5952
5953
5954
5954
5958
5959
5962
5963
5963
5963
5973
5974
5977
5986
5987
5988
5989
5993
5995
6007
6031
6102
6109
6110
6111
6134
6139
6141
6141
6141
6145
6148
6148
6229
6234
6238
6240
6245
6256
6256
6258
6264
6265
6265
6265
6266
6266
6270
6271
6273
6274
6275
6279
6279
6282
6289
6298
6304
6304
6306
6309
6309
6316
6317
6406
6409
6409
6448
6474
6577
6603
6670
6671
6671
6676
6681
6708
6709
6711
6712
6715
6715
6716
6716
6716
6717
6719
6721
6721
6722
6723
6729
6731
6735
6735
6736
6738
6740
6744
6745
6747
6748
6749
6754
6784
6786
6787
6788
6790
6800
6804
6844
6854
6859
6979
7033
7033
7035
7040
7042
7048
7068
7070
7071
7072
7073
7074
7076
7080
7085
7098
7103
7104
7107
7108
7108
7109
7109
7110
7112
7121
7123
7188
7192
7197
7199
7205
7209
7209
7209
7210
7218
7225
7228
7231
7241
7241
7241
7259
7280
7307
7308
7314
7320
7325
7327
7330
7351
7365
7367
7412
7413
7418
7424
7560
7563
7567
7578
7587
7593
7597
7598
7599
7616
7617
7665
7668
7671
7672
7672
7673
7675
7678
7681
7681
7683
7687
7689
7697
7700
7700
7705
7709
7710
7711
7713
7713
7717
7718
7720
7720
7720
7721
7721
7722
7723
7724
7724
7725
7725
7725
7725
7725
7725
7725
7725
7725
7726
7726
7726
7726
7727
7727
7727
7727
7727
7727
7727
7727
7727
7730
7730
7732
7736
7743
7745
7759
7760
7764
7770
7773
7774
7779
7779
7780
7780
7780
7780
7781
7781
7782
7783
7786
7799
7809
7813
7819
7821
7821
7822
7822
7854
7859
7862
7868
7876
7879
7882
7900
8070
8089
8093
8094
8094
8094
8099
8107
8109
8109
8110
8111
8114
8119
8128
8131
8133
8134
8135
8140
8142
8148
8149
8151
8152
8152
8154
8155
8158
8158
8158
8161
8162
8162
8163
8163
8164
8168
8172
8172
8176
8176
8180
8185
8193
8202
8202
8204
8205
8207
8208
8213
8214
8215
8216
8218
8220
8222
8225
8227
8229
8229
8233
8238
8240
8244
8248
8252
8252
8254
8255
8256
8256
8262
8264
8273
8273
8273
8274
8274
8277
8278
8279
8281
8283
8287
8367
8368
8373
8392
8404
8405
8409
8500
8501
8505
8511
8522
8525
8536
8543
8549
8559
8568
8570
8571
8571
8571
8573
8576
8583
8585
8586
8592
8598
8599
8600
8609
8610
8615
8620
8625
8631
8631
8636
8638
8642
8644
8649
8653
8654
8654
8654
8655
8656
8658
8661
8663
8666
8668
8668
8671
8677
8678
8679
8681
8681
8683
8683
8683
8683
8684
8688
8695
8696
