1
2
2
2
3
3
3
4
5
5
6
6
8
8
8
8
10
10
11
12
12
12
13
14
16
16
16
16
17
17
20
20
20
20
20
20
20
21
21
21
21
21
21
21
21
21
21
21
21
21
21
21
21
21
22
22
22
22
22
23
23
23
23
24
24
25
25
25
25
26
26
26
27
27
27
27
27
27
27
27
27
28
28
28
28
28
28
28
28
28
28
28
28
29
29
29
29
29
29
29
29
29
29
29
29
29
30
30
30
30
30
30
30
30
31
31
31
32
33
33
33
33
33
33
33
34
34
34
34
34
34
34
34
34
34
35
35
35
35
35
36
36
36
37
37
39
39
40
40
40
40
41
41
42
42
43
43
43
43
43
43
43
43
44
45
46
46
47
47
48
50
50
51
52
53
54
54
55
55
55
55
57
57
58
58
58
58
59
59
60
60
60
60
60
60
61
61
62
62
63
63
63
63
65
66
66
67
67
68
68
69
69
69
71
71
72
72
73
73
74
74
74
74
74
76
77
77
78
78
79
79
79
79
79
79
80
81
81
81
82
83
83
83
84
84
85
85
86
86
86
87
87
88
89
89
89
90
90
91
93
93
94
95
95
95
96
96
97
97
97
97
98
98
99
99
99
99
99
99
100
100
100
100
100
101
101
101
101
101
101
101
102
103
103
103
104
104
104
104
104
104
104
105
105
106
108
109
109
109
110
110
111
111
112
113
114
115
118
118
118
118
118
118
118
118
118
119
119
119
119
119
119
119
119
119
119
119
119
120
120
120
120
120
120
120
120
120
120
121
122
123
123
123
123
123
123
124
124
125
126
126
127
127
127
128
128
128
128
128
129
130
130
130
131
131
131
132
132
133
133
133
133
134
134
134
135
136
136
136
136
137
137
137
138
139
139
140
141
141
142
142
142
143
143
144
144
145
146
146
146
146
147
148
148
149
150
150
150
150
151
151
151
151
151
152
153
153
154
154
154
154
155
155
155
155
155
155
155
156
156
156
156
156
156
156
156
157
157
157
157
157
157
157
158
158
158
159
160
160
160
161
161
161
161
162
162
162
162
162
162
162
163
163
163
163
163
163
163
163
163
163
163
163
164
164
164
164
165
166
166
166
166
166
167
167
167
167
167
168
169
169
169
169
169
169
170
170
170
170
171
171
171
171
172
172
172
172
172
173
173
174
174
175
175
175
175
175
176
177
177
178
178
178
179
179
180
180
181
181
182
182
182
182
183
183
183
183
183
183
183
183
183
183
183
184
184
184
186
186
186
186
186
187
187
187
187
188
188
188
188
188
188
188
189
189
189
189
189
189
189
189
189
189
190
190
190
190
190
190
190
191
192
192
192
195
197
198
199
199
199
199
200
200
201
201
201
202
202
204
205
207
208
208
209
210
211
211
212
212
213
213
213
214
214
216
216
217
217
218
219
219
219
220
220
220
220
221
221
221
222
222
223
223
223
223
224
224
224
224
226
227
227
227
228
229
229
230
231
232
233
234
234
235
235
235
238
238
238
238
238
238
238
239
240
242
242
242
243
243
243
243
243
243
244
244
244
244
245
245
245
245
245
245
245
245
245
246
251
251
251
251
251
251
252
252
252
252
253
253
253
254
254
254
254
254
254
254
254
255
257
257
257
257
257
257
257
257
257
257
258
258
258
258
258
258
258
258
259
259
259
259
260
260
261
261
262
262
263
264
265
266
266
268
269
269
269
269
270
271
275
276
276
276
277
278
280
281
281
281
283
284
284
285
285
287
288
290
293
293
295
296
299
307
308
310
312
313
319
321
323
325
325
326
326
328
330
331
331
331
332
332
332
332
332
338
340
341
346
346
349
350
359
360
362
362
363
364
364
369
369
378
380
381
383
384
388
388
393
408
416
422
443
456
458
459
466
467
469
470
473
475
478
480
480
481
481
482
482
484
485
489
490
494
494
495
495
500
501
501
501
502
503
503
503
507
508
509
509
512
517
530
534
536
538
540
544
545
552
554
560
563
568
584
585
585
589
596
607
610
614
621
622
622
628
637
641
641
654
656
658
659
659
663
668
682
683
684
687
693
695
697
699
765
766
769
906
914
920
924
931
976
981
991
1006
1008
1008
1010
1012
1013
1020
1024
1033
1033
1038
1039
1053
1092
1132
1197
1204
1205
1207
1214
1216
1219
1220
1223
1225
1233
1235
1235
1237
1238
1242
1294
1358
1359
1360
1363
1421
1424
1424
1424
1425
1425
1427
1427
1428
1429
1432
1432
1432
1433
1433
1435
1438
1438
1439
1441
1442
1444
1445
1445
1445
1446
1446
1446
1447
1448
1449
1449
1450
1451
1452
1452
1453
1454
1455
1455
1455
1456
1456
1456
1456
1457
1457
1457
1457
1458
1458
1458
1458
1458
1458
1459
1459
1459
1459
1459
1459
1460
1460
1460
1460
1460
1460
1460
1460
1460
1460
1461
1461
1461
1461
1461
1462
1462
1462
1462
1462
1462
1462
1462
1463
1463
1464
1464
1464
1464
1464
1464
1465
1465
1466
1467
1467
1467
1467
1469
1470
1472
1472
1472
1473
1473
1473
1474
1474
1475
1475
1475
1476
1477
1477
1477
1477
1477
1477
1477
1477
1478
1479
1479
1480
1481
1481
1481
1481
1481
1482
1482
1482
1483
1483
1483
1483
1483
1484
1484
1485
1487
1487
1488
1488
1489
1490
1490
1491
1491
1491
1492
1493
1493
1494
1495
1495
1496
1496
1496
1496
1496
1496
1497
1497
1497
1497
1499
1500
1500
1500
1501
1501
1501
1502
1502
1503
1503
1504
1504
1505
1505
1505
1505
1506
1506
1506
1506
1507
1508
1508
1510
1510
1510
1511
1512
1512
1513
1513
1516
1516
1517
1518
1518
1519
1520
1521
1522
1522
1523
1523
1523
1524
1525
1525
1525
1525
1526
1526
1527
1528
1528
1530
1530
1531
1531
1531
1532
1532
1533
1534
1535
1536
1536
1537
1537
1539
1539
1540
1542
1543
1546
1549
1550
1551
1552
1553
1554
1554
1554
1555
1555
1556
1557
1557
1558
1558
1561
1561
1562
1562
1563
1565
1565
1565
1567
1567
1569
1575
1577
1578
1578
1579
1581
1585
1591
1591
1593
1595
1595
1598
1599
1601
1604
1606
1608
1609
1609
1615
1635
1635
1635
1637
1637
1637
1641
1641
1647
1651
1651
1651
1652
1654
1655
1655
1655
1662
1663
1669
1672
1677
1678
1679
1679
1680
1681
1682
1682
1682
1684
1686
1686
1686
1687
1687
1687
1687
1688
1689
1690
1690
1691
1691
1691
1692
1692
1692
1693
1693
1694
1694
1695
1698
1698
1698
1698
1699
1700
1700
1701
1702
1703
1704
1704
1714
1719
1720
1723
1725
1731
1733
1735
1735
1736
1738
1739
1739
1741
1744
1752
1754
1754
1754
1754
1755
1760
1778
1781
1789
1797
1804
1806
1807
1807
1808
1808
1809
1809
1809
1809
1809
1810
1810
1810
1811
1813
1814
1814
1816
1823
1828
1829
1830
1831
1831
1831
1832
1832
1833
1835
1835
1841
1843
1845
1847
1849
1849
1851
1851
1852
1853
1857
1859
1866
1866
1866
1867
1872
1876
1883
1883
1883
1883
1884
1884
1922
1923
1927
1929
1931
1933
1935
1935
1936
1936
1936
1936
1936
1936
1936
1936
1940
1941
1942
1945
1948
1949
1949
1952
1954
1956
1956
1961
1963
1964
1964
1964
1964
1964
1964
1964
1964
1965
1965
1965
1965
1965
1965
1965
1965
1966
1966
1966
1967
1967
1978
1981
1982
1982
1983
1983
1983
1983
1983
1983
1983
1984
1984
1984
1984
1984
1984
1984
1984
1985
1985
1985
1985
1985
1996
2003
2008
2008
2010
2011
2034
2085
2086
2123
2131
2146
2152
2153
2158
2161
2167
2169
2172
2176
2186
2188
2188
2188
2188
2189
2189
2189
2189
2189
2189
2189
2189
2190
2190
2190
2190
2190
2191
2193
2193
2194
2194
2195
2195
2206
2208
2220
2229
2242
2249
2249
2266
2299
2306
2324
2334
2356
2356
2436
2437
2519
2544
2546
2546
2549
2557
2561
2561
2561
2562
2562
2562
2562
2562
2562
2563
2563
2563
2563
2563
2563
2564
2566
2566
2591
2617
2618
2620
2628
2647
2647
2647
2648
2649
2656
2665
2731
2731
2731
2748
2755
2814
2876
2891
2892
2931
2937
2942
2951
2955
2966
2971
2974
2974
2976
2976
2977
2977
2978
2979
2980
2982
2982
2982
2983
2984
2986
2986
2987
2988
2989
2989
2992
2992
2993
2995
2997
2997
2998
2998
2999
2999
3000
3000
3001
3001
3002
3003
3003
3004
3004
3004
3004
3004
3005
3005
3006
3007
3007
3007
3008
3009
3011
3012
3012
3014
3017
3022
3026
3028
3028
3030
3032
3032
3035
3035
3038
3040
3098
3098
3099
3099
3104
3105
3105
3111
3111
3111
3113
3114
3114
3116
3118
3119
3120
3122
3123
3132
3132
3135
3147
3150
3150
3159
3162
3164
3170
3172
3172
3179
3183
3186
3186
3191
3198
3199
3201
3208
3214
3219
3239
3241
3242
3242
3248
3259
3286
3343
3358
3363
3364
3367
3369
3378
3379
3380
3380
3383
3383
3402
3414
3432
3441
3462
3467
3468
3469
3469
3476
3534
3535
3543
3544
3545
3557
3558
3560
3563
3566
3567
3576
3592
3610
3611
3612
3623
3624
3628
3629
3631
3632
3636
3639
3645
3646
3647
3662
3671
3675
3693
3712
3716
3778
3797
3797
3808
3808
3819
3826
3827
3849
3850
3896
3897
3900
3900
3902
3918
3959
3979
3979
3986
3986
4001
4002
4006
4017
4023
4026
4029
4097
4134
4162
4189
4205
4258
4262
4267
4270
4281
4344
4349
4452
4459
4474
4481
4527
4528
4533
4540
4543
4544
4546
4547
4550
4551
4552
4565
4567
4578
4582
4592
4603
4605
4611
4613
4613
4631
4632
4634
4638
4640
4643
4644
4645
4646
4646
4647
4652
4652
4653
4653
4653
4654
4662
4670
4671
4675
4675
4676
4676
4676
4676
4679
4679
4681
4682
4689
4691
4695
4696
4698
4707
4708
4710
4715
4717
4720
4725
4725
4725
4726
4727
4727
4731
4733
4734
4734
4734
4735
4735
4741
4742
4744
4744
4750
4750
4757
4758
4763
4770
4772
4793
4820
4826
4833
4836
4857
4878
4880
4882
4884
4884
4930
4982
4998
5013
5069
5091
5097
5194
5229
5244
5263
5264
5268
5341
5367
5422
5431
5434
5437
5565
5631
5710
5712
5715
5886
5895
5902
5911
5912
5914
5929
5940
5949
5973
6025
6028
6042
6043
6044
6048
6051
6053
6058
6060
6063
6086
6145
6149
6150
6155
6161
6166
6167
6168
6176
6176
6176
6177
6178
6178
6179
6179
6180
6180
6181
6184
6184
6184
6186
6188
6188
6188
6188
6188
6189
6190
6192
6193
6195
6197
6198
6199
6200
6207
6207
6212
6216
6218
6220
6222
6232
6247
6248
6250
6250
6250
6251
6265
6276
6290
6321
6329
6329
6329
6330
6330
6330
6365
6387
6408
6454
6476
6476
6482
6483
6496
6537
6543
6690
6722
6723
6755
6805
6931
7099
7102
7105
7105
7120
7128
7129
7130
7219
7219
7229
7233
7236
7309
7346
7373
7374
7376
7414
7421
7424
7427
7434
7440
7441
7443
7452
7457
7459
7460
7461
7463
7463
7466
7507
7508
7532
7537
7543
7545
7548
7581
7585
7587
7589
7594
7599
7600
7600
7601
7601
7602
7609
7611
7629
7629
7631
7631
7631
7632
7635
7642
7642
7642
7643
7643
7646
7647
7648
7649
7650
7650
7653
7656
7659
7665
7667
7669
7671
7674
7674
7675
7680
7689
7692
7694
7694
7694
7699
7709
7713
7713
7713
7719
7725
7726
7735
7735
7736
7738
7739
7741
7741
7741
7741
7745
7746
7748
7752
7753
7754
7762
7763
7764
7774
7786
7830
7843
7844
7847
7849
7868
7870
7875
8043
8049
8072
8072
8224
8245
8245
8246
8246
8246
8246
8246
8246
8246
8246
8246
8246
8246
8247
8247
8253
8253
8272
8279
8300
8313
8313
8365
8372
8373
8373
8373
8374
8380
8385
8405
8409
8441
8487
8492
8495
8513
8538
8541
8541
8544
8549
8553
8553
8554
8556
8556
8557
8559
8559
8566
8576
8603
8612
8616
8622
8635
8639
8639
8639
8640
8663
8664
8667
8669
8671
8702
8706
8711
8712
8712
8714
8715
8716
8717
8722
8724
8730
8818
8822
8824
8826
8827
8830
8832
8834
8837
8838
8839
8839
8840
8843
8844
8845
8847
8849
8850
8852
8852
8856
8858
8862
8862
8863
8865
8868
8871
8871
8871
8873
8874
8875
8878
8879
8879
8880
8880
8882
8883
8887
8888
8888
8889
8889
8893
8898
8898
8901
8901
8902
8908
8908
8913
8914
8917
8923
8923
8923
8930
8930
8933
8936
8938
8938
8938
8938
8939
8940
8942
8946
8947
8951
8953
8953
8955
8956
8957
8957
8957
8958
8958
8958
8958
8958
8958
8959
8962
8962
8963
8963
8964
8969
8978
8978
8982
8984
8991
9010
9010
9011
9016
9020
9024
9028
9030
9093
9109
9196
9206
9212
9216
9218
9221
9224
9250
9254
9258
9264
9266
9324
9324
9329
9342
9376
9377
9379
9396
9399
9401
9401
9412
9414
9419
