0
1
1
2
2
2
3
3
4
4
5
6
6
6
6
6
6
7
7
8
8
9
9
9
10
10
10
10
10
10
11
11
11
12
13
13
13
13
13
13
14
15
15
16
16
16
17
17
17
17
17
18
18
18
18
18
18
18
18
18
19
19
19
20
20
20
20
20
20
20
21
21
21
21
21
21
21
21
21
21
21
22
22
22
22
22
22
22
22
22
22
23
23
23
23
23
23
23
24
25
25
25
25
25
26
27
27
27
27
28
28
28
28
28
28
28
28
28
28
28
28
28
28
29
29
29
29
29
29
29
29
29
29
29
29
29
29
29
29
29
29
29
29
29
29
29
29
29
29
30
30
30
30
30
30
30
30
30
30
30
30
30
30
30
30
30
30
30
30
30
30
30
30
31
31
31
31
31
31
31
31
31
31
31
31
31
31
31
31
31
31
31
31
31
32
32
32
32
32
32
32
32
32
33
33
33
33
33
33
33
33
33
33
34
34
34
34
34
34
34
34
34
35
35
35
35
35
35
36
36
37
37
37
37
37
37
37
37
37
38
38
38
38
38
38
38
38
38
38
38
38
38
38
39
39
39
39
39
39
39
39
39
40
40
40
40
40
40
41
41
41
42
42
42
42
43
43
43
43
44
44
44
44
44
44
44
45
45
45
45
45
45
45
45
45
46
46
46
46
46
46
47
47
47
47
47
47
47
48
48
48
49
49
49
49
49
50
50
50
50
50
51
51
51
51
51
51
51
51
52
52
52
53
53
53
54
54
54
55
55
55
56
56
56
56
56
56
56
57
57
57
58
58
58
58
58
58
58
59
59
59
59
59
59
59
59
60
60
60
60
61
61
61
61
62
62
62
62
62
63
63
64
64
64
64
64
65
65
65
65
65
65
65
65
65
65
66
66
66
66
66
67
67
67
67
68
68
68
68
69
69
69
69
69
69
70
70
70
70
71
71
71
71
71
71
71
72
72
72
73
73
73
73
74
74
74
74
75
75
75
75
75
76
77
77
77
77
78
78
78
78
78
78
79
79
79
79
79
79
80
80
80
80
81
81
81
81
81
82
82
82
82
83
83
83
83
83
83
84
84
84
84
84
84
84
84
84
85
85
85
85
85
85
85
85
85
86
86
86
86
86
86
87
87
87
87
87
88
88
89
89
89
89
90
90
90
90
90
90
90
90
90
91
91
91
91
91
92
94
94
94
94
94
94
94
94
95
95
95
96
96
96
97
97
97
97
97
99
99
99
99
100
100
100
100
100
100
100
100
100
100
100
100
100
100
100
100
100
101
101
101
101
101
101
101
101
101
101
101
101
102
102
103
103
103
103
103
103
103
104
104
105
105
105
106
106
106
107
107
107
107
107
107
107
108
108
108
108
108
108
108
109
109
109
110
110
111
111
111
111
111
111
111
111
111
111
111
111
111
111
112
112
112
112
112
112
112
112
112
113
113
113
113
113
113
113
113
114
114
114
114
114
115
115
115
115
115
115
115
115
115
115
115
116
116
116
116
116
116
117
117
117
117
117
117
117
118
118
118
118
118
118
118
119
119
119
119
119
120
120
120
120
120
120
120
120
120
120
120
121
121
121
121
121
121
121
121
121
121
121
121
121
121
122
122
122
122
123
123
123
123
123
124
124
125
125
125
125
126
127
127
128
128
128
128
129
129
129
130
130
131
131
131
132
132
132
132
132
132
132
133
133
133
133
134
134
134
135
135
135
135
135
135
135
135
135
135
135
136
136
136
136
137
137
137
138
138
138
138
138
138
138
138
139
139
139
139
139
139
140
140
140
140
140
140
141
141
142
142
142
142
142
142
142
142
142
142
143
143
143
143
143
143
143
143
143
144
144
144
144
144
144
144
144
145
145
145
145
145
145
145
145
145
145
145
145
145
145
145
145
145
145
145
145
145
145
146
146
146
146
146
146
146
146
147
147
147
147
147
147
147
147
147
147
147
148
148
148
148
148
148
148
148
148
149
149
149
149
149
149
150
151
151
151
151
151
152
152
152
152
153
153
153
153
153
153
153
154
154
154
154
155
155
155
155
156
157
157
157
157
157
158
158
158
158
158
158
158
158
158
158
158
158
158
159
160
160
160
160
160
161
161
162
162
162
162
163
163
163
163
163
164
164
164
164
165
165
165
165
166
166
166
166
167
167
168
168
168
168
168
169
169
169
169
169
169
169
170
171
171
171
171
171
172
172
172
173
173
173
173
173
173
173
173
174
174
174
175
175
175
175
175
175
176
176
176
176
176
176
176
176
177
177
177
177
177
177
177
177
177
177
178
178
178
178
178
178
178
179
179
179
180
180
180
180
180
180
181
181
181
181
181
181
181
181
182
182
182
182
182
182
183
183
183
183
184
184
184
184
184
185
185
185
186
186
186
186
186
187
187
187
187
187
187
188
188
188
188
188
188
188
188
188
188
189
189
189
189
190
190
190
191
191
192
192
192
192
193
193
193
193
193
193
194
194
194
194
195
195
195
195
195
195
195
195
196
196
196
196
196
196
197
197
197
197
197
197
197
198
198
198
199
199
199
199
199
199
199
199
199
200
200
200
200
201
201
202
202
202
202
203
203
203
203
204
204
204
204
205
205
205
205
206
206
207
207
208
208
208
209
209
211
211
212
212
212
212
212
212
212
212
213
213
213
213
213
213
213
214
214
214
214
214
214
214
214
214
215
215
215
215
215
216
216
216
216
217
217
217
217
217
217
218
218
218
219
220
220
220
220
221
224
224
224
225
225
226
227
227
227
228
228
229
229
230
230
230
231
231
231
231
231
231
231
231
231
232
232
232
232
232
232
232
232
232
233
234
236
236
238
238
238
238
239
239
239
239
240
240
240
241
242
243
245
245
249
249
249
249
250
251
251
252
252
252
253
254
256
256
256
257
257
258
259
259
259
260
261
262
263
264
264
265
265
266
279
280
281
281
283
285
286
291
299
299
301
302
303
306
309
309
310
310
310
327
327
328
331
331
332
333
333
337
339
340
340
341
341
342
343
344
345
350
354
354
355
356
357
358
359
359
360
360
360
361
365
365
365
365
365
365
365
365
366
367
367
367
368
368
368
368
369
369
369
370
370
372
373
373
373
373
376
376
377
377
377
377
377
378
378
378
379
379
379
380
381
383
383
384
384
385
388
388
389
389
389
389
391
391
392
393
393
393
393
394
395
396
396
397
398
398
399
399
399
399
399
399
399
400
400
400
400
401
402
404
405
405
405
405
407
407
409
409
411
412
412
413
413
414
414
414
414
414
415
416
416
417
418
418
419
419
419
420
421
421
421
421
422
422
423
423
424
424
427
427
427
428
428
428
431
431
432
432
434
434
435
435
437
439
440
442
445
446
446
446
447
452
452
455
455
457
460
461
463
464
468
469
470
470
472
474
475
476
476
477
478
487
491
494
515
533
534
539
545
546
547
547
548
549
551
557
558
559
560
561
566
567
573
574
577
577
577
578
579
580
582
582
582
582
583
583
583
584
585
585
587
588
589
591
591
595
596
598
598
599
599
606
607
608
608
613
632
699
701
701
702
702
703
703
703
704
704
704
715
720
722
722
723
723
723
723
724
724
724
724
724
725
725
727
728
734
741
741
741
742
765
790
790
791
794
795
795
795
795
795
798
799
804
804
804
805
805
805
805
805
805
815
817
817
818
822
822
823
823
823
823
823
823
823
824
826
832
835
835
836
846
848
848
848
848
849
849
850
854
856
856
856
856
857
857
857
857
857
858
858
858
858
858
858
859
859
859
859
859
859
859
860
860
860
860
860
860
860
860
860
860
861
863
864
864
865
865
866
866
866
867
881
881
881
883
884
891
896
905
905
912
940
946
972
973
973
976
979
979
980
982
987
989
989
992
993
997
999
999
1008
1008
1010
1016
1020
1020
1020
1021
1021
1022
1023
1024
1025
1026
1027
1027
1027
1029
1030
1030
1031
1032
1032
1033
1033
1036
1037
1039
1040
1042
1043
1044
1044
1045
1048
1048
1049
1053
1067
1068
1069
1071
1075
1078
1120
1124
1125
1128
1129
1177
1177
1178
1198
1201
1215
1218
1218
1222
1229
1232
1240
1241
1241
1242
1242
1243
1243
1243
1243
1244
1244
1244
1245
1247
1254
1254
1255
1256
1256
1259
1260
1260
1262
1269
1271
1273
1274
1274
1275
1276
1276
1276
1278
1278
1279
1281
1283
1289
1290
1304
1308
1311
1311
1318
1379
1379
1382
1384
1385
1396
1396
1405
1419
1421
1422
1423
1423
1425
1427
1429
1430
1433
1440
1445
1448
1455
1459
1461
1461
1464
1465
1469
1469
1470
1471
1471
1472
1472
1472
1473
1474
1474
1475
1475
1476
1477
1478
1479
1482
1483
1486
1492
1492
1493
1496
1500
1504
1505
1507
1510
1510
1510
1513
1513
1516
1517
1517
1518
1518
1519
1519
1520
1522
1523
1524
1527
1528
1529
1531
1531
1531
1533
1536
1537
1538
1542
1545
1545
1548
1549
1549
1549
1550
1550
1550
1550
1550
1550
1550
1551
1551
1551
1551
1551
1551
1551
1551
1552
1552
1553
1554
1554
1555
1555
1555
1556
1557
1557
1559
1560
1562
1562
1567
1569
1570
1573
1578
1580
1583
1585
1585
1586
1586
1586
1586
1586
1587
1587
1588
1588
1588
1589
1590
1590
1591
1591
1593
1594
1594
1594
1594
1595
1595
1595
1595
1596
1596
1596
1596
1596
1596
1596
1596
1597
1597
1597
1597
1598
1599
1603
1604
1604
1606
1606
1607
1609
1613
1616
1618
1618
1620
1621
1621
1622
1622
1623
1624
1624
1625
1625
1625
1626
1626
1626
1626
1628
1629
1629
1629
1629
1630
1635
1636
1636
1637
1638
1640
1641
1645
1646
1647
1648
1648
1649
1652
1653
1653
1656
1660
1661
1662
1663
1664
1664
1672
1677
1678
1680
1680
1681
1681
1682
1685
1685
1686
1686
1690
1691
1691
1692
1693
1693
1695
1695
1700
1701
1704
1704
1710
1713
1714
1714
1715
1716
1735
1737
1751
1751
1751
1757
1759
1788
1792
1795
1795
1796
1796
1801
1801
1807
1809
1811
1815
1816
1817
1819
1823
1829
1831
1831
1832
1832
1845
1852
1853
1853
1855
1867
1872
1874
1875
1899
1936
1987
1995
1999
2003
2008
2044
2063
2064
2066
2066
2071
2072
2073
2074
2074
2079
2079
2114
2115
2116
2121
2133
2138
2139
2141
2142
2148
2152
2204
2207
2207
2207
2210
2212
2218
2225
2226
2227
2228
2231
2239
2257
2264
2265
2265
2271
2276
2280
2282
2283
2285
2288
2289
2289
2290
2290
2294
2298
2300
2308
2309
2311
2312
2313
2321
2339
2409
2436
2453
2454
2469
2469
2472
2474
2475
2475
2476
2476
2483
2486
2490
2494
2494
2494
2495
2495
2495
2495
2495
2495
2495
2496
2496
2504
2504
2515
2516
2518
2522
2528
2529
2529
2530
2531
2532
2533
2620
2631
2662
2667
2670
2672
2677
2678
2680
2684
2684
2684
2688
2690
2691
2692
2692
2692
2693
2694
2696
2700
2701
2701
2703
2704
2704
2704
2707
2708
2711
2713
2713
2717
2720
2721
2727
2732
2733
2738
2740
2746
2749
2765
2765
2766
2767
2767
2767
2772
2783
2784
2786
2786
2787
2793
2795
2806
2925
2933
2942
2958
2958
2960
2970
2970
2980
3002
3004
3013
3014
3015
3018
3020
3021
3021
3023
3029
3034
3034
3034
3035
3042
3055
3059
3060
3061
3063
3063
3064
3070
3071
3079
3080
3082
3082
3083
3083
3084
3084
3089
3090
3090
3091
3091
3091
3093
3095
3096
3096
3096
3100
3103
3109
3109
3109
3110
3112
3113
3113
3117
3122
3150
3154
3171
3180
3188
3188
3202
3247
3249
3269
3281
3281
3286
3300
3308
3319
3321
3405
3420
3422
3427
3428
3434
3436
