1
2
2
2
2
3
3
3
4
5
6
6
7
7
7
7
7
7
8
8
8
8
8
9
9
9
9
9
9
10
11
11
11
11
11
12
12
13
13
13
13
14
14
14
14
15
15
15
16
17
17
17
17
17
17
17
17
17
17
18
18
18
18
18
18
18
18
19
19
19
19
19
19
19
19
19
19
19
19
19
19
20
20
20
20
20
20
20
21
21
21
21
21
21
21
21
21
22
22
22
22
22
22
22
22
22
23
23
23
23
23
23
23
23
23
24
24
24
24
24
24
24
24
24
24
24
24
24
24
24
25
25
25
25
25
25
25
25
25
25
25
25
25
25
25
25
26
26
26
26
26
26
26
26
26
26
26
26
26
26
27
27
27
27
27
27
27
27
27
27
27
27
27
27
27
27
27
27
28
28
28
28
28
28
28
29
29
29
29
29
29
29
30
30
30
30
30
30
30
30
30
30
30
30
31
31
31
31
31
31
31
31
31
31
31
31
31
31
31
31
31
32
32
32
32
32
33
33
33
33
33
33
33
33
33
33
33
34
34
34
35
35
35
35
35
36
36
36
36
36
37
37
37
37
37
37
37
37
37
37
37
37
37
37
37
37
38
38
38
38
39
39
40
40
41
41
41
42
42
42
42
43
43
43
43
43
43
43
44
44
44
45
45
45
45
46
46
46
46
47
47
47
47
47
48
49
49
50
50
50
50
51
51
51
52
52
52
53
53
54
54
55
55
55
55
56
56
56
57
57
57
57
57
58
58
58
58
58
58
59
59
59
59
59
59
59
59
59
59
59
59
59
59
59
59
59
59
59
59
60
60
60
60
60
60
60
60
60
61
61
61
61
61
61
62
62
62
62
62
64
64
64
64
65
66
66
66
67
67
67
67
67
67
68
68
68
69
70
70
70
71
72
72
72
73
73
73
73
73
74
74
74
74
75
75
75
75
75
76
76
76
76
76
76
77
77
78
78
78
78
79
80
80
80
80
80
80
80
80
80
80
81
81
81
82
82
83
83
83
84
84
85
85
85
86
86
86
86
86
87
87
87
87
87
87
88
88
88
88
88
88
88
88
88
88
89
89
89
89
89
89
90
90
90
90
91
91
91
92
92
93
93
94
94
95
95
96
97
97
97
97
97
98
98
99
99
100
100
100
100
101
101
101
102
102
103
103
103
103
104
105
105
105
105
106
106
106
106
106
107
107
107
107
108
108
108
108
108
108
108
108
108
108
109
109
109
109
109
109
109
110
110
110
110
110
110
110
110
110
110
110
110
110
111
111
111
111
111
111
111
112
112
112
112
112
112
112
112
113
113
113
113
113
113
113
114
114
114
114
114
114
114
114
115
115
115
115
115
115
115
116
116
116
116
116
116
116
116
117
117
117
117
117
117
117
117
117
117
117
117
117
117
118
118
118
118
118
119
119
119
119
119
119
120
120
120
120
120
121
121
121
121
121
121
121
121
121
122
122
122
122
122
122
123
123
123
123
123
123
123
123
123
123
123
123
123
123
123
123
123
123
123
123
123
123
124
124
124
124
124
125
125
125
125
125
125
126
126
126
126
127
127
128
128
129
129
129
129
130
130
131
131
131
131
131
131
132
132
132
132
132
133
133
133
134
135
135
136
136
136
137
137
137
137
137
137
139
139
139
139
139
139
140
140
140
141
141
142
143
143
143
143
144
144
145
145
145
146
146
146
146
146
147
147
147
147
147
148
148
148
149
149
150
150
150
150
151
151
151
151
151
152
152
152
152
152
153
153
153
153
153
153
154
154
154
154
155
155
155
155
155
155
156
156
156
157
157
157
157
157
158
158
158
158
159
159
159
159
159
159
160
160
160
161
161
161
162
162
162
162
162
162
162
162
162
162
163
163
163
163
163
164
164
164
164
164
164
165
165
165
165
165
165
165
165
165
165
166
166
166
166
166
166
166
166
166
166
166
166
166
167
167
167
167
167
167
167
167
167
168
168
168
168
168
168
168
168
168
169
169
169
169
169
169
169
169
169
170
170
170
170
170
170
171
171
171
171
171
171
172
172
172
173
173
173
173
174
174
174
174
175
175
175
175
176
176
177
177
177
178
178
178
179
179
179
180
180
180
181
182
182
182
182
183
183
183
183
183
184
184
184
184
184
184
184
184
185
185
185
185
186
186
187
187
188
188
188
188
188
189
189
189
190
190
191
191
191
191
192
192
192
193
193
193
194
194
194
194
194
195
196
196
197
197
197
197
198
198
199
199
199
200
200
201
202
202
202
202
202
203
203
203
204
204
204
204
204
204
205
205
206
206
206
207
207
207
208
208
208
208
208
209
209
209
209
209
210
210
210
211
211
211
212
212
213
214
214
214
214
214
214
215
215
215
216
216
218
218
218
218
219
219
219
220
220
220
220
220
221
221
221
222
222
222
222
222
223
223
223
223
223
223
223
223
223
223
223
223
224
224
224
224
224
224
224
225
225
226
226
226
227
227
227
227
228
229
229
229
229
230
230
230
230
230
232
232
232
232
233
234
234
234
234
234
235
235
235
236
237
238
238
238
239
239
239
239
239
240
240
240
241
242
242
242
243
244
244
245
246
246
246
246
247
247
247
247
248
248
248
248
249
249
249
250
251
251
252
252
252
252
252
253
254
254
254
254
254
254
256
256
256
256
257
257
257
258
258
259
259
260
260
260
260
260
260
261
261
261
261
261
262
262
262
262
263
263
264
264
264
264
266
266
267
268
268
268
268
269
269
269
271
271
272
272
272
274
274
274
275
275
276
276
277
278
279
279
279
279
281
281
282
282
283
285
286
287
287
289
289
290
291
291
292
292
292
292
293
293
293
294
294
294
294
294
294
295
295
295
295
295
295
295
296
296
296
296
296
297
297
297
298
299
299
299
299
299
299
299
300
300
300
300
301
301
302
302
303
303
304
304
304
305
305
306
306
308
309
309
310
310
311
311
311
312
312
312
315
315
316
316
317
321
321
321
321
321
322
322
323
324
324
325
325
326
326
326
326
326
327
327
327
327
328
328
330
330
331
332
332
332
333
333
333
333
333
335
336
336
336
336
336
337
337
337
338
338
338
339
340
341
342
343
346
347
347
348
348
349
350
350
351
352
353
353
353
353
354
354
354
354
355
355
355
355
355
355
355
356
356
356
356
356
356
356
356
357
357
357
358
358
358
359
360
360
360
360
361
362
362
362
364
364
364
365
366
367
368
370
371
371
372
373
373
373
374
376
376
377
377
377
381
382
382
383
383
384
386
387
388
389
389
391
391
393
393
396
397
398
399
399
400
402
402
402
403
405
406
406
407
407
407
408
408
408
411
412
412
413
414
414
414
415
418
418
418
419
420
420
420
421
421
421
421
422
422
422
423
424
425
425
425
425
425
426
426
426
427
429
431
431
431
432
432
432
434
435
436
437
441
442
442
443
445
445
447
450
450
450
451
455
456
458
461
468
468
468
468
469
469
469
469
469
469
469
469
469
469
469
469
469
469
469
470
470
470
470
470
470
470
470
471
471
471
471
472
482
482
482
482
484
488
488
489
490
491
491
491
492
495
495
496
496
496
497
497
499
500
500
501
502
502
504
504
506
508
510
512
514
514
514
518
518
519
520
522
522
522
523
523
523
524
524
525
526
529
534
536
536
536
536
536
536
537
537
537
538
538
538
539
539
539
540
543
543
544
544
544
549
554
557
557
558
563
564
566
571
572
572
573
575
576
578
578
578
578
579
579
581
581
582
583
585
586
586
587
588
589
591
592
592
594
595
601
602
602
602
602
602
603
603
603
603
603
603
603
603
603
603
603
603
603
603
603
604
604
604
604
605
605
605
605
605
609
619
633
635
636
636
637
639
641
642
643
643
644
644
645
649
649
655
657
659
662
662
663
667
667
670
675
677
677
680
681
689
696
698
698
699
700
700
702
704
704
705
705
711
713
714
716
721
721
722
723
726
727
732
732
733
734
735
742
745
746
760
764
768
772
793
795
796
819
819
819
819
820
820
821
821
821
821
823
826
832
834
834
842
849
850
853
853
853
854
854
854
854
877
879
883
883
885
886
892
893
893
893
893
893
894
894
895
903
903
908
950
966
974
981
981
981
990
991
995
1000
1002
1002
1008
1010
1010
1011
1016
1019
1026
1026
1027
1030
1033
1038
1043
1043
1094
1098
1099
1099
1101
1115
1117
1117
1119
1121
1122
1125
1126
1126
1130
1140
1156
1192
1214
1220
1220
1220
1240
1244
1245
1245
1245
1245
1245
1246
1282
1287
1300
1330
1331
1331
1337
1338
1339
1340
1341
1342
1343
1432
1440
1443
1443
1443
1443
1451
1459
1459
1460
1461
1462
1463
1463
1464
1466
1467
1471
1471
1472
1473
1475
1475
1477
1477
1478
1480
1481
1481
1483
1484
1489
1492
1492
1493
1495
1496
1496
1498
1499
1499
1502
1503
1508
1508
1508
1509
1512
1512
1512
1516
1516
1518
1518
1520
1520
1522
1522
1523
1526
1527
1528
1529
1530
1534
1534
1535
1535
1536
1536
1536
1537
1538
1539
1542
1542
1548
1550
1550
1551
1551
1552
1553
1554
1554
1556
1559
1561
1561
1563
1564
1568
1568
1570
1571
1575
1576
1578
1580
1583
1583
1584
1594
1595
1595
1605
1606
1608
1612
1619
1619
1626
1628
1630
1630
1635
1636
1636
1636
1637
1637
1637
1642
1645
1647
1651
1651
1653
1656
1657
1657
1658
1659
1660
1662
1662
1667
1667
1667
1669
1670
1671
1671
1672
1675
1675
1675
1677
1678
1679
1679
1679
1679
1680
1680
1680
1681
1682
1682
1684
1685
1685
1686
1686
1686
1687
1688
1691
1691
1692
1692
1693
1695
1696
1699
1700
1703
1704
1704
1704
1706
1706
1709
1710
1712
1720
1724
1724
1725
1729
1732
1736
1737
1738
1739
1741
1741
1741
1742
1744
1744
1745
1745
1747
1748
1750
1750
1751
1752
1753
1753
1754
1754
1754
1755
1755
1756
1757
1758
1760
1760
1761
1761
1761
1762
1762
1763
1764
1770
1773
1773
1773
1773
1778
1780
1780
1780
1782
1783
1783
1784
1785
1786
1788
1788
1790
1791
1792
1799
1807
1809
1812
1818
1822
1822
1823
1825
1825
1826
1832
1837
1839
1842
1843
1844
1848
1848
1850
1850
1852
1853
1854
1855
1856
1856
1857
1859
1859
1863
1864
1884
1887
1890
1911
1913
1913
1914
1915
1916
1917
1919
1926
1937
1937
1938
1938
1939
1942
1956
1956
1963
1963
1984
1988
2002
2002
2063
2064
2064
2069
2069
2085
2085
2086
2089
2092
2092
2094
2095
2098
2100
2100
2106
2122
2125
2128
2128
2128
2128
2129
2129
2129
2129
2129
2131
2153
2165
2165
2177
2178
2178
2266
2272
2272
2272
2272
2276
2279
2282
2284
2284
2291
2302
2307
2328
2328
2328
2328
2328
2358
2358
2358
2358
2359
2359
2360
2362
2378
2379
2381
2384
2387
2400
2415
2417
2418
2421
2423
2430
2434
2435
2439
2439
2439
2439
2455
2457
2460
2461
2468
2469
2469
2499
2503
2504
2504
2506
2509
2511
2532
2591
2592
2595
2596
2598
2599
2599
2602
2664
2684
2705
2805
2808
2809
2809
2812
2820
2820
2821
2864
2870
2877
2879
2886
2887
2888
2889
2891
2904
2936
2937
2997
3007
3007
3013
3014
3028
3046
3049
3064
3064
3065
3069
3069
3070
3090
3090
3112
3137
3174
3178
3182
3190
3191
3191
3199
3203
3209
3210
3211
3216
3217
3219
3220
3226
3246
3249
3250
3251
3252
3252
3254
3254
3267
3267
3269
3269
3277
3278
3280
3293
3294
3297
3297
3302
3314
3314
