1
1
2
3
3
3
4
4
4
4
5
5
7
7
8
8
8
9
9
9
10
10
11
12
12
12
12
14
14
15
16
16
16
16
16
18
18
18
19
19
19
19
20
20
20
20
20
21
21
21
21
22
22
22
22
22
22
22
22
22
22
22
22
22
23
23
23
23
23
23
23
23
23
23
23
23
24
24
24
24
24
24
25
25
25
26
26
27
28
28
28
28
28
29
29
29
29
29
29
29
30
30
30
30
30
30
30
30
30
30
31
31
31
31
31
31
32
32
32
32
32
32
32
33
33
33
33
33
33
33
34
34
34
34
34
34
34
34
35
35
35
35
35
36
36
36
36
36
36
36
36
36
36
36
36
37
37
37
38
38
38
38
38
38
38
39
39
39
40
40
41
41
41
41
41
41
42
42
42
42
42
42
42
42
42
42
42
42
42
43
43
43
43
44
44
44
45
45
46
46
47
47
47
47
47
47
48
49
49
49
50
50
50
50
50
51
51
51
52
53
54
54
54
55
57
57
58
58
58
60
61
61
62
63
63
66
66
66
66
67
67
67
67
69
71
71
71
72
72
72
72
73
73
73
75
76
76
76
77
77
77
78
79
79
80
80
81
81
81
82
82
83
83
84
84
85
86
86
87
87
88
89
89
89
90
91
91
91
91
91
92
92
92
92
92
92
92
92
93
93
93
94
95
96
96
97
97
97
98
99
99
100
100
100
100
104
104
105
105
105
105
106
106
107
107
107
107
107
108
108
108
109
109
109
110
110
110
111
111
112
112
113
113
113
114
114
114
114
114
114
115
115
115
116
116
116
117
117
118
118
118
119
119
119
121
121
122
122
122
123
123
123
124
124
124
125
125
125
125
126
126
126
127
128
129
129
129
130
130
131
131
131
131
132
134
136
136
137
137
137
141
141
143
143
143
143
144
144
144
144
144
144
145
145
145
146
147
148
148
148
148
148
149
149
149
149
150
150
150
150
150
150
150
150
151
151
151
151
151
151
152
152
152
152
152
152
153
153
153
153
153
153
153
153
154
155
155
156
156
156
156
156
156
156
156
157
157
157
157
157
158
159
159
159
161
161
162
163
163
164
165
165
165
165
165
165
165
165
166
166
166
167
167
167
168
168
168
168
168
168
169
169
169
169
169
169
169
169
170
170
170
170
170
170
170
170
170
170
171
171
171
171
171
171
171
172
172
172
172
172
172
172
172
173
173
173
174
175
175
176
176
177
179
179
180
180
182
182
183
183
184
184
184
185
185
185
185
186
186
186
186
186
187
187
187
187
188
188
189
189
189
189
190
190
190
190
192
192
192
192
192
192
192
192
192
192
192
192
193
193
194
195
195
195
197
198
200
200
200
200
200
200
201
201
201
201
201
201
201
202
202
202
203
203
203
204
204
204
205
205
205
206
206
207
208
210
211
211
212
212
213
214
214
214
215
215
215
215
216
216
217
217
218
218
219
219
219
220
220
220
220
221
222
222
223
223
223
224
224
225
226
227
227
227
227
228
228
228
229
229
230
230
232
232
232
232
232
233
234
234
234
234
235
235
236
236
237
238
239
240
240
241
241
241
241
241
243
243
243
243
243
244
244
245
245
245
245
246
246
246
247
247
247
247
247
247
247
247
248
248
248
248
249
249
249
249
250
250
250
251
251
252
252
253
253
254
254
255
255
255
255
255
256
256
256
256
257
258
259
259
260
261
261
263
264
264
264
265
266
266
267
267
267
267
268
268
270
271
271
271
272
272
272
273
273
273
273
273
273
274
274
275
275
276
277
277
278
278
278
279
279
279
280
280
280
281
281
281
283
283
283
284
285
286
286
287
287
287
287
287
287
288
288
289
291
291
291
292
292
293
293
293
294
295
296
300
303
304
306
308
308
308
309
313
313
313
313
314
314
314
314
314
314
314
314
315
315
315
315
315
315
315
316
317
317
317
318
318
318
318
318
318
318
318
318
318
318
318
319
319
319
319
319
319
319
320
320
320
320
320
320
320
320
320
320
320
321
321
321
321
321
321
321
321
322
322
322
322
322
322
323
323
324
326
327
332
336
336
336
336
339
339
342
345
345
346
347
347
348
349
352
354
354
355
355
355
355
356
356
357
358
358
358
360
360
362
367
369
372
373
374
375
376
377
377
378
381
382
387
393
408
408
414
417
461
461
462
499
502
504
504
507
508
508
511
513
514
515
516
518
518
520
520
522
523
525
528
529
530
532
533
534
537
537
538
538
539
539
540
540
540
541
541
542
542
542
542
543
543
545
545
545
546
546
549
550
550
551
551
553
554
556
556
559
561
566
569
569
569
570
570
571
575
575
576
577
580
584
586
586
591
592
593
594
601
605
609
613
615
621
621
621
623
629
629
630
630
633
633
634
636
641
641
644
651
653
657
657
659
661
662
665
668
675
677
680
681
692
692
692
692
692
692
692
692
693
693
694
695
696
696
697
698
702
703
712
717
717
717
717
731
731
733
735
740
748
753
759
766
767
773
779
785
835
835
835
852
852
913
916
950
975
976
976
993
997
1005
1009
1013
1014
1016
1036
1037
1037
1037
1038
1038
1039
1042
1043
1047
1049
1058
1075
1089
1090
1090
1090
1091
1091
1092
1092
1093
1093
1093
1094
1095
1099
1104
1105
1125
1131
1135
1136
1139
1149
1156
1157
1160
1160
1160
1164
1165
1165
1178
1181
1184
1184
1193
1202
1205
1207
1212
1222
1242
1244
1247
1248
1272
1301
1312
1328
1328
1333
1335
1338
1340
1341
1344
1346
1347
1347
1347
1348
1348
1348
1350
1351
1351
1356
1356
1357
1358
1358
1360
1360
1365
1365
1365
1365
1370
1374
1376
1376
1377
1377
1379
1379
1380
1397
1403
1404
1404
1407
1407
1409
1409
1420
1421
1422
1423
1423
1424
1424
1425
1425
1426
1426
1427
1427
1427
1428
1428
1428
1429
1429
1430
1431
1433
1433
1433
1434
1434
1435
1435
1436
1437
1437
1439
1440
1440
1440
1441
1441
1442
1442
1442
1442
1443
1443
1443
1443
1444
1445
1445
1445
1445
1445
1445
1445
1446
1446
1446
1447
1447
1447
1447
1447
1447
1447
1447
1447
1447
1448
1448
1448
1448
1448
1448
1448
1448
1448
1448
1449
1449
1449
1450
1451
1451
1451
1452
1452
1453
1455
1455
1455
1455
1455
1455
1457
1457
1457
1458
1460
1460
1460
1460
1462
1462
1462
1462
1462
1463
1464
1464
1464
1464
1464
1464
1465
1466
1467
1468
1468
1468
1469
1470
1470
1471
1471
1472
1473
1473
1473
1474
1474
1475
1475
1475
1475
1475
1476
1476
1476
1477
1477
1478
1479
1479
1479
1481
1481
1481
1482
1483
1483
1484
1485
1487
1487
1488
1488
1489
1491
1492
1494
1497
1498
1499
1500
1500
1500
1501
1502
1502
1503
1504
1507
1507
1508
1513
1514
1516
1516
1520
1520
1520
1520
1528
1529
1529
1529
1529
1530
1530
1530
1532
1534
1535
1538
1539
1542
1543
1545
1546
1548
1557
1561
1566
1569
1569
1573
1574
1574
1579
1582
1584
1587
1588
1589
1590
1590
1590
1593
1593
1593
1593
1595
1596
1596
1597
1600
1601
1601
1602
1603
1603
1603
1604
1605
1605
1605
1605
1605
1605
1605
1605
1606
1606
1606
1606
1606
1606
1606
1606
1606
1608
1609
1610
1612
1614
1614
1615
1616
1617
1617
1618
1618
1621
1622
1623
1623
1623
1623
1623
1626
1627
1628
1629
1630
1630
1630
1632
1633
1633
1634
1634
1635
1635
1635
1636
1637
1638
1638
1640
1640
1641
1641
1644
1644
1646
1647
1648
1649
1650
1651
1651
1652
1654
1660
1660
1660
1664
1669
1670
1670
1671
1671
1675
1676
1676
1678
1678
1678
1679
1680
1680
1685
1687
1689
1690
1692
1692
1695
1695
1695
1696
1699
1699
1699
1702
1703
1705
1706
1707
1708
1708
1708
1710
1712
1713
1714
1718
1720
1720
1721
1723
1725
1725
1725
1727
1733
1736
1737
1738
1741
1743
1744
1746
1748
1748
1754
1755
1756
1756
1757
1757
1760
1761
1768
1770
1772
1773
1774
1775
1776
1776
1776
1776
1777
1777
1777
1778
1779
1781
1782
1782
1785
1786
1790
1790
1791
1793
1793
1793
1798
1798
1801
1804
1805
1807
1808
1808
1808
1808
1808
1809
1809
1809
1810
1810
1810
1811
1811
1811
1813
1815
1816
1817
1819
1825
1825
1825
1825
1827
1827
1830
1830
1831
1833
1835
1842
1844
1844
1845
1846
1848
1850
1850
1850
1855
1856
1856
1864
1869
1874
1874
1874
1874
1880
1880
1880
1891
1897
1903
1904
1905
1907
1909
1910
1911
1912
1912
1917
1917
1929
1947
1947
1953
1955
1955
1961
1964
1965
1972
1973
1975
1978
1985
1985
1985
1987
1992
1992
2009
2016
2017
2040
2043
2049
2056
2056
2096
2105
2117
2135
2135
2136
2136
2166
2169
2171
2174
2183
2189
2196
2203
2203
2204
2204
2206
2206
2212
2259
2261
2265
2265
2273
2277
2282
2284
2287
2296
2296
2307
2504
2504
2507
2508
2512
2513
2516
2529
2534
2534
2535
2535
2540
2540
2546
2546
2548
2707
2783
2810
2810
2810
2810
2811
2811
2812
2812
2813
2814
2835
2843
2855
2858
2861
2861
2883
2883
2883
2883
2884
2884
2885
2885
2885
2885
2887
2887
2887
2888
2898
2901
2941
2943
2947
2959
2960
2964
2964
2964
2969
2972
2973
2974
2975
2976
2976
2981
2982
2982
2986
2989
2990
2990
2991
2991
2991
2993
2993
2994
2997
2999
3001
3004
3005
3009
3010
3013
3013
3013
3015
3017
3017
3019
3021
3021
3021
3021
3022
3024
3026
3027
3028
3028
3030
3030
3031
3031
3031
3032
3032
3034
3034
3034
3038
3039
3040
3041
3045
3046
3047
3049
3052
3054
3060
3061
3064
3070
3077
3079
3080
3082
3082
3085
3085
3087
3087
3088
3089
3092
3094
3094
3096
3103
3104
3104
3110
3113
3119
3122
3123
3126
3128
3132
3135
3136
3141
3144
3148
3152
3157
3159
3161
3161
3162
3162
3162
3165
3165
3166
3166
3171
3175
3176
3178
3178
3179
3185
3187
3187
3189
3189
3190
3190
3193
3194
3195
3195
3195
3196
3198
3207
3208
3209
3212
3212
3213
3218
3218
3224
3229
3234
3235
3238
3239
3239
3241
3241
3242
3242
3242
3242
3243
3244
3245
3246
3248
3250
3251
3254
3254
3254
3255
3255
3256
3257
3257
3257
3259
3260
3265
3266
3268
3274
3275
3276
3283
3285
3287
3287
3290
3290
3294
3295
3297
3300
3303
3322
3327
3327
3328
3330
3331
3348
3384
3389
3390
3390
3390
3393
3393
3393
3394
3394
3403
3413
3417
3431
3470
3471
3473
3480
3494
3663
3722
3727
3735
3736
3856
3856
3882
3953
3960
3960
3960
3961
3963
3967
3967
3971
3971
3974
3977
3990
3990
4039
4073
4083
4084
4156
4224
4227
4233
4239
4239
4242
4434
4465
4478
4484
4484
4484
4490
4496
4498
4507
4509
4510
4540
4542
4628
4653
4656
4660
4662
4662
4675
4676
4677
4678
4678
4680
4682
4686
4687
4689
4689
4693
4700
4702
4705
4710
4713
4729
4732
4743
4744
4750
4750
4751
4751
4751
4751
4752
4754
4756
4757
4757
4757
4757
4758
4758
4758
4759
4759
4762
4766
4766
4767
4771
4777
4778
4778
4789
4789
4797
4798
4801
4806
4806
4812
4828
4830
4834
4837
4837
4840
4847
4847
4854
4871
4884
4885
4888
4890
4890
4890
4891
4891
4894
4895
4904
4911
4912
4912
4913
4914
4918
4919
4925
4926
4929
4932
4933
4934
4937
4937
4940
4944
4945
4952
4953
4955
4955
4956
4964
4970
4971
4977
4977
4979
4981
5045
5159
5166
5172
5172
5188
5189
5241
5243
5244
5246
5251
5278
5340
5763
6016
6023
6124
6138
6139
6140
6141
6142
6151
6183
6189
6191
6192
6194
6220
6221
6223
6224
6224
6226
6229
6231
6241
6250
6256
6260
6260
6271
6304
6305
6305
6306
6311
6316
6319
6321
6324
6328
6335
6336
6337
6338
6339
6340
6345
6346
6348
6349
6372
6375
6393
6410
6411
6412
6416
6421
6426
6426
6427
6427
6431
6437
6440
6453
6459
6579
6600
6617
6713
6818
6993
6993
7095
7100
7217
7611
7638
7664
7666
7680
7681
7732
7802
7809
7811
7833
7834
7837
7867
7874
7876
7888
7893
7900
7913
7993
7996
8001
8010
8023
8025
8033
8042
8044
8044
8044
8053
8058
8059
8069
8073
8075
8089
8096
8099
8104
8109
8121
8163
8170
8174
8181
8184
8190
8191
8191
8191
8206
8252
8256
8278
8708
8713
8736
8737
8738
8739
8750
8766
8767
8772
8780
8784
8786
8795
8796
8803
8813
8832
8892
8948
9276
9302
9400
9406
9413
9415
