0
1
1
2
3
3
3
3
5
5
6
6
6
7
8
8
8
8
8
9
10
10
10
11
11
11
11
11
11
12
12
12
12
12
12
13
13
13
14
14
14
14
14
14
14
14
14
14
14
14
15
15
15
15
15
16
16
16
17
17
17
17
17
18
18
18
19
19
19
19
19
19
20
20
20
20
20
20
20
20
20
20
20
20
20
20
20
20
20
20
20
21
21
21
21
21
21
21
21
21
21
21
21
21
21
21
21
21
21
21
21
21
21
22
22
22
22
22
23
23
23
24
24
24
24
24
24
25
25
26
26
26
26
27
27
27
27
27
27
27
27
27
27
27
27
27
27
27
27
27
27
28
28
28
28
28
28
28
28
28
28
29
29
29
29
29
29
29
29
29
29
30
30
30
30
30
30
30
31
31
32
32
32
32
32
33
33
33
33
33
34
34
34
34
34
35
35
35
35
35
36
36
37
37
37
38
38
39
39
39
39
40
40
40
41
41
41
41
42
42
42
42
42
42
42
43
43
43
43
43
43
43
43
43
44
44
44
44
44
45
46
46
46
46
47
47
47
47
47
47
47
47
48
48
48
48
48
48
48
48
48
48
48
49
49
50
50
50
50
51
51
51
51
52
52
52
52
53
53
53
53
53
54
54
54
55
55
56
56
56
56
56
57
57
58
58
58
59
59
60
61
61
61
62
62
62
62
63
63
63
63
63
64
64
64
64
65
65
65
65
65
65
66
66
66
67
67
67
68
68
68
70
70
70
70
71
71
72
72
72
72
72
72
73
73
73
74
74
75
75
76
76
76
76
76
76
76
76
77
77
78
78
79
79
79
80
80
80
80
80
80
80
80
80
80
80
81
81
81
82
83
83
83
84
84
84
84
84
84
84
84
84
84
84
84
84
84
84
84
84
85
85
85
85
85
85
85
85
85
85
85
85
85
85
86
86
86
86
87
87
87
87
88
88
89
89
90
90
90
93
93
93
93
93
93
93
93
93
94
94
94
94
94
94
95
95
95
95
96
96
96
96
97
97
97
97
97
98
99
99
100
100
101
101
101
101
101
102
103
103
103
103
103
103
103
103
103
103
104
104
104
104
105
105
106
106
107
107
107
108
108
108
108
108
108
109
109
109
109
109
110
110
110
110
111
111
112
112
113
113
115
115
115
116
117
117
117
118
118
118
118
119
119
119
120
120
120
121
121
122
122
122
122
122
123
124
124
124
124
124
125
126
126
127
127
127
128
128
128
129
130
130
131
131
132
133
133
134
134
134
134
134
136
136
136
136
136
137
138
139
140
140
140
141
142
142
142
143
143
143
144
144
144
145
145
146
146
147
147
147
147
147
147
147
147
147
148
148
148
148
148
148
148
148
148
148
148
148
148
149
149
149
149
149
150
150
151
151
152
152
153
153
153
153
153
155
155
155
156
156
156
157
157
157
158
158
158
158
158
158
158
159
159
159
159
160
161
161
161
161
161
161
162
162
162
162
162
162
162
162
162
162
163
163
163
163
163
163
163
163
163
164
164
164
165
165
166
166
166
166
166
166
166
166
166
166
166
166
167
167
167
167
167
167
167
167
167
168
168
168
169
169
169
169
169
170
170
170
170
171
171
171
172
172
174
174
175
175
176
176
177
177
178
178
179
180
181
181
181
182
182
182
184
184
185
187
187
188
189
189
189
189
189
189
189
189
190
190
192
193
193
193
194
194
194
194
194
194
194
194
194
195
195
196
196
196
196
197
197
197
197
197
197
197
197
197
198
199
199
199
199
200
201
201
201
202
202
202
203
203
204
205
205
206
206
206
207
207
208
210
210
210
212
212
212
212
212
212
214
214
215
216
216
216
216
217
217
217
217
217
217
217
220
220
221
222
222
223
225
225
226
226
226
226
226
226
226
226
229
230
230
230
230
231
231
231
231
231
232
232
232
232
232
232
233
233
233
233
234
234
235
236
236
236
236
236
236
236
236
238
238
239
239
239
240
240
240
241
242
242
244
246
247
247
247
247
247
248
248
249
250
253
256
256
257
257
257
258
258
258
258
258
260
262
262
262
265
265
265
266
267
267
267
268
268
270
271
272
274
277
280
280
281
281
281
282
283
283
283
284
284
284
285
287
288
288
288
288
289
289
290
290
291
293
295
297
298
299
299
299
299
300
300
301
301
302
303
305
305
306
307
308
312
319
326
326
334
336
339
344
345
346
348
348
349
351
353
353
354
355
356
358
360
363
366
367
395
397
400
400
401
402
404
404
405
407
409
410
414
415
416
419
423
423
424
424
424
425
426
427
428
428
428
432
433
434
434
434
435
437
438
438
439
440
441
442
442
442
444
445
446
448
448
450
452
454
456
456
458
458
458
458
459
459
460
460
461
461
463
465
468
468
468
478
478
478
479
480
481
481
482
484
485
488
491
495
497
498
498
498
498
502
502
502
503
508
510
511
512
513
513
513
513
513
513
514
514
514
514
514
514
514
514
514
515
515
515
515
516
519
519
519
519
519
520
520
520
520
520
520
520
521
521
521
523
523
523
524
530
538
562
566
566
574
574
576
579
586
597
600
607
624
631
634
636
642
645
646
647
651
654
657
660
666
667
671
676
678
680
688
688
696
696
698
700
706
707
718
720
722
723
725
728
731
740
742
745
753
759
771
771
787
791
791
791
793
874
877
881
889
895
896
904
906
906
906
906
906
907
908
924
929
929
931
932
933
934
935
939
943
943
945
945
945
946
947
948
948
953
954
955
955
955
956
957
959
963
964
964
966
967
968
969
970
970
971
973
974
976
976
977
977
977
979
980
988
990
992
997
997
998
1002
1006
1006
1008
1009
1009
1012
1014
1016
1017
1018
1022
1023
1043
1056
1188
1214
1266
1273
1279
1280
1293
1298
1302
1303
1319
1325
1332
1338
1343
1354
1373
1373
1375
1377
1377
1392
1392
1392
1392
1392
1392
1392
1392
1393
1393
1393
1393
1393
1401
1401
1404
1405
1406
1423
1425
1426
1427
1428
1429
1433
1435
1438
1440
1441
1441
1442
1443
1443
1444
1444
1445
1445
1448
1449
1449
1449
1449
1449
1450
1450
1451
1452
1452
1457
1463
1463
1464
1464
1465
1465
1465
1465
1466
1466
1466
1467
1469
1470
1470
1471
1471
1471
1473
1475
1475
1475
1476
1476
1477
1478
1479
1483
1486
1486
1486
1487
1487
1487
1487
1487
1487
1487
1487
1488
1488
1488
1488
1488
1490
1497
1498
1500
1502
1504
1510
1513
1514
1519
1520
1521
1523
1524
1525
1539
1541
1541
1544
1544
1545
1545
1545
1545
1547
1548
1551
1554
1556
1559
1560
1561
1562
1562
1562
1563
1563
1564
1567
1568
1569
1569
1569
1571
1571
1573
1575
1576
1577
1578
1579
1579
1582
1583
1586
1587
1587
1588
1589
1598
1599
1600
1600
1601
1604
1608
1609
1610
1612
1613
1614
1615
1616
1618
1619
1619
1620
1621
1622
1625
1625
1626
1628
1628
1633
1636
1637
1640
1644
1644
1644
1644
1644
1645
1645
1647
1647
1649
1650
1651
1651
1651
1651
1653
1655
1656
1660
1661
1661
1664
1665
1667
1667
1668
1669
1675
1679
1680
1681
1681
1684
1685
1685
1687
1690
1691
1692
1693
1694
1694
1696
1697
1698
1698
1699
1700
1701
1702
1702
1703
1703
1704
1704
1705
1707
1707
1708
1710
1712
1714
1716
1716
1716
1717
1718
1718
1719
1719
1722
1722
1723
1725
1725
1726
1726
1726
1726
1726
1726
1729
1729
1731
1732
1738
1741
1748
1753
1755
1760
1761
1764
1767
1769
1769
1772
1773
1773
1774
1776
1776
1778
1782
1783
1783
1783
1783
1783
1783
1783
1783
1784
1784
1784
1784
1784
1784
1784
1784
1786
1790
1791
1791
1792
1792
1792
1793
1795
1797
1807
1810
1817
1818
1819
1821
1825
1829
1830
1831
1832
1835
1850
1867
1893
1897
1897
1898
1898
1899
1899
1900
1900
1900
1900
1902
1906
1918
1923
1925
1925
1925
1926
1926
1926
1927
1928
1929
1930
1932
1935
1937
1938
1941
1941
1941
1942
1943
1943
1943
1944
1953
1953
1953
1954
1954
1954
1954
1954
1954
1954
1955
1955
1955
1956
1956
1970
2048
2056
2058
2058
2060
2061
2062
2064
2064
2072
2078
2078
2078
2079
2084
2087
2088
2095
2105
2109
2112
2136
2137
2139
2141
2157
2183
2193
2197
2198
2214
2216
2235
2236
2278
2284
2286
2287
2291
2307
2309
2309
2309
2309
2309
2309
2309
2310
2310
2310
2310
2310
2310
2311
2313
2316
2316
2321
2321
2322
2322
2322
2322
2323
2324
2328
2328
2328
2328
2328
2328
2328
2333
2336
2338
2340
2341
2359
2364
2367
2369
2370
2373
2374
2376
2379
2381
2385
2386
2388
2388
2392
2392
2394
2395
2396
2396
2396
2396
2402
2414
2431
2451
2584
2588
2590
2590
2598
2604
2607
2609
2613
2613
2615
2616
2621
2631
2633
2633
2638
2642
2685
2705
2707
2710
2712
2721
2734
2768
2840
2871
2874
2874
2894
2895
2895
2895
2895
2901
2911
2912
2912
2914
2916
2932
2932
2932
2933
2933
2933
2934
2934
2934
2934
2935
2935
2935
2935
2935
2936
2936
2936
2936
2944
2944
2952
2959
2960
2960
2961
2964
2968
2975
2983
2986
2987
2992
2993
2996
2996
2997
2997
3001
3004
3009
3019
3025
3025
3026
3026
3027
3027
3027
3033
3037
3038
3040
3046
3046
3046
3046
3049
3058
3113
3114
3117
3120
3122
3123
3133
3133
3136
3137
3138
3149
3151
3153
3154
3155
3158
3158
3164
3164
3165
3165
3170
3171
3172
3182
3182
3184
3190
3194
3196
3197
3197
3201
3207
3208
3236
3248
3248
3250
3250
3252
3255
3257
3261
3274
3275
3279
3280
3291
3295
3296
3296
3297
3301
3305
3306
3307
3307
3307
3307
3307
3307
3308
3308
3308
3308
3308
3308
3309
3311
3312
3314
3314
3314
3314
3315
3315
3315
3315
3316
3316
3318
3318
3319
3319
3320
3321
3321
3322
3323
3323
3324
3324
3324
3325
3325
3326
3326
3327
3327
3328
3329
3332
3334
3334
3335
3343
3343
3353
3365
3372
3376
3376
3383
3391
3392
3393
3396
3404
3407
3407
3409
3413
3414
3417
3418
3420
3420
3422
3436
3444
3449
3451
3451
3457
3475
3538
3549
3552
3555
3558
3563
3566
3566
3568
3573
3576
3579
3580
3581
3582
3583
3583
3584
3585
3586
3592
3593
3595
3595
3596
3602
3603
3603
3604
3604
3604
3604
3610
3621
3635
3646
3647
3651
3660
3660
3661
3666
3673
3677
3685
3702
3711
3713
3715
3724
3736
3736
3746
3758
3774
3778
3781
3801
3814
3817
3817
3818
3820
3821
3821
3822
3829
3830
3841
3843
3844
3844
3845
3848
3848
3849
3850
3851
3851
3981
4029
4030
4035
4035
4067
4071
4072
4101
4101
4110
4179
4181
4264
4267
4267
4267
4272
4274
4274
4275
4276
4276
4276
4288
4291
4319
4319
4331
4428
4429
4500
4501
4529
4535
4584
4593
4595
4633
4638
4660
4662
4666
4668
4668
4670
4674
4691
4692
4701
4703
4703
4705
4745
4757
4757
4759
4772
4793
4812
4815
4826
4830
4853
4867
4868
4872
4894
4904
4904
4908
4917
4954
4975
4979
4998
5007
5012
5013
5043
5067
5082
5083
5083
5085
5086
5087
5105
5105
5150
5169
5170
5245
5323
5345
5350
5351
5363
5377
5384
5385
5385
5386
5386
5386
5386
5387
5393
5416
5446
5447
5449
5449
5449
5450
5450
5457
5465
5466
5554
5571
5574
5599
5604
5612
5632
5727
5728
5728
5740
5751
5754
5754
5936
5937
5962
6003
6006
6024
6142
6147
6153
6155
6177
6311
6421
6427
6428
6433
6434
6434
6435
6439
6442
6443
6443
6449
6450
6451
6453
6460
6467
6480
6482
6482
6483
6486
6486
6489
6491
6501
6509
6512
6514
6515
6518
6518
6522
6526
6526
6529
6534
6541
6542
6588
6590
6592
6596
6596
6596
6600
6619
6639
6744
6795
6799
6821
6947
6956
6965
6971
6973
7063
7091
7104
7108
7180
7288
7292
7305
7307
7309
7311
7313
7319
7323
7323
7324
7324
7332
7545
7546
7568
7606
7607
7693
7701
8028
8034
8034
8050
8050
8051
8056
8066
8069
8069
8074
8079
8082
8082
8089
8089
8089
8090
8090
8090
8091
8092
8093
8093
8094
8094
8094
8094
8094
8095
8095
8099
8109
8122
8132
8136
8137
8138
8138
8141
8142
8143
8144
8145
8145
8147
8148
8148
8149
8150
8151
8151
8152
8155
8156
8158
8158
