0
0
0
2
2
3
3
4
4
5
6
6
7
7
7
9
9
10
10
10
10
11
12
12
12
12
12
12
13
13
14
15
15
15
16
16
16
16
16
17
17
17
18
18
18
18
18
18
19
19
19
19
19
20
20
20
20
20
20
21
21
21
21
21
21
22
23
23
23
23
23
24
24
24
24
24
25
25
25
26
26
28
28
28
28
30
30
30
30
30
31
31
31
31
31
32
32
32
32
32
32
32
32
32
32
32
32
32
33
33
33
33
33
33
33
33
33
34
34
34
34
34
34
35
35
36
36
36
36
36
37
37
37
37
37
37
37
37
38
38
38
38
38
38
38
38
38
38
38
38
39
39
39
39
39
39
39
39
39
39
39
39
40
40
40
40
40
40
40
42
42
42
42
42
43
43
43
45
45
45
45
45
45
45
46
46
46
46
46
46
47
48
48
48
49
49
49
49
49
49
50
50
50
51
51
51
51
51
51
51
51
51
51
51
51
51
51
51
51
51
52
52
52
52
52
52
52
52
52
52
52
52
52
52
52
53
53
54
56
56
56
56
57
57
57
57
58
58
59
59
59
60
60
60
60
61
61
61
61
61
61
62
62
62
63
64
65
65
65
65
65
65
65
65
66
66
66
66
66
66
66
67
67
67
67
67
67
67
67
67
68
68
69
70
70
71
72
72
73
73
73
74
74
74
75
75
76
78
78
78
78
78
78
79
79
80
81
82
82
82
83
83
84
86
89
89
90
91
91
91
92
92
92
92
92
93
93
93
93
93
93
93
94
94
95
95
96
97
97
97
98
98
98
98
98
98
98
98
98
98
99
100
100
100
100
100
100
100
101
101
101
101
102
103
104
104
105
105
105
105
105
105
106
106
106
106
106
107
107
107
107
108
108
108
109
109
109
109
110
110
110
110
111
111
113
113
114
114
115
116
116
116
117
117
117
118
118
118
119
119
120
120
120
122
122
123
123
124
124
125
126
126
127
127
128
128
129
129
130
130
130
132
132
133
133
134
134
135
135
135
136
136
137
137
138
139
139
139
141
141
141
142
142
143
144
144
144
145
145
145
146
146
147
147
147
148
148
148
148
149
149
149
150
150
151
151
151
152
152
152
152
152
153
154
154
156
156
156
156
156
156
156
157
157
157
157
157
157
157
157
157
158
158
158
158
158
158
159
159
159
160
160
161
161
161
162
162
162
162
162
163
163
163
163
164
166
168
171
171
172
173
173
173
174
174
174
175
175
176
177
177
177
178
178
179
181
181
181
181
181
181
183
184
185
185
186
186
186
186
187
187
187
189
189
191
192
192
192
193
194
195
195
195
196
196
196
197
197
197
200
200
203
203
203
203
204
204
204
206
207
208
208
209
209
209
211
211
213
213
213
214
214
215
217
219
219
220
221
221
222
222
222
223
223
223
223
223
224
226
227
227
228
228
229
230
230
230
230
231
233
233
233
233
234
235
236
237
238
238
238
238
239
240
241
241
242
242
243
243
244
245
245
245
245
246
246
246
247
247
247
248
248
248
250
250
251
251
251
252
253
254
254
255
255
256
256
256
256
257
257
257
257
257
257
257
258
258
258
258
259
259
261
261
261
261
261
261
261
262
262
262
262
262
262
262
262
262
262
262
262
262
262
262
263
263
263
267
268
269
269
270
270
271
271
271
271
271
271
272
272
272
272
274
274
276
277
277
277
277
278
280
281
281
281
282
285
286
287
288
289
290
290
291
293
295
296
296
297
297
298
299
299
301
301
304
305
306
308
308
308
310
310
311
311
311
313
314
314
316
316
319
319
323
323
323
324
326
328
331
333
334
334
335
338
339
339
343
343
344
352
356
358
363
374
384
387
390
391
394
402
402
405
427
430
431
431
432
432
434
436
438
438
441
443
446
451
458
458
459
459
459
461
462
463
466
466
467
468
468
468
469
469
470
470
470
471
471
471
472
472
472
472
472
472
472
472
472
473
473
473
473
473
477
477
481
483
486
487
494
494
495
496
497
501
507
508
508
508
509
510
515
519
521
523
524
529
531
538
538
541
543
543
543
543
544
565
567
568
571
572
573
573
576
578
579
582
584
584
584
585
587
587
588
588
590
591
592
594
594
595
596
596
596
597
600
601
603
603
603
605
605
606
609
610
610
610
612
624
624
624
624
625
625
629
630
631
632
632
633
633
635
635
635
636
636
636
639
643
646
646
647
648
648
648
648
648
649
649
650
655
657
659
663
665
665
666
666
666
671
671
674
675
675
682
683
683
683
690
693
695
695
696
697
704
707
716
716
717
717
718
719
720
720
721
722
723
723
724
728
730
731
731
731
731
732
732
732
733
734
736
739
739
742
743
744
747
748
748
750
751
766
768
768
775
775
775
776
778
781
784
787
787
788
788
788
788
788
788
788
788
788
788
788
789
789
789
789
793
794
794
794
794
795
795
795
795
795
795
796
796
796
798
798
799
800
800
800
801
801
802
803
805
811
811
816
817
819
820
822
827
827
828
834
834
834
834
837
849
853
862
863
865
866
868
871
872
874
874
876
877
880
882
884
887
887
892
895
896
901
902
903
903
903
907
910
917
919
919
920
921
921
924
927
933
934
940
942
949
950
951
951
952
953
954
954
954
955
955
955
955
955
955
955
955
955
955
955
955
956
956
956
956
956
956
960
962
963
964
967
968
969
970
974
975
984
992
992
992
994
995
995
996
996
996
996
998
999
999
999
1008
1010
1011
1011
1017
1045
1054
1058
1058
1062
1068
1070
1076
1077
1094
1115
1116
1116
1116
1118
1119
1125
1126
1159
1184
1205
1206
1207
1209
1210
1213
1216
1216
1221
1221
1223
1224
1228
1236
1236
1237
1238
1242
1242
1246
1256
1258
1258
1259
1260
1260
1260
1260
1260
1264
1267
1267
1267
1288
1288
1332
1371
1373
1377
1378
1378
1379
1379
1379
1380
1385
1385
1385
1385
1385
1386
1386
1386
1389
1390
1392
1397
1398
1398
1398
1399
1399
1399
1400
1403
1407
1407
1407
1417
1426
1429
1429
1429
1431
1434
1435
1438
1438
1438
1438
1439
1439
1439
1439
1439
1439
1439
1439
1439
1440
1440
1440
1440
1443
1443
1444
1444
1444
1444
1444
1445
1446
1446
1449
1453
1455
1456
1460
1461
1461
1461
1463
1464
1464
1465
1466
1467
1470
1470
1470
1471
1471
1471
1471
1473
1473
1474
1475
1476
1477
1477
1478
1478
1479
1479
1479
1480
1480
1480
1480
1481
1481
1481
1481
1481
1481
1481
1481
1482
1482
1482
1485
1486
1486
1486
1486
1489
1489
1490
1492
1493
1494
1494
1495
1495
1495
1497
1498
1498
1501
1502
1502
1504
1504
1505
1508
1508
1510
1512
1513
1522
1522
1522
1524
1524
1526
1526
1527
1527
1528
1530
1531
1531
1531
1532
1532
1532
1533
1533
1536
1539
1539
1544
1549
1553
1559
1561
1565
1565
1566
1572
1574
1577
1577
1578
1582
1583
1585
1588
1592
1594
1595
1596
1596
1596
1597
1599
1600
1601
1602
1603
1603
1604
1604
1604
1604
1604
1605
1609
1609
1610
1614
1615
1615
1618
1618
1618
1622
1624
1625
1625
1627
1627
1628
1628
1630
1630
1631
1635
1636
1640
1641
1642
1642
1643
1643
1643
1643
1643
1643
1643
1644
1644
1644
1646
1647
1650
1652
1656
1658
1660
1663
1666
1668
1668
1669
1669
1669
1670
1670
1673
1673
1674
1676
1676
1677
1680
1682
1683
1683
1683
1685
1688
1688
1689
1690
1690
1693
1693
1693
1694
1694
1695
1695
1696
1696
1697
1698
1699
1699
1703
1707
1708
1710
1714
1714
1714
1714
1716
1718
1718
1722
1722
1723
1723
1723
1723
1723
1724
1724
1725
1725
1725
1726
1727
1727
1727
1728
1729
1731
1731
1731
1733
1734
1737
1738
1739
1739
1740
1740
1740
1740
1740
1741
1741
1741
1741
1741
1741
1741
1741
1741
1741
1742
1742
1742
1742
1742
1742
1743
1743
1743
1743
1744
1746
1746
1747
1747
1747
1748
1749
1750
1750
1750
1750
1752
1753
1753
1754
1756
1758
1758
1759
1760
1760
1760
1760
1760
1760
1760
1760
1761
1761
1761
1761
1764
1765
1765
1766
1766
1766
1767
1767
1767
1768
1768
1769
1769
1769
1769
1771
1771
1772
1772
1773
1774
1774
1778
1778
1779
1779
1780
1780
1781
1782
1783
1783
1783
1784
1784
1784
1787
1788
1790
1796
1799
1828
1838
1838
1838
1842
1842
1842
1843
1845
1845
1845
1847
1856
1862
1863
1863
1865
1871
1878
1882
1884
1890
1891
1894
1899
1899
1899
1914
1916
1921
1926
1929
1930
1933
1938
1941
1944
1951
1953
1953
1956
1965
1968
1968
1968
1968
1969
1971
1971
1972
1979
1981
1982
1994
1998
2005
2006
2007
2008
2012
2013
2013
2013
2014
2015
2017
2021
2022
2029
2044
2044
2059
2059
2060
2062
2062
2070
2070
2075
2075
2078
2081
2091
2094
2095
2099
2100
2101
2103
2103
2108
2108
2108
2109
2110
2111
2115
2116
2118
2122
2129
2129
2131
2132
2142
2152
2152
2159
2275
2281
2282
2286
2288
2289
2295
2295
2298
2306
2309
2310
2313
2314
2314
2316
2323
2324
2324
2325
2331
2346
2346
2358
2362
2375
2375
2378
2390
2390
2391
2394
2415
2416
2446
2459
2462
2528
2529
2530
2530
2530
2530
2530
2531
2531
2531
2531
2531
2531
2532
2532
2532
2532
2532
2532
2532
2534
2534
2537
2537
2537
2544
2546
2546
2552
2554
2554
2556
2558
2559
2563
2566
2567
2570
2572
2580
2581
2582
2584
2592
2609
2613
2616
2624
2647
2648
2650
2669
2702
2703
2704
2709
2709
2710
2710
2710
2710
2710
2710
2710
2711
2711
2711
2711
2712
2716
2716
2716
2717
2717
2717
2717
2717
2717
2718
2718
2718
2718
2718
2722
2725
2727
2735
2740
2741
2741
2743
2745
2747
2760
2768
2778
2803
2804
2804
2804
2805
2823
2823
2823
2823
2823
2824
2824
2874
2881
2881
2890
2894
2905
2908
2931
2931
2932
2950
2950
2958
2963
2973
2979
2984
2985
2986
2986
2989
2993
2994
2996
2997
2998
3007
3009
3009
3010
3014
3018
3019
3021
3025
3027
3029
3032
3043
3046
3050
3050
3056
3065
3069
3072
3075
3076
3082
3084
3085
3086
3092
3094
3096
3096
3097
3097
3098
3102
3106
3107
3108
3110
3111
3112
3112
3114
3114
3117
3119
3120
3121
3122
3122
3122
3124
3124
3124
3125
3129
3129
3130
3130
3131
3132
3135
3138
3138
3138
3141
3146
3149
3161
3162
3163
3164
3165
3166
3176
3180
3187
3190
3190
3195
3196
3198
3198
3199
3202
3211
3211
3218
3220
3220
3225
3230
3230
3234
3242
3245
3249
3249
3249
3254
3257
3262
3268
3268
3275
3277
3278
3279
3279
3279
3288
3292
3292
3293
3297
3299
3301
3302
3305
3306
3306
3307
3307
3309
3318
3318
3319
3319
3326
3329
3332
3334
3340
3343
3347
3364
3371
3375
3378
3395
3395
3401
3415
3416
3431
3433
3434
3445
3476
3495
3625
3625
3631
3632
3644
3644
3648
3648
3649
3655
3655
3656
3657
3658
3664
3667
3667
3671
3673
3680
3794
3805
3806
3806
3810
3818
3831
3847
3850
3851
3866
3879
3894
3955
3958
3965
3974
3975
3992
3995
4025
4099
4144
4239
4267
4308
4309
4333
4335
4521
4523
4595
4599
4600
4601
4616
4628
4656
4661
4664
4691
4699
4706
4721
4731
4742
4744
4749
4749
4753
4753
4768
4768
4784
4809
4811
4822
4838
4854
4854
4856
4857
4874
4874
4875
4937
4938
4943
4946
4954
4959
4969
4982
5012
5013
5021
5026
5031
5040
5058
5058
5065
5082
5088
5089
5100
5101
5105
5105
5108
5119
5137
5144
5154
5156
5157
5159
5180
5182
5189
5352
5408
5410
5448
5455
5455
5503
5505
5506
5517
5630
5703
5709
5773
5778
5816
6037
6077
6081
6095
6100
6100
6118
6118
6119
6123
6124
6125
6126
6163
6163
6164
6167
6177
6240
6241
6249
6249
6254
6257
6257
6258
6264
6281
6283
6283
6302
6345
6353
6353
6355
6365
6381
6402
6410
6430
6434
6435
6435
6448
6463
6466
6478
6480
6481
6490
6499
6501
6502
6503
6504
6504
6514
6542
6550
6551
6584
6588
6589
6592
6595
6595
6597
6598
6608
6634
6635
6654
6658
6659
6660
6664
6664
6665
6667
6670
6721
6735
6740
6743
6757
6759
6760
6766
6766
6767
6768
6770
6774
6782
6786
6790
6791
6793
6815
6819
6819
6823
6828
6828
6830
6831
6832
6836
6838
6843
6844
6853
6888
6946
6946
