0
1
2
2
2
3
3
3
4
5
5
6
6
6
7
8
8
10
11
12
13
14
15
15
16
16
17
18
18
19
19
19
19
19
20
20
20
21
21
21
21
21
21
21
21
21
21
21
22
22
22
22
22
22
22
23
23
23
23
23
23
23
24
24
24
24
24
24
25
25
25
25
25
25
25
25
26
26
26
26
26
26
26
26
26
26
27
27
27
27
27
27
27
28
28
28
28
28
28
28
28
29
29
29
29
31
31
31
32
32
32
32
32
33
33
33
33
33
33
33
34
34
34
34
34
34
34
34
34
34
34
34
34
34
34
34
34
34
35
35
35
35
35
35
35
35
35
35
35
35
36
36
36
36
36
37
37
37
38
39
40
40
40
41
41
41
41
42
42
42
42
42
42
42
42
42
43
43
43
43
44
45
45
46
46
47
47
47
47
48
48
49
49
49
49
50
50
51
51
51
52
52
52
52
52
53
53
54
54
54
54
54
55
56
56
56
56
56
56
57
57
57
58
59
60
60
60
61
61
62
62
62
62
62
63
64
64
65
65
65
66
66
66
66
66
66
67
68
68
70
70
70
70
70
70
70
70
71
71
71
71
72
72
72
72
72
72
73
73
73
74
75
75
75
75
75
76
76
76
76
76
76
76
76
77
77
77
77
77
77
77
78
78
78
78
78
79
79
79
80
80
81
81
82
83
83
83
85
85
85
86
86
86
86
86
86
87
87
87
88
90
91
91
92
92
92
94
95
96
96
97
97
97
97
98
98
98
98
98
98
98
99
101
102
103
103
104
105
106
106
107
107
108
108
108
108
109
109
109
109
110
110
110
111
111
111
111
112
113
115
115
115
115
115
116
117
117
117
117
117
118
118
118
119
119
120
120
120
120
120
120
121
121
122
123
124
124
124
124
125
126
127
127
127
128
129
129
129
129
130
130
130
130
131
131
131
132
133
133
133
133
133
133
134
135
136
136
136
137
137
137
138
138
138
139
139
139
139
139
139
140
140
141
141
141
142
142
142
142
142
142
142
142
142
142
143
143
143
143
143
143
143
143
144
144
144
145
145
145
145
145
145
146
146
147
147
147
148
148
149
149
150
151
151
151
152
154
154
154
156
157
157
158
158
158
160
161
162
163
163
166
166
166
168
168
168
169
170
170
171
172
172
173
174
174
177
178
178
178
179
179
179
180
180
181
182
183
183
183
184
184
185
185
186
186
186
186
187
187
187
187
187
188
188
188
189
190
190
190
191
191
192
192
192
193
193
193
193
193
194
194
195
195
196
196
197
197
197
198
198
198
198
198
198
198
198
199
199
199
199
199
199
199
199
200
201
201
201
202
202
203
204
204
204
204
204
205
205
205
205
205
206
206
207
208
208
208
208
208
209
210
210
211
211
211
211
212
213
214
214
215
215
215
215
215
215
216
216
216
216
216
216
216
216
217
217
217
217
217
217
218
218
218
218
218
218
218
219
219
219
219
219
220
221
221
221
222
224
224
224
224
225
226
226
226
226
226
227
227
227
227
227
228
229
230
230
230
230
231
231
232
232
232
232
232
232
233
233
233
234
234
235
236
236
236
236
236
237
238
238
238
238
238
239
239
240
240
242
242
242
242
243
243
246
247
247
248
249
249
249
249
249
249
249
250
250
250
251
251
252
252
252
252
252
252
252
252
252
253
253
253
253
254
254
255
255
256
256
256
256
257
258
258
258
259
259
259
260
260
260
261
263
264
264
264
265
265
265
265
266
266
267
267
267
268
268
268
269
270
270
270
270
270
270
271
272
272
273
273
274
274
275
275
276
276
277
277
279
279
280
281
281
281
281
281
282
282
282
282
283
283
283
284
285
286
287
287
288
288
288
288
288
289
289
289
289
290
290
290
290
290
290
291
291
291
291
291
291
291
291
292
293
293
296
297
297
298
301
301
301
301
302
302
302
302
303
303
303
303
303
303
303
303
303
304
304
305
305
308
313
313
314
314
316
316
317
317
318
318
318
319
319
319
321
324
324
328
332
334
334
335
336
336
336
337
337
337
338
343
343
343
344
344
349
352
354
355
355
355
355
355
355
355
355
355
355
356
356
356
358
359
359
359
362
370
371
371
371
378
383
397
399
401
404
406
406
407
413
413
414
414
415
415
415
417
418
418
418
419
419
419
419
419
419
420
420
421
422
423
423
423
424
424
424
424
425
425
428
432
433
434
434
436
437
437
438
439
441
444
451
453
459
459
461
463
463
466
466
474
476
476
477
479
480
481
481
482
482
485
485
488
491
491
496
497
497
501
503
505
506
506
508
508
508
509
512
515
517
517
518
518
519
520
521
523
523
525
527
527
527
527
527
527
527
527
528
528
528
528
528
528
528
529
529
529
529
529
530
533
535
538
541
542
542
546
546
547
547
547
549
556
556
557
557
560
570
571
573
575
576
586
586
587
589
591
593
598
599
600
600
600
601
604
604
605
605
606
606
606
606
606
607
613
615
615
615
616
618
618
619
620
625
629
630
631
634
635
636
636
636
638
639
641
644
649
649
650
652
653
654
655
655
656
664
666
668
671
672
672
676
684
685
685
689
689
690
691
692
694
695
695
696
696
698
702
705
707
719
725
726
737
742
744
755
755
764
780
781
782
784
793
801
810
813
814
817
822
824
824
826
827
831
831
833
834
834
834
835
835
836
836
836
836
836
837
837
837
839
846
851
852
852
852
852
856
861
868
874
884
884
884
884
884
884
886
886
886
886
887
893
898
918
918
924
924
925
926
929
932
932
933
934
935
937
937
939
939
944
945
946
952
955
955
955
955
955
956
956
956
956
957
958
959
963
969
969
972
973
975
976
977
977
979
986
1046
1048
1051
1071
1073
1080
1081
1086
1087
1089
1128
1129
1134
1151
1153
1156
1156
1156
1156
1157
1159
1159
1160
1160
1164
1172
1174
1176
1176
1177
1182
1182
1184
1185
1186
1186
1187
1187
1188
1191
1192
1197
1201
1202
1202
1204
1204
1206
1208
1208
1208
1212
1212
1213
1213
1216
1217
1217
1234
1269
1269
1270
1271
1271
1272
1272
1272
1272
1306
1306
1319
1319
1320
1323
1324
1326
1345
1367
1422
1431
1433
1433
1433
1434
1434
1434
1434
1435
1435
1435
1436
1437
1438
1438
1438
1441
1444
1446
1449
1449
1450
1452
1453
1457
1460
1460
1461
1461
1462
1464
1467
1467
1468
1469
1475
1475
1476
1476
1477
1478
1478
1479
1479
1481
1482
1484
1488
1492
1495
1495
1497
1497
1500
1500
1501
1503
1504
1504
1507
1507
1507
1508
1508
1508
1508
1518
1519
1519
1519
1529
1531
1542
1544
1550
1550
1551
1553
1553
1554
1555
1556
1557
1558
1558
1562
1563
1563
1564
1564
1566
1566
1572
1573
1573
1574
1576
1576
1577
1579
1579
1581
1581
1582
1583
1584
1586
1586
1587
1588
1590
1591
1591
1591
1592
1593
1595
1596
1598
1599
1599
1600
1600
1600
1602
1604
1605
1606
1606
1606
1606
1607
1607
1607
1608
1608
1608
1609
1610
1611
1612
1614
1614
1614
1616
1617
1617
1618
1619
1619
1619
1620
1620
1623
1623
1627
1628
1632
1632
1637
1637
1637
1638
1639
1639
1639
1640
1640
1640
1640
1643
1643
1643
1644
1644
1645
1645
1648
1649
1650
1652
1652
1653
1653
1654
1665
1665
1666
1667
1668
1669
1670
1672
1673
1673
1674
1674
1676
1681
1682
1683
1685
1685
1686
1687
1691
1691
1693
1695
1696
1697
1698
1703
1704
1704
1705
1706
1706
1706
1709
1709
1711
1711
1714
1719
1722
1724
1725
1730
1732
1732
1734
1737
1737
1738
1738
1738
1738
1739
1742
1747
1749
1751
1755
1755
1756
1758
1760
1763
1766
1770
1780
1782
1783
1791
1791
1793
1795
1797
1798
1798
1799
1800
1801
1801
1802
1805
1807
1809
1813
1817
1818
1819
1819
1822
1828
1830
1834
1834
1835
1836
1840
1840
1841
1841
1842
1848
1849
1851
1851
1854
1856
1856
1857
1860
1864
1864
1875
1876
1886
1887
1888
1892
1895
1896
1902
1902
1902
1906
1906
1912
1920
1920
1922
1928
1933
1933
1946
1946
1949
1969
1973
1985
1988
1991
1991
1992
1995
1997
2002
2004
2008
2016
2019
2021
2021
2023
2025
2027
2029
2030
2037
2039
2043
2056
2056
2056
2077
2078
2079
2080
2081
2088
2089
2091
2095
2105
2106
2106
2106
2106
2110
2110
2111
2111
2111
2111
2111
2111
2111
2111
2111
2112
2112
2115
2122
2126
2129
2129
2131
2132
2137
2149
2153
2153
2156
2156
2156
2161
2162
2167
2167
2183
2194
2199
2208
2208
2210
2214
2232
2237
2237
2246
2246
2249
2252
2258
2260
2269
2280
2281
2285
2285
2286
2289
2292
2292
2296
2296
2322
2324
2339
2361
2363
2364
2366
2372
2373
2377
2379
2382
2388
2388
2391
2393
2396
2397
2408
2415
2417
2425
2437
2438
2439
2454
2455
2455
2455
2455
2456
2549
2556
2559
2559
2568
2569
2570
2572
2573
2577
2586
2587
2593
2598
2600
2620
2622
2622
2627
2629
2630
2716
2749
2756
2758
2760
2766
2773
2774
2873
2873
2873
2873
2873
2873
2873
2873
2874
2874
2874
2874
2874
2874
2874
2874
2874
2875
2875
2875
2876
2878
2878
2878
2881
2881
2882
2882
2883
2883
2883
2883
2883
2883
2883
2883
2883
2884
2884
2891
2891
2892
2894
2898
2899
2902
2902
2909
2909
2910
2912
2920
2945
2947
2947
2948
2962
2966
2966
2970
2972
2972
2972
2972
2972
2973
2973
2973
2973
2973
2973
2973
2973
2973
2973
2973
2973
2974
2974
2974
2975
2976
2976
2976
2991
2994
2995
2995
2996
2998
3003
3007
3009
3010
3017
3029
3043
3055
3055
3059
3072
3077
3079
3088
3090
3097
3100
3101
3102
3102
3102
3103
3107
3109
3110
3112
3114
3114
3120
3122
3130
3131
3138
3139
3139
3140
3141
3142
3142
3142
3144
3145
3146
3146
3149
3149
3156
3157
3161
3164
3169
3173
3174
3174
3179
3181
3181
3181
3181
3182
3182
3182
3182
3182
3182
3182
3182
3183
3183
3183
3183
3183
3183
3184
3184
3184
3184
3184
3184
3184
3184
3184
3186
3192
3192
3193
3193
3194
3194
3194
3195
3197
3197
3197
3200
3200
3201
3201
3202
3203
3206
3210
3210
3211
3211
3211
3211
3211
3211
3211
3211
3211
3212
3212
3213
3214
3217
3219
3225
3225
3225
3227
3229
3232
3233
3236
3237
3237
3238
3239
3239
3240
3240
3241
3241
3242
3242
3242
3242
3247
3247
3248
3248
3250
3250
3252
3252
3252
3253
3255
3256
3259
3260
3261
3263
3267
3272
3273
3277
3279
3279
3279
3280
3298
3298
3301
3316
3317
3318
3326
3329
3330
3332
3332
3334
3335
3336
3336
3337
3340
3342
3344
3344
3346
3347
3349
3365
3366
3373
3377
3391
3395
3404
3406
3412
3413
3413
3419
3423
3424
3426
3427
3431
3432
3433
3435
3436
3437
3438
3439
3440
3444
3444
3453
3455
3460
3463
3466
3468
3471
3471
3477
3482
3484
3487
3488
3495
3504
3511
3521
3528
3530
3548
3574
3585
3589
3590
3591
3591
3592
3593
3601
3602
3604
3613
3616
3618
3620
3620
3622
3625
3629
3637
3638
3639
3642
3646
3648
3650
3653
3656
3659
3703
3704
3708
3713
3713
3714
3717
3719
3720
3721
3721
3722
3723
3725
3725
3733
3736
3740
3740
3741
3742
3750
3752
3753
3753
3754
3756
3757
3760
3774
3780
3783
3784
3787
3788
3788
3789
3805
3807
3883
3884
3901
3909
3910
3910
3910
3910
3910
3911
3911
3911
3911
3912
3987
3988
3990
3991
4007
4016
4018
4035
4037
4040
4126
4127
4127
4187
4187
4198
4204
4328
4378
4411
4435
4437
4437
4439
4440
4442
4442
4446
4446
4446
4448
4467
4473
4485
4494
4514
4514
4538
4538
4569
4585
4586
4599
4600
4603
4607
4624
4624
4625
4636
4639
4642
4691
4696
4700
4701
4707
4715
4723
4723
4734
4748
4753
4754
4755
4757
4760
4761
4776
4778
4779
4780
4780
4786
4790
4792
4794
4794
4795
4795
4809
4809
4812
4813
4814
4816
4817
4818
4821
4825
4826
4828
4831
4832
4835
4840
4840
4843
4843
4844
4844
4859
4860
4860
4861
4861
4861
4871
4878
4878
4879
4886
4887
4888
4894
4895
4895
4896
4896
4896
4896
4896
4896
4897
4897
4898
4906
4909
4915
4921
4933
4944
4970
4971
4974
4986
4987
4990
5023
5024
5025
5026
