1
2
3
3
4
5
6
6
6
6
7
7
8
8
8
8
9
10
10
11
12
12
12
12
12
13
13
13
13
14
14
15
16
16
16
16
17
17
18
18
18
18
18
18
18
19
19
19
19
19
20
20
20
20
20
21
21
21
21
21
21
21
21
22
22
22
22
22
22
22
22
22
22
22
22
22
22
22
22
22
22
23
23
23
23
23
23
23
23
23
23
23
23
23
23
24
25
25
25
25
25
25
26
26
26
27
27
27
27
27
27
27
27
27
27
27
27
28
28
28
28
28
28
28
28
28
28
28
28
28
28
29
29
29
29
29
29
30
30
30
30
30
30
30
31
31
31
31
31
31
31
32
32
32
32
32
32
32
32
33
33
33
33
33
33
33
33
33
33
33
33
34
34
34
35
35
35
35
35
35
35
35
35
35
35
36
36
36
36
36
36
36
36
37
37
37
37
38
38
38
38
38
38
38
38
39
39
39
40
40
40
40
41
42
42
42
42
42
42
43
43
43
43
43
43
43
43
43
43
43
44
44
44
44
44
44
44
45
45
45
46
46
47
47
48
48
49
49
50
50
50
50
51
51
51
52
52
53
53
54
54
54
54
54
55
56
56
58
58
58
58
58
59
59
59
59
59
59
60
60
61
61
61
62
62
63
63
63
64
64
64
64
64
64
64
65
65
65
65
65
65
66
66
66
66
66
67
67
68
68
68
69
70
70
70
71
71
71
72
72
74
74
74
74
74
74
75
75
75
75
75
76
76
76
76
76
76
76
76
76
76
76
76
77
77
77
77
77
77
78
78
79
79
79
80
80
81
81
81
81
81
82
82
82
82
83
83
83
83
83
84
84
85
85
85
85
86
86
86
86
86
86
86
86
87
88
88
88
88
88
89
89
89
89
89
89
90
90
90
90
92
92
92
92
93
93
93
94
94
95
95
95
95
95
96
96
96
96
96
96
96
96
96
96
96
97
97
98
98
98
98
98
98
98
98
99
99
99
101
101
102
102
103
103
104
104
105
105
105
106
106
106
106
107
107
107
107
107
108
109
109
111
111
112
112
112
113
114
114
114
114
114
114
114
114
116
116
116
118
118
119
119
120
120
121
122
122
122
123
123
123
126
126
127
127
127
127
128
128
129
129
129
129
129
130
130
131
131
132
133
134
134
135
135
135
135
135
135
135
135
136
136
136
136
136
136
136
136
136
136
136
136
136
136
136
137
137
137
137
137
137
137
137
137
137
138
138
138
138
139
139
139
140
141
141
141
142
142
142
143
143
143
143
144
144
144
144
145
145
145
145
145
146
146
146
146
147
147
147
149
149
149
150
151
151
151
151
151
151
152
152
152
152
152
152
153
153
153
153
153
153
153
153
154
154
154
155
155
156
156
156
157
157
158
158
158
159
160
161
161
162
162
163
164
165
165
166
168
169
169
171
172
176
177
177
178
178
178
179
179
183
184
184
185
186
187
187
197
198
198
198
198
199
199
199
199
199
199
199
199
199
199
199
199
199
200
205
205
205
205
205
205
205
206
206
206
207
207
208
209
209
210
210
211
211
211
212
212
213
213
217
218
219
222
222
225
226
226
228
229
229
231
232
235
236
240
241
242
243
243
244
244
246
246
246
246
248
250
251
251
252
252
253
253
253
256
256
257
257
257
258
259
262
262
265
272
272
273
275
275
277
278
281
282
282
284
285
285
285
286
287
290
291
291
293
294
297
297
298
301
302
304
305
306
306
308
308
308
313
313
315
315
315
316
316
319
319
319
320
320
320
320
321
324
325
325
325
326
326
327
327
327
328
328
328
329
329
329
329
329
331
331
331
331
332
332
333
334
336
336
337
338
338
340
341
341
341
342
345
346
346
347
348
348
348
348
349
349
350
351
352
352
353
355
357
361
362
363
364
364
368
369
371
374
374
377
378
379
379
381
381
382
382
383
384
385
386
386
386
387
387
390
391
391
392
392
392
397
397
400
402
403
407
407
409
416
420
421
421
423
423
424
424
426
428
428
430
431
432
434
435
441
442
442
443
443
443
444
444
444
446
448
452
452
456
460
463
463
463
464
466
468
470
471
475
478
481
486
487
488
490
493
496
518
529
563
568
570
573
574
579
586
587
589
591
594
597
597
597
598
599
599
601
602
603
603
605
608
609
612
613
615
617
618
619
624
624
628
631
632
632
632
634
638
638
638
639
643
645
645
646
646
646
647
647
647
647
648
648
648
651
659
660
665
666
667
670
674
676
677
682
684
684
684
684
684
685
686
686
686
686
686
686
687
687
687
698
701
701
701
701
701
709
714
725
729
732
733
743
760
762
764
766
771
778
778
780
780
783
785
786
789
791
792
793
794
795
795
796
796
800
800
801
801
802
807
808
812
813
814
816
820
826
835
836
836
842
845
852
852
852
853
853
853
854
854
866
871
875
907
910
915
919
920
924
924
925
930
933
935
936
942
945
945
946
948
949
976
1031
1068
1068
1074
1078
1084
1092
1092
1105
1106
1107
1108
1113
1125
1126
1126
1126
1127
1127
1127
1161
1162
1165
1165
1166
1166
1167
1172
1172
1182
1187
1191
1204
1210
1256
1256
1298
1318
1331
1338
1347
1348
1349
1352
1355
1357
1361
1366
1367
1367
1369
1369
1370
1371
1372
1373
1374
1376
1378
1379
1380
1380
1380
1381
1381
1381
1381
1381
1381
1381
1381
1388
1389
1390
1399
1405
1407
1408
1408
1419
1420
1423
1423
1424
1425
1426
1427
1428
1429
1431
1431
1432
1432
1432
1432
1433
1433
1434
1435
1436
1437
1437
1437
1437
1437
1437
1438
1438
1438
1438
1439
1440
1440
1440
1441
1441
1443
1444
1444
1446
1447
1447
1448
1449
1449
1449
1449
1450
1452
1454
1455
1455
1456
1457
1458
1458
1459
1460
1460
1462
1463
1464
1465
1466
1466
1470
1472
1472
1473
1473
1475
1475
1475
1476
1476
1477
1477
1478
1478
1478
1479
1479
1479
1480
1480
1482
1484
1484
1485
1486
1487
1487
1488
1491
1491
1491
1492
1492
1493
1493
1494
1494
1494
1495
1496
1497
1498
1500
1501
1502
1503
1505
1505
1505
1505
1506
1507
1507
1509
1509
1509
1509
1510
1512
1512
1512
1515
1515
1516
1519
1519
1519
1520
1521
1524
1525
1526
1526
1528
1528
1530
1530
1530
1531
1531
1532
1533
1533
1533
1533
1533
1533
1533
1535
1535
1536
1538
1538
1540
1542
1542
1543
1545
1550
1551
1554
1556
1559
1560
1561
1568
1568
1573
1573
1576
1577
1577
1578
1578
1579
1580
1581
1581
1583
1583
1584
1587
1588
1588
1589
1592
1593
1594
1598
1599
1599
1599
1600
1601
1602
1602
1603
1609
1610
1612
1612
1614
1615
1616
1616
1617
1618
1618
1619
1619
1620
1620
1621
1622
1622
1623
1623
1624
1625
1625
1625
1625
1626
1626
1626
1627
1628
1628
1630
1630
1632
1632
1637
1638
1639
1639
1639
1640
1640
1641
1642
1642
1642
1646
1647
1648
1650
1650
1650
1650
1653
1653
1655
1657
1658
1660
1660
1663
1664
1664
1666
1673
1692
1695
1696
1697
1698
1711
1715
1716
1725
1733
1734
1734
1738
1739
1739
1741
1744
1745
1747
1747
1748
1748
1748
1750
1750
1751
1751
1752
1755
1756
1763
1774
1774
1775
1784
1785
1786
1786
1793
1793
1794
1794
1794
1794
1794
1794
1794
1797
1798
1798
1798
1798
1799
1813
1819
1820
1823
1823
1823
1824
1826
1844
1848
1856
1869
1893
1897
1897
1900
1902
1902
1904
1914
1917
1921
1955
1955
1955
1964
1966
1969
1973
1974
1976
1981
1982
1984
1988
2020
2052
2056
2059
2068
2068
2073
2091
2104
2114
2138
2216
2243
2247
2254
2258
2270
2272
2276
2277
2277
2281
2286
2292
2292
2293
2295
2296
2297
2297
2297
2298
2304
2307
2308
2312
2313
2314
2314
2344
2361
2361
2361
2361
2362
2362
2362
2363
2363
2364
2364
2365
2365
2365
2365
2367
2370
2371
2372
2373
2374
2375
2376
2378
2383
2383
2383
2384
2384
2384
2384
2385
2385
2385
2385
2386
2408
2409
2411
2412
2413
2418
2424
2426
2427
2434
2434
2436
2437
2437
2459
2459
2462
2463
2468
2468
2480
2482
2483
2486
2486
2488
2492
2492
2495
2498
2501
2508
2510
2511
2513
2515
2520
2520
2526
2527
2535
2536
2536
2537
2537
2538
2538
2552
2554
2559
2563
2569
2574
2600
2600
2601
2601
2601
2601
2604
2645
2646
2647
2654
2679
2679
2679
2680
2680
2680
2680
2680
2680
2680
2680
2680
2680
2681
2681
2681
2681
2682
2683
2683
2686
2687
2687
2688
2689
2689
2706
2706
2763
2789
2790
2791
2793
2794
2797
2817
2819
2828
2871
2874
2876
2877
2877
2879
2888
2892
2899
2904
2907
2907
2910
2923
2935
2941
2941
2954
2954
2958
2963
2966
2974
2975
2976
2983
2993
2995
3000
3003
3007
3010
3011
3012
3017
3018
3019
3020
3020
3023
3027
3028
3028
3028
3028
3029
3029
3029
3030
3031
3036
3037
3037
3041
3041
3050
3050
3051
3054
3054
3058
3060
3071
3077
3079
3085
3086
3088
3089
3091
3093
3096
3097
3108
3109
3110
3117
3117
3122
3133
3136
3136
3140
3153
3155
3156
3158
3162
3162
3162
3162
3164
3165
3165
3166
3170
3171
3172
3178
3178
3180
3182
3183
3183
3185
3188
3189
3190
3196
3196
3199
3211
3220
3220
3220
3227
3227
3228
3228
3229
3235
3238
3239
3239
3239
3240
3242
3242
3243
3244
3253
3253
3256
3257
3259
3262
3280
3280
3283
3288
3288
3292
3293
3298
3300
3301
3313
3313
3313
3314
3314
3314
3314
3314
3314
3315
3315
3315
3315
3316
3316
3316
3316
3317
3317
3317
3318
3318
3318
3325
3325
3326
3326
3329
3329
3334
3334
3334
3334
3334
3334
3334
3334
3334
3334
3335
3335
3335
3335
3349
3350
3358
3389
3408
3408
3438
3465
3465
3466
3466
3466
3466
3467
3467
3472
3472
3472
3472
3472
3473
3473
3473
3474
3483
3485
3485
3488
3489
3490
3503
3517
3520
3523
3529
3532
3535
3543
3545
3546
3546
3546
3547
3562
3583
3584
3587
3589
3590
3592
3593
3594
3596
3597
3597
3598
3604
3604
3607
3608
3610
3611
3653
3653
3658
3705
3711
3715
3723
3734
3758
3767
3821
3828
3838
3841
3841
3844
3846
3849
3850
3897
3905
3911
3918
3921
3932
3971
3975
3984
3984
4004
4025
4028
4029
4031
4034
4039
4040
4118
4200
4203
4209
4230
4231
4238
4246
4251
4253
4264
4269
4293
4300
4316
4319
4321
4322
4332
4335
4338
4338
4340
4363
4401
4437
4440
4470
4536
4537
4537
4553
4563
4576
4583
4590
4594
4602
4605
4606
4606
4607
4611
4613
4615
4615
4616
4618
4622
4630
4631
4640
4640
4641
4664
4670
4688
4689
4689
4694
4694
4698
4707
4711
4716
4718
4725
4737
4749
4749
4761
4773
4800
4814
4814
4815
4819
4866
4866
4869
4870
4875
4889
4891
4891
4991
4996
5010
5010
5029
5054
5195
5195
5196
5281
5400
5418
5418
5419
5421
5421
5427
5431
5443
5455
5457
5552
5621
5626
5630
5639
5649
5652
5663
5756
5767
5832
5835
5838
5840
5848
5849
5851
5856
5859
5859
5859
5859
5875
5884
5884
5886
5899
5915
5943
5958
5976
5984
5985
5994
5997
6021
6023
6023
6024
6025
6027
6071
6091
6091
6092
6102
6105
6113
6183
6199
6200
6218
6247
6256
6280
6281
6290
6291
6294
6294
6295
6299
6299
6310
6336
6336
6340
6345
6347
6354
6356
6360
6361
6361
6364
6367
6369
6369
6370
6374
6384
6452
6506
6555
6577
6657
6691
6696
6696
6706
6706
6707
6707
6707
6707
6708
6712
6720
6723
6729
6730
6750
6761
6763
6765
6767
6769
6771
6773
6775
6781
6785
6785
6786
6786
6801
6811
6812
6815
6817
6817
6818
6959
7022
7065
7094
7101
7106
7115
7116
7122
7127
7132
7133
7133
7134
7134
7135
7135
7138
7139
7140
7164
7166
7166
7174
7186
7189
7192
7192
7198
7209
7211
7211
7214
7216
7224
7224
7231
7231
7231
7232
7232
7233
7234
7235
7236
7236
7236
7236
7237
7241
7251
7255
7263
7292
7298
7301
7303
7305
7365
7371
7373
7373
7386
7627
7637
7725
7730
7734
7739
7744
7748
7749
7750
7758
7760
7762
7774
7799
7799
7799
7802
7803
7803
7805
7808
7812
7813
7817
7821
7824
7826
7828
7829
7830
7833
7835
7840
7843
7843
7844
7848
7849
7850
7851
7852
7855
7858
7859
7860
7860
7862
7863
7872
7874
7879
7880
7896
7898
7901
7904
7908
7908
7909
7909
7912
7915
7922
8061
8095
8095
8101
8140
8142
8149
8151
8155
8165
8166
8169
8171
8177
