0
0
1
2
2
4
5
5
6
6
7
9
9
10
11
11
11
11
12
13
15
15
16
16
18
18
18
18
19
19
20
21
21
25
25
25
26
27
27
28
28
28
28
28
28
29
29
29
29
29
29
30
30
31
31
32
32
33
33
33
33
33
34
34
34
34
34
34
34
34
35
35
35
35
35
35
35
36
36
36
36
36
36
37
37
38
38
40
40
41
41
41
42
42
42
42
42
42
42
42
43
43
43
43
43
43
44
44
44
45
45
45
45
45
45
46
46
46
46
46
46
46
46
46
46
46
47
47
47
47
47
47
47
47
47
47
47
47
48
49
49
49
50
51
51
51
51
52
52
52
52
52
52
52
52
53
53
53
53
53
53
53
53
53
54
54
54
54
54
55
55
55
56
56
58
58
60
60
61
62
62
62
62
63
63
63
63
64
65
66
66
66
66
66
66
67
67
67
67
67
68
68
69
69
70
70
71
72
72
72
72
72
73
73
73
74
75
76
76
77
77
77
77
79
80
80
80
81
81
82
82
83
83
84
84
85
85
86
86
87
87
87
87
87
89
89
89
90
90
91
91
91
91
91
91
91
92
92
92
92
92
93
94
94
94
94
94
95
95
96
96
97
98
98
98
100
100
100
100
101
101
101
102
103
103
103
104
105
105
105
106
107
110
110
110
111
111
112
115
115
115
115
116
116
117
117
117
117
118
118
118
118
118
118
118
118
119
119
119
119
119
119
120
120
120
121
122
123
124
125
126
126
126
126
127
127
128
128
129
130
130
130
131
131
132
133
133
133
135
136
137
137
137
138
138
138
139
139
139
140
140
140
141
141
142
143
144
144
145
145
145
145
145
145
145
145
146
146
146
146
146
147
147
148
148
148
149
149
149
149
149
150
150
151
151
152
152
152
153
153
154
155
155
155
157
157
157
158
158
159
160
160
160
160
160
160
161
161
161
161
161
161
161
162
162
162
162
163
164
165
165
165
166
166
166
166
166
167
167
167
167
168
168
169
169
169
169
169
170
171
171
171
171
172
173
174
174
174
174
174
175
175
175
175
175
176
176
176
177
177
177
178
178
180
180
181
182
182
183
183
184
184
185
185
186
187
187
187
187
188
188
188
189
189
190
190
190
191
192
192
192
192
193
194
195
195
195
196
197
199
199
200
200
205
206
207
208
208
208
208
208
209
209
209
209
209
210
210
210
211
212
212
213
213
213
213
214
214
216
218
220
221
226
227
228
231
231
231
232
234
234
234
235
235
237
238
239
240
243
244
245
258
264
264
264
269
270
273
431
439
439
440
440
441
441
442
442
444
444
445
445
445
446
447
447
447
447
448
448
449
449
450
450
452
452
452
452
453
454
454
455
456
456
456
457
457
457
457
458
458
458
459
459
460
460
460
461
462
463
465
466
466
466
467
467
468
468
468
468
471
472
473
474
474
475
478
478
478
479
480
482
484
484
484
485
485
485
486
487
487
487
487
488
488
489
489
489
489
489
489
490
490
491
493
493
493
493
494
496
496
498
498
501
501
502
502
502
505
505
508
508
508
508
509
509
510
511
511
512
512
512
512
512
512
512
513
513
513
514
514
515
515
516
518
521
521
522
523
525
526
527
528
528
529
529
530
530
532
533
533
534
534
534
535
535
535
536
536
538
538
539
540
540
541
541
541
541
542
543
543
546
546
547
549
550
551
552
552
554
557
559
559
559
559
559
559
559
559
559
559
560
560
560
560
560
560
560
560
560
560
560
561
561
561
561
561
561
561
561
562
562
562
562
562
562
562
562
562
563
563
563
563
563
563
563
563
563
563
563
564
564
564
564
564
564
564
564
564
564
564
565
565
565
565
565
565
566
566
568
570
570
571
572
573
573
574
575
576
576
578
578
578
579
581
584
584
585
585
586
586
586
587
587
587
588
588
588
590
590
591
591
593
593
595
596
600
603
605
607
609
610
613
614
615
615
615
616
617
621
624
637
712
712
712
719
727
727
729
731
732
732
733
735
740
741
741
743
744
746
749
749
760
761
763
764
766
767
767
768
770
778
779
780
787
787
787
788
788
789
789
789
789
789
790
790
790
790
792
794
794
796
797
799
804
806
807
808
809
810
811
812
812
812
813
813
813
814
814
815
815
818
818
818
819
819
819
820
820
822
822
823
827
830
832
834
835
836
836
842
842
842
842
843
844
845
845
845
845
846
846
847
847
847
848
849
851
852
854
854
855
855
855
855
855
858
858
859
859
859
861
861
861
865
867
868
872
873
875
875
876
879
879
880
881
881
883
887
887
887
889
893
893
894
894
896
896
899
899
899
901
902
903
904
909
909
909
909
911
914
919
919
919
920
923
923
928
930
933
935
935
938
940
941
944
945
951
952
959
959
960
963
965
969
980
980
985
986
990
991
991
994
995
995
995
996
999
1003
1005
1007
1017
1019
1023
1024
1025
1034
1056
1062
1088
1089
1089
1089
1089
1090
1090
1091
1091
1092
1092
1097
1099
1100
1103
1110
1110
1112
1113
1113
1116
1120
1121
1121
1121
1121
1121
1121
1121
1122
1122
1122
1122
1122
1122
1122
1122
1122
1122
1122
1122
1122
1122
1123
1123
1123
1123
1123
1123
1123
1123
1124
1124
1124
1124
1125
1126
1127
1128
1131
1135
1140
1140
1140
1141
1144
1145
1149
1152
1164
1169
1174
1177
1178
1178
1179
1190
1190
1190
1190
1190
1190
1190
1190
1190
1190
1190
1191
1191
1261
1262
1262
1269
1277
1284
1284
1285
1286
1298
1300
1322
1335
1337
1339
1340
1341
1342
1343
1344
1345
1347
1348
1349
1350
1350
1350
1350
1350
1350
1350
1350
1350
1350
1351
1351
1351
1351
1351
1351
1351
1351
1352
1352
1352
1352
1353
1353
1356
1356
1359
1359
1360
1361
1361
1362
1363
1367
1367
1368
1370
1370
1370
1371
1371
1374
1374
1375
1375
1375
1376
1377
1377
1377
1378
1378
1378
1379
1379
1379
1379
1380
1381
1382
1386
1388
1388
1405
1405
1405
1405
1405
1405
1405
1408
1412
1413
1413
1415
1417
1421
1421
1422
1424
1424
1425
1425
1426
1426
1426
1426
1427
1427
1427
1431
1431
1432
1435
1435
1437
1438
1438
1439
1439
1441
1441
1442
1445
1445
1446
1449
1449
1451
1451
1452
1452
1452
1454
1456
1458
1459
1461
1462
1462
1464
1464
1465
1466
1467
1468
1468
1468
1469
1470
1470
1471
1473
1473
1475
1475
1475
1476
1478
1478
1478
1478
1478
1478
1479
1479
1479
1479
1479
1479
1479
1479
1479
1479
1480
1480
1483
1486
1488
1489
1489
1490
1491
1491
1491
1491
1495
1496
1501
1510
1516
1517
1521
1524
1525
1532
1532
1537
1539
1544
1544
1545
1546
1547
1547
1547
1548
1548
1550
1553
1554
1556
1557
1558
1567
1567
1568
1575
1577
1582
1582
1582
1586
1587
1588
1590
1590
1592
1593
1593
1593
1596
1597
1599
1602
1604
1604
1606
1607
1607
1607
1607
1607
1607
1607
1608
1608
1608
1608
1608
1609
1609
1609
1610
1610
1613
1616
1617
1618
1620
1620
1621
1624
1625
1628
1634
1634
1636
1636
1641
1641
1642
1642
1645
1645
1650
1650
1651
1651
1652
1652
1652
1653
1653
1653
1654
1655
1656
1656
1658
1658
1659
1659
1663
1663
1664
1664
1665
1666
1666
1668
1671
1682
1683
1688
1689
1693
1697
1697
1708
1719
1721
1726
1730
1731
1737
1739
1760
1761
1763
1773
1812
1812
1813
1821
1826
1827
1830
1861
1920
1923
1932
1939
1944
1944
1945
1960
1972
2001
2011
2012
2016
2017
2018
2021
2024
2025
2026
2027
2027
2028
2028
2030
2030
2031
2031
2031
2033
2033
2043
2046
2046
2046
2052
2059
2061
2068
2077
2082
2086
2088
2090
2091
2100
2101
2104
2109
2113
2113
2114
2115
2115
2116
2116
2116
2119
2120
2125
2125
2132
2133
2134
2134
2139
2145
2153
2158
2158
2164
2165
2165
2167
2169
2169
2171
2179
2184
2209
2210
2215
2217
2221
2251
2323
2325
2338
2342
2343
2355
2356
2367
2368
2384
2390
2390
2391
2391
2391
2398
2401
2405
2406
2410
2411
2411
2413
2418
2423
2426
2427
2429
2440
2440
2458
2462
2505
2517
2521
2522
2529
2534
2544
2544
2544
2544
2545
2545
2545
2545
2545
2545
2545
2545
2545
2545
2546
2546
2546
2546
2546
2546
2546
2546
2546
2546
2546
2547
2547
2591
2596
2598
2599
2691
2695
2714
2715
2741
2749
2782
2788
2789
2801
2811
2819
2820
2824
2828
2829
2840
2843
2854
2857
2871
2875
2911
2950
2952
2959
2964
2964
2969
2971
2973
2973
2974
2974
2978
2980
2981
2983
2985
2985
2987
2987
2988
2988
2988
2988
2988
2988
2988
2989
2989
2989
2991
2993
2994
2994
2994
2996
2998
2999
3002
3004
3006
3007
3010
3018
3024
3036
3039
3039
3042
3043
3044
3045
3048
3050
3053
3054
3058
3059
3059
3062
3063
3063
3065
3066
3066
3066
3067
3067
3070
3072
3073
3073
3075
3075
3076
3076
3077
3077
3077
3078
3078
3079
3080
3084
3084
3085
3085
3086
3086
3087
3087
3087
3088
3089
3092
3092
3092
3092
3092
3092
3092
3092
3093
3093
3094
3094
3096
3097
3098
3098
3098
3099
3100
3100
3102
3103
3104
3106
3108
3109
3109
3110
3110
3113
3115
3120
3121
3122
3128
3132
3134
3136
3139
3151
3153
3154
3155
3155
3157
3158
3158
3158
3159
3160
3161
3172
3175
3176
3176
3182
3200
3200
3205
3207
3214
3216
3217
3218
3219
3220
3224
3227
3229
3233
3241
3241
3253
3254
3254
3255
3257
3260
3260
3263
3265
3266
3269
3270
3280
3283
3283
3287
3289
3291
3292
3293
3294
3299
3299
3299
3301
3318
3322
3324
3328
3329
3332
3335
3341
3346
3354
3355
3356
3358
3358
3360
3364
3366
3372
3373
3374
3375
3378
3386
3388
3388
3388
3388
3389
3389
3400
3441
3443
3447
3447
3451
3536
3542
3558
3559
3587
3591
3592
3592
3600
3617
3617
3619
3626
3630
3630
3663
3666
3678
3678
3687
3695
3698
3698
3701
3712
3716
3716
3744
3761
3771
3880
3884
3887
3889
3889
3891
3893
3895
3896
3897
3898
3899
3899
3899
3901
3904
3905
3914
3915
3917
3919
3920
3920
3921
3932
3936
3936
3938
3939
3942
3942
3943
3946
3946
3946
3947
3947
3951
3952
3957
3957
3976
3976
3992
4017
4029
4128
4138
4140
4142
4144
4146
4146
4146
4153
4153
4153
4154
4155
4158
4162
4162
4162
4163
4165
4166
4168
4169
4170
4171
4184
4188
4189
4195
4195
4195
4197
4201
4203
4203
4206
4215
4246
4247
4249
4253
4389
4391
4392
4402
4407
4412
4429
4430
4438
4448
4448
4450
4451
4451
4451
4452
4456
4457
4458
4459
4459
4469
4470
4487
4491
4492
4492
4493
4493
4493
4494
4494
4495
4500
4506
4509
4518
4518
4523
4525
4527
4528
4529
4530
4530
4533
4533
4533
4534
4534
4535
4535
4535
4538
4542
4546
4546
4550
4551
4553
4556
4556
4557
4559
4562
4563
4563
4563
4563
4564
4564
4566
4566
4569
4569
4570
4572
4573
4577
4578
4578
4578
4580
4581
4581
4582
4585
4599
4602
4602
4602
4603
4603
4606
4607
4608
4610
4611
4614
4614
4616
4617
4619
4619
4620
4621
4624
4624
4625
4626
4626
4628
4629
4630
4631
4635
4636
4636
4637
4638
4641
4642
4643
4645
4646
4647
4649
4654
4654
4656
4657
4658
4659
4660
4665
4665
4669
4670
4670
4671
4671
4672
4672
4674
4675
4675
4675
4676
4676
4678
4679
4680
4681
4682
4683
4684
4684
4685
4688
4689
4691
4692
4694
4696
4697
4702
4718
4718
4719
4725
4725
4726
4736
4739
4742
4744
4745
4745
4747
4765
4790
4792
4904
4911
4912
4925
4930
4956
4965
4968
4968
4969
4979
4982
4986
4990
4993
4994
4994
4996
5000
5000
5005
5005
5008
5010
5013
5018
5019
5019
5019
5021
5023
5024
5024
5025
5026
5026
5026
5029
5030
5032
5034
5036
5037
5039
5039
5043
5044
5047
5049
5051
5052
5053
5054
5055
5056
5057
5066
5068
5070
5073
5074
5083
5084
5087
5087
5090
5095
5096
5098
5102
5105
5112
5113
5114
5115
5121
5123
5127
5128
5128
5128
5130
5136
5136
5149
5153
5159
5160
5161
5177
5218
5240
5242
5258
5301
5302
5302
5303
5309
5336
5338
5343
5355
5358
5359
5367
5368
5368
5369
5370
5372
5373
5373
5378
5379
5382
5384
5388
5393
5393
5395
5395
5402
5405
5406
5408
5408
5412
5418
5420
5421
5422
5425
5428
5428
5428
5428
5429
5430
5431
5432
5433
5433
5433
5433
5433
5433
5434
5434
5437
5437
5438
5440
5444
5445
5445
5445
5447
5448
5450
