0
0
0
1
2
2
3
4
4
5
5
6
6
7
7
7
8
8
8
8
9
9
10
10
10
10
11
11
11
11
11
12
12
12
13
13
13
13
14
14
15
16
17
17
17
17
17
17
17
17
17
17
17
17
17
17
17
18
18
18
18
18
18
19
19
20
20
20
21
21
21
21
21
22
22
22
22
22
22
22
22
23
23
23
23
23
23
23
23
23
23
23
23
23
23
23
24
24
24
24
24
24
24
24
24
24
24
24
24
24
24
24
24
25
25
25
25
25
25
25
25
25
25
25
25
25
25
25
25
25
25
26
26
26
26
26
26
26
26
26
26
26
26
26
26
26
26
26
26
27
27
27
27
28
28
28
28
28
28
28
28
29
29
29
30
30
30
30
31
31
31
32
32
32
32
32
32
33
33
33
33
33
33
33
33
33
33
33
33
33
33
33
34
34
34
34
34
34
34
34
34
34
34
34
35
35
35
35
35
35
35
36
36
36
36
36
36
36
36
37
37
38
38
38
38
39
39
39
39
39
39
40
40
40
40
40
40
41
41
41
42
42
43
43
43
45
45
45
45
46
47
47
47
47
48
48
48
48
48
48
49
49
49
49
49
49
49
49
49
49
49
50
50
51
52
52
53
53
53
55
55
55
55
55
56
58
58
58
58
58
58
59
59
59
60
60
61
61
62
62
62
63
63
63
63
63
63
64
64
64
64
64
65
65
66
66
67
67
68
68
68
69
70
71
71
71
71
72
72
72
72
73
73
73
74
74
74
74
75
75
75
75
75
75
75
76
76
76
77
77
77
78
78
78
78
78
79
79
79
79
80
80
80
80
80
81
82
82
82
83
83
83
84
84
84
84
84
84
84
84
85
85
85
86
86
86
87
88
88
88
89
89
89
89
90
90
90
90
91
91
91
91
91
92
92
93
94
95
95
95
96
96
96
96
96
97
97
98
98
98
98
98
98
99
99
100
100
100
100
101
101
101
101
102
102
102
102
102
102
102
102
103
103
103
103
103
104
104
104
105
105
105
105
105
106
106
106
106
106
106
107
107
107
108
108
108
109
109
109
109
110
110
111
111
111
113
113
113
113
113
113
113
114
114
114
114
114
114
114
114
114
115
115
115
115
115
115
115
116
116
116
116
116
116
116
116
117
117
117
117
117
117
117
117
117
117
118
118
119
119
119
120
120
120
120
120
121
121
121
121
121
121
122
122
122
122
123
123
123
124
124
125
125
125
125
126
126
126
127
127
127
127
127
127
127
127
127
128
128
128
128
128
128
128
128
128
128
128
128
128
128
128
128
129
129
129
129
129
129
129
129
130
130
130
130
130
130
130
130
131
131
131
131
131
131
131
131
131
131
131
132
132
132
132
132
132
132
132
133
133
133
133
133
133
133
133
133
133
133
134
134
134
134
134
134
134
134
135
135
135
135
135
136
136
136
136
136
136
137
137
138
138
138
139
139
139
139
139
139
140
140
140
140
140
140
140
141
141
141
144
144
144
145
145
146
147
147
148
148
148
148
148
149
149
149
149
149
150
150
151
151
151
151
151
152
152
152
153
153
153
153
153
153
154
154
154
154
154
154
155
155
155
156
156
156
156
156
156
156
156
156
157
157
157
157
157
157
157
158
159
159
159
160
160
160
161
161
161
162
162
162
163
163
163
163
164
165
165
165
165
166
166
166
166
166
167
167
168
168
168
168
169
169
169
170
170
170
171
171
171
171
171
171
172
172
173
173
173
174
174
174
174
175
175
175
175
175
176
176
176
176
176
176
176
176
177
177
178
178
179
179
179
179
180
182
182
183
183
184
184
184
185
185
185
186
186
186
188
188
188
188
188
189
191
191
193
193
194
195
196
196
199
199
199
199
200
202
202
203
203
203
203
203
204
207
209
209
210
210
211
211
212
212
213
213
213
214
214
214
214
214
214
214
215
215
215
215
215
215
215
215
216
216
216
216
216
218
219
219
219
221
221
222
223
225
225
225
225
225
225
226
227
227
227
227
228
228
228
228
229
229
229
230
230
230
230
231
232
233
233
233
234
234
234
235
235
235
235
236
236
236
236
237
237
239
239
240
240
240
243
243
244
244
245
246
246
246
247
248
248
249
249
249
252
253
253
253
254
254
256
256
257
257
258
259
259
259
261
262
265
265
267
267
269
270
271
272
273
273
275
276
277
278
283
283
285
288
290
291
302
302
304
304
304
305
305
305
306
306
306
307
310
311
311
311
311
311
312
316
328
328
328
349
375
381
384
385
391
464
465
466
469
474
476
477
478
478
479
479
481
483
483
485
492
494
499
500
504
505
505
507
510
524
526
531
537
537
538
545
598
605
609
611
613
617
621
625
625
628
629
630
630
631
631
631
632
633
635
636
638
638
639
641
642
642
646
646
647
648
648
649
649
650
650
650
650
650
652
653
655
657
668
673
676
676
682
685
687
692
694
698
699
700
702
703
715
716
716
731
732
733
735
735
736
739
741
743
743
744
763
765
766
766
771
771
771
771
771
771
771
771
772
772
777
778
778
778
778
779
779
779
779
779
779
779
779
780
781
781
782
783
789
791
794
795
795
805
817
818
819
820
823
846
848
851
853
861
862
864
864
869
871
871
874
881
890
891
891
891
891
891
893
916
921
939
940
942
944
954
957
958
958
959
961
961
963
968
969
972
973
984
986
993
1000
1003
1006
1012
1016
1017
1017
1018
1018
1019
1019
1019
1020
1020
1021
1024
1027
1030
1082
1102
1102
1103
1104
1106
1107
1111
1111
1115
1117
1123
1123
1123
1149
1150
1156
1174
1178
1187
1203
1203
1203
1203
1204
1208
1208
1292
1305
1307
1317
1318
1321
1323
1327
1331
1332
1340
1364
1419
1420
1421
1423
1423
1424
1424
1424
1425
1426
1426
1426
1428
1429
1430
1430
1431
1431
1434
1434
1435
1435
1437
1438
1439
1439
1440
1441
1441
1443
1443
1443
1444
1444
1444
1446
1446
1448
1449
1450
1451
1451
1451
1452
1452
1452
1452
1452
1452
1453
1454
1454
1454
1455
1455
1456
1456
1456
1457
1457
1457
1457
1457
1459
1460
1460
1461
1461
1461
1464
1465
1466
1466
1467
1468
1469
1470
1470
1470
1472
1472
1472
1473
1473
1473
1473
1473
1476
1476
1476
1476
1476
1476
1476
1477
1478
1478
1478
1479
1479
1480
1480
1481
1483
1483
1484
1484
1485
1486
1489
1492
1493
1496
1497
1497
1498
1499
1499
1500
1501
1501
1503
1504
1505
1507
1507
1508
1512
1513
1514
1514
1515
1516
1516
1517
1517
1519
1519
1519
1519
1520
1520
1522
1522
1522
1522
1523
1523
1523
1523
1524
1524
1525
1525
1525
1525
1525
1525
1525
1525
1527
1527
1533
1534
1534
1534
1536
1537
1546
1549
1551
1553
1553
1554
1554
1557
1558
1559
1559
1561
1562
1564
1565
1565
1566
1566
1567
1567
1572
1573
1574
1574
1575
1581
1581
1582
1582
1582
1582
1583
1583
1583
1584
1586
1586
1586
1588
1589
1591
1591
1595
1599
1600
1603
1603
1604
1606
1608
1609
1612
1612
1615
1616
1617
1622
1630
1633
1638
1644
1645
1647
1648
1648
1651
1652
1654
1655
1657
1658
1659
1665
1668
1669
1672
1672
1673
1674
1676
1676
1679
1684
1695
1698
1698
1702
1702
1702
1702
1702
1703
1705
1708
1708
1708
1710
1717
1718
1718
1718
1720
1722
1722
1724
1725
1726
1727
1730
1736
1737
1738
1738
1738
1739
1740
1742
1746
1747
1749
1751
1753
1755
1757
1762
1763
1764
1764
1768
1771
1773
1773
1777
1778
1783
1783
1786
1789
1791
1792
1794
1796
1799
1800
1800
1801
1801
1804
1806
1807
1807
1810
1814
1814
1819
1820
1824
1826
1826
1837
1840
1841
1841
1843
1843
1845
1846
1846
1847
1847
1848
1855
1856
1864
1868
1871
1872
1876
1877
1890
1901
1908
2035
2035
2035
2036
2064
2065
2067
2068
2069
2070
2070
2072
2079
2080
2083
2086
2091
2092
2098
2101
2103
2104
2109
2109
2117
2156
2172
2175
2177
2177
2178
2178
2180
2208
2225
2238
2238
2279
2306
2322
2327
2328
2330
2345
2347
2354
2360
2432
2439
2439
2450
2450
2451
2451
2458
2462
2462
2462
2463
2463
2556
2559
2563
2567
2582
2583
2594
2598
2601
2614
2615
2615
2617
2617
2619
2623
2634
2657
2661
2664
2669
2669
2669
2669
2670
2670
2670
2670
2670
2670
2670
2671
2671
2671
2671
2671
2671
2671
2672
2673
2683
2687
2688
2689
2689
2689
2689
2689
2689
2689
2689
2690
2690
2690
2690
2690
2690
2690
2690
2690
2690
2691
2691
2691
2731
2744
2748
2770
2776
2790
2859
2864
2870
2874
2878
2878
2901
2909
2909
2909
2910
2910
2910
2910
2910
2910
2910
2910
2910
2910
2910
2910
2910
2911
2911
2911
2911
2911
2911
2911
2911
2911
2912
2912
2913
2917
2917
2917
2917
2917
2919
2926
2926
2926
2926
2927
2927
2929
2932
2933
2934
2937
2938
2942
2942
2942
2943
2943
2943
2943
2943
2944
2944
2944
2945
2946
2950
2951
2956
2963
2965
2969
2969
2971
2971
2972
2973
2974
2977
2977
2977
2978
2978
2978
2979
2979
2979
2979
2979
2980
2984
2985
2987
2987
2987
2987
2988
2988
2990
2991
2992
2993
2993
2994
2994
2996
2997
2998
2999
2999
2999
3000
3001
3001
3001
3001
3002
3007
3007
3008
3008
3010
3013
3014
3014
3016
3016
3018
3021
3022
3023
3023
3024
3027
3029
3029
3032
3035
3037
3040
3052
3083
3129
3133
3133
3143
3145
3147
3151
3164
3168
3176
3177
3191
3198
3200
3202
3204
3210
3216
3218
3221
3230
3232
3232
3235
3235
3236
3236
3237
3237
3241
3245
3245
3245
3249
3253
3258
3258
3258
3260
3265
3283
3285
3295
3305
3309
3313
3314
3315
3318
3319
3321
3323
3323
3331
3377
3384
3384
3386
3391
3391
3554
3561
3562
3573
3576
3584
3593
3596
3609
3625
3626
3665
3700
3710
3723
3735
3739
3752
3753
3754
3801
3801
3801
3802
3802
3802
3856
3856
3858
3861
3862
3885
3895
3908
3910
3910
3911
3926
3937
3938
3938
3980
3986
3990
3999
4016
4017
4017
4019
4020
4021
4038
4044
4067
4077
4081
4090
4097
4098
4175
4182
4183
4188
4217
4217
4260
4342
4357
4357
4358
4360
4372
4373
4379
4458
4460
4465
4466
4467
4468
4473
4478
4484
4495
4511
4512
4513
4528
4531
4544
4552
4552
4559
4565
4590
4597
4603
4603
4605
4610
4617
4631
4631
4657
4689
4723
4739
4748
4749
4749
4750
4750
4755
4758
4812
4822
4827
4827
4834
4834
4836
4840
4840
4843
4862
5210
5213
5214
5376
5408
5440
5751
5752
5754
5754
5756
5898
6038
6039
6046
6108
6135
6137
6141
6170
6170
6184
6191
6191
6209
6229
6230
6234
6237
6239
6242
6242
6243
6243
6245
6248
6249
6251
6251
6252
6252
6254
6254
6259
6263
6277
6311
6314
6318
6322
6326
6331
6338
6388
6433
6488
6502
6508
6684
6718
6719
6720
6720
6731
6742
6781
6854
6931
7254
7254
7257
7260
7263
7263
7278
7286
7287
7288
7289
7296
7309
7617
7621
7628
7628
7630
7636
7650
7666
7681
7713
7714
7725
7748
7751
7752
7758
7760
7764
7764
7766
7766
7767
7767
7767
7768
7768
7768
7770
7772
7777
7779
7779
7785
7785
7786
7789
7790
7793
7793
7794
7794
7795
7795
7796
7799
7800
7802
7807
7809
7827
7833
7841
7842
7930
8070
8077
8079
8082
8266
8271
8272
8273
8276
8280
8292
8292
8295
8300
8405
8410
8412
8418
8421
8421
8422
8422
8422
8423
8431
8438
8441
8460
8486
8551
8585
8589
8592
8627
8646
8748
8749
8800
8802
8806
8807
8808
8811
8813
8815
8827
8831
8834
8837
8838
8839
8843
8853
8856
8856
8861
8869
8869
8876
8877
8877
8877
8877
8878
8879
8880
8880
8882
8882
8882
8882
8883
8883
8886
8904
8934
8939
8942
8944
8946
8951
8951
9037
9038
9053
9059
9071
9074
9116
9173
9189
9192
9219
9230
9237
9280
9297
9306
9312
9359
9360
9408
9413
9476
9487
9488
9491
9492
9496
9507
9517
9535
9540
9548
9555
9563
9563
9565
9567
9568
9570
9571
9573
9574
9576
9579
9591
9592
9594
9598
9604
9607
9607
9614
9615
9619
9622
9624
9624
9629
9655
9662
9665
9672
9672
9672
9673
9674
9674
9674
9676
9676
9678
9680
9683
9686
9776
9802
9878
9899
9900
9904
9910
9911
9922
9924
9932
9932
9936
9937
9942
9949
9959
9959
9960
9965
9965
