0
0
1
2
2
3
3
3
4
6
6
6
6
6
6
6
7
7
7
7
8
8
9
9
10
10
10
10
10
11
11
11
11
11
12
12
12
12
12
13
13
13
13
13
14
14
14
14
14
15
15
15
15
15
15
15
16
16
16
16
16
17
17
17
17
17
17
17
17
18
18
18
18
18
18
18
19
19
19
19
19
19
19
19
20
20
20
21
21
21
21
21
21
21
21
21
22
22
22
23
23
23
23
23
23
23
23
24
24
24
24
24
24
24
24
24
24
24
24
24
24
24
24
24
25
25
25
25
25
25
25
25
25
25
25
25
25
25
25
25
25
25
26
26
26
26
26
26
26
26
26
26
26
26
27
27
27
27
27
27
27
27
27
27
27
27
27
28
28
28
28
28
28
28
28
28
28
29
29
29
29
29
30
30
30
30
30
30
30
30
30
30
30
30
31
31
31
31
31
31
31
32
32
32
32
32
32
32
32
32
32
32
32
32
32
32
32
33
33
33
33
33
33
33
33
33
33
33
33
33
33
33
33
33
33
33
33
33
33
33
33
34
34
34
34
34
34
34
34
34
34
35
35
35
35
35
35
35
35
36
36
36
37
38
38
38
38
39
39
39
39
39
39
39
40
40
40
40
40
40
41
41
42
42
42
42
42
43
43
43
43
44
44
44
44
44
45
45
45
45
45
46
46
46
46
47
47
47
48
48
48
48
48
48
48
49
49
49
49
49
49
49
49
49
49
50
50
50
50
50
50
50
50
50
51
51
51
51
51
51
51
51
51
51
51
51
52
52
52
52
52
52
52
52
52
52
52
52
52
52
52
52
52
53
53
53
53
53
53
53
53
53
53
53
53
53
53
53
53
53
54
54
54
54
54
54
54
54
54
54
54
54
54
54
55
55
55
55
55
55
55
55
56
56
56
56
56
56
56
56
56
56
57
57
57
57
57
57
57
57
58
58
58
58
58
58
58
58
58
59
59
59
59
59
59
59
59
59
59
59
59
59
59
59
60
60
60
60
60
60
61
61
62
62
62
62
62
62
62
62
62
62
63
63
63
63
63
63
63
64
64
64
65
65
65
65
65
65
65
65
66
66
66
66
67
67
67
67
67
67
68
68
68
69
69
69
70
70
70
70
71
71
71
71
71
72
72
72
72
72
72
72
73
73
73
73
73
73
73
74
74
74
74
74
74
75
75
76
77
77
78
78
78
79
79
79
79
79
79
79
80
80
80
80
80
81
81
81
81
81
81
82
82
82
82
82
82
82
82
83
83
83
83
83
83
84
84
84
84
84
85
85
85
86
86
86
86
86
87
87
87
87
87
87
87
87
87
87
87
88
88
88
88
88
88
88
88
89
89
89
89
89
89
90
90
90
91
91
91
92
92
92
92
92
92
93
93
93
93
93
93
94
94
94
94
95
95
96
96
96
98
98
98
98
98
99
99
99
99
99
99
99
99
99
99
99
99
99
100
100
100
100
100
100
101
101
101
101
101
101
101
102
102
102
102
102
102
102
102
103
103
103
103
103
103
103
103
103
103
104
104
104
104
104
104
104
104
104
104
105
105
106
106
106
106
106
107
107
107
107
107
107
107
108
108
108
108
108
108
108
108
108
109
109
110
110
110
112
112
112
112
113
113
113
113
113
113
113
113
114
114
114
115
115
115
115
115
116
116
117
117
117
117
118
118
119
119
119
119
119
119
120
120
120
121
121
121
121
121
121
121
122
123
123
123
124
124
124
125
125
125
125
125
125
126
126
126
126
126
126
126
126
126
127
128
128
128
128
128
129
129
129
129
129
130
130
130
131
131
131
131
131
131
131
131
131
131
131
132
132
132
132
132
132
132
132
132
132
132
133
133
133
133
133
133
133
133
133
134
134
134
134
134
134
135
135
135
135
135
135
136
136
136
136
136
136
137
137
138
138
138
138
138
138
138
138
138
138
139
139
139
139
139
139
139
140
140
140
140
140
141
141
141
142
142
143
143
143
143
144
144
144
144
144
144
144
145
145
145
145
145
145
145
145
145
145
146
146
146
146
146
146
147
148
148
148
148
148
149
149
149
149
149
149
150
150
150
150
150
150
150
151
151
151
151
151
151
151
152
152
152
152
152
152
153
153
153
153
154
154
154
154
154
155
155
156
156
156
156
156
156
156
156
156
156
156
156
156
157
157
157
157
157
157
157
158
158
158
159
159
159
159
159
159
159
159
160
160
160
161
161
162
162
162
163
163
163
164
164
164
165
165
165
165
165
165
166
166
166
166
167
167
167
167
168
169
169
169
169
169
169
169
169
169
169
169
170
170
171
171
171
172
172
172
172
172
172
172
173
173
173
174
174
175
175
175
175
176
176
177
177
177
178
178
178
179
179
179
179
179
180
180
180
180
180
180
180
180
180
181
182
182
182
183
183
183
183
183
183
184
184
184
184
184
184
184
185
185
186
186
186
186
186
186
187
187
187
188
188
189
189
189
190
191
191
191
193
193
193
193
193
193
193
194
194
194
195
195
195
195
195
195
196
196
196
196
197
197
198
198
199
200
200
200
200
200
200
200
200
201
201
201
202
202
202
202
202
202
203
203
204
204
205
205
205
206
206
206
206
206
207
207
207
207
208
208
208
208
209
209
209
210
210
211
211
212
212
212
212
212
212
213
213
213
214
214
214
215
215
215
215
215
216
216
216
216
216
217
217
218
218
218
218
219
220
220
220
221
221
221
222
223
223
223
223
224
224
224
224
224
225
225
226
226
226
227
227
228
228
228
229
229
230
230
230
230
231
233
233
234
236
236
236
236
236
236
237
237
237
237
237
238
238
238
238
238
239
239
239
239
239
239
239
239
239
239
240
240
241
243
244
244
244
246
246
246
247
247
248
249
249
249
249
249
249
250
250
250
250
250
250
250
250
250
250
251
251
251
252
252
252
252
252
253
254
255
255
255
255
256
256
256
256
257
257
258
262
262
262
267
271
272
272
272
272
274
274
276
276
278
278
279
279
282
283
284
289
290
291
291
293
294
295
296
297
299
300
300
301
302
302
302
302
303
303
303
305
305
306
308
308
308
308
309
309
309
310
310
311
311
311
312
313
313
313
314
314
314
315
315
316
316
317
317
317
318
320
320
320
321
321
321
321
322
322
323
324
324
324
324
325
325
325
325
326
326
327
327
327
327
327
327
327
327
328
328
328
328
328
328
328
328
329
329
329
329
329
329
329
330
330
330
332
333
333
334
334
334
335
336
336
336
336
338
338
339
339
340
340
340
341
342
343
344
344
344
344
344
345
345
346
347
349
349
349
349
350
350
350
350
350
351
351
351
351
352
353
353
353
353
354
354
355
356
357
358
358
359
360
360
360
361
361
362
362
363
363
363
364
364
364
364
364
364
364
364
365
365
365
365
365
365
365
365
365
365
365
366
366
366
367
368
368
368
368
368
368
368
368
368
368
369
369
369
369
369
369
370
370
370
371
371
371
371
372
372
373
373
374
375
375
375
376
377
378
378
378
378
379
379
379
379
379
379
379
379
379
379
379
379
379
380
380
380
381
381
381
381
382
383
385
386
386
387
387
387
388
388
389
389
389
389
390
390
390
391
391
391
392
392
393
393
393
393
394
395
396
396
398
399
399
399
399
400
401
402
402
403
403
404
405
405
405
405
406
407
408
408
408
409
409
410
410
410
410
411
411
411
411
411
411
411
412
412
412
412
412
412
413
414
415
415
416
416
416
417
417
417
417
417
419
419
420
421
422
422
424
425
425
425
425
426
429
430
430
431
432
433
433
434
434
434
435
435
436
436
436
436
437
438
441
443
443
444
445
445
446
446
450
452
467
473
473
473
475
477
480
481
481
482
482
482
483
484
487
489
492
492
496
497
500
500
501
502
507
511
512
513
515
516
519
522
522
522
523
524
525
525
526
527
527
529
534
536
536
537
537
543
545
547
551
552
552
554
555
555
556
556
558
558
559
559
560
561
561
561
562
562
562
562
563
563
563
563
563
564
565
565
565
565
565
569
570
571
571
573
574
574
575
575
575
575
581
581
582
584
584
587
591
596
600
601
602
604
604
618
622
624
626
628
634
634
646
650
654
659
660
661
661
661
662
668
669
669
669
671
671
672
678
678
679
679
680
680
682
683
684
685
685
685
690
690
691
692
693
695
698
698
699
700
701
704
705
705
705
706
707
708
711
713
719
720
723
724
725
725
726
727
727
728
729
730
730
733
735
736
738
738
739
739
742
742
743
743
744
746
746
748
752
755
756
766
766
767
768
768
769
769
773
773
778
779
781
781
786
786
787
787
788
789
789
789
789
789
790
790
803
806
806
806
806
806
806
806
817
817
819
819
824
831
832
842
845
846
846
847
847
850
852
852
852
856
859
862
866
867
869
869
870
870
870
870
870
870
871
871
871
871
871
871
871
872
872
872
873
873
874
874
874
874
874
875
875
876
876
878
880
880
885
890
895
896
896
901
901
904
909
909
936
936
937
940
945
946
956
976
983
983
989
990
996
1002
1002
1012
1015
1015
1016
1017
1019
1020
1020
1024
1027
1043
1044
1044
1044
1045
1048
1048
1048
1050
1055
1055
1058
1059
1060
1060
1067
1071
1073
1073
1073
1073
1080
1080
1084
1091
1093
1096
1098
1099
1107
1112
1113
1118
1124
1131
1133
1134
1136
1137
1137
1137
1137
1138
1138
1138
1139
1139
1139
1139
1140
1140
1140
1140
1140
1140
1141
1141
1141
1142
1144
1144
1144
1144
1145
1145
1147
1147
1148
1148
1148
1148
1148
1148
1148
1149
1149
1149
1149
1149
1149
1149
1150
1150
1150
1151
1151
1153
1153
1154
1155
1157
1157
1157
1157
1157
1158
1158
1158
1158
1158
1158
1158
1158
1158
1159
1159
1160
1169
1171
1172
1172
1172
1180
1181
1182
1183
1188
1192
1192
1193
1193
1198
1198
1204
1210
1212
1213
1220
1226
1228
1242
1242
1248
1284
1286
1286
1287
1290
1299
1299
1299
1300
1311
1313
1315
1315
1328
1334
1336
1338
1338
1338
1339
1339
1339
1339
1339
1339
1339
1340
1346
1353
1357
1365
1368
1368
1368
1369
1374
1405
1407
1411
1412
1412
1429
1433
1434
1434
1435
1440
1441
1443
1443
1445
1446
1447
1447
1448
1449
1451
1452
1452
1454
1462
1463
1467
1467
1468
1468
1474
1478
1480
1482
1486
1487
1493
1497
1499
1500
1502
1505
1506
1507
1508
1509
1509
1509
1517
1520
1522
1522
1523
1524
1524
1526
1529
1530
1531
1534
1535
1541
1542
1543
1543
1547
1548
1549
1549
1550
1550
1550
1551
1552
1552
1554
1555
1558
1560
1560
1560
1561
1561
1562
1565
1567
1570
1571
1572
1574
1575
1576
1576
1578
1579
1588
1590
1596
1597
1598
1598
1598
1599
1602
1605
1607
1607
1608
1609
1609
1610
1610
1612
1613
1614
1614
1615
1615
1615
1616
1617
1619
1620
1622
1623
1624
1630
1630
1631
1634
1638
1640
1641
1642
1646
1651
1653
1656
1656
1657
1658
1660
1664
1664
1666
1667
1667
1668
1672
1673
1675
1682
1684
1685
1687
1687
1687
1689
1693
1695
1700
1707
1709
1711
1712
1713
1713
1714
1716
1719
1725
1730
1730
1745
1758
1785
1835
1847
1878
1884
1884
1885
1885
1893
1900
1910
