1
1
2
3
3
3
3
4
4
6
7
7
8
9
9
11
11
12
12
12
12
12
13
14
15
15
16
16
17
18
18
18
18
19
19
19
19
20
23
24
24
26
26
27
27
27
27
27
27
27
27
28
28
28
28
28
28
28
28
28
28
28
29
29
29
29
29
29
29
29
29
29
30
30
30
30
30
30
30
31
31
31
31
31
31
31
31
32
32
32
32
32
33
33
33
33
34
34
34
35
35
35
35
35
35
35
36
36
36
36
36
36
36
36
36
36
36
37
37
37
37
37
37
37
37
37
39
39
40
41
41
41
41
41
42
42
42
42
42
43
43
43
43
43
43
43
44
44
45
46
48
51
52
54
54
55
56
56
57
58
58
58
58
59
59
59
59
59
59
59
59
59
60
60
60
61
62
62
62
62
63
65
66
68
69
69
69
69
69
69
70
70
70
71
71
71
72
72
74
75
75
76
76
76
77
78
78
78
78
80
81
81
82
82
82
83
84
89
91
93
94
94
95
96
96
97
98
100
100
101
101
101
101
103
105
105
106
106
106
106
108
108
108
109
112
113
113
113
114
114
114
114
114
114
114
114
114
114
114
115
115
115
115
115
115
115
116
116
116
116
117
118
120
121
122
122
123
123
124
124
125
125
125
126
127
128
130
131
133
134
134
134
134
135
135
136
137
137
138
138
139
139
139
139
140
140
140
141
141
142
143
143
143
144
144
145
145
146
147
149
149
150
150
153
153
153
153
153
153
154
154
154
154
155
155
155
155
155
155
155
155
155
156
156
156
156
156
157
157
157
159
160
161
161
162
162
163
164
164
165
165
165
166
168
168
168
169
169
169
170
170
170
171
171
172
172
172
172
172
173
173
173
173
173
173
173
174
174
174
174
174
174
175
176
177
178
179
179
180
180
180
181
181
181
182
182
182
182
182
183
183
183
184
184
184
185
186
186
186
187
187
188
188
190
190
191
191
193
194
197
198
199
199
199
200
200
202
202
203
203
204
204
204
204
204
204
204
205
205
205
205
206
206
207
207
207
207
209
209
209
209
211
211
212
212
212
212
213
214
214
215
215
216
216
217
217
217
217
218
218
218
218
218
219
219
219
219
220
220
223
223
223
223
223
223
223
224
224
224
227
227
229
231
231
232
232
232
233
236
238
239
239
240
241
241
241
241
241
241
241
242
242
243
243
243
243
243
244
247
248
248
249
250
251
251
251
251
251
251
253
254
255
256
258
259
259
262
262
266
267
269
272
275
276
277
278
280
280
280
281
281
282
285
287
288
288
289
291
292
293
293
293
293
293
294
294
295
296
297
298
298
299
300
300
301
303
304
304
307
310
314
317
318
321
326
329
332
334
338
339
339
341
342
344
346
349
350
351
354
355
358
362
362
362
363
363
363
364
365
365
366
367
368
370
372
372
374
375
376
376
377
377
378
379
379
379
380
380
380
381
383
383
385
400
404
409
412
415
428
435
452
459
482
482
496
531
536
584
587
589
589
592
593
598
599
600
604
607
607
611
612
613
614
617
618
619
620
623
624
627
630
632
632
632
632
633
633
634
634
634
635
635
636
637
641
643
644
646
646
646
649
649
649
649
649
650
650
650
650
650
650
651
651
651
651
652
654
654
655
655
655
655
655
655
656
656
656
657
659
661
670
671
672
673
674
675
675
675
675
676
678
680
681
682
683
684
684
684
685
685
688
695
700
701
706
710
711
712
713
716
718
719
721
735
762
789
791
795
800
819
819
819
819
829
829
829
850
851
851
851
851
852
852
852
852
852
853
853
853
853
854
855
856
856
857
857
860
861
863
865
867
874
880
894
895
900
905
906
910
910
912
912
913
913
913
915
916
917
919
923
925
925
928
929
931
934
934
935
935
935
938
940
941
946
949
951
951
951
951
952
952
952
953
956
962
966
968
969
973
974
979
980
981
981
983
987
992
993
998
1000
1003
1005
1007
1010
1010
1010
1010
1017
1018
1019
1020
1021
1022
1034
1251
1251
1259
1262
1262
1280
1282
1306
1309
1310
1312
1318
1320
1323
1324
1325
1327
1327
1328
1329
1330
1347
1347
1359
1398
1411
1420
1426
1426
1426
1426
1426
1426
1426
1427
1427
1427
1427
1427
1427
1427
1427
1427
1427
1428
1429
1429
1429
1429
1429
1429
1430
1430
1432
1432
1432
1432
1432
1433
1433
1434
1435
1435
1436
1436
1436
1436
1437
1437
1437
1438
1439
1440
1440
1440
1440
1441
1441
1441
1441
1442
1442
1442
1442
1443
1444
1444
1444
1445
1445
1445
1445
1446
1447
1447
1447
1447
1447
1447
1448
1448
1448
1448
1448
1448
1448
1448
1448
1448
1449
1449
1450
1450
1450
1451
1453
1453
1453
1453
1453
1453
1453
1453
1453
1454
1454
1454
1454
1454
1454
1454
1455
1455
1455
1457
1458
1458
1458
1460
1460
1460
1460
1460
1460
1460
1460
1460
1460
1460
1461
1461
1461
1461
1461
1461
1461
1461
1461
1461
1462
1462
1462
1462
1462
1462
1462
1462
1462
1462
1462
1462
1462
1463
1463
1463
1463
1463
1463
1463
1463
1463
1463
1463
1464
1464
1464
1464
1464
1464
1464
1464
1465
1465
1465
1466
1466
1466
1466
1466
1467
1467
1468
1468
1469
1470
1470
1471
1471
1471
1471
1471
1472
1472
1473
1474
1475
1477
1477
1479
1479
1481
1482
1482
1482
1482
1483
1483
1484
1485
1487
1488
1488
1489
1489
1489
1489
1490
1490
1490
1491
1491
1493
1494
1495
1495
1496
1497
1497
1498
1498
1503
1504
1505
1505
1509
1510
1512
1512
1515
1515
1516
1516
1516
1518
1518
1519
1519
1521
1521
1523
1523
1525
1525
1529
1530
1530
1534
1554
1560
1561
1563
1564
1564
1564
1565
1565
1565
1565
1566
1566
1567
1567
1568
1568
1569
1570
1570
1571
1572
1572
1572
1572
1573
1573
1574
1575
1576
1577
1579
1579
1579
1580
1581
1582
1582
1582
1583
1584
1584
1585
1586
1587
1589
1589
1590
1591
1595
1596
1598
1599
1600
1600
1601
1602
1604
1605
1607
1607
1607
1608
1612
1612
1613
1614
1627
1628
1630
1639
1641
1648
1648
1648
1648
1648
1649
1649
1649
1650
1653
1655
1656
1656
1656
1657
1657
1657
1657
1657
1657
1658
1658
1658
1658
1658
1659
1660
1660
1662
1662
1662
1663
1663
1663
1663
1663
1663
1664
1664
1664
1664
1664
1665
1665
1665
1665
1670
1671
1679
1680
1680
1682
1683
1684
1687
1691
1691
1692
1699
1700
1701
1706
1706
1708
1718
1722
1731
1742
1753
1754
1754
1755
1755
1755
1755
1757
1761
1768
1776
1777
1777
1777
1780
1792
1794
1794
1797
1805
1808
1821
1822
1826
1827
1830
1830
1830
1832
1832
1836
1837
1841
1843
1843
1844
1844
1844
1845
1846
1847
1847
1848
1851
1852
1852
1853
1854
1854
1854
1854
1859
1860
1860
1862
1870
1870
1875
1881
1909
1999
2003
2003
2004
2008
2014
2026
2026
2058
2059
2089
2089
2093
2098
2109
2132
2133
2144
2178
2204
2210
2215
2220
2220
2220
2221
2221
2221
2224
2224
2227
2228
2228
2231
2234
2236
2239
2244
2244
2245
2248
2249
2250
2340
2341
2342
2347
2353
2354
2355
2361
2362
2364
2366
2367
2368
2376
2378
2458
2467
2472
2477
2480
2488
2498
2504
2504
2509
2510
2512
2514
2515
2515
2515
2518
2525
2526
2530
2533
2544
2556
2558
2560
2634
2635
2637
2641
2650
2651
2651
2651
2652
2653
2653
2653
2653
2653
2653
2653
2653
2653
2654
2654
2654
2654
2654
2654
2654
2654
2654
2654
2654
2655
2655
2655
2655
2655
2655
2655
2655
2655
2665
2666
2674
2674
2675
2675
2676
2676
2676
2677
2678
2679
2684
2685
2687
2692
2699
2707
2716
2720
2879
2895
2918
2922
2928
2934
2942
2944
2968
2969
2971
2972
2974
2977
2979
2980
2980
2981
2983
2983
2983
2983
2984
2984
2984
2985
2986
2986
2986
2987
2987
2988
2990
2990
2991
2991
2992
2993
2994
2995
2998
2998
2998
2999
2999
3002
3002
3004
3005
3007
3008
3008
3011
3012
3012
3014
3014
3015
3017
3017
3022
3023
3025
3025
3025
3025
3025
3025
3026
3026
3026
3026
3026
3026
3029
3030
3031
3032
3032
3032
3034
3035
3035
3038
3042
3042
3044
3044
3044
3047
3062
3063
3071
3075
3076
3079
3110
3127
3127
3149
3158
3159
3176
3179
3181
3181
3188
3189
3223
3227
3247
3255
3256
3265
3267
3272
3273
3273
3274
3278
3278
3283
3288
3291
3291
3292
3292
3292
3292
3292
3293
3293
3293
3294
3296
3296
3298
3299
3304
3304
3305
3307
3309
3312
3312
3313
3313
3314
3317
3319
3324
3324
3324
3345
3356
3358
3358
3360
3362
3369
3373
3376
3379
3383
3396
3399
3404
3409
3409
3410
3414
3416
3418
3421
3421
3422
3423
3424
3427
3427
3427
3428
3428
3432
3432
3435
3436
3440
3440
3441
3441
3443
3443
3443
3444
3444
3444
3444
3444
3444
3450
3456
3457
3458
3458
3459
3459
3473
3479
3485
3486
3487
3493
3498
3499
3499
3503
3503
3504
3504
3526
3537
3564
3564
3564
3564
3565
3565
3565
3565
3567
3584
3619
3620
3621
3627
3649
3657
3673
3675
3678
3694
3695
3705
3706
3708
3709
3710
3716
3722
3725
3725
3727
3736
3775
3797
3833
3836
3882
3896
3897
3899
3899
3901
3902
3914
3914
3915
3923
3927
3945
3979
3981
3988
3988
4001
4004
4005
4017
4018
4045
4086
4089
4108
4171
4197
4198
4201
4211
4218
4219
4221
4223
4223
4246
4266
4269
4276
4283
4289
4291
4292
4292
4318
4366
4366
4403
4403
4403
4412
4417
4421
4423
4424
4434
4434
4461
4488
4489
4489
4497
4500
4502
4502
4503
4504
4506
4506
4511
4522
4526
4534
4537
4566
4577
4585
4587
4591
4592
4598
4600
4609
4629
4632
4635
4638
4642
4644
4646
4646
4675
4676
4676
4676
4676
4693
4693
4698
4703
4704
4706
4718
4730
4758
4765
4767
4767
4770
4774
4778
4782
4782
4789
4794
4798
4807
4807
4808
4814
4815
4816
4816
4817
4817
4819
4819
4832
4834
4859
4866
4873
4874
4874
4874
4880
4881
4881
4885
4890
4893
4896
4898
4903
4907
4909
4910
4912
4912
4914
4915
4916
4919
4922
4923
4926
4927
4928
4928
4931
4989
4993
4994
5000
5002
5004
5006
5010
5012
5015
5142
5152
5154
5156
5156
5179
5194
5197
5198
5200
5202
5206
5267
5278
5281
5283
5286
5287
5328
5373
5375
5384
5412
5446
5451
5454
5454
5472
5473
5530
5619
5679
5680
5708
5741
5742
5743
5744
5744
5759
5759
5760
5762
5762
5772
5784
5798
5801
5871
5872
5873
5899
5907
6094
6096
6096
6097
6098
6098
6098
6100
6100
6100
6104
6176
6190
6201
6207
6211
6220
6227
6228
6247
6248
6249
6249
6253
6264
6269
6269
6271
6272
6275
6279
6281
6284
6285
6307
6308
6308
6358
6420
6543
6546
6549
6551
6553
6562
6567
6568
6582
6591
6591
6593
6593
6598
6600
6652
6652
6974
6977
6982
6983
6984
6995
6996
6997
6999
7000
7005
7007
7011
7012
7015
7019
7020
7020
7021
7033
7034
7043
7115
7136
7139
7248
7304
7306
7307
7308
7310
7364
7382
7388
7393
7393
7394
7394
7394
7400
7401
7401
7402
7404
7408
7413
7415
7420
7425
7425
7425
7426
7434
7448
7457
7504
7511
7513
7524
7525
7527
7548
7553
7565
7568
7575
7576
7577
7577
7577
7582
7585
7586
7593
7605
7615
7629
7656
7663
7668
7676
7677
7677
7703
7705
7706
7706
7726
7729
7735
7745
7749
7805
7815
7825
7839
7847
7851
7852
7855
7855
7859
7859
7860
7863
7869
7870
7870
7872
7876
7879
7880
7880
7885
7895
7896
7900
7904
7909
7911
7912
7917
8011
8013
8014
8014
8018
8018
8019
8021
8026
8027
8027
8027
8027
8028
8028
8061
8063
8078
8081
8081
8081
8086
8097
8100
8100
8104
8112
8113
8119
8120
8120
8120
8120
8122
8123
8124
8125
8125
8125
8125
8126
8129
8138
8140
8151
8181
8187
8189
8191
8203
8204
8206
8209
8209
8209
8209
8209
8209
8209
8210
8210
8210
8210
8219
8219
8219
8221
8222
8231
8262
8327
8429
8435
8438
8446
8454
8454
8459
8460
8460
8460
8461
8462
8537
8538
8543
8543
8544
8544
8547
8548
8548
8563
8568
8577
8582
8591
8597
8604
8604
8606
8607
8607
8608
8611
8611
8611
8613
8617
8621
8621
8625
8629
8635
8636
8638
8640
8640
8640
8642
8648
8649
8651
8651
8658
8660
8663
8667
8668
8668
8671
8673
8673
8677
8688
8688
8689
8696
8706
8710
8716
8717
8717
8718
8718
8721
8722
8730
8732
8819
8874
8875
8879
8883
8943
8944
8949
8955
8966
8968
8976
8977
8981
8987
8993
9003
9011
9015
9016
9020
9027
9028
9030
9036
9042
9043
9044
9053
9054
9059
9064
9069
9075
9075
9085
9087
9091
9099
9102
9104
9106
9110
9111
9112
9120
9120
9121
9123
9125
9127
9128
9143
9151
9152
9164
9173
