1
1
2
2
3
3
3
4
5
6
6
6
6
6
7
7
8
9
9
9
10
11
11
11
12
12
12
12
13
13
13
13
15
16
19
19
19
19
20
20
20
20
20
20
20
20
20
20
20
21
21
21
21
21
21
21
21
21
21
21
21
21
21
21
21
22
22
22
22
22
22
22
22
22
22
22
22
23
23
23
23
23
24
24
24
24
24
24
24
24
25
25
25
25
25
25
25
25
25
25
25
26
26
26
26
26
26
27
28
28
29
29
29
30
31
31
31
31
31
31
31
31
32
32
32
32
32
33
33
33
33
33
34
34
34
34
34
34
34
35
36
36
36
37
37
37
38
38
38
39
39
39
39
39
40
40
40
40
40
40
40
40
40
40
40
40
40
41
41
42
42
42
42
42
42
43
44
44
44
45
45
46
46
46
46
47
47
48
48
49
50
50
50
50
50
50
50
52
53
53
53
53
53
53
53
54
54
54
54
54
54
54
54
55
55
56
56
57
57
57
57
57
58
58
58
58
59
59
59
59
59
59
60
61
61
61
61
61
61
61
62
62
62
63
63
63
63
64
64
64
64
64
65
66
66
68
68
69
70
70
70
70
71
71
71
72
72
72
72
72
73
73
73
73
73
73
73
73
73
74
74
74
74
74
74
74
74
74
74
75
75
75
75
76
76
76
76
77
77
78
79
79
80
80
80
80
80
84
84
84
84
85
86
87
87
87
88
88
88
88
88
89
89
91
91
92
92
93
94
94
94
94
94
94
95
96
96
96
96
97
98
98
99
99
100
101
101
101
102
102
102
103
103
104
104
104
104
105
106
106
108
108
108
108
109
109
110
111
111
111
112
112
112
113
113
114
114
114
115
116
117
118
118
118
119
119
119
120
120
120
120
120
120
121
121
122
122
123
123
123
124
124
125
125
125
125
126
127
127
128
128
128
129
129
129
129
129
130
131
131
131
132
132
133
133
133
133
134
135
135
136
137
138
138
139
139
139
139
139
139
139
139
139
139
139
140
140
140
140
140
140
140
142
142
143
143
143
144
144
144
145
145
145
146
147
147
147
147
150
151
151
151
152
152
152
152
153
154
155
155
155
156
157
158
158
160
162
162
162
162
163
163
163
163
165
165
168
168
169
170
172
173
174
175
175
177
177
177
177
177
179
179
179
180
180
180
180
180
180
180
180
181
181
181
181
181
181
182
182
182
182
182
182
182
182
182
183
183
183
183
183
184
184
184
184
184
184
185
185
185
185
185
186
186
186
186
186
187
187
187
188
188
189
189
189
189
190
192
192
192
193
193
193
193
193
194
196
196
197
197
197
197
198
198
198
198
198
198
199
199
200
200
202
207
207
208
208
209
209
210
210
211
211
211
212
212
212
212
213
213
214
216
216
217
217
217
218
219
220
221
221
221
221
224
225
225
225
226
227
227
227
227
227
228
229
229
229
230
231
231
232
232
233
234
234
234
235
236
236
236
236
238
239
239
239
240
240
240
240
241
241
241
241
241
242
243
244
244
245
245
248
248
250
254
255
258
260
267
271
272
272
274
274
275
277
277
277
278
278
278
279
279
279
279
279
279
281
282
283
289
290
290
293
294
294
295
296
297
298
299
300
300
303
305
306
307
307
307
309
310
310
311
313
313
314
314
315
317
317
317
317
317
318
318
318
318
318
318
318
318
318
318
318
318
319
319
319
319
319
319
319
319
319
319
320
320
320
320
320
320
320
320
321
322
323
324
327
327
328
328
330
330
330
331
331
333
334
335
337
337
338
338
338
340
340
341
341
341
341
341
341
341
341
341
341
341
342
342
342
342
342
345
345
347
347
347
347
348
348
348
348
348
348
349
349
349
349
351
351
352
352
353
354
356
357
357
357
360
361
362
364
364
365
368
368
369
369
376
380
385
386
387
394
398
399
401
405
407
414
414
417
421
421
422
422
431
433
437
439
441
442
445
445
446
448
451
451
451
452
453
454
457
457
457
458
459
460
462
463
464
467
468
469
471
472
472
473
473
474
477
477
477
478
478
478
480
482
483
484
486
487
494
495
496
496
497
497
498
499
500
501
502
504
505
505
506
506
507
512
513
524
526
530
536
536
536
537
537
541
544
548
556
561
561
565
565
567
567
568
570
576
587
589
590
590
591
591
591
591
591
592
592
594
596
596
602
603
606
607
615
616
619
620
623
624
627
629
635
637
639
643
643
645
646
649
659
663
670
670
677
685
693
729
731
740
746
748
749
753
755
759
759
760
760
773
774
774
774
774
775
778
780
783
790
814
818
820
823
826
832
835
838
840
841
841
842
842
844
846
847
847
847
847
847
848
848
848
849
849
849
849
851
852
852
854
856
856
856
856
856
857
857
857
858
858
858
858
858
858
858
858
858
858
859
859
859
859
859
860
860
860
860
860
860
860
860
861
861
864
865
866
866
867
867
868
879
879
879
880
880
880
880
880
883
883
888
906
907
912
912
913
919
921
922
923
924
940
941
941
953
957
958
961
963
964
968
970
973
974
975
977
977
992
992
992
992
992
992
994
995
995
996
998
1004
1010
1015
1028
1030
1030
1031
1031
1031
1031
1031
1142
1145
1171
1184
1186
1351
1385
1390
1394
1394
1394
1399
1418
1418
1420
1421
1422
1427
1428
1431
1431
1431
1431
1433
1433
1433
1433
1434
1435
1436
1438
1438
1438
1443
1443
1443
1444
1444
1444
1445
1445
1446
1446
1447
1449
1450
1450
1451
1453
1455
1455
1455
1455
1455
1456
1456
1456
1456
1456
1456
1456
1456
1456
1456
1456
1456
1456
1457
1457
1457
1457
1457
1457
1457
1457
1457
1457
1457
1457
1458
1458
1459
1460
1460
1460
1461
1462
1463
1463
1463
1464
1464
1464
1464
1464
1465
1465
1465
1465
1466
1466
1466
1467
1467
1470
1471
1472
1472
1473
1473
1473
1474
1475
1475
1475
1476
1478
1478
1479
1479
1480
1480
1480
1481
1482
1482
1483
1483
1484
1485
1485
1486
1486
1486
1487
1487
1488
1489
1489
1490
1490
1491
1492
1492
1492
1492
1492
1494
1495
1495
1496
1496
1496
1496
1498
1500
1501
1501
1505
1507
1508
1510
1516
1517
1519
1520
1521
1521
1522
1522
1522
1524
1524
1526
1528
1528
1534
1535
1537
1539
1539
1540
1540
1540
1541
1541
1541
1541
1542
1544
1547
1550
1550
1551
1552
1552
1553
1553
1554
1554
1555
1555
1558
1558
1558
1558
1559
1560
1560
1561
1561
1562
1562
1566
1566
1567
1569
1569
1569
1570
1572
1574
1574
1575
1577
1578
1578
1582
1582
1582
1588
1594
1596
1598
1599
1600
1602
1602
1603
1604
1604
1606
1609
1612
1614
1616
1617
1626
1631
1633
1634
1637
1641
1644
1645
1649
1653
1653
1653
1654
1655
1655
1655
1656
1656
1660
1660
1660
1660
1660
1661
1661
1661
1661
1663
1666
1667
1671
1671
1671
1674
1675
1675
1675
1675
1675
1675
1675
1676
1676
1677
1677
1677
1678
1688
1689
1689
1690
1691
1691
1691
1691
1692
1697
1698
1698
1698
1698
1699
1700
1701
1702
1705
1705
1705
1707
1711
1712
1712
1713
1715
1717
1717
1718
1718
1719
1720
1720
1720
1723
1724
1724
1724
1724
1724
1725
1725
1726
1726
1726
1726
1727
1727
1728
1728
1728
1728
1729
1729
1732
1732
1734
1734
1735
1735
1737
1738
1738
1739
1739
1739
1741
1741
1742
1742
1743
1744
1745
1746
1747
1747
1751
1752
1753
1753
1753
1754
1754
1755
1755
1756
1757
1757
1760
1760
1761
1763
1765
1765
1766
1767
1767
1767
1768
1769
1770
1771
1771
1772
1773
1774
1776
1776
1776
1777
1778
1780
1783
1787
1793
1797
1798
1799
1800
1801
1801
1801
1802
1806
1808
1812
1813
1815
1815
1815
1815
1819
1821
1822
1822
1824
1829
1830
1830
1831
1831
1832
1833
1833
1834
1834
1834
1835
1836
1836
1837
1838
1839
1840
1840
1841
1843
1845
1845
1847
1849
1852
1853
1855
1857
1859
1860
1860
1861
1864
1864
1877
1881
1893
1894
1895
1917
1939
1940
1941
1947
1981
1983
1984
1995
1998
1998
1998
1999
2007
2013
2013
2016
2018
2019
2020
2020
2021
2023
2032
2035
2043
2048
2059
2061
2085
2121
2122
2123
2126
2133
2134
2136
2188
2189
2191
2223
2236
2239
2240
2248
2252
2257
2357
2381
2384
2384
2385
2386
2395
2433
2440
2441
2441
2465
2487
2491
2494
2494
2496
2496
2498
2501
2504
2505
2513
2515
2515
2525
2535
2546
2550
2552
2577
2578
2585
2589
2590
2591
2591
2634
2634
2652
2655
2655
2656
2656
2662
2672
2673
2675
2679
2679
2683
2712
2712
2712
2712
2713
2713
2713
2713
2713
2713
2714
2714
2714
2723
2736
2736
2736
2736
2736
2736
2770
2840
2917
2923
2923
2923
2929
2934
2936
2938
2954
2957
2959
2966
2978
3000
3004
3006
3006
3007
3011
3012
3012
3013
3013
3013
3016
3020
3020
3020
3021
3027
3031
3032
3033
3036
3037
3037
3046
3068
3075
3075
3075
3076
3079
3080
3085
3085
3086
3086
3087
3087
3087
3088
3088
3088
3090
3090
3091
3095
3096
3097
3097
3109
3111
3116
3118
3119
3123
3131
3132
3133
3134
3140
3142
3152
3154
3158
3162
3165
3166
3172
3182
3182
3182
3182
3186
3187
3200
3206
3207
3207
3213
3215
3215
3216
3221
3222
3223
3223
3236
3236
3239
3240
3242
3254
3262
3269
3269
3274
3274
3275
3278
3281
3282
3283
3283
3287
3290
3292
3296
3296
3297
3301
3301
3302
3302
3303
3304
3306
3308
3308
3313
3316
3328
3328
3328
3329
3329
3329
3329
3329
3329
3330
3330
3331
3369
3373
3376
3380
3392
3402
3423
3424
3425
3429
3434
3435
3436
3442
3445
3445
3447
3454
3456
3458
3461
3461
3464
3465
3471
3508
3513
3517
3518
3518
3519
3519
3520
3523
3525
3526
3527
3529
3534
3542
3542
3553
3587
3591
3600
3617
3621
3624
3630
3630
3630
3631
3638
3648
3662
3665
3666
3671
3671
3672
3672
3673
3675
3680
3703
3715
3718
3722
3739
3741
3754
3854
3856
3857
3863
3864
3867
3877
3885
3961
3963
3963
3966
3978
4015
4015
4015
4018
4027
4041
4042
4042
4042
4048
4048
4059
4060
4063
4063
4063
4077
4080
4081
4083
4090
4095
4099
4106
4278
4281
4288
4292
4313
4326
4331
4378
4390
4391
4398
4405
4408
4457
4514
4514
4521
4534
4535
4540
4547
4556
4557
4557
4558
4561
4579
4624
4624
4640
4641
4641
4648
4665
4680
4696
4702
4703
4715
4718
4721
4722
4722
4722
4723
4724
4725
4727
4731
4732
4742
4742
4747
4756
4758
4759
4770
4777
4777
4785
4789
4792
4793
4793
4796
4797
4812
4812
4815
4817
4820
4821
4823
4824
4831
4833
4834
4835
4835
4835
4837
4839
4850
4859
4860
4861
4862
4867
4867
4870
4873
4876
4878
4879
4882
4888
4891
4896
4896
4901
4903
4976
4978
4993
5002
5013
5016
5017
5018
5022
5133
5140
5179
5180
5300
5308
5308
5308
5323
5334
5345
5412
5433
5436
5524
5560
5567
5622
5636
5637
5643
5721
5722
5723
5724
5727
5728
5735
5737
5741
5741
5745
5749
5749
5750
5762
5763
5772
5828
5832
5971
5982
6006
6014
6029
6030
6034
6039
6059
6097
6138
6148
6152
6154
6168
6170
6216
6278
6284
6317
6318
6319
6320
6327
6328
6329
6330
6335
6338
6342
6354
6363
6388
6397
6398
6400
6402
6403
6404
6404
6404
6416
6425
6425
6425
6427
6430
6431
6433
6436
6436
6437
6443
6444
6444
6445
6445
6445
6446
6446
6449
6451
6452
6452
6453
6455
6456
6460
6464
6466
6472
6477
6477
6477
6477
6485
6487
6525
6527
6541
6545
6554
6558
6568
6577
6578
6579
6581
6581
6583
6605
6605
6606
6614
6615
6619
6624
6633
6642
6700
6841
6841
6841
6842
6842
6842
6843
6845
6872
6885
6892
6895
6901
6912
6914
6914
6919
6927
6927
6934
6934
6934
6934
6935
6936
6937
6938
6939
6939
6939
6939
6940
6944
6952
6952
6961
6999
7002
7024
7030
7077
7338
7342
7343
7347
7359
7368
7400
7407
7407
7410
7411
7411
7413
7421
7425
7429
7434
7436
7438
7440
7440
7442
7448
7450
7451
7459
7463
7468
7468
7470
7473
7517
7523
7543
7548
7571
7578
7616
7619
7637
7650
7682
7746
7782
7783
7787
7793
7796
7803
7803
7807
7825
7826
7842
7847
7852
7852
7853
7855
7855
7859
7859
7860
7865
7871
7872
7873
7879
7886
7887
7888
7907
7913
7918
7934
7940
7946
7948
7955
7956
7964
7965
7967
7969
7970
7971
7972
7978
8004
8174
8176
8176
