0
0
2
2
2
2
3
3
4
4
5
6
6
6
7
7
8
8
8
8
9
10
10
10
10
10
10
11
11
11
11
11
11
11
12
12
12
12
13
13
13
13
13
13
13
13
13
14
14
14
14
15
15
15
16
16
16
16
16
17
17
17
17
17
17
17
17
17
18
18
18
18
18
19
19
19
19
19
20
20
20
20
20
20
20
21
22
22
22
22
22
22
22
23
23
23
23
23
23
23
23
23
23
23
23
23
23
23
23
24
24
24
24
24
24
24
24
24
24
24
24
24
24
24
24
24
24
24
24
24
24
24
24
24
25
25
25
25
25
25
25
25
25
25
25
25
26
26
26
26
26
26
26
26
26
26
26
26
26
26
26
26
27
27
27
27
27
27
27
27
27
27
27
27
27
27
27
27
27
27
27
27
27
27
27
28
28
28
28
28
28
28
28
28
28
29
29
29
29
29
29
29
29
29
30
30
30
30
30
30
30
30
30
30
30
31
31
31
31
31
31
31
32
32
32
32
32
32
32
33
33
34
34
34
34
35
35
35
35
35
36
36
36
36
36
36
37
37
37
37
37
37
38
38
38
38
38
38
39
39
40
40
40
40
41
41
41
41
41
41
41
41
42
42
42
42
42
43
43
43
43
44
44
44
44
44
44
44
44
45
45
45
45
45
45
46
46
46
46
46
46
46
46
46
46
46
47
47
47
47
47
47
48
48
48
48
48
48
48
48
48
48
48
48
48
48
48
48
48
49
49
49
49
49
49
49
49
49
50
50
50
50
50
50
50
50
51
51
51
51
51
52
52
52
52
52
53
53
53
53
53
53
53
53
53
54
54
54
55
55
55
56
56
57
57
57
57
57
57
58
58
58
59
59
59
59
59
59
59
60
60
60
60
60
60
60
60
61
61
61
61
61
61
61
61
61
61
62
62
62
62
63
63
63
64
64
64
64
64
64
65
65
65
65
66
66
66
66
67
67
67
68
68
68
68
68
68
68
68
68
68
68
69
69
69
69
69
70
70
70
70
70
70
71
71
71
71
71
71
72
72
72
72
72
72
73
73
73
73
73
73
73
73
73
73
74
74
74
74
74
75
75
75
75
76
76
76
77
77
77
77
77
77
77
78
78
78
80
80
80
81
81
81
81
81
82
82
83
83
83
83
83
83
83
84
84
84
84
85
85
85
85
85
85
86
86
87
87
87
87
88
89
89
89
89
89
90
90
90
90
90
92
92
93
93
93
93
93
94
94
94
94
94
94
95
95
95
95
95
95
95
95
95
95
95
96
96
96
96
96
96
96
96
96
96
96
97
97
97
97
97
97
97
97
97
98
98
98
98
99
99
99
99
99
99
99
99
100
100
100
100
100
100
100
101
101
101
101
101
101
101
101
101
101
101
101
102
102
102
102
102
102
102
102
102
102
103
103
103
103
103
104
104
104
104
104
104
104
104
104
104
104
104
105
105
105
105
105
106
106
106
106
106
106
106
106
106
107
107
107
107
107
107
107
107
107
107
107
107
107
107
107
107
107
108
108
108
108
108
108
108
108
108
108
108
109
109
109
109
109
109
109
109
109
109
109
109
109
109
110
110
110
110
110
110
110
110
110
110
111
111
111
111
111
111
111
111
111
111
111
111
111
112
112
112
112
112
113
113
113
113
114
114
114
114
114
114
114
114
115
115
116
116
116
116
116
116
117
117
117
117
117
117
117
118
118
118
118
118
118
118
118
119
119
119
119
119
119
119
120
120
120
120
120
120
120
120
120
120
120
120
121
121
121
121
121
121
121
121
121
122
122
122
122
123
123
124
124
124
124
124
124
125
125
125
125
125
126
126
127
127
127
127
128
128
128
128
128
128
128
129
129
129
129
129
129
130
130
130
130
130
130
131
131
132
132
132
133
133
133
133
133
133
134
134
134
134
134
134
134
135
135
135
135
136
136
136
136
137
137
137
137
138
138
139
139
139
139
139
139
139
139
139
139
140
140
140
141
141
141
141
141
141
141
142
142
142
142
142
142
142
142
142
143
143
143
143
143
144
144
145
145
145
145
145
145
145
146
146
146
146
146
146
146
147
147
147
147
147
147
147
147
148
148
148
148
148
148
148
148
148
148
148
149
149
149
149
149
149
149
149
149
149
149
149
149
149
150
150
150
150
150
150
151
151
151
151
151
151
151
151
152
152
152
152
152
152
152
152
153
153
153
153
154
154
154
154
154
154
155
155
155
155
155
156
156
156
156
156
156
157
157
157
157
157
157
158
158
158
158
159
159
159
159
159
159
159
159
159
160
160
160
160
160
160
160
160
160
161
161
161
161
161
161
161
161
161
161
161
162
162
162
162
162
162
162
163
163
163
163
163
163
163
164
164
164
164
164
164
164
164
164
165
165
165
165
165
166
166
166
166
166
166
167
167
167
167
167
167
168
168
168
168
168
168
169
169
169
169
169
170
170
170
170
170
170
170
171
171
171
171
171
171
171
172
172
172
172
173
173
173
173
173
174
174
174
174
174
175
175
175
175
176
176
176
176
176
176
176
176
176
177
177
177
177
177
177
178
178
178
179
179
179
179
179
180
180
180
181
181
181
181
181
181
181
182
182
182
182
182
182
182
182
183
183
183
183
183
183
183
183
183
184
184
184
184
184
184
185
185
185
185
186
186
186
186
186
186
186
186
186
186
186
186
186
187
187
187
187
187
187
187
187
187
188
188
188
189
189
189
189
189
189
189
189
190
191
191
191
191
191
191
192
192
192
193
193
193
193
193
194
194
194
194
194
194
195
195
195
195
195
195
196
197
197
197
197
197
198
198
198
198
198
199
199
199
199
200
200
201
201
201
201
201
201
201
202
202
202
203
203
203
203
204
204
204
204
204
204
204
205
205
205
205
206
206
206
206
206
207
207
207
207
207
207
207
208
208
208
208
208
208
208
209
209
209
209
209
209
209
210
210
210
210
210
210
211
211
212
212
212
212
212
212
212
213
214
214
215
215
215
215
215
216
216
216
216
216
217
217
217
217
218
218
218
218
218
219
219
219
219
219
219
219
219
219
219
220
220
220
220
220
220
220
221
221
221
221
221
221
221
221
221
221
222
222
222
222
222
222
223
223
223
223
223
223
224
224
224
224
224
224
224
225
225
225
225
225
225
225
225
225
225
225
226
226
227
227
227
227
227
227
227
227
227
227
227
227
228
228
228
229
230
230
230
230
230
230
230
230
230
230
231
232
232
232
232
232
233
233
233
234
234
234
235
235
236
236
237
237
240
240
240
241
241
241
241
241
241
241
242
242
242
243
243
243
243
243
243
243
243
244
245
245
248
249
250
251
252
253
255
255
258
260
261
261
261
262
266
267
267
268
268
268
268
269
269
269
272
272
272
272
272
273
273
274
274
276
277
277
278
278
279
280
280
280
280
280
281
281
281
282
282
284
284
284
285
286
286
288
288
289
289
289
290
290
290
290
290
291
291
291
291
291
291
292
292
293
293
294
294
295
296
296
296
298
299
299
299
300
300
301
301
301
303
303
304
304
304
304
304
305
305
305
305
306
306
306
307
309
309
310
311
312
312
313
314
314
315
315
315
316
317
318
318
319
320
320
320
320
321
321
321
322
322
322
323
323
323
323
323
324
325
326
326
326
326
326
327
327
327
328
328
328
328
328
329
329
329
329
329
329
330
330
330
330
330
330
331
331
331
332
333
335
335
336
336
336
337
337
337
337
337
338
338
338
338
339
339
339
339
339
339
341
341
342
342
342
342
342
343
343
343
343
343
343
343
343
343
344
344
344
344
344
345
345
345
345
346
346
346
346
346
346
346
347
347
347
349
349
349
349
349
349
350
350
350
350
351
351
351
351
351
351
352
352
352
352
352
353
353
353
353
354
354
354
354
355
356
357
357
359
361
362
362
364
364
364
365
365
366
366
366
366
367
368
369
369
373
374
374
374
374
374
375
375
376
376
376
377
377
377
377
379
379
380
382
382
382
383
384
384
384
387
388
389
389
389
389
390
390
390
390
390
390
390
390
391
393
394
395
396
396
396
396
397
397
397
397
397
398
398
398
398
398
398
398
398
398
398
399
399
399
399
400
401
401
403
404
404
405
406
408
408
409
410
411
413
413
414
414
415
416
419
420
420
421
423
424
426
426
427
427
427
427
437
438
438
438
438
439
439
444
462
463
467
468
495
503
533
543
544
545
549
552
552
554
560
562
564
564
565
565
566
567
573
577
582
584
585
598
598
598
599
599
605
606
610
611
619
655
668
675
676
699
699
699
700
703
715
715
715
716
716
716
716
716
716
718
718
733
733
733
734
739
742
742
742
743
743
743
743
744
744
744
744
745
745
747
751
753
754
757
766
767
773
777
779
782
784
785
785
788
802
803
822
856
856
856
856
857
857
858
858
858
858
878
907
909
918
928
929
932
937
941
942
943
943
953
954
955
956
961
961
966
966
968
974
986
987
1002
1003
1008
1009
1019
1020
1021
1021
1024
1027
1029
1029
1030
1035
1036
1100
1100
1103
1105
1108
1115
1116
1116
1118
1122
1126
1127
1127
1129
1131
1131
1133
1139
1144
1145
1146
1147
1148
1148
1149
1150
1153
1154
1187
1201
1208
1220
1222
1222
1223
1225
1228
1229
1229
1229
1235
1236
1239
1240
1243
1243
1248
1252
1252
1252
1253
1334
1344
1346
1353
1356
1359
1360
1362
1362
1362
1365
1365
1365
1369
1369
1371
1371
1380
1384
1385
1392
1394
1397
1399
1401
1402
1402
1423
1423
1431
1434
1434
1439
1441
1445
1455
1456
1461
1465
1467
1470
1470
1472
1473
1474
1475
1476
1478
1479
1479
1479
1481
1483
1484
1485
1486
1487
1487
1489
1492
1494
1495
1496
1498
1499
1500
1501
1502
1503
1505
1505
1505
1506
1507
1507
1508
1508
1510
1515
1519
1521
1521
1522
1523
1530
1530
1530
1531
1535
1536
1538
1538
1540
1543
1543
1545
1546
1547
1549
1549
1550
1551
1557
1569
1572
1577
1579
1580
1583
1584
1584
1584
1584
1586
1590
1590
1597
1607
1608
1628
1631
1634
1635
1636
1644
1662
1666
1667
1668
1673
1674
1685
1686
1688
1690
1692
1699
1716
1724
1729
1731
1732
1754
1761
1761
1765
1767
1774
1776
1781
1782
1785
1786
1792
1794
1794
1794
1795
1795
1797
1798
1798
1802
1802
1804
1804
1804
1804
1805
1806
1807
1809
1810
1810
1813
1814
1814
1814
1815
1816
1818
1821
1826
1828
1832
1832
1832
1837
1837
1838
1840
1840
1843
1843
1844
1844
1846
1846
1847
1849
1849
1852
1853
1855
1865
1865
1901
1956
1957
1962
1974
1974
1977
1979
1983
1990
2006
2039
2040
2050
2060
2063
2063
2064
2065
2067
2068
2070
2075
2076
2082
2082
2086
2087
2087
2090
2090
2090
2092
2092
2095
2101
2106
2106
2107
2121
2122
2200
2201
2201
2202
2203
2205
2205
2206
2207
2207
2207
2208
2210
2213
2215
2222
2223
2223
2226
2226
2227
2228
2228
2228
2229
2229
2231
2233
2239
2239
2245
2253
2254
2258
2258
2260
2260
2261
2261
2267
2268
2269
2270
2276
2277
2300
2301
2302
2306
2316
2318
2320
2323
2348
2348
2370
2373
2379
2387
2389
2389
2390
2396
2398
2402
2406
2408
2408
2413
2416
2416
2455
2455
2457
2457
2459
