0
1
2
2
3
3
3
3
4
6
6
7
7
7
7
8
8
9
9
9
9
10
10
10
10
10
11
11
11
11
12
12
12
12
12
12
13
13
13
13
14
14
14
14
14
14
15
15
15
16
16
16
16
16
16
17
17
17
17
18
18
18
18
18
18
19
19
19
19
19
19
19
19
19
19
19
19
19
19
19
20
20
20
20
20
20
20
20
20
20
20
20
20
20
20
20
20
20
20
20
20
21
21
21
21
21
21
21
22
23
23
23
23
23
23
23
23
23
24
24
24
25
25
25
25
25
25
25
25
26
26
27
27
27
28
28
28
28
29
29
29
29
29
30
30
30
30
30
31
31
31
31
31
31
32
32
32
33
33
33
33
33
33
34
34
34
35
35
35
35
36
36
36
36
36
37
37
37
37
37
37
37
38
38
38
38
38
38
39
39
39
39
39
39
39
40
40
40
40
40
40
40
40
40
41
41
42
43
43
43
43
43
43
44
44
45
45
45
45
45
45
45
45
46
46
46
46
46
46
46
46
46
47
47
47
47
47
47
47
48
48
48
48
48
49
49
49
49
49
50
50
50
50
50
50
50
50
50
50
51
52
52
53
53
54
54
54
54
54
54
54
55
55
55
55
56
56
56
56
56
57
57
57
59
59
60
60
60
61
61
61
61
61
63
63
63
63
64
64
64
65
65
65
66
66
67
67
67
67
67
67
67
67
67
67
67
67
67
68
68
68
68
68
69
69
69
70
70
70
71
72
72
72
72
74
74
75
75
75
75
75
75
76
76
76
76
76
76
77
77
77
77
77
77
78
78
78
78
78
78
79
79
79
79
79
79
79
80
80
80
81
82
82
82
82
82
83
83
83
83
83
83
83
83
84
84
84
84
84
84
85
85
85
85
86
87
88
88
88
88
89
89
89
89
89
89
90
90
90
90
90
91
91
92
92
92
92
93
93
94
94
94
94
94
95
95
95
96
96
96
97
97
97
98
98
98
98
98
98
99
99
100
100
101
102
102
103
103
103
103
104
104
105
105
106
106
106
107
107
107
107
108
108
108
109
109
110
110
110
110
111
111
111
111
112
112
112
112
113
113
113
114
115
115
115
116
116
116
116
117
117
117
117
117
118
118
119
119
119
120
120
120
120
120
121
121
121
122
122
122
123
123
123
124
124
124
124
126
126
126
127
128
129
129
129
129
129
129
130
130
130
131
132
132
133
134
134
134
134
134
134
134
135
135
136
136
138
138
138
138
139
140
140
140
140
141
141
141
141
142
142
142
142
143
143
143
143
144
144
144
144
145
145
146
146
146
146
146
146
146
146
146
146
147
147
147
147
147
147
147
148
148
148
148
148
148
148
149
149
149
149
149
149
149
149
149
150
150
150
150
150
150
150
150
151
151
151
151
151
152
152
152
152
152
152
152
152
152
152
153
153
153
153
153
154
155
155
155
155
155
155
155
155
155
155
156
156
156
156
156
156
156
156
156
156
156
156
157
157
157
157
157
157
158
158
158
159
159
159
160
160
160
160
161
161
161
161
161
161
162
162
162
163
163
163
164
164
165
165
166
166
166
166
167
167
167
167
167
167
167
167
167
167
167
167
167
167
168
168
168
168
168
168
168
168
169
169
170
170
170
170
171
171
171
172
172
172
172
172
172
173
173
173
173
173
173
173
174
174
174
175
175
175
176
176
176
176
176
176
176
177
177
177
178
178
178
178
179
179
180
180
180
180
180
181
181
181
181
181
182
182
182
182
182
182
182
184
184
184
184
184
184
185
185
185
185
185
185
185
186
186
186
186
186
186
187
187
187
188
188
189
189
189
189
190
190
191
191
191
191
191
192
192
192
192
193
193
193
193
194
194
194
194
194
194
195
195
195
196
196
196
196
196
197
197
197
197
197
198
198
199
199
200
200
200
200
200
200
201
201
201
202
203
203
203
203
204
204
204
205
205
206
206
206
207
207
207
208
208
208
211
212
212
212
212
213
213
213
213
214
214
214
214
214
214
214
215
215
215
216
216
216
217
217
217
217
218
218
218
218
218
218
219
219
219
219
219
219
219
219
219
220
220
220
220
221
222
222
222
222
223
223
223
223
223
224
225
225
226
226
226
226
227
228
228
229
229
229
229
229
230
230
231
231
232
232
232
233
233
233
233
233
234
234
234
234
234
234
235
235
236
236
236
236
236
236
236
236
236
237
237
237
237
237
237
238
238
238
239
240
241
241
242
242
242
243
243
243
243
243
244
244
244
244
244
245
245
245
245
246
246
246
246
246
247
247
247
247
247
248
248
248
248
248
248
248
249
249
249
249
250
250
250
252
252
253
254
254
254
255
257
257
257
258
258
259
259
260
261
261
261
261
261
262
262
262
262
262
263
263
263
263
263
263
264
264
264
264
265
265
265
265
265
265
266
266
266
266
267
267
267
267
267
267
267
267
267
267
268
268
268
268
268
269
270
271
271
271
271
272
272
273
274
274
275
276
276
276
277
278
278
278
279
279
281
281
281
282
282
283
283
284
284
284
285
286
286
287
287
288
288
289
289
290
290
291
292
295
296
296
296
298
299
299
300
300
303
303
303
304
304
304
304
304
305
306
307
307
308
308
308
309
309
309
309
309
309
309
309
309
309
309
310
310
310
310
310
310
311
311
311
313
314
314
314
314
314
315
315
315
315
315
318
318
319
319
319
320
321
321
321
323
325
325
325
325
326
326
326
327
327
327
327
329
330
331
332
332
332
332
333
333
333
334
334
334
334
334
334
334
335
335
335
335
336
336
337
337
337
337
338
338
339
340
341
341
342
342
342
342
342
342
342
342
342
342
342
343
343
343
343
344
344
344
344
344
345
345
345
345
346
346
346
347
347
349
349
349
350
350
350
350
350
351
351
351
351
351
352
352
352
352
353
353
353
353
354
354
354
354
354
354
355
355
355
355
356
356
356
356
356
357
358
358
359
359
359
360
360
361
362
362
362
362
362
362
362
362
362
362
363
363
363
364
365
365
365
366
366
367
367
367
368
368
368
368
368
368
368
369
369
369
369
369
369
369
370
370
370
371
371
371
371
371
372
372
373
373
373
374
376
376
376
377
378
378
378
378
379
379
380
381
381
381
381
381
381
382
382
382
383
384
384
384
384
385
386
386
386
386
386
386
387
387
388
388
388
388
388
389
389
390
390
391
391
393
394
394
394
396
397
398
398
398
398
400
400
400
402
402
402
403
403
403
403
403
403
403
403
403
404
405
405
405
407
407
407
408
408
408
408
411
411
411
411
412
413
413
413
414
415
415
415
416
416
416
416
417
417
417
417
418
418
418
418
419
420
421
422
422
422
423
424
424
424
424
425
426
429
429
429
429
429
429
429
429
429
429
429
429
430
430
430
430
430
431
431
432
432
433
433
434
436
437
438
438
438
439
441
442
444
444
445
445
445
446
447
447
447
449
452
452
452
453
453
453
455
457
457
457
458
459
460
460
461
462
462
462
463
463
463
463
463
463
463
464
464
465
465
466
466
467
467
467
467
468
468
468
469
469
469
469
469
469
470
470
473
473
473
473
474
474
475
476
477
479
480
481
482
482
484
485
486
488
489
489
489
491
492
493
493
494
495
501
502
502
503
504
505
506
506
507
507
507
508
508
509
510
511
512
515
515
515
516
518
519
521
522
522
523
523
523
524
524
525
525
525
525
527
527
528
528
528
530
530
530
531
531
532
534
534
534
534
536
538
539
539
539
539
539
540
541
541
541
542
543
545
545
547
548
549
550
550
553
554
556
557
557
558
558
559
560
560
562
565
565
566
566
566
566
567
567
567
568
568
569
569
569
569
569
570
570
570
570
571
571
571
572
572
572
572
573
574
574
575
575
577
578
578
578
581
582
586
587
590
590
591
591
591
594
594
595
597
598
601
603
604
604
605
608
608
609
610
610
611
612
613
613
614
617
617
618
619
620
621
629
629
629
636
637
637
637
639
639
640
640
641
641
642
645
646
646
646
646
646
647
648
648
648
649
649
649
650
651
651
652
654
655
655
655
657
657
658
658
658
658
658
660
661
662
663
664
664
665
666
666
667
667
668
668
670
670
671
672
672
672
674
674
675
675
676
676
680
680
680
681
681
681
682
682
682
682
682
683
683
683
683
684
684
684
686
689
690
691
691
691
692
692
692
693
693
694
695
697
700
701
702
706
708
709
713
714
714
714
714
714
714
716
716
717
718
719
720
720
720
720
720
720
721
723
724
724
724
727
729
729
730
732
732
732
734
738
739
739
739
739
739
739
739
740
740
740
740
740
740
740
741
741
741
741
743
743
743
743
743
744
745
745
746
747
748
749
749
751
752
753
754
754
755
757
758
758
759
759
759
759
760
762
762
762
762
762
762
762
763
765
765
767
770
771
771
771
771
771
772
772
772
772
772
772
773
773
773
773
775
776
780
785
786
787
787
789
791
791
791
793
794
797
798
800
800
800
801
802
802
802
803
803
805
806
808
814
816
817
817
817
819
822
823
823
825
825
827
827
829
829
830
830
831
831
831
832
833
833
833
834
834
836
837
839
843
843
847
849
851
851
858
860
861
861
863
864
867
909
911
920
920
920
920
921
922
934
937
937
938
942
957
964
969
974
975
985
986
989
991
993
994
997
999
1000
1000
1000
1002
1003
1003
1004
1004
1028
1028
1029
1037
1040
1047
1054
1054
1055
1056
1068
1077
1085
1089
1094
1095
1095
1095
1096
1097
1097
1100
1100
1101
1101
1102
1102
1103
1104
1111
1112
1114
1116
1117
1120
1120
1121
1121
1121
1122
1126
1134
1144
1150
1152
1176
1177
1182
1182
1182
1182
1183
1183
1189
1192
1192
1193
1197
1216
1224
1225
1236
1240
1240
1240
1249
1250
1250
1250
1250
1251
1265
1274
1285
1285
1285
1285
1291
1302
1304
1304
1305
1305
1305
1305
1306
1306
1306
1306
1316
1329
1351
1365
1381
1381
1381
1382
1382
1382
1382
1382
1382
1401
1408
1409
1414
1414
1422
1422
1422
1423
1426
1427
1427
1428
1428
1430
1430
1432
1433
1433
1435
1436
1438
1439
1439
1442
1444
1460
1461
1462
1465
1468
1468
1468
1471
1479
1481
1482
1485
1488
1489
1489
1489
1490
1490
1494
1512
1514
1515
1515
1515
1515
1515
1515
1515
1516
1518
1530
1531
1536
1539
1540
1541
1546
1550
1555
1555
1556
1559
1564
1567
1581
1586
1587
1589
1592
1592
1592
1593
1593
1594
1596
1597
1599
1599
1604
1605
1607
1608
1608
1609
1612
1616
1618
1618
1618
1623
1630
1631
1632
1634
1644
1652
1655
1655
1655
1656
1658
1658
1661
1662
1669
1669
1670
1672
1673
1675
1677
1678
1679
1683
1687
1690
1690
1691
1691
1692
1693
1697
1702
1705
1725
1728
1730
1731
1733
1736
1741
1741
1742
1744
1746
1746
1748
1748
1748
1750
1760
1761
1763
1765
1765
1766
1767
1770
1770
1771
1772
1773
1776
1781
1783
1784
1784
1792
1801
1802
1806
1807
1811
1812
1812
1813
1820
1820
1835
1837
1839
1855
1856
1860
1862
1865
1872
1872
1879
1880
1882
1883
1890
1892
1894
1897
1898
1898
1898
1902
1905
1908
1908
1908
