0
0
1
2
2
2
3
3
5
5
5
5
6
6
6
7
7
7
8
9
9
9
10
10
10
10
10
10
10
10
10
10
10
10
11
12
12
12
12
12
12
12
12
13
13
13
13
14
14
15
15
15
15
15
16
16
16
16
17
17
17
18
18
18
19
19
19
19
19
19
19
19
19
20
20
20
20
20
20
20
20
20
20
20
20
20
20
21
21
21
21
21
21
21
21
21
21
21
22
22
22
22
22
22
22
22
22
23
23
23
23
23
23
23
23
23
23
23
23
23
24
24
24
24
24
24
24
24
24
24
24
24
24
24
24
24
24
25
25
25
25
25
25
25
25
25
25
26
26
27
27
27
27
27
27
27
28
28
28
28
28
28
28
28
28
28
28
28
28
28
29
29
29
29
29
29
29
29
29
29
29
30
30
30
30
30
30
31
32
32
32
32
32
32
33
33
33
33
33
33
33
33
34
34
34
34
34
35
35
36
36
36
36
36
36
37
37
37
37
38
38
38
38
38
39
39
39
40
40
40
40
40
41
41
41
41
42
42
42
42
42
42
42
42
42
42
43
43
43
43
43
44
44
44
45
45
45
45
46
46
46
46
46
46
46
46
46
46
47
47
47
48
48
48
48
48
48
49
49
49
49
49
49
49
49
51
51
51
53
53
54
54
54
55
55
55
55
56
56
56
57
57
57
57
57
58
58
58
58
60
60
60
60
60
60
61
61
61
62
62
62
62
62
63
63
63
63
63
63
64
64
64
64
65
65
65
66
66
66
67
67
67
67
67
67
68
68
68
68
68
68
69
69
69
69
69
69
69
70
70
70
70
71
71
72
72
72
73
73
74
74
74
74
74
74
75
75
75
75
75
75
76
76
76
76
76
77
77
77
77
77
77
78
78
78
78
78
78
78
78
78
79
79
79
79
79
80
80
80
81
81
82
82
82
82
83
84
84
85
85
85
86
87
87
87
88
88
89
89
89
90
90
90
90
90
91
91
91
91
91
93
93
93
94
94
94
95
95
96
96
96
96
96
96
96
96
96
97
97
97
97
98
98
99
99
99
99
99
100
100
100
100
100
100
100
100
100
101
101
101
101
101
102
102
102
102
102
102
103
103
103
103
103
103
103
103
103
103
103
103
103
103
104
104
104
105
106
106
106
106
106
106
107
107
108
108
108
108
108
108
109
109
109
109
109
109
109
110
110
110
110
110
110
110
111
111
111
111
111
111
111
111
111
111
111
111
111
111
112
112
112
112
112
112
112
113
113
113
113
114
114
114
114
114
115
115
115
115
115
116
116
116
116
116
116
116
116
116
116
116
117
117
117
117
117
117
118
118
118
118
118
118
118
118
118
119
119
119
119
119
119
119
119
119
119
120
120
120
120
120
120
120
120
121
121
121
121
121
121
121
122
123
123
123
124
125
126
127
127
127
127
127
127
128
128
128
128
128
129
129
129
129
129
130
130
130
130
130
130
131
131
131
132
132
133
133
134
134
135
135
135
135
136
136
136
136
136
136
136
136
136
136
137
137
137
137
137
138
139
140
140
141
141
141
142
142
142
142
143
143
144
145
145
145
145
146
148
148
149
150
150
150
150
150
151
151
151
152
152
153
153
153
154
154
155
155
155
156
157
157
158
158
158
159
159
160
160
160
161
161
162
162
162
163
163
163
163
163
164
164
165
165
166
166
166
167
167
167
167
167
168
168
168
168
168
168
168
168
169
169
169
170
170
171
171
171
171
171
171
171
171
171
172
172
172
172
173
173
173
173
173
174
174
174
174
174
174
175
175
175
175
175
176
176
176
176
176
176
177
177
177
177
178
178
178
178
179
179
179
179
180
180
180
180
181
181
181
181
181
181
181
181
183
183
183
183
183
183
184
184
184
184
184
184
185
185
185
185
185
185
185
185
186
186
186
186
186
186
186
186
186
187
187
187
187
188
188
188
188
188
188
189
189
189
190
190
190
190
190
190
190
190
191
191
191
191
191
192
192
192
192
192
193
193
194
194
194
194
195
195
195
196
196
196
196
196
196
196
196
196
196
196
196
196
196
196
196
196
197
197
197
197
197
197
197
197
198
198
198
199
199
199
199
199
199
200
200
200
200
200
201
201
202
202
202
202
203
203
203
204
204
204
204
204
204
205
205
205
205
205
206
206
206
206
207
207
207
208
208
208
208
208
208
208
208
209
209
209
209
210
210
210
210
211
211
211
211
211
211
211
211
211
211
211
212
212
212
212
212
212
213
213
213
214
214
214
215
215
216
216
216
216
216
216
217
217
217
217
218
218
218
218
218
219
219
219
219
219
219
220
220
220
220
221
221
221
222
222
222
222
223
223
223
223
223
223
224
224
225
225
225
225
225
225
225
226
226
226
226
226
226
226
227
227
227
227
227
227
227
227
227
227
227
227
227
228
228
228
228
228
228
228
228
228
228
229
229
229
229
229
230
230
230
230
230
230
230
230
231
231
232
232
232
232
232
233
233
233
233
233
233
234
234
234
235
235
235
236
236
236
236
236
236
236
236
236
237
237
237
238
238
238
238
238
238
239
239
240
240
240
240
240
241
241
241
241
241
241
242
242
242
242
242
243
243
244
244
244
244
244
244
244
244
245
245
245
245
246
246
246
246
246
247
247
248
248
248
248
249
249
249
249
249
249
249
249
249
250
250
251
251
251
252
252
252
252
252
252
252
253
253
253
253
254
254
254
254
254
254
254
254
255
255
255
255
255
255
255
255
255
255
255
255
255
255
255
255
255
256
256
256
256
256
256
256
257
257
257
258
258
259
259
259
260
260
260
261
261
262
262
262
263
263
263
264
265
265
265
266
266
267
267
268
268
268
268
268
269
269
269
269
269
269
269
269
269
269
269
270
270
270
270
270
270
270
270
271
271
271
271
271
271
271
271
271
271
271
271
271
271
271
271
272
272
272
272
272
272
272
272
272
273
273
273
273
273
273
273
273
273
273
273
274
274
274
274
274
274
274
275
275
275
277
277
278
278
279
279
281
282
283
284
284
285
285
286
286
287
289
289
291
292
292
294
294
294
295
295
295
296
297
298
298
299
301
302
303
304
304
304
304
305
305
307
313
314
317
319
321
321
322
328
329
331
331
333
334
336
337
338
338
342
343
346
349
359
365
365
366
367
367
369
370
370
371
373
375
377
377
379
381
381
382
382
383
383
384
384
384
387
387
388
388
389
389
389
390
390
391
391
391
391
391
391
391
391
391
392
392
392
392
393
393
395
398
401
402
403
406
407
414
414
415
417
418
418
418
419
425
430
430
430
430
431
432
434
435
442
444
444
447
449
449
452
452
453
454
455
458
465
465
468
468
471
471
472
481
482
484
489
492
494
496
497
498
498
502
504
506
509
513
528
551
584
596
597
603
608
722
723
725
749
749
834
842
850
851
851
851
851
851
851
851
852
855
857
882
913
916
918
918
939
944
945
948
957
960
976
976
976
976
977
977
977
977
980
981
981
983
983
983
983
984
993
1002
1005
1006
1015
1015
1022
1025
1034
1035
1035
1035
1037
1038
1046
1048
1050
1052
1058
1058
1058
1064
1067
1078
1079
1088
1093
1098
1100
1101
1107
1107
1118
1147
1189
1227
1250
1250
1257
1257
1257
1258
1258
1258
1258
1259
1259
1259
1260
1260
1260
1263
1275
1279
1285
1291
1291
1295
1305
1310
1313
1314
1321
1322
1323
1352
1360
1360
1360
1360
1361
1361
1361
1361
1361
1361
1361
1361
1362
1362
1362
1362
1362
1363
1392
1403
1418
1419
1420
1421
1425
1429
1430
1431
1432
1434
1434
1436
1436
1436
1436
1436
1436
1442
1442
1442
1443
1446
1446
1447
1448
1449
1456
1457
1460
1460
1460
1461
1461
1461
1462
1462
1464
1464
1466
1466
1466
1467
1467
1468
1468
1469
1469
1475
1476
1476
1481
1487
1491
1492
1494
1498
1500
1503
1503
1503
1504
1504
1505
1505
1506
1507
1515
1515
1518
1523
1523
1523
1524
1524
1524
1524
1524
1524
1524
1525
1525
1533
1534
1537
1541
1541
1543
1543
1544
1548
1551
1551
1554
1556
1556
1558
1562
1562
1565
1566
1566
1568
1569
1570
1571
1571
1572
1575
1578
1578
1580
1581
1581
1582
1582
1582
1583
1584
1584
1585
1585
1585
1586
1587
1588
1589
1590
1590
1590
1591
1591
1591
1595
1598
1598
1598
1598
1598
1600
1600
1600
1602
1602
1602
1603
1603
1603
1604
1604
1605
1605
1605
1606
1607
1607
1608
1608
1610
1612
1615
1616
1616
1616
1616
1616
1621
1623
1624
1626
1626
1627
1628
1629
1629
1631
1633
1634
1634
1635
1638
1639
1639
1640
1641
1643
1643
1646
1649
1649
1651
1653
1655
1655
1655
1655
1656
1656
1661
1662
1662
1664
1667
1668
1668
1668
1670
1672
1673
1675
1677
1677
1677
1678
1678
1678
1680
1680
1680
1681
1681
1682
1683
1684
1684
1685
1686
1688
1689
1689
1689
1689
1689
1689
1689
1689
1690
1690
1692
1692
1693
1693
1694
1694
1695
1701
1706
1709
1709
1712
1713
1715
1716
1718
1722
1724
1724
1725
1726
1728
1732
1740
1740
1741
1741
1741
1741
1742
1746
1748
1751
1752
1756
1758
1759
1759
1759
1769
1775
1779
1811
1814
1815
1816
1835
1835
1879
1912
1922
1922
1926
1933
1933
1949
2040
2103
2103
2345
2502
2502
2502
2502
2502
2502
2503
2508
2509
2509
2586
2629
2691
2727
2731
2798
2802
2823
2851
2935
2950
2994
2999
3010
3011
3016
3022
3023
3029
3044
3062
3077
3112
3117
3118
3129
3133
3141
3142
3146
3149
3155
3156
3157
3167
3168
3168
3169
3169
3171
3174
3176
3177
3189
3189
3199
3201
3201
3201
3202
3202
3202
3202
3204
3206
3211
3214
3214
3214
3215
3216
3216
3218
3225
3225
3228
3229
3230
3234
3237
3239
3240
3242
3251
3251
3264
3265
3265
3267
3268
3272
3275
3278
3291
3293
3295
3296
3296
3326
3327
3327
3328
3332
3437
3601
3604
3605
3742
4078
4089
4090
4092
4094
4148
4148
4155
4165
4174
4300
4375
4495
4498
4504
4506
4512
4512
4517
4519
4520
4524
4525
4531
4533
4534
4545
4560
4561
4562
4562
4579
4581
4589
4599
4601
4609
4615
4616
4616
4617
4617
4617
4618
4618
4618
4619
4661
4685
4687
4699
4714
4714
4719
4721
4721
4723
4726
4727
4730
4733
4735
4738
4740
4742
4750
4751
4753
4753
4780
4788
4790
4791
4794
4826
4845
5116
5117
5124
5127
5127
5130
5137
5144
5157
5180
5190
5192
5195
5199
5290
5292
5293
5621
5626
5750
5770
5773
5777
6160
6167
6178
6178
6191
6191
6191
6191
6192
6192
6203
6211
6216
6220
6221
6225
6225
6225
6230
6232
6233
6237
6238
6261
6263
6268
6268
6271
6278
6278
6280
6282
6283
6283
6284
6286
6287
6290
6291
6293
6297
6322
6339
6354
6357
6369
6372
6374
6390
6390
6394
6403
6561
6603
6618
6620
6622
6702
6702
6703
6818
6823
6835
7243
7261
7501
7588
7590
7590
7591
7620
7623
7633
7637
7637
7638
7642
7644
7645
7651
7660
7666
7667
7668
7673
7676
7676
7676
7683
7684
7685
7687
7687
7694
7698
7702
7704
7706
7706
7718
7736
7740
7740
7740
7742
7747
7753
7753
7754
7758
7763
7768
7856
7858
7858
7863
7863
7864
7864
7876
7879
7879
7880
7883
7895
7895
7906
7907
7909
7911
7913
7913
7917
7922
7922
7923
7927
7927
7928
7932
7940
7947
7948
7948
7949
7949
7953
7957
7959
7962
8022
8029
8044
8045
8057
8067
8071
8073
8074
8106
8110
8115
8131
8139
8139
8145
8147
8157
8159
8160
8160
8161
8161
8166
8168
8173
8174
8175
8176
8201
8209
8212
8214
8253
8261
8265
8270
8275
8278
8282
8295
8297
8297
8304
8304
8311
8435
8451
8455
8460
8461
8463
8519
8649
8667
8667
8677
8732
8735
8736
8792
8793
8796
8799
8799
8805
8811
8822
8822
8847
8876
8883
8883
8886
8887
