0
0
1
1
2
3
3
3
4
5
5
5
6
6
6
7
7
8
8
8
9
9
9
9
10
10
10
10
11
12
12
12
12
12
12
13
13
13
13
13
13
13
14
14
15
15
16
16
16
16
17
17
17
18
18
18
18
18
18
18
18
18
18
19
19
19
19
19
19
19
19
20
20
20
20
20
20
20
20
20
20
20
20
20
20
20
20
20
20
20
20
21
21
21
21
21
21
21
21
21
21
21
21
21
21
21
21
21
21
22
22
22
22
22
22
22
22
22
22
22
22
23
23
23
23
24
24
24
24
24
24
25
25
25
25
25
25
26
26
26
26
26
26
26
26
26
26
27
27
27
27
27
27
27
27
27
27
27
27
27
27
27
27
27
28
28
28
28
28
28
28
28
28
28
28
28
28
28
28
28
28
28
28
29
29
29
29
29
29
29
29
29
29
29
29
29
29
29
29
29
29
30
30
30
30
30
30
30
30
30
30
30
31
31
31
31
31
31
32
32
32
32
32
32
33
33
33
33
33
33
33
33
33
34
34
34
34
34
34
35
35
35
35
35
36
36
36
36
36
36
36
37
37
37
37
38
38
38
38
39
39
39
40
40
40
40
40
40
40
40
40
41
41
41
41
41
41
41
41
41
41
41
41
41
41
42
42
42
42
42
42
42
42
43
43
43
43
43
43
43
43
44
44
44
44
44
44
45
45
45
46
46
47
47
47
47
48
48
48
48
48
49
49
49
49
49
49
49
49
49
50
50
50
50
50
50
51
51
51
51
51
51
51
51
51
51
51
51
51
51
52
52
52
52
52
53
53
53
53
53
53
53
53
54
54
55
55
55
55
55
55
55
56
56
56
57
57
57
57
57
57
58
58
58
58
59
59
59
59
59
59
59
59
60
60
60
60
60
60
60
60
60
61
61
61
62
62
62
62
62
62
62
62
62
62
62
63
63
63
63
63
64
64
64
64
64
64
64
64
64
64
65
65
65
65
65
65
65
65
65
65
65
66
66
66
66
66
66
66
66
66
66
66
66
66
66
66
67
67
67
67
67
67
67
68
68
68
69
69
69
69
70
70
70
70
70
71
71
71
72
72
72
73
73
73
73
73
74
74
74
74
74
75
75
75
76
76
77
77
77
77
78
78
78
78
78
78
78
78
79
79
79
79
79
79
79
80
80
80
81
81
81
81
82
82
83
83
83
83
83
83
83
83
83
83
83
84
84
84
84
84
84
84
84
84
84
84
84
85
85
85
85
85
85
85
85
85
86
86
87
87
87
87
88
88
88
89
90
90
90
91
92
92
92
92
92
92
93
93
93
93
93
93
93
93
93
93
93
93
93
94
94
94
95
96
96
96
96
98
98
98
98
98
98
99
99
99
100
100
100
100
100
101
101
101
102
102
102
102
102
102
102
102
102
102
102
102
102
103
103
103
103
103
104
104
104
105
105
106
106
106
106
107
107
107
108
108
108
108
108
109
109
109
109
110
110
110
110
110
111
111
111
111
112
112
112
112
113
113
114
116
116
116
117
117
118
118
118
119
119
119
120
120
121
121
121
121
121
121
121
121
121
122
122
122
122
122
123
123
123
123
123
123
123
124
124
124
124
125
125
126
126
127
128
128
128
129
129
129
129
129
129
129
130
130
130
130
130
130
130
130
130
130
130
131
131
131
131
131
131
131
131
131
131
131
131
131
132
132
132
132
132
132
132
133
133
133
133
133
133
133
134
134
134
135
135
135
136
136
136
136
136
136
136
136
136
137
137
137
137
137
137
137
137
137
137
137
137
137
137
138
138
138
138
138
138
138
138
138
139
139
139
139
139
139
140
140
140
140
140
140
140
141
142
142
142
142
142
142
142
143
143
143
143
143
143
143
143
143
144
144
144
144
144
144
144
145
145
145
145
146
146
146
146
147
147
147
147
148
148
148
148
149
149
150
150
150
150
151
151
151
151
151
151
151
151
151
151
151
151
152
152
152
152
152
153
153
153
153
154
154
154
154
154
154
154
154
155
155
156
156
156
157
157
158
158
158
158
159
159
159
160
160
161
161
161
162
162
162
162
162
162
163
163
163
164
164
164
164
166
166
166
166
167
167
168
169
170
170
170
170
171
171
171
171
171
172
173
173
173
173
174
175
175
177
177
177
177
177
177
177
178
178
178
178
178
178
179
179
179
179
179
179
179
180
180
180
180
180
180
181
181
182
182
183
184
184
184
185
186
187
188
188
188
188
188
188
188
188
188
189
189
189
190
190
190
191
191
191
192
193
194
194
194
194
194
195
195
195
195
195
196
197
197
198
198
198
198
198
199
199
199
199
199
199
199
200
200
200
200
201
201
203
203
204
204
205
205
205
206
207
207
207
207
207
207
208
208
209
209
209
209
209
209
209
210
210
211
212
213
213
214
215
215
215
215
215
216
217
218
219
219
219
219
219
219
219
220
221
221
221
221
222
222
222
222
222
222
222
222
222
222
222
223
223
223
223
223
223
224
224
224
224
224
225
225
225
225
225
226
226
227
230
230
231
232
232
232
233
233
233
234
234
235
236
237
238
239
239
239
239
239
240
241
241
241
241
241
241
241
241
242
242
242
242
242
243
243
243
243
244
244
245
247
247
247
247
249
250
251
251
251
252
252
252
253
253
254
254
254
255
255
256
257
258
258
258
258
260
260
260
260
261
261
261
262
262
262
262
263
263
263
263
264
264
264
264
264
264
265
265
265
265
266
266
266
266
266
266
267
267
268
268
269
270
270
271
271
272
273
274
274
275
275
275
275
279
280
281
281
282
282
282
282
282
283
283
283
283
283
284
285
285
286
286
286
286
287
288
288
288
289
292
293
294
294
294
295
295
295
296
297
297
297
297
297
297
297
297
298
298
298
299
299
300
300
300
301
304
305
305
305
305
306
306
308
310
311
313
313
314
314
316
317
318
320
320
321
321
321
321
321
322
323
323
324
324
326
329
329
330
330
330
333
334
335
337
338
338
339
339
339
340
340
341
341
341
341
342
342
342
342
343
344
346
347
349
349
350
350
351
351
351
351
351
351
354
355
355
355
357
358
359
360
362
367
367
368
370
372
372
373
374
374
375
376
377
379
384
384
384
385
385
385
385
389
390
394
397
404
405
405
409
409
413
414
417
418
418
418
419
419
419
419
419
420
420
420
420
422
423
423
426
427
427
427
429
434
434
436
437
439
439
440
440
440
440
440
440
440
440
441
441
441
441
441
442
442
442
443
445
445
446
446
446
446
447
447
447
447
447
447
447
447
447
447
447
447
448
448
448
448
448
448
448
448
449
449
449
449
449
449
449
449
449
450
450
450
451
451
452
452
453
454
456
456
457
459
460
460
461
461
461
462
462
462
462
463
463
463
463
464
464
464
465
466
466
467
468
469
471
475
478
480
483
486
491
491
492
493
493
493
494
494
495
497
498
499
499
499
499
500
500
500
502
502
503
504
505
507
507
508
510
511
512
512
512
513
515
515
516
516
517
520
520
521
522
522
523
524
525
529
529
529
533
537
537
538
539
540
542
542
546
546
547
547
548
548
548
548
548
549
551
551
551
552
552
553
553
553
553
553
554
554
554
554
554
555
555
556
557
557
558
558
559
559
559
560
561
562
563
563
563
563
564
566
569
573
575
575
577
581
581
581
584
584
585
585
586
591
593
594
594
595
596
606
607
614
616
617
618
618
618
618
619
619
620
621
622
625
626
627
628
631
631
632
633
633
634
635
635
635
635
636
636
637
638
638
640
641
642
642
643
643
645
645
647
648
649
650
650
650
651
652
652
652
653
653
654
654
654
654
654
655
656
657
658
660
661
661
663
663
663
665
667
668
671
672
676
677
678
678
679
679
679
680
680
681
682
682
684
685
693
695
697
697
698
698
699
699
699
701
702
703
704
706
707
711
712
715
715
719
719
720
721
721
722
722
723
724
725
725
727
729
729
731
732
733
739
739
740
740
742
743
744
744
744
744
745
747
747
749
751
755
755
756
758
759
759
762
763
764
764
765
767
769
769
769
769
770
771
771
772
772
775
776
777
778
779
781
784
785
785
785
786
787
787
789
792
792
795
797
798
799
800
801
801
804
807
808
809
812
813
813
814
815
816
818
818
819
828
829
831
834
834
836
836
837
839
842
843
843
845
845
846
846
848
850
851
853
855
856
856
856
856
856
856
856
857
862
863
864
864
865
865
865
866
873
874
875
875
875
881
881
881
882
883
883
883
883
885
886
890
890
890
891
892
892
894
895
895
896
896
908
908
909
914
919
920
927
942
959
961
961
964
970
978
984
991
1001
1005
1006
1009
1015
1017
1017
1017
1019
1019
1019
1019
1020
1021
1022
1024
1026
1026
1027
1027
1028
1029
1035
1039
1044
1044
1056
1058
1068
1072
1072
1076
1076
1081
1083
1084
1087
1088
1089
1089
1090
1091
1095
1095
1096
1096
1098
1098
1099
1100
1100
1101
1104
1107
1107
1108
1109
1111
1114
1114
1115
1117
1122
1129
1130
1131
1134
1134
1134
1135
1135
1136
1136
1137
1139
1141
1143
1145
1147
1147
1151
1153
1153
1154
1155
1156
1157
1158
1159
1159
1159
1161
1161
1162
1162
1164
1164
1164
1166
1167
1170
1170
1170
1173
1173
1179
1179
1182
1183
1183
1184
1184
1184
1189
1191
1196
1196
1196
1196
1197
1200
1201
1203
1209
1212
1212
1213
1224
1241
1244
1252
1257
1263
1267
1268
1269
1270
1270
1271
1279
1284
1288
1290
1291
1293
1299
1299
1300
1300
1301
1304
1306
1306
1307
1307
1308
1310
1311
1314
1319
1321
1321
1321
1323
1325
1331
1331
1332
1335
1336
1336
1341
1342
1344
1351
1353
1354
1357
1357
1358
1358
1379
1383
1386
1388
1389
1389
1390
1390
1390
1391
1392
1393
1393
1393
1394
1395
1395
1400
1405
1415
1415
1416
1416
1419
1421
1422
1424
1425
1426
1427
1428
1431
1431
1437
1437
1438
1441
1441
1442
1442
1442
1442
1442
1442
1443
1443
1443
1444
1444
1445
1445
1445
1445
1449
1450
1450
1450
1451
1451
1451
1452
1453
1453
1453
1453
1458
1458
1462
1462
1462
1462
1462
1463
1463
1464
1464
1465
1467
1467
1469
1470
1472
1472
1472
1475
1480
1481
1486
1487
1487
1487
1488
1493
1494
1497
1497
1498
1498
1499
1499
1500
1500
1504
1504
1507
1508
1508
1509
1509
1510
1510
1513
1515
1516
1516
1517
1520
1520
1520
1521
1523
1524
1524
1532
1533
1539
1541
1542
1544
1546
1550
1550
1551
1552
1557
1558
1560
1562
1571
1571
1573
1574
1574
1578
1578
1578
1579
1584
1585
1585
1585
1586
1591
1592
1593
1593
1593
1594
1596
1597
1597
1600
1601
1604
1605
1607
1610
1612
1617
1626
1627
1629
1644
1644
1645
1646
1649
1651
1651
1652
1653
1654
1656
1665
1666
1666
1671
1672
1682
1684
1689
1692
1693
1694
1701
1701
1701
1702
1713
1714
1714
1715
1716
1716
1718
1719
1720
1722
1725
1731
1743
1744
1752
1754
1754
1760
1762
1764
1765
1768
1773
1791
1794
1794
1797
1800
1803
1813
1820
1827
1838
1848
1852
1854
1856
1859
1869
1880
1885
1885
1886
1894
1902
1904
1913
1913
1916
1920
1929
1934
1936
1950
1951
1965
1981
1991
1992
1997
1999
2000
2002
2003
2009
2013
2016
2025
2028
2033
2044
2044
2050
2056
2056
2120
2120
2120
2121
2122
