1
2
2
3
3
3
3
4
6
6
6
7
7
9
9
10
10
10
11
11
12
12
13
13
13
14
14
15
15
16
16
17
19
19
20
20
20
20
21
21
22
22
22
22
22
22
22
22
22
22
23
23
23
25
25
25
25
26
27
27
27
28
29
29
32
33
34
34
35
36
36
36
38
38
39
39
40
40
40
42
44
44
44
44
44
45
45
45
45
45
45
45
46
46
46
46
46
46
46
46
46
46
46
46
46
47
47
47
47
48
48
48
48
49
49
49
50
50
50
50
50
51
51
51
51
51
51
52
52
53
53
53
53
53
53
53
53
53
53
54
54
54
54
54
56
57
57
58
59
63
63
64
64
64
64
64
64
64
64
64
65
65
65
65
65
65
66
66
69
69
69
69
70
70
70
71
71
72
72
73
73
74
74
75
77
77
78
79
82
82
83
83
83
83
83
84
84
86
90
91
91
92
92
92
94
95
95
97
98
99
100
100
101
102
103
107
107
108
109
109
109
110
110
111
112
113
113
113
114
114
114
115
115
115
115
115
116
117
120
120
120
120
120
120
122
122
123
123
123
124
127
129
130
130
133
134
135
136
136
137
137
138
138
139
139
140
143
143
147
147
148
148
149
149
149
150
151
154
160
160
163
164
165
171
174
175
175
177
177
177
182
182
183
185
187
187
188
189
190
191
192
193
194
194
197
198
198
202
202
208
210
211
213
214
215
218
223
230
235
236
237
240
240
243
243
246
249
249
250
259
261
261
261
261
261
262
262
262
262
262
262
262
262
262
262
262
263
263
263
263
263
264
264
264
264
264
265
265
266
270
271
272
277
285
286
287
288
295
305
306
307
307
308
308
308
312
313
313
313
313
313
313
313
313
313
314
316
317
317
320
321
321
321
322
324
324
325
325
325
325
325
326
326
326
326
326
326
326
327
327
327
327
327
327
327
327
327
328
328
328
328
328
328
328
328
328
329
329
329
329
329
329
330
330
330
330
330
331
331
334
334
336
336
336
337
337
337
337
337
337
337
338
338
338
338
338
338
339
339
340
341
344
345
346
346
346
347
347
347
349
352
353
353
353
356
357
359
362
363
364
364
364
366
367
369
375
375
376
376
377
378
379
379
379
380
381
381
381
384
387
388
390
391
392
393
394
396
398
398
400
401
404
407
413
414
415
417
417
418
421
423
424
424
426
428
430
430
430
431
431
432
433
434
435
436
436
438
439
439
440
440
440
442
443
444
446
447
447
448
452
452
454
456
458
459
460
460
460
460
461
461
462
464
465
467
467
478
480
480
482
483
483
484
487
488
489
489
490
491
494
503
504
506
513
515
520
521
526
527
527
527
533
538
541
541
541
546
548
550
550
551
551
551
551
551
551
551
551
551
551
551
551
551
551
552
552
552
558
559
562
563
564
564
564
564
564
564
565
565
565
565
565
568
570
571
572
574
575
576
577
577
578
578
580
583
584
587
591
592
602
612
613
613
613
613
613
614
614
614
614
615
615
615
615
615
616
616
616
622
622
626
627
631
632
636
636
638
642
646
650
651
652
653
654
655
655
656
657
658
658
658
660
660
660
660
660
660
661
663
664
665
668
669
669
669
674
676
680
680
684
685
686
688
689
692
692
693
694
694
695
695
697
697
698
698
700
701
704
706
711
715
721
721
722
723
725
725
736
738
738
739
740
742
743
743
744
745
748
749
749
770
771
774
778
779
791
792
795
798
799
804
804
810
818
822
823
825
826
826
826
826
826
828
829
829
836
837
837
837
837
837
842
843
843
844
851
852
858
859
868
874
876
880
883
883
885
916
926
929
934
935
936
978
981
986
994
995
995
999
1003
1004
1006
1008
1009
1011
1038
1039
1041
1045
1047
1048
1052
1053
1053
1054
1055
1056
1060
1065
1065
1070
1072
1074
1076
1081
1093
1095
1101
1101
1102
1107
1108
1112
1114
1115
1117
1128
1137
1147
1155
1157
1157
1162
1163
1166
1166
1166
1169
1174
1176
1178
1180
1189
1197
1198
1200
1200
1205
1208
1217
1218
1222
1222
1243
1251
1251
1251
1251
1251
1252
1255
1257
1260
1267
1267
1267
1269
1303
1303
1303
1304
1304
1304
1304
1305
1305
1305
1306
1307
1314
1315
1316
1320
1321
1323
1329
1338
1346
1374
1378
1387
1387
1390
1392
1421
1421
1422
1422
1422
1422
1422
1422
1422
1423
1428
1430
1432
1433
1435
1435
1438
1441
1443
1445
1445
1445
1445
1446
1446
1446
1446
1447
1447
1447
1447
1454
1454
1458
1459
1462
1464
1465
1466
1469
1471
1471
1472
1473
1473
1475
1476
1479
1480
1481
1481
1482
1488
1489
1494
1495
1495
1496
1497
1498
1498
1499
1501
1502
1503
1503
1504
1504
1506
1506
1507
1507
1507
1511
1512
1513
1513
1515
1515
1517
1518
1518
1520
1521
1521
1521
1523
1523
1524
1527
1530
1530
1531
1531
1533
1534
1536
1538
1540
1547
1547
1550
1551
1551
1553
1554
1554
1556
1557
1559
1562
1563
1566
1566
1567
1569
1571
1576
1577
1581
1582
1583
1583
1584
1584
1587
1589
1590
1590
1591
1591
1594
1595
1596
1596
1602
1602
1602
1603
1605
1605
1605
1606
1607
1607
1607
1608
1608
1610
1612
1612
1613
1613
1613
1613
1613
1613
1613
1613
1614
1615
1615
1618
1621
1622
1622
1623
1624
1625
1626
1626
1626
1627
1627
1628
1633
1633
1634
1634
1634
1634
1634
1636
1638
1638
1642
1645
1645
1646
1646
1647
1647
1648
1650
1651
1652
1652
1652
1654
1656
1656
1658
1658
1660
1661
1664
1665
1666
1671
1672
1673
1673
1674
1674
1675
1676
1677
1678
1682
1682
1683
1694
1696
1696
1700
1701
1701
1702
1704
1709
1711
1712
1714
1716
1716
1717
1717
1717
1719
1721
1727
1727
1728
1728
1728
1729
1732
1733
1733
1737
1739
1739
1742
1742
1745
1746
1747
1748
1749
1750
1751
1753
1755
1763
1767
1771
1773
1774
1775
1776
1777
1779
1780
1782
1782
1863
1867
1871
1871
1872
1874
1874
1874
1892
1898
1898
1899
1900
1900
1901
1902
1903
1906
1906
1906
1924
1924
1925
1926
1933
1946
1946
1988
1990
1990
1992
1993
1994
1994
1997
1999
2002
2005
2005
2008
2008
2009
2011
2012
2014
2019
2020
2025
2028
2031
2032
2038
2047
2047
2047
2051
2057
2057
2058
2059
2061
2074
2082
2084
2085
2089
2090
2096
2099
2100
2102
2104
2105
2107
2110
2110
2115
2115
2115
2115
2116
2118
2118
2119
2120
2123
2125
2128
2128
2128
2129
2129
2129
2129
2130
2130
2130
2135
2143
2143
2144
2144
2147
2147
2147
2148
2148
2150
2150
2150
2150
2150
2151
2155
2156
2185
2191
2193
2194
2195
2197
2201
2202
2202
2208
2222
2236
2253
2256
2261
2265
2265
2268
2336
2337
2337
2337
2338
2349
2355
2360
2362
2364
2364
2366
2368
2375
2377
2395
2402
2405
2414
2427
2453
2460
2486
2486
2486
2487
2487
2487
2487
2487
2487
2487
2487
2487
2487
2488
2488
2488
2488
2488
2488
2488
2489
2495
2495
2495
2496
2496
2498
2529
2530
2530
2540
2560
2562
2563
2569
2570
2571
2589
2590
2591
2593
2598
2608
2611
2612
2630
2632
2632
2633
2642
2650
2651
2652
2654
2654
2655
2655
2655
2656
2657
2662
2662
2662
2663
2664
2678
2685
2688
2689
2690
2700
2702
2703
2704
2715
2728
2728
2728
2728
2735
2743
2744
2745
2746
2747
2750
2755
2756
2758
2809
2811
2812
2852
2853
2853
2861
2861
2864
2864
2867
2867
2867
2867
2965
2965
2984
2987
2988
2988
2989
2989
2990
2993
2993
2994
2996
2998
3002
3002
3003
3003
3006
3007
3007
3007
3009
3011
3013
3014
3014
3018
3021
3021
3023
3025
3037
3037
3037
3038
3046
3046
3046
3046
3047
3047
3048
3048
3048
3058
3058
3058
3059
3059
3059
3059
3059
3059
3059
3060
3060
3060
3060
3060
3060
3064
3088
3090
3092
3093
3094
3098
3098
3107
3109
3110
3111
3114
3115
3116
3118
3119
3121
3122
3128
3131
3135
3137
3145
3147
3149
3151
3162
3162
3169
3169
3170
3170
3171
3171
3172
3172
3172
3172
3173
3176
3189
3192
3193
3193
3196
3196
3196
3199
3201
3201
3203
3203
3203
3204
3204
3208
3209
3211
3215
3216
3217
3220
3221
3222
3226
3227
3228
3228
3228
3228
3229
3230
3230
3231
3235
3236
3237
3237
3238
3240
3242
3243
3243
3245
3245
3245
3250
3251
3252
3252
3255
3256
3258
3259
3260
3264
3266
3267
3269
3269
3269
3270
3271
3272
3277
3281
3282
3288
3290
3290
3290
3295
3297
3297
3300
3301
3304
3310
3314
3315
3324
3326
3329
3333
3333
3335
3336
3337
3339
3341
3343
3354
3354
3355
3369
3369
3381
3382
3383
3384
3385
3388
3393
3394
3395
3397
3397
3402
3409
3410
3415
3420
3422
3464
3468
3469
3471
3471
3477
3482
3487
3508
3512
3513
3516
3524
3525
3550
3552
3553
3553
3559
3559
3560
3560
3562
3563
3563
3569
3571
3576
3577
3577
3578
3580
3582
3583
3584
3585
3585
3588
3589
3590
3591
3593
3596
3598
3598
3602
3609
3612
3617
3618
3618
3618
3619
3632
3633
3633
3638
3638
3642
3645
3649
3651
3653
3654
3655
3655
3658
3660
3662
3663
3667
3679
3683
3685
3690
3691
3692
3694
3694
3696
3703
3707
3711
3713
3713
3713
3735
3739
3743
3743
3744
3767
3770
3779
3780
3793
3793
3795
3799
3799
3804
3807
3808
3812
3816
3833
3838
3847
3851
3854
3883
3905
3913
3917
3920
3928
3942
3943
3957
3964
3969
3970
3980
3980
3983
3986
3986
3988
3990
3990
3991
3998
4001
4003
4003
4006
4006
4007
4007
4018
4019
4027
4037
4037
4038
4047
4049
4053
4061
4070
4082
4128
4141
4188
4206
4210
4210
4225
4226
4229
4253
4276
4283
4286
4287
4288
4292
4294
4301
4305
4332
4332
4333
4333
4336
4341
4350
4351
4354
4354
4360
4372
4372
4378
4404
4406
4422
4423
4433
4442
4442
4442
4442
4462
4464
4499
4508
4509
4510
4522
4538
4539
4543
4543
4547
4556
4558
4578
4579
4580
4586
4639
4640
4644
4650
4655
4662
4681
4687
4687
4689
4691
4702
4708
4714
4714
4717
4717
4721
4730
4743
4748
4768
4769
4789
4794
4795
4801
4802
4816
4823
4826
4839
4849
4855
4856
4862
4867
4868
4868
4869
4869
4869
4870
4870
4870
4870
4871
4871
4872
4873
4874
4875
4876
4883
4883
4883
4885
4885
4896
4907
4910
4922
4933
4957
4974
4989
4991
5001
5004
5004
5006
5062
5063
5091
5101
5119
5120
5158
5171
5171
5180
5183
5184
5190
5191
5191
5192
5192
5192
5192
5193
5193
5193
5193
5193
5193
5194
5194
5195
5195
5197
5197
5197
5198
5216
5236
5239
5256
5269
5272
5273
5301
5304
5305
5307
5309
5312
5315
5315
5315
5315
5330
5339
5339
5341
5341
5346
5347
5352
5368
5369
5369
5374
5388
5403
5417
5426
5426
5427
5434
5444
5450
5460
5460
5632
5634
5638
5669
5707
5707
5708
5709
5711
5721
5722
5726
5726
5730
5731
5733
5734
5735
5736
5736
5737
5743
5744
5745
5750
5750
5754
5758
5758
5759
5771
5771
5778
5782
5795
5836
5838
5838
5854
5857
5860
5865
5866
5869
5871
5927
5929
5990
6037
6046
6047
6048
6074
6081
6083
6088
6094
6094
6094
6099
6102
6108
6110
6117
6136
6138
6138
6153
6153
6156
6163
6165
6166
6176
6177
6184
6188
6196
6199
6199
6201
6203
6205
6207
6209
6215
6219
6219
6219
6220
6220
6220
6227
6228
6229
6229
6238
6251
6252
6253
6267
6333
6335
6352
6376
6463
6470
6480
6481
6512
6514
6523
6523
6524
6525
6525
6525
6528
6544
6548
6550
6550
6558
6586
6586
6595
6597
6600
6602
6631
6635
6638
6642
6645
6648
6648
6654
6657
6664
6667
6667
6667
6671
6671
6675
6679
6680
6680
6687
6687
6687
6687
6687
6688
6689
6690
6691
6692
6692
6692
6692
6693
6694
6696
6698
6717
6746
6751
6754
6756
6759
6770
6774
6774
6774
6781
6809
6984
7049
7054
7055
7059
7065
7067
7070
7078
7079
7079
7079
7080
7080
7081
7086
7086
7086
7087
7088
7089
7093
7094
7099
7100
7111
7112
7117
7118
7118
7119
7122
7122
7123
7124
7128
7132
7132
7136
7140
7146
7147
7149
7151
7153
7155
7159
7162
7167
7170
7171
7175
7177
7179
7180
7182
7185
7187
7200
7221
7228
7232
7234
7242
7314
7329
7338
7342
7360
7456
7466
7477
7487
7488
7491
7493
7514
7523
7526
7528
7531
7538
7540
7541
7547
7554
7554
7556
7564
7584
7595
7602
7606
7626
7682
7684
7688
7750
7772
7774
7802
7814
7814
7818
7832
7844
7895
7898
7901
7903
7903
7904
7909
7915
7918
7925
7925
7925
7926
7928
7929
7934
7939
7960
7963
7964
7964
7967
7967
7968
7974
7983
7983
7984
7989
7991
7994
7996
8000
8005
8009
8010
8015
8016
8019
8019
8020
8029
8029
8030
8030
8032
8054
8055
8056
8062
8062
8063
8077
8078
8079
8081
8086
8087
