0
0
1
1
2
2
4
4
5
5
6
6
6
7
7
7
7
7
8
8
9
9
9
9
10
10
10
10
10
11
11
11
12
12
12
12
12
12
12
13
13
13
14
14
14
14
14
14
14
14
14
14
14
15
16
16
16
16
17
17
17
17
17
17
18
18
18
18
18
18
19
19
19
19
19
19
19
19
19
19
19
19
19
19
19
19
19
19
19
19
19
20
20
20
20
20
20
20
20
20
20
20
20
20
20
20
21
21
21
21
21
22
22
22
22
22
23
23
23
24
24
24
25
25
25
25
25
25
25
25
25
25
25
26
26
26
26
26
26
26
26
26
27
27
27
27
27
27
27
27
27
27
27
27
27
27
27
27
27
27
28
28
28
28
28
28
28
28
28
28
29
29
29
29
29
29
29
30
30
30
30
30
30
31
31
31
31
31
31
32
32
32
32
32
32
32
32
32
32
32
32
33
33
33
33
33
33
33
33
33
34
34
34
34
35
35
35
35
35
35
35
35
36
36
36
36
36
36
36
36
36
36
37
37
37
37
37
37
37
38
38
38
38
38
38
38
38
39
39
39
39
39
39
39
40
40
40
40
40
40
41
41
41
41
42
42
42
42
42
42
43
43
43
43
43
43
43
43
43
43
43
44
44
44
44
44
44
44
44
44
44
44
44
44
44
44
44
44
45
45
45
45
45
45
45
45
45
46
46
46
46
46
46
46
46
46
46
46
46
46
46
46
46
47
47
47
47
49
49
50
50
50
50
50
50
51
51
51
51
51
52
52
52
53
53
54
54
54
54
54
54
55
55
55
55
55
55
55
56
56
57
57
57
57
57
58
58
58
58
58
58
58
58
59
59
59
59
59
59
59
59
60
60
60
60
60
60
60
60
60
60
60
60
60
61
61
61
61
61
62
62
62
62
62
62
62
63
64
64
65
65
65
66
66
66
67
67
67
67
67
67
68
68
68
68
68
69
69
69
69
69
70
70
70
70
70
70
70
71
71
71
71
71
71
71
71
71
71
71
71
71
71
71
72
72
72
72
72
73
73
74
74
74
74
74
75
75
75
75
75
75
76
76
77
77
77
77
77
77
77
77
78
79
79
79
79
79
79
79
79
79
79
79
79
80
80
80
80
80
80
81
81
81
81
81
82
82
82
82
82
82
82
82
82
82
82
82
82
82
83
84
84
84
85
85
85
85
85
85
85
86
86
86
87
87
88
88
88
88
88
88
89
89
89
89
90
90
90
91
91
91
91
91
91
92
92
92
92
93
93
94
94
94
94
94
95
95
96
96
96
97
97
97
98
98
99
99
99
100
100
100
101
101
101
101
101
101
102
102
102
102
103
103
104
104
104
104
105
105
105
106
107
107
107
108
108
109
110
110
110
110
110
111
111
111
111
111
111
111
111
111
111
112
112
112
112
112
112
112
112
112
112
112
112
113
113
113
113
114
115
115
115
115
115
115
115
115
115
116
116
116
116
116
116
116
117
117
117
118
118
118
118
119
119
119
119
119
119
119
119
120
120
120
120
121
121
121
121
121
122
122
122
123
123
123
123
123
123
123
123
123
123
123
123
124
124
124
124
124
124
124
124
124
124
124
125
125
125
125
125
125
125
125
125
126
126
126
126
126
126
126
126
127
127
127
127
127
127
127
127
128
128
128
128
129
129
129
129
130
130
130
130
132
132
133
133
133
133
133
134
134
135
135
135
136
136
136
136
137
137
138
139
139
139
139
140
140
141
141
141
142
142
142
142
143
143
143
143
143
144
144
145
145
145
145
146
146
147
147
147
147
147
148
148
148
148
149
149
149
150
150
151
151
152
152
152
153
154
154
155
156
156
156
156
156
156
157
158
158
159
159
160
160
160
161
161
161
161
162
162
162
162
163
164
164
164
165
165
165
165
165
165
167
167
167
167
167
167
167
167
167
167
168
168
168
168
168
168
168
168
168
168
168
169
169
169
169
169
169
169
169
170
170
170
170
170
170
171
171
171
172
172
172
172
173
173
173
173
174
174
174
174
175
175
176
176
177
177
177
177
177
178
179
179
179
180
180
181
181
181
181
182
182
182
182
182
183
183
183
183
185
185
186
186
187
188
189
189
190
190
190
190
190
191
192
192
192
192
192
193
193
194
194
194
194
194
195
195
195
196
196
196
197
198
198
199
199
199
200
200
200
200
200
201
201
201
202
204
204
204
206
206
207
207
208
208
208
208
208
208
209
209
209
210
211
211
212
213
213
213
213
214
214
215
215
215
215
216
216
216
216
216
216
216
217
217
218
218
219
219
220
220
221
221
222
222
222
222
223
223
223
224
224
225
225
225
225
225
225
226
226
227
227
227
229
229
230
230
230
230
230
230
231
231
231
231
231
232
232
232
232
232
233
233
234
234
234
234
235
235
235
236
236
237
237
237
238
238
239
239
239
240
241
242
242
243
243
243
243
244
244
244
244
244
244
244
244
244
244
244
244
244
245
245
245
246
247
247
247
248
250
250
251
251
251
251
251
251
252
252
252
253
254
254
254
255
255
255
256
256
257
258
258
258
259
259
260
261
261
261
262
262
263
263
264
264
265
265
266
266
267
268
268
268
268
270
270
271
273
273
274
275
276
276
276
277
278
280
280
282
283
283
284
285
285
285
285
285
288
289
289
289
291
292
295
295
298
298
298
299
300
300
300
301
301
302
303
303
304
305
306
306
307
308
308
308
311
311
312
313
313
313
314
315
315
316
316
317
317
317
318
319
320
320
320
321
321
322
322
322
322
323
323
324
325
325
325
326
326
326
327
327
328
328
329
329
330
330
330
331
332
333
335
335
336
337
338
339
340
342
343
344
344
345
345
347
348
348
350
350
352
352
353
354
354
355
356
356
357
359
364
364
365
369
371
375
379
379
380
381
383
384
387
391
392
393
395
395
395
396
397
397
400
400
402
402
403
405
407
409
410
413
418
419
419
419
419
420
421
421
421
421
422
422
423
423
424
426
426
427
428
428
429
429
429
429
429
430
430
430
430
430
431
431
431
431
431
431
431
431
432
432
432
432
432
433
433
433
433
433
433
433
433
433
434
434
434
434
434
434
434
434
434
434
434
434
435
435
435
435
435
435
435
435
435
435
436
436
436
436
436
436
436
437
437
437
437
438
438
438
438
438
438
438
438
439
439
439
441
441
441
442
443
443
444
444
444
445
445
445
445
445
445
446
446
446
446
446
446
446
446
446
446
446
446
446
446
447
449
449
452
453
454
455
455
458
459
459
459
462
463
463
463
464
464
464
466
466
471
475
477
477
478
479
479
480
481
482
483
485
486
486
486
487
488
488
488
488
488
489
489
489
490
490
491
492
493
493
493
493
494
494
494
495
496
496
497
498
498
502
502
502
502
503
503
503
503
503
503
504
504
504
505
505
507
508
509
509
509
512
512
513
514
516
517
518
520
520
523
523
524
527
527
530
532
532
533
533
534
534
534
535
535
539
542
542
544
544
544
544
544
545
548
548
549
549
551
551
552
552
552
553
554
554
554
554
556
558
558
559
561
561
562
563
563
564
565
566
567
568
569
569
569
570
574
574
575
577
577
578
578
578
579
581
581
584
586
587
588
593
596
596
596
596
598
599
600
601
601
603
604
607
608
608
608
609
609
609
610
611
611
611
612
613
613
614
616
616
616
617
617
618
618
618
620
621
621
621
622
622
623
623
623
623
624
625
625
625
627
628
629
631
631
631
632
633
634
634
636
636
637
637
638
638
640
641
641
641
641
645
646
647
648
649
651
652
653
654
657
660
662
664
665
670
670
672
672
672
672
675
676
676
679
680
680
681
681
681
682
682
683
685
688
691
694
695
696
697
698
701
703
705
706
710
712
712
713
713
713
714
715
717
717
718
720
720
721
721
723
723
723
723
723
723
723
724
724
724
724
724
724
724
724
725
725
725
725
725
726
729
731
734
734
737
739
740
740
740
740
742
743
747
748
750
750
751
751
753
753
755
755
755
759
762
764
764
765
766
766
766
766
767
768
768
769
769
770
770
771
772
773
774
776
777
778
778
779
780
780
783
783
785
786
786
788
789
789
789
790
790
791
791
792
792
792
793
794
794
794
798
798
799
800
802
805
805
807
807
807
807
811
813
813
814
814
816
816
817
817
818
819
820
821
821
821
821
823
826
827
831
834
836
838
838
841
844
850
850
852
860
863
873
873
876
882
892
892
893
893
894
895
896
896
896
896
897
901
905
905
907
908
908
908
909
910
911
911
913
913
913
915
915
918
919
919
919
926
929
934
935
936
940
940
942
944
946
946
947
948
949
950
951
951
952
953
955
955
957
958
961
962
963
963
968
969
969
973
981
986
986
988
992
1007
1007
1009
1011
1012
1012
1015
1021
1026
1032
1034
1035
1035
1036
1036
1041
1048
1053
1053
1054
1056
1058
1061
1061
1061
1063
1064
1064
1066
1067
1067
1070
1075
1077
1080
1080
1091
1092
1093
1093
1096
1097
1098
1098
1099
1101
1109
1110
1114
1117
1117
1124
1125
1133
1133
1139
1139
1139
1140
1140
1140
1141
1141
1152
1152
1156
1156
1157
1158
1158
1162
1166
1166
1166
1166
1167
1167
1171
1171
1171
1181
1191
1200
1217
1217
1218
1219
1220
1224
1225
1226
1226
1236
1240
1241
1242
1243
1243
1244
1258
1259
1260
1262
1268
1269
1269
1269
1276
1284
1293
1312
1320
1321
1322
1326
1327
1334
1334
1336
1337
1340
1340
1343
1344
1344
1351
1353
1357
1358
1362
1366
1388
1391
1394
1406
1406
1408
1409
1414
1414
1415
1417
1418
1419
1420
1420
1422
1429
1432
1438
1438
1438
1439
1439
1445
1446
1448
1452
1452
1453
1453
1453
1453
1453
1454
1456
1457
1460
1460
1465
1466
1467
1469
1470
1471
1477
1478
1479
1479
1479
1480
1480
1480
1483
1487
1490
1491
1494
1495
1496
1496
1498
1498
1498
1499
1506
1506
1507
1512
1516
1518
1518
1520
1521
1523
1523
1523
1524
1525
1526
1526
1533
1535
1535
1536
1537
1539
1540
1540
1541
1542
1543
1544
1545
1549
1549
1550
1550
1550
1550
1551
1552
1552
1553
1554
1555
1556
1557
1558
1558
1558
1561
1561
1562
1563
1563
1564
1565
1568
1569
1569
1571
1572
1573
1577
1578
1579
1579
1579
1583
1585
1586
1590
1591
1593
1593
1594
1596
1597
1598
1599
1599
1600
1601
1606
1616
1623
1626
1632
1633
1634
1634
1635
1637
1646
1648
1656
1657
1658
1660
1661
1662
1663
1665
1668
1670
1678
1686
1686
1688
1688
1688
1690
1692
1699
1701
1702
1709
1713
1713
1718
1719
1723
1725
1729
1735
1736
1737
1737
1737
1744
1745
1746
1746
1757
1759
1764
1769
1769
1769
1769
1769
1769
1774
1780
1781
1782
1789
1789
1791
1791
1795
1796
1804
1812
1816
1819
1824
1824
1824
1825
1828
1829
1829
1830
1830
1830
1830
1830
1830
1831
1837
1837
1837
1838
1838
1838
1838
1838
1838
1838
1838
1838
1838
1839
1842
1843
1852
1854
1855
1855
1863
1863
1863
1867
1871
1874
1883
1885
1896
1896
1897
1897
1905
1908
1913
1918
1922
1924
1933
1935
1939
1941
1941
1941
1947
1953
1953
1954
1954
1959
1964
1967
1969
1970
1981
1983
1984
1988
1989
1997
1999
2000
2000
2001
2002
2002
2015
2018
2023
2027
2027
2034
2036
2037
2040
