0
0
1
1
2
2
3
4
4
5
5
6
6
7
7
7
7
7
8
8
8
8
9
9
10
10
10
11
11
11
11
11
11
12
12
12
12
13
13
13
13
13
13
13
13
13
14
14
14
14
14
14
14
14
15
15
15
15
15
15
15
15
15
16
16
16
16
16
16
16
17
17
17
17
17
18
18
18
18
18
19
19
19
19
19
19
20
20
20
20
20
20
20
20
20
20
20
21
21
21
22
22
22
22
22
22
22
22
22
22
23
23
23
23
23
23
23
23
23
23
23
23
23
23
23
23
24
24
24
24
24
24
24
24
24
24
24
24
24
24
24
24
24
24
24
24
24
24
25
25
25
25
25
25
26
26
26
26
27
27
27
27
27
28
28
28
28
29
29
29
29
29
29
29
29
29
29
30
30
30
30
31
31
31
31
31
31
31
31
31
31
31
31
32
32
32
32
32
32
32
32
32
32
32
32
32
33
33
33
33
33
33
33
33
33
33
33
34
34
34
34
34
34
34
34
34
35
35
36
36
36
36
36
36
37
37
37
37
37
37
37
38
38
38
38
38
38
38
38
38
38
39
39
39
39
39
39
39
39
40
40
40
40
40
40
41
41
41
41
41
42
42
43
43
43
43
44
44
44
44
44
44
44
45
45
45
46
46
46
46
47
47
47
47
47
47
48
48
48
48
49
49
49
49
49
49
50
50
50
51
51
51
51
51
51
51
51
51
51
52
52
52
52
52
53
53
53
53
53
53
53
53
53
54
56
56
57
57
57
57
58
58
59
60
60
60
60
61
61
61
61
61
61
61
61
61
61
61
61
61
61
61
62
62
62
62
62
62
62
62
62
62
62
62
62
62
62
62
62
62
62
62
62
63
63
63
63
63
63
63
63
63
63
63
63
63
63
63
63
63
63
63
63
64
64
64
64
64
64
64
64
65
65
65
65
66
66
66
66
66
66
66
66
66
67
67
68
68
68
68
68
68
68
68
69
69
69
69
70
70
70
70
71
71
71
71
72
72
72
72
72
72
72
73
73
73
73
73
73
74
74
74
75
75
76
76
76
76
76
76
76
76
77
77
77
77
78
78
78
78
79
79
79
79
79
79
79
79
80
80
81
81
81
81
81
81
82
82
82
82
82
83
83
83
83
83
84
84
84
84
85
85
85
86
86
86
86
87
87
87
87
88
88
88
88
88
89
89
89
89
89
89
90
90
90
90
91
91
91
92
92
92
92
92
92
93
93
94
94
94
95
95
95
95
96
96
96
96
96
96
97
98
98
98
99
99
99
99
99
99
99
99
99
100
100
100
100
101
101
101
101
101
102
102
102
102
102
102
102
103
103
103
103
104
104
104
104
105
106
106
106
106
107
107
107
107
107
107
107
108
108
108
108
108
108
109
109
109
109
109
109
109
109
110
110
110
110
110
110
110
110
110
110
110
110
110
111
112
112
112
112
112
112
112
113
113
113
113
114
114
114
115
115
115
115
115
115
116
116
116
116
116
116
116
116
116
117
117
117
117
117
117
117
117
117
117
117
117
118
118
119
119
119
119
119
120
120
120
120
120
121
121
121
121
121
122
122
122
123
123
124
124
124
124
124
124
124
125
125
125
125
126
126
127
127
127
128
128
128
128
129
129
129
130
130
131
131
131
131
131
131
131
131
132
132
132
132
133
133
134
134
134
134
134
134
134
134
134
134
134
134
134
135
135
135
136
136
137
138
139
139
139
139
140
140
140
141
141
141
142
142
142
142
142
142
143
143
143
143
143
143
143
143
143
143
143
144
144
144
144
144
145
145
145
145
145
145
145
145
145
145
146
146
146
146
146
146
146
146
146
147
147
147
147
147
147
147
147
147
147
147
147
149
149
149
149
149
149
150
150
150
151
151
151
151
152
152
152
152
152
152
152
152
153
153
153
153
153
154
154
154
154
154
154
154
154
154
154
155
155
155
155
156
156
156
156
157
158
158
158
159
159
159
160
160
160
160
160
160
160
160
160
160
160
161
161
161
161
161
161
162
162
162
162
162
162
162
162
162
162
162
162
162
162
163
163
163
163
163
163
163
163
163
163
163
164
164
164
164
164
164
164
164
164
164
164
164
165
165
165
165
165
165
165
165
165
166
166
166
166
166
166
166
166
166
167
167
167
167
167
167
167
168
168
168
168
168
168
168
168
168
168
168
168
168
169
169
169
169
169
170
170
170
170
170
170
171
171
172
172
172
172
172
172
172
172
172
172
172
173
173
173
173
173
173
173
173
173
173
173
174
174
174
174
174
174
174
175
175
175
175
175
176
176
177
177
177
177
177
178
178
178
178
179
179
179
179
179
179
180
180
180
180
180
181
181
181
181
181
181
182
182
182
183
183
184
184
184
185
185
185
186
186
186
186
186
187
187
188
188
188
189
190
190
190
190
190
191
191
192
192
192
192
192
192
193
193
193
193
193
193
194
194
194
195
195
195
195
195
196
196
196
196
197
197
197
197
197
199
199
199
200
200
200
200
200
200
200
200
200
200
200
200
200
201
201
201
201
202
203
204
204
204
204
205
205
205
205
205
206
206
206
206
206
206
206
207
208
208
208
208
209
209
209
209
209
209
210
210
210
210
210
212
212
212
213
213
213
213
214
214
214
215
215
215
216
216
216
216
216
216
216
216
217
217
217
218
218
218
218
218
219
219
220
220
221
221
221
221
221
221
221
221
221
222
222
222
222
222
222
223
223
223
223
223
223
223
223
223
223
223
223
223
224
224
224
224
224
224
224
224
224
224
224
225
225
225
225
225
225
225
225
225
225
225
227
227
228
228
228
228
228
228
229
229
229
229
229
230
230
231
231
231
231
231
231
232
232
232
233
234
234
235
235
237
237
237
237
237
237
238
238
238
238
239
239
239
240
240
240
241
241
241
242
242
242
242
243
244
244
245
245
245
245
245
246
246
247
247
247
247
247
247
248
248
248
248
248
248
249
249
249
249
249
251
251
251
252
252
252
252
252
254
254
254
255
256
256
256
256
256
257
258
258
258
259
259
260
260
260
260
261
261
262
262
262
263
263
263
263
263
264
264
264
264
265
265
265
265
266
266
266
266
266
267
267
267
267
267
268
268
269
269
269
269
269
269
269
269
269
270
271
271
271
271
271
272
273
273
273
273
273
273
273
273
273
273
273
274
274
274
274
274
274
274
275
275
275
275
275
275
275
275
275
276
276
276
276
276
276
276
277
277
277
277
277
277
277
278
278
278
278
278
279
279
279
279
279
279
279
280
280
280
281
281
282
282
283
283
283
283
284
285
286
286
287
287
288
288
288
288
288
289
289
289
289
289
289
290
290
290
291
293
293
293
294
294
294
294
295
295
295
295
295
295
295
295
296
296
296
296
296
296
296
297
297
297
297
297
297
299
299
300
301
301
301
302
303
303
303
303
303
304
304
304
305
305
305
305
305
306
306
306
307
308
308
308
308
309
309
309
310
310
310
310
310
310
310
311
311
312
312
312
312
313
313
313
314
314
314
314
314
315
315
316
319
319
320
323
323
323
324
324
325
325
327
328
329
329
329
331
331
332
333
333
333
334
335
335
335
335
335
336
336
336
336
336
336
337
337
337
338
338
338
338
338
338
339
339
339
340
340
341
342
342
343
344
344
344
344
344
346
347
348
349
350
351
352
353
356
356
356
356
361
363
364
368
369
369
370
371
372
372
372
373
373
373
373
375
375
376
378
379
381
381
381
384
385
388
388
389
389
392
392
394
395
396
397
398
399
402
402
403
404
404
404
404
404
404
405
405
406
406
406
407
412
415
415
415
415
415
416
416
418
418
418
418
418
423
427
431
434
436
436
436
437
438
438
441
442
444
450
454
470
473
474
475
477
481
490
491
491
492
493
493
495
495
497
498
499
499
501
501
504
505
507
509
509
509
509
511
513
514
514
515
516
517
517
518
521
524
527
527
528
529
533
533
533
533
533
535
536
538
539
540
542
544
545
547
547
548
549
551
552
555
555
555
555
559
559
560
561
563
567
570
572
572
575
575
576
580
581
581
587
596
599
600
604
611
611
616
616
620
621
623
623
624
624
628
629
639
639
641
641
643
643
643
644
644
645
645
645
645
645
647
647
647
647
648
648
650
651
651
664
681
686
687
692
694
695
699
704
709
710
711
711
713
713
723
723
729
734
743
749
751
752
754
758
759
760
766
766
766
766
767
777
778
779
779
779
780
780
781
781
782
782
796
796
797
814
817
818
874
886
897
897
898
911
918
922
931
934
974
979
1021
1022
1028
1031
1033
1034
1035
1046
1050
1051
1051
1053
1080
1082
1084
1084
1084
1084
1084
1084
1085
1085
1085
1114
1175
1188
1191
1212
1234
1392
1397
1429
1431
1432
1439
1444
1446
1451
1455
1455
1456
1458
1459
1459
1460
1461
1461
1462
1468
1468
1469
1471
1471
1474
1474
1475
1476
1479
1479
1480
1481
1481
1481
1482
1482
1484
1486
1488
1488
1490
1494
1495
1496
1496
1505
1509
1511
1515
1517
1518
1519
1524
1526
1529
1529
1529
1529
1529
1529
1534
1535
1535
1536
1546
1548
1559
1559
1561
1565
1566
1568
1569
1569
1579
1580
1582
1584
1584
1586
1586
1588
1589
1590
1591
1591
1592
1592
1593
1595
1596
1596
1597
1597
1597
1597
1598
1599
1602
1602
1603
1604
1605
1607
1607
1607
1611
1611
1612
1612
1612
1613
1613
1613
1615
1615
1615
1616
1616
1616
1616
1617
1617
1617
1619
1620
1620
1620
1624
1625
1625
1626
1628
1629
1630
1631
1633
1636
1637
1637
1638
1638
1639
1640
1642
1647
1647
1649
1649
1650
1653
1657
1659
1665
1665
1665
1665
1666
1667
1668
1668
1673
1675
1675
1676
1676
1677
1677
1678
1680
1681
1682
1682
1684
1684
1685
1686
1688
1690
1690
1690
1692
1693
1695
1698
1703
1703
1704
1704
1705
1707
1708
1708
1708
1717
1717
1718
1722
1724
1725
1726
1728
1731
1732
1735
1736
1738
1738
1746
1748
1753
1756
1756
1757
1759
1759
1768
1770
1770
1773
1774
1777
1787
1790
1790
1803
1813
1825
1825
1826
1828
1832
1833
1838
1847
1854
1854
1856
1858
1863
1865
1871
1881
1883
1892
1994
1997
1998
1999
2017
2023
2024
2078
2078
2078
2078
2210
2252
2267
2267
2288
2389
2421
2425
2430
2465
2508
2510
2538
2549
2555
2773
2797
2802
2813
2819
2836
2840
2841
2846
2858
2862
2944
2988
3015
3052
3053
3074
3075
3078
3080
3080
3084
3086
3091
3093
3094
3096
3099
3101
3102
3104
3104
3106
3115
3116
3117
3123
3126
3126
3128
3129
3129
3142
3144
3145
3151
3152
3155
3183
3184
3191
3192
3196
3200
3210
3214
3217
3228
3233
3234
3235
3239
3239
3243
3245
3253
3253
3258
3259
3259
3259
3269
3269
3270
3270
3272
3273
3274
3275
3276
3279
3280
3281
3289
3289
3314
3325
3343
3344
3346
3348
3348
3352
3358
3364
3388
3393
3393
3394
3408
3412
3413
3428
3444
3445
3532
3533
3534
3537
3551
3552
3553
3559
3584
3598
3600
3615
3616
3650
3653
3691
3703
3726
3810
3813
3826
3844
3846
3854
3885
3891
3891
3891
4012
4056
4067
4093
4099
4107
4107
4119
4137
4137
4142
4145
4212
4226
4249
4313
4316
4389
4390
4392
4392
4397
4434
4447
4515
4522
4529
4530
4536
4542
4596
4603
4619
4626
4634
4635
4638
4652
4652
4656
4668
4668
4668
