0
0
1
1
3
3
4
6
6
6
7
7
8
8
9
10
11
11
12
13
13
13
15
15
15
16
16
16
17
17
17
18
18
19
19
19
20
20
21
22
23
23
23
23
23
24
24
24
24
25
25
25
25
25
26
26
27
27
27
27
27
27
27
27
27
27
27
27
28
28
28
28
28
28
28
28
28
28
28
29
29
29
29
29
29
29
29
29
29
29
29
29
30
30
30
31
32
32
32
32
32
33
33
33
33
33
33
34
34
34
34
34
34
34
34
34
34
34
35
35
35
35
35
35
36
36
36
36
36
36
36
36
37
37
37
37
37
37
37
37
38
38
38
39
39
39
39
40
40
40
40
40
41
41
41
41
41
41
42
43
44
45
45
45
45
45
46
46
46
46
46
46
46
47
47
47
47
48
48
48
50
50
50
51
51
51
51
51
51
51
52
53
53
54
54
54
54
54
54
54
55
56
56
56
56
57
58
58
58
58
60
61
61
62
62
62
63
63
63
64
65
65
66
66
67
67
67
67
67
68
70
71
71
72
72
72
72
72
72
73
73
73
73
73
74
74
74
77
79
82
82
82
84
86
88
88
89
90
90
91
91
92
92
92
93
93
94
94
94
96
96
97
97
97
98
98
98
98
98
98
98
99
100
100
100
100
100
101
101
101
101
103
103
103
103
104
104
105
106
106
107
109
111
111
112
113
114
114
114
114
115
115
115
116
118
119
119
120
121
121
122
122
122
122
123
123
123
123
124
124
124
125
125
127
127
127
129
129
130
130
132
132
132
132
133
133
133
133
133
133
133
133
134
134
134
134
134
134
135
135
135
136
136
136
136
137
137
138
138
138
138
139
139
140
141
141
141
143
144
145
145
147
147
148
148
149
150
151
152
154
155
157
158
160
161
162
163
164
165
166
166
168
168
169
170
170
171
172
173
173
174
174
176
176
183
185
186
186
191
192
193
193
194
195
196
196
201
201
201
202
202
204
205
207
209
209
213
213
213
214
215
217
217
218
218
218
219
220
220
221
224
224
225
226
231
232
232
234
235
236
239
239
241
242
244
245
247
247
248
249
249
249
249
250
253
253
257
257
257
257
258
258
258
258
258
258
258
259
259
259
259
260
263
267
267
268
268
270
271
271
271
274
275
275
276
276
281
286
288
300
301
301
302
305
306
308
322
323
324
341
342
342
350
353
354
356
357
358
359
359
360
360
363
364
365
365
366
369
370
370
371
371
372
373
373
375
376
376
377
377
378
379
382
383
384
384
384
385
385
386
389
394
394
396
400
400
401
402
404
406
409
409
409
409
411
411
411
411
411
411
411
412
412
412
412
412
415
417
420
420
422
422
423
424
429
430
431
435
435
436
436
436
436
436
437
438
438
445
446
448
459
459
460
462
468
475
477
479
479
480
480
481
482
483
485
485
486
487
487
487
488
489
491
491
491
494
494
496
496
498
498
501
501
502
502
503
505
505
505
505
505
506
506
506
506
509
510
512
512
512
513
514
514
514
514
515
515
515
516
516
517
517
518
519
519
519
521
521
522
523
525
527
527
528
528
529
532
533
535
536
536
539
539
540
542
544
544
547
547
549
549
550
551
551
551
552
552
552
555
560
562
562
563
563
563
563
563
563
563
563
563
563
563
564
564
564
564
564
564
564
565
567
568
571
574
574
574
582
584
585
585
585
586
586
587
591
591
592
593
593
594
599
604
604
605
605
605
614
614
615
618
619
619
619
620
620
621
622
624
624
627
632
634
639
641
657
657
658
658
658
659
659
659
660
660
664
666
668
669
692
710
797
809
841
845
846
847
850
876
891
893
898
898
898
898
899
899
900
900
900
900
900
900
901
901
901
901
901
901
901
901
901
902
902
902
902
903
903
903
903
903
903
903
904
904
904
904
904
904
904
904
905
905
905
905
905
906
906
906
906
907
907
908
909
909
910
910
910
911
914
915
917
920
923
923
928
928
931
932
933
936
937
938
939
939
943
947
949
951
956
957
957
961
963
965
966
968
969
969
969
970
970
971
971
975
978
980
980
982
983
984
985
986
986
987
988
993
995
995
997
998
1007
1019
1052
1054
1055
1055
1055
1056
1056
1056
1057
1057
1057
1057
1057
1059
1060
1066
1067
1074
1076
1076
1076
1078
1078
1080
1082
1084
1084
1086
1086
1087
1087
1088
1091
1093
1094
1095
1096
1096
1100
1101
1105
1110
1110
1112
1112
1114
1115
1116
1116
1117
1117
1118
1121
1124
1126
1127
1133
1153
1153
1154
1161
1188
1241
1241
1242
1341
1342
1342
1345
1348
1353
1360
1363
1365
1366
1367
1368
1370
1372
1373
1374
1375
1376
1377
1378
1379
1380
1381
1385
1385
1387
1391
1394
1396
1409
1409
1409
1409
1409
1409
1410
1414
1417
1417
1419
1420
1421
1424
1427
1427
1428
1428
1429
1429
1429
1430
1430
1431
1435
1435
1435
1436
1436
1436
1437
1437
1437
1439
1440
1440
1441
1442
1443
1446
1446
1446
1447
1448
1450
1450
1450
1452
1454
1454
1455
1457
1457
1458
1458
1459
1459
1459
1461
1461
1461
1463
1465
1466
1467
1469
1469
1469
1470
1471
1473
1474
1477
1478
1478
1479
1480
1480
1480
1480
1480
1480
1480
1480
1480
1481
1481
1481
1481
1484
1484
1485
1487
1490
1495
1495
1495
1496
1498
1498
1501
1501
1502
1506
1515
1516
1520
1523
1523
1533
1536
1536
1536
1536
1536
1537
1538
1538
1538
1540
1540
1540
1547
1548
1549
1552
1552
1553
1554
1554
1554
1558
1558
1559
1559
1559
1562
1570
1570
1572
1574
1575
1576
1579
1581
1583
1587
1591
1592
1593
1593
1593
1593
1593
1594
1594
1594
1595
1595
1596
1596
1596
1600
1600
1601
1601
1601
1604
1607
1608
1609
1610
1611
1614
1614
1615
1616
1616
1617
1619
1619
1619
1622
1623
1624
1624
1627
1629
1629
1633
1633
1634
1635
1635
1636
1636
1636
1637
1637
1639
1640
1640
1641
1641
1641
1642
1642
1643
1643
1643
1644
1644
1647
1648
1648
1649
1649
1649
1651
1653
1654
1655
1657
1660
1661
1662
1664
1668
1673
1675
1683
1686
1687
1687
1688
1690
1692
1699
1699
1708
1714
1715
1715
1715
1716
1716
1716
1718
1718
1719
1721
1726
1729
1733
1736
1739
1762
1762
1766
1771
1772
1783
1783
1783
1783
1783
1783
1783
1785
1786
1787
1787
1788
1789
1809
1810
1812
1826
1832
1848
1852
1856
1863
1865
1867
1868
1869
1872
1875
1888
1891
1893
1897
1906
1916
1926
1927
1929
1930
1959
1978
1982
2005
2025
2026
2036
2036
2037
2037
2037
2037
2037
2038
2038
2038
2038
2038
2038
2039
2039
2054
2056
2056
2056
2057
2057
2057
2057
2057
2060
2061
2061
2061
2061
2062
2062
2062
2062
2062
2063
2063
2063
2063
2063
2063
2064
2064
2064
2064
2064
2064
2065
2065
2065
2065
2065
2065
2065
2065
2065
2065
2066
2066
2066
2066
2067
2067
2075
2086
2087
2091
2099
2099
2102
2110
2114
2115
2142
2145
2148
2150
2165
2172
2172
2184
2188
2189
2189
2192
2201
2202
2204
2209
2210
2211
2214
2215
2216
2217
2219
2222
2223
2224
2225
2225
2226
2226
2226
2226
2226
2226
2227
2228
2229
2232
2234
2235
2235
2240
2246
2246
2246
2246
2246
2246
2246
2246
2246
2247
2247
2247
2257
2257
2257
2257
2257
2258
2270
2271
2283
2285
2288
2290
2291
2295
2320
2342
2342
2343
2344
2350
2352
2353
2358
2359
2361
2364
2365
2375
2376
2380
2397
2399
2406
2409
2409
2410
2415
2416
2443
2452
2461
2463
2464
2465
2465
2466
2468
2469
2470
2470
2471
2472
2487
2493
2493
2494
2503
2507
2537
2541
2558
2578
2580
2581
2581
2581
2585
2587
2590
2593
2593
2596
2597
2599
2599
2603
2604
2608
2611
2611
2611
2611
2612
2612
2612
2612
2612
2613
2613
2613
2613
2613
2613
2613
2613
2613
2613
2613
2613
2614
2614
2614
2614
2614
2614
2615
2615
2615
2616
2617
2623
2630
2631
2651
2651
2652
2658
2660
2660
2663
2666
2668
2671
2676
2676
2679
2693
2702
2703
2703
2705
2707
2709
2730
2730
2742
2745
2756
2779
2783
2792
2793
2888
2916
2925
2927
2928
2928
2930
2930
2934
2939
2945
2955
2966
2968
2970
2975
2976
2976
2981
2981
2981
2983
2983
2983
2986
2987
2987
2987
2988
2988
2993
2995
2997
2999
3000
3001
3004
3005
3006
3006
3006
3008
3015
3016
3018
3022
3025
3028
3030
3035
3035
3035
3041
3041
3045
3060
3071
3078
3085
3086
3088
3090
3092
3099
3099
3100
3100
3101
3102
3105
3107
3107
3108
3108
3109
3109
3110
3110
3110
3110
3111
3111
3112
3113
3116
3116
3117
3118
3120
3123
3127
3128
3128
3129
3130
3131
3135
3136
3139
3139
3140
3140
3142
3142
3144
3145
3145
3147
3150
3150
3153
3153
3154
3154
3155
3158
3159
3161
3161
3161
3162
3164
3165
3168
3170
3170
3173
3173
3173
3174
3174
3174
3174
3175
3175
3175
3175
3175
3176
3176
3176
3176
3176
3176
3178
3180
3180
3182
3188
3188
3190
3195
3197
3199
3203
3206
3212
3217
3217
3219
3221
3221
3223
3223
3223
3226
3227
3232
3232
3232
3232
3232
3232
3233
3233
3233
3238
3241
3244
3245
3254
3254
3261
3262
3265
3268
3269
3273
3277
3278
3280
3292
3293
3296
3297
3302
3302
3320
3322
3322
3322
3323
3323
3345
3345
3345
3349
3350
3350
3351
3352
3352
3352
3352
3353
3353
3353
3354
3354
3357
3358
3358
3358
3363
3383
3393
3397
3400
3402
3404
3407
3410
3413
3416
3416
3423
3423
3426
3426
3433
3436
3437
3509
3516
3519
3526
3526
3545
3561
3562
3567
3567
3583
3584
3584
3588
3589
3589
3589
3589
3589
3589
3598
3599
3609
3611
3612
3624
3634
3636
3637
3641
3648
3652
3659
3669
3674
3676
3680
3681
3682
3683
3685
3687
3696
3697
3705
3708
3869
3875
3876
3876
3881
3882
3882
3885
3887
3887
3895
3896
3903
3904
3916
3916
3918
3918
3924
3927
3934
3936
3936
3938
3944
3947
3947
3953
3955
3959
3963
3964
3967
3978
3982
3983
3996
3998
4004
4004
4010
4017
4021
4028
4032
4036
4044
4050
4050
4051
4052
4056
4059
4063
4076
4084
4084
4094
4100
4103
4109
4110
4145
4156
4160
4161
4162
4170
4172
4175
4294
4313
4315
4324
4346
4347
4356
4365
4366
4367
4371
4373
4373
4373
4389
4390
4390
4398
4400
4400
4403
4403
4403
4404
4404
4407
4412
4412
4430
4434
4448
4457
4465
4465
4490
4509
4516
4520
4526
4529
4532
4534
4535
4540
4542
4543
4544
4547
4547
4547
4548
4548
4548
4549
4550
4552
4553
4557
4559
4561
4561
4563
4564
4568
4569
4572
4579
4579
4579
4584
4586
4591
4592
4594
4594
4596
4609
4611
4627
4627
4628
4629
4629
4646
4648
4649
4652
4653
4659
4660
4661
4661
4666
4671
4672
4673
4676
4678
4678
4683
4683
4684
4685
4686
4690
4690
4692
4699
4707
4709
4709
4718
4731
4732
4738
4753
4756
4770
4790
4790
4806
4819
4830
4842
4844
4846
4847
4853
4864
4867
4879
4887
4894
4905
4921
4927
4929
4940
4942
4944
4944
4957
4958
4959
4976
5007
5009
5009
5022
5034
5040
5043
5048
5048
5049
5065
5066
5069
5072
5072
5072
5073
5092
5119
5127
5135
5172
5175
5185
5197
5198
5200
5208
5216
5216
5223
5224
5270
5346
5354
5357
5359
5359
5369
5370
5373
5376
5421
5452
5468
5495
5501
5532
5532
5551
5671
5686
5687
5744
5744
5744
5744
5774
5778
5819
5822
5823
5874
5919
5919
5921
5925
5926
5926
5929
5931
5933
5933
5938
5946
5951
5959
5959
5959
5963
5965
5968
5972
5974
5975
5978
5979
5981
6046
6053
6058
6071
6071
6082
6136
6149
6150
6150
6150
6169
6211
6228
6252
6257
6261
6261
6263
6272
6280
6283
6287
6289
6291
6292
6297
6306
6311
6316
6319
6320
6320
6321
6321
6332
6333
6335
6336
6338
6341
6346
6371
6387
6387
6396
6397
6399
6402
6421
6422
6423
6428
6428
6429
6430
6434
6436
6438
6439
6439
6442
6442
6443
6443
6448
6448
6449
6449
6450
6455
6455
6457
6460
6462
6463
6465
6470
6492
6492
6539
6800
6805
6806
6809
6812
6877
6883
6893
6893
6894
6894
6909
6916
6919
6919
6929
6929
6929
6930
6930
6941
6962
6968
6973
6977
6978
6981
6982
6996
6998
7013
7016
7018
7019
7041
7100
7107
7227
7231
7241
7242
7252
7265
7295
7321
7324
7324
7329
7330
7337
7338
7342
7343
7345
7345
7345
7348
7356
7358
7360
7361
7362
7362
7364
7364
7365
7367
7367
7368
7372
7373
7373
7373
7374
7394
7397
7399
7404
7407
7411
7412
7414
7418
7419
7428
7433
7460
7464
7483
7497
7501
7510
7511
7513
7522
7522
7527
7534
7535
7535
7536
7537
7541
7542
7550
7556
