0
1
2
3
3
3
3
4
4
4
6
6
6
6
7
7
7
7
7
8
8
8
8
10
10
10
11
11
11
11
11
11
11
12
12
12
13
13
13
13
13
13
13
14
14
14
14
14
14
14
14
14
15
15
15
16
16
16
16
16
17
17
17
17
18
18
18
18
19
19
19
19
19
20
20
20
20
21
21
21
21
21
21
21
22
22
22
22
22
22
22
22
22
22
22
22
22
22
23
23
23
23
23
23
23
23
23
24
24
24
24
24
24
24
25
25
25
25
25
25
25
25
25
25
25
26
26
27
27
27
27
28
28
29
29
29
29
29
30
30
30
30
30
30
30
30
30
30
30
30
30
31
31
31
31
31
31
31
31
31
31
32
32
32
32
32
32
32
32
32
32
32
32
32
33
33
33
33
33
33
33
33
33
33
33
33
34
34
34
34
34
34
34
34
34
34
34
34
34
34
35
35
35
35
35
35
35
36
36
36
36
36
36
36
37
37
37
37
37
38
38
38
39
39
39
39
39
40
40
40
40
40
40
40
40
40
41
41
41
41
41
41
42
42
42
42
42
42
42
43
43
43
43
43
43
43
43
43
43
43
43
43
43
44
44
44
44
44
44
44
44
44
44
44
44
44
44
44
44
45
45
45
45
45
46
46
46
46
46
46
46
47
47
47
47
47
48
48
48
49
49
49
49
50
50
50
51
51
52
52
52
52
52
52
52
53
53
53
53
54
54
54
54
55
55
55
55
55
56
56
56
57
57
58
58
58
58
58
59
59
59
59
60
60
61
61
61
61
61
61
61
62
62
62
62
62
62
63
63
63
63
63
64
64
64
64
64
64
65
65
65
65
65
65
65
65
66
67
67
68
68
69
69
69
70
70
71
72
72
72
72
73
73
73
73
73
73
73
74
74
75
75
75
76
76
76
76
77
77
77
77
77
77
77
78
78
79
79
79
79
80
80
81
81
81
81
82
82
82
82
83
84
84
84
84
84
84
85
85
85
86
86
86
87
87
87
87
87
87
87
87
87
87
88
88
88
88
88
88
89
89
89
89
89
89
89
89
89
90
90
90
90
90
90
90
90
91
91
91
91
91
91
91
91
91
91
91
91
92
92
92
92
92
92
92
92
92
92
93
93
93
93
93
94
94
94
94
94
94
95
96
96
96
97
98
98
98
98
99
99
100
100
101
101
101
101
101
101
101
101
101
101
101
101
101
102
102
102
102
102
102
102
103
103
103
103
103
104
104
105
105
105
105
105
106
106
106
106
106
106
106
107
107
107
107
107
107
107
107
107
108
108
108
108
108
108
108
108
108
108
109
109
110
110
110
110
111
111
111
111
111
112
112
112
112
113
113
113
113
113
113
113
113
114
114
114
114
114
114
114
114
114
114
115
115
115
115
116
116
116
116
117
117
118
118
118
118
119
119
120
120
120
120
120
120
120
120
120
120
120
121
121
121
121
121
122
122
122
124
124
124
125
125
125
126
126
126
126
126
127
127
127
127
127
128
128
128
128
128
128
128
128
128
128
129
129
129
129
129
129
129
129
129
129
130
130
130
130
130
130
130
131
131
131
132
132
132
133
133
133
133
134
134
134
134
134
134
135
135
135
135
135
136
137
137
137
137
139
139
139
139
139
139
140
140
140
140
140
141
141
141
141
142
142
142
142
142
143
143
143
143
143
143
143
144
144
144
144
144
144
144
145
145
145
145
145
145
146
146
146
147
147
147
147
147
147
147
147
147
148
148
148
148
148
148
148
148
148
148
149
149
149
149
149
149
149
149
149
149
149
149
149
149
149
150
150
150
151
151
151
152
152
152
152
153
153
154
154
155
155
155
155
155
155
155
155
155
155
155
155
155
155
156
156
156
156
156
156
156
156
156
156
156
157
157
157
157
157
157
158
158
158
158
158
158
158
158
158
158
158
158
158
158
158
159
159
159
160
160
161
161
161
162
162
162
163
163
163
163
163
164
164
164
164
165
166
166
166
166
167
167
167
167
167
168
168
168
169
169
169
169
169
169
169
170
170
170
170
170
171
171
171
171
171
171
171
172
172
172
172
173
173
174
175
175
176
176
176
177
177
178
178
178
178
178
178
179
179
179
179
179
179
180
180
180
180
180
180
181
182
183
183
183
183
183
184
184
184
184
184
184
184
185
185
185
185
185
185
185
185
186
186
186
186
186
186
187
188
189
189
189
189
189
190
191
191
192
192
192
192
192
192
192
192
192
193
193
193
193
193
193
193
193
193
193
193
193
194
194
194
194
194
194
194
195
196
196
196
197
197
197
197
197
197
197
198
198
198
198
198
199
199
199
199
199
199
199
199
199
199
199
200
200
200
200
200
200
200
200
201
201
201
201
201
201
201
202
202
202
202
202
202
202
202
202
203
203
203
203
203
204
204
204
204
205
205
205
205
205
205
206
206
206
206
207
207
207
208
208
208
208
209
209
210
210
210
211
211
211
212
212
212
213
213
213
214
214
214
215
215
215
216
216
216
216
216
217
217
217
217
217
218
218
218
218
220
220
222
222
223
223
224
224
224
224
225
226
227
227
227
228
230
230
231
232
234
235
235
237
238
239
240
242
246
248
248
248
248
249
249
249
249
249
249
250
251
254
254
255
256
257
257
258
258
259
259
259
260
261
261
264
267
267
268
268
269
269
270
271
271
271
271
272
272
272
272
273
273
274
274
275
275
275
275
276
276
276
277
277
278
279
281
281
282
282
282
283
283
283
283
285
286
286
286
286
287
287
287
289
289
289
290
290
291
291
292
293
293
294
294
295
295
295
296
296
297
297
298
298
299
300
301
301
301
302
304
305
305
305
306
306
309
309
310
312
312
313
313
313
314
314
314
315
315
315
316
316
317
317
321
322
323
324
325
325
325
325
325
325
326
327
328
328
332
333
333
334
335
335
336
337
337
341
341
341
343
343
343
343
344
344
344
344
344
344
344
344
344
344
344
345
345
345
345
345
346
346
346
346
346
346
346
347
347
347
347
348
348
348
348
348
348
349
350
350
351
351
351
353
353
353
354
354
354
355
355
356
356
356
357
358
358
359
362
362
363
364
365
365
366
366
366
366
367
368
368
369
370
371
371
372
374
374
375
376
377
380
381
383
383
384
386
388
389
389
391
391
392
394
395
398
401
404
405
408
408
411
412
413
414
414
416
417
418
419
419
419
420
421
421
422
422
423
424
424
425
427
428
430
433
436
436
440
443
445
449
453
456
456
456
457
457
457
457
457
458
458
459
459
459
463
465
465
471
472
472
472
472
473
473
473
474
475
475
476
476
477
479
479
480
480
480
481
481
482
482
485
485
486
487
488
488
491
492
493
493
494
494
495
495
495
496
499
499
503
503
503
504
504
504
505
505
505
506
507
507
510
510
510
511
512
512
513
513
515
515
517
518
521
522
523
523
524
525
526
527
527
527
528
530
532
533
542
543
543
544
544
545
546
547
548
548
548
549
554
554
554
555
556
557
557
560
562
563
563
563
564
564
569
570
572
573
581
584
587
590
596
598
598
599
600
601
602
603
604
605
605
606
606
606
610
610
615
622
627
630
633
655
655
656
657
660
664
665
665
666
668
669
669
669
672
673
673
677
680
682
688
690
692
693
700
707
707
707
707
708
708
709
709
710
714
715
717
718
724
735
739
753
766
771
771
771
773
774
774
774
777
778
779
779
785
788
788
788
788
788
788
789
791
792
793
793
796
796
797
798
799
800
801
809
811
811
811
812
812
812
824
833
833
833
836
842
848
859
877
886
888
889
905
917
924
924
926
927
928
934
942
942
947
950
956
958
968
971
973
976
977
982
986
1005
1034
1036
1040
1041
1041
1045
1048
1048
1048
1049
1059
1060
1075
1076
1077
1078
1081
1083
1086
1089
1094
1095
1098
1100
1106
1115
1123
1133
1133
1133
1134
1135
1136
1137
1137
1140
1145
1156
1157
1163
1165
1168
1168
1170
1170
1171
1172
1183
1193
1197
1201
1201
1207
1207
1208
1214
1215
1216
1217
1218
1219
1227
1229
1229
1229
1229
1229
1229
1230
1230
1230
1230
1231
1239
1240
1240
1240
1258
1259
1259
1259
1260
1261
1264
1270
1277
1299
1299
1300
1304
1311
1316
1323
1332
1335
1347
1347
1347
1347
1355
1376
1379
1381
1386
1386
1387
1391
1392
1394
1404
1409
1415
1418
1420
1421
1423
1425
1425
1426
1427
1428
1428
1432
1433
1434
1434
1436
1436
1436
1436
1440
1441
1441
1441
1441
1442
1442
1443
1443
1443
1444
1444
1445
1445
1446
1446
1447
1448
1448
1449
1449
1451
1453
1453
1457
1458
1458
1458
1458
1459
1459
1459
1459
1460
1460
1460
1461
1461
1462
1463
1464
1465
1466
1467
1467
1467
1468
1472
1473
1474
1479
1479
1481
1483
1484
1486
1488
1489
1496
1497
1499
1502
1514
1515
1516
1517
1517
1521
1521
1521
1521
1521
1522
1522
1522
1522
1522
1523
1523
1523
1523
1524
1524
1524
1526
1527
1528
1529
1529
1530
1530
1531
1531
1531
1531
1532
1532
1532
1532
1532
1532
1533
1534
1536
1538
1539
1540
1541
1541
1542
1542
1542
1542
1542
1544
1545
1547
1548
1548
1548
1548
1549
1549
1550
1551
1552
1552
1553
1554
1554
1554
1556
1556
1558
1558
1558
1559
1559
1560
1562
1562
1563
1563
1564
1564
1565
1566
1566
1567
1568
1569
1577
1579
1580
1581
1582
1582
1584
1585
1585
1586
1587
1589
1589
1590
1592
1593
1595
1596
1597
1601
1602
1602
1602
1605
1605
1605
1605
1605
1605
1606
1606
1607
1607
1607
1608
1608
1609
1609
1610
1610
1611
1613
1613
1613
1613
1616
1616
1616
1618
1618
1619
1620
1620
1621
1631
1631
1634
1635
1635
1637
1638
1638
1639
1641
1642
1648
1659
1660
1660
1660
1664
1701
1706
1721
1725
1726
1726
1728
1728
1730
1730
1730
1734
1735
1738
1739
1741
1742
1747
1756
1758
1761
1772
1798
1799
1816
1829
1837
1837
1837
1838
1838
1838
1838
1839
1839
1839
1840
1840
1840
1841
1843
1843
1844
1844
1844
1844
1854
1856
1856
1860
1870
1875
1877
1877
1877
1877
1877
1877
1878
1878
1878
1878
1878
1878
1878
1878
1878
1879
1891
1891
1913
1913
1913
1914
1914
1916
1919
1927
1934
1938
1944
1947
1954
1964
1982
1988
1990
1991
1992
1992
1995
2002
2003
2004
2007
2007
2009
2009
2014
2019
2027
2036
2054
2064
2066
2068
2070
2074
2074
2081
2097
2098
2123
2125
2126
2146
2149
2185
2196
2204
2212
2227
2227
2230
2243
2243
2244
2248
2251
2260
2274
2282
2288
2303
2316
2327
2331
2341
2372
2373
2374
2374
2376
2379
2388
2391
2391
2391
2398
2399
2399
2399
2399
2399
2399
2399
2399
2400
2442
2442
2442
2442
2442
2442
2442
2442
2443
2443
2443
2452
2522
2531
2532
2544
2544
2553
2564
2565
2567
2572
2595
2598
2599
2619
2621
2621
2624
2643
2653
2662
2667
2668
2679
2684
2707
2754
2757
2765
2776
2780
2796
2832
2858
2872
2879
2889
2893
2906
2907
2914
2939
2966
2968
2981
2982
2983
2983
2983
2985
2986
2988
2997
3004
3009
3010
3013
3019
3020
3021
3027
3029
3029
3033
3042
3045
3047
3047
3047
3050
3052
3055
3056
3057
3059
3064
3066
3067
3067
3072
3073
3077
3078
3089
3097
3097
3097
3109
3114
3117
3117
3120
3121
3122
3123
3124
3135
3138
3147
3156
3173
3177
3179
3179
3181
3186
3187
3189
3197
3213
3217
3221
3225
3228
3236
3240
3241
3292
3295
3302
3305
3311
3402
3410
3422
3469
3551
3553
3571
3571
3601
3605
3607
3611
3619
3708
3719
3763
3871
3873
3923
3926
3931
3945
3974
3980
3983
