0
1
1
2
3
3
4
4
5
5
6
6
6
6
7
8
8
9
9
9
9
10
10
10
10
10
10
10
11
11
11
11
11
11
12
12
12
12
13
14
14
14
15
15
15
16
16
16
16
17
17
17
18
18
18
18
18
18
19
19
19
19
19
19
19
19
19
20
20
20
20
20
21
21
21
21
21
21
21
21
21
21
21
21
21
21
21
21
21
21
22
22
22
22
22
23
24
24
24
24
24
25
25
25
26
26
26
26
26
27
27
27
27
27
27
27
27
27
28
28
28
28
28
28
29
29
29
29
29
29
29
29
30
30
30
30
30
30
31
31
32
32
32
32
32
32
34
34
34
34
34
35
35
35
36
36
36
37
37
37
38
38
38
38
38
38
38
39
39
39
39
39
39
39
39
39
39
39
39
39
39
40
40
40
40
40
40
40
40
40
40
41
41
41
42
42
42
43
43
43
44
44
44
45
45
45
46
46
47
48
48
48
49
49
49
50
50
50
50
51
51
52
52
53
55
55
55
56
57
57
57
58
58
58
58
59
59
59
59
60
60
62
63
63
64
64
64
64
64
65
65
65
66
67
67
67
68
69
69
70
72
72
72
72
72
73
73
74
75
75
75
75
76
76
76
76
76
76
76
77
77
77
77
78
78
78
78
79
79
80
80
80
81
81
81
81
82
82
83
83
83
83
83
84
85
86
87
87
87
87
88
88
88
89
89
89
90
91
92
92
93
93
94
95
95
98
98
98
99
100
100
101
103
103
103
106
106
106
107
107
107
109
109
110
111
111
113
114
115
115
115
116
116
117
117
118
118
118
119
119
119
119
120
120
120
121
121
122
123
123
123
123
124
124
126
127
128
128
129
130
131
131
132
132
133
133
133
133
133
134
134
136
137
138
139
139
139
140
141
141
142
142
142
142
142
142
142
143
143
143
143
143
143
143
143
143
143
143
143
144
144
144
144
144
145
145
145
145
146
146
146
146
146
147
147
149
152
152
152
152
153
153
154
154
155
155
155
156
156
156
156
157
157
158
158
159
160
160
161
161
161
161
161
161
162
162
162
162
162
162
163
163
163
163
163
163
163
164
164
164
164
164
164
165
166
166
166
166
167
167
168
168
168
170
170
171
171
172
172
173
173
173
174
174
175
175
176
176
176
177
178
178
179
179
179
179
179
180
180
180
182
182
182
182
182
183
183
183
183
184
184
185
185
186
186
187
187
188
188
188
188
188
189
189
189
189
189
189
190
190
190
190
190
190
192
192
192
193
193
194
195
195
195
196
196
197
197
197
198
198
198
198
199
199
199
200
200
201
201
201
201
201
202
202
203
204
204
204
204
205
205
206
207
207
208
208
208
208
209
210
210
211
211
211
211
211
211
211
212
212
212
213
213
213
214
214
214
214
214
214
214
214
214
215
215
215
216
216
216
216
217
217
218
219
220
220
220
220
220
221
222
222
223
223
223
224
224
225
225
226
226
226
227
227
227
228
228
229
232
232
232
232
232
233
235
235
236
236
237
237
238
239
239
239
240
243
244
245
246
247
248
249
249
249
250
250
251
252
252
253
253
255
255
255
255
256
256
256
256
256
256
256
256
256
256
256
257
257
257
257
257
257
257
257
257
257
258
259
259
260
260
260
260
260
261
261
261
262
262
262
262
262
264
264
264
265
265
266
266
266
267
267
267
267
267
268
269
271
273
273
277
277
277
277
277
277
277
278
278
278
278
278
278
278
278
278
278
278
279
279
279
279
279
279
280
280
280
280
280
282
283
284
284
284
285
285
286
286
287
290
290
291
291
292
292
292
293
295
295
300
300
300
301
301
302
304
304
304
304
305
306
306
308
308
308
308
308
310
311
312
312
312
313
313
314
315
316
319
320
320
322
322
322
323
323
324
324
324
324
325
325
326
326
326
327
328
329
329
330
330
330
330
330
330
331
331
331
331
331
331
331
332
332
332
334
335
336
336
339
339
339
339
339
339
340
340
340
340
340
340
341
341
341
342
342
342
343
344
344
345
346
346
346
346
346
346
346
346
346
346
347
347
347
347
347
348
348
350
350
350
351
352
353
353
353
354
354
354
354
354
354
354
354
354
355
355
355
355
355
355
355
355
355
355
356
356
357
357
357
358
358
358
358
359
359
360
360
361
361
361
361
361
361
361
361
362
364
364
365
365
365
366
367
367
367
367
367
368
368
368
369
369
369
371
372
373
374
374
376
376
376
376
377
377
377
377
377
378
378
378
378
378
378
378
378
378
378
378
379
379
380
384
385
385
386
387
388
389
390
392
392
393
394
398
400
401
401
401
405
405
406
407
407
407
407
407
408
408
408
408
409
409
410
410
410
410
411
411
411
411
411
411
411
411
411
411
412
412
412
413
413
413
414
414
414
414
415
415
415
415
416
416
417
417
418
419
419
419
420
423
424
424
425
427
430
431
431
431
434
438
439
439
440
440
440
441
444
445
446
446
447
449
451
452
452
453
458
458
460
460
461
463
463
464
464
467
470
470
472
472
472
474
474
475
475
476
477
478
478
478
479
479
480
480
480
480
480
480
480
481
481
481
483
484
486
487
487
488
488
488
489
489
489
490
490
491
491
492
493
494
495
495
496
496
498
501
501
502
506
506
508
509
509
513
514
514
514
515
515
515
515
515
516
517
517
518
518
520
521
525
528
529
529
530
530
530
531
531
532
535
535
536
537
538
538
538
538
539
540
541
542
545
545
547
550
550
550
550
551
553
554
555
557
557
557
557
557
558
559
560
561
565
567
568
568
568
569
574
575
576
576
577
578
580
583
586
594
595
596
596
596
597
597
598
600
601
601
602
603
603
604
607
607
608
609
611
612
613
614
615
615
616
616
618
618
619
620
620
623
624
624
625
627
627
628
631
632
632
634
635
637
637
639
639
642
642
644
645
646
646
646
646
647
648
649
651
652
652
653
653
654
655
655
656
656
658
659
659
662
662
663
666
667
669
671
672
674
674
674
676
677
678
679
679
684
688
690
691
693
695
695
695
695
696
696
696
696
696
697
703
703
705
706
710
710
710
711
711
711
712
712
712
716
716
716
717
727
727
729
733
734
734
734
734
734
734
734
734
734
734
734
734
737
738
739
739
739
743
743
744
747
756
769
770
771
773
777
779
780
780
784
792
792
794
806
807
808
812
817
821
822
828
830
832
833
850
862
866
869
870
871
874
875
880
880
881
881
881
883
885
888
889
889
889
889
890
890
891
891
891
891
891
893
893
894
895
895
897
898
902
903
906
906
930
931
934
942
943
944
944
945
945
951
956
960
961
963
964
964
968
968
974
998
1002
1008
1013
1050
1050
1050
1050
1051
1051
1052
1052
1052
1052
1052
1052
1053
1053
1053
1053
1053
1053
1053
1054
1054
1054
1054
1054
1055
1056
1057
1061
1073
1080
1081
1094
1096
1096
1102
1103
1104
1105
1109
1109
1109
1109
1109
1109
1109
1110
1111
1112
1112
1112
1113
1114
1116
1120
1132
1145
1152
1152
1153
1154
1156
1163
1164
1165
1165
1165
1165
1165
1171
1171
1172
1176
1176
1180
1180
1186
1195
1202
1210
1219
1220
1220
1228
1243
1249
1253
1254
1255
1256
1263
1265
1265
1269
1276
1278
1286
1287
1287
1288
1289
1295
1318
1318
1322
1322
1323
1323
1325
1329
1337
1348
1354
1354
1357
1358
1360
1364
1368
1371
1378
1381
1382
1384
1384
1391
1391
1393
1398
1398
1408
1414
1419
1419
1420
1430
1433
1435
1436
1439
1439
1442
1443
1444
1449
1450
1450
1450
1451
1451
1452
1452
1453
1453
1453
1455
1456
1456
1457
1457
1457
1457
1457
1458
1458
1458
1458
1458
1459
1459
1459
1459
1459
1459
1461
1461
1462
1462
1463
1464
1464
1465
1469
1473
1473
1475
1475
1476
1476
1477
1478
1480
1483
1484
1485
1485
1486
1486
1486
1486
1487
1487
1487
1487
1487
1490
1490
1490
1491
1492
1493
1494
1495
1496
1496
1497
1498
1498
1498
1499
1501
1502
1503
1504
1508
1509
1509
1510
1514
1519
1520
1525
1525
1525
1525
1526
1527
1528
1535
1537
1541
1546
1547
1550
1555
1558
1558
1560
1561
1566
1568
1573
1573
1574
1577
1579
1583
1585
1590
1590
1590
1591
1593
1596
1596
1596
1596
1603
1603
1604
1605
1607
1609
1610
1612
1614
1614
1616
1620
1620
1621
1624
1624
1629
1629
1630
1632
1632
1634
1635
1637
1638
1638
1644
1646
1646
1649
1650
1652
1655
1657
1658
1664
1665
1666
1670
1673
1675
1676
1676
1678
1679
1681
1682
1685
1686
1686
1687
1687
1688
1688
1689
1690
1690
1692
1694
1695
1695
1696
1696
1697
1697
1701
1703
1708
1709
1709
1712
1712
1713
1725
1726
1726
1726
1726
1726
1727
1727
1727
1728
1732
1734
1734
1734
1736
1738
1740
1740
1742
1745
1746
1746
1746
1746
1747
1747
1748
1748
1749
1750
1750
1750
1750
1752
1753
1753
1755
1756
1759
1760
1765
1766
1767
1768
1769
1769
1771
1771
1772
1773
1775
1780
1780
1783
1785
1794
1804
1813
1814
1815
1848
1862
1876
1877
1878
1880
1883
1886
1907
1908
1908
1914
1914
1914
1915
1915
1924
1927
1928
1950
1951
1958
1988
1993
1995
1997
1997
1997
1998
1998
2001
2004
2006
2009
2009
2013
2013
2016
2017
2021
2044
2066
2068
2068
2069
2078
2079
2080
2090
2091
2102
2106
2106
2106
2107
2107
2107
2108
2113
2156
2168
2176
2189
2189
2190
2191
2191
2192
2192
2192
2193
2193
2193
2194
2194
2199
2205
2205
2205
2205
2210
2212
2227
2239
2254
2255
2259
2269
2290
2291
2304
2306
2368
2370
2371
2371
2371
2371
2372
2372
2372
2373
2377
2380
2380
2380
2380
2380
2384
2386
2387
2394
2395
2400
2407
2437
2440
2458
2464
2464
2468
2493
2494
2496
2496
2497
2497
2497
2497
2497
2497
2497
2497
2497
2498
2498
2498
2498
2498
2498
2498
2498
2499
2499
2505
2505
2505
2506
2506
2506
2506
2506
2506
2506
2506
2507
2508
2511
2514
2522
2523
2523
2525
2532
2532
2534
2536
2543
2547
2554
2555
2559
2564
2567
2568
2575
2575
2590
2603
2606
2606
2607
2617
2619
2620
2621
2625
2631
2632
2677
2685
2721
2748
2759
2759
2760
2763
2768
2774
2809
2848
2876
2876
2889
2893
2942
2964
3000
3007
3013
3013
3034
3053
3055
3069
3072
3075
3089
3107
3110
3113
3114
3158
3165
3173
3177
3177
3187
3190
3194
3199
3199
3200
3200
3202
3204
3207
3209
3216
3217
3217
3218
3218
3220
3220
3220
3220
3220
3222
3233
3235
3237
3246
3247
3256
3260
3262
3262
3262
3263
3264
3264
3266
3266
3267
3269
3270
3273
3273
3274
3274
3274
3278
3281
3284
3285
3285
3286
3287
3287
3289
3289
3289
3292
3292
3293
3295
3300
3301
3301
3304
3305
3306
3314
3314
3314
3315
3315
3315
3318
3320
3323
3323
3327
3341
3341
3342
3357
3358
3366
3369
3372
3372
3373
3375
3379
3381
3389
3393
3394
3406
3407
3407
3411
3417
3418
3419
3421
3422
3423
3441
3443
3449
3460
3460
3461
3461
3483
3484
3485
3485
3487
3488
3489
3490
3504
3514
3517
3521
3523
3568
3576
3579
3607
3608
3649
3650
3652
3664
3679
3679
3682
3682
3682
3684
3685
3687
3689
3690
3694
3694
3697
3699
3701
3710
3831
3896
3901
3914
3914
3926
3944
3959
3980
3981
3982
3994
4011
4046
4055
4088
4096
4098
4148
4149
4150
4175
4190
4190
4193
4228
4229
4230
4319
4330
4429
4460
4460
4471
4485
4591
4595
4607
4614
4615
4684
4725
4736
4746
4759
4771
4776
4776
4776
4777
4777
4777
4779
4783
4784
4785
4789
4791
4791
4792
4793
4796
4797
4808
4814
4818
4818
4818
4823
4823
4833
4834
4834
4835
4836
4843
4869
4869
4876
4876
4878
4878
4878
4879
4880
4881
4882
4888
4888
4889
4895
4896
4899
4904
4991
4996
5027
5049
5270
5326
5328
5450
5465
5538
5654
5657
5742
5760
5761
5768
5776
5849
5853
5859
5859
5913
6071
6089
