0
0
1
2
2
2
3
3
4
6
6
7
7
7
7
7
8
8
8
9
9
9
9
9
9
9
10
11
11
11
12
12
12
13
13
13
13
14
14
16
16
16
17
17
17
18
19
19
20
20
20
20
21
21
21
21
22
22
22
22
22
22
22
22
22
23
23
23
23
23
23
23
23
23
23
23
23
23
24
24
24
24
24
24
24
24
24
24
24
24
24
24
24
24
24
25
25
25
25
25
25
25
25
25
26
26
26
26
26
26
26
26
26
27
27
27
27
27
27
27
27
27
28
28
28
28
28
28
28
28
28
29
29
29
29
29
29
29
29
29
30
30
30
30
30
30
30
30
30
31
31
31
31
31
31
31
31
31
31
31
31
31
32
32
32
32
32
32
32
32
32
32
33
33
33
33
33
34
34
34
34
34
35
36
36
36
36
36
36
36
36
36
37
37
37
37
37
37
37
37
37
37
37
37
37
38
38
38
38
38
38
38
38
38
38
38
39
39
39
39
39
39
39
39
39
40
40
40
40
40
40
41
41
41
42
42
42
42
43
43
44
44
44
44
44
45
45
45
45
45
46
46
47
47
47
48
48
48
48
49
49
49
49
49
49
50
50
52
52
52
53
53
53
53
53
55
55
55
56
56
56
56
56
56
57
57
57
58
58
58
58
58
58
59
59
59
59
59
59
59
59
60
60
61
61
61
62
62
62
62
63
63
63
63
64
64
64
64
64
65
65
66
66
66
66
66
66
66
66
66
67
67
67
67
67
67
67
67
67
68
68
68
68
68
68
68
69
69
69
70
70
71
71
71
71
71
71
72
72
72
72
74
74
74
74
74
74
74
74
75
75
75
75
76
76
76
76
77
77
77
77
78
79
79
79
80
80
80
81
81
81
81
81
82
82
82
82
82
82
82
82
82
83
83
83
83
85
85
85
85
85
85
85
85
86
86
86
86
86
86
86
87
88
89
89
89
90
90
90
91
91
91
91
91
91
91
91
91
91
92
92
92
93
93
93
94
94
94
94
94
94
95
95
96
97
97
97
97
98
98
98
98
98
98
98
99
99
99
99
99
99
99
99
99
100
100
100
100
100
100
100
100
100
100
100
100
100
100
101
101
101
101
101
101
101
101
101
101
101
101
101
101
102
102
102
102
102
102
102
102
102
103
103
103
103
103
103
103
103
103
103
103
104
104
104
104
104
104
104
104
104
105
105
105
105
105
106
106
106
107
107
107
107
108
108
109
110
110
111
111
112
112
112
113
113
113
113
114
114
114
115
115
115
115
115
115
116
116
116
116
116
116
116
116
117
117
117
117
117
117
117
117
117
117
118
118
118
118
118
118
118
118
118
118
119
119
119
119
119
119
119
119
119
119
119
119
120
120
120
120
120
121
122
122
122
122
122
123
123
123
123
124
124
124
124
124
124
124
125
125
125
125
125
125
126
126
126
127
127
127
128
128
128
129
129
129
129
129
129
130
131
131
131
132
132
133
133
134
135
135
135
135
135
135
136
137
137
137
137
137
137
138
138
138
139
139
140
140
140
140
140
140
141
141
141
141
141
142
142
143
143
143
143
144
144
144
144
145
145
145
145
146
146
146
147
147
148
148
149
149
149
150
150
150
150
150
150
151
151
151
152
153
153
153
153
153
153
153
153
154
154
154
154
154
155
156
156
157
157
158
158
158
159
159
160
162
162
162
162
162
163
163
163
163
164
164
164
165
165
165
165
166
166
166
167
167
167
167
167
169
169
169
170
170
170
171
171
171
172
172
172
172
172
173
173
173
173
174
174
174
174
174
174
174
174
174
174
174
175
175
175
175
175
175
175
175
175
175
175
176
176
176
177
177
177
177
177
178
179
180
180
181
181
181
181
181
182
182
182
182
183
183
183
183
183
184
184
184
184
184
184
184
184
184
184
185
185
185
185
185
185
185
185
186
186
186
186
186
186
187
187
188
188
188
189
189
189
189
189
189
190
190
190
191
191
191
192
192
192
192
192
192
192
192
192
192
192
193
193
193
193
193
193
193
194
194
194
194
194
194
194
194
195
195
195
196
197
197
197
197
197
197
198
199
199
199
199
200
200
200
200
200
201
201
202
202
202
202
202
203
203
203
203
204
205
205
205
205
206
206
206
206
207
207
207
207
207
207
207
208
208
208
209
209
209
209
210
210
210
210
210
211
211
211
211
211
211
211
212
212
212
212
212
212
213
214
215
216
216
216
217
217
217
217
218
218
219
219
219
219
219
220
220
220
220
221
221
221
222
222
222
223
223
224
224
224
225
225
225
226
226
226
226
227
227
227
227
228
228
228
229
230
231
231
232
232
232
233
233
233
233
234
235
235
235
236
236
237
238
238
238
239
239
239
240
241
241
242
243
243
243
244
247
247
248
248
248
249
250
251
251
252
253
253
253
253
253
254
255
256
259
259
260
261
261
262
262
263
263
264
264
265
266
266
266
266
266
266
267
267
267
267
268
268
269
269
271
272
272
272
272
276
276
276
276
277
278
279
279
280
280
280
280
286
287
287
288
288
288
288
288
289
289
289
289
289
289
290
290
291
292
293
293
301
304
304
305
308
311
312
312
313
315
316
316
317
318
319
320
322
323
326
328
328
329
330
331
333
333
333
335
338
338
339
339
349
349
352
355
356
356
357
361
364
365
368
378
382
383
384
386
388
389
391
393
393
393
393
393
394
394
394
394
394
394
396
398
406
409
413
413
413
423
434
436
438
441
444
446
449
451
458
459
466
470
473
474
474
481
482
482
486
493
498
505
533
549
550
551
556
557
557
559
561
561
565
568
574
598
599
599
600
601
601
602
606
606
606
606
607
607
616
626
626
628
629
630
633
647
647
650
652
654
654
665
674
674
674
677
689
696
700
702
707
713
758
759
763
764
770
773
774
777
783
790
791
794
796
797
798
804
804
807
807
807
808
808
809
809
810
810
810
810
811
812
812
815
816
818
819
821
822
822
824
824
829
829
830
831
831
833
835
836
838
839
840
843
843
843
844
849
853
853
853
854
854
855
855
857
859
860
860
862
863
864
864
864
867
868
868
868
868
868
868
869
869
869
870
870
870
871
871
871
871
871
871
876
877
880
882
885
893
893
895
895
896
911
914
921
922
922
922
925
925
928
937
944
947
947
949
951
953
958
958
961
961
964
967
967
968
969
971
972
973
974
975
976
976
978
978
979
981
983
983
984
992
1000
1001
1001
1001
1001
1001
1001
1001
1002
1002
1002
1002
1002
1002
1002
1002
1002
1002
1002
1003
1003
1003
1003
1003
1003
1003
1003
1003
1003
1003
1003
1004
1004
1004
1004
1004
1005
1010
1011
1012
1013
1016
1017
1017
1018
1018
1020
1021
1021
1022
1022
1022
1023
1023
1024
1031
1031
1034
1037
1038
1038
1039
1040
1042
1042
1045
1047
1050
1051
1053
1056
1059
1060
1063
1063
1063
1064
1065
1065
1067
1067
1068
1068
1069
1072
1082
1087
1088
1088
1089
1089
1092
1093
1096
1096
1096
1104
1105
1105
1105
1105
1106
1172
1176
1177
1178
1178
1179
1183
1183
1186
1189
1198
1214
1215
1221
1224
1224
1225
1225
1225
1225
1225
1225
1225
1225
1226
1227
1227
1229
1230
1250
1252
1258
1259
1295
1339
1340
1340
1341
1341
1341
1341
1342
1342
1342
1342
1342
1348
1351
1359
1360
1361
1363
1363
1364
1365
1365
1366
1368
1377
1378
1388
1397
1397
1417
1419
1419
1419
1419
1424
1424
1425
1425
1425
1427
1428
1428
1429
1430
1430
1431
1431
1431
1431
1431
1431
1431
1432
1432
1432
1432
1433
1433
1434
1435
1436
1436
1436
1440
1440
1441
1441
1442
1443
1445
1446
1446
1447
1447
1448
1448
1449
1449
1450
1450
1450
1451
1451
1451
1452
1453
1453
1455
1455
1455
1455
1455
1455
1455
1455
1455
1455
1455
1455
1456
1456
1456
1456
1456
1456
1456
1456
1456
1456
1456
1456
1456
1456
1457
1457
1457
1457
1457
1457
1457
1457
1457
1458
1458
1458
1458
1459
1459
1459
1459
1459
1460
1460
1460
1460
1460
1461
1461
1461
1462
1463
1463
1464
1464
1464
1464
1464
1465
1465
1465
1466
1466
1467
1467
1468
1469
1469
1470
1470
1471
1472
1472
1472
1473
1473
1473
1474
1474
1475
1475
1475
1475
1476
1476
1476
1477
1477
1477
1478
1479
1479
1479
1480
1480
1480
1481
1481
1482
1482
1482
1483
1483
1483
1483
1483
1484
1484
1484
1484
1485
1486
1486
1487
1487
1487
1487
1487
1488
1488
1489
1490
1490
1490
1490
1491
1491
1492
1494
1495
1496
1498
1498
1498
1498
1499
1500
1501
1502
1502
1502
1504
1505
1505
1506
1506
1507
1507
1508
1508
1509
1510
1511
1512
1512
1513
1513
1513
1515
1516
1519
1519
1520
1520
1521
1528
1528
1528
1528
1529
1529
1529
1529
1529
1529
1529
1530
1530
1531
1532
1532
1533
1537
1537
1538
1539
1539
1540
1541
1541
1543
1543
1543
1545
1545
1546
1549
1550
1551
1553
1554
1558
1559
1562
1564
1568
1569
1569
1571
1571
1578
1581
1583
1588
1593
1594
1597
1597
1597
1599
1601
1607
1607
1610
1610
1612
1612
1613
1617
1617
1619
1620
1621
1621
1622
1623
1623
1624
1626
1626
1627
1627
1628
1629
1629
1630
1630
1630
1631
1631
1635
1636
1636
1637
1637
1638
1639
1639
1640
1641
1642
1643
1643
1643
1643
1644
1645
1646
1646
1647
1648
1648
1648
1648
1648
1649
1649
1651
1652
1652
1652
1653
1653
1654
1654
1655
1655
1656
1657
1657
1658
1658
1658
1658
1660
1661
1661
1662
1664
1664
1665
1665
1665
1666
1666
1667
1667
1668
1669
1671
1671
1672
1673
1673
1674
1675
1678
1678
1678
1678
1681
1682
1683
1684
1684
1684
1684
1686
1687
1688
1690
1690
1693
1694
1694
1694
1694
1695
1697
1697
1697
1698
1698
1699
1700
1704
1704
1705
1705
1705
1706
1706
1707
1710
1711
1712
1713
1713
1714
1714
1714
1715
1715
1715
1717
1719
1719
1721
1724
1724
1724
1725
1725
1728
1728
1734
1735
1735
1735
1737
1737
1738
1739
1740
1741
1747
1752
1754
1755
1755
1756
1757
1757
1763
1767
1768
1768
1773
1773
1776
1776
1779
1781
1781
1781
1785
1787
1790
1792
1795
1798
1805
1806
1812
1812
1813
1814
1817
1818
1819
1825
1826
1830
1830
1831
1836
1836
1837
1838
1840
1842
1844
1845
1850
1850
1852
1852
1852
1853
1853
1854
1854
1856
1856
1858
1860
1862
1864
1864
1865
1868
1869
1871
1879
1881
1882
1888
1889
1893
1903
1903
1906
1907
1911
1912
1912
1912
1919
1920
1920
1920
1922
1924
1931
1935
1943
1946
1964
1986
1990
2000
2005
2006
2010
2011
2013
2014
2014
2017
2018
2044
2055
2067
2078
2096
2101
2190
2197
2204
2204
2208
2208
2356
2356
2371
2375
2376
2411
2414
2668
2678
2710
2788
2871
2871
2871
2871
2904
2956
2957
2958
2958
2959
2965
2967
2967
2974
2975
2980
2995
2996
2999
3003
3019
3023
3027
3041
3042
3042
3043
3047
3049
3098
3102
3102
3123
3129
3141
3141
3142
3144
3159
3167
3167
3177
3186
3190
3192
3193
3201
3204
3213
3223
3238
3239
3247
3249
3251
3253
3256
3258
3259
3259
3260
3267
3267
3270
3270
3270
3270
3287
3288
3290
3299
3301
3302
3304
3309
3310
3310
3313
3315
3324
3325
3325
3325
3326
3330
3332
3334
3339
3344
3348
3349
3351
3351
3354
3356
3360
3360
3369
3378
3382
3383
3388
3389
3399
3405
3407
3432
3433
3434
3437
3446
3456
3459
3461
3462
3462
3462
3462
3463
3463
3463
3463
3464
3465
3465
3465
3466
3466
3466
3466
3466
3467
3468
3469
3470
3470
3471
3477
3477
3477
3478
3489
3489
3497
3504
3507
3509
3515
3515
3519
3521
3527
3544
3548
3549
3550
3550
3558
3560
3573
3609
3627
3663
3677
3695
3763
3764
3765
3815
3815
3815
3818
3867
3948
4070
4071
4072
4142
4203
4528
4614
4667
4668
4669
4669
4672
4672
4685
4697
4704
4712
4716
4718
4720
4720
4721
4721
4747
4750
4750
4761
4773
4783
4785
4786
4786
