0
0
0
1
2
4
4
5
5
6
7
8
8
8
9
9
9
9
9
9
9
9
9
10
10
10
11
12
12
13
13
13
13
13
14
15
15
16
16
16
17
17
17
17
17
18
18
18
18
18
19
19
19
20
20
20
20
21
21
21
21
22
22
22
22
22
22
23
23
23
23
23
23
23
23
23
24
24
24
24
24
24
24
24
24
24
24
24
25
25
25
25
25
25
25
25
25
25
26
26
26
26
26
27
27
27
27
28
28
28
28
28
29
29
29
29
29
29
29
29
30
30
30
30
30
30
30
30
30
30
30
30
30
30
30
30
30
30
30
30
30
30
30
30
30
30
31
31
31
31
31
31
31
31
31
31
31
31
31
31
31
32
32
32
32
32
32
32
32
32
32
32
32
32
32
32
32
32
32
32
32
32
33
33
33
33
33
33
34
34
34
35
36
36
36
36
36
36
36
36
37
37
37
37
37
37
37
37
37
37
37
38
38
39
39
39
39
40
40
40
40
40
40
40
40
40
40
41
41
41
41
41
41
43
43
43
43
43
44
44
44
44
44
44
44
44
44
44
44
44
45
45
45
45
46
46
46
46
47
47
47
48
48
48
49
49
49
49
49
49
50
50
50
51
52
52
53
53
54
54
54
54
54
55
56
56
56
57
57
58
58
58
58
59
59
59
60
60
61
61
62
62
62
63
63
63
64
64
64
64
65
65
65
66
66
66
66
67
67
67
69
69
69
70
70
71
71
71
71
72
72
72
72
72
73
73
73
73
73
74
74
75
75
76
77
77
77
77
78
78
78
79
79
80
80
80
80
81
81
81
81
81
81
81
81
81
82
82
82
82
83
83
84
86
86
87
87
88
88
89
89
89
89
90
90
90
91
91
92
93
93
95
95
96
96
96
97
98
98
98
98
98
98
98
98
98
99
99
99
99
99
100
100
100
100
100
100
101
101
101
101
101
101
101
101
101
101
101
101
102
102
102
102
102
102
102
102
102
102
102
102
102
102
103
103
103
103
103
103
103
103
103
104
104
104
104
105
105
105
105
106
106
106
107
107
107
108
109
109
109
109
109
109
110
110
110
110
110
110
110
111
111
111
111
111
114
115
115
115
115
115
115
115
116
116
116
116
117
117
117
117
117
117
117
118
118
118
118
119
120
120
120
120
120
120
120
121
121
121
121
121
121
121
121
121
122
122
122
122
122
122
123
123
123
123
124
124
124
124
124
125
125
126
127
127
127
128
129
129
129
129
129
130
130
130
130
131
131
131
131
131
131
131
132
132
132
132
133
133
133
133
133
133
134
134
134
134
134
134
134
134
134
135
135
135
135
135
135
136
136
136
136
136
137
139
139
140
140
140
140
140
140
141
141
141
141
142
143
143
145
146
147
147
149
149
149
150
150
150
150
150
151
151
151
151
151
152
153
153
153
153
155
155
156
156
157
157
157
158
158
158
158
159
159
159
160
161
161
162
162
162
163
164
164
164
164
165
165
166
166
166
166
166
167
168
168
169
169
170
170
170
170
170
170
170
170
171
171
172
172
172
172
173
173
173
173
174
174
174
174
174
174
174
175
175
175
175
175
175
176
177
177
177
178
179
179
179
179
179
179
180
180
180
181
181
181
181
181
182
182
183
183
183
183
183
184
184
184
184
185
185
185
185
186
186
186
186
186
188
189
189
189
190
190
191
191
191
191
191
191
192
192
193
193
193
194
195
195
196
196
198
198
199
200
200
200
202
203
204
204
204
205
205
205
206
206
206
206
207
208
208
209
210
210
212
213
214
216
216
217
217
218
218
218
218
220
220
220
220
220
221
221
222
224
224
225
226
226
226
226
227
227
227
227
228
228
228
228
228
229
229
229
229
229
229
230
230
230
233
233
234
234
235
236
238
238
238
238
239
239
240
240
240
241
242
242
242
244
245
246
246
247
247
248
248
248
248
249
249
249
251
251
251
255
256
257
258
259
260
262
265
266
267
267
267
268
269
269
270
272
272
273
273
274
274
275
276
277
278
280
281
282
282
282
283
283
283
283
283
283
283
283
283
283
284
284
284
284
284
285
286
287
288
288
289
289
289
291
292
292
293
294
294
296
296
299
300
300
301
302
303
304
305
305
305
305
306
306
306
306
307
307
307
309
309
311
312
313
313
315
315
316
318
320
321
322
325
327
328
328
328
329
331
332
333
333
333
334
335
338
338
339
339
339
340
340
340
340
340
340
341
341
342
343
346
346
348
358
383
393
403
406
406
412
416
419
444
445
449
450
451
452
453
453
454
457
464
465
465
466
470
473
475
476
476
476
479
481
485
486
489
491
492
493
498
499
499
499
499
500
500
500
500
500
500
501
501
502
502
502
502
506
508
510
511
512
512
514
516
519
521
521
525
527
534
535
535
536
536
536
536
536
536
537
537
537
537
538
539
539
539
539
540
540
540
541
541
541
541
542
542
543
544
545
546
547
547
548
548
549
549
550
551
551
552
553
554
557
558
562
565
565
568
575
575
580
580
585
585
587
588
589
590
590
590
592
592
593
594
594
595
596
602
603
603
607
608
608
608
608
609
609
609
610
610
610
611
611
612
613
613
613
614
614
615
615
615
617
617
617
617
617
617
617
618
618
618
618
619
619
620
622
622
623
623
623
624
624
624
624
625
625
625
625
626
626
626
627
627
628
632
635
636
638
639
640
644
647
647
648
648
648
650
650
651
651
651
651
652
652
653
654
654
655
655
660
660
662
664
669
670
676
676
676
676
677
677
677
677
680
680
681
681
682
682
683
683
684
686
686
690
692
693
693
696
696
697
697
697
698
698
698
698
698
699
700
701
701
702
702
705
712
719
719
723
723
725
739
742
743
745
745
752
753
791
792
794
796
806
807
820
821
822
831
831
832
832
832
843
845
846
847
847
853
855
855
867
867
877
881
884
884
884
884
884
884
885
885
885
885
885
885
885
885
885
885
885
885
886
886
886
886
886
886
887
887
887
887
887
887
888
888
888
888
888
888
889
889
889
889
889
889
898
900
905
905
907
922
927
934
939
949
953
953
954
954
960
961
962
966
966
967
968
1035
1043
1062
1064
1064
1066
1067
1067
1068
1075
1077
1081
1081
1087
1093
1096
1096
1097
1097
1097
1097
1097
1097
1098
1099
1106
1107
1119
1122
1122
1123
1129
1131
1131
1131
1132
1132
1132
1133
1136
1139
1139
1139
1140
1141
1142
1148
1149
1150
1155
1155
1158
1161
1164
1172
1172
1173
1173
1179
1182
1198
1199
1200
1202
1203
1204
1210
1211
1211
1214
1215
1220
1224
1224
1231
1231
1232
1232
1232
1232
1232
1257
1257
1280
1283
1284
1288
1302
1306
1306
1312
1336
1345
1349
1354
1354
1355
1358
1358
1360
1362
1362
1364
1372
1372
1373
1376
1380
1389
1393
1398
1401
1415
1415
1415
1415
1415
1415
1415
1416
1416
1419
1422
1432
1433
1435
1438
1440
1441
1441
1442
1442
1443
1444
1444
1444
1445
1445
1448
1448
1448
1449
1450
1450
1450
1451
1451
1451
1452
1452
1452
1452
1452
1452
1452
1452
1452
1452
1453
1453
1453
1453
1453
1453
1453
1453
1453
1453
1453
1453
1453
1453
1453
1454
1454
1454
1454
1454
1455
1456
1457
1457
1458
1458
1458
1458
1458
1458
1458
1459
1459
1459
1459
1459
1460
1460
1461
1462
1463
1463
1463
1464
1464
1464
1464
1464
1465
1466
1466
1466
1467
1467
1468
1468
1468
1470
1471
1471
1471
1471
1472
1472
1474
1474
1475
1475
1475
1476
1477
1478
1479
1479
1479
1480
1481
1482
1483
1483
1483
1484
1484
1488
1488
1488
1488
1489
1490
1491
1491
1492
1492
1492
1492
1492
1493
1494
1495
1497
1499
1500
1500
1500
1500
1501
1501
1502
1503
1503
1503
1504
1504
1505
1506
1508
1508
1508
1508
1508
1509
1509
1509
1509
1509
1510
1510
1510
1511
1512
1512
1512
1514
1514
1514
1515
1516
1516
1516
1516
1516
1516
1516
1517
1518
1518
1518
1522
1523
1527
1528
1530
1530
1532
1533
1534
1536
1539
1541
1542
1544
1545
1545
1547
1548
1548
1549
1551
1553
1554
1554
1555
1555
1556
1556
1556
1558
1558
1559
1563
1566
1571
1572
1572
1573
1574
1575
1575
1575
1576
1577
1578
1579
1580
1581
1583
1587
1587
1587
1588
1588
1589
1589
1592
1593
1593
1594
1595
1595
1596
1597
1598
1603
1603
1605
1611
1613
1614
1615
1617
1618
1619
1619
1620
1623
1624
1624
1624
1625
1625
1626
1627
1627
1629
1629
1630
1633
1633
1636
1636
1636
1638
1639
1639
1640
1644
1649
1650
1654
1655
1659
1663
1663
1665
1666
1667
1669
1669
1671
1671
1671
1672
1675
1675
1676
1676
1676
1676
1677
1677
1677
1677
1677
1678
1678
1678
1681
1682
1682
1686
1689
1689
1689
1690
1690
1692
1693
1694
1695
1695
1697
1698
1699
1701
1704
1705
1708
1712
1714
1718
1722
1722
1722
1723
1727
1729
1733
1733
1735
1739
1739
1740
1740
1742
1742
1742
1743
1744
1744
1744
1745
1749
1749
1767
1775
1775
1778
1780
1780
1783
1785
1785
1786
1792
1792
1801
1801
1802
1806
1806
1807
1807
1808
1808
1809
1810
1811
1811
1811
1812
1814
1815
1815
1816
1816
1818
1820
1821
1823
1825
1825
1826
1826
1830
1847
1852
1855
1861
1877
1886
1889
1893
1895
1897
1899
1900
1903
1903
1907
1911
1917
1918
1924
1928
1935
1940
1940
1949
1953
1954
1969
1974
1978
1979
1990
2007
2008
2008
2015
2027
2033
2036
2037
2052
2059
2061
2063
2063
2064
2064
2065
2068
2073
2074
2076
2076
2080
2080
2080
2082
2082
2093
2095
2099
2111
2119
2129
2143
2143
2149
2176
2179
2180
2195
2199
2204
2205
2212
2214
2215
2215
2217
2226
2230
2232
2299
2320
2334
2335
2336
2339
2339
2340
2355
2356
2363
2365
2365
2367
2370
2376
2377
2381
2406
2420
2422
2423
2432
2486
2489
2495
2503
2513
2517
2526
2526
2528
2539
2549
2556
2563
2565
2568
2614
2632
2644
2662
2669
2669
2698
2698
2721
2721
2723
2725
2731
2731
2732
2735
2741
2745
2745
2753
2759
2773
2779
2780
2782
2785
2789
2789
2789
2794
2797
2797
2800
2801
2802
2812
2812
2812
2816
2822
2824
2827
2827
2857
2876
2905
2908
2919
2922
2924
2927
2940
2942
2943
2952
2953
2956
2960
2961
2987
2987
2988
3000
3001
3001
3002
3003
3004
3004
3005
3009
3010
3017
3023
3027
3028
3028
3030
3033
3035
3035
3036
3042
3042
3049
3065
3069
3070
3080
3089
3092
3098
3098
3102
3107
3108
3109
3115
3117
3121
3130
3133
3135
3140
3140
3143
3143
3145
3150
3151
3152
3156
3157
3158
3158
3158
3161
3162
3163
3164
3164
3165
3167
3171
3171
3173
3174
3174
3174
3176
3180
3182
3183
3183
3185
3188
3189
3190
3191
3192
3202
3203
3205
3209
3210
3211
3212
3214
3217
3219
3220
3221
3222
3222
3223
3224
3225
3226
3228
3231
3240
3242
3244
3246
3248
3250
3251
3252
3253
3256
3256
3256
3257
3259
3262
3263
3264
3266
3266
3267
3276
3277
3278
3286
3292
3293
3293
3297
3304
3310
3313
3315
3325
3328
3337
3337
3345
3345
3346
3349
3351
3367
3377
3378
3380
3382
3383
3387
3389
3391
3392
3402
3406
3411
3416
3416
3420
3422
3423
3423
3424
3450
3471
3472
3522
3558
3574
3575
3584
3598
3598
3603
3610
3616
3620
3620
3624
3629
3642
3648
3649
3650
3650
3654
3668
3690
3802
3803
3817
3818
3819
3833
3837
3872
3888
3897
3909
4075
4229
4230
4232
4276
4333
4344
4430
4434
4436
4520
4542
4545
4617
4643
4653
4660
4664
4665
4666
4667
4670
4671
4671
4675
4676
4677
4677
4678
4678
4678
4679
4681
4682
4682
4683
4686
4690
4696
4699
4701
4705
4707
4713
4718
4721
4721
4724
4724
4725
4726
4734
4737
4743
4748
4766
4785
4787
4791
4797
4798
4802
4803
4808
4809
4809
4814
4817
4827
4828
4838
4855
4877
4925
4978
4980
4982
5068
5079
5080
5088
5162
5196
5205
5208
5267
5268
5347
5396
5501
5522
5618
5645
5683
5683
5847
5972
6125
6127
6138
6181
6187
6188
6200
6201
6201
6203
