1
2
2
3
3
3
3
4
7
7
8
9
9
10
10
10
10
10
11
12
12
13
13
13
15
17
19
21
21
21
22
23
23
23
23
23
24
24
24
24
24
24
24
24
24
24
24
24
25
25
25
25
25
25
25
25
25
28
29
30
31
31
31
31
32
32
32
32
32
33
33
34
34
34
34
34
35
35
35
35
36
36
36
36
37
37
37
37
38
38
39
39
40
41
41
41
41
42
43
43
44
44
44
44
44
45
45
45
45
45
45
45
45
45
45
45
46
46
46
46
46
46
46
46
46
46
46
46
46
49
49
49
51
51
53
53
54
55
56
56
57
57
58
59
59
61
62
62
64
64
64
65
65
65
66
68
71
72
72
72
72
72
72
72
72
73
73
76
77
79
81
81
84
86
87
92
92
92
92
92
92
93
93
93
93
93
93
93
93
94
94
94
95
95
95
95
96
96
97
97
97
98
98
99
99
100
100
101
104
104
105
108
109
111
114
116
116
116
116
116
117
117
117
117
117
119
120
120
121
122
123
123
124
127
127
128
128
132
133
136
137
138
138
142
142
142
143
143
143
144
145
149
149
149
150
150
150
150
151
151
151
151
151
151
152
152
153
153
153
153
154
154
156
156
156
157
158
159
160
160
160
160
161
161
161
161
161
161
170
172
176
180
181
185
186
189
191
191
192
194
194
195
196
196
196
198
198
198
200
203
205
207
207
209
209
212
213
213
214
215
218
219
219
220
221
226
226
226
227
229
229
230
230
231
233
235
235
238
238
238
238
240
241
241
242
242
243
243
244
244
247
249
251
253
254
255
256
258
261
261
263
264
267
269
272
275
276
278
279
279
281
282
285
286
288
291
292
292
292
293
293
293
294
295
298
298
298
300
301
302
302
303
304
307
308
308
315
327
327
328
328
328
328
328
328
328
328
328
328
329
329
329
329
329
329
329
337
337
342
348
348
348
348
348
348
348
348
348
348
349
349
349
349
349
349
349
349
349
350
350
393
395
405
421
433
433
437
442
442
444
445
446
460
461
461
461
462
462
462
463
463
463
463
463
464
474
479
480
480
480
480
480
480
480
480
481
481
481
481
481
481
481
481
482
482
482
482
483
483
483
484
485
485
486
486
486
486
488
489
489
490
491
491
491
491
491
495
496
496
496
496
496
496
497
497
497
498
498
498
498
498
498
499
499
504
505
506
510
513
514
517
519
520
529
532
533
536
544
548
548
549
551
552
555
555
556
556
556
556
556
558
558
561
563
564
570
571
572
572
573
574
577
578
579
581
581
588
590
590
591
595
596
602
603
603
621
638
639
660
662
665
675
680
680
680
687
693
744
746
759
759
761
764
766
769
769
771
776
781
781
785
786
786
799
803
804
1015
1030
1045
1050
1054
1056
1064
1066
1072
1073
1076
1076
1076
1076
1077
1078
1079
1079
1081
1085
1086
1089
1089
1090
1090
1090
1091
1092
1092
1093
1093
1093
1095
1095
1097
1098
1098
1099
1100
1107
1108
1109
1110
1111
1112
1112
1114
1115
1115
1115
1117
1117
1120
1121
1123
1124
1125
1126
1126
1130
1131
1132
1141
1145
1157
1158
1165
1169
1170
1172
1177
1178
1178
1184
1192
1208
1209
1214
1215
1217
1217
1217
1218
1218
1218
1225
1225
1234
1235
1251
1281
1290
1318
1321
1324
1327
1328
1331
1335
1335
1338
1339
1341
1342
1343
1344
1345
1346
1346
1347
1349
1354
1354
1362
1365
1366
1367
1367
1367
1367
1367
1368
1369
1369
1370
1370
1370
1371
1371
1371
1371
1376
1391
1391
1391
1394
1396
1402
1409
1410
1410
1411
1412
1418
1419
1419
1419
1422
1423
1425
1425
1429
1430
1431
1431
1431
1432
1433
1433
1436
1436
1436
1436
1441
1443
1444
1444
1444
1444
1445
1446
1446
1446
1447
1447
1447
1448
1448
1448
1448
1449
1451
1452
1453
1453
1455
1456
1457
1457
1457
1457
1460
1461
1462
1462
1463
1466
1467
1467
1467
1468
1469
1469
1469
1470
1471
1472
1472
1473
1474
1474
1475
1476
1477
1477
1477
1480
1480
1481
1482
1483
1485
1485
1485
1486
1486
1487
1488
1489
1490
1490
1491
1492
1492
1492
1494
1494
1495
1498
1501
1502
1506
1509
1509
1509
1510
1510
1510
1512
1512
1513
1515
1519
1522
1524
1524
1526
1528
1539
1565
1565
1566
1568
1569
1574
1574
1574
1577
1578
1586
1595
1596
1599
1605
1605
1606
1609
1609
1609
1613
1614
1615
1615
1615
1617
1619
1619
1622
1624
1628
1639
1640
1642
1674
1676
1676
1677
1678
1679
1682
1685
1687
1687
1689
1690
1691
1694
1694
1694
1694
1695
1698
1704
1707
1708
1710
1710
1711
1712
1715
1716
1717
1717
1718
1718
1718
1718
1720
1721
1723
1723
1724
1725
1726
1730
1732
1732
1733
1734
1734
1735
1736
1738
1739
1741
1742
1745
1747
1750
1752
1756
1757
1757
1757
1758
1761
1764
1765
1766
1769
1788
1789
1789
1790
1792
1792
1797
1799
1801
1802
1802
1803
1804
1807
1807
1809
1809
1811
1811
1813
1814
1816
1822
1838
1838
1838
1844
1845
1849
1850
1851
1851
1859
1862
1866
1870
1879
1879
1881
1883
1883
1884
1887
1888
1890
1891
1891
1891
1893
1893
1895
1896
1897
1899
1899
1899
1900
1902
1924
1925
1959
1969
1996
1998
2001
2032
2042
2154
2155
2156
2159
2160
2164
2166
2166
2168
2169
2170
2170
2172
2172
2172
2174
2176
2177
2179
2179
2182
2183
2184
2185
2185
2186
2189
2190
2192
2194
2195
2198
2202
2202
2202
2202
2203
2203
2205
2206
2207
2208
2208
2211
2211
2211
2211
2217
2217
2219
2221
2224
2224
2227
2228
2231
2239
2239
2240
2240
2240
2241
2241
2241
2242
2242
2243
2243
2243
2243
2244
2245
2247
2248
2260
2263
2263
2265
2268
2271
2281
2307
2317
2318
2326
2330
2330
2333
2333
2334
2334
2335
2335
2336
2809
2823
2862
2863
2867
2870
2908
2909
2920
2952
2952
2952
2964
2964
2964
2964
2965
2965
2965
2967
2967
2967
2968
2968
2969
2970
2970
2976
2977
2979
2979
2983
2984
2986
2987
2987
2988
2988
2990
2991
2997
2998
2998
2998
2999
2999
2999
2999
3000
3000
3000
3000
3001
3005
3008
3012
3014
3019
3019
3021
3027
3029
3029
3038
3041
3054
3055
3065
3065
3067
3074
3142
3144
3148
3185
3190
3200
3203
3206
3288
3290
3297
3298
3298
3298
3298
3298
3299
3299
3299
3299
3299
3300
3300
3301
3307
3308
3317
3321
3326
3332
3332
3333
3349
3363
3367
3371
3377
3379
3492
3497
3498
3502
3503
3503
3503
3516
3521
3522
3523
3524
3525
3528
3533
3533
3534
3535
3536
3536
3536
3537
3537
3538
3538
3541
3549
3572
3592
3592
3592
3605
3605
3606
3649
3655
3657
3705
3788
3799
3907
3908
3908
3912
3914
3917
3919
3919
3923
3923
3926
3927
3933
3935
3943
3954
3958
3965
4000
4006
4013
4017
4019
4023
4024
4050
4054
4060
4061
4062
4062
4062
4063
4064
4065
4070
4071
4083
4084
4084
4084
4085
4088
4091
4091
4101
4106
4109
4113
4255
4330
4330
4330
4330
4331
4331
4331
4331
4331
4331
4331
4331
4331
4331
4332
4332
4332
4332
4333
4338
4338
4339
4340
4340
4342
4357
4368
4378
4389
4390
4399
4451
4451
4451
4451
4452
4452
4452
4452
4452
4453
4453
4453
4453
4453
4453
4454
4454
4454
4454
4454
4454
4454
4454
4455
4455
4455
4455
4455
4455
4455
4455
4455
4456
4456
4456
4457
4457
4459
4459
4460
4461
4461
4462
4462
4462
4462
4462
4463
4463
4463
4469
4475
4475
4476
4476
4476
4476
4477
4478
4480
4489
4495
4496
4504
4506
4512
4512
4517
4523
4524
4525
4532
4532
4533
4533
4533
4533
4533
4534
4534
4538
4539
4543
4543
4553
4567
4634
4635
4648
4648
4649
4649
4649
4662
4666
4667
4669
4670
4673
4677
4678
4679
4691
4699
4699
4699
4701
4705
4705
4705
4705
4706
4707
4709
4711
4718
4718
4724
4726
4729
4730
4753
4754
4758
4761
4761
4764
4772
4773
4777
4777
4778
4781
4781
4781
4784
4789
4791
4792
4795
4795
4796
4799
4804
4806
4806
4812
4812
4815
4816
4817
4817
4817
4821
4826
4833
4844
4848
4851
4852
4852
4854
4872
4883
4885
4886
4887
4889
4899
4902
5141
5153
5160
5161
5164
5840
5842
5843
5846
5866
5867
5873
5875
5955
5957
5967
5970
5982
5983
5984
5987
5988
5999
6004
6015
6117
6120
6122
6123
6128
6153
6174
6187
6189
6192
6202
6204
6214
6222
6225
6400
6456
6463
6464
6503
6503
6509
6520
6530
6546
6547
6547
6550
6554
6556
6558
6561
6561
6561
6563
6566
6566
6566
6566
6566
6566
6566
6566
6566
6567
6567
6567
6567
6567
6568
6568
6572
6573
6573
6574
6576
6576
6576
6577
6577
6577
6578
6580
6580
6580
6580
6581
6582
6584
6585
6588
6591
6591
6592
6598
6600
6610
6614
6615
6620
6623
6626
6630
6635
6636
6639
6639
6659
6661
6669
6671
6672
6817
6863
6888
6888
6899
6906
6914
6915
6916
6931
6935
6981
6985
6987
7027
7032
7036
7039
7044
7049
7056
7061
7064
7065
7067
7068
7069
7076
7083
7084
7101
7123
7125
7147
7147
7147
7147
7148
7148
7149
7150
7150
7153
7155
7261
7270
7275
7286
7287
7287
7289
7290
7291
7292
7302
7307
7309
7310
7313
7313
7322
7323
7340
7361
7364
7370
7374
7374
7375
7375
7376
7376
7376
7381
7397
7399
7399
7412
7413
7417
7417
7419
7426
7426
7432
7434
7436
7437
7439
7444
7447
7450
7451
7500
7500
7503
7504
7536
7543
7544
7567
7569
7583
7614
7638
7644
7670
7671
7680
7787
7868
7870
7877
7878
7885
8226
8226
8227
8235
8240
8241
8243
8256
8264
8292
8298
8303
8307
8307
8312
8315
8317
8325
8373
8373
8377
8383
8386
8389
8404
8455
8456
8484
8512
8529
8529
8536
8543
8544
8546
8546
8546
8547
8547
8547
8619
8624
8844
8845
8863
8863
8866
8871
8872
8874
8874
8874
8876
8877
8885
8890
8928
8935
8938
8946
8948
8949
8990
9014
9017
9029
9032
9044
9044
9053
9151
9153
9159
9160
9160
9161
9163
9166
9166
9166
9172
9173
9180
9195
9196
9197
9199
9201
9203
9206
9262
9263
9280
9301
9309
9325
9351
9367
9367
9368
9373
9389
9454
9457
9460
9471
9473
9479
9481
9482
9482
9485
9617
9632
9633
9633
9646
9686
9720
9722
9750
9751
9806
9812
9998
10014
10039
10040
10080
10081
10091
10091
10094
10096
10097
10097
10098
10099
10110
10112
10118
10124
10203
10215
10216
10219
10228
10347
10441
10443
10443
10446
10449
10450
10461
10463
10469
10469
10472
10475
10518
10525
10526
10528
10537
10539
10539
10544
10545
10552
10585
10587
10587
10588
10589
10589
10591
10593
10593
10595
10596
10604
10607
10610
10611
10612
10613
10613
10613
10617
10620
10642
10731
10732
10735
10736
10738
10739
10740
10741
10747
10754
10754
10756
10761
10764
10766
10768
10769
10783
10784
10790
10803
10805
10807
10808
10809
10860
10861
10869
10896
10899
10899
10913
10929
10930
10931
11005
11037
11037
11109
11110
11124
11125
11126
11148
11171
11194
11194
11194
11196
11196
11196
11196
11287
11293
11298
11298
11315
11315
11315
11316
11317
11323
11324
11383
11400
11467
11469
11655
11693
11705
11705
11706
11719
11791
11798
11800
11808
11809
11814
11821
11823
11825
11828
11828
11829
11831
11831
11831
11834
11837
11955
12049
12052
12061
12080
12087
12090
12121
12153
12159
12175
12187
12199
12201
12202
12202
12205
12206
12208
12209
12209
12209
12212
12213
12214
12214
12215
12216
12223
12223
12225
12241
12241
12585
12589
12613
12621
12624
12625
12626
12627
12643
12651
12656
12660
12661
12672
12674
12674
12677
12680
12681
12681
12684
12684
12685
12686
12688
12694
12695
12696
12696
12696
12704
12704
12705
12707
12707
12708
12709
12709
12710
12712
12729
12729
12730
12778
12778
12804
12825
12827
12829
12831
12835
12836
12867
12878
13040
13055
13144
13144
13217
13219
13224
13227
13227
13228
13231
13234
13235
13235
13235
13236
13236
13237
13257
13257
13259
13261
13268
13276
13306
13306
13309
13310
13314
13321
13327
13328
13329
13330
13330
13341
13341
13345
13346
13404
13417
13420
13420
13421
13426
13616
13618
13786
13787
13788
13790
13803
13843
13843
13854
14052
14053
14054
14107
14157
14186
14211
14211
14212
14212
14213
14217
14221
14221
14228
14234
14236
14244
14249
14254
14258
14259
14259
14259
14260
14260
14261
14264
14267
14271
14272
14275
14278
14282
14300
14300
14300
14301
14302
14303
14312
14315
14320
14329
14335
14336
14337
14339
14341
14348
