1
2
3
3
3
3
4
4
4
6
6
6
6
6
7
7
7
7
7
8
8
8
8
8
8
9
10
11
11
11
11
11
12
13
13
13
14
14
14
14
14
15
15
15
16
16
16
17
17
17
18
18
19
19
19
19
19
19
19
19
19
20
20
20
20
20
20
20
20
21
21
21
21
22
22
22
22
22
22
22
22
22
22
22
22
23
23
23
23
23
23
23
23
23
23
23
23
23
24
24
24
24
24
25
25
25
25
25
25
25
26
26
26
26
26
26
26
26
26
26
26
26
26
26
26
26
27
27
27
27
27
27
27
27
27
27
27
27
27
27
27
27
27
27
28
28
28
28
28
29
29
29
29
30
30
30
30
30
30
30
30
30
30
31
31
31
31
31
31
31
31
31
32
32
32
32
32
32
32
32
33
33
33
33
33
33
34
34
34
34
34
35
36
36
37
37
37
38
38
38
38
39
39
39
39
40
40
40
40
40
40
40
40
40
40
40
40
41
41
41
41
41
41
41
42
42
42
42
42
43
43
43
44
44
45
45
47
47
47
48
48
49
49
49
49
49
49
50
50
50
50
50
51
51
51
51
51
51
51
51
52
52
53
53
53
53
53
53
53
53
53
54
55
55
55
55
56
56
56
56
57
57
58
58
58
58
59
59
59
59
59
59
59
59
59
59
60
60
61
61
61
61
61
62
63
63
63
63
64
64
64
64
64
64
64
65
65
65
65
65
65
66
66
66
66
66
67
67
67
67
68
68
68
68
69
69
69
69
70
70
70
70
71
71
71
71
71
71
71
71
72
72
72
72
72
73
73
73
73
73
73
73
74
74
74
75
75
75
76
76
76
76
76
76
76
77
77
77
77
77
77
77
77
78
78
78
78
80
81
81
81
82
82
82
82
83
83
83
83
84
84
84
84
85
85
85
85
85
85
86
86
86
86
86
86
86
87
87
87
87
87
87
87
87
87
88
88
88
88
88
88
89
89
89
89
89
89
89
90
90
90
90
90
90
90
90
90
91
91
91
91
91
91
92
92
92
92
92
92
93
93
93
93
93
93
93
93
94
94
95
95
95
95
95
95
95
95
95
96
96
96
96
96
96
97
97
98
98
98
98
98
98
98
99
99
99
99
100
100
101
101
101
101
102
102
102
102
102
102
102
102
102
102
103
103
103
103
103
103
104
104
104
104
104
104
104
104
104
104
104
105
105
105
106
106
106
106
106
107
107
107
107
107
108
108
109
109
109
109
109
109
110
110
110
111
111
111
111
112
112
112
112
112
113
113
113
113
114
114
114
114
114
115
115
115
115
115
115
116
116
116
116
116
116
116
117
117
117
117
117
117
117
117
117
117
117
117
117
117
118
118
118
118
118
118
118
118
118
118
118
118
119
119
119
119
119
119
119
119
119
119
120
120
120
120
120
120
120
120
120
121
121
121
121
121
122
122
122
122
122
122
123
123
123
123
123
123
123
124
124
124
124
124
124
124
124
124
125
125
125
125
125
126
126
127
127
127
128
128
128
128
128
129
129
129
129
129
130
130
130
130
130
130
130
130
130
131
131
131
131
131
131
131
131
132
132
132
132
132
133
133
133
133
133
133
133
133
134
134
134
135
135
136
136
136
137
137
137
137
137
137
137
138
138
138
138
138
139
139
140
140
141
141
141
141
141
141
141
142
142
143
143
143
143
143
144
144
144
144
144
144
145
145
145
145
145
145
146
146
146
147
147
147
148
148
149
150
150
150
150
151
151
152
152
153
153
153
154
154
155
155
156
156
156
156
156
156
156
157
157
159
159
159
159
159
159
159
159
160
160
161
161
161
162
162
162
162
162
163
163
164
164
165
165
165
165
166
166
166
166
167
167
167
169
169
170
171
171
171
171
172
172
172
172
174
174
175
175
175
176
176
176
177
177
177
178
178
178
180
180
181
182
182
184
185
185
186
187
187
187
188
188
190
191
192
192
192
193
195
195
195
195
195
197
197
197
198
201
201
202
203
203
203
203
204
204
205
205
206
206
207
207
208
209
209
209
210
211
211
211
212
212
212
213
213
213
214
214
215
216
216
216
216
218
218
218
219
219
220
220
220
221
221
222
222
222
223
223
223
224
225
226
226
226
226
227
228
228
228
228
230
231
232
233
236
238
238
238
239
239
239
239
240
240
241
241
244
244
244
244
245
245
246
247
248
248
249
249
250
250
252
252
253
256
256
257
257
257
258
258
258
259
260
261
263
270
271
272
277
278
278
278
279
279
284
284
284
284
286
287
288
289
289
289
290
291
292
292
294
294
296
296
302
302
304
304
305
307
309
310
310
311
311
312
312
312
318
319
323
323
325
329
329
330
330
330
330
330
330
330
331
331
331
337
338
339
339
339
339
339
341
342
344
347
347
348
361
362
365
366
379
382
383
383
383
384
385
386
387
391
393
399
403
407
408
410
411
414
415
416
422
423
424
426
427
427
428
428
430
431
431
431
431
431
433
434
435
435
435
436
438
440
441
442
442
443
443
443
443
443
444
444
444
444
444
444
444
445
445
445
445
446
446
446
447
447
448
448
450
450
451
452
452
453
455
456
456
457
457
457
457
457
458
458
458
458
458
458
458
458
458
458
458
458
459
459
459
459
459
459
459
460
460
460
460
460
460
460
460
460
461
461
461
461
461
461
461
461
462
463
465
467
467
467
468
470
470
472
472
473
473
475
475
475
475
477
477
478
479
480
482
485
487
489
490
491
493
495
500
500
506
507
509
509
512
512
512
513
513
513
514
514
515
515
518
519
524
527
528
531
532
533
538
538
539
540
540
547
548
550
577
577
578
579
580
581
582
585
586
588
595
597
598
601
603
604
605
605
607
607
607
607
608
608
608
609
610
610
611
611
611
611
620
622
622
625
626
629
629
629
630
630
630
631
631
631
631
631
631
632
635
636
647
659
659
661
662
671
674
678
689
692
697
699
702
705
705
707
707
708
709
710
713
718
720
722
722
724
725
732
734
737
739
739
739
740
740
741
742
747
748
751
753
758
760
760
784
786
793
794
794
795
795
795
795
796
796
796
801
802
802
808
810
819
819
862
920
951
953
954
956
960
961
961
961
970
972
972
975
976
980
980
992
1053
1058
1072
1084
1100
1102
1105
1110
1112
1112
1114
1114
1116
1118
1130
1134
1136
1141
1141
1142
1142
1150
1154
1155
1159
1173
1201
1212
1213
1214
1217
1221
1229
1230
1231
1235
1236
1237
1237
1239
1239
1241
1242
1245
1246
1258
1260
1261
1262
1267
1269
1286
1288
1288
1297
1297
1305
1309
1315
1319
1347
1347
1347
1348
1348
1348
1349
1349
1349
1349
1352
1354
1355
1362
1365
1373
1374
1374
1375
1377
1379
1404
1405
1406
1410
1416
1417
1422
1425
1425
1426
1426
1426
1426
1426
1426
1429
1430
1430
1430
1430
1430
1431
1431
1431
1431
1431
1431
1432
1433
1435
1435
1436
1436
1437
1437
1437
1438
1439
1440
1440
1440
1441
1441
1442
1442
1443
1443
1443
1443
1445
1445
1446
1447
1447
1448
1448
1448
1448
1448
1448
1449
1449
1449
1449
1450
1450
1451
1451
1452
1452
1452
1453
1453
1454
1454
1456
1456
1460
1462
1462
1462
1462
1462
1464
1464
1465
1465
1467
1467
1468
1468
1468
1468
1468
1468
1469
1469
1470
1470
1470
1470
1471
1472
1472
1474
1475
1475
1476
1476
1476
1476
1476
1476
1477
1477
1477
1478
1479
1479
1483
1484
1484
1485
1486
1486
1487
1487
1488
1488
1489
1490
1492
1493
1494
1495
1495
1496
1499
1502
1503
1504
1506
1506
1524
1524
1526
1527
1530
1532
1535
1535
1536
1545
1547
1548
1554
1555
1555
1556
1557
1559
1563
1563
1565
1566
1567
1567
1567
1568
1571
1575
1578
1578
1580
1580
1580
1581
1581
1581
1582
1587
1589
1589
1589
1592
1592
1593
1593
1596
1596
1597
1597
1597
1598
1600
1600
1601
1603
1603
1603
1604
1604
1604
1606
1613
1614
1616
1616
1616
1616
1619
1621
1622
1622
1625
1629
1629
1630
1631
1634
1635
1635
1635
1636
1636
1636
1636
1637
1637
1637
1637
1639
1639
1640
1641
1642
1643
1645
1646
1650
1654
1655
1657
1658
1658
1659
1661
1670
1672
1675
1676
1680
1682
1683
1684
1684
1684
1685
1685
1685
1686
1686
1688
1692
1694
1695
1695
1696
1696
1698
1698
1698
1699
1699
1699
1699
1699
1700
1700
1702
1703
1704
1705
1708
1710
1710
1713
1716
1717
1719
1719
1719
1721
1725
1728
1733
1742
1750
1774
1775
1782
1782
1782
1786
1810
1813
1859
1861
1886
1934
1954
1961
1965
1979
2017
2024
2024
2024
2024
2025
2025
2025
2025
2025
2025
2025
2026
2026
2026
2026
2030
2031
2031
2032
2032
2032
2032
2032
2032
2032
2033
2033
2036
2038
2045
2054
2055
2056
2056
2057
2057
2059
2069
2070
2073
2086
2087
2087
2093
2118
2118
2145
2146
2164
2177
2179
2187
2198
2201
2212
2220
2226
2227
2238
2239
2239
2239
2239
2239
2239
2239
2240
2240
2240
2240
2241
2256
2256
2256
2256
2257
2257
2276
2277
2284
2289
2299
2348
2354
2416
2422
2429
2431
2461
2468
2476
2478
2486
2486
2490
2493
2494
2522
2667
2672
2675
2835
2847
2849
2850
2851
2851
2851
2851
2858
2868
2886
2893
2959
2965
2976
2980
2984
2985
2995
2998
3004
3005
3006
3009
3017
3017
3017
3017
3020
3020
3023
3030
3031
3033
3043
3082
3091
3118
3127
3131
3134
3136
3139
3139
3142
3143
3145
3147
3152
3152
3162
3177
3177
3180
3182
3182
3183
3183
3187
3190
3190
3193
3193
3196
3199
3199
3206
3207
3213
3213
3223
3223
3224
3224
3226
3226
3228
3228
3230
3231
3234
3235
3235
3237
3237
3239
3240
3241
3244
3245
3248
3249
3249
3250
3250
3252
3253
3253
3254
3264
3264
3266
3267
3267
3274
3280
3282
3282
3283
3288
3300
3313
3328
3333
3335
3346
3351
3353
3419
3422
3430
3430
3431
3458
3608
3628
3673
3690
3698
3700
3708
3717
3720
3721
3721
3728
3728
3734
3740
3745
3746
3751
3779
3812
3838
3838
3892
3894
3894
3905
3906
3906
3906
3907
3908
3908
3909
3970
3972
4033
4132
4135
4138
4145
4149
4165
4183
4187
4206
4251
4251
4255
4258
4269
4270
4272
4304
4313
4343
4367
4369
4382
4474
4502
4503
4503
4504
4504
4505
4507
4514
4523
4537
4565
4566
4585
4648
4676
4685
4692
4709
4721
4729
4730
4731
4732
4737
4759
4759
4765
4768
4769
4773
4776
4780
4780
4781
4782
4782
4786
4806
4818
4877
4879
4886
4887
4887
4888
4891
4894
4902
4903
4907
4911
4912
4917
4918
4921
4925
4938
5155
5282
5283
5289
5290
5296
5495
5496
5855
6021
6037
6038
6042
6043
6127
6136
6149
6151
6152
6161
6161
6183
6237
6240
6241
6241
6388
6388
6390
6402
6406
6416
6424
6425
6425
6427
6428
6535
6537
6539
6550
6555
6563
6566
6566
6568
6575
6633
6633
6763
6763
6764
6771
6778
6781
6782
6783
6792
6795
6796
6949
7059
7147
7152
7175
7260
7310
7320
7382
7459
7460
7525
7530
7530
7536
7537
7538
7539
7553
7557
7557
7557
7588
7632
7639
7639
7640
7640
7641
7734
7739
7752
7822
7824
7834
7836
7848
7852
7852
7855
7878
7907
7908
7922
7922
7934
7935
7935
7936
7975
7985
7986
8023
8023
8028
8031
8038
8055
8060
8367
8382
8382
8571
8574
8579
8580
8580
8581
8581
8586
8589
8589
8590
8597
8597
8597
8597
8598
8598
8603
8606
8657
8672
8672
8673
8673
8673
8691
8700
8716
8793
8945
8971
8973
8977
8977
9016
9056
9057
9057
9057
9061
9061
9062
9064
9075
9086
9086
9088
9090
9090
9091
9094
9097
9106
9111
9111
9112
9112
9199
9202
9202
9204
9204
9210
9211
9215
9236
9259
9264
9265
9267
9269
9502
9525
9536
9541
9580
9584
9585
9608
9626
9629
9638
9642
9644
9651
9651
9651
9651
9653
9653
9655
9686
9690
9692
9703
9706
9708
9712
9716
9718
9721
9723
9730
9731
9731
9733
9736
9743
9755
9756
9757
9758
9797
9801
9805
9805
9817
9823
9834
9834
9841
9841
9841
9850
9850
9855
