1
3
3
3
4
4
5
6
6
7
7
8
9
10
10
11
11
11
12
12
12
12
13
13
14
14
14
15
15
16
16
16
17
17
18
18
18
18
18
19
19
19
19
20
21
21
21
21
21
21
21
21
21
21
21
21
21
22
22
22
22
22
22
22
22
22
22
22
22
23
23
23
23
23
23
23
23
23
23
23
23
24
24
24
24
24
24
24
25
25
26
26
26
26
27
29
29
30
30
30
30
30
30
30
30
31
31
31
31
31
31
31
31
31
31
31
31
31
31
31
32
32
32
32
32
32
32
32
32
32
33
33
33
33
33
33
34
35
36
37
38
38
38
38
39
39
39
39
39
39
39
39
39
39
40
40
40
40
40
40
40
40
40
40
41
41
41
41
41
41
41
41
41
41
42
42
42
42
43
44
44
45
45
45
45
45
45
46
46
46
47
48
48
48
48
49
49
49
49
50
50
50
51
52
52
53
53
54
55
55
55
55
55
55
55
55
57
57
59
59
59
59
60
60
62
63
63
64
65
65
66
66
67
67
67
67
69
69
71
71
72
72
73
74
74
75
75
76
76
77
78
78
78
79
80
80
80
81
81
81
82
83
83
84
84
85
85
85
86
86
87
87
87
87
87
88
89
90
91
91
91
92
92
92
93
93
94
94
95
95
96
97
97
97
97
97
98
98
98
98
98
98
98
98
99
99
100
102
104
104
104
104
104
105
105
105
105
105
105
106
106
106
106
107
107
107
107
108
109
110
110
111
112
112
113
113
113
114
115
116
117
117
117
117
118
120
121
122
122
123
123
123
123
123
123
124
124
124
124
124
125
126
127
127
127
127
128
128
129
129
130
130
130
130
130
130
130
131
131
132
133
133
133
133
133
134
134
135
135
137
138
138
138
140
141
141
142
142
143
143
143
143
143
144
144
145
145
148
148
149
149
149
150
150
150
150
151
153
153
153
153
154
154
155
156
156
157
157
159
159
160
160
163
164
165
165
165
165
165
166
166
166
166
167
168
168
168
168
169
169
169
169
169
169
170
170
170
170
170
170
170
170
170
170
170
170
171
171
171
171
172
172
173
173
174
174
174
174
175
175
175
176
177
177
178
179
179
181
181
181
181
182
182
183
183
184
184
184
184
189
190
194
197
199
204
206
211
211
215
215
215
217
217
217
218
218
221
223
224
225
225
226
226
228
228
230
230
232
232
234
234
235
236
236
237
241
244
245
247
247
248
249
250
251
253
253
253
254
258
259
262
263
264
265
265
266
266
267
268
270
271
272
272
274
275
275
276
277
278
278
278
280
280
282
283
283
284
284
284
284
285
285
285
286
286
287
287
288
288
288
290
291
292
294
294
299
303
304
305
305
307
312
313
313
315
319
322
324
324
325
327
331
332
333
335
337
338
339
344
347
347
350
352
356
359
378
391
391
391
392
392
400
400
402
402
402
403
405
406
410
415
415
416
417
420
423
425
429
433
434
434
438
439
440
440
441
441
443
444
445
445
446
447
447
451
452
455
456
460
463
463
464
465
465
467
467
468
469
472
472
473
473
475
476
477
481
482
483
483
483
483
484
484
484
484
485
486
486
487
490
491
491
491
491
492
492
492
492
492
493
495
500
501
504
507
509
510
510
510
512
515
515
517
518
519
520
520
521
522
523
524
525
526
529
530
531
531
534
535
535
537
538
541
543
544
544
545
547
547
547
548
548
549
550
550
552
553
554
554
557
558
562
564
566
573
573
575
577
578
580
581
585
586
586
587
590
590
590
591
591
592
592
593
594
594
594
594
594
594
594
595
595
595
595
595
595
595
595
596
596
596
596
596
596
596
597
597
597
600
602
605
606
609
611
611
612
613
613
614
615
615
615
616
618
620
622
623
624
624
625
626
627
630
631
634
634
634
635
635
635
635
635
635
636
636
636
636
637
637
637
637
637
638
639
640
641
643
650
650
658
659
659
659
660
660
661
661
661
662
662
662
666
667
667
667
667
668
669
670
670
670
670
670
671
672
673
674
677
679
682
683
686
688
692
693
693
698
698
698
698
698
698
699
699
703
704
715
719
720
727
730
747
751
753
758
767
768
769
837
840
842
843
844
846
846
877
882
889
889
889
891
891
891
891
891
891
891
892
902
911
919
921
931
932
944
947
947
948
950
950
951
952
955
960
961
964
964
964
968
968
974
975
976
982
983
984
990
997
1005
1006
1014
1014
1015
1015
1015
1015
1015
1016
1016
1017
1018
1023
1033
1034
1034
1034
1034
1035
1035
1035
1035
1035
1036
1036
1047
1074
1078
1079
1084
1103
1103
1111
1153
1203
1208
1213
1214
1215
1216
1216
1223
1232
1233
1233
1235
1239
1240
1244
1247
1247
1247
1248
1274
1282
1289
1290
1292
1308
1311
1325
1329
1335
1336
1336
1346
1346
1346
1346
1346
1355
1357
1358
1358
1359
1359
1359
1360
1360
1360
1361
1361
1361
1361
1361
1361
1361
1361
1361
1363
1364
1364
1365
1365
1365
1365
1366
1366
1366
1367
1367
1367
1368
1368
1388
1394
1410
1417
1422
1424
1425
1427
1428
1429
1430
1431
1431
1431
1431
1433
1434
1435
1437
1438
1439
1440
1440
1442
1444
1448
1448
1453
1455
1460
1460
1463
1464
1469
1469
1471
1472
1474
1474
1475
1475
1479
1481
1487
1489
1489
1490
1493
1493
1493
1493
1494
1494
1499
1505
1509
1510
1512
1513
1516
1516
1516
1517
1517
1517
1517
1518
1518
1534
1542
1543
1544
1547
1548
1550
1552
1553
1555
1555
1556
1559
1562
1562
1562
1563
1564
1564
1565
1565
1567
1568
1568
1569
1570
1570
1570
1571
1572
1573
1573
1577
1578
1578
1578
1581
1582
1585
1586
1598
1601
1602
1603
1608
1609
1610
1610
1612
1613
1613
1613
1615
1616
1616
1616
1616
1617
1617
1623
1623
1626
1626
1627
1627
1628
1628
1629
1630
1634
1634
1642
1643
1643
1646
1648
1648
1648
1648
1649
1649
1651
1652
1652
1652
1652
1652
1653
1653
1653
1653
1653
1653
1653
1654
1654
1654
1654
1654
1655
1656
1656
1658
1663
1664
1665
1666
1667
1668
1668
1669
1670
1671
1672
1674
1676
1678
1679
1681
1682
1684
1684
1685
1686
1688
1688
1688
1692
1693
1695
1695
1695
1696
1696
1697
1698
1700
1700
1701
1704
1705
1706
1707
1709
1711
1711
1716
1718
1718
1719
1722
1724
1724
1725
1726
1728
1728
1729
1730
1732
1733
1735
1744
1746
1747
1761
1767
1775
1778
1792
1793
1793
1797
1797
1798
1800
1802
1803
1803
1803
1803
1803
1804
1806
1807
1807
1808
1812
1812
1817
1818
1819
1820
1826
1826
1828
1829
1829
1831
1832
1836
1843
1856
1857
1860
1860
1860
1860
1861
1861
1861
1861
1861
1861
1861
1861
1862
1863
1866
1886
1887
1893
1894
1900
1902
1903
1903
1906
1907
1910
1910
1911
1911
1911
1912
1913
1913
1917
1918
1919
1921
1929
1934
1955
1956
1957
1959
1963
1964
1965
1966
1973
1973
1981
1987
1992
1993
1993
2002
2008
2012
2012
2016
2016
2021
2022
2023
2028
2032
2072
2173
2176
2185
2187
2191
2197
2197
2199
2201
2201
2202
2203
2203
2206
2207
2207
2208
2208
2208
2210
2211
2213
2213
2217
2217
2227
2228
2230
2232
2232
2233
2234
2236
2237
2237
2238
2239
2240
2241
2241
2242
2243
2243
2243
2243
2244
2244
2244
2244
2245
2245
2245
2245
2246
2246
2246
2246
2246
2254
2255
2256
2277
2292
2292
2292
2297
2316
2328
2329
2329
2355
2356
2356
2368
2369
2370
2370
2371
2375
2387
2394
2396
2402
2407
2412
2416
2416
2417
2417
2419
2422
2423
2498
2598
2606
2616
2626
2626
2631
2634
2635
2643
2644
2645
2649
2649
2650
2650
2651
2652
2655
2656
2657
2657
2657
2657
2657
2657
2658
2658
2658
2658
2659
2659
2659
2662
2663
2664
2664
2664
2664
2665
2665
2665
2665
2665
2665
2665
2665
2666
2675
2676
2681
2682
2684
2691
2697
2703
2704
2705
2706
2706
2709
2710
2717
2771
2775
2781
2791
2799
2799
2800
2800
2800
2800
2800
2800
2801
2801
2801
2801
2801
2801
2801
2801
2801
2801
2801
2802
2802
2802
2802
2803
2803
2803
2803
2806
2807
2807
2807
2808
2808
2808
2808
2808
2808
2808
2809
2809
2810
2810
2810
2811
2822
2824
2828
2828
2837
2838
2856
2859
2957
2977
2977
2978
2984
2987
2989
2989
2990
2991
2997
2999
2999
3000
3000
3001
3005
3005
3008
3017
3020
3025
3026
3026
3027
3028
3033
3043
3049
3054
3054
3059
3064
3071
3071
3071
3072
3072
3073
3073
3073
3083
3099
3103
3104
3106
3110
3117
3118
3122
3126
3128
3134
3135
3139
3140
3142
3146
3148
3151
3154
3159
3212
3218
3230
3231
3232
3232
3237
3244
3246
3246
3249
3250
3252
3253
3257
3262
3263
3263
3263
3263
3263
3264
3264
3265
3265
3266
3267
3267
3273
3274
3274
3278
3278
3280
3284
3286
3287
3289
3292
3292
3298
3303
3304
3305
3305
3308
3308
3310
3311
3317
3319
3320
3321
3321
3326
3329
3330
3341
3348
3349
3349
3349
3352
3357
3359
3360
3361
3366
3397
3408
3410
3412
3417
3417
3419
3420
3420
3420
3425
3425
3426
3426
3426
3427
3427
3428
3431
3432
3438
3440
3452
3454
3454
3456
3459
3461
3465
3469
3469
3472
3472
3472
3474
3475
3476
3477
3479
3490
3490
3492
3502
3509
3509
3513
3516
3556
3564
3566
3571
3571
3572
3580
3580
3587
3591
3600
3621
3622
3622
3623
3625
3625
3625
3627
3628
3630
3632
3632
3633
3641
3647
3650
3654
3658
3660
3662
3663
3665
3666
3667
3672
3677
3679
3681
3709
3721
3795
3800
3801
3810
3825
3829
3830
3838
3844
3845
3846
3848
3855
3888
3890
3902
3903
3908
3909
3910
3910
3916
3926
3930
3940
3941
3968
3976
3986
3987
4003
4007
4020
4020
4033
4043
4044
4152
4153
4158
4173
4185
4186
4278
4282
4283
4288
4332
4341
4355
4359
4363
4370
4379
4380
4387
4388
4391
4401
4405
4406
4406
4409
4411
4412
4423
4424
4424
4426
4427
4427
4428
4429
4433
4439
4441
4445
4446
4455
4455
4491
4597
4605
4613
4626
4634
4643
4645
4651
4681
4683
4689
4690
4690
4693
4697
4702
4702
4712
4712
4714
4716
4721
4722
4724
4732
4740
4743
4744
4748
4752
4761
4761
4761
4777
4781
4782
4789
4798
4839
4850
4852
4852
4855
4856
4857
4859
4866
4883
4906
4914
4919
4921
4931
4931
4934
4936
4942
4944
4946
4947
4948
4950
4951
4951
4968
5004
5004
5086
5104
5113
5122
5124
5125
5127
5127
5128
5143
5144
5145
5156
5161
5162
5167
5168
5169
5192
5203
5227
5344
5398
5448
5450
5461
5462
5462
5484
5488
5491
5493
5501
5566
5572
5572
5573
5574
5579
5583
5587
5663
5665
5672
5674
5674
5680
5705
5748
5766
5767
5820
5822
5832
5837
5837
5841
5870
5887
5887
5888
5928
5928
5933
5982
5982
5982
5985
5990
5991
6004
6005
6016
6027
6039
6041
6045
6085
6085
6090
6097
6098
6100
6149
6157
6158
6158
6158
6202
6202
6202
6202
6207
6208
6209
6210
6210
6219
6245
6250
6267
6270
6271
6281
6281
6283
6284
6285
6288
6292
6296
6317
6361
6362
6374
6374
6376
6377
6381
6404
6415
6420
6422
6427
6428
6428
6429
6429
6429
6434
6438
6441
6445
6446
6453
6458
6462
6463
6468
6476
6479
6480
6482
6482
6484
6485
6488
6498
6508
6513
6542
6542
6542
6552
6552
6570
6621
6631
6682
6685
6721
6726
6726
6728
6729
6729
6729
6729
6731
6731
6739
6750
6759
6765
6766
6780
6782
6782
6828
6832
6834
6834
6835
6836
6867
6922
6943
6947
6947
6947
6947
6962
6978
6978
7082
7142
7156
7158
7159
7159
7198
7199
7256
7295
7359
7370
7374
7375
7377
7384
7389
7390
7399
7404
7411
7491
7493
7494
7494
7496
7537
7538
7539
7539
7539
7542
7620
7620
7626
7633
7672
7702
7706
7715
7727
7729
7733
7735
7737
7737
7744
7748
7749
7755
7769
7800
7824
7830
7832
7834
7836
7842
7846
7846
7847
7847
7855
7862
7916
7919
7921
7921
7921
7927
7930
7930
7962
7981
7982
7983
7984
8013
8015
8034
8049
8053
8059
8071
8086
8086
8092
8099
8126
8129
8204
8237
8267
8270
8270
8281
8291
8294
8294
8299
8307
8307
8314
8315
8315
8315
8315
8316
8317
8318
8319
8319
8319
8319
8320
8324
8340
8369
8375
8378
8380
8468
8470
8480
8614
8615
8641
8652
8665
8679
8684
8685
8700
8730
8749
8752
8752
8753
8757
8758
8762
8762
8766
8770
8776
8777
8779
8781
8781
8783
8790
8792
8792
8800
8801
8805
8809
8810
8814
8815
8823
8829
8847
8851
8858
8858
8858
8859
8859
8862
8864
8872
8975
8983
8984
8984
8985
8985
8985
