0
0
1
3
3
3
4
5
5
6
6
6
7
7
7
7
8
8
8
9
9
9
10
10
11
11
11
11
12
12
12
13
13
13
13
14
14
14
14
14
15
15
15
16
16
16
16
16
16
16
16
16
17
17
17
17
17
17
18
18
18
19
19
19
19
19
19
20
20
20
20
20
20
21
21
21
21
21
21
21
21
21
21
21
21
21
21
21
21
21
21
22
22
22
22
22
22
22
22
22
22
22
22
22
23
23
23
23
23
24
24
24
24
25
25
25
25
25
25
25
25
25
26
26
26
27
27
28
28
28
28
28
28
28
29
29
29
29
29
30
30
30
30
30
31
31
31
31
31
31
31
32
32
32
32
32
33
33
33
33
33
34
34
34
34
34
35
35
36
36
36
36
36
37
37
37
37
38
39
39
40
40
40
41
41
41
41
41
42
42
42
42
42
42
42
42
42
42
42
42
42
43
43
43
43
43
43
43
43
43
43
43
43
43
44
44
44
44
44
45
45
45
46
46
46
46
46
46
46
46
47
47
48
48
48
48
48
49
50
50
50
50
51
51
53
53
53
54
54
54
54
54
55
55
56
56
58
58
58
59
60
60
60
61
61
61
61
61
61
62
62
63
63
63
64
64
64
64
65
65
65
66
66
66
67
67
67
68
68
68
69
69
69
70
70
70
71
71
73
73
73
73
73
74
74
74
75
75
75
75
75
76
77
77
77
77
78
78
79
79
80
80
81
81
82
82
82
83
83
83
83
83
83
84
84
84
84
84
84
84
84
84
84
84
84
84
84
84
84
84
85
85
85
85
85
86
86
86
86
86
88
88
88
88
89
89
89
89
89
89
89
89
89
89
90
90
90
90
90
90
90
90
90
91
91
91
91
91
92
92
92
92
93
93
93
93
93
93
94
94
94
94
94
94
94
94
94
94
94
94
94
94
94
95
95
95
95
95
95
96
96
96
96
96
96
97
98
98
98
98
98
98
98
98
98
98
98
98
98
99
99
99
99
99
99
100
100
100
100
100
100
101
101
101
102
102
102
102
102
102
103
103
103
103
104
105
106
106
106
106
106
106
106
106
107
107
107
107
108
108
109
109
109
109
110
110
110
110
110
111
111
111
111
111
112
112
112
112
113
113
113
113
113
114
114
115
115
115
116
116
116
116
116
116
116
116
116
117
117
117
117
117
118
118
119
121
122
122
122
122
123
123
123
123
123
123
123
123
123
124
124
124
124
124
124
125
125
125
126
126
126
127
127
127
128
128
128
128
128
129
131
131
131
131
132
133
134
134
134
137
138
138
139
139
139
139
139
139
140
140
140
141
141
141
142
142
142
142
142
142
142
143
143
143
143
144
144
144
144
148
148
149
149
149
149
149
149
149
150
150
150
150
150
150
151
151
152
152
153
154
154
154
154
154
155
155
155
156
157
157
158
158
158
159
159
160
162
162
162
162
162
163
163
164
165
165
166
167
167
167
168
169
169
170
170
170
171
171
172
173
173
173
173
176
176
177
177
178
178
178
178
178
178
178
178
179
179
179
179
180
180
180
180
180
180
180
181
181
181
181
181
182
183
184
184
187
188
189
189
189
191
192
192
193
193
194
194
194
195
196
196
197
198
198
198
198
199
199
199
199
199
200
200
200
200
200
200
200
200
200
200
200
200
200
200
200
200
200
200
200
200
200
200
200
200
201
201
201
201
201
201
201
202
202
202
202
203
203
204
204
204
206
206
206
206
206
207
207
207
207
207
208
208
210
210
211
211
213
213
213
213
213
214
216
216
217
217
217
218
218
220
220
220
220
221
221
221
223
223
224
224
226
226
227
229
229
231
232
232
233
233
234
234
234
234
234
234
234
234
235
235
236
236
236
236
237
237
237
237
237
237
237
237
238
238
238
238
238
238
238
238
238
239
239
239
239
239
239
239
239
239
239
240
240
240
240
240
240
240
240
240
240
240
240
240
240
241
241
241
241
241
241
241
241
242
242
242
242
242
242
242
243
243
243
243
243
243
243
243
245
247
247
250
250
250
256
257
258
259
259
260
261
262
262
262
263
266
266
266
267
269
269
270
270
272
274
274
277
283
283
284
285
286
288
289
290
290
292
293
295
296
299
302
304
304
304
306
307
307
307
307
307
307
308
308
308
309
309
309
309
309
309
309
311
311
311
312
312
314
314
315
315
317
319
320
320
321
323
325
325
326
328
328
335
336
337
338
343
344
345
345
346
346
354
354
355
356
356
357
364
367
369
372
380
381
387
388
388
390
393
393
395
397
397
397
397
397
398
400
400
406
406
407
407
408
408
408
409
409
412
414
414
415
418
421
422
422
423
423
424
424
426
426
427
427
428
429
431
432
432
434
439
439
440
442
442
444
445
447
448
448
449
449
449
452
452
454
457
457
457
458
458
458
458
458
459
459
460
462
463
467
469
469
469
469
469
470
471
473
475
477
477
478
478
478
482
482
483
483
484
484
484
484
484
485
485
486
486
487
487
488
495
498
498
499
501
511
514
520
522
523
524
524
534
541
541
545
568
569
571
583
585
590
594
599
600
601
604
605
610
615
620
626
627
629
629
635
639
640
643
657
657
657
664
670
671
672
672
672
672
687
687
689
690
690
700
704
705
707
708
709
713
717
718
720
722
724
725
725
735
740
743
743
744
748
759
764
768
773
778
781
791
800
804
804
804
805
805
805
805
805
806
806
806
810
812
812
902
908
911
911
912
921
922
922
922
922
922
922
924
927
928
933
934
935
936
938
942
946
948
949
949
950
952
952
955
957
958
961
962
965
965
967
968
969
970
971
972
982
1015
1035
1036
1036
1051
1053
1054
1057
1057
1066
1067
1068
1097
1119
1149
1153
1167
1176
1209
1215
1216
1264
1265
1265
1275
1277
1279
1280
1281
1286
1289
1289
1291
1294
1296
1296
1296
1297
1306
1309
1311
1315
1316
1317
1317
1318
1327
1328
1329
1330
1330
1331
1333
1334
1335
1335
1335
1337
1338
1340
1341
1342
1342
1343
1347
1353
1354
1357
1360
1360
1363
1364
1369
1371
1378
1391
1392
1392
1398
1401
1402
1408
1409
1410
1413
1413
1413
1418
1419
1420
1422
1423
1424
1425
1425
1427
1429
1431
1433
1434
1434
1434
1434
1434
1436
1437
1440
1440
1440
1440
1441
1441
1442
1444
1444
1445
1446
1446
1446
1450
1450
1451
1451
1452
1455
1455
1455
1455
1456
1457
1458
1458
1459
1459
1459
1460
1460
1462
1462
1463
1465
1465
1465
1466
1467
1468
1468
1468
1468
1468
1469
1470
1471
1473
1473
1475
1475
1477
1479
1479
1479
1481
1481
1481
1482
1482
1483
1486
1486
1486
1486
1486
1489
1490
1491
1492
1494
1496
1496
1498
1499
1499
1499
1499
1502
1505
1508
1516
1516
1516
1518
1519
1520
1524
1524
1524
1526
1526
1527
1530
1530
1531
1532
1532
1533
1536
1537
1537
1538
1539
1540
1540
1541
1542
1548
1549
1549
1551
1556
1557
1557
1558
1558
1562
1562
1563
1563
1566
1567
1568
1570
1573
1575
1577
1578
1579
1582
1586
1587
1588
1588
1591
1593
1593
1594
1594
1594
1594
1595
1596
1597
1598
1599
1599
1602
1602
1603
1603
1605
1605
1606
1611
1616
1616
1617
1619
1620
1624
1630
1635
1637
1639
1640
1645
1646
1647
1649
1650
1650
1650
1651
1653
1656
1661
1661
1661
1661
1664
1664
1665
1666
1669
1669
1670
1670
1674
1676
1676
1677
1680
1681
1681
1681
1682
1682
1683
1684
1684
1685
1686
1689
1693
1693
1694
1697
1697
1697
1699
1709
1709
1710
1711
1711
1715
1715
1715
1717
1719
1720
1727
1735
1738
1746
1750
1753
1759
1760
1761
1761
1766
1768
1769
1769
1774
1776
1778
1779
1782
1799
1810
1843
1846
1848
1854
1866
1868
1872
1894
1898
1901
1930
1933
1935
1940
1944
1947
1950
1951
1961
1962
1962
1965
1967
1967
1968
1976
1992
1995
2001
2004
2005
2009
2010
2011
2017
2018
2045
2049
2049
2064
2089
2102
2102
2102
2103
2104
2104
2105
2105
2105
2107
2107
2107
2108
2111
2111
2112
2112
2112
2113
2114
2115
2115
2116
2131
2131
2131
2131
2132
2132
2132
2132
2132
2132
2132
2132
2133
2133
2137
2142
2145
2149
2156
2159
2164
2168
2172
2174
2175
2175
2177
2179
2180
2180
2181
2183
2184
2185
2186
2186
2186
2186
2186
2187
2187
2187
2188
2188
2188
2188
2188
2189
2189
2189
2191
2191
2192
2198
2204
2204
2205
2205
2205
2205
2205
2206
2209
2216
2221
2222
2222
2222
2223
2225
2226
2228
2233
2234
2243
2246
2260
2267
2269
2281
2301
2302
2339
2360
2379
2383
2385
2394
2407
2408
2411
2411
2412
2418
2418
2434
2434
2435
2436
2439
2440
2441
2441
2441
2442
2442
2442
2442
2450
2459
2477
2477
2503
2552
2658
2661
2663
2670
2696
2700
2700
2701
2709
2709
2715
2733
2737
2740
2754
2754
2755
2756
2757
2765
2766
2767
2767
2768
2768
2770
2770
2771
2778
2905
2911
2913
2918
2918
2921
2922
2923
2925
2930
2933
2933
2934
2941
2978
2979
2985
2988
2989
2991
2992
2995
2995
2996
3007
3008
3016
3017
3024
3025
3026
3030
3032
3033
3033
3042
3042
3044
3045
3047
3047
3061
3065
3065
3070
3071
3073
3073
3074
3080
3096
3099
3103
3106
3107
3108
3111
3113
3122
3123
3123
3130
3132
3133
3135
3136
3139
3139
3140
3142
3147
3147
3149
3149
3152
3153
3153
3154
3156
3157
3157
3158
3159
3160
3160
3161
3163
3165
3170
3170
3172
3175
3176
3198
3203
3208
3215
3222
3222
3223
3225
3232
3272
3272
3275
3275
3279
3288
3296
3301
3302
3304
3307
3307
3308
3308
3309
3310
3315
3318
3318
3319
3319
3323
3323
3324
3324
3325
3326
3328
3331
3332
3335
3341
3351
3364
3366
3367
3369
3370
3370
3371
3371
3371
3371
3376
3377
3378
3379
3379
3379
3380
3380
3381
3384
3385
3410
3410
3416
3417
3418
3419
3420
3425
3430
3449
3453
3454
3454
3456
3459
3463
3464
3465
3466
3467
3468
3492
3493
3493
3495
3505
3525
3525
3526
3546
3548
3552
3553
3661
3764
3863
3914
3918
3918
3919
3919
3929
3931
3935
3965
3966
3966
3966
3966
3967
3967
3967
4012
4028
4038
4041
4048
4065
4077
4105
4118
4159
4166
4168
4177
4179
4182
4183
4187
4189
4190
4192
4194
4201
4209
4234
4246
4271
4275
4277
4285
4291
4291
4292
4293
4296
4311
4345
4351
4362
4391
4395
4451
4452
4453
4458
4464
4511
4514
4521
4521
4521
4523
4525
4525
4527
4528
4531
4537
4542
4543
4547
4547
4548
4549
4549
4552
4556
4560
4561
4563
4571
4577
4600
4622
4637
4640
4646
4650
4652
4653
4655
4666
4674
4674
4681
4681
4688
4691
4692
4695
4726
4755
4766
4766
4769
4770
4773
4776
4776
4777
4778
4779
4779
4780
4781
4782
4787
4791
4794
4795
4800
4806
4807
4807
4808
4809
4827
4829
4831
4833
4841
4843
4845
4848
4848
4851
4853
4853
4860
4888
4903
4905
4908
4910
4924
4926
4926
4945
4947
4951
4956
4957
4958
4958
4958
4961
4968
4976
4978
4979
4982
4987
4990
4990
4992
4992
4992
5000
5009
5009
5010
5010
5012
5015
5020
5021
5027
5028
5029
5029
5041
5043
5043
5046
5054
5097
5100
5104
5108
5113
5114
5115
5117
5141
5141
5162
5163
5169
5170
5170
5172
5172
5177
5183
5184
5188
5192
5195
5199
5205
5210
5211
5212
5212
5237
5249
5362
5362
5365
5366
5426
5430
5430
5438
5443
5460
5525
5531
5551
5562
5585
5594
5597
5600
5625
5626
5627
5702
5756
5760
5995
6100
6101
6104
6105
6115
6116
6120
6121
6125
6130
6138
6144
6144
6150
6158
6162
6187
6201
6202
6203
6206
6206
6206
6206
6207
6207
6207
6207
6207
6207
6208
6208
6208
6214
6214
6214
6215
6238
6247
6248
6250
6253
6257
6260
6265
6280
6280
6281
6341
6347
6352
6357
6364
6365
6367
6369
6371
6372
6411
6441
6448
6449
6453
6468
6542
6550
6551
6551
6552
6552
6553
6559
6561
6572
6578
6584
6585
6588
6596
6600
6601
6605
6619
6636
6636
6643
6669
6796
6847
6850
6898
6901
6955
6962
6965
6965
6971
6976
6982
6984
6984
6989
6997
6997
7004
7008
7009
7009
7009
7009
7010
7013
7014
7015
7030
7067
7067
7069
7072
7105
7111
7112
7151
7381
