0
0
2
3
4
8
9
11
12
12
12
16
17
18
18
18
21
23
24
25
26
26
27
27
27
27
27
27
27
28
28
28
28
28
28
28
28
28
28
28
28
28
28
28
28
29
30
30
31
32
32
32
32
33
33
33
33
33
34
34
34
34
35
35
36
36
36
36
36
37
39
40
41
42
42
42
42
42
42
43
43
43
43
43
43
43
44
44
45
45
45
45
45
45
45
46
46
46
47
47
47
47
48
48
49
49
49
50
51
52
52
53
54
54
54
54
55
56
56
56
56
56
57
58
59
59
59
59
59
60
60
60
60
60
60
61
61
61
62
63
64
64
64
65
65
65
65
66
66
66
66
66
66
66
66
66
67
67
67
68
69
72
72
73
74
74
75
75
77
80
80
80
80
80
80
80
80
83
83
85
85
85
87
87
88
89
90
90
90
91
91
91
91
91
93
94
96
96
97
101
104
105
105
106
106
106
106
106
106
107
107
107
107
107
107
108
108
109
110
110
111
113
113
115
117
117
120
120
121
123
123
123
123
123
123
123
123
123
124
124
124
125
125
126
127
129
129
129
131
131
132
132
132
133
134
134
134
134
134
134
134
139
139
143
143
147
149
152
153
154
155
156
156
157
157
158
160
160
160
161
161
161
162
162
164
164
165
165
166
167
168
171
174
174
175
178
179
180
181
181
183
184
184
185
186
188
189
189
189
189
190
190
191
191
191
192
193
193
195
195
195
200
200
201
201
203
203
209
210
211
211
212
212
213
214
219
221
227
227
231
232
236
238
241
244
246
252
254
254
255
259
259
261
261
262
262
268
269
269
269
271
278
279
282
285
286
286
286
293
298
302
302
303
304
304
304
304
304
305
305
305
310
310
314
321
324
327
333
335
336
338
338
338
340
340
341
342
344
344
344
347
348
350
352
354
354
356
358
358
360
362
362
366
369
370
371
372
373
374
376
378
394
394
395
397
406
409
411
421
421
423
423
425
431
431
432
438
445
451
451
451
452
454
455
456
456
456
456
457
457
457
457
457
457
457
457
457
458
458
458
459
459
460
461
462
462
466
469
476
476
478
480
483
483
487
488
494
496
498
500
501
504
504
504
504
504
506
506
506
508
510
511
511
513
516
517
518
518
518
519
524
528
529
530
531
531
531
532
538
541
542
543
543
544
545
546
547
547
548
549
551
554
554
554
554
555
555
555
556
556
556
556
556
557
557
559
561
566
567
568
569
570
571
572
574
575
575
575
577
577
577
578
583
584
584
584
584
585
585
585
585
590
591
594
594
600
601
606
609
612
618
629
630
633
642
645
647
650
652
652
652
652
653
654
656
656
657
658
660
663
663
665
666
666
666
667
667
667
667
667
667
667
667
667
667
667
667
668
668
668
668
668
668
668
669
669
670
670
671
672
672
672
672
672
673
673
675
677
677
678
680
681
688
689
689
689
692
693
694
700
700
701
701
701
701
701
701
702
702
702
712
715
716
719
724
745
748
748
749
752
764
764
782
782
783
788
792
797
798
800
801
808
808
808
809
823
823
841
845
846
846
862
862
862
863
863
863
863
863
863
864
864
865
865
865
865
865
870
876
877
883
888
889
892
896
896
896
896
896
897
897
899
899
899
899
900
900
900
901
901
901
901
902
903
903
904
913
916
917
917
917
917
918
918
918
919
919
919
921
921
922
923
923
923
923
923
923
924
924
924
925
925
925
925
925
926
926
926
926
926
927
927
927
927
927
927
928
928
928
928
928
928
928
929
931
931
933
935
941
943
946
947
947
949
950
951
951
953
953
955
957
957
960
960
960
960
960
961
964
969
969
969
970
971
972
974
974
974
974
975
976
980
990
991
991
992
992
992
992
992
992
993
993
993
993
993
994
994
994
994
994
995
995
995
995
996
996
996
996
996
996
997
997
997
997
998
998
999
1000
1000
1004
1004
1005
1006
1006
1006
1006
1007
1007
1007
1009
1009
1009
1010
1012
1015
1016
1019
1021
1021
1021
1021
1022
1022
1033
1033
1037
1037
1037
1038
1045
1048
1053
1053
1062
1062
1063
1063
1065
1072
1077
1101
1103
1108
1110
1111
1112
1114
1116
1121
1123
1126
1134
1135
1136
1136
1136
1136
1136
1136
1137
1137
1137
1139
1139
1141
1141
1141
1141
1141
1141
1141
1142
1142
1142
1144
1150
1150
1150
1152
1153
1153
1154
1154
1156
1161
1162
1167
1173
1186
1187
1187
1190
1191
1193
1197
1200
1206
1206
1207
1208
1208
1212
1214
1215
1216
1218
1227
1232
1232
1232
1234
1234
1235
1235
1241
1241
1241
1242
1243
1243
1245
1245
1246
1248
1248
1249
1249
1251
1253
1253
1254
1254
1254
1255
1257
1257
1257
1257
1257
1258
1258
1258
1259
1259
1259
1259
1259
1259
1259
1259
1260
1260
1260
1263
1267
1270
1276
1276
1277
1279
1279
1279
1279
1293
1293
1312
1312
1314
1321
1322
1339
1374
1385
1410
1410
1410
1410
1410
1411
1411
1411
1411
1411
1411
1411
1412
1417
1418
1422
1423
1426
1428
1428
1429
1431
1434
1436
1437
1439
1439
1439
1440
1440
1441
1442
1452
1452
1456
1459
1459
1467
1470
1470
1470
1471
1471
1471
1472
1476
1476
1476
1478
1479
1479
1479
1481
1481
1482
1483
1483
1483
1483
1483
1483
1483
1483
1483
1483
1483
1484
1484
1484
1484
1484
1484
1484
1484
1484
1484
1484
1484
1484
1485
1485
1485
1485
1485
1485
1485
1485
1486
1486
1488
1489
1489
1489
1490
1490
1491
1493
1503
1505
1506
1508
1508
1509
1510
1511
1512
1514
1515
1518
1520
1523
1524
1524
1527
1530
1533
1538
1539
1543
1543
1544
1544
1544
1545
1545
1546
1546
1546
1546
1547
1547
1547
1547
1547
1548
1548
1553
1555
1555
1555
1555
1561
1561
1563
1563
1563
1564
1569
1574
1580
1588
1589
1589
1590
1592
1593
1603
1604
1611
1611
1612
1612
1613
1613
1614
1614
1618
1618
1620
1627
1632
1632
1632
1632
1632
1632
1633
1635
1635
1635
1635
1635
1635
1635
1638
1651
1654
1654
1654
1654
1654
1654
1661
1663
1663
1685
1690
1694
1695
1700
1703
1722
1740
1758
1764
1771
1810
1816
1816
1839
1840
1842
1845
1859
1862
1877
1893
1917
1931
1948
1952
1965
1977
1978
1980
1987
1988
2004
2006
2048
2048
2052
2052
2072
2073
2077
2077
2077
2077
2077
2077
2078
2078
2078
2078
2096
2096
2096
2096
2096
2096
2096
2096
2096
2096
2109
2109
2116
2119
2125
2130
2130
2130
2131
2136
2142
2153
2153
2158
2158
2162
2170
2170
2247
2250
2254
2262
2280
2280
2280
2292
2296
2304
2334
2336
2339
2342
2343
2348
2361
2391
2391
2455
2458
2458
2462
2471
2472
2483
2485
2612
2612
2617
2687
2689
2692
2693
2695
2704
2705
2705
2706
2706
2707
2707
2707
2707
2708
2708
2709
2710
2714
2726
2749
2750
2775
2781
2789
2789
2790
2791
2792
2792
2812
2829
2829
2834
2879
2901
2944
2945
2945
2952
2960
2960
2961
2961
2963
2963
2966
2967
2967
2967
2968
2970
2971
2971
2981
2984
2986
2989
2989
2991
2992
2993
2994
2996
2996
2997
2997
2998
2998
3009
3016
3021
3022
3023
3023
3067
3083
3086
3086
3086
3086
3086
3086
3086
3086
3086
3086
3087
3087
3087
3087
3087
3087
3087
3088
3090
3090
3090
3091
3091
3091
3103
3104
3104
3110
3110
3111
3112
3115
3117
3122
3129
3129
3131
3132
3132
3132
3132
3134
3134
3134
3138
3138
3138
3139
3139
3139
3144
3144
3144
3144
3147
3148
3149
3150
3150
3157
3157
3157
3158
3159
3159
3160
3162
3170
3172
3172
3177
3178
3179
3180
3182
3188
3188
3188
3188
3193
3193
3193
3194
3202
3209
3212
3212
3214
3214
3219
3253
3265
3265
3271
3274
3285
3323
3324
3335
3361
3403
3404
3488
3547
3576
3625
3653
3663
3663
3793
3794
3796
3804
3807
3807
3808
3809
3809
3810
3810
3823
3841
3842
3871
3918
3926
3933
4028
4083
4084
4084
4084
4085
4085
4126
4188
4196
4197
4202
4224
4224
4250
4252
4252
4338
4457
4457
4458
4458
4458
4462
4503
4506
4514
4530
4557
4594
4612
4640
4640
4657
4658
4662
4673
4679
4679
4681
4690
4690
4690
4690
4691
4691
4691
4691
4692
4692
4692
4692
4698
4698
4701
4701
4706
4709
4710
4722
4728
4729
4729
4729
4729
4729
4731
4731
4731
4753
4754
4754
