0
1
2
2
3
4
4
7
9
9
13
13
14
14
14
19
20
21
21
21
21
21
21
21
21
21
21
21
21
21
22
22
22
22
22
22
22
22
23
23
23
23
23
23
24
24
25
25
26
29
29
29
30
31
31
31
31
31
31
32
32
32
32
32
32
33
33
33
34
37
37
38
38
38
38
39
39
40
41
41
41
41
41
41
42
42
42
42
42
42
42
42
42
42
42
42
42
42
43
43
43
43
43
43
43
43
43
43
43
44
44
44
44
46
46
46
46
47
47
47
47
47
47
48
49
50
52
52
54
54
55
55
56
56
56
56
56
56
57
57
57
57
57
57
57
58
61
61
64
67
67
67
68
68
68
68
68
68
68
68
68
68
68
69
69
69
69
69
71
72
74
74
75
75
75
76
77
77
78
78
79
79
79
79
80
81
82
83
83
84
85
86
87
88
88
88
88
88
89
89
89
89
91
91
93
94
94
94
95
95
96
98
100
101
101
103
103
104
104
105
106
106
107
107
107
109
109
110
110
110
110
111
111
111
112
113
113
114
114
114
115
115
117
119
121
122
123
124
125
125
126
127
127
127
127
128
129
129
129
129
129
130
130
131
131
131
131
132
132
132
132
134
134
134
134
135
135
138
139
141
141
142
143
144
144
144
145
145
146
147
148
149
149
152
152
152
154
154
154
154
155
155
156
156
158
161
162
163
164
164
165
165
165
165
166
166
166
167
167
168
168
169
170
171
172
172
173
175
175
175
176
176
177
177
178
179
180
181
181
181
182
184
188
188
188
189
191
191
191
192
193
194
196
196
197
197
197
197
197
198
198
198
198
199
199
199
199
199
199
199
200
200
200
200
201
202
202
202
203
203
203
205
207
207
208
208
211
212
217
219
221
226
227
228
228
228
228
229
230
230
230
230
231
234
236
242
247
253
258
261
271
277
287
296
315
329
336
347
350
350
353
355
358
363
366
367
368
368
374
375
378
383
390
424
458
459
463
464
469
472
473
476
478
478
479
479
480
486
487
488
488
490
497
498
501
508
508
509
512
513
513
515
517
519
519
519
519
523
524
525
526
527
527
529
530
531
541
545
546
549
549
550
550
555
556
557
559
560
561
563
564
565
569
570
570
570
570
570
570
570
570
570
571
571
571
571
571
571
571
575
590
590
597
603
615
621
622
622
624
649
680
695
728
734
741
741
774
788
826
830
836
848
861
871
876
877
879
882
882
882
882
882
883
892
901
907
909
911
921
932
936
941
942
946
946
950
951
951
954
956
957
957
962
969
969
971
971
971
972
972
987
988
1018
1042
1052
1076
1083
1211
1244
1246
1250
1252
1255
1257
1259
1259
1260
1261
1262
1264
1275
1292
1295
1295
1296
1297
1298
1309
1312
1312
1312
1312
1313
1313
1315
1315
1315
1316
1316
1316
1319
1321
1323
1324
1324
1324
1325
1325
1326
1333
1337
1341
1345
1347
1349
1352
1353
1357
1357
1358
1358
1358
1358
1358
1359
1359
1359
1359
1360
1360
1360
1360
1361
1362
1362
1364
1364
1366
1371
1383
1384
1385
1393
1393
1393
1393
1393
1393
1393
1393
1394
1394
1394
1394
1394
1394
1395
1395
1396
1400
1401
1411
1414
1414
1414
1414
1414
1416
1417
1417
1425
1425
1425
1425
1425
1425
1428
1429
1430
1431
1431
1432
1432
1433
1433
1433
1434
1434
1434
1434
1435
1436
1438
1439
1440
1445
1445
1446
1446
1446
1446
1446
1446
1447
1447
1447
1447
1447
1447
1447
1447
1447
1448
1448
1448
1448
1448
1448
1450
1450
1453
1453
1453
1453
1454
1454
1454
1454
1454
1454
1454
1454
1454
1454
1454
1455
1455
1455
1455
1455
1455
1455
1455
1456
1456
1456
1456
1456
1459
1459
1460
1461
1461
1462
1464
1468
1470
1470
1475
1476
1477
1479
1479
1479
1481
1482
1489
1491
1497
1498
1503
1505
1560
1563
1588
1588
1588
1595
1597
1600
1601
1601
1613
1613
1616
1618
1618
1619
1621
1621
1621
1621
1626
1627
1627
1628
1628
1629
1629
1634
1634
1635
1635
1635
1635
1635
1636
1637
1637
1637
1637
1637
1637
1639
1640
1641
1642
1642
1642
1642
1642
1642
1643
1643
1643
1644
1644
1644
1644
1644
1644
1644
1645
1645
1645
1645
1645
1645
1645
1645
1645
1645
1645
1646
1646
1646
1646
1646
1646
1646
1646
1646
1646
1646
1646
1646
1646
1646
1647
1647
1647
1647
1647
1647
1647
1647
1647
1648
1648
1649
1650
1650
1650
1650
1650
1651
1651
1651
1651
1651
1651
1651
1651
1651
1651
1652
1652
1655
1655
1655
1655
1655
1656
1656
1657
1659
1662
1666
1666
1666
1667
1670
1670
1671
1672
1672
1672
1673
1673
1678
1678
1679
1679
1679
1679
1679
1684
1684
1686
1686
1688
1689
1693
1696
1698
1702
1713
1715
1716
1723
1725
1725
1736
1741
1743
1744
1744
1745
1745
1745
1746
1748
1749
1750
1751
1751
1751
1751
1752
1752
1752
1752
1757
1761
1762
1762
1763
1764
1769
1771
1773
1796
1809
1809
1809
1810
1810
1812
1820
1837
1845
1845
1846
1846
1847
1878
1878
1878
1878
1879
1879
1879
1879
1879
1879
1880
1880
1880
1881
1883
1926
1926
1926
1926
1926
1927
1963
1964
2002
2024
2036
2042
2042
2048
2049
2052
2071
2109
2112
2204
2208
2209
2209
2214
2305
2347
2348
2348
2349
2427
2495
2513
2515
2526
2528
2528
2533
2534
2535
2535
2540
2565
2566
2568
2575
2595
2605
2628
2630
2645
2659
2665
2690
2698
2716
2802
2807
2823
2862
2948
2959
2959
2968
2970
2972
2972
2981
2981
2982
2982
2984
2985
2985
2985
2985
2990
2998
2998
2998
3000
3003
3005
3008
3010
3010
3011
3011
3012
3012
3012
3018
3021
3024
3028
3029
3032
3033
3039
3047
3048
3050
3051
3053
3054
3056
3056
3058
3063
3066
3069
3069
3074
3078
3080
3081
3082
3085
3097
3102
3104
3106
3116
3117
3119
3124
3126
3126
3129
3129
3133
3134
3140
3141
3146
3146
3147
3147
3148
3149
3150
3154
3157
3160
3161
3161
3170
3171
3172
3176
3176
3177
3177
3177
3177
3178
3178
3187
3191
3224
3260
3260
3260
3260
3260
3333
3341
3377
3377
3389
3406
3406
3449
3452
3453
3460
3465
3473
3638
3641
3687
3687
3688
3688
3743
3754
3766
3777
3778
3779
3779
3781
3782
3854
3872
3872
3883
4104
4119
4122
4122
4122
4142
4177
4190
4196
4197
4199
4211
4211
4280
4295
4300
4308
4319
4319
4323
4324
4324
4325
4326
4326
4327
4336
4336
4336
4336
4354
4385
4457
4464
4465
4471
4479
4482
4482
4487
4497
4507
4507
4508
4513
4515
4562
4568
4569
4569
4575
4576
4576
4577
4577
4578
4583
4589
4595
4598
4600
4607
4609
4613
4614
4615
4616
4629
4647
4689
4692
4695
4703
4710
4711
4715
4716
4719
4755
4762
4784
4935
4940
4956
4969
4982
5021
5042
5055
5062
5073
5074
5083
5083
5108
5133
5264
5281
5357
5362
5371
5469
5470
5471
5471
5473
5478
5493
5493
5501
5547
5662
5711
5843
5862
5862
5863
5863
5863
5867
5867
5872
5874
5874
5875
5877
5878
5878
5878
5891
5902
5903
5906
5911
5912
5929
5932
5938
5947
5970
6000
6097
6098
6100
6106
6121
6127
6128
6130
6131
6161
6161
6202
6211
6215
6216
6217
6218
6218
6423
6424
6433
6433
6434
6437
6441
6454
6461
6462
6470
6478
6478
6479
6479
6479
6480
6480
6480
6480
6480
6481
6481
6481
6481
6481
6481
6482
6493
6494
6495
6496
6505
6512
6517
6525
6527
6571
6578
6579
6580
6587
6830
6864
6865
6865
6865
6865
6865
6878
6878
6882
6892
6893
6893
6894
6894
6902
6908
6913
6928
6931
6934
6937
6938
6945
6945
6946
6946
6957
6960
6970
6970
6970
6971
6971
6971
6971
6971
6971
7015
7021
7040
7041
7041
7044
7049
7056
7102
7104
7104
7111
7111
7111
7114
7170
7206
7206
7209
7209
7280
7431
7434
7439
7446
7462
7462
7462
7503
7513
7513
7513
7513
7513
7513
7513
7513
7514
7523
7539
7539
7539
7539
7539
7539
7539
7539
7539
7539
7539
7542
7542
7542
7542
7542
7542
7542
7542
7542
7542
7542
7542
7542
7542
7542
7542
7550
7551
7551
7559
7561
7562
7564
7564
7564
7565
7569
7569
7570
7571
7571
7571
7580
7580
7580
7585
7585
7592
7593
7593
7593
7593
7593
