0
0
2
3
4
5
5
6
6
8
10
11
12
12
14
15
15
17
17
17
18
18
18
18
18
18
19
19
19
19
19
19
19
19
19
19
20
20
20
20
20
20
20
20
20
21
21
21
22
22
23
23
23
24
24
24
24
25
25
25
25
25
26
26
26
26
26
26
26
26
27
27
27
27
27
27
27
27
27
28
28
28
28
28
28
28
29
29
29
29
29
29
29
29
29
29
29
29
29
29
29
30
30
30
30
30
30
30
30
30
30
30
30
30
30
30
30
30
31
31
31
31
31
31
31
31
31
31
31
31
32
32
32
32
32
32
32
32
32
32
32
32
32
32
32
32
32
32
32
33
33
33
33
33
33
33
33
33
33
33
34
34
34
34
34
34
34
35
35
35
35
36
36
37
37
38
38
38
38
38
38
38
38
38
39
39
39
39
40
40
40
40
40
41
41
42
42
42
43
43
43
44
44
44
44
44
45
45
45
45
45
45
46
46
46
47
47
47
48
48
48
49
49
50
51
51
51
52
52
53
53
53
54
54
54
54
55
55
55
56
56
56
56
56
56
56
56
57
58
58
58
59
59
59
59
60
60
60
60
61
61
61
62
62
62
62
63
63
63
63
63
64
64
64
64
65
66
66
66
66
67
68
69
69
69
69
69
69
69
69
69
70
70
70
70
71
71
71
71
72
72
73
73
73
73
73
73
73
73
74
74
74
74
75
75
75
75
75
75
75
75
75
75
76
76
76
76
76
76
77
77
77
78
78
78
78
78
79
79
79
79
79
79
79
80
81
81
81
81
81
82
82
82
82
82
82
83
83
83
83
83
83
84
84
84
84
87
88
88
88
89
89
89
90
90
90
90
90
92
92
93
93
95
97
97
97
98
98
98
98
98
98
99
99
99
99
99
100
100
100
100
100
101
103
103
104
105
105
106
106
106
107
107
107
107
107
107
107
108
108
108
108
108
108
108
108
108
108
108
109
109
109
109
109
109
109
109
109
109
109
109
110
110
110
110
110
110
110
110
110
111
111
111
111
111
111
112
113
113
113
113
113
113
113
114
114
114
114
114
115
115
115
116
116
116
116
116
116
117
117
117
117
118
119
120
121
121
121
121
122
122
122
122
122
122
122
122
123
123
123
123
123
124
125
125
125
126
127
127
128
128
129
129
129
130
130
131
131
131
131
132
132
133
133
134
135
135
135
135
135
135
135
136
136
136
136
136
136
137
137
137
137
137
137
137
137
137
138
138
139
139
139
139
139
139
139
139
139
139
139
139
139
139
139
139
139
139
140
140
140
140
140
140
140
140
140
140
140
140
140
140
140
140
141
141
141
141
141
141
142
142
142
142
142
142
142
143
143
143
143
144
145
146
146
147
147
147
147
147
147
148
148
148
148
149
150
150
150
150
150
150
150
150
150
150
151
151
151
151
151
151
151
151
151
151
152
152
152
152
153
153
153
153
154
154
154
154
154
154
154
154
155
155
155
155
156
156
156
156
156
157
157
157
157
158
158
158
158
158
158
158
158
158
158
158
158
158
158
158
159
159
159
159
159
159
159
159
159
159
159
160
160
160
160
160
161
161
162
162
162
162
163
163
163
163
164
164
164
164
164
165
165
165
166
166
166
167
167
167
167
167
168
168
169
169
169
169
169
170
170
171
171
171
171
172
172
173
173
173
174
174
174
174
174
174
174
174
174
174
175
175
176
176
177
177
177
177
178
179
180
181
182
182
184
185
185
186
186
186
186
187
188
188
188
189
189
190
191
192
192
193
193
193
194
195
196
197
197
198
199
199
200
202
202
202
203
203
203
203
203
204
204
204
204
205
205
206
206
207
207
207
207
207
207
208
208
208
208
208
208
209
209
210
210
210
211
212
212
212
214
214
215
215
215
215
216
217
217
218
218
218
219
219
220
220
221
221
222
222
223
224
225
226
226
227
229
229
229
231
231
233
233
234
235
236
236
237
237
237
237
238
238
238
238
238
239
239
239
240
240
240
240
240
241
241
241
243
244
245
245
245
247
248
251
251
252
252
254
254
254
255
258
259
259
262
263
263
265
265
267
267
271
271
273
274
275
275
275
275
276
276
277
279
288
291
294
296
297
297
306
307
310
311
312
313
313
315
318
319
320
320
321
322
322
323
323
323
323
323
323
323
323
323
324
324
324
324
324
324
324
324
324
324
324
325
325
325
325
325
325
325
326
326
327
327
327
328
329
330
331
331
331
331
331
333
333
333
334
334
334
334
335
335
335
336
337
337
337
337
337
339
340
340
340
341
341
341
341
342
342
343
343
343
344
344
344
344
345
345
345
345
345
346
346
346
347
347
348
348
348
348
349
349
350
350
355
356
356
359
360
360
361
361
361
361
361
362
362
362
362
363
363
363
363
367
368
369
369
369
369
370
371
372
372
373
373
374
374
376
382
383
383
384
384
390
390
391
393
397
398
400
400
401
401
402
402
403
403
404
404
406
406
407
408
408
409
412
413
431
432
434
453
506
544
546
546
561
562
563
563
563
563
564
564
564
564
565
566
567
570
570
571
571
576
576
577
587
589
595
596
599
602
602
603
640
652
652
652
652
653
653
653
653
653
653
654
654
654
656
662
700
706
707
708
708
708
712
712
723
724
727
727
727
729
729
732
732
732
735
735
735
736
736
737
741
743
743
744
746
749
751
751
751
752
782
783
785
785
810
810
811
811
823
824
826
827
830
838
838
839
839
839
839
839
840
840
840
840
840
840
840
840
841
841
841
841
843
843
849
879
880
882
909
917
922
925
929
930
932
935
1003
1007
1062
1130
1147
1147
1147
1147
1151
1175
1176
1176
1176
1177
1178
1179
1179
1179
1180
1231
1231
1231
1232
1310
1316
1317
1323
1329
1329
1336
1347
1347
1347
1347
1356
1363
1379
1381
1382
1394
1401
1406
1410
1413
1423
1436
1437
1453
1461
1486
1490
1490
1490
1490
1491
1491
1499
1500
1501
1502
1504
1505
1507
1507
1507
1507
1507
1507
1507
1507
1509
1510
1512
1512
1512
1514
1514
1514
1514
1514
1516
1518
1518
1520
1520
1520
1520
1520
1522
1522
1523
1523
1523
1532
1533
1533
1536
1536
1537
1539
1541
1544
1546
1547
1548
1549
1552
1553
1553
1554
1555
1555
1558
1561
1561
1562
1568
1568
1572
1572
1575
1579
1579
1580
1584
1585
1594
1600
1601
1601
1603
1604
1604
1606
1606
1614
1619
1619
1629
1632
1633
1636
1638
1638
1638
1642
1642
1642
1643
1645
1654
1655
1656
1662
1666
1673
1674
1675
1675
1676
1678
1680
1681
1682
1718
1838
1839
1840
1842
1843
1843
1843
1843
1844
1844
1844
1844
1845
1848
1849
1850
1850
1850
1850
1851
1853
1853
1854
1867
1868
1869
1872
1878
1882
1887
1892
1892
1905
1911
1915
2088
2107
2111
2114
2117
2119
2297
2300
2300
2303
2308
2339
2345
2363
2363
2363
2386
2389
2412
2482
2492
2511
2518
2518
2518
2522
2535
2535
2535
2535
2535
2535
2536
2536
2667
2674
2684
2691
2697
2710
2711
2712
2713
2739
2739
2739
2739
2808
2814
2814
2814
2814
2814
2814
2814
2814
2819
2819
2821
2821
2822
2822
2913
2913
2918
2922
2923
2926
2926
2934
2935
2938
2942
2946
2950
2964
2964
2964
2964
2985
2985
2985
2985
2985
2985
2988
2988
2988
2988
2989
2989
2989
2989
2999
2999
2999
2999
3000
3000
3000
3000
3000
3005
3005
3008
3008
3008
3008
3026
3037
3043
3044
3044
3054
3054
3054
3056
3056
3056
3103
3103
3103
3105
3106
3113
3113
3113
3113
3113
3126
3126
3126
3126
3167
3189
3189
3189
3189
3190
3190
3195
3197
3197
3199
3207
3207
3207
