0
0
0
1
2
3
4
4
4
5
5
5
8
8
10
10
10
11
11
11
11
12
13
13
13
13
13
13
13
14
14
14
16
16
16
17
17
18
18
18
18
18
18
18
18
18
18
18
18
18
18
19
19
19
19
19
19
19
19
19
19
20
20
20
21
21
21
22
22
22
22
22
23
23
23
24
25
25
25
25
26
26
26
26
27
27
27
27
27
27
27
27
27
28
28
28
28
28
28
28
28
28
28
28
28
29
29
29
29
29
30
30
30
30
31
31
31
31
31
32
32
32
32
33
33
33
33
34
34
35
35
35
35
35
35
35
35
35
35
36
36
36
38
38
39
39
39
40
42
42
42
43
43
44
45
45
45
46
46
46
46
47
47
47
47
47
47
47
47
47
48
48
48
48
48
49
49
50
50
50
50
50
51
51
53
53
54
55
55
56
56
56
56
57
57
57
58
58
59
59
59
60
60
61
61
61
61
61
61
63
63
63
64
64
64
64
64
65
66
66
67
67
67
68
68
69
69
69
69
69
70
70
70
70
70
70
70
70
71
71
71
71
71
71
71
71
71
71
71
72
72
73
73
73
74
75
75
75
75
75
76
76
76
77
77
77
77
77
77
77
78
78
78
78
78
79
79
79
79
79
79
79
79
80
80
80
81
81
81
81
81
82
82
82
82
82
83
83
83
84
84
85
87
87
87
87
87
88
88
88
89
89
89
89
89
89
90
90
90
90
90
90
90
91
91
91
91
92
92
92
92
92
93
93
93
93
93
94
94
94
94
94
95
95
95
96
96
96
97
97
97
97
98
98
98
98
99
100
100
100
101
101
101
102
102
103
103
103
104
105
105
105
105
106
106
106
106
106
106
107
107
107
107
107
107
107
108
108
108
108
108
108
108
108
108
108
109
109
109
109
109
110
110
110
110
110
111
111
112
113
113
113
113
114
114
114
115
115
115
115
115
115
115
115
116
116
116
116
117
117
117
117
118
118
119
120
120
120
121
121
121
121
121
122
122
123
123
123
123
123
123
124
124
124
124
124
125
126
129
129
129
130
130
132
134
134
134
134
134
135
135
135
135
136
137
137
138
139
139
139
139
139
139
140
140
140
140
140
141
142
142
142
142
142
143
143
143
143
143
144
144
144
144
144
145
145
145
145
145
145
145
146
146
146
146
146
147
147
147
147
147
147
147
148
148
148
148
148
148
148
149
149
149
149
150
150
151
151
151
151
151
151
151
152
152
152
152
152
152
152
152
152
152
152
152
152
152
152
152
153
153
153
153
153
153
153
153
153
153
153
153
153
154
154
154
155
156
156
157
157
157
157
158
158
158
158
159
159
159
159
159
160
160
160
160
160
160
160
161
161
161
161
161
161
161
162
162
162
163
163
163
163
163
164
164
165
165
165
165
165
165
165
166
166
166
166
166
166
166
166
167
167
167
167
168
168
168
168
168
168
168
168
169
169
169
169
170
170
170
170
170
170
170
171
171
171
171
171
171
171
172
172
173
174
174
174
175
175
175
175
176
177
177
178
178
179
179
179
180
180
180
180
180
180
180
180
180
181
181
181
181
182
182
182
182
185
185
186
186
186
187
187
187
187
188
188
188
189
189
189
189
190
190
191
192
194
195
195
195
195
197
198
198
199
199
199
199
200
200
200
201
203
203
204
204
205
206
206
206
207
207
207
208
208
210
210
210
210
210
210
210
210
210
211
211
211
211
211
211
211
211
211
212
212
212
212
212
212
212
212
212
212
213
213
213
213
213
214
214
214
214
214
214
214
214
214
214
214
215
215
215
215
215
215
215
215
215
216
216
216
216
216
216
216
216
216
216
216
217
217
217
217
218
218
218
221
222
223
223
223
224
225
225
225
226
227
227
233
233
235
236
236
238
238
241
242
242
242
244
245
245
245
245
246
246
247
247
249
249
250
250
250
251
251
252
253
253
255
255
256
257
257
257
257
257
257
261
266
269
270
271
275
275
275
279
281
286
286
286
286
287
292
293
294
294
294
294
296
298
298
300
302
302
306
307
309
316
318
331
347
352
354
358
360
364
365
366
366
366
367
370
372
373
373
375
380
383
385
388
388
395
398
398
400
401
402
403
405
406
407
407
407
408
410
410
412
416
419
420
421
422
425
425
427
432
436
438
441
445
445
445
446
451
452
452
453
453
454
454
456
456
460
460
460
461
461
462
462
463
469
470
477
478
478
483
483
483
483
483
484
484
484
484
486
486
487
491
496
497
502
505
507
522
522
531
536
542
543
543
544
544
544
544
544
544
545
545
546
548
549
552
562
567
577
577
578
580
581
583
591
593
593
593
595
599
601
601
612
614
619
620
621
621
626
627
627
629
630
632
632
633
633
633
634
634
634
634
635
635
639
643
645
651
651
657
658
671
674
679
679
685
695
697
697
697
698
698
703
787
814
826
833
842
842
842
843
844
845
845
848
848
859
859
860
866
866
866
867
875
875
875
878
879
879
881
888
891
892
895
902
915
918
918
919
926
930
931
934
936
939
939
940
940
940
940
940
941
941
979
979
979
979
979
980
980
981
981
988
988
990
991
991
992
998
1096
1144
1212
1213
1227
1274
1276
1282
1293
1294
1306
1307
1322
1322
1327
1344
1345
1425
1431
1431
1431
1431
1432
1432
1432
1432
1432
1432
1432
1432
1432
1432
1432
1433
1433
1433
1433
1433
1433
1433
1434
1444
1451
1454
1456
1459
1461
1462
1468
1468
1475
1477
1478
1479
1480
1480
1485
1488
1488
1492
1492
1493
1493
1497
1501
1505
1506
1507
1507
1511
1512
1512
1514
1516
1517
1517
1522
1526
1537
1538
1539
1539
1544
1545
1546
1546
1547
1552
1553
1558
1566
1569
1570
1571
1571
1571
1573
1573
1582
1585
1609
1612
1617
1617
1618
1618
1618
1620
1622
1623
1624
1624
1627
1628
1628
1628
1630
1630
1631
1631
1631
1633
1635
1636
1637
1637
1637
1637
1639
1639
1641
1641
1642
1642
1642
1645
1645
1646
1647
1647
1648
1648
1649
1650
1651
1652
1652
1652
1654
1656
1657
1657
1659
1659
1660
1660
1667
1668
1672
1674
1676
1677
1677
1680
1680
1681
1683
1684
1684
1686
1688
1688
1689
1692
1695
1697
1699
1700
1701
1705
1706
1709
1709
1709
1710
1714
1715
1717
1718
1723
1724
1729
1731
1741
1743
1745
1751
1751
1751
1752
1752
1753
1753
1753
1756
1766
1770
1775
1777
1780
1781
1787
1799
1800
1801
1803
1811
1857
1871
1895
1895
1903
1903
1908
1909
1922
1922
1923
1924
1930
1930
1931
1935
1949
1956
1970
1970
1971
1989
1989
2000
2001
2002
2007
2007
2015
2020
2038
2053
2053
2112
2123
2228
2301
2303
2306
2358
2359
2362
2362
2386
2398
2398
2406
2417
2421
2440
2444
2466
2503
2509
2523
2605
2605
2606
2606
2612
2656
2749
2760
2772
2783
2829
2902
2909
2910
2911
2965
2971
2991
3002
3005
3011
3014
3037
3038
3039
3039
3040
3040
3041
3084
3085
3087
3089
3090
3093
3103
3109
3110
3115
3115
3115
3117
3117
3117
3118
3121
3122
3124
3125
3126
3127
3127
3134
3136
3136
3136
3137
3149
3150
3152
3152
3152
3159
3159
3161
3164
3167
3167
3170
3173
3175
3176
3177
3178
3180
3182
3185
3186
3189
3191
3194
3194
3198
3198
3200
3200
3204
3212
3214
3218
3218
3218
3218
3221
3222
3226
3226
3228
3228
3230
3231
3231
3231
3233
3234
3234
3252
3262
3263
3264
3265
3265
3272
3286
3287
3288
3290
3290
3292
3293
3295
3296
3301
3303
3306
3314
3319
3319
3320
3374
3432
3502
3528
3544
3544
3544
3544
3544
3545
3545
3547
3547
3547
3547
3547
3549
3549
3549
3549
3549
3552
3587
3588
3610
3612
3618
3626
3647
3652
3655
3656
3666
3739
3772
3772
3774
3831
3871
3876
3886
3913
3918
3920
3921
3923
3924
3929
3940
3949
3960
3961
3984
4012
