0
0
2
2
3
4
4
8
10
10
10
13
13
14
16
17
19
19
20
22
24
25
25
25
26
26
26
29
31
32
32
32
32
32
32
32
33
33
33
33
34
34
34
34
34
35
35
35
35
35
35
35
35
35
37
37
38
38
38
39
39
40
40
40
40
40
40
41
41
41
41
41
41
41
41
41
42
42
42
43
43
43
44
44
45
46
47
48
49
49
49
49
50
50
50
50
50
50
50
50
50
50
51
51
51
51
51
51
51
51
51
51
51
51
51
52
52
54
54
55
56
57
57
57
57
57
57
58
59
59
59
60
62
62
62
62
62
63
63
63
63
63
63
64
64
64
64
64
65
65
66
66
66
66
66
67
67
67
67
67
67
67
68
68
68
68
68
68
68
68
68
68
68
68
68
68
68
68
69
69
69
69
69
69
69
69
69
69
69
69
69
69
69
69
69
69
69
69
70
70
71
71
72
72
73
74
74
78
79
80
81
82
82
82
82
82
82
83
83
83
83
84
85
85
85
85
86
86
86
87
87
87
87
88
88
88
88
88
88
89
90
90
90
92
93
93
93
93
94
94
94
94
95
95
97
97
97
98
98
98
98
98
98
99
99
100
100
101
101
101
101
101
101
102
102
102
102
102
102
102
102
102
102
102
103
103
103
103
104
104
104
104
104
105
105
105
105
105
106
106
106
106
108
109
109
110
110
112
112
112
112
113
113
114
114
115
115
115
115
115
115
115
116
116
116
116
117
119
120
121
124
125
126
126
127
127
129
129
131
131
131
132
133
134
135
135
136
136
137
137
138
139
144
144
144
145
145
146
146
147
148
150
150
150
151
151
152
152
153
159
161
163
166
166
166
167
167
168
168
168
169
169
169
170
170
170
170
170
170
170
171
171
171
172
172
172
173
173
173
174
174
174
174
175
175
177
177
178
178
178
178
178
178
178
179
179
179
180
180
180
182
182
182
182
182
182
183
183
183
183
184
184
184
184
185
185
185
185
185
186
186
186
186
186
187
187
187
187
187
187
187
188
188
190
190
191
193
194
196
198
201
201
202
203
203
205
205
205
206
206
207
208
208
209
209
209
209
209
209
210
210
210
210
210
210
210
210
211
211
211
211
211
212
212
212
212
212
212
216
216
216
216
217
217
217
220
220
221
225
225
225
225
225
225
225
226
226
226
227
228
229
229
230
231
231
232
232
233
236
241
246
252
252
252
254
255
256
257
260
261
265
269
270
271
272
273
274
277
279
280
281
281
282
283
283
285
287
287
289
289
289
290
290
291
291
292
292
292
293
293
293
293
294
294
295
295
295
295
296
304
304
305
308
308
310
323
323
324
324
324
324
325
325
326
329
334
335
336
338
338
338
339
340
340
345
346
346
346
347
354
354
354
366
367
369
385
397
400
414
417
419
420
425
441
444
447
448
450
450
451
454
461
461
468
474
474
479
482
482
483
484
484
485
501
503
516
518
518
521
523
524
526
529
529
530
531
538
542
542
543
543
547
547
547
548
550
556
557
559
563
566
568
568
568
568
569
570
570
570
573
573
576
578
578
579
584
592
599
601
606
609
614
615
616
619
620
621
621
621
621
621
622
622
623
623
623
623
624
624
624
624
624
624
624
624
624
624
624
624
624
625
625
625
625
625
625
625
625
625
625
626
626
626
626
627
627
629
629
630
630
630
630
631
631
631
631
631
631
631
631
631
631
631
631
631
631
631
631
631
631
632
632
632
633
634
638
640
641
643
645
646
647
648
652
658
658
659
659
661
664
664
664
668
668
669
672
673
673
675
678
695
701
702
709
709
718
718
718
720
726
726
727
727
727
727
727
728
728
729
729
730
739
743
746
767
769
771
772
772
780
826
845
851
891
912
925
925
928
930
931
932
932
933
934
945
946
946
953
971
991
992
1002
1002
1002
1003
1014
1023
1025
1028
1030
1030
1031
1040
1045
1048
1051
1051
1056
1057
1059
1067
1070
1071
1075
1078
1079
1083
1083
1085
1089
1091
1097
1101
1107
1108
1108
1108
1109
1109
1109
1109
1109
1109
1110
1110
1111
1111
1114
1117
1118
1118
1118
1120
1121
1122
1123
1124
1126
1130
1131
1135
1152
1154
1159
1164
1164
1171
1186
1196
1216
1277
1291
1291
1301
1302
1316
1342
1368
1382
1384
1386
1390
1405
1408
1412
1413
1415
1419
1419
1424
1425
1425
1426
1426
1427
1427
1431
1433
1434
1436
1436
1438
1439
1439
1440
1441
1441
1442
1443
1444
1444
1444
1445
1447
1447
1447
1449
1450
1450
1452
1454
1454
1455
1455
1455
1455
1455
1455
1457
1458
1458
1460
1460
1462
1463
1464
1464
1464
1465
1469
1469
1469
1469
1470
1471
1471
1471
1473
1475
1477
1483
1484
1486
1486
1489
1490
1491
1494
1497
1505
1506
1506
1506
1513
1513
1514
1514
1516
1516
1526
1526
1529
1529
1529
1529
1533
1533
1534
1534
1534
1544
1544
1552
1554
1554
1558
1558
1560
1560
1561
1567
1567
1567
1575
1576
1577
1577
1577
1577
1577
1578
1578
1581
1581
1581
1581
1581
1581
1586
1587
1587
1587
1587
1590
1590
1592
1592
1592
1592
1592
1592
1596
1596
1596
1596
1597
1597
1598
1598
1599
1602
1603
1605
1614
1617
1618
1619
1620
1620
1621
1624
1624
1627
1628
1630
1635
1635
1643
1644
1647
1648
1648
1648
1652
1660
1661
1662
1666
1666
1666
1670
1670
1672
1672
1672
1677
1678
1684
1685
1687
1689
1691
1701
1703
1703
1710
1715
1718
1723
1724
1728
1731
1749
1760
1771
1771
1775
1777
1781
1816
1817
1823
1823
1830
1836
1836
1837
1837
1837
1844
1844
1847
1858
1882
1889
1900
1907
1907
1911
1913
1915
1915
1929
1931
1933
1940
1941
1941
1941
1941
1942
1942
1942
1942
1944
1950
1951
1956
1967
1971
1974
2000
2001
2026
2048
2048
2058
2065
2066
2084
2092
2098
2099
2100
2102
2102
2126
2165
2165
2178
2223
2223
2224
2225
2236
2253
2305
2323
2323
2323
2325
2328
2334
2348
2357
2358
2358
2358
2358
2358
2358
2359
2359
2359
2359
2359
2359
2359
2359
2359
2360
2360
2360
2360
2361
2361
2362
2364
2397
2401
2436
2437
2437
2437
2438
2438
2448
2449
2467
2470
2472
2476
2494
2498
2503
2505
2505
2505
2507
2507
2513
2513
2528
2529
2544
2568
2575
2578
2588
2588
2590
2607
2612
2613
2629
2648
2649
2650
2651
2663
2663
2663
2664
2664
2664
2665
2665
2665
2665
2666
2670
2670
2685
2718
2718
2718
2718
2741
2749
2873
2878
2885
2910
2912
2913
2913
2913
2914
2953
2953
2953
2959
2962
2964
2971
2972
2977
2983
2993
2995
2999
3007
3008
3008
3009
3023
3026
3026
3038
3039
3042
3045
3045
3057
3058
3063
3064
3064
3068
3068
3074
3075
3083
3090
3093
3095
3096
3097
3099
3100
3100
3100
3101
3104
3119
3120
3128
3132
3132
3133
3133
3138
3150
3151
3153
3158
3159
3160
3160
3199
3200
3203
3210
3224
3230
3294
3330
3330
3357
3357
3357
3357
3358
3358
3358
3358
3374
3374
3374
3374
3393
3397
3399
3411
3411
3411
3411
3411
3411
3411
3411
3411
3411
3411
3411
3415
3415
3431
3431
3455
3478
3514
3517
3518
3521
3525
3525
3532
3544
3545
3546
3559
3564
3564
3565
3565
3565
3589
3590
3590
3592
3594
3602
3609
3628
3632
3646
3676
3694
3696
3733
3733
3736
3823
3824
3850
3928
3944
3949
3969
4040
4046
4122
4129
4188
4246
4275
4283
4286
4287
4294
4299
4343
4344
4348
4365
4370
4371
4377
4380
4386
4386
4386
4403
4407
4451
4487
4507
4529
4529
4529
4536
4540
4541
4545
4557
4557
4557
4557
4558
4558
4560
4577
4577
4599
4615
4620
4647
4649
4650
4651
4651
4651
4651
4659
4659
4661
4675
4677
4678
4678
4678
4680
4681
4682
4684
4685
4685
4689
4696
4700
4700
4700
4731
4738
4738
4738
4738
4768
4775
4775
4788
4791
4829
4841
4864
4864
4864
4867
4870
4870
4884
4884
4908
4950
4964
4964
4964
4964
4964
4964
5040
5099
5112
5112
5118
5152
5173
5178
5190
5412
5450
5450
5526
5526
5526
5526
5526
5537
5540
5552
5552
5552
5577
5594
5595
5610
5610
5643
5662
5662
5679
5679
5680
5680
5710
5762
5782
5787
5787
5789
5794
5794
5804
5804
5866
5866
5868
5868
5983
6038
6052
6080
6080
6080
6080
6080
6080
6081
6081
