0
2
3
3
3
4
5
5
6
8
10
10
10
11
11
13
13
14
15
15
15
16
16
16
16
19
19
20
20
21
21
22
22
22
22
23
24
24
24
25
26
26
26
26
26
27
27
27
27
27
27
27
27
27
27
27
27
27
28
28
28
28
28
28
28
28
28
28
28
28
28
28
28
28
28
28
28
28
28
28
29
29
29
29
29
29
29
29
29
29
30
30
30
30
30
30
30
30
30
30
31
31
31
31
31
31
31
32
32
32
33
33
33
33
33
33
34
34
34
34
34
34
34
35
35
35
35
35
35
35
35
35
35
36
36
36
36
36
36
37
37
37
38
38
38
38
38
38
38
39
39
39
39
39
40
40
41
42
42
42
42
42
42
43
43
44
44
44
44
44
44
44
44
45
45
45
46
46
46
47
47
47
48
48
48
51
51
51
51
51
51
51
52
52
52
52
53
53
53
53
53
53
53
53
53
54
54
54
54
54
54
54
54
54
54
54
54
54
54
54
54
55
55
55
55
55
55
55
55
55
55
55
55
55
56
56
57
57
58
59
59
59
60
60
60
60
60
60
60
61
61
61
61
61
62
62
62
62
62
62
62
62
63
63
63
63
63
63
63
63
63
63
63
63
63
64
64
64
64
64
64
64
64
64
64
64
64
65
65
65
65
66
67
68
69
69
69
69
70
70
70
71
71
71
71
71
71
72
72
73
73
73
73
74
74
74
74
74
74
74
74
75
76
76
76
76
77
77
78
78
81
81
81
81
81
84
86
86
86
86
86
87
87
87
87
88
88
88
90
90
90
91
91
92
92
92
93
93
93
93
94
94
94
95
95
96
96
98
98
99
99
99
99
102
102
102
106
106
106
106
107
107
109
109
110
111
111
111
111
111
111
111
112
112
112
113
113
113
113
113
114
114
117
117
117
117
117
117
118
118
118
118
118
118
119
119
119
120
120
121
121
122
122
122
123
123
123
123
123
125
126
127
128
129
130
130
131
131
131
132
132
132
132
134
135
136
136
136
136
136
136
136
136
137
137
137
137
137
137
138
138
139
140
141
142
142
145
145
146
147
149
150
151
151
151
152
153
154
155
158
159
160
161
161
162
162
162
162
162
162
163
163
163
164
165
165
165
165
165
166
166
166
166
166
167
168
168
168
168
168
168
168
169
169
169
171
171
172
173
174
174
175
175
175
175
175
175
175
176
176
176
176
176
176
177
177
177
178
180
181
182
182
182
183
184
184
185
185
186
186
186
187
189
189
189
189
190
190
190
190
190
190
190
190
190
190
190
191
191
191
192
192
192
192
192
192
192
192
193
193
193
193
193
193
194
194
194
194
194
195
195
195
195
195
195
195
195
195
195
195
195
195
196
196
196
196
196
196
196
196
196
197
197
197
197
197
197
197
197
197
197
197
197
197
197
197
197
197
198
198
198
198
198
198
198
198
198
198
198
198
198
198
198
198
198
199
199
199
200
200
200
200
200
201
201
202
202
203
204
204
204
204
204
205
207
207
208
208
208
208
210
210
211
211
211
211
212
212
213
213
213
214
214
214
214
215
215
216
216
217
220
221
222
223
224
225
227
227
227
227
227
228
228
229
229
230
230
230
235
235
235
235
235
237
238
238
238
238
239
239
239
239
240
240
241
241
242
242
243
244
245
245
246
246
246
246
247
247
247
248
248
248
249
249
250
250
250
250
250
250
251
252
253
254
254
254
256
257
258
258
258
258
258
259
259
259
259
259
260
260
260
260
260
261
261
261
262
264
265
266
266
267
267
267
267
267
267
267
267
267
267
267
267
267
267
267
268
268
269
269
270
270
270
270
270
270
271
271
271
271
272
272
273
274
275
276
277
277
278
279
281
281
281
282
282
282
282
282
282
282
282
283
283
283
283
283
283
285
286
286
287
287
287
287
287
287
287
288
288
288
288
288
288
295
296
296
297
297
297
297
298
299
300
300
302
302
302
302
302
303
305
311
311
311
312
312
312
313
315
320
323
323
323
323
323
323
328
329
329
329
330
336
338
339
341
342
343
343
344
345
348
349
349
351
352
353
354
354
355
355
355
357
357
358
364
366
366
370
370
371
372
373
374
374
376
376
378
381
388
389
389
393
398
398
401
402
403
404
405
405
405
406
406
410
414
415
416
416
417
417
417
417
417
418
418
419
419
421
425
441
441
457
462
465
465
465
466
466
470
472
472
473
479
481
485
492
492
492
492
501
501
501
503
503
503
503
503
504
504
504
504
504
504
505
505
506
506
507
508
509
509
509
513
514
515
517
518
518
520
520
520
521
522
523
523
524
525
525
525
527
527
527
527
529
529
530
530
531
533
534
535
537
538
538
539
542
542
543
543
543
547
547
549
550
555
556
556
559
560
560
560
562
563
565
566
566
567
569
576
576
576
577
577
577
577
578
578
578
578
578
578
578
581
581
581
581
581
582
582
582
582
582
582
583
583
583
583
583
583
584
585
587
589
590
590
591
591
591
591
592
592
592
593
595
596
599
601
601
604
606
610
611
611
612
613
614
616
618
619
619
619
621
624
625
625
625
631
635
640
641
642
645
648
648
648
649
652
652
653
653
655
655
655
655
656
656
657
657
658
658
659
660
663
663
663
663
664
668
669
672
673
675
675
676
676
678
681
681
684
685
685
685
688
690
690
692
692
696
697
699
708
711
716
718
721
722
723
726
726
731
735
747
751
752
758
758
758
758
758
760
780
782
792
792
802
806
817
817
818
818
818
819
820
822
825
825
825
860
863
863
863
865
869
886
889
890
890
891
891
893
893
895
895
899
899
903
903
904
904
911
911
911
912
917
917
918
921
921
921
924
928
937
941
942
943
946
948
957
963
964
979
983
987
987
989
989
991
992
992
992
1008
1013
1014
1014
1018
1018
1018
1024
1026
1026
1027
1053
1053
1057
1065
1067
1086
1087
1096
1111
1111
1119
1119
1126
1128
1137
1140
1192
1202
1207
1208
1211
1220
1220
1220
1222
1225
1230
1241
1246
1247
1247
1257
1257
1258
1258
1258
1259
1259
1259
1260
1264
1264
1270
1274
1275
1276
1276
1277
1280
1281
1284
1300
1304
1305
1311
1313
1315
1317
1318
1318
1318
1321
1321
1322
1325
1336
1336
1340
1344
1346
1353
1369
1373
1374
1375
1385
1390
1398
1398
1398
1398
1401
1405
1406
1408
1408
1411
1415
1415
1415
1419
1421
1421
1423
1424
1424
1426
1426
1426
1427
1430
1430
1430
1430
1432
1435
1438
1438
1440
1440
1445
1447
1447
1448
1449
1449
1449
1450
1450
1450
1451
1453
1458
1473
1473
1479
1479
1481
1482
1482
1486
1487
1494
1497
1501
1502
1508
1509
1509
1510
1511
1511
1517
1518
1529
1537
1539
1542
1543
1543
1546
1571
1571
1575
1579
1579
1593
1594
1594
1594
1594
1596
1596
1597
1598
1607
1609
1610
1611
1613
1613
1613
1617
1617
1617
1620
1623
1629
1634
1642
1647
1649
1649
1654
1661
1663
1663
1664
1665
1665
1665
1665
1665
1665
1665
1665
1673
1673
1673
1679
1679
1685
1685
1686
1686
1686
1686
1686
1686
1686
1686
1686
1686
1686
1686
1686
1686
1686
1686
1686
1698
1699
1701
1704
1723
1723
1730
1730
1734
1739
1741
1749
1752
1753
1758
1759
1759
1759
1759
1760
1760
1760
1760
1760
1760
1773
1775
1790
1811
1811
1817
1818
1834
1882
1886
1891
1911
1918
1922
1922
1924
1956
1960
1961
1961
1963
1971
1974
1989
1990
2001
2006
2011
2046
2046
2046
2047
2047
2050
2050
2050
2072
2075
2077
2077
2077
2077
2078
2078
2078
2078
2079
2079
2083
2083
2083
2083
2083
2085
2085
2086
2086
2086
2086
2118
2128
2131
2133
2139
2145
2148
2155
2156
2182
2197
2203
2219
