0
3
4
7
7
9
10
13
13
13
14
16
18
18
20
21
21
21
21
22
22
22
22
22
22
22
22
22
22
22
22
22
22
22
22
22
23
23
23
23
23
26
29
29
29
30
30
30
30
32
33
33
33
33
33
33
33
33
34
34
34
34
35
35
35
35
35
36
36
36
36
36
37
37
39
39
39
40
40
40
40
40
40
40
41
41
41
41
41
41
41
41
41
41
41
41
41
42
42
42
42
43
43
43
43
43
44
46
47
49
49
50
51
51
51
51
51
55
58
59
59
59
59
59
60
62
64
65
66
68
68
69
69
69
69
69
69
69
69
70
70
70
70
70
70
70
70
73
75
75
75
76
76
76
76
79
81
82
82
82
85
85
86
86
87
87
87
89
91
91
92
92
92
93
99
99
99
99
99
100
100
100
100
100
100
100
100
100
100
101
101
101
101
101
101
101
101
101
102
102
102
102
102
102
102
102
102
103
103
104
104
104
105
105
105
105
107
107
110
111
118
121
124
125
129
133
139
142
144
148
148
149
149
150
151
152
153
153
154
154
155
156
158
159
160
162
163
163
163
164
166
167
168
168
173
175
175
184
184
186
188
188
192
193
194
198
205
208
211
212
213
218
218
218
232
238
264
267
278
295
304
316
318
322
327
327
331
332
347
349
350
351
355
360
363
375
377
399
401
406
408
411
417
418
426
430
430
431
434
439
441
444
452
456
456
456
457
457
458
458
458
459
459
459
459
460
460
460
460
460
460
461
461
461
462
462
464
465
465
466
466
466
468
468
469
469
469
469
471
471
473
473
473
473
474
474
474
478
478
479
481
483
483
484
485
485
486
488
490
490
491
492
498
499
502
503
503
506
508
508
513
522
536
544
547
547
548
548
548
548
548
549
549
549
552
557
559
561
564
564
567
569
571
574
574
574
575
575
575
575
575
575
575
575
575
575
576
576
576
576
576
576
576
577
577
579
580
581
583
583
584
585
587
588
589
592
593
593
595
597
598
600
602
604
605
608
609
611
613
619
620
620
624
624
624
630
631
637
637
646
647
648
657
669
679
682
685
734
739
741
742
749
753
754
755
756
757
758
759
760
761
762
764
764
764
764
766
766
766
767
768
769
772
773
775
775
775
776
776
777
777
777
777
777
778
778
778
779
780
780
782
782
782
782
783
783
784
784
784
784
784
784
784
784
785
792
796
820
825
830
839
840
840
847
847
855
855
856
856
856
857
857
857
858
862
866
868
882
897
898
904
904
906
906
906
906
907
907
907
908
908
908
908
908
908
909
921
927
928
937
937
938
950
952
952
952
952
955
957
966
971
989
996
997
1008
1011
1015
1019
1022
1024
1025
1031
1032
1041
1049
1050
1055
1058
1060
1061
1061
1062
1064
1070
1077
1108
1125
1155
1161
1161
1178
1372
1374
1379
1385
1385
1393
1394
1402
1405
1405
1408
1411
1411
1417
1418
1422
1423
1426
1428
1428
1429
1430
1432
1433
1433
1433
1437
1438
1438
1439
1440
1444
1444
1447
1448
1449
1453
1454
1454
1455
1458
1460
1461
1461
1462
1462
1463
1465
1465
1469
1470
1475
1477
1477
1478
1478
1478
1478
1478
1478
1478
1479
1479
1479
1479
1479
1479
1480
1480
1480
1481
1485
1498
1501
1506
1506
1512
1512
1517
1520
1520
1520
1522
1527
1527
1531
1533
1533
1533
1538
1539
1548
1549
1550
1557
1560
1560
1560
1563
1563
1563
1563
1566
1573
1581
1582
1582
1593
1594
1594
1595
1596
1597
1598
1599
1599
1601
1602
1602
1602
1602
1603
1603
1604
1604
1604
1612
1616
1616
1616
1617
1622
1623
1623
1624
1624
1626
1627
1632
1637
1640
1640
1641
1641
1642
1646
1646
1646
1646
1650
1657
1663
1667
1673
1674
1676
1677
1677
1678
1678
1679
1680
1689
1689
1694
1697
1697
1697
1697
1697
1698
1703
1704
1708
1708
1708
1708
1708
1708
1723
1724
1724
1724
1724
1724
1724
1724
1724
1724
1724
1724
1730
1731
1734
1740
1740
1740
1740
1740
1742
1744
1749
1750
1754
1754
1756
1761
1762
1762
1770
1770
1774
1796
1796
1798
1799
1802
1802
1802
1802
1802
1815
1815
1815
1823
1823
1823
1827
1827
1827
1827
1827
1862
1874
1877
1906
1907
1907
1912
1913
1914
1914
1914
1915
1918
1920
1921
1927
1934
1937
1941
1942
1944
1945
1945
1949
1951
1960
1962
1963
1973
1974
1974
1974
1975
1975
1976
1976
1976
1977
1977
1979
1979
1980
1980
1983
1983
1984
1984
1984
1985
1985
1988
1989
1992
1993
1995
1997
1998
2001
2002
2002
2005
2006
2006
2006
2006
2014
2019
2023
2024
2025
2025
2025
2026
2026
2027
2027
2027
2029
2030
2030
2030
2031
2036
2046
2046
2049
2049
2050
2063
2078
2081
2081
2088
2102
2118
2125
2142
2184
2196
2226
2233
2236
2249
2448
2450
2483
2496
2498
2498
2500
2509
2510
2518
2520
2533
2533
2533
2534
2549
2579
2581
2594
2600
2604
2606
2613
2613
2614
2616
2627
2658
2690
2690
2691
2691
2691
2691
2723
2731
2743
2746
2747
2747
2749
2749
2749
2750
2750
2750
2750
2751
2751
2751
2751
2752
2752
2805
2962
2963
2979
2988
2998
3001
3002
3002
3003
3005
3006
3007
3008
3011
3017
3025
3027
3031
3045
3057
3057
3059
3062
3064
3066
3068
3069
3076
3078
3079
3079
3079
3081
3086
3093
3093
3103
3104
3106
3106
3107
3108
3111
3111
3112
3115
3129
3143
3144
3144
3145
3146
3157
3175
3183
3184
3186
3186
3189
3189
3190
3194
3195
3196
3207
3210
3216
3216
3216
3218
3220
3222
3222
3225
3226
3227
3227
3237
3237
3237
3238
3239
3243
3244
3244
3244
3245
3246
3256
3257
3293
3297
3297
3301
3321
3324
3357
3358
3371
3372
3372
3372
3372
3373
3373
3373
3373
3374
3374
3374
3374
3374
3374
3375
3375
3376
3376
3377
3377
3377
3377
3378
3378
3378
3379
3379
3380
3380
3380
3381
3381
3387
3387
3387
3387
3388
3388
3389
3389
3393
3393
3399
3417
3418
3418
3419
3420
3420
3437
3438
3438
3438
3438
3438
3438
3438
3439
3442
3442
3442
3442
3442
3443
3443
3444
3450
3534
3540
3547
3561
3568
3572
3632
3648
3659
3659
3659
3659
3660
3660
3660
3661
3661
3661
3661
3666
3667
3667
3668
3668
3668
3696
3700
3729
3731
3732
3737
3749
3754
3757
3758
3758
3765
3773
3774
3775
3775
3777
3797
3798
3800
3811
3814
3817
3818
3824
3825
3825
3825
3825
3825
3825
3825
3825
3825
3826
3826
3826
3826
3826
3827
3827
3841
3857
3863
3867
3867
3867
3872
3893
3901
3903
3905
3945
3952
3961
3982
3982
3982
3982
3982
3986
3987
3987
3987
3988
3988
3988
3988
4002
4003
4005
4005
4014
4014
4017
4018
4028
4031
4035
4036
4040
4040
4044
4049
4049
4051
4053
4233
4233
4244
4271
4271
4274
4279
4297
4299
4326
4335
4366
4367
4370
4385
4397
4401
4431
4431
4452
4457
4457
4457
4457
4457
4457
4459
4468
4482
4532
4538
4539
4548
4552
4556
4559
4564
4570
4570
4588
4588
4592
4599
4601
4604
4604
4604
4604
4604
4604
4605
4605
4605
4605
4605
4605
4605
4605
4605
4605
4605
4606
4606
4606
4607
4615
4636
4638
4639
4639
4639
4643
4646
4647
4647
4650
4651
4659
4663
4667
4680
4680
4680
4683
4683
4688
4691
4691
4691
4700
4717
4722
4723
4725
4735
4737
4741
4747
4752
4758
4764
4764
4764
4764
4778
4801
4813
4822
4822
4824
4824
4829
4829
4830
4843
4845
4884
4899
4900
4924
4926
4927
4932
4935
4942
4963
4984
4996
5005
5014
5071
5183
5183
5192
5198
5207
5256
5269
5271
5271
5272
5290
5290
5318
5360
5429
5440
5444
5572
5610
5618
5618
5650
5651
5652
5652
5653
5653
5653
5656
5656
5657
5657
5754
5790
5790
5791
5807
5844
6056
6070
6103
6121
6124
6149
6151
6156
6156
6161
6180
6196
6196
6196
6206
6207
6208
6261
6269
6269
6299
6302
6305
6348
6388
6397
6411
6419
6550
6550
6550
6550
6557
6557
6560
6571
6576
6578
6581
6581
6581
6585
6585
6594
6594
6596
6671
6760
6877
6935
6996
6997
7017
7045
7287
7310
7378
7472
7474
7568
7637
7645
7646
7646
7646
7646
7647
7647
7648
7706
7716
7716
7716
7732
7733
7733
7733
7734
7736
7749
7753
7755
7766
7766
7766
7779
7779
7784
7831
7857
7929
7929
7929
7929
7929
7929
7938
7938
8104
8112
8122
8122
8149
8150
8152
8193
8193
8223
8290
8307
8348
8373
8738
8809
8886
9111
9176
9178
9192
9206
9214
9223
9226
9227
9233
9265
9269
9272
9281
9299
9299
9301
9570
9940
