2
9
10
14
15
15
16
16
16
16
17
18
21
22
24
25
25
25
26
26
27
27
27
27
28
29
30
30
32
33
33
34
35
36
37
38
39
41
41
42
44
45
45
46
46
47
47
47
47
48
48
49
49
52
52
53
54
54
54
54
54
55
55
55
56
62
62
63
65
67
70
71
74
75
75
76
77
77
77
81
82
84
85
85
87
87
89
92
94
96
100
101
101
101
101
101
101
101
101
101
104
104
105
106
108
110
111
112
114
115
115
116
118
118
118
119
120
120
121
121
121
121
122
122
124
125
127
127
128
129
129
138
143
144
144
144
144
144
144
144
145
146
149
150
150
158
159
164
169
175
179
180
181
182
184
192
192
192
203
203
205
207
207
207
214
214
218
221
234
237
249
249
271
272
281
296
296
297
297
299
321
325
330
331
348
353
361
364
366
367
381
385
401
409
411
419
423
426
433
433
439
440
441
441
478
481
493
500
506
519
525
526
527
531
532
533
533
534
537
539
547
554
560
579
634
650
651
653
657
660
673
677
683
688
689
693
698
704
732
732
742
750
750
750
750
755
756
756
756
757
757
757
757
759
760
767
772
774
775
775
787
792
797
800
802
802
802
802
802
802
802
802
803
805
805
805
805
805
809
811
813
814
814
814
814
814
814
814
814
814
814
814
814
817
818
818
819
820
820
820
820
820
820
820
820
820
820
821
821
821
821
821
821
821
821
821
822
822
822
822
822
822
822
822
822
823
823
823
823
823
823
823
823
824
824
824
824
824
824
824
824
824
824
824
824
825
825
826
834
834
835
835
836
836
836
836
836
836
836
836
836
836
836
836
836
836
836
837
837
837
837
837
837
837
837
837
842
842
842
842
842
842
843
843
843
843
843
847
847
847
847
847
847
847
848
850
853
857
858
858
858
860
873
875
878
888
888
889
894
904
905
905
905
905
906
907
909
909
910
911
912
914
914
916
918
920
921
930
933
934
935
936
943
943
945
945
947
954
959
960
960
961
965
970
971
972
974
976
976
976
976
976
976
977
977
977
978
980
981
987
997
998
1002
1002
1004
1004
1005
1012
1013
1013
1015
1017
1022
1028
1028
1030
1031
1031
1032
1032
1033
1033
1033
1033
1033
1033
1033
1033
1033
1033
1033
1033
1033
1034
1034
1034
1034
1034
1034
1034
1034
1034
1036
1039
1039
1039
1039
1039
1039
1039
1039
1040
1040
1040
1040
1040
1040
1040
1040
1040
1040
1044
1049
1051
1052
1056
1057
1057
1058
1058
1058
1060
1061
1061
1061
1061
1062
1066
1067
1068
1070
1070
1076
1077
1078
1080
1080
1080
1080
1081
1081
1082
1082
1084
1090
1091
1092
1092
1093
1093
1094
1094
1094
1095
1096
1096
1097
1098
1100
1104
1108
1111
1114
1115
1118
1119
1119
1124
1127
1130
1144
1144
1146
1147
1150
1151
