2
6
8
10
11
16
17
21
21
22
22
23
23
23
23
23
23
23
24
26
26
27
28
28
29
30
30
30
31
31
32
32
32
32
33
36
37
38
38
39
39
40
40
40
40
40
40
40
40
40
41
42
44
44
44
45
45
46
46
46
46
47
48
48
48
49
50
50
52
53
56
56
56
57
58
58
59
59
61
62
63
63
68
72
73
76
76
77
77
78
80
80
83
85
86
86
86
87
87
87
89
91
91
91
91
92
92
92
93
94
94
94
94
94
94
94
94
94
95
98
98
98
99
99
99
99
100
100
100
100
100
100
101
101
102
102
105
105
105
105
109
110
110
111
113
114
115
115
116
118
119
122
126
129
131
131
132
132
138
141
143
149
149
151
152
154
154
155
166
167
180
180
184
200
202
214
214
220
221
229
238
238
239
247
250
250
253
254
254
282
288
306
314
316
339
339
343
364
378
388
392
396
396
404
409
451
453
476
479
547
552
557
557
558
558
558
558
559
559
560
560
565
566
571
574
575
577
583
583
583
589
593
611
612
612
612
612
612
612
612
612
612
612
612
612
612
612
612
612
612
612
612
612
612
612
612
612
612
612
612
612
612
612
612
612
612
612
612
612
612
612
612
612
612
612
612
613
613
613
613
613
615
616
616
616
616
617
617
618
618
621
621
622
622
622
622
622
622
622
622
622
622
622
622
622
623
623
624
624
624
624
624
624
624
624
624
624
624
625
625
625
625
625
625
629
629
629
629
629
629
629
629
629
629
629
629
629
635
637
638
641
641
641
641
641
641
641
641
641
641
641
641
641
641
641
641
641
641
641
641
641
641
642
642
642
642
642
642
642
642
642
642
642
642
642
642
642
642
642
642
642
642
642
642
642
642
646
650
667
667
667
668
669
671
675
676
677
677
677
678
684
686
686
689
696
701
710
712
714
715
722
727
732
732
734
737
738
753
758
758
768
775
776
778
781
785
786
793
797
798
798
819
819
819
819
824
825
840
847
847
847
850
864
892
892
906
912
916
917
929
929
930
930
930
936
939
939
939
939
939
939
940
940
940
957
961
966
968
975
977
981
989
991
994
1010
1014
1021
1022
1025
1036
1036
1052
1058
1058
1058
1059
1059
1059
1059
1059
1059
1059
1059
1059
1063
1073
1073
1073
1088
1089
1093
1094
1111
1137
1138
1164
1166
1173
1179
1195
1202
1205
1232
1233
1265
1281
1281
1289
1289
1289
1289
1289
1295
1299
1324
1329
1449
1460
1461
1500
1522
1525
1527
1527
1544
1546
1559
1564
1572
1574
1598
1609
1613
1614
1696
1739
1739
1744
1763
1766
1767
1778
1781
1788
1792
1831
1841
1851
1852
1900
1910
1910
1919
1938
1941
1941
1956
1968
1975
1978
1978
1979
1982
1983
1983
1983
1985
1991
1991
1993
1995
1997
1998
1998
1999
