4
4
11
13
19
23
23
25
31
32
32
32
32
32
32
33
34
37
37
38
38
39
41
43
44
44
44
47
49
49
50
50
52
53
53
55
57
58
59
64
65
66
66
68
68
69
72
75
75
75
75
75
76
77
78
78
79
79
79
79
79
80
80
81
81
83
83
83
87
88
96
101
103
104
106
106
112
113
114
114
116
117
117
118
118
119
119
119
119
120
129
132
141
148
155
173
267
281
282
407
437
450
450
450
450
668
676
699
748
754
763
803
809
814
827
827
829
830
830
830
830
831
832
832
833
840
842
857
861
875
876
894
902
922
942
970
974
984
985
992
992
993
996
998
1001
1003
1003
1003
1019
1020
1028
1065
1068
1081
1081
1106
1138
1141
1142
1142
1163
1203
1213
1213
1226
1228
1234
1250
1261
1268
1270
1289
1296
1301
1321
1394
1419
1426
1431
1432
1433
1433
1433
1434
1458
1459
1461
1465
1465
1466
1466
1467
1467
1480
1480
1480
1485
1486
1486
1493
1493
1496
1496
1498
1500
1500
1502
1507
1508
1514
1514
1514
1514
1524
1525
1545
1549
1556
1557
1558
1560
1561
1561
1563
1564
1564
1564
1564
1564
1564
1567
1569
1569
1569
1570
1578
1582
1583
1588
1590
1591
1592
1592
1593
1593
1594
1594
1594
1616
1617
1671
1712
1836
1846
1852
1858
1859
1860
1861
1863
1864
1864
1868
1870
1933
2120
2124
2126
2127
2128
2339
2397
2399
2402
2403
2425
2498
2527
2555
2672
2691
2692
2692
2692
2692
2692
2692
2692
2698
2704
2707
2707
2709
2712
2715
2733
2735
2790
2812
2835
2871
2883
2888
2902
2920
2947
2978
3013
3013
3018
3030
3030
3030
3032
3033
3033
3033
3033
3033
3033
3034
3035
3036
3036
3037
3037
3037
3038
3038
3058
3060
3062
3064
3067
3074
3081
3085
3087
3100
3105
3105
3109
3110
3113
3114
3116
3116
3116
3122
3122
3128
3129
3129
3130
3130
3131
3133
3135
3135
3136
3136
3137
3144
3155
3158
3159
3159
3159
3163
3163
3169
3171
3173
3178
3178
3180
3181
3181
3183
3185
3187
3188
3190
3208
3215
3268
3270
3274
3275
3337
3445
3453
3460
3460
3465
3470
3471
3502
3539
3659
3697
3700
3745
3786
3863
3883
3892
3916
3919
3919
3920
3920
3921
3922
3923
3924
3925
3926
3943
3945
3949
3964
3974
3998
3999
4013
4057
4075
4080
4080
4080
4081
4081
4084
4086
4087
4112
4274
4282
4290
4295
4312
4322
4324
4325
4336
4448
4505
4524
4525
4526
4527
4527
4528
4528
4528
4529
4529
4530
4530
4532
4532
4565
4616
4616
4617
4617
4617
4625
4654
4708
4739
4744
4750
4752
4757
4760
4760
4760
4761
4772
4787
4826
4827
4827
4830
4831
4831
4832
4832
4833
4834
4834
4835
4836
4849
4898
4898
4898
5012
5013
5014
5016
5016
5026
5034
5046
5099
5099
5101
5276
5280
5331
5340
5344
5345
5345
5346
5350
5415
5423
5471
5472
5473
5473
5477
5484
5485
5486
5488
5488
5489
5489
5514
5520
5540
5544
5552
5581
5622
5623
5863
6018
6019
6053
6054
6086
6116
6493
6494
6495
6520
6527
6527
6578
6597
6609
6716
6795
6797
6797
6860
6944
7139
7160
7229
7231
7231
7254
7260
7262
7293
7294
7301
7643
7688
7761
7828
7930
8051
8052
8057
8078
8099
8163
8163
