3
4
7
11
15
17
17
19
20
20
20
21
22
23
25
26
26
26
27
29
31
31
32
32
32
32
32
33
33
33
33
34
34
36
36
36
36
37
37
37
37
37
38
39
39
39
39
39
40
40
40
41
42
42
42
42
42
44
44
44
44
45
48
50
51
51
51
52
54
57
57
57
58
58
58
58
58
58
58
58
58
58
58
58
59
59
59
60
61
61
61
64
66
70
72
72
78
79
80
80
81
82
86
86
94
99
101
101
101
101
103
103
104
105
105
106
106
107
107
107
108
108
108
108
109
110
110
114
115
117
119
122
123
124
124
125
133
136
138
147
147
148
149
149
150
154
156
160
164
205
225
237
250
250
253
255
257
262
263
263
264
268
319
341
365
366
366
367
371
372
376
378
379
379
379
385
391
395
396
397
402
411
419
420
427
427
428
428
434
437
437
437
439
439
439
439
440
440
444
445
445
446
446
447
455
457
470
471
474
474
483
483
493
493
496
506
535
535
539
554
572
572
574
597
611
611
611
612
612
613
618
618
619
619
619
619
619
619
619
620
620
621
621
622
623
629
629
630
630
631
632
633
633
634
634
635
636
640
642
654
654
655
658
660
660
679
680
681
681
681
681
681
681
691
696
726
728
737
739
739
739
740
755
765
768
769
773
774
804
806
807
814
840
841
941
957
960
963
963
965
966
969
1030
1084
1088
1091
1098
1098
1106
1108
1108
1108
1109
1109
1111
1116
1131
1143
1147
1147
1154
1160
1176
1181
1196
1197
1197
1197
1222
1222
1222
1225
1295
1297
1339
1419
1422
1422
1422
1423
1424
1443
1450
1454
1454
1468
1470
1497
1514
1525
1526
1526
1536
1543
1551
1552
1554
1560
1563
1563
1565
1565
1566
1568
1569
1576
1580
1581
1584
1588
1596
1600
1600
1626
1627
1638
1643
1643
1644
1644
1644
1645
1645
1645
1646
1647
1651
1652
1663
1666
1667
1670
1686
1687
1688
1693
1695
1696
1696
1696
1697
1697
1697
1700
1703
1703
1704
1707
1716
1718
1718
1720
1720
1722
1723
1723
1723
1724
1725
1725
1725
1726
1726
1726
1726
1727
1727
1728
1729
1729
1744
1746
1752
1757
1767
1768
1769
1783
1785
1796
1797
1804
1812
1819
1820
1821
1822
1829
1866
1928
2005
2006
2028
2030
2036
2037
2038
2038
2038
2055
2055
2055
2055
2056
2056
2057
2057
2057
2057
2057
2057
2058
2058
2059
2059
2059
2066
2069
2075
2076
2076
2076
2077
2079
2083
2083
2084
2085
2085
2089
2117
2117
2117
2119
2135
2174
2184
2190
2210
2232
2287
2335
2341
2391
2515
2524
2535
2550
2550
2555
2566
2566
2599
2601
2646
2658
2738
2752
2769
2769
2769
2769
2770
2770
2772
2773
2773
2773
2795
2803
2814
2814
2817
2888
2904
2981
3017
3021
3031
3151
3158
3168
3168
3168
3168
3181
3184
3184
3188
3188
3201
3236
3249
3301
3321
3355
3365
3365
3368
3383
3422
3618
3664
3666
3709
3808
3882
3898
3923
3923
3939
3947
3949
3964
4005
4008
4010
4010
4011
4025
4042
4044
4101
4127
4198
