3
4
10
12
12
14
18
19
20
20
21
22
22
22
25
26
26
26
26
26
26
26
27
27
27
29
29
29
29
29
30
30
30
31
32
32
32
33
34
35
36
36
37
38
39
39
39
39
39
40
42
42
42
43
43
43
43
43
44
44
44
44
44
44
45
45
45
45
45
45
46
46
46
47
48
48
48
48
48
48
48
48
49
49
49
50
50
50
51
51
51
52
52
53
53
53
54
54
54
54
54
54
54
54
54
55
55
55
55
56
56
56
56
56
56
57
57
57
57
58
58
59
59
59
59
59
60
62
63
63
64
65
65
66
66
66
66
66
67
67
67
67
67
68
69
70
73
74
75
75
75
76
76
78
81
81
83
83
83
83
83
83
83
83
83
83
83
83
83
84
84
84
84
84
84
84
84
85
85
85
86
86
86
87
88
89
91
92
96
98
98
98
99
100
100
101
102
102
103
103
104
105
105
105
107
108
109
111
111
112
113
113
113
122
123
126
126
127
128
128
129
129
130
130
130
131
134
136
136
136
136
137
137
137
137
139
140
140
141
141
142
143
145
146
147
150
152
152
153
155
157
164
165
168
184
189
214
245
262
263
273
292
341
343
362
365
371
372
372
373
374
374
374
375
375
378
378
383
385
385
385
387
389
389
391
392
392
393
399
401
404
409
414
415
425
426
443
444
452
455
456
457
458
462
466
478
489
492
498
498
499
504
520
520
535
546
546
576
578
581
581
585
663
670
673
705
777
784
786
793
794
794
800
803
804
804
806
806
807
810
811
829
848
871
872
886
886
926
930
941
1004
1005
1005
1010
1048
1057
1110
1116
1117
1124
1124
1154
1156
1156
1165
1171
1211
1214
1215
1346
1373
1374
1386
1394
1411
1420
1420
1421
1424
1425
1426
1426
1426
1428
1428
1430
1430
1431
1431
1431
1431
1432
1439
1440
1440
1441
1446
1448
1457
1458
1458
1459
1460
1462
1462
1463
1464
1464
1464
1466
1468
1470
1470
1481
1486
1498
1499
1505
1510
1510
1511
1514
1514
1514
1514
1515
1515
1523
1525
1527
1530
1534
1535
1536
1536
1540
1544
1546
1546
1558
1574
1574
1576
1578
1590
1601
1601
1602
1602
1602
1606
1610
1613
1616
1619
1634
1635
1635
1639
1650
1652
1657
1686
1699
1706
1717
1723
1779
1801
1806
1822
1822
1823
1823
1827
1827
1827
1829
1829
1830
1831
1831
1831
1831
1833
1835
1835
1835
1838
1838
1839
1840
1840
1855
1856
1878
1879
1879
1883
1923
1928
1962
2018
2036
2039
2040
2040
2040
2040
2040
2041
2041
2041
2041
2041
2042
2042
2056
2061
2065
2065
2067
2067
2072
2086
2120
2226
2231
2231
2235
2317
2318
2318
2318
2323
2328
2331
2335
2343
2349
2355
2377
2383
2420
2443
2445
2451
2452
2453
2460
2460
2460
2461
2463
2463
2463
2464
2465
2465
2465
2480
2481
2526
2617
2681
2728
2776
2901
2905
2958
2992
2998
3022
3025
3027
3028
3049
3056
3057
3061
3070
3096
3096
3119
3147
3148
3148
