3
8
11
13
14
15
15
15
17
19
19
19
20
21
21
21
21
22
22
22
22
24
24
25
25
25
26
26
26
26
27
27
27
28
29
29
29
29
29
30
30
31
32
32
32
32
34
34
34
34
34
35
35
35
35
35
37
38
38
38
39
39
39
40
40
40
41
41
42
42
42
42
43
43
44
45
45
45
45
46
46
48
48
48
48
48
49
49
49
50
50
52
53
53
53
53
53
53
54
55
56
57
57
60
61
61
61
61
62
63
64
65
65
65
65
66
68
68
68
69
69
69
69
69
69
69
70
70
71
71
71
71
71
71
72
72
73
73
73
73
73
73
73
75
75
75
76
76
77
77
77
77
78
78
79
79
79
79
79
79
80
81
81
81
82
82
82
82
83
83
83
83
84
84
84
85
85
86
88
93
96
96
97
99
100
103
110
110
112
115
116
116
117
121
122
122
123
124
124
127
130
131
131
132
132
132
132
136
137
137
137
138
138
143
145
146
147
149
150
151
151
155
157
159
159
159
163
164
164
165
167
168
174
175
175
175
176
179
179
181
182
184
186
188
188
189
191
192
192
193
194
194
194
195
203
206
209
210
214
216
221
223
224
225
226
226
227
227
230
230
230
231
231
231
231
231
232
233
236
236
236
236
236
236
236
237
237
238
238
238
238
239
241
243
243
244
244
247
248
254
254
254
254
254
254
254
254
255
256
258
258
260
260
260
260
260
260
260
261
261
261
261
261
261
262
262
262
262
262
263
263
264
264
264
265
273
273
279
279
287
290
290
291
293
295
298
300
302
303
303
304
304
305
305
306
307
309
311
313
313
313
314
317
317
319
321
322
322
323
326
327
333
335
335
335
335
337
340
342
346
373
377
378
378
378
378
379
384
384
388
390
394
394
396
397
401
401
409
410
422
423
424
425
426
431
442
443
446
446
449
450
452
455
465
472
474
477
478
478
480
483
484
484
484
486
488
489
492
503
510
517
518
518
518
519
521
521
523
538
538
543
543
545
546
550
553
560
561
561
568
569
569
578
581
589
590
590
591
591
594
597
599
599
600
600
607
607
609
617
617
619
619
620
620
620
621
622
627
628
632
632
633
633
640
644
645
648
650
650
650
651
654
662
679
681
682
683
684
690
695
705
707
713
724
726
728
729
732
741
741
742
743
749
753
754
760
761
774
787
791
798
799
799
799
799
803
803
803
803
804
805
824
840
858
877
888
889
889
889
893
894
896
897
901
905
913
925
927
946
957
969
993
1000
1010
1010
1011
1013
1014
1014
1022
1025
1033
1034
1036
1049
1049
1049
1053
1053
1053
1062
1073
1087
1101
1114
1149
1173
1180
1183
1188
1190
1193
1208
1212
1233
