3
4
9
11
13
14
14
15
15
15
16
16
20
20
20
21
21
22
22
22
23
26
27
27
27
27
27
28
28
28
29
30
32
32
33
35
35
36
36
36
36
37
39
39
40
40
41
41
41
42
42
42
43
43
43
44
45
45
47
47
47
48
48
50
51
51
51
51
54
54
55
55
56
56
56
57
57
58
58
58
58
59
59
60
60
60
61
62
62
62
62
62
62
62
63
65
66
66
67
67
67
69
70
71
72
73
74
74
74
75
76
76
76
76
76
76
77
77
78
79
80
80
80
80
80
80
81
81
81
81
82
84
84
84
86
88
89
89
90
90
90
90
90
91
91
91
92
92
92
92
92
94
95
96
96
98
98
98
99
99
99
101
101
104
104
106
106
106
106
106
106
106
106
106
106
106
107
107
107
107
107
107
107
107
108
108
108
108
109
110
110
111
111
112
113
115
117
117
118
118
118
119
119
120
120
122
125
126
128
129
130
130
132
133
133
135
137
143
145
145
146
147
148
148
149
150
152
152
153
153
156
159
160
162
163
167
170
171
172
172
174
174
174
179
180
181
183
185
197
198
199
201
202
205
206
211
212
215
215
217
217
218
219
219
219
220
220
221
221
221
221
222
222
222
222
227
227
228
228
228
228
230
230
233
234
234
236
236
236
242
243
244
244
246
249
254
254
257
258
259
262
262
263
265
265
266
268
268
269
269
288
300
302
303
308
311
316
318
319
320
320
323
324
333
333
334
335
337
350
354
366
373
373
378
379
384
385
387
387
393
393
406
409
413
417
420
421
422
424
424
425
425
432
434
441
444
445
447
453
453
454
454
455
455
457
457
457
458
461
465
465
466
468
469
470
470
474
474
477
478
478
479
479
479
481
485
489
493
494
496
503
503
503
504
504
504
504
504
504
504
504
504
511
526
526
528
530
530
531
531
534
535
535
535
535
535
535
536
536
536
536
536
536
536
537
537
538
538
538
538
544
553
559
567
574
574
575
575
575
577
585
594
600
602
603
605
605
605
605
605
605
606
606
607
607
609
618
621
624
626
632
636
641
643
646
652
660
661
662
666
670
671
671
673
679
686
699
712
732
738
741
743
744
744
749
749
750
750
751
754
760
770
772
772
776
782
783
785
787
803
804
804
804
806
809
814
832
841
844
859
867
877
886
931
942
955
955
956
957
959
979
1011
1030
1039
1040
1040
1041
1050
1054
1097
1101
1118
1134
1144
1144
1150
1157
1165
1175
1177
1178
1193
1195
1232
1241
1245
1245
1245
1246
1246
1257
1264
1273
1274
1305
1308
1308
1311
1311
1312
1327
1327
1342
1342
1343
1344
1347
1348
1348
1348
1349
1356
1356
1366
1371
1372
1377
1377
1433
1473
1473
1474
1474
1474
1479
1479
