3
4
7
15
16
16
20
24
24
26
29
31
31
31
32
32
32
32
32
32
33
33
33
34
34
35
36
36
37
38
38
38
39
45
45
45
46
46
47
47
48
48
48
48
48
51
51
53
54
54
55
56
57
57
57
58
58
59
59
60
62
63
64
64
64
65
65
65
65
66
66
66
66
66
66
66
67
67
67
68
69
69
69
70
70
70
70
70
70
71
71
72
72
72
73
73
73
75
75
76
77
78
78
78
79
79
82
82
82
82
83
83
84
84
85
85
85
86
86
86
86
88
88
88
89
89
90
94
94
95
95
97
97
97
97
97
97
98
99
99
99
100
100
100
101
101
101
101
102
104
104
106
108
108
110
111
111
112
113
114
125
125
127
128
136
143
146
158
159
160
161
163
164
167
167
168
168
168
168
168
168
168
168
168
168
168
168
175
184
184
185
185
185
187
188
190
191
191
206
206
209
210
211
212
215
217
218
218
222
226
230
230
230
233
233
233
247
247
247
247
247
247
248
249
250
251
265
268
269
273
273
274
276
278
278
278
307
314
319
319
319
322
323
324
329
332
332
333
333
333
334
334
335
335
335
336
342
344
353
367
370
370
372
372
377
386
390
391
407
407
408
408
408
408
408
409
426
432
434
452
455
457
458
458
459
459
460
464
490
497
498
499
501
522
526
526
526
532
532
532
534
534
539
540
543
544
544
545
549
552
553
553
557
558
559
568
572
573
583
591
612
614
615
615
618
619
619
621
622
623
624
626
627
630
630
630
631
631
631
632
633
633
635
635
636
642
657
658
659
666
674
675
676
676
679
680
680
683
683
683
683
684
684
684
684
684
685
686
687
689
689
689
689
689
690
692
692
692
692
692
693
695
696
696
698
704
707
707
707
707
707
707
708
709
710
710
710
713
720
721
725
726
727
732
732
732
737
737
737
737
738
738
744
747
749
751
757
757
758
759
767
769
776
777
780
780
781
781
781
782
785
795
797
818
819
831
839
844
850
858
858
865
865
865
865
866
866
868
868
869
869
869
869
869
869
869
869
870
870
870
870
870
871
871
872
874
878
878
879
899
904
913
914
914
917
917
917
918
918
920
920
922
922
925
925
930
931
931
931
932
932
932
933
934
934
934
941
943
955
959
960
960
961
969
971
972
974
978
978
982
991
995
1032
1057
1058
1059
1064
1064
1065
1070
1071
1094
1097
1097
1099
1104
1109
1109
1117
1118
1120
1120
1123
1131
1134
1138
1146
1147
1150
1157
1166
1166
1172
1177
1182
1182
1183
1183
1184
1185
1187
1187
1187
1187
1187
1195
1195
1195
1200
1202
1204
1204
1205
1213
1224
1225
1225
1225
1225
1225
1228
1235
1244
1250
1256
1258
1266
1266
1266
1267
1272
1273
1276
1277
1297
1299
