3
4
7
8
17
18
18
18
19
20
20
20
21
22
25
27
29
29
29
29
29
33
33
33
33
33
34
34
34
34
34
35
35
35
35
35
35
36
37
37
37
38
39
41
43
46
49
52
54
54
55
55
55
56
57
57
59
59
60
60
60
62
68
70
73
74
74
78
78
79
80
80
80
83
83
83
86
88
90
90
93
98
99
104
105
107
107
108
108
108
108
108
110
110
114
115
116
116
117
119
120
124
126
127
132
132
132
132
132
132
133
133
133
133
137
139
140
140
141
142
142
143
143
146
148
154
157
158
161
167
168
168
169
170
170
171
172
176
181
185
192
194
194
196
198
198
201
202
216
216
221
228
230
230
230
231
235
236
236
236
238
238
238
239
240
242
244
245
247
248
248
249
250
250
250
250
251
256
273
274
283
283
286
286
290
291
291
293
295
305
321
322
322
328
347
376
386
386
386
387
401
409
409
410
410
410
410
410
410
412
412
413
416
421
438
448
449
456
456
456
457
458
458
461
462
468
469
475
483
484
493
495
506
515
518
519
521
521
532
532
534
537
545
546
547
549
552
553
553
581
584
585
585
589
595
602
604
605
620
630
632
634
635
636
638
639
640
651
652
653
661
662
663
680
681
681
681
684
685
686
687
687
687
687
688
688
688
688
688
720
760
786
786
831
832
832
843
853
860
864
867
867
875
884
885
915
917
920
920
921
922
928
928
930
930
931
931
938
939
942
972
974
974
974
975
976
976
977
978
978
978
978
979
981
987
987
988
989
996
997
999
1000
1000
1009
1015
1019
1019
1019
1020
1023
1024
1043
1053
1053
1054
1055
1060
1067
1068
1069
1070
1071
1079
1084
1086
1088
1093
1098
1116
1127
1128
1129
1130
1131
1131
1134
1135
1135
1135
1178
1193
1204
1204
1206
1229
1240
1245
1245
1245
1246
1246
1246
1246
1246
1247
1247
1248
1250
1251
1254
1259
1260
1262
1263
1276
1279
1279
1287
1287
1287
1287
1287
1287
1287
1287
1290
1294
1297
1328
1329
1332
1332
1332
1333
1343
1364
1366
1369
1377
1387
1388
1388
1388
1396
1396
1396
1396
1397
1397
1397
1407
1451
1474
1476
1478
1478
1479
1479
1480
1480
1481
1486
1500
1521
1526
1527
1532
1532
1532
1532
1533
1533
1534
1536
1541
1544
1547
1557
1570
1575
1576
1593
1597
1598
1603
1617
1618
1618
1646
1650
1650
1655
1656
1656
1656
1657
1657
1660
1664
1664
1669
1669
1674
1677
1688
1692
1739
1747
1773
1778
1789
1789
1791
1791
1791
1804
1807
1808
1816
1819
1819
1829
1836
1842
1845
1884
1884
1894
1896
1905
1913
1914
1917
1923
1932
1938
1946
1996
1998
2005
2031
2044
2057
2057
2058
2059
2062
2064
2064
2065
2072
2072
2075
2075
2079
2079
2079
2080
2081
2113
2118
2139
2148
2181
2181
2181
2181
2182
2182
2182
2184
2203
2219
2240
2241
2243
2246
2254
2258
2258
2264
2268
2270
2276
2282
2283
2284
2285
2285
2285
2287
2299
2307
2308
2310
