3
6
18
19
20
24
24
25
29
33
37
37
38
38
38
39
41
42
44
45
49
52
54
59
60
60
60
61
61
62
63
63
63
64
66
68
69
70
72
73
76
77
81
81
82
86
96
99
104
108
108
113
113
113
127
136
138
144
152
159
162
174
186
190
191
212
222
233
233
235
239
240
257
263
263
264
277
291
293
303
332
347
355
355
361
361
362
370
370
370
372
372
372
373
373
383
383
383
415
415
415
442
442
449
450
451
461
468
468
469
477
488
492
498
512
513
515
523
527
529
580
584
598
607
618
644
661
672
678
694
699
757
835
841
885
1085
1158
1330
1425
1427
1438
1440
1441
1441
1442
1442
1442
1443
1443
1443
1467
1470
1473
1477
1480
1481
1481
1482
1482
1484
1486
1486
1488
1490
1492
1499
1499
1499
1499
1500
1500
1500
1502
1502
1503
1506
1506
1512
1517
1519
1521
1526
1526
1527
1533
1534
1537
1546
1549
1549
1550
1550
1555
1555
1555
1555
1556
1556
1556
1562
1564
1569
1574
1584
1585
1590
1591
1591
1628
1630
1634
1640
1648
1650
1668
1669
1693
1722
1771
1777
1778
1782
1782
1783
1784
1784
1784
1784
1784
1785
1785
1785
1785
1785
1785
1785
1785
1786
1786
1792
1792
1793
1801
1854
1874
1875
1879
1885
1887
1889
1890
1890
1894
1895
1903
2032
2036
2039
2058
2060
2067
2067
2067
2067
2067
2067
2067
2067
2067
2067
2068
2068
2068
2070
2071
2086
2089
2089
2089
2093
2097
2103
2110
2110
2112
2251
2290
2290
2291
2291
2293
2293
2294
2294
2306
2309
2309
2321
2336
2374
2396
2406
2407
2437
2444
2445
2448
2512
2687
2701
2722
2769
2848
2876
2877
2880
2880
2882
2882
2883
2885
2911
3009
3010
3028
3039
3078
3079
3108
3130
3144
3145
3170
3170
3172
3172
3175
3200
3213
3213
3214
3218
3223
3232
3234
3236
3255
3255
3257
3257
3257
3257
3258
3258
3259
3259
3259
3259
3260
3261
3261
3270
3275
3277
3283
3286
3289
3289
3294
3294
3330
3331
3344
3360
3367
3368
3382
3405
3465
3488
3542
3931
3938
3947
3954
3972
3973
4018
4087
4093
4096
4133
4134
4141
4141
4141
4141
4142
4145
4145
4145
4145
4146
4147
4163
4166
4181
4186
4187
4199
4200
4253
4266
4269
4274
4274
4274
4280
4280
4282
4282
4284
4464
4470
4487
4497
4537
4537
4543
4575
4614
4616
4620
4634
4634
4634
4636
4640
4659
4660
4662
4662
4714
4720
4728
4728
4789
4790
4872
4873
4874
4882
4908
4910
4910
4912
4924
4927
4931
4932
4932
4962
4986
4992
5002
5005
5023
5076
5103
5103
5104
5129
5130
5134
5135
5149
5149
5173
5173
5175
5175
5224
5502
5630
5630
5631
5631
5645
5647
5654
5672
5767
5797
5798
5799
5799
5834
5884
6130
6136
6145
6146
6146
6151
6165
6196
6202
6215
6216
6219
6219
6246
6246
6305
6305
6305
6318
6333
6352
6361
6405
6409
6433
6445
6446
6446
6446
6447
6447
6447
6462
6469
6477
6478
6481
6501
6503
6505
6538
6542
6542
6545
6545
6545
6563
6567
6568
6599
6612
6612
6619
6619
6621
6621
6621
6621
6622
6622
6622
6626
6626
6953
6979
6982
6987
7002
7033
7060
7076
7106
7225
7253
7254
7261
7261
7261
7273
7300
7305
7305
7306
7307
7307
7307
7307
7308
