4
4
7
9
14
14
16
16
17
18
19
20
21
21
22
22
22
22
22
22
28
28
29
29
30
30
30
30
30
30
31
31
31
32
32
32
32
32
32
32
32
33
33
33
33
34
36
36
36
36
37
41
44
48
48
50
51
51
51
53
54
57
57
59
59
59
59
60
60
60
61
61
61
63
63
63
63
63
64
64
65
66
66
66
66
67
69
69
80
82
85
88
90
90
91
98
101
118
118
121
121
122
125
126
129
131
131
131
131
131
131
132
135
143
146
156
157
158
164
179
190
210
214
214
227
232
247
281
292
293
307
315
341
341
342
343
385
431
439
442
508
509
509
509
509
519
621
636
639
639
649
673
675
676
677
680
681
700
704
704
705
705
706
722
766
779
786
818
827
830
835
846
863
873
894
919
1010
1049
1052
1057
1064
1108
1108
1111
1114
1118
1126
1211
1215
1244
1312
1328
1332
1334
1334
1335
1335
1336
1336
1340
1342
1365
1373
1387
1415
1421
1425
1426
1427
1427
1429
1432
1433
1439
1440
1459
1472
1473
1474
1478
1483
1485
1487
1488
1497
1497
1501
1507
1514
1537
1556
1600
1600
1602
1615
1620
1631
1632
1632
1633
1634
1645
1645
1645
1646
1646
1646
1649
1658
1665
1666
1760
1995
2152
2152
2152
2152
2153
2153
2170
2190
2195
2198
2199
2206
2210
2226
2264
2264
2265
2266
2266
2266
2334
2509
2513
2515
2965
3037
3042
3051
3051
3051
3052
3052
3052
3052
3053
3053
3053
3053
3054
3057
3067
3067
3077
3077
3084
3084
3087
3092
3096
3097
3104
3110
3111
3126
3138
3167
3182
3477
3497
3524
3541
3542
3551
3557
3558
3592
3593
3616
3621
3621
3622
3623
3623
3625
3641
3652
3674
3674
3675
3714
3764
3768
3906
4079
4124
4129
4129
4172
4172
4192
4200
4204
4206
4208
4214
4216
4434
4442
4481
4482
4485
4497
4497
4498
4500
4500
4500
4501
4501
4504
4504
4504
4505
4505
4505
4505
4508
4517
4518
4518
4518
4518
4518
4518
4518
4519
4522
4523
4535
4536
4536
4538
4541
4541
4541
4541
4541
4599
4614
4620
4645
4645
4647
4650
4698
4698
4698
4698
4698
4704
4704
4711
4712
4712
4712
4713
4713
4713
4713
4713
4720
4720
4721
4721
4721
4773
4797
4807
4822
4849
4880
4889
4896
4896
4946
4948
4956
4960
4963
4964
4964
4965
4965
4965
4966
4966
4966
4966
4967
4971
4972
4975
4978
4978
4982
4983
4985
4986
4988
4993
4996
4996
4997
4998
4999
5000
5002
5008
5011
5020
5021
5022
5056
5074
5074
5075
5080
5084
5104
5119
5119
5128
5152
5155
5156
5157
5174
5182
5182
5183
5187
5187
5192
5194
5197
5199
5207
5210
5210
5251
5280
5284
5285
5299
5305
5316
5580
5615
5618
5627
5645
5656
5987
6007
6008
6019
6019
6045
6057
6069
6099
6103
6113
6119
6119
6127
6128
6128
6182
6392
6430
6436
6495
6510
6519
6520
6520
6610
6679
6680
6680
7038
7053
7058
7077
7078
7097
7144
7154
7162
7163
7165
7165
7181
7182
7182
7182
7186
7187
7187
7187
7195
7195
7195
7195
7200
7271
7317
7320
7320
7321
7321
7325
7326
7326
7326
7326
7330
7330
7331
7332
7332
7332
7332
7333
7333
7393
7409
7540
7615
7629
7697
7697
