3
5
14
19
25
28
29
29
32
32
32
32
34
39
39
39
41
42
42
42
43
44
44
44
44
46
47
48
49
50
50
50
50
53
57
57
57
57
58
62
62
62
65
67
68
69
70
70
71
71
72
72
72
72
72
73
73
76
78
79
82
85
88
95
95
96
96
97
97
99
99
99
99
100
102
102
102
102
103
107
111
112
114
115
116
118
118
118
120
121
148
153
160
171
173
190
190
197
206
215
254
258
258
258
258
258
258
258
259
265
270
272
278
283
284
286
294
298
302
302
308
319
322
326
339
340
363
390
390
397
398
398
402
428
432
432
432
461
467
474
483
494
529
554
576
578
578
578
578
579
579
579
582
583
583
586
591
592
592
594
596
610
620
620
653
655
670
671
695
697
708
709
710
712
720
732
742
742
742
779
784
827
841
843
910
954
956
956
957
957
958
964
992
997
998
998
998
1002
1044
1053
1057
1068
1110
1111
1189
1190
1190
1190
1198
1269
1277
1291
1333
1333
1334
1334
1336
1337
1337
1342
1454
1471
1536
1537
1540
1540
1540
1554
1555
1560
1572
1576
1579
1580
1580
1580
1591
1591
1593
1606
1607
1609
1610
1610
1611
1612
1614
1619
1625
1626
1638
1638
1645
1650
1655
1661
1661
1670
1673
1673
1673
1673
1673
1673
1673
1673
1679
1684
1686
1696
1729
1729
1729
1735
1735
1736
1736
1736
1736
1736
1766
1766
1770
1770
1770
1770
1770
1770
1771
1774
1775
1785
1785
1785
1786
1824
1826
1834
1838
1840
1841
1842
1865
1876
1877
1885
1915
1949
1974
1990
1990
1997
1997
2000
2001
2019
2021
2028
2031
2056
2062
2104
2153
2233
2273
2329
2333
2363
2408
2431
2448
2454
2461
2641
2641
2705
2705
2705
2717
2719
2720
2726
2727
2727
2727
2727
2727
2727
2731
2741
2742
2742
2743
2777
2777
2779
2780
2782
2782
2782
2783
2784
2785
2833
2862
2867
2870
2870
2871
2877
2877
2878
2878
2878
2878
2879
2896
2909
2910
2910
2910
2911
2924
2924
2925
2925
2925
2947
2947
2947
2947
2948
2953
2953
2954
2956
3032
3082
3082
3084
3085
3086
3088
3090
3111
3112
3113
3113
3114
3128
3128
3129
3129
3143
3150
3156
3164
3166
3196
3197
3210
3228
3234
3246
3255
3255
3274
3276
3277
3287
3290
3308
3325
3331
3346
3350
3357
3373
3374
3377
3390
3404
3407
3408
3408
3408
3409
3409
3409
3409
3410
3410
3410
3411
3417
3523
3537
3544
3571
3572
3572
3573
3575
3575
3578
3585
3589
3589
3594
3600
3608
3608
3609
3615
3650
3661
3675
3675
3677
3690
3698
3698
3699
3703
3736
3753
3753
3788
3807
3812
3825
3854
3860
3901
3906
3910
3957
3983
3991
4002
4012
4070
4073
4077
4094
4097
4117
4130
4136
4172
4182
4182
4187
4187
4203
4240
4243
4257
4257
4258
4258
4258
4258
4291
4298
4305
4309
4313
4331
4361
4364
4365
4365
4365
4366
4366
4366
4384
4425
4439
4445
4449
4597
4696
4742
4743
4743
4752
4824
4838
4839
4952
4981
4981
4987
4996
4999
4999
5042
5042
5042
5042
5044
5048
5048
5048
5049
5086
5086
5087
5087
5087
5088
5089
5171
5199
5237
5246
5254
5296
5299
5307
5307
5307
5307
