4
8
10
11
20
22
25
31
31
31
31
31
38
39
39
40
48
50
51
53
54
57
57
63
67
68
84
88
91
92
99
100
101
102
106
108
109
116
118
119
128
131
133
133
136
139
144
157
158
158
158
164
164
171
177
182
183
187
187
187
188
191
193
195
203
207
210
219
221
222
223
225
225
226
227
229
234
239
290
297
297
298
298
309
309
311
327
348
371
373
399
417
431
433
437
452
484
485
491
493
493
493
493
493
494
494
495
495
496
496
511
513
513
527
538
559
560
561
561
562
562
564
575
577
582
585
592
601
628
630
630
631
631
632
669
674
674
674
674
674
676
676
677
677
677
677
677
691
692
695
696
697
709
715
717
718
718
725
736
748
756
774
815
837
844
869
871
874
875
881
882
885
888
892
897
899
901
913
914
918
934
940
940
946
951
972
974
998
999
1002
1006
1006
1007
1007
1012
1020
1021
1024
1028
1028
1031
1031
1031
1031
1032
1043
1045
1051
1051
1056
1063
1065
1071
1074
1075
1079
1082
1083
1083
1084
1084
1088
1093
1093
1096
1096
1097
1101
1101
1102
1103
1103
1107
1116
1116
1116
1116
1116
1116
1116
1116
1117
1117
1117
1127
1139
1140
1141
1141
1148
1148
1150
1150
1151
1167
1174
1177
1183
1183
1183
1189
1189
1189
1190
1190
1190
1191
1191
1191
1205
1205
1209
1209
1209
1210
1210
1211
1211
1212
1212
1212
1212
1215
1215
1216
1216
1216
1218
1218
1218
1223
1226
1240
1246
1247
1251
1256
1257
1257
1277
1285
1286
1288
1288
1289
1293
1294
1295
1296
1296
1296
1300
1315
1337
1384
1389
1398
1432
1448
1519
1519
1522
1567
1577
1579
1681
1684
1690
1691
1691
1691
1691
1691
1691
1703
1714
1715
1716
1717
1742
1771
1799
1799
1800
1804
1805
1808
1811
1812
1813
1813
1814
1814
1828
1856
1870
1872
1873
1877
1887
1889
1889
1897
1899
1900
1915
1917
1918
1918
1918
1918
1919
1919
1919
1921
1921
1921
1929
1935
1935
1951
1965
1965
1965
1965
1966
1983
1988
1996
1999
2000
2001
2040
2042
2043
2084
2085
2085
2085
2085
2086
2086
2087
2134
2134
2134
2136
2147
2148
2148
2149
2155
2184
2217
2218
2231
2234
2237
2328
2330
2330
2330
2362
2385
2386
2391
2392
2392
2392
2392
2422
2436
2436
2439
2446
2446
2447
2447
2461
2464
2475
2477
2479
2482
2482
2483
2483
2484
2484
2484
2499
2502
2502
2503
2504
2513
2515
2523
2565
2567
2581
2582
2582
2584
2588
2590
2600
2602
2602
2605
2622
2632
2634
2650
2656
2657
2658
2660
2664
2664
2670
2670
2670
2671
2671
2674
2674
2675
2675
2676
2676
2676
2676
2682
2684
2693
2696
2704
2716
2717
2717
2717
2717
2718
2719
2719
2722
2750
2752
2754
2760
2765
2784
2787
2790
2802
2806
2826
2826
2827
2827
2827
2828
2828
2833
2839
2840
2854
2858
2863
2868
2871
2872
2873
2874
2874
2874
2875
2875
2875
2878
2879
2879
2883
2885
2886
2887
2896
2901
2909
2917
2919
2966
3004
3027
3028
3029
3029
3030
3098
3119
3125
3141
3171
3173
3175
3182
3182
3183
3183
3186
3198
3200
3209
3238
3238
3252
3276
3292
3299
3299
3307
3354
3448
3453
3454
3456
