3
4
8
17
21
22
25
28
28
29
33
33
34
35
35
35
35
35
36
37
37
37
37
38
38
38
38
39
42
43
43
46
46
47
51
53
54
54
54
54
54
54
54
54
54
54
55
55
55
55
55
55
56
56
60
61
61
62
62
63
63
64
66
67
69
70
71
71
72
72
73
74
75
75
76
76
77
79
80
85
85
85
86
87
89
90
90
93
94
94
94
96
97
97
100
102
102
103
103
104
104
104
104
105
105
105
106
111
113
123
123
123
125
137
140
143
143
149
150
154
154
155
157
157
164
171
175
175
177
177
178
187
191
191
191
198
203
203
208
209
229
230
232
239
247
247
257
259
270
270
272
273
277
282
297
359
367
386
387
388
390
390
431
431
433
489
504
517
532
533
539
542
545
554
556
557
559
559
560
561
562
562
572
577
583
583
583
585
585
585
587
590
597
604
609
617
621
627
629
630
630
634
647
647
649
650
652
657
667
683
701
801
805
823
824
836
838
838
839
839
840
841
841
847
849
855
856
911
916
959
1094
1114
1124
1341
1398
1431
1439
1531
1531
1543
1561
1582
1593
1593
1595
1600
1614
1617
1618
1623
1624
1655
1663
1666
1668
1669
1669
1670
1670
1671
1671
1674
1675
1677
1957
1958
1966
1968
2065
2074
2079
2145
2146
2147
2147
2148
2148
2148
2148
2149
2150
2150
2151
2187
2187
2187
2188
2192
2192
2192
2192
2207
2207
2214
2226
2227
2235
2277
2419
2555
2557
2558
2558
2566
2570
2573
2573
2622
2644
2655
2673
2677
2694
2779
2806
2806
2806
2806
2807
2807
2808
2810
2823
2827
2841
2841
2841
2841
2841
2847
2847
2847
2847
2848
2848
2849
2849
2856
2868
2881
2993
3010
3022
3025
3025
3026
3030
3030
3032
3034
3037
3037
3037
3038
3038
3065
3077
3077
3077
3081
3082
3082
3082
3082
3082
3083
3087
3100
3104
3104
3107
3107
3108
3114
3145
3170
3176
3181
3187
3187
3187
3187
3187
3198
3214
3294
3299
3345
3346
3381
3393
3403
3605
3636
3679
3680
3695
3833
4302
4330
4342
4676
4704
4710
4715
4716
4754
4771
4771
4799
4816
4820
4842
4975
4998
5026
5033
5097
5097
5104
5169
5199
5199
5199
5204
5204
5205
5205
5205
5293
5337
5349
5361
5367
5403
5477
5591
5595
5597
5618
5645
5647
5653
5653
5654
6246
6262
6287
6287
6296
6665
6677
6680
6697
6697
6711
6712
6712
6712
6712
6713
6713
6713
6714
6715
6719
6720
6721
6721
6723
6728
6788
6791
6794
6795
6876
6880
6881
6885
6886
6895
6896
6975
6976
6977
6977
6977
6978
6979
7215
7215
7215
7215
7234
7239
7242
7247
7257
7272
7301
7313
7382
7423
7438
7441
7442
7444
7444
7461
7466
7556
7608
7656
7680
7708
7765
7775
7777
7777
7777
7777
7778
7779
7783
7810
7818
7833
7897
7907
7908
7909
7909
7911
7911
7913
7914
7914
7914
7914
7988
8046
8266
8266
8294
8331
8336
8454
8458
8558
8558
8569
8569
8569
8569
8573
8608
8612
8615
8615
8622
8702
8711
8739
8740
8743
8757
8841
9004
9009
9099
9161
9212
9212
9266
9269
9279
9346
9346
9346
9346
9346
9346
9346
9356
9447
9448
