4
4
9
9
10
16
22
22
22
23
23
23
23
25
27
27
27
27
27
27
27
27
29
29
29
29
31
31
31
31
31
31
32
32
32
32
33
34
34
35
36
37
37
38
38
39
39
39
39
39
39
39
40
40
40
40
40
40
40
42
45
46
47
49
49
50
55
56
56
56
59
60
61
66
68
69
69
70
70
70
70
70
71
71
71
71
71
72
72
72
72
73
73
74
75
75
80
82
86
87
87
90
90
91
91
92
92
93
100
101
102
102
103
106
111
113
113
113
114
114
115
118
119
122
122
129
130
131
131
131
131
131
131
134
135
136
140
142
143
145
145
145
146
149
157
158
160
162
164
165
166
168
171
176
193
207
217
225
239
241
255
258
264
271
274
275
282
284
324
326
334
342
361
367
369
386
416
419
422
428
502
504
505
513
740
763
815
815
816
820
821
821
833
835
843
894
919
919
921
926
939
1051
1053
1060
1073
1086
1101
1108
1110
1116
1121
1124
1124
1124
1177
1282
1351
1381
1425
1429
1430
1441
1442
1442
1444
1455
1476
1497
1501
1506
1512
1517
1526
1532
1543
1543
1546
1548
1554
1557
1560
1567
1571
1574
1583
1583
1589
1591
1593
1600
1601
1601
1602
1605
1607
1609
1610
1615
1615
1619
1623
1626
1646
1647
1648
1648
1650
1652
1662
1663
1671
1673
1673
1690
1700
1710
1719
1726
1825
1837
1847
1847
1849
1849
1888
1897
1904
1905
1907
1910
1911
1923
1924
1924
1925
1925
1925
1925
1926
1926
1934
1959
1959
1959
1959
1962
1965
1966
1977
1977
1977
1977
1978
1978
1978
1978
1978
1980
1980
1981
1983
2010
2284
2288
2289
2342
2346
2347
2347
2355
2456
2470
2526
2571
2603
2661
2674
2692
2693
2699
2805
2894
2935
2987
2988
2988
2990
3007
3007
3038
3040
3044
3059
3062
3063
3072
3101
3143
3159
3190
3190
3190
3190
3194
3195
3195
3209
3240
3241
3242
3242
3243
3243
3243
3244
3250
3258
3295
3316
3322
3328
3379
3380
3395
3482
3583
3596
3621
3647
3652
3653
3663
3663
3705
3708
3715
3731
3786
3791
3791
3799
3799
3799
3799
3799
3799
3800
3803
3891
3892
3892
3894
3931
3931
3931
3931
3936
3936
3937
3937
3937
3937
3958
3963
3963
4099
4099
4153
4363
4375
4429
4451
4451
4461
4504
4512
4514
4515
4516
4518
4573
4585
4585
4585
4586
4590
4591
4636
4708
4716
4718
4718
4718
4728
4729
4744
4745
4746
4746
4746
4746
4747
4747
4748
4769
4842
4859
4872
4875
4878
4878
4879
4880
4881
4882
4895
4946
4948
4950
4954
4974
5015
5061
5061
5064
5064
5065
5066
5068
5068
5069
5069
5070
5071
5082
5090
5103
5103
5107
5107
5107
5108
5108
5108
5110
5110
5110
5110
5110
5111
5128
5130
5138
5139
5164
5200
5303
5506
5510
5520
5592
5667
5671
5877
5877
5877
5878
6074
6075
6158
6202
6210
6238
6238
6238
6238
6239
6239
6239
6254
6262
6273
6274
6274
6306
6309
6325
6330
6390
6436
6524
6595
6596
6597
6613
6629
6708
6708
6725
6804
6816
6818
6829
6836
6866
6900
6900
6900
6900
6902
6906
6977
6993
6993
7026
7036
7058
7084
7091
7091
7190
7263
7639
7639
7639
7639
7639
7639
