3
4
11
12
12
14
16
16
16
16
16
17
17
18
18
19
20
20
20
21
21
22
22
22
22
23
23
23
23
23
24
25
26
26
26
27
27
27
27
27
27
29
29
31
31
32
32
34
34
35
35
35
35
35
35
35
35
37
37
37
37
38
38
38
38
38
38
39
39
39
40
40
41
41
41
42
42
42
42
43
43
43
43
43
43
44
44
44
49
49
49
50
50
50
51
51
51
52
52
54
55
56
57
57
59
60
62
62
63
63
64
66
68
68
68
68
68
68
69
69
71
71
71
72
72
72
73
73
75
75
75
75
76
76
77
77
77
78
78
79
79
79
79
80
80
80
81
81
83
84
85
85
86
87
87
88
89
90
91
91
92
92
93
94
94
94
94
95
95
95
96
96
98
98
98
98
99
100
100
100
101
102
103
104
104
105
105
105
106
106
106
107
108
111
111
114
118
118
119
121
122
123
124
124
124
126
126
127
128
129
129
131
131
132
133
134
134
134
134
136
136
140
140
152
153
161
168
171
174
175
175
175
179
180
180
181
181
182
182
182
182
182
188
189
190
194
205
206
208
211
217
219
226
227
231
244
253
255
258
260
261
261
269
270
278
300
313
314
318
329
332
368
395
396
397
397
398
398
400
405
406
412
415
416
417
420
424
425
426
428
428
429
429
434
440
447
448
450
450
452
452
452
453
454
454
455
498
499
499
500
503
523
529
531
533
533
535
536
541
551
570
571
575
576
578
581
589
600
604
612
613
616
621
621
621
621
621
622
622
622
622
622
622
623
623
624
626
630
632
635
635
635
636
639
640
648
649
650
650
651
651
652
653
654
654
654
655
655
656
667
667
669
669
671
675
676
680
683
685
691
694
694
696
696
696
696
696
696
696
697
698
698
705
705
705
706
710
710
714
714
716
716
716
717
717
718
718
719
719
722
723
725
727
729
729
730
733
734
738
738
739
739
739
741
741
745
745
747
750
751
751
754
754
755
757
759
759
759
759
760
760
764
764
764
765
765
766
766
766
768
769
769
770
773
775
776
777
777
777
777
777
777
777
778
778
779
780
780
780
781
787
789
790
793
793
794
794
794
795
795
795
795
795
796
796
796
797
797
797
797
797
798
798
798
798
802
802
803
804
805
807
809
809
810
811
811
811
811
811
812
814
814
815
815
817
817
819
820
821
824
827
829
843
844
844
844
846
847
850
850
851
857
859
870
871
872
872
882
884
891
892
893
894
895
895
895
896
897
900
902
902
902
902
902
903
910
910
912
918
925
932
933
933
938
938
938
938
938
943
944
944
956
956
956
963
965
966
966
966
966
966
967
969
969
969
969
