4
4
9
10
12
14
15
16
17
17
17
18
18
18
18
19
19
19
19
19
19
19
19
19
19
19
20
20
20
20
20
20
22
24
29
30
30
31
31
31
31
31
31
32
33
33
33
34
36
36
38
39
40
40
42
43
43
45
47
48
49
49
49
49
50
51
52
52
55
55
57
61
67
70
70
70
71
71
71
71
71
72
73
74
76
76
77
78
78
79
79
79
79
79
83
85
89
95
96
99
107
109
113
113
114
114
117
117
118
118
120
121
121
122
125
125
125
125
126
130
133
134
136
138
139
139
140
140
141
141
141
141
142
144
144
144
144
157
159
161
161
162
163
163
164
166
166
171
178
180
180
181
181
181
181
182
182
182
182
189
193
193
194
195
196
196
196
200
209
212
213
216
219
219
219
222
228
228
232
233
233
233
233
233
233
234
234
235
236
236
237
238
241
251
252
260
261
265
266
266
267
269
269
269
271
274
274
274
286
298
300
300
319
319
320
320
324
324
325
325
325
325
325
326
326
326
326
326
331
332
337
373
384
387
399
400
401
401
401
402
410
415
416
418
421
421
428
433
434
438
443
443
446
454
464
474
475
476
479
484
484
484
484
484
490
494
495
495
496
496
496
501
504
508
510
510
510
516
518
521
521
522
523
523
524
529
530
535
535
535
535
535
538
548
548
551
551
551
552
561
567
572
573
580
582
586
587
588
591
592
592
597
605
608
620
625
634
645
670
693
693
698
698
704
704
704
705
705
705
706
706
726
726
727
733
734
756
799
801
816
827
830
837
842
846
893
966
982
982
982
982
983
1003
1009
1011
1017
1059
1069
1071
1087
1089
1090
1093
1094
1095
1096
1096
1098
1107
1108
1110
1125
1126
1154
1154
1211
1221
1230
1240
1241
1248
1249
1258
1266
1267
1284
1316
1322
1335
1378
1412
1416
1435
1439
1440
1441
1442
1518
1534
1540
1560
1562
1562
1562
1563
1567
1578
1593
1594
1597
1597
1602
1616
1616
1616
1617
1632
1634
1634
1642
1643
1652
1675
1701
1812
1835
1864
1888
1912
1925
1925
1925
1926
1927
1928
1941
1942
1942
1944
1944
1982
1999
2000
2000
2000
2000
2001
2002
2002
2006
2011
2011
2012
2021
2023
2084
2084
2113
2114
2114
2114
2115
2115
2115
2116
2116
2117
2122
2141
2146
2149
2157
2159
2165
2168
2172
2173
2178
2179
2180
2180
2199
2210
2210
2210
2210
2224
2230
2232
2232
2236
2237
2237
2237
2240
2243
2245
2248
2263
2263
2321
2335
2339
2369
2375
2389
2393
2394
2398
2400
2400
2405
2430
2455
2455
2462
2463
2465
2502
2502
2506
2520
2520
2521
2525
2526
2553
2563
2631
2637
2639
2658
2658
2677
2684
2692
2733
2754
2762
2774
2775
2776
2777
2778
2778
2778
2782
2798
2815
2815
2871
2874
2889
2897
2899
2904
2906
2912
2913
2951
2951
2954
2955
2955
2959
3085
3085
3101
3113
3115
3122
3123
3133
3134
3134
3151
3171
3172
3172
3173
3173
3173
3176
3176
3178
3179
