3
4
12
14
15
20
20
20
20
20
21
22
22
22
23
23
23
23
23
23
24
24
24
25
26
26
26
27
27
27
27
28
28
28
29
29
29
29
29
32
33
34
34
34
34
36
36
36
36
36
36
36
36
37
37
37
37
37
37
37
38
39
39
39
40
40
40
40
40
40
40
40
40
41
42
42
43
43
43
44
44
44
44
44
47
49
49
49
49
50
50
51
51
51
52
53
53
54
55
58
59
59
59
65
67
69
69
70
70
72
74
74
75
76
76
77
77
79
79
80
82
82
83
86
87
94
95
95
95
95
95
96
97
97
98
98
98
99
99
99
99
99
99
99
99
99
100
100
101
101
101
101
103
103
103
103
104
105
106
106
106
106
106
107
108
108
108
110
112
112
113
113
113
113
114
117
124
126
130
136
138
138
145
146
150
150
153
157
159
162
163
163
164
164
165
167
171
175
180
181
184
185
185
200
201
202
203
205
209
209
210
213
214
215
216
217
218
220
220
220
222
223
223
224
224
225
227
229
230
230
231
233
234
234
235
236
238
244
254
258
259
265
265
267
273
278
284
286
287
287
287
288
292
293
293
293
294
298
298
298
299
299
299
299
299
299
303
303
303
305
308
308
312
312
313
316
317
319
321
322
322
325
325
326
326
328
329
329
330
331
332
333
337
340
343
343
344
344
346
363
363
363
364
364
366
368
371
371
371
372
372
372
372
376
378
380
380
381
382
390
393
395
398
403
411
416
424
425
429
431
433
433
433
434
435
437
469
470
513
565
577
577
577
577
577
577
577
577
577
577
578
583
594
594
595
598
598
601
603
605
615
618
627
634
658
666
674
678
684
693
700
703
718
719
722
723
726
727
727
727
731
734
735
737
740
742
743
743
743
744
744
744
744
752
754
757
760
760
763
767
786
812
820
831
835
852
868
872
878
889
907
907
907
907
908
908
908
913
913
913
919
921
922
922
923
924
924
925
925
926
926
926
926
926
927
927
928
936
938
940
944
950
950
950
955
966
976
977
977
977
978
978
978
978
978
978
979
981
985
985
992
995
997
1002
1006
1032
1032
1038
1044
1045
1053
1060
1070
1071
1087
1097
1114
1123
1130
1136
1136
1140
1141
1145
1155
1163
1168
1169
1170
1170
1170
1170
1172
1172
1181
1217
1222
1222
1223
1228
1236
1240
1242
1243
1243
1247
1254
1272
1273
1279
1280
1318
1331
1347
1354
1355
1361
1375
1385
1415
1422
1434
1451
1478
1478
1487
1495
1496
1496
1496
1497
1500
1501
1501
1507
1520
1521
1550
1550
1552
1555
1562
1591
1605
1613
1614
1614
1618
1622
1624
1632
1637
1637
1651
1651
1652
1654
1692
1727
1734
1737
1744
1744
1744
1745
1745
1747
1763
1773
1787
1788
1825
1828
1831
1832
1833
1844
1844
1850
1863
1867
1870
1870
1917
1942
