3
4
13
15
17
18
18
18
18
20
21
23
23
23
27
27
27
28
28
28
28
28
29
30
30
31
31
31
31
32
33
33
33
34
39
39
39
40
40
40
41
41
41
41
41
42
42
42
42
44
44
44
45
45
45
45
45
45
46
46
46
46
47
47
47
47
47
47
47
49
49
49
49
49
49
49
51
51
52
52
53
53
53
53
53
53
53
54
55
56
56
56
56
58
58
58
59
59
59
60
60
60
61
64
64
64
70
70
73
73
73
73
75
76
76
77
77
78
80
83
86
87
87
88
88
89
90
91
91
91
92
93
93
95
95
95
96
96
97
98
101
102
103
105
105
105
106
106
107
107
107
107
107
109
109
109
110
111
112
112
112
113
114
114
114
115
115
116
116
116
122
123
124
127
127
128
133
134
134
135
135
135
136
136
136
137
140
142
144
147
148
149
150
163
165
166
170
171
171
171
175
177
178
181
182
189
196
198
198
225
225
226
227
235
236
237
240
249
261
263
265
283
284
313
314
317
318
320
320
321
323
323
330
338
369
369
369
369
376
378
382
388
389
390
390
390
391
392
400
412
415
415
419
456
458
480
498
502
504
505
505
505
505
505
509
510
517
521
521
522
526
527
528
529
530
539
546
547
565
580
581
583
583
583
583
583
584
585
585
586
586
586
586
586
587
590
599
603
603
607
607
608
608
608
608
608
609
611
611
612
612
612
613
613
613
638
648
650
650
650
650
652
654
656
658
658
659
659
659
660
661
662
666
667
667
668
669
669
669
670
670
670
671
671
677
677
696
697
700
701
707
708
709
711
712
716
718
718
719
721
722
732
732
734
735
735
735
736
736
736
736
736
736
737
737
742
746
750
759
765
767
768
770
786
789
793
795
797
799
802
811
813
814
814
816
817
820
827
827
829
833
836
836
843
843
843
843
844
847
852
853
854
864
865
865
865
865
865
865
865
866
866
866
866
866
866
867
867
868
868
868
869
869
869
869
869
870
870
870
880
884
885
887
890
891
891
891
891
891
897
898
898
900
900
900
902
904
904
904
905
906
906
907
909
909
909
911
911
912
917
917
926
926
927
927
927
930
932
940
948
949
954
954
955
955
955
959
962
962
965
966
977
979
979
980
984
986
990
996
997
997
997
998
999
999
1002
1005
1007
1010
1011
1012
1013
1014
1014
1015
1016
1017
1018
1020
1024
1024
1024
1024
1025
1027
1027
1029
1030
1032
1033
1033
1034
1034
1035
1035
1035
1039
1039
1043
1050
1052
1052
1054
1056
1069
1070
1080
1088
1089
1089
1091
1097
1097
1097
1098
1098
1098
1100
1102
1103
1104
1104
1106
1107
1109
1114
1115
1115
1115
1115
1117
1118
1120
1120
1122
1123
1123
1128
1133
1133
1134
1134
1142
1142
1142
1142
1142
1142
