4
4
12
16
17
23
26
27
28
32
33
34
35
36
38
39
42
42
43
43
50
51
51
54
56
58
61
62
63
63
64
65
68
68
68
69
69
69
69
69
70
72
72
73
73
74
75
76
77
78
79
81
84
88
88
88
88
89
89
96
98
99
99
100
100
101
101
102
102
103
103
104
104
104
105
105
111
113
114
119
123
123
126
130
145
145
151
151
152
158
159
159
159
159
160
160
160
160
160
160
160
160
161
162
164
166
168
172
174
174
177
178
185
185
185
186
186
188
191
200
201
213
217
222
248
268
275
278
280
291
294
295
296
296
297
297
297
298
299
299
299
299
299
299
300
300
309
313
313
313
322
324
330
339
346
351
356
358
361
367
373
378
379
379
380
380
380
382
403
404
404
405
407
408
408
408
409
410
412
414
420
423
430
433
449
449
457
458
458
458
462
464
472
476
477
477
477
477
478
479
479
481
481
481
484
486
487
498
512
517
517
518
518
518
530
533
534
535
537
538
539
539
539
540
540
540
540
544
544
583
584
589
589
589
590
590
594
634
634
635
642
643
643
643
644
645
648
659
662
674
680
692
692
693
694
695
696
700
700
700
701
712
714
715
716
717
718
718
718
719
720
722
728
735
739
740
741
741
741
742
743
744
745
765
765
765
766
770
770
770
771
771
773
774
774
774
774
774
774
774
775
775
775
776
778
780
780
780
785
789
790
793
795
795
796
804
806
812
813
816
817
820
820
821
821
822
823
823
823
824
824
832
838
851
852
856
863
871
887
888
888
891
891
892
892
893
894
908
915
936
938
945
946
958
975
989
991
1004
1023
1032
1037
1039
1039
1040
1042
1043
1044
1045
1045
1048
1048
1049
1049
1049
1049
1050
1070
1077
1078
1083
1084
1085
1086
1092
1096
1099
1100
1101
1104
1104
1105
1107
1110
1112
1112
1114
1117
1117
1118
1118
1118
1118
1118
1118
1118
1122
1129
1130
1130
1130
1131
1135
1135
1135
1135
1136
1136
1136
1136
1137
1137
1137
1137
1138
1140
1140
1141
1141
1141
1142
1142
1143
1145
1146
1155
1155
1156
1157
1157
1161
1161
1162
1169
1173
1177
1177
1177
1178
1178
1178
1178
1191
1191
1192
1192
1193
1193
1198
1201
1201
1204
1208
1210
1211
1211
1214
1222
1234
1235
1239
1240
1243
1252
1254
1254
1263
1269
1269
1274
1294
1299
1313
1314
1314
1316
1316
1333
1337
1337
1351
1380
1381
1388
1394
1405
1405
1412
1415
1440
1489
1533
1533
1546
1547
1560
1567
1627
1646
1647
1647
1647
1654
1655
1672
1680
1684
1686
1686
1686
1688
1689
1697
1699
1699
1701
1703
1710
1710
1710
1716
1718
1726
1786
1788
1795
1796
1804
1806
1817
1818
1819
1820
1836
1836
1837
1842
1843
1843
1844
1844
1844
1844
1844
1845
1846
1846
1866
1867
1867
1878
1879
1879
1888
1892
1892
1893
1900
1905
1913
1926
1927
1929
1938
1942
1945
1972
1978
2015
2015
2017
2033
2080
2088
2090
2091
