3
5
20
22
23
26
26
30
31
32
32
32
32
32
32
33
36
36
36
39
47
47
57
57
58
60
63
69
70
70
71
71
71
73
74
83
85
88
90
92
99
100
114
122
127
127
129
132
132
133
149
150
151
159
175
212
230
237
241
264
264
266
280
284
284
284
287
297
322
325
342
346
357
361
362
362
362
362
362
362
362
363
365
367
376
422
423
426
442
456
458
469
479
509
509
513
515
515
515
515
516
516
517
558
560
610
623
637
643
648
651
653
654
657
658
666
667
676
696
762
787
826
836
854
916
916
918
918
918
918
919
955
1004
1005
1008
1008
1008
1008
1008
1008
1013
1015
1015
1022
1030
1030
1034
1036
1042
1047
1056
1063
1072
1076
1085
1086
1103
1106
1111
1113
1164
1167
1168
1168
1174
1175
1238
1264
1308
1310
1312
1328
1383
1385
1387
1423
1431
1449
1449
1477
1478
1479
1480
1480
1480
1480
1480
1480
1480
1481
1481
1481
1481
1481
1481
1481
1482
1482
1515
1528
1608
1637
1644
1645
1708
1708
1709
1726
1773
1814
1825
1905
1905
1907
1920
1930
1942
1943
1945
2004
2008
2008
2102
2154
2195
2197
2207
2239
2253
2264
2298
2486
2487
2496
2532
2605
2605
2608
2629
2631
2657
2667
2670
2672
2672
2673
2674
2825
2834
2839
2845
2878
2885
2885
2886
2932
2944
3077
3095
3098
3098
3099
3101
3103
3104
3104
3104
3104
3105
3105
3105
3111
3168
3182
3182
3183
3184
3185
3217
3227
3227
3229
3230
3232
3234
3234
3244
3244
3262
3262
3275
3276
3278
3278
3280
3280
3281
3290
3298
3298
3298
3303
3303
3310
3393
3397
3475
3476
3492
3534
3537
3544
3562
3562
3657
3662
3663
3664
3670
3677
3677
3677
3677
3678
3678
3696
3697
3706
3716
3764
3848
3872
3888
3890
3893
3894
3913
3914
3914
3914
3914
3917
3920
3963
4057
4085
4090
4090
4091
4091
4091
4091
4091
4091
4091
4092
4098
4099
4106
4107
4113
4135
4147
4147
4148
4159
4168
4169
4169
4184
4213
4213
4233
4233
4234
4234
4234
4234
4234
4234
4234
4234
4235
4235
4235
4235
4235
4235
4235
4235
4249
4311
4312
4312
4329
4466
4469
4482
4557
4570
4588
4604
4638
4644
4645
4646
4649
4650
4668
4680
4697
4742
4742
4751
4752
4800
4800
4824
4889
4891
4928
4950
4952
4952
4953
4954
4959
4961
4962
4964
4964
4964
4964
4964
4964
4965
4965
4965
4966
4966
4980
4981
4991
4995
4996
5027
5057
5058
5073
5078
5078
5078
5086
5100
5128
5184
5192
5197
5202
5220
5234
5242
5246
5326
5372
5390
5393
5393
5395
5398
5403
5403
5403
5403
5404
5411
5429
5430
5443
5450
5455
5455
5460
5460
5463
5467
5509
5510
5510
5510
5511
5556
5560
5628
5632
5672
5681
5682
5682
5684
5711
5721
5724
5733
5733
5734
5735
5758
5765
5766
5768
5803
5803
5834
5843
5848
5863
5863
5878
5932
5947
5948
5951
5957
6040
6040
6288
6314
6314
6317
6318
6318
6319
6319
6322
6322
6323
6323
6330
6335
6335
6336
6340
6347
6349
6350
6351
6353
6354
6361
6367
6370
6378
6379
6380
6393
6402
6403
6403
6403
6403
6404
6405
6426
6430
6445
6611
6612
6638
6642
6664
6684
6730
6810
6846
6856
6859
6873
6885
6886
6892
6892
6892
6892
6892
6892
6892
