3
7
8
10
19
19
22
22
23
23
23
23
23
23
23
23
24
25
26
26
29
29
29
29
29
30
31
32
33
33
33
33
34
34
34
34
34
34
36
36
36
38
38
46
47
51
53
53
54
54
54
54
55
55
57
66
72
72
80
81
82
83
87
90
92
95
95
95
95
95
96
96
96
96
97
97
97
102
102
103
106
107
107
109
109
110
110
113
114
118
119
120
121
121
122
126
129
129
132
132
134
134
135
135
142
145
150
150
151
152
154
162
162
163
163
163
164
164
164
165
165
165
165
165
165
165
166
166
166
166
167
173
173
175
175
175
175
175
176
176
176
177
177
177
181
181
181
181
181
184
186
186
188
189
195
203
208
208
210
219
221
229
232
239
240
242
242
242
245
246
267
267
267
268
270
275
278
278
291
373
375
380
391
413
447
470
470
470
474
556
556
567
570
571
572
579
587
588
589
592
600
603
605
629
630
631
632
632
661
662
674
676
679
680
687
692
697
698
700
702
715
729
743
758
763
765
772
772
773
776
837
870
873
895
911
977
1038
1038
1043
1049
1060
1100
1160
1185
1187
1192
1195
1196
1202
1206
1206
1228
1230
1292
1298
1300
1301
1302
1303
1304
1315
1317
1322
1322
1325
1333
1358
1358
1361
1362
1394
1400
1422
1423
1423
1423
1426
1429
1430
1431
1433
1433
1438
1438
1439
1439
1440
1441
1441
1444
1479
1479
1479
1481
1481
1516
1516
1516
1516
1517
1517
1517
1517
1517
1517
1517
1517
1517
1517
1518
1518
1518
1518
1518
1518
1522
1522
1523
1523
1524
1526
1527
1527
1527
1530
1532
1533
1558
1560
1562
1566
1566
1568
1568
1573
1575
1575
1576
1581
1581
1581
1581
1590
1594
1611
1622
1625
1626
1626
1626
1626
1627
1635
1637
1666
1669
1669
1672
1691
1700
1701
1715
1715
1733
1735
1740
1740
1756
1763
1764
1764
1764
1766
1774
1796
1801
1801
1804
1811
1818
1828
1828
1851
1857
1950
1955
1955
1957
1960
1960
1961
1961
1973
1987
1996
1997
1998
2000
2002
2049
2051
2074
2084
2098
2113
2136
2145
2164
2165
2167
2168
2169
2170
2171
2217
2218
2218
2218
2218
2219
2219
2219
2236
2264
2290
2330
2330
2366
2385
2441
2452
2457
2488
2488
2491
2497
2501
2505
2513
2569
2579
2597
2600
2600
2646
2670
2682
2706
2709
2731
2733
2737
2737
2737
2738
2738
2769
2769
2813
2822
2862
2866
2867
2867
2867
2868
2868
2868
2868
2869
2873
2873
2874
2874
2874
2874
2886
2894
2900
2900
2911
2914
2916
2916
2920
2973
2978
2979
2983
2995
3010
3018
3026
3078
3099
3102
3102
3104
3111
3111
3121
3123
3123
3136
3140
3141
3144
3145
3145
3145
3145
3145
3145
3146
3149
3203
3214
3229
3233
3255
3272
3272
3272
3273
3280
3282
3292
3300
3300
3301
3301
3305
3305
3305
3310
3314
3320
3320
3323
3346
3347
3347
3417
3419
3423
3435
3435
3435
3474
3476
3480
3485
3485
3487
3487
3490
3491
3493
3494
3507
3508
3509
3511
3512
3516
3522
3523
3524
3528
3543
3614
3615
3617
3618
3621
3674
3900
3901
3903
3903
3908
3912
3932
3970
4008
