7
20
21
23
25
25
26
27
28
28
30
32
39
43
53
53
53
57
58
58
58
59
63
80
82
85
85
86
87
89
103
104
105
110
113
114
117
125
125
125
125
126
126
129
130
134
134
135
135
136
136
136
137
137
137
138
142
142
146
154
155
157
232
234
273
274
278
355
399
401
441
514
521
527
528
565
611
620
620
622
623
623
629
638
644
645
651
656
657
658
690
697
717
724
727
728
759
784
878
878
878
879
880
897
902
938
945
946
946
946
946
977
1077
1077
1078
1085
1131
1132
1151
1152
1180
1199
1229
1249
1255
1279
1286
1290
1290
1291
1294
1296
1297
1333
1405
1434
1443
1446
1447
1462
1462
1469
1471
1473
1474
1474
1476
1480
1480
1481
1485
1486
1486
1486
1486
1487
1487
1488
1488
1488
1488
1491
1513
1515
1516
1568
1569
1569
1570
1595
1599
1601
1618
1623
1655
1656
1661
1662
1693
1726
1726
1866
1878
1883
1883
1884
1884
1884
1885
1900
1932
1936
1937
1965
1968
2037
2039
2041
2054
2058
2062
2111
2115
2118
2161
2197
2199
2199
2199
2284
2329
2336
2339
2339
2341
2353
2354
2471
2578
2597
2609
2628
2644
2749
2776
2777
2778
2779
2781
2782
2783
2783
2784
2791
2811
2813
2813
2815
2819
2823
2840
2852
2856
2856
2856
2856
2856
2856
2856
2857
2857
2857
2857
2857
2857
2857
2857
2858
2858
2859
2859
2860
2860
2860
2860
2870
2874
2876
2881
2881
2917
2945
3021
3125
3126
3138
3156
3157
3175
3176
3191
3195
3247
3380
3390
3398
3398
3398
3398
3398
3398
3399
3403
3405
3407
3416
3420
3420
3421
3421
3421
3421
3421
3422
3422
3422
3422
3423
3423
3423
3427
3429
3435
3436
3456
3457
3486
3494
3499
3522
3522
3550
3551
3555
3556
3557
3563
3569
3579
3600
3617
3655
3664
3664
3670
3670
3670
3670
3671
3671
3674
3675
3675
3676
3677
3682
3682
3685
3701
3701
3702
3702
3714
3715
3715
3715
3718
3722
3722
3723
3723
3723
3723
3723
3723
3723
3724
3724
3737
3752
3752
3752
3753
3753
3753
3783
3784
3805
3806
3808
3810
3820
3847
3848
3848
3848
3848
3848
3848
3849
3849
3849
3869
3880
3880
3898
3901
3923
3975
3996
4063
4064
4112
4112
4113
4119
4194
4195
4204
4249
4249
4269
4293
4303
4312
4312
4312
4313
4317
4331
4333
4339
4359
4592
4596
4608
4610
4610
4610
4610
4610
4611
4612
4612
4613
4619
4624
4633
4635
4658
4669
4673
4677
4677
4678
4678
4678
4678
4679
4681
4683
4683
4690
4691
4696
4696
4701
4703
4713
4714
4714
4736
4739
4744
4745
4800
4801
4803
4904
4905
4911
4920
4921
4926
4933
4935
4949
4949
5030
5060
5068
5099
5117
5170
5171
5267
5281
5293
5306
5327
5327
5394
5396
5397
5397
5410
5511
5551
5580
5580
5609
5613
5613
5614
5618
5648
5673
5775
5776
5776
5842
6137
6176
6214
6214
6225
6232
6232
6248
6249
6250
6251
6252
6260
6270
6276
6278
6279
6280
6281
6282
6284
6284
6287
6289
6315
6374
6381
6390
6413
6477
6479
6479
6479
6479
6480
6482
6483
6485
6498
6499
6500
6500
6501
6501
6583
6609
6610
6610
6611
6611
6611
6627
6674
6688
6726
6778
6778
6786
6799
6813
6851
6904
6952
6975
6983
6983
6983
7006
7012
7042
7043
7043
7043
7043
7043
7044
7044
7044
7044
7045
