3
6
14
14
15
15
15
15
15
15
16
16
17
18
22
22
26
27
30
30
30
30
30
30
30
33
33
33
34
35
35
40
42
42
42
43
43
44
44
44
45
45
45
45
46
46
51
53
53
54
54
54
55
55
55
55
55
55
55
58
58
58
59
60
60
60
68
69
69
70
71
71
74
75
76
85
86
86
88
90
92
99
101
103
107
108
111
113
113
114
114
116
116
116
117
123
123
123
126
129
129
130
130
131
131
134
135
136
137
137
138
138
138
139
139
141
142
143
143
144
146
147
148
148
148
154
156
159
170
173
180
185
188
189
189
211
218
219
219
221
221
221
222
227
229
244
248
251
264
274
274
283
288
290
291
300
311
318
339
339
340
351
354
376
404
407
408
409
411
417
429
456
483
487
487
509
514
526
527
537
542
542
542
542
542
542
542
542
543
543
546
547
548
633
642
668
670
670
672
672
672
672
672
672
674
752
757
766
778
786
791
792
820
821
860
861
861
861
874
959
967
1001
1005
1068
1100
1106
1132
1136
1149
1153
1153
1153
1157
1157
1158
1158
1162
1167
1168
1176
1275
1294
1336
1346
1347
1347
1368
1369
1382
1403
1414
1446
1452
1463
1463
1471
1471
1480
1499
1499
1516
1518
1518
1519
1520
1521
1525
1541
1541
1553
1553
1564
1572
1594
1595
1600
1601
1601
1602
1653
1727
1730
1732
1809
1811
1813
1814
1817
1818
1827
1902
1912
1913
1951
1957
1967
1995
2001
2002
2002
2003
2020
2021
2021
2022
2022
2030
2031
2031
2035
2041
2048
2070
2071
2073
2221
2237
2242
2257
2261
2281
2281
2341
2355
2393
2437
2437
2439
2440
2440
2441
2443
2463
2473
2485
2486
2489
2491
2493
2507
2520
2526
2545
2545
2546
2548
2551
2563
2579
2579
2743
2807
2808
2809
2869
2955
3005
3015
3015
3015
3015
3015
3015
3016
3018
3018
3018
3019
3022
3041
3041
3041
3042
3042
3052
3066
3067
3067
3077
3097
3097
3098
3098
3100
3117
3127
3130
3150
3153
3158
3158
3158
3159
3159
3161
3162
3163
3165
3165
3165
3167
3175
3176
3176
3180
3183
3184
3188
3189
3189
3190
3190
3201
3201
3201
3202
3211
3213
3224
3227
3227
3227
3229
3229
3229
3229
3245
3246
3252
3253
3259
3269
3270
3275
3277
3302
3383
3383
3383
3384
3384
3384
3444
3447
3452
3452
3471
3579
3580
3581
3597
3598
3599
3599
3599
3599
3600
3600
3600
3600
3600
3604
3615
3620
3622
3634
3638
3639
3640
3722
3744
3752
3753
3753
3754
3757
3765
3777
3782
3807
3807
3808
3822
3824
3825
3825
3826
3826
3827
3827
3836
3844
3848
3849
3856
3859
3860
3863
3863
3864
3866
3866
3876
3878
3883
3888
3905
3907
3913
3914
3916
3916
3932
3941
3941
3943
3943
3951
3958
3970
3982
3984
3987
4019
4099
4131
4145
4145
4146
4147
4151
4275
4279
4287
4287
4297
4311
4359
4359
4380
4382
4655
4689
4691
4709
4712
4729
4740
4742
4742
4743
4748
4749
4749
4749
4784
5015
5015
5038
5040
5058
5058
5058
5059
5059
5062
5062
5063
5094
5098
5149
5189
5189
5191
5194
5194
5199
5227
5246
5330
5359
5440
5482
5497
5503
