3
5
22
22
22
23
23
23
25
26
26
28
28
28
29
33
37
38
39
47
48
48
48
49
49
50
51
51
51
51
51
52
52
52
53
54
56
57
57
57
58
59
61
61
63
64
71
72
73
74
75
75
75
76
77
78
79
79
83
83
83
83
83
86
88
89
89
90
91
93
93
94
94
95
95
96
96
98
100
101
103
104
104
104
105
105
105
105
106
108
109
109
110
111
112
114
115
115
116
116
116
116
117
117
117
119
122
123
124
124
129
135
137
139
139
148
163
178
178
179
189
190
193
199
201
224
230
236
239
240
240
290
292
302
303
321
327
327
348
350
354
355
356
364
367
374
375
379
400
402
402
409
418
443
449
450
457
470
471
491
493
513
522
554
562
582
596
598
598
599
599
601
601
607
613
622
625
631
633
643
646
650
662
664
666
678
680
692
697
700
714
721
723
724
725
725
726
726
726
740
740
741
741
743
744
745
746
748
767
772
773
774
774
776
777
778
785
786
795
801
802
804
809
809
810
819
820
820
824
833
835
837
838
838
838
839
840
842
844
845
854
860
861
862
862
880
882
889
892
894
898
898
898
899
899
902
903
903
905
910
912
912
912
912
913
927
934
936
936
937
945
945
945
945
946
946
946
946
946
946
946
947
947
947
957
957
958
958
959
961
961
962
962
963
963
963
963
963
963
964
964
964
964
964
965
965
965
968
972
973
978
985
989
1004
1011
1015
1023
1024
1024
1024
1026
1033
1044
1067
1075
1095
1105
1121
1121
1137
1153
1157
1157
1163
1164
1169
1169
1170
1171
1171
1171
1172
1173
1176
1197
1199
1199
1201
1211
1217
1217
1224
1225
1225
1225
1226
1226
1226
1226
1226
1226
1227
1227
1227
1227
1229
1230
1231
1233
1249
1250
1251
1252
1253
1257
1257
1257
1257
1262
1265
1265
1266
1268
1268
1268
1270
1271
1271
1271
1272
1275
1275
1277
1277
1277
1282
1283
1285
1285
1286
1286
1288
1289
1289
1341
1343
1343
1354
1374
1375
1381
1387
1389
1390
1390
1390
1390
1391
1400
1405
1405
1405
1405
1405
1405
1406
1409
1410
1413
1428
1435
1436
1437
1437
1459
1518
1520
1520
1521
1531
1532
1538
1550
1556
1636
1638
1640
1655
1669
1673
1684
1688
1703
1706
1711
1729
1745
1749
1752
1763
1771
1775
1777
1810
1816
1823
1825
1829
1840
1840
1840
1841
1847
1853
1853
1854
1856
1880
1880
1885
1886
1888
1889
1889
1889
1889
1913
1930
1935
1940
1942
1942
1942
1944
1944
1956
1991
1994
2007
2019
2032
2032
2039
2045
2047
2062
2075
2086
2087
2088
2098
2105
2111
2111
2118
2118
2119
2119
2120
2120
2121
2121
2122
2129
2130
2132
2141
2141
2146
2147
2148
2151
2152
2156
2157
2158
2158
2159
2159
2159
2160
2160
2160
2160
2160
2161
2161
2162
2162
2162
2162
2163
2163
2163
2163
2170
2177
2177
2177
2181
2182
2185
2188
2188
2189
2237
2250
2282
2289
2311
2315
2324
2325
2326
2330
2342
2359
2360
2370
2370
2373
2379
2381
2394
2394
2394
