3
4
8
10
17
18
19
20
20
21
23
25
25
26
26
26
28
29
30
30
31
33
35
35
35
35
35
35
35
35
35
35
36
36
36
36
41
41
43
44
44
44
44
44
48
48
49
51
53
55
58
60
60
61
63
63
63
63
63
64
65
65
66
73
84
85
85
85
91
92
92
96
97
100
101
111
111
112
112
113
116
116
117
117
122
122
122
122
124
133
139
141
144
145
145
146
147
154
163
163
164
164
174
186
192
192
204
205
219
221
223
230
231
238
250
257
263
311
316
316
317
317
317
317
317
318
318
318
318
318
323
324
379
413
423
426
434
436
440
441
445
449
454
454
454
454
456
457
467
473
474
475
487
489
490
496
497
498
507
509
523
535
535
535
536
536
536
536
537
540
543
545
557
562
562
563
563
563
564
565
565
568
569
572
576
576
577
578
578
578
578
579
579
582
583
585
585
586
586
598
600
619
620
660
661
666
671
673
700
700
706
709
709
709
709
709
709
709
710
710
719
732
758
762
763
763
764
776
802
817
819
823
824
825
827
827
827
827
829
838
845
848
855
864
885
911
911
926
932
940
946
956
957
969
971
971
972
973
977
977
977
979
984
985
1008
1008
1009
1010
1013
1019
1019
1019
1019
1019
1020
1025
1028
1030
1032
1039
1039
1045
1046
1051
1052
1060
1064
1082
1083
1083
1089
1095
1107
1122
1133
1141
1163
1163
1163
1163
1164
1166
1204
1263
1293
1294
1301
1302
1311
1313
1315
1316
1318
1320
1337
1415
1419
1419
1422
1440
1444
1444
1444
1446
1450
1457
1471
1471
1471
1472
1483
1509
1513
1523
1523
1523
1523
1524
1524
1524
1526
1527
1527
1527
1529
1529
1534
1535
1535
1539
1540
1550
1556
1567
1568
1570
1575
1575
1576
1579
1579
1580
1580
1580
1580
1582
1586
1607
1607
1607
1607
1612
1612
1620
1623
1638
1638
1662
1668
1668
1668
1668
1669
1669
1672
1691
1694
1699
1713
1720
1728
1728
1728
1728
1728
1728
1728
1728
1728
1728
1728
1728
1731
1731
1732
1735
1735
1738
1739
1740
1740
1749
1749
1755
1766
1773
1777
1778
1778
1804
1830
1839
1947
1959
1982
2062
2064
2067
2067
2069
2081
2085
2091
2094
2095
2095
2096
2098
2098
2098
2113
2114
2116
2127
2133
2135
2140
2142
2162
2183
2186
2193
2196
2245
2247
2276
2276
2326
2347
2349
2367
2371
2393
2520
2535
2545
2546
2547
2562
2568
2752
2752
2764
2774
2818
2820
2855
2856
2860
2869
2876
2945
2949
3008
3044
3044
3044
3045
3045
3046
3077
3084
3102
3107
3117
3119
3138
3138
3138
3140
3140
3145
3148
3156
3157
3167
3197
3198
3198
3202
3205
3214
3216
3217
3221
3227
3227
3257
3270
3315
3316
3328
3331
3332
3346
3353
3355
3355
3362
3370
3372
3376
3381
3404
3413
3526
3544
3544
3546
3567
3571
3588
3604
3615
3617
3617
3638
3638
3639
3639
3639
3640
3640
3647
3752
3752
3752
3753
3753
3753
3753
3754
3755
3768
3773
3784
3822
3849
3851
3851
3865
3865
3866
3904
3947
3963
4015
4016
4017
4018
4022
4062
4062
4089
4117
