3
4
7
11
12
13
15
17
18
19
20
20
20
20
20
21
21
21
22
22
23
23
25
26
26
28
28
28
29
30
30
30
31
32
32
32
32
33
33
34
35
35
35
35
35
35
36
36
36
36
36
36
36
37
37
37
37
38
38
38
40
41
41
43
43
43
43
43
46
47
47
47
48
49
49
50
50
51
52
52
53
54
54
54
54
55
55
55
56
56
56
57
57
57
57
57
58
58
58
58
58
58
58
59
59
59
59
59
59
60
60
61
61
62
62
62
62
62
62
62
63
64
64
65
65
65
65
66
66
66
67
67
67
67
67
67
67
68
69
69
69
70
70
70
70
71
75
76
79
79
80
83
84
84
85
85
85
86
86
86
88
88
88
91
91
92
94
95
96
97
100
111
112
115
124
125
125
128
130
130
131
132
133
134
143
159
162
166
177
179
186
203
208
212
220
275
289
316
318
324
328
329
333
334
336
336
349
350
350
350
353
361
363
363
363
363
363
364
364
364
364
364
365
365
365
365
365
366
367
369
373
376
377
378
378
378
378
379
379
379
379
383
383
383
384
384
384
384
384
384
384
385
385
385
386
388
391
394
398
402
408
410
411
416
418
419
421
422
423
424
425
426
426
429
431
432
437
438
438
446
455
455
458
483
486
493
499
501
501
506
508
510
516
517
517
517
524
573
574
575
583
592
608
621
628
637
647
653
654
658
680
752
753
772
815
817
818
822
826
826
826
827
827
827
827
837
852
871
886
930
930
952
952
952
952
1057
1069
1078
1086
1220
1228
1259
1261
1263
1268
1269
1269
1288
1480
1485
1497
1513
1513
1520
1548
1606
1610
1611
1618
1624
1625
1626
1627
1627
1628
1628
1634
1638
1638
1638
1638
1651
1656
1657
1657
1657
1657
1657
1657
1673
1678
1831
1836
1885
1956
1966
1974
2018
2019
2021
2100
2100
2176
2179
2196
2203
2203
2219
2222
2269
2329
2332
2354
2355
2356
2362
2375
2376
2388
2389
2393
2393
2394
2395
2395
2397
2424
2439
2466
2530
2531
2531
2535
2535
2535
2535
2535
2535
2536
2536
2536
2538
2555
2560
2589
2646
2653
2663
2664
2665
2665
2666
2692
2697
2701
2703
2706
2709
2713
2721
2851
3074
3078
3078
3080
3082
3084
3085
3087
3092
3098
3105
3105
3107
3110
3111
3111
3111
3113
3114
3114
3131
3136
3152
3155
3160
3165
3168
3170
3171
3172
3172
3173
3182
3206
3211
3226
3236
3239
3257
3258
3258
3262
3282
3282
3288
3293
3299
3309
3315
3332
3338
3339
3341
3345
3353
3353
3492
3496
3535
3537
3537
3537
3548
3551
3565
3566
3566
3566
3574
3654
3746
3753
3761
3762
3775
3844
3845
3982
4049
4053
4069
4071
4082
4217
4246
4251
4255
4256
4262
4268
4295
4306
4307
4319
4319
4321
4321
4321
4322
4323
4323
4326
4329
4330
4353
4359
4361
4390
4392
4392
4404
4417
4417
4422
4425
4425
4430
4625
4625
4653
4653
4654
4655
4675
4676
4678
4679
4729
4738
4738
4758
4804
4924
4965
4966
4966
4966
4966
