4
9
13
16
19
24
25
32
32
32
32
32
34
39
39
39
41
41
41
42
42
50
66
77
80
81
95
129
131
139
161
162
177
181
185
190
202
203
216
217
219
229
230
240
242
243
257
310
314
315
315
316
316
316
316
316
317
317
317
317
322
322
372
387
394
397
404
406
416
419
423
425
434
436
445
457
459
459
461
468
481
484
484
484
485
501
501
528
557
557
561
565
593
612
613
666
666
669
678
688
692
693
694
695
697
702
702
702
702
702
702
702
704
705
709
711
718
719
721
722
723
723
724
724
724
725
739
749
756
757
757
757
764
771
776
776
776
776
777
777
777
786
786
888
901
902
959
959
959
960
967
967
967
971
972
1002
1007
1028
1041
1045
1048
1083
1089
1090
1091
1110
1115
1119
1123
1161
1177
1179
1180
1181
1201
1202
1203
1239
1242
1244
1316
1320
1323
1331
1332
1334
1334
1337
1348
1361
1361
1374
1386
1423
1424
1427
1437
1437
1439
1449
1450
1456
1462
1462
1463
1463
1464
1465
1465
1465
1465
1465
1465
1465
1465
1465
1465
1466
1466
1466
1466
1496
1509
1510
1515
1517
1519
1521
1521
1524
1524
1527
1535
1537
1547
1548
1551
1552
1557
1557
1567
1568
1571
1572
1572
1572
1573
1573
1575
1578
1589
1589
1607
1608
1608
1615
1624
1625
1651
1670
1675
1675
1677
1680
1680
1680
1680
1684
1684
1690
1705
1709
1709
1709
1710
1710
1710
1710
1711
1711
1711
1711
1718
1733
1733
1739
1740
1740
1742
1745
1756
1764
1770
1774
1794
1812
1813
1814
1814
1822
1823
1828
1849
1850
1858
1881
1881
1882
1999
2012
2129
2132
2135
2135
2136
2137
2137
2139
2167
2172
2179
2203
2203
2211
2239
2274
2309
2309
2309
2312
2330
2347
2371
2374
2376
2385
2390
2410
2414
2414
2415
2415
2416
2417
2431
2513
2519
2519
2519
2519
2520
2530
2542
2561
2562
2564
2593
2595
2596
2613
2621
2652
2780
2811
2824
2837
2838
2838
2838
2839
2839
2840
2844
2865
2870
2870
2870
2870
2871
2871
2871
2871
2871
2871
2871
2872
2873
2874
2879
2881
2882
2960
2998
2998
2998
3002
3014
3015
3028
3041
3041
3041
3042
3042
3042
3049
3071
3074
3077
3097
3116
3116
3116
3116
3121
3121
3128
3136
3136
3149
3150
3151
3157
3212
3212
3225
3225
3225
3231
3235
3272
3273
3281
3283
3300
3301
3301
3304
3328
3540
3541
3543
3559
3559
3561
3562
3564
3565
3566
3567
3589
3589
3609
3611
3687
3687
3688
3689
3689
3689
3689
3689
3690
3690
3690
3694
3694
3694
3695
3696
3696
3696
3697
3700
3701
3701
3701
3701
3702
3702
3707
3710
3712
3720
3723
3723
3724
3727
3780
3784
3785
3787
3803
3803
3823
3832
3894
3895
3906
3936
3941
3942
3951
3955
3955
3955
3964
3964
4009
4049
4050
4057
4077
4077
4081
4090
4091
4092
4094
4094
4124
4125
4145
4146
4146
4146
4147
4159
4160
4162
4163
4164
4333
4611
4615
4621
4659
4667
4764
4773
4773
4773
4774
4774
4775
4777
4792
4810
4858
4875
4895
4896
4897
4897
4904
4908
4909
4909
4909
4916
4917
4917
4918
4919
4921
4924
4925
4926
4927
4927
4930
4931
4945
4993
5032
5042
5074
5099
5099
5128
5129
5131
5176
5218
5218
