3
3
8
12
12
14
16
16
17
17
17
18
19
19
19
19
19
19
19
22
22
22
22
22
22
23
23
23
23
23
23
24
24
24
24
24
25
25
26
26
26
27
27
27
28
28
28
28
29
29
29
32
32
32
32
32
32
32
32
33
33
34
34
34
35
35
35
35
35
37
37
37
38
38
39
39
39
40
40
40
41
41
42
42
42
42
42
44
46
47
48
48
48
49
49
50
50
51
51
52
52
52
52
53
53
53
53
54
54
54
55
55
55
55
56
56
57
57
59
60
61
61
62
62
63
64
64
65
65
66
67
68
68
69
71
72
73
74
75
78
79
79
79
79
80
80
80
80
81
82
84
84
85
86
87
87
88
89
89
89
89
89
89
89
90
91
91
93
93
94
94
94
94
94
94
94
94
94
95
98
101
102
105
105
105
106
107
109
112
112
112
114
114
114
114
115
115
118
118
118
118
119
120
121
122
124
126
127
127
134
135
136
136
136
137
141
142
145
149
151
152
159
159
161
168
169
180
181
197
208
211
214
225
231
233
233
240
263
263
265
266
273
275
276
282
291
295
296
296
296
296
296
296
296
296
297
297
299
299
300
302
302
303
303
305
306
311
318
325
332
333
335
335
342
353
355
364
364
369
374
376
376
376
377
377
377
380
381
386
390
390
391
393
393
394
394
397
398
398
402
412
418
419
423
428
434
435
435
435
435
435
438
438
449
450
450
452
465
466
467
468
468
468
469
469
470
474
477
477
477
479
485
485
488
488
491
492
492
492
493
496
497
498
498
500
500
500
501
501
503
503
504
505
506
511
512
513
513
514
514
514
514
515
519
523
523
523
524
531
540
549
551
554
558
561
561
562
568
568
569
570
573
579
580
580
581
584
585
586
594
605
610
611
615
617
622
625
626
635
636
637
638
638
638
640
641
641
641
641
645
645
647
647
648
648
649
654
655
659
660
660
661
661
662
663
666
670
674
679
681
684
684
684
684
684
684
684
685
685
687
689
691
691
692
692
692
693
694
696
696
698
698
698
699
700
700
701
702
702
703
706
707
707
707
707
708
709
710
713
713
714
715
716
716
719
723
723
724
724
724
724
724
727
728
730
731
732
734
736
736
737
737
738
738
740
740
741
741
742
742
743
743
743
743
743
745
745
745
745
746
746
747
748
749
749
750
751
751
752
758
760
760
761
761
761
761
762
763
764
765
766
770
771
771
772
773
773
773
776
778
778
779
779
781
782
782
785
787
788
788
789
789
795
802
809
818
821
821
825
825
828
829
831
833
837
840
841
843
846
846
847
848
848
855
857
859
859
860
860
865
870
871
874
874
875
