3
4
12
14
14
17
17
18
18
19
19
19
22
22
22
22
22
22
23
23
23
26
26
26
27
27
27
27
27
27
29
29
29
29
29
29
29
29
29
29
30
31
31
31
31
32
32
32
32
32
32
33
39
40
40
42
43
43
43
45
45
47
47
51
51
51
53
53
53
54
54
57
57
57
59
59
60
60
61
62
62
63
65
69
69
70
70
70
70
70
70
71
72
72
73
76
77
77
77
77
77
79
81
81
84
86
86
87
89
94
94
95
98
99
99
100
102
103
103
104
104
104
104
104
104
104
104
105
105
105
105
105
105
106
108
110
111
111
114
114
116
118
121
122
122
123
127
130
131
138
142
147
149
158
161
161
166
166
169
185
186
216
246
276
288
288
289
289
289
294
294
294
297
313
314
321
361
362
363
366
371
377
378
380
380
390
402
402
402
404
404
404
404
405
408
414
416
425
427
432
432
433
433
433
433
445
446
471
475
487
511
520
537
547
609
624
652
662
673
692
699
700
702
722
735
792
834
900
900
901
907
909
1007
1119
1161
1166
1166
1167
1207
1237
1239
1239
1260
1276
1280
1282
1288
1309
1320
1349
1351
1353
1360
1361
1368
1485
1511
1516
1516
1516
1516
1525
1529
1568
1572
1576
1585
1595
1598
1599
1601
1602
1603
1606
1607
1607
1607
1614
1616
1642
1650
1659
1659
1659
1660
1660
1662
1681
1681
1681
1682
1686
1686
1686
1686
1686
1693
1748
1854
1902
1916
1944
1944
1947
1947
1952
1957
1957
1957
1957
1959
1970
1986
1988
2246
2281
2281
2282
2282
2283
2292
2292
2294
2294
2294
2294
2295
2295
2295
2302
2302
2303
2307
2307
2307
2307
2307
2307
2307
2308
2308
2315
2315
2316
2417
2418
2452
2501
2502
2506
2523
2769
2866
2868
2894
2947
2947
2947
2952
2953
2953
2953
2953
2954
2955
2956
2957
3027
3028
3079
3079
3080
3080
3092
3104
3154
3189
3192
3192
3193
3193
3193
3194
3194
3194
3195
3195
3195
3200
3223
3272
3277
3312
3328
3409
3411
3441
3474
3515
3515
3515
3515
3515
3521
3585
3591
3593
3609
3615
3622
3630
3630
3662
3667
3667
3668
3669
3669
3670
3675
3676
3680
3684
3685
3685
3686
3726
3729
3734
3735
3740
3744
3747
3750
3771
3778
3851
3854
3921
3931
3949
4134
4177
4218
4297
4317
4328
4331
4332
4339
4653
4705
4718
4726
4731
4735
4738
4738
4739
4739
4740
4740
4740
4740
4741
4741
4742
4761
4762
4762
4762
4762
4767
4767
4827
4839
4847
4854
4917
4917
4990
5006
5008
5011
5014
5023
5071
5072
5076
5078
5091
5169
5170
5171
5268
5270
5272
5273
5327
5333
5363
5363
5367
5370
5376
5378
5396
5460
5460
5628
5630
5636
5638
5748
5748
5897
6032
6393
6431
6431
6554
6561
6561
6561
6561
6561
6562
6562
6562
6562
6565
6568
6582
6583
6649
6722
6722
6724
6732
6764
6765
6765
6766
6766
6767
6828
6830
6835
6855
6900
6900
6902
6911
6918
6951
6977
7001
7062
7062
7062
7062
7093
7104
7108
7194
7205
7212
7223
7224
7251
7282
7315
7315
7315
7315
7318
7318
7319
7320
7352
7399
7888
7889
7890
7891
7892
7892
