3
11
14
14
15
15
19
19
19
19
20
20
21
22
22
22
23
23
23
23
23
24
24
26
26
26
26
26
29
35
35
36
36
36
36
36
37
43
46
46
47
47
47
51
51
52
53
55
57
58
58
60
64
64
64
66
67
68
71
74
77
79
81
82
82
85
88
89
91
92
95
97
98
99
100
101
102
104
110
110
111
112
114
122
126
126
126
126
128
128
128
129
129
129
129
131
132
132
138
141
141
147
147
147
148
149
150
151
151
152
156
156
157
160
171
177
180
184
187
187
207
208
214
224
224
256
301
313
314
315
336
339
344
358
358
363
364
364
366
372
373
386
391
393
411
412
413
416
417
419
419
419
420
420
421
430
448
469
471
480
481
483
520
532
535
536
536
576
576
582
584
598
621
627
646
648
648
654
656
678
678
689
689
691
701
704
708
713
735
749
777
791
798
811
812
813
813
814
816
818
818
819
820
824
829
830
830
836
838
855
870
891
895
896
900
906
908
910
913
917
919
920
920
923
923
924
925
929
937
958
960
960
969
981
981
982
982
985
986
986
986
986
986
987
987
987
987
987
988
990
1001
1004
1004
1011
1011
1022
1027
1029
1047
1047
1048
1055
1060
1062
1063
1068
1068
1068
1068
1068
1069
1069
1070
1073
1084
1084
1089
1089
1089
1089
1090
1091
1095
1113
1118
1119
1119
1120
1120
1121
1121
1128
1133
1137
1137
1138
1144
1145
1151
1154
1154
1168
1173
1188
1189
1190
1190
1190
1190
1190
1190
1191
1197
1209
1212
1222
1228
1233
1247
1270
1278
1290
1297
1307
1307
1308
1313
1316
1347
1354
1356
1380
1381
1388
1388
1408
1408
1408
1408
1412
1430
1435
1435
1442
1447
1498
1504
1504
1505
1505
1506
1510
1516
1517
1532
1532
1532
1541
1541
1542
1553
1559
1567
1572
1581
1582
1584
1585
1585
1587
1601
1601
1601
1606
1607
1607
1607
1608
1608
1624
1627
1647
1654
1656
1660
1683
1697
1698
1699
1701
1726
1727
1742
1756
1768
1768
1768
1768
1770
1771
1783
1784
1785
1786
1797
1841
1861
1865
1888
1889
1889
1917
1930
1930
1931
1932
1932
1932
1932
1936
1937
1940
1941
1942
1949
1949
1953
1953
1954
1954
1954
1954
1954
1954
1955
1955
1955
1956
1961
1964
1966
1986
1986
1986
1986
2011
2011
2019
2019
2019
2019
2032
2040
2042
2042
2043
2043
2043
2050
2051
2052
2054
2054
2061
2063
2073
2077
2078
2078
2085
2086
2092
2101
2105
2109
2110
2114
2125
2126
2126
2126
2126
2146
2152
2155
2162
2215
2216
2221
2221
2222
2231
2246
2249
2250
2292
2293
2293
2294
2319
2319
2323
2328
2340
2354
2361
2361
2372
2381
2394
2404
2414
2415
2415
2415
2420
2460
2462
2485
2485
2488
2489
2490
2506
2506
2509
2509
2510
2518
2521
2522
2525
2563
2575
2655
2662
2662
2665
2726
2731
2731
2732
2732
2732
2733
2741
2763
2763
2764
2765
2775
2780
2781
2781
2781
2781
2781
2781
2781
2781
2783
2797
2797
2797
2798
2844
2851
2851
2851
2851
2851
2851
2851
2852
2856
2870
2880
2908
2922
3087
3121
3171
3178
3183
3204
