3
17
20
22
27
29
32
33
35
35
36
36
36
36
36
36
37
41
44
45
47
48
48
48
49
49
50
52
53
55
57
57
60
61
62
63
64
64
66
68
68
75
82
95
101
105
107
128
148
153
154
154
156
160
160
174
193
193
194
194
195
199
199
199
205
206
217
223
227
228
232
249
249
250
252
257
340
364
372
373
373
373
373
389
471
479
483
491
494
528
529
542
557
558
574
575
576
630
637
637
638
639
647
653
655
660
660
662
662
662
662
748
754
770
842
844
861
868
871
878
878
879
948
953
980
985
986
987
999
1004
1005
1008
1020
1027
1044
1044
1044
1050
1113
1114
1114
1118
1118
1130
1149
1189
1190
1222
1256
1277
1287
1305
1306
1306
1307
1374
1375
1384
1386
1387
1403
1423
1438
1438
1439
1439
1439
1487
1492
1496
1497
1498
1498
1498
1501
1501
1504
1510
1513
1514
1517
1517
1518
1519
1519
1520
1520
1525
1526
1611
1615
1618
1619
1620
1620
1622
1639
1664
1680
1771
1800
1828
1828
1829
1830
1830
1830
1831
1839
1840
1840
1841
1860
1882
1883
1898
1908
1912
1933
1935
1957
2057
2074
2092
2109
2166
2180
2189
2205
2206
2221
2256
2265
2281
2288
2288
2312
2313
2313
2314
2314
2314
2314
2315
2315
2318
2333
2348
2348
2348
2348
2348
2348
2349
2349
2351
2351
2351
2352
2352
2354
2355
2355
2356
2356
2356
2358
2358
2358
2364
2457
2459
2460
2463
2499
2542
2606
2614
2682
2720
2722
2724
2741
2749
2801
2801
2824
2826
2828
2839
2844
2854
2947
2958
2958
2958
2958
2960
2962
2963
2965
2966
2966
2967
3037
3048
3131
3135
3136
3136
3320
3368
3368
3370
3375
3378
3378
3380
3385
3385
3386
3391
3391
3396
3401
3406
3408
3410
3410
3410
3410
3410
3410
3411
3411
3416
3428
3437
3437
3437
3441
3442
3443
3457
3477
3478
3478
3479
3479
3482
3484
3485
3512
3512
3513
3513
3513
3513
3513
3513
3513
3514
3514
3514
3538
3550
3550
3550
3570
3570
3570
3570
3572
3582
3589
3687
3692
3692
3697
3697
3698
3698
3698
3698
3698
3698
3703
3712
3739
3740
3744
3746
3746
3764
3777
3784
3785
3785
3786
3786
3790
3791
3831
3847
3855
3890
3890
3890
3973
4008
4015
4015
4024
4032
4033
4033
4034
4037
4037
4039
4064
4065
4065
4065
4067
4072
4073
4077
4079
4118
4240
4277
4306
4310
4310
4316
4323
4324
4324
4331
4350
4619
5346
5346
5347
5350
5351
5351
5352
5352
5353
5356
5363
5372
5386
5388
5388
5388
5389
5389
5389
5389
5390
5390
5390
5390
5390
5391
5391
5391
5392
5392
5394
5395
5395
5396
5396
5396
5398
5398
5398
5407
5410
5412
5417
5420
5428
5431
5450
5452
5461
5487
5491
5492
5493
5493
5496
5496
5497
5509
5510
5511
5511
5538
5546
5548
5549
5549
5550
5559
5559
5560
5571
5582
5583
5604
5606
5660
5668
5673
5676
5676
5677
5677
5677
5678
5684
5738
5739
5739
5739
5848
5851
5972
6033
6033
6034
6034
6034
6034
6034
6035
6038
6075
6134
6207
6209
6223
6228
6244
6248
6255
6264
6265
6265
6266
6269
6274
6274
6274
6275
6279
6279
6287
6305
6315
6315
6322
6322
6380
6385
6430
6466
6470
6479
6544
6583
6600
6607
6736
6747
6777
6791
6793
6802
