3
3
11
13
14
15
15
17
19
20
23
23
23
23
23
24
27
28
29
29
30
30
35
36
38
38
38
38
38
38
38
38
38
39
39
39
40
40
41
41
41
41
42
42
42
42
43
44
45
45
45
45
46
47
49
51
52
52
54
54
54
55
55
57
59
60
60
61
61
61
63
63
63
64
64
65
65
66
66
66
67
67
68
69
69
70
70
70
71
72
73
73
75
76
77
78
79
79
80
80
80
82
82
82
83
84
86
87
88
88
88
89
91
91
91
92
92
96
97
98
99
100
100
101
101
101
101
103
103
104
104
105
106
107
108
109
109
109
111
112
113
114
114
116
116
117
118
119
119
119
121
121
121
122
122
122
123
124
125
127
127
132
132
134
135
137
138
140
140
145
147
149
150
151
153
154
157
167
167
167
167
167
173
183
189
194
195
197
198
199
210
210
212
214
232
240
245
245
246
247
256
259
259
261
268
286
286
286
286
286
286
286
286
287
295
297
298
317
323
329
329
329
329
330
334
336
337
338
339
341
344
345
346
346
347
348
351
351
352
360
360
362
371
372
373
374
376
383
383
383
384
385
386
387
387
387
387
388
390
392
397
397
398
399
400
401
402
403
403
403
404
404
422
423
424
426
430
436
443
454
454
455
465
470
470
470
471
471
471
472
473
473
478
478
481
513
513
515
517
517
519
519
521
521
521
521
524
525
525
527
529
529
529
532
534
535
537
541
563
566
572
572
573
574
574
577
585
589
592
592
592
592
595
597
604
612
612
621
621
622
624
624
626
627
627
627
628
628
628
629
629
629
629
631
633
633
633
656
657
657
657
658
658
659
659
659
660
660
660
661
667
671
672
672
696
697
703
717
734
734
735
736
737
741
744
744
749
749
749
757
757
760
779
782
784
784
788
800
800
813
813
813
813
814
816
816
816
816
828
829
831
832
833
833
833
834
836
840
840
848
850
850
851
854
857
861
865
865
867
885
891
901
903
917
928
931
931
942
944
948
949
958
958
959
966
982
984
984
994
1001
1004
1015
1024
1030
1031
1043
1046
1054
1055
1060
1062
1063
1064
1064
1065
1065
1073
1081
1084
1086
1089
1089
1091
1094
1095
1095
1096
1097
1098
1099
1099
1099
1099
1099
1099
1099
1099
1103
1104
1104
1104
1104
1104
1105
1105
1105
1106
1106
1107
1111
1112
1113
1113
1115
1118
1118
1118
1130
1130
1130
1130
1130
1130
1130
1131
1131
1131
1131
1134
1136
1137
1137
1138
1142
1157
1159
1159
1169
1171
1173
1175
1176
1177
1179
1180
1180
1185
1191
1201
1207
1210
1212
1214
1215
1220
1221
1221
1221
1222
1222
1222
1222
1224
1224
1228
1236
1238
1238
1241
1242
1246
1257
1257
1257
1257
1269
1269
1272
1277
1291
1295
1301
1309
1310
1327
1336
1340
1341
1341
1341
1342
1345
1346
1348
1351
1351
