3
4
12
12
16
17
18
19
23
23
23
23
23
23
26
30
30
30
31
31
31
31
31
32
33
33
33
35
36
36
36
36
36
37
37
37
38
38
38
38
42
43
44
46
47
47
48
49
50
52
53
54
54
54
56
59
60
65
67
67
69
69
70
70
71
72
72
73
73
74
76
77
78
78
78
78
78
79
79
79
79
80
80
82
84
84
84
84
84
85
85
86
86
88
88
88
89
91
91
92
92
92
92
93
93
93
93
95
95
95
96
96
96
97
98
98
98
100
100
101
101
102
102
102
102
102
103
103
103
103
104
113
114
114
119
119
121
121
123
123
125
128
128
129
137
138
138
141
148
151
161
232
249
249
328
378
393
413
431
444
454
490
511
513
515
516
517
524
536
542
549
553
554
606
621
630
645
660
810
880
904
909
916
958
960
961
963
963
965
965
967
971
972
1019
1074
1131
1132
1167
1167
1235
1239
1239
1239
1302
1311
1323
1330
1332
1399
1402
1405
1408
1410
1410
1412
1434
1452
1506
1506
1506
1506
1514
1514
1514
1521
1522
1522
1522
1526
1526
1528
1528
1528
1528
1529
1529
1529
1529
1529
1529
1547
1548
1548
1549
1549
1550
1552
1552
1552
1553
1553
1554
1554
1554
1555
1555
1557
1558
1566
1566
1569
1569
1570
1570
1570
1572
1576
1584
1596
1597
1598
1606
1646
1656
1681
1681
1691
1692
1696
1980
1981
2006
2020
2020
2025
2040
2181
2190
2191
2191
2191
2191
2191
2191
2192
2213
2215
2262
2291
2336
2416
2477
2481
2481
2489
2515
2527
2528
2532
2532
2532
2532
2532
2532
2533
2535
2535
2538
2538
2541
2572
2576
2586
2590
2590
2591
2604
2605
2605
2605
2610
2610
2610
2610
2610
2610
2611
2611
2611
2624
2627
2628
2636
2639
2642
2642
2643
2643
2745
2778
2879
2897
2925
3071
3173
3198
3235
3235
3237
3250
3250
3251
3254
3256
3257
3258
3258
3258
3258
3259
3259
3262
3262
3262
3264
3267
3284
3294
3298
3323
3328
3334
3334
3335
3338
3338
3339
3341
3341
3352
3352
3355
3358
3364
3369
3370
3383
3383
3389
3413
3414
3414
3415
3428
3459
3462
3472
3479
3498
3546
3547
3547
3548
3548
3548
3548
3548
3549
3549
3549
3550
3551
3570
3577
3578
3585
3595
3607
3608
3608
3609
3612
3613
3615
3630
3637
3643
3644
3645
3650
3650
3651
3652
3652
3652
3654
3658
3663
3678
3679
3680
3680
3691
3703
3733
3770
3770
3770
3774
3777
3778
3789
3817
3821
3821
3822
3823
4016
4036
4036
4037
4038
4100
4235
4261
4283
4297
4329
4355
4356
4356
4364
4372
4373
4373
4380
4395
4396
4396
4405
4639
4665
4677
4738
4753
4754
4757
4758
4758
4759
4760
4773
4773
4774
4774
4778
4830
4830
4837
4838
4934
4943
4970
4977
5008
5016
5017
5018
5018
5019
5022
5046
5057
5067
5068
5069
5073
5073
5079
5079
5079
5080
5082
5112
5126
5127
5129
5130
5141
5144
5147
5147
5147
5167
5172
5189
5212
5237
5247
5258
5309
5335
5359
5374
5414
5416
5475
5486
5488
5518
5522
5523
5523
5524
5526
5527
5528
5528
5534
5540
5541
5577
5578
5578
5582
5583
5590
5627
5636
5638
5644
5644
5644
5644
5644
5644
5645
5645
