3
3
9
14
14
15
15
20
23
25
27
27
27
27
27
28
28
30
30
30
30
30
32
36
37
37
37
37
38
38
38
42
43
44
44
45
46
47
47
48
48
48
48
49
51
52
53
54
54
55
57
58
59
59
59
59
61
61
61
61
62
62
62
62
62
62
63
63
63
63
63
63
63
64
64
64
64
65
65
67
67
68
68
68
68
68
69
70
70
72
72
73
73
73
74
74
74
74
74
74
74
75
75
75
76
76
76
76
77
77
77
78
79
79
81
81
81
81
81
82
82
83
83
83
83
84
85
85
87
87
88
88
88
89
89
89
90
91
91
91
91
92
93
93
94
95
97
97
101
102
102
102
102
102
102
102
102
104
104
106
107
107
107
109
109
109
109
110
110
111
113
113
113
114
115
119
119
122
124
132
132
133
133
133
140
145
147
150
161
171
172
197
198
203
224
227
227
239
239
244
269
273
288
292
297
297
297
299
300
300
300
300
300
300
301
315
339
344
345
350
351
351
353
353
354
356
356
409
410
416
418
422
423
423
434
437
452
454
474
491
493
497
498
498
498
502
505
511
514
516
521
523
534
539
541
541
541
542
542
543
543
543
543
543
543
544
544
545
546
547
553
554
557
557
559
560
560
560
560
561
561
561
562
562
563
578
578
579
581
581
586
587
587
588
590
590
590
596
596
597
597
598
599
603
604
607
618
626
638
641
644
648
655
656
666
679
686
706
710
718
722
725
729
751
758
762
770
770
770
770
771
771
771
771
771
771
778
790
792
797
798
801
801
801
801
801
801
805
806
810
811
814
815
818
824
824
827
828
830
830
830
830
830
831
831
831
831
831
832
832
833
834
834
834
834
834
834
835
835
835
836
836
836
837
838
838
843
844
844
850
851
851
856
858
858
861
867
867
868
869
869
870
870
872
873
876
876
877
877
878
878
878
879
883
884
884
889
907
907
914
914
935
940
945
946
946
946
946
947
948
952
952
953
958
959
977
977
988
1010
1010
1011
1011
1011
1029
1038
1045
1045
1048
1072
1072
1073
1074
1076
1076
1078
1087
1090
1091
1095
1108
1113
1113
1113
1118
1118
1119
1124
1124
1124
1125
1128
1131
1132
1137
1137
1151
1159
1160
1161
1164
1166
1168
1176
1180
1180
1181
1184
1184
1186
1201
1205
1209
1210
1210
1211
1240
1242
1243
1243
1243
1249
1250
1250
1252
1261
1273
1277
1281
1286
1286
1292
1293
1300
1306
1307
1311
1326
1326
1326
1327
1327
1328
1330
1330
1331
1332
1336
1345
1345
1357
1357
1357
1357
1362
1363
1365
1365
1373
1377
1383
1385
1385
1385
1385
1386
1409
1599
1601
1621
1633
1634
1634
1641
1646
1649
1652
1680
1680
1680
1689
1690
1690
1690
1690
1690
1690
1690
1691
1692
1694
1699
1699
1699
1699
1703
1704
1704
1706
1713
1716
1719
1729
1731
1733
1747
1749
