14
19
21
22
23
26
26
27
28
34
36
37
41
43
48
57
58
58
58
59
61
62
68
68
69
71
71
72
73
73
73
76
80
81
82
84
84
84
84
84
85
85
85
89
89
98
108
111
114
117
119
121
122
123
123
125
129
133
135
139
141
150
150
151
153
157
157
165
169
192
195
195
197
202
207
220
225
226
226
236
236
237
237
239
241
242
251
257
306
326
359
359
360
361
384
398
411
411
426
427
427
427
490
491
491
491
492
495
516
532
533
535
546
547
567
577
578
604
626
628
628
628
669
679
759
805
816
871
872
876
876
877
877
919
936
965
992
1003
1010
1055
1076
1077
1079
1087
1090
1092
1124
1147
1148
1149
1149
1178
1186
1207
1225
1225
1225
1316
1320
1324
1347
1406
1408
1410
1410
1410
1411
1411
1411
1413
1414
1414
1415
1416
1419
1419
1419
1419
1472
1477
1478
1478
1480
1480
1481
1481
1481
1481
1481
1482
1483
1485
1486
1486
1486
1486
1494
1494
1496
1497
1497
1512
1513
1518
1522
1523
1524
1524
1525
1525
1525
1525
1525
1525
1525
1526
1526
1526
1526
1529
1530
1536
1541
1543
1546
1546
1552
1565
1572
1602
1604
1605
1605
1616
1616
1620
1621
1629
1653
1655
1685
1703
1722
1727
1733
1735
1737
1745
1811
1813
1837
1838
1850
1850
1851
1851
1895
1895
1906
1906
1906
1907
1907
1948
1965
1967
1968
1969
1970
1971
1971
1973
2013
2014
2014
2017
2057
2108
2113
2149
2190
2202
2208
2225
2281
2321
2408
2460
2471
2471
2471
2471
2471
2471
2477
2477
2478
2478
2478
2478
2478
2479
2479
2479
2480
2480
2480
2482
2485
2485
2485
2485
2497
2499
2523
2527
2553
2555
2556
2557
2575
2585
2590
2625
2625
2626
2626
2644
2644
2649
2649
2649
2649
2649
2652
2653
2654
2677
2701
2730
2732
2733
2740
2741
2742
2763
2763
2765
2765
2774
2775
2782
2784
2785
2790
2798
2816
2818
2822
2822
2822
2823
2828
2828
2835
2835
2836
2836
2836
2836
2836
2836
2852
2863
2863
2864
2865
3007
3030
3036
3036
3038
3042
3043
3044
3044
3044
3044
3045
3050
3078
3084
3102
3106
3118
3121
3139
3142
3151
3215
3216
3220
3220
3246
3248
3263
3265
3283
3308
3321
3328
3339
3342
3343
3343
3343
3344
3344
3344
3345
3345
3345
3347
3349
3351
3361
3361
3417
3417
3418
3419
3419
3419
3419
3420
3427
3435
3438
3438
3443
3444
3444
3445
3445
3456
3458
3461
3466
3476
3478
3484
3489
3548
3548
3549
3550
3550
3597
3598
3598
3599
3630
3641
3642
3643
3666
3676
3683
3685
3699
3699
3700
3700
3701
3701
3712
3736
3749
3751
3751
3777
3777
3777
3778
3779
3826
3827
3838
3844
3882
3884
3906
3908
3910
3917
3920
3936
3941
3942
3949
3967
3968
3968
3968
3969
3969
3969
3969
3970
3971
3971
3972
3972
3973
3998
3999
3999
4001
4023
4067
4072
4074
4085
4088
4088
4089
4089
4199
4267
4296
4345
4352
4585
4591
4611
4614
4629
4629
4639
4647
4677
4713
4731
4732
4734
4739
4753
4753
4775
4795
4821
4822
4823
4835
4835
4840
4840
4845
4856
4894
4935
4939
4964
4964
4964
4968
5016
5030
5046
5053
5053
5053
5064
5076
5137
5221
5231
5231
5232
5232
5238
5252
5332
5332
5332
5332
5332
5333
5333
5333
