3
4
9
12
12
18
18
19
22
26
26
26
26
26
26
33
34
34
35
36
37
37
38
38
38
38
39
39
39
39
39
40
40
40
41
41
42
42
43
43
44
45
45
45
45
45
45
45
46
47
48
54
55
56
57
57
57
57
58
58
60
60
62
64
65
66
66
66
66
67
67
67
67
67
67
67
68
69
69
69
70
70
70
70
70
71
72
72
72
72
73
73
73
73
74
74
74
75
75
77
77
77
78
80
81
82
82
83
84
84
84
84
85
86
86
88
88
88
89
89
89
91
91
92
94
95
96
96
96
97
97
97
97
100
100
100
100
100
100
100
101
101
102
103
104
104
105
105
105
105
105
105
106
106
106
106
106
106
106
107
108
108
108
108
108
109
109
110
110
110
111
112
112
112
112
113
113
113
115
116
116
117
119
120
124
126
126
127
128
132
134
144
145
146
147
147
147
147
148
148
148
158
159
164
164
175
176
181
182
183
186
187
191
192
193
196
199
199
202
208
217
219
222
232
237
238
252
253
253
257
258
259
259
260
260
271
276
276
276
278
283
283
286
291
292
293
294
295
296
296
296
297
297
303
305
305
306
306
308
308
308
310
311
311
311
312
312
312
313
313
318
321
321
325
329
333
333
334
338
339
343
350
350
350
350
350
350
351
351
353
354
354
354
357
358
358
358
359
364
374
374
374
374
374
374
377
377
377
377
377
378
380
381
386
389
405
416
422
435
438
440
440
444
444
455
457
457
458
460
460
460
461
464
464
465
469
473
478
482
482
483
484
499
503
503
504
505
509
511
512
513
513
513
515
517
524
525
526
531
532
532
532
532
532
532
533
533
533
533
534
534
538
548
551
558
559
559
566
569
571
573
577
577
578
579
579
580
581
581
582
582
582
582
582
583
584
585
591
594
594
596
597
597
598
599
599
601
602
602
603
605
609
614
614
615
622
622
623
627
629
631
631
631
634
635
645
646
646
652
653
654
654
657
658
659
670
672
682
690
693
695
697
703
713
727
729
732
737
738
738
738
745
746
748
748
750
755
757
760
768
768
768
768
768
769
778
783
785
796
797
811
817
821
821
821
827
827
827
827
827
827
827
828
828
835
837
837
844
845
847
864
865
869
881
894
901
905
906
906
906
906
907
907
907
907
908
908
908
909
909
910
912
914
916
918
919
920
921
926
926
926
927
927
928
935
935
936
938
938
939
939
941
967
970
971
971
971
971
972
973
973
974
974
974
975
976
979
981
981
981
981
982
982
982
982
999
1008
1017
1032
1033
1051
1060
1063
1071
1083
1085
1086
1099
1099
1099
1118
1124
1125
1126
1134
1138
1142
1150
1151
1153
1153
1158
1161
1162
1162
1162
1162
1163
