3
4
10
13
14
16
16
17
21
22
23
23
23
23
23
27
27
27
28
28
31
32
32
36
36
37
39
40
41
42
42
43
43
43
43
43
44
44
44
44
44
44
44
44
44
45
45
46
46
46
47
47
48
49
49
50
50
51
51
52
56
57
58
58
58
58
59
59
60
60
61
62
62
64
64
64
64
64
64
65
65
65
65
65
65
65
66
67
67
68
69
69
69
70
70
71
72
72
72
72
73
74
77
77
77
78
78
80
83
83
83
83
84
85
85
85
85
85
85
86
87
87
88
88
88
89
89
89
90
90
92
93
94
94
95
96
97
98
98
99
104
104
109
110
111
115
116
116
116
117
118
118
119
119
120
120
121
124
126
128
137
137
137
138
139
141
142
142
143
143
146
147
148
152
153
153
157
158
158
158
158
162
162
162
164
180
194
196
197
204
204
205
212
221
222
223
234
234
235
241
245
248
248
249
249
249
249
250
250
252
284
294
303
309
324
330
330
331
331
332
340
352
354
362
362
378
390
391
395
395
396
396
396
396
398
403
403
408
410
412
422
423
424
434
434
440
441
449
450
450
453
455
456
464
464
488
507
509
518
525
527
543
546
550
568
577
579
597
604
606
609
611
611
612
612
623
624
624
624
624
625
630
646
651
654
667
676
676
677
678
691
700
700
701
706
706
706
708
711
718
735
738
743
744
749
750
751
752
754
754
762
764
767
768
770
770
773
775
776
782
787
795
802
803
805
820
834
856
858
858
859
860
860
860
861
861
861
861
862
863
863
870
872
875
875
876
876
876
877
878
879
883
883
883
883
883
883
886
886
887
887
887
887
887
887
887
887
887
888
892
892
892
893
896
906
906
907
908
911
912
920
923
924
925
925
925
926
927
928
928
951
954
954
954
955
956
956
956
958
958
959
959
959
959
960
960
967
989
997
998
1001
1009
1009
1012
1013
1020
1023
1035
1044
1045
1047
1047
1051
1051
1052
1071
1074
1074
1074
1075
1075
1077
1086
1087
1087
1087
1087
1088
1088
1088
1088
1093
1094
1095
1095
1095
1095
1095
1095
1095
1095
1095
1096
1096
1097
1097
1098
1099
1099
1099
1103
1103
1104
1108
1112
1113
1113
1123
1126
1129
1130
1130
1132
1132
1132
1133
1133
1133
1134
1134
1134
1135
1135
1137
1140
1140
1140
1140
1140
1141
1141
1141
1141
1141
1141
1142
1143
1151
1158
1158
1159
1160
1160
1160
1161
1163
1166
1166
1168
1174
1174
1182
1183
1202
1202
1219
1238
1240
1244
1247
1261
1261
1261
1261
1261
1261
1262
1262
1263
1264
1267
1269
1269
1272
1272
1275
1275
1275
1276
1284
1289
1293
1293
1294
1296
1302
1302
1310
1310
1311
1311
1312
1312
1313
1314
1314
1317
1321
1342
1347
1349
1356
1361
1362
1362
1363
1363
1366
1376
1376
1380
1382
1386
1394
1394
1400
1417
1422
1424
1424
1425
1425
1428
1429
1429
