5
6
9
11
11
12
13
14
14
14
14
17
17
17
19
20
21
21
21
22
22
23
26
29
30
30
31
31
31
32
32
32
32
32
32
32
32
32
33
33
35
35
35
35
36
36
36
36
37
37
38
38
39
42
43
43
44
45
45
45
45
46
49
49
49
49
55
55
56
56
58
59
59
59
60
61
61
61
61
61
61
61
61
63
63
64
64
65
65
66
67
69
69
69
70
72
75
76
77
81
82
82
82
82
82
83
83
84
84
84
84
84
85
86
87
87
88
88
88
88
88
88
88
88
88
88
88
88
88
88
88
88
88
88
90
90
90
91
91
91
91
92
92
92
92
92
92
92
92
92
92
92
92
92
92
92
92
92
92
92
93
93
93
93
93
93
93
93
93
93
93
93
93
93
93
93
93
93
93
95
96
96
96
97
98
99
101
107
109
110
111
123
124
125
125
125
125
125
127
127
128
128
128
129
129
129
129
129
129
131
131
131
132
132
132
132
132
133
133
133
133
133
134
134
134
135
135
139
143
145
145
145
145
145
145
146
146
147
148
152
153
157
163
164
164
164
165
165
165
165
165
165
166
171
174
176
177
178
180
187
208
208
216
216
244
275
277
279
281
282
282
283
283
283
288
289
308
309
319
372
382
467
470
478
478
479
482
482
483
484
485
487
493
496
499
499
500
506
506
506
506
506
506
506
510
516
520
523
538
541
544
551
553
560
568
568
568
568
568
568
574
578
581
594
599
602
641
643
645
648
653
666
669
674
674
674
682
684
707
721
735
745
745
752
764
765
769
782
786
788
790
796
796
812
813
820
820
827
839
853
861
864
864
864
864
874
891
901
942
960
962
975
978
984
999
1000
1052
1058
1074
1083
1090
1103
1104
1112
1126
1133
1137
1139
1141
1166
1169
1175
1176
1192
1195
1198
1199
1230
1308
1315
1318
1332
1355
1373
1377
1396
1415
1423
1423
1428
1434
1435
1437
1440
1446
1451
1457
1476
1478
1489
1489
1497
1507
1508
1509
1512
1512
1512
1520
1539
1556
1569
1591
1592
1594
1622
1625
1631
1643
1648
1659
1682
1690
1702
1702
1702
1703
1703
1703
1703
1703
1703
1703
1703
1703
1711
1711
1711
1712
1713
1713
1713
1714
1714
1714
1714
1714
1715
1715
1715
1715
1715
1715
1719
1742
1766
1819
1847
1886
1923
1938
1995
1999
2020
2050
2066
2073
2219
2261
2276
2306
2306
2336
2340
2562
2562
2562
2562
2562
2562
2569
2580
2582
2594
2620
2640
2669
2670
2713
2713
2863
2867
2882
2892
2927
2937
2952
2952
2953
2964
2989
3005
3012
3012
3020
3024
3034
3061
3061
3067
3139
3172
3174
3174
3175
3175
3175
3175
3175
3175
3175
3175
3175
3175
3175
3209
3263
3301
3310
3318
3364
3425
3436
3453
3483
3485
3485
3485
3485
3493
3493
3493
3493
3493
3494
3494
3494
3494
3495
3496
3496
3496
3496
3504
3616
3656
3670
3675
3804
3809
3814
3823
3823
3824
3852
