2
3
6
9
12
14
20
23
23
23
23
23
23
28
28
28
30
32
32
32
35
35
35
35
35
35
35
35
37
39
40
40
40
43
44
46
48
50
51
52
52
52
54
55
55
55
56
56
56
56
57
57
57
57
61
62
63
64
65
67
68
69
71
72
74
76
76
76
76
76
78
78
78
79
79
79
79
81
82
83
84
86
86
88
88
88
89
98
100
101
104
104
105
110
110
110
110
110
111
111
111
111
111
111
111
111
111
111
111
112
113
115
115
115
115
116
116
124
125
128
128
128
128
129
129
129
130
131
135
146
151
151
151
152
154
165
166
168
171
172
181
182
182
182
185
185
185
186
186
198
202
214
268
268
268
268
268
269
290
312
330
430
435
440
445
447
458
490
491
493
493
494
506
509
530
533
546
547
562
567
576
584
587
590
602
603
615
620
622
623
629
637
642
646
657
670
671
688
689
690
695
695
702
717
731
735
738
740
740
748
748
750
750
750
751
751
754
754
755
755
756
756
757
757
758
758
759
761
761
763
769
772
781
803
832
832
832
836
836
848
850
851
872
883
896
897
917
923
953
970
972
973
978
986
994
997
999
1002
1005
1009
1026
1027
1029
1031
1031
1038
1070
1073
1074
1078
1081
1086
1086
1087
1087
1087
1087
1090
1092
1100
1100
1108
1108
1109
1116
1119
1123
1124
1130
1132
1136
1140
1146
1150
1154
1160
1166
1170
1172
1179
1182
1186
1188
1196
1196
1196
1198
1199
1199
1202
1202
1202
1202
1202
1202
1203
1203
1203
1208
1208
1210
1210
1210
1210
1210
1210
1210
1210
1210
1210
1211
1211
1211
1211
1212
1213
1214
1214
1214
1214
1214
1214
1214
1214
1214
1214
1214
1214
1214
1215
1215
1215
1215
1215
1215
1215
1215
1215
1215
1215
1215
1215
1215
1215
1215
1215
1215
1215
1215
1216
1216
1225
1226
1227
1228
1228
1228
1228
1229
1229
1229
1233
1239
1239
1240
1244
1244
1245
1271
1274
1294
1301
1309
1312
1324
1337
1339
1347
1349
1349
1362
1370
1385
1387
1390
1390
1401
1402
1453
1474
1474
1474
1474
1474
1474
1475
1475
1475
1475
1475
1475
1475
1475
1475
1480
1490
1554
1558
1574
1621
1621
1623
1624
1626
1634
1635
1635
1635
1635
1635
1635
1635
1635
1635
1635
1635
1635
1635
1635
1635
1635
1635
1635
1635
1635
1635
1635
1635
1635
1635
1635
1635
1635
1635
1635
1635
1635
1635
1635
1635
1635
1635
1635
1635
1635
1635
1636
1636
1636
1636
1636
1638
1638
1638
1639
1639
1639
1641
1641
1642
1642
1642
1642
1642
1642
1642
1643
1643
1643
1643
1643
1643
1643
1643
1643
1643
1643
1643
1643
1643
1643
1643
1643
1643
1644
1644
1644
1644
1644
1644
1644
1644
1644
1650
1651
1651
1658
1666
1690
1690
1694
1695
1712
1725
1758
1783
1785
1788
1815
1843
1848
1852
1855
1855
1860
1874
1876
1879
1881
1881
1881
1885
1886
1890
1892
1899
1909
1909
1910
1915
1928
1929
1960
1963
1963
1964
1969
1971
1977
1979
1981
2012
2021
2028
2046
2076
2089
2103
2114
2115
2116
2125
2140
2140
2140
2140
2140
2140
