3
4
6
7
8
9
10
11
12
13
13
14
14
14
16
16
19
19
21
21
22
22
22
23
23
23
24
24
24
24
26
29
29
29
29
29
30
30
30
30
30
30
30
30
30
31
31
31
33
33
33
33
34
35
35
35
35
35
36
36
36
38
38
38
39
39
39
41
41
42
42
43
44
45
46
46
46
47
47
47
47
48
48
50
50
50
52
52
52
52
52
53
56
57
59
59
59
59
60
60
60
60
60
67
69
69
71
71
71
74
75
76
77
78
80
83
84
85
88
88
90
90
92
94
95
99
99
101
101
101
102
102
103
103
103
103
104
105
106
108
109
109
110
110
110
110
110
110
111
112
113
113
114
114
115
115
115
116
116
117
117
117
117
117
117
118
118
118
118
118
119
120
120
120
120
120
120
120
120
120
120
120
120
120
120
120
121
123
123
123
124
125
126
128
128
129
132
133
135
137
139
140
141
141
141
142
146
146
147
148
148
153
154
154
154
154
154
154
154
158
159
159
159
159
159
159
160
160
160
160
160
160
162
162
162
162
162
162
162
162
162
163
163
164
164
165
165
165
167
172
175
179
183
185
186
191
193
194
197
197
198
204
210
216
217
217
217
217
217
217
217
217
217
217
217
217
218
218
222
226
228
241
241
242
276
284
287
287
287
287
287
287
287
287
287
287
287
287
287
287
287
287
291
292
293
293
295
295
296
297
298
298
298
300
301
301
304
311
312
314
319
320
320
322
328
333
336
337
349
355
362
362
373
373
374
376
379
381
382
403
408
420
421
421
422
422
438
441
443
443
445
445
446
448
450
469
474
483
487
489
491
503
508
509
509
510
514
514
516
518
530
536
551
552
552
555
560
567
567
591
593
594
598
605
606
608
610
612
613
613
615
617
623
638
648
650
652
656
660
663
669
669
669
670
670
670
670
670
670
670
670
670
670
670
670
670
671
671
671
671
671
671
671
671
671
671
671
671
671
671
671
671
671
671
671
671
671
672
672
672
672
672
672
672
672
672
672
672
672
672
672
672
672
672
672
675
675
679
679
679
679
683
685
699
699
699
699
699
699
699
699
699
699
699
699
700
700
700
700
700
700
700
700
700
701
701
704
705
705
706
706
706
706
706
706
706
706
707
707
709
712
712
717
725
730
731
734
746
756
763
765
771
780
781
781
783
784
787
789
789
813
813
818
818
822
827
840
841
843
847
852
858
861
862
867
872
874
874
874
874
874
874
874
874
874
881
885
887
895
910
916
922
923
941
949
951
959
975
977
977
982
986
988
989
1006
1016
1026
1030
1030
1032
1034
1034
1045
1050
1051
1063
1064
1065
1102
1109
1123
1131
1131
1133
1134
1134
1136
