3
3
5
6
7
8
10
10
13
13
13
15
16
17
17
17
17
17
18
18
18
20
20
20
20
20
20
20
20
21
21
21
21
22
23
23
23
24
24
24
24
24
25
25
25
25
25
25
25
25
25
28
29
29
30
30
30
31
31
32
33
33
33
34
35
36
36
38
38
43
43
44
44
44
46
46
47
48
49
49
50
51
52
52
53
55
55
55
58
60
60
61
63
63
64
64
64
64
64
65
65
65
65
65
66
66
69
70
70
70
73
73
75
76
77
77
78
79
79
79
80
80
80
80
80
80
80
80
80
80
81
81
81
82
82
82
82
82
83
83
83
83
83
84
84
84
84
85
85
85
85
85
85
85
85
85
85
85
85
85
85
86
86
86
86
86
89
92
92
92
93
94
97
97
97
97
97
97
97
98
98
98
99
99
100
101
101
102
102
103
103
103
103
104
104
104
105
105
105
105
106
106
107
107
107
108
109
109
112
117
117
119
119
121
121
122
122
124
124
125
125
126
127
129
131
131
132
133
133
134
134
135
137
148
149
149
151
166
167
209
216
227
243
263
263
275
277
312
325
325
326
342
346
369
369
373
389
393
395
399
401
405
416
425
431
432
435
438
446
448
449
452
455
456
456
457
459
460
461
476
478
479
482
482
482
483
487
490
495
496
499
502
503
505
507
509
510
512
524
530
538
558
562
566
570
571
573
573
577
577
580
585
587
587
593
593
593
593
596
596
596
596
596
596
596
596
596
596
596
597
597
597
597
597
597
597
597
597
597
597
597
597
597
597
597
597
597
597
597
597
598
598
598
598
598
598
598
598
598
598
598
598
598
598
598
598
598
598
598
598
599
599
599
599
599
599
599
599
599
610
611
612
615
618
622
624
625
632
635
637
639
639
640
640
640
640
640
640
640
640
640
640
640
640
640
642
643
648
648
650
650
656
657
671
674
675
675
676
676
680
684
691
693
694
694
694
694
711
711
712
713
713
716
716
718
737
737
737
737
741
741
743
757
769
772
777
778
781
787
791
795
798
807
826
826
832
833
833
833
833
853
868
869
870
870
870
870
870
870
870
871
871
871
871
871
880
883
883
883
884
884
884
884
884
884
884
884
884
884
887
894
894
896
897
897
900
902
902
903
906
906
906
906
906
906
906
906
906
906
906
906
906
919
919
919
919
919
919
919
919
919
919
919
920
937
944
946
946
948
950
956
965
965
965
965
989
995
996
997
998
999
999
999
1000
1000
1000
1001
1001
1002
1003
1006
1006
1006
1013
1013
1013
1013
1013
1013
1013
1014
1015
1015
1015
1016
1016
1016
1017
1020
1023
1034
1036
1052
1053
1055
1055
1055
1057
1061
1061
1062
1064
1065
1067
1076
1078
