4
4
6
7
8
11
12
13
15
15
20
21
25
25
25
25
25
25
25
25
26
26
27
29
29
30
30
30
31
31
33
35
38
39
40
42
43
43
43
43
44
44
45
46
47
48
49
49
50
51
52
52
53
53
53
56
58
59
60
60
61
63
65
72
72
72
74
79
81
82
83
83
83
84
85
85
85
87
87
87
87
87
88
88
88
92
92
92
94
94
94
96
97
98
100
101
103
104
104
104
104
105
105
105
105
105
106
106
107
107
108
109
110
110
113
113
114
114
114
114
115
115
116
116
118
118
118
118
118
118
119
120
120
120
120
121
121
121
121
122
122
123
126
131
139
144
145
148
158
169
180
184
202
204
216
218
247
252
266
267
280
295
309
310
310
310
318
319
324
326
338
345
360
375
393
398
401
422
426
437
444
454
454
483
483
491
510
531
544
549
552
555
558
561
563
564
572
579
579
579
597
598
640
657
668
674
674
675
675
675
675
675
675
675
675
675
675
675
675
675
676
676
676
676
676
676
676
676
676
676
676
677
677
678
678
679
683
683
683
683
683
683
683
683
683
684
684
685
685
686
686
686
686
688
688
688
688
689
689
689
689
689
689
691
691
691
691
691
691
691
691
691
692
692
692
692
692
692
695
696
696
696
696
698
703
703
703
703
703
703
703
703
703
703
703
703
709
729
733
838
865
873
878
881
894
899
900
905
905
917
922
926
930
931
948
973
977
978
979
1000
1006
1022
1037
1046
1050
1051
1084
1087
1096
1116
1116
1116
1116
1116
1117
1117
1117
1117
1117
1117
1117
1117
1117
1118
1119
1119
1119
1119
1119
1119
1131
1136
1139
1139
1143
1143
1143
1143
1145
1145
1145
1145
1145
1145
1145
1146
1146
1146
1146
1146
1146
1146
1146
1146
1146
1152
1162
1163
1163
1167
1174
1174
1174
1174
1182
1183
1183
1186
1188
1258
1284
1307
1312
1338
1354
1369
1406
1407
1426
1449
1449
1451
1478
1478
1488
1492
1494
1494
1494
1500
1509
1517
1518
1518
1519
1519
1545
1557
1572
1628
1629
1631
1739
1749
1749
1750
1773
1774
1786
1798
1807
1808
1813
1836
1909
1936
1937
1937
1964
1982
1994
2008
2021
2021
2026
2026
2027
2027
2027
2027
2027
2027
2027
2027
2027
2027
2027
2027
2028
2028
2028
2028
2028
2028
2028
2028
2028
2028
2028
2028
2028
2028
2028
2028
2029
2029
2029
2029
2029
2029
2029
2029
2029
2029
2029
2029
2030
2030
2030
2030
2038
2054
2054
2054
2064
2070
2086
2110
2116
2118
2197
2215
2225
2242
2249
2267
2269
2291
2299
2313
2319
2324
2326
2326
2327
2330
2333
2333
2335
2338
2380
2383
2385
2385
2385
2385
2388
2391
2391
2391
2391
2391
2391
2391
2391
2401
2403
2413
2446
2453
2467
2489
2508
2551
2571
2591
2596
2603
2615
2615
2699
2711
2719
2719
2720
2724
2735
2744
2780
2785
2788
2814
2816
2817
2852
2862
2862
2869
2873
2882
2906
2907
2928
2939
2949
2965
2987
3004
3058
3062
3062
3065
3070
3094
3105
3105
3105
3105
