3
4
9
20
21
21
25
26
26
26
26
27
27
29
32
33
34
36
37
38
38
38
38
38
39
39
44
44
44
44
44
44
45
45
45
45
48
50
50
50
53
56
56
57
57
64
70
74
77
79
79
79
79
79
79
79
79
79
79
79
79
79
79
79
79
79
79
79
79
79
79
79
79
79
79
79
79
80
80
81
84
84
84
84
85
85
85
85
85
86
86
86
87
88
88
88
88
88
88
90
90
91
91
91
91
91
91
91
92
92
92
92
92
92
93
93
94
95
95
95
95
95
95
95
95
95
95
95
96
96
96
96
96
96
98
98
98
98
98
98
98
98
98
99
99
101
102
105
109
110
113
114
114
114
116
121
121
123
125
131
132
133
137
138
140
141
143
149
153
153
157
161
162
163
163
163
163
163
164
164
164
165
167
170
170
170
171
171
171
171
171
171
171
172
172
173
175
175
176
176
178
178
179
179
180
185
187
188
189
191
196
202
205
245
245
252
263
320
321
359
405
437
538
538
552
568
656
656
660
663
681
714
740
768
770
784
821
821
841
841
841
849
850
880
888
931
951
988
1002
1020
1037
1037
1037
1040
1065
1066
1082
1085
1087
1091
1100
1106
1112
1132
1138
1144
1144
1144
1146
1147
1178
1194
1218
1224
1226
1230
1237
1245
1249
1254
1281
1294
1298
1299
1314
1316
1316
1316
1318
1324
1331
1331
1335
1341
1342
1344
1352
1376
1379
1379
1381
1383
1386
1386
1386
1387
1390
1403
1404
1413
1416
1423
1423
1424
1424
1429
1429
1429
1430
1432
1442
1443
1451
1452
1454
1454
1454
1455
1455
1455
1459
1460
1462
1463
1463
1463
1463
1463
1463
1463
1463
1463
1464
1464
1466
1466
1469
1470
1478
1479
1484
1493
1512
1515
1525
1526
1531
1536
1537
1551
1560
1571
1572
1593
1617
1619
1623
1628
1633
1633
1634
1636
1640
1641
1641
1644
1646
1646
1648
1649
1649
1656
1680
1688
1691
1714
1716
1757
1772
1779
1808
1808
1808
1808
1808
1808
1808
1808
1808
1808
1808
1808
1808
1808
1812
1812
1812
1812
1812
1812
1812
1812
1812
1812
1813
1813
1813
1813
1813
1813
1813
1813
1813
1813
1813
1813
1813
1813
1813
1813
1813
1813
1813
1813
1813
1814
1814
1814
1814
1814
1829
1830
1833
1842
1856
1935
2006
2006
2035
2047
2066
2125
2142
2162
2215
2275
2278
2289
2292
2292
2305
2310
2321
2351
2353
2369
2395
2535
2535
2585
2585
2588
2668
2670
2684
2696
2706
2722
2727
2756
2871
2902
2919
2919
2919
2919
2949
2973
3003
3012
3012
3027
3029
3037
3050
3077
3099
3103
3115
3149
3149
3149
3149
3149
3149
3159
3160
3166
3178
3207
3359
3886
4046
4059
4092
4137
4153
4177
4178
4259
4259
4398
4414
4420
4423
4538
4582
4593
4602
4629
4632
4655
4679
4699
4771
4786
4788
4923
5068
5097
5098
5141
5212
5250
5287
5308
5392
5393
5393
5393
5393
5393
5393
5393
5393
5393
5393
5393
5393
5393
5393
5393
5393
5427
5467
5490
5508
5515
5516
5517
5517
5528
5645
5705
5705
5706
5706
5706
5781
5803
5804
5886
5886
5887
5887
5887
5887
