3
4
7
9
10
12
13
17
17
18
20
21
21
21
22
23
23
23
23
23
23
23
23
25
26
26
26
26
27
27
27
27
28
28
28
28
30
30
31
32
32
32
33
34
35
35
36
38
39
39
39
40
40
41
41
42
43
43
43
43
44
44
44
45
45
45
45
45
46
47
47
48
50
50
50
50
52
54
55
55
55
55
56
56
56
56
58
58
58
59
60
60
62
63
65
66
68
68
70
71
72
73
75
75
77
77
78
81
82
82
83
83
84
85
85
87
90
92
94
94
95
95
96
97
100
100
101
101
101
101
101
101
101
102
102
102
102
102
102
102
103
103
104
105
105
106
106
106
106
106
108
108
109
109
110
112
112
113
113
115
118
121
123
124
126
131
134
136
155
155
156
157
159
164
165
166
170
172
173
173
173
174
175
175
175
176
176
176
176
176
176
176
176
176
176
176
176
176
176
176
176
176
176
176
176
176
179
188
189
192
199
202
212
215
218
223
226
231
231
231
232
232
239
250
258
260
291
313
320
408
413
441
484
489
489
496
502
511
531
538
566
583
593
594
609
613
615
616
716
785
786
787
792
796
800
804
825
836
843
887
887
894
920
950
980
981
998
1006
1012
1012
1012
1012
1012
1012
1012
1012
1012
1017
1018
1019
1029
1033
1039
1046
1047
1051
1054
1059
1059
1059
1062
1085
1111
1116
1164
1180
1265
1267
1402
1407
1417
1419
1420
1427
1428
1428
1435
1444
1445
1452
1456
1457
1457
1478
1488
1488
1488
1488
1489
1499
1500
1508
1509
1536
1546
1552
1555
1562
1572
1588
1589
1599
1604
1605
1630
1643
1656
1698
1699
1723
1781
1786
1857
1874
1888
1907
1950
1985
2004
2010
2024
2040
2042
2113
2129
2132
2152
2170
2173
2180
2183
2334
2336
2348
2397
2429
2446
2456
2483
2484
2488
2524
2530
2544
2549
2592
2593
2618
2618
2618
2618
2618
2618
2618
2618
2618
2618
2618
2618
2618
2618
2618
2619
2619
2619
2619
2619
2619
2619
2619
2619
2619
2619
2619
2619
2619
2619
2619
2619
2620
2621
2622
2623
2624
2624
2624
2624
2624
2624
2628
2629
2629
2629
2630
2630
2635
2635
2636
2636
2636
2636
2636
2636
2636
2636
2636
2636
2636
2636
2636
2636
2636
2636
2636
2636
2636
2636
2636
2636
2636
2636
2636
2636
2636
2636
2636
2636
2637
2637
2637
2637
2637
2637
2637
2637
2637
2646
2646
2646
2646
2646
2646
2646
2646
2646
2646
2646
2646
2646
2646
2648
2648
2648
2648
2649
2649
2649
2650
2650
2650
2651
2685
2685
2685
2685
2685
2685
2686
2686
2686
2686
2686
2686
2686
2686
2686
2686
2686
2686
2686
2686
2686
2686
2686
2686
2686
2686
2686
2686
2687
2687
2687
2687
2687
2687
2687
2687
2687
2688
2688
2705
2814
2839
3019
3020
3024
3025
3025
3046
3047
3048
3056
3082
3091
3105
3131
3145
3198
3211
3215
3223
3227
3228
3246
3254
3257
3261
3262
3268
3269
3283
3285
3322
3343
3393
3393
3393
3393
3393
3485
3497
3497
3563
3580
3583
3584
3712
3717
3754
3756
3757
3757
3779
3917
3917
3919
3919
3919
3919
3919
3919
3919
3919
