4
5
5
9
11
11
13
16
17
19
23
24
26
30
31
34
34
34
34
34
34
35
35
35
35
35
37
37
37
38
40
41
44
45
46
48
48
48
56
58
62
64
65
65
65
66
66
66
68
78
81
88
88
96
103
106
107
108
109
110
113
120
120
120
120
120
120
120
121
121
127
128
128
129
130
131
132
132
132
132
133
134
135
138
143
152
152
156
192
197
198
198
204
208
209
212
212
212
235
239
244
250
297
348
349
354
365
368
371
414
414
449
465
469
488
488
489
495
572
617
621
640
645
649
658
660
712
744
744
785
787
799
833
833
924
929
930
933
937
937
950
957
979
995
1007
1039
1054
1086
1097
1098
1099
1126
1131
1132
1133
1193
1245
1246
1263
1273
1274
1295
1296
1308
1309
1333
1344
1345
1403
1436
1436
1436
1436
1437
1440
1453
1457
1463
1499
1502
1504
1509
1519
1523
1546
1547
1547
1548
1556
1557
1559
1565
1579
1584
1584
1607
1618
1619
1631
1637
1638
1640
1642
1675
1691
1712
1748
1767
1768
1772
1781
1784
1784
1799
1799
1803
1810
1813
1819
1823
1824
1841
1901
1940
1951
1963
1973
1977
1990
2008
2025
2025
2046
2061
2064
2069
2085
2106
2247
2368
2373
2376
2398
2400
2408
2409
2411
2415
2415
2415
2415
2415
2416
2416
2416
2416
2416
2416
2416
2416
2416
2416
2416
2416
2421
2436
2455
2458
2462
2465
2484
2484
2484
2484
2488
2488
2517
2539
2540
2540
2540
2540
2540
2540
2540
2540
2540
2540
2540
2540
2546
2547
2556
2569
2570
2581
2589
2608
2631
2631
2631
2631
2631
2631
2631
2650
2650
2650
2667
2698
2704
2712
2713
2720
2722
2723
2735
2737
2738
2738
2738
2738
2738
2738
2738
2738
2738
2738
2738
2739
2743
2743
2743
2743
2744
2744
2744
2744
2745
2745
2745
2745
2745
2746
2746
2749
2749
2749
2749
2749
2749
2749
2749
2749
2750
2750
2752
2753
2755
2759
2759
2762
2763
2771
2781
2816
2901
2951
2960
2960
2961
2964
2990
2990
2990
2990
2990
2990
2990
2990
2990
3032
3056
3122
3126
3129
3129
3130
3130
3130
3130
3130
3130
3130
3130
3130
3130
3130
3130
3130
3130
3130
3130
3130
3130
3130
3130
3131
3131
3131
3131
3131
3131
3131
3131
3131
3131
3131
3131
3131
3131
3131
3131
3131
3131
3131
3131
3131
3131
3131
3131
3131
3131
3131
3131
3131
3132
3132
3133
3135
3135
3137
3137
3138
3139
3141
3148
3148
3148
3148
3148
3148
3148
3148
3148
3148
3148
3149
3149
3149
3149
3149
3149
3149
3149
3149
3154
3156
3157
3157
3157
3157
3157
3157
3157
3158
3158
3158
3158
3158
3158
3158
3158
3162
3178
3178
3178
3178
3178
3178
3178
3178
3178
3178
3178
3179
3202
3216
3237
3239
3243
3258
3292
3295
3298
3332
3387
3389
3391
3392
3394
3395
3407
3417
3443
3443
3443
3443
3443
3455
3466
3466
3466
3467
3467
3467
3467
3478
3495
3510
3527
3534
3548
3558
3568
3594
3643
3654
3654
3657
3677
3681
3699
3700
3700
3739
3781
3826
3835
3914
4001
4017
4021
4084
4093
4153
4164
4192
4274
4279
4288
4288
4328
4328
4329
4331
4416
4424
4481
4500
4506
4574
4580
4589
4609
4632
4653
4659
4662
4664
4869
4893
4906
4907
4908
