3
3
6
6
7
7
11
13
13
15
16
16
17
18
18
19
20
20
20
20
23
23
24
24
24
25
25
26
26
26
26
26
26
26
28
29
29
29
29
29
29
30
30
30
30
30
30
30
31
32
32
32
32
32
32
32
32
32
32
34
36
36
37
37
38
40
40
40
41
41
42
42
42
44
44
44
44
44
44
44
45
46
47
47
47
48
49
49
51
52
52
52
52
53
54
55
56
56
57
58
59
61
62
64
64
65
66
70
71
71
71
71
71
71
71
72
72
73
75
75
75
77
78
84
84
85
85
85
85
86
89
89
89
90
91
91
95
95
95
95
95
98
99
99
99
100
100
100
101
103
103
104
104
105
105
107
109
110
114
115
116
118
119
122
123
125
128
131
131
131
131
131
134
134
134
134
134
135
135
135
135
135
135
135
136
137
137
138
140
140
140
140
140
140
140
140
140
140
140
140
141
141
141
141
141
141
141
141
141
141
141
141
141
141
141
141
141
141
141
141
141
142
142
142
143
143
144
144
144
146
146
146
147
147
148
148
148
148
148
148
148
149
149
149
150
152
152
154
154
154
154
155
155
155
155
155
155
155
155
155
160
164
169
170
170
172
175
175
176
182
183
185
186
186
187
187
188
188
189
192
193
194
196
202
202
204
205
205
206
211
211
217
220
229
236
247
251
256
258
258
258
259
262
263
263
263
263
263
264
266
266
267
268
272
301
301
301
301
302
302
302
302
302
302
302
302
302
302
302
302
302
302
302
303
303
303
303
303
303
303
303
303
303
303
303
303
304
304
304
304
304
304
305
305
305
305
305
313
321
323
323
323
327
329
330
331
333
334
339
349
349
360
360
362
366
368
370
379
383
386
402
405
406
411
414
414
419
419
419
419
419
419
419
419
420
420
420
420
421
421
422
423
423
423
427
427
428
429
436
441
444
447
450
462
464
466
466
466
466
466
466
466
466
466
466
467
471
476
480
481
494
498
530
531
531
535
540
544
547
547
548
548
548
548
553
554
555
556
560
584
584
586
594
595
603
606
620
622
624
624
640
645
647
647
647
648
648
652
660
673
674
688
692
700
702
703
706
706
717
720
724
727
729
732
741
741
741
741
741
742
742
754
758
765
765
767
768
775
777
782
782
788
790
790
795
802
802
823
823
832
835
835
835
835
835
837
847
861
863
868
873
874
874
883
892
892
907
907
907
907
907
907
908
908
908
908
908
908
908
908
908
908
908
908
909
909
913
913
916
925
931
938
940
941
957
960
981
983
983
983
983
983
984
986
986
999
999
1002
1027
1027
1027
1041
1071
1080
1081
1083
1091
1097
1101
1108
1113
1117
1118
1121
1127
