3
3
6
6
8
9
10
11
12
14
15
15
16
16
16
17
17
18
19
19
19
19
19
20
20
22
22
22
22
23
23
23
23
24
24
24
24
24
24
24
26
26
26
27
27
27
28
28
28
28
29
29
29
30
30
30
33
33
33
34
34
34
34
36
38
39
40
40
40
42
42
43
43
44
44
45
45
45
45
45
45
45
46
46
46
46
46
47
47
47
48
48
50
50
51
52
53
53
54
54
56
57
58
58
59
59
59
59
59
60
60
62
62
62
62
62
62
62
62
62
62
62
62
62
62
62
62
62
62
62
62
62
62
62
62
62
62
63
63
64
64
64
64
64
64
64
64
67
68
68
68
68
68
68
68
68
68
68
68
68
68
68
68
68
68
68
68
69
70
71
72
72
73
74
75
75
75
76
77
78
78
79
81
81
85
85
86
88
90
90
91
91
91
92
95
96
97
97
98
99
99
99
99
99
99
99
100
100
101
101
102
102
103
103
103
103
104
104
104
104
104
105
105
105
105
105
105
106
106
107
107
107
107
107
108
108
108
109
109
110
111
111
112
112
113
114
115
116
116
116
119
121
121
123
124
125
128
128
128
131
131
132
132
133
133
133
140
141
142
143
147
149
151
161
162
166
166
174
175
176
176
180
182
183
185
187
189
189
189
190
193
193
199
200
205
211
212
213
215
216
217
217
217
217
217
217
217
218
218
219
219
219
226
226
227
227
227
227
227
227
227
227
228
228
228
229
229
229
229
229
229
229
230
230
231
232
235
236
236
237
237
237
237
237
237
237
237
237
237
237
237
237
237
237
237
237
237
238
238
238
238
238
238
238
238
238
238
238
238
238
238
238
238
238
238
238
238
238
238
238
238
238
238
238
239
239
239
240
241
242
243
247
250
255
255
255
255
255
255
255
255
255
255
255
263
268
269
270
270
270
271
271
271
271
271
271
271
271
271
271
271
271
271
271
271
271
271
272
272
272
272
272
272
272
273
274
275
276
285
288
290
290
293
307
309
312
318
319
319
320
320
332
344
351
353
355
355
360
368
370
372
374
376
378
379
395
398
399
400
400
400
400
400
404
406
407
407
411
411
412
420
422
422
423
424
432
445
452
455
456
459
466
483
489
496
496
501
531
531
531
531
534
534
538
542
544
544
567
582
587
588
588
589
594
594
595
595
595
597
605
606
607
611
619
620
626
630
633
634
637
640
640
640
640
640
640
641
644
646
646
646
646
646
647
647
647
649
651
659
688
690
701
708
735
736
763
771
774
794
801
813
814
818
829
838
838
838
838
854
865
871
882
885
911
915
935
943
947
957
960
960
965
975
976
979
