3
3
7
8
8
9
10
10
12
13
14
14
15
16
16
16
18
19
19
19
21
22
22
22
22
22
22
22
23
25
25
25
26
28
29
29
31
32
32
32
33
33
34
35
35
35
36
37
37
40
40
41
41
41
41
41
42
43
45
48
48
49
49
49
51
52
52
53
53
54
54
55
55
55
58
58
58
58
58
61
62
62
62
63
63
65
66
66
67
67
69
70
71
72
72
72
72
72
72
72
72
72
72
73
74
74
75
75
75
77
77
77
77
78
79
81
84
85
85
86
87
87
88
88
90
90
91
91
92
93
94
94
94
94
95
95
95
96
96
96
98
99
101
101
102
102
102
103
103
104
104
105
106
106
107
108
108
108
108
108
108
108
108
110
110
111
111
111
112
112
112
113
113
113
113
114
114
118
118
120
120
120
121
121
121
124
124
125
125
126
126
127
127
127
127
129
130
131
133
134
138
144
147
148
148
149
154
158
159
164
166
172
181
181
189
199
199
201
219
222
234
236
240
240
244
255
257
273
291
291
291
291
293
323
323
334
339
343
349
350
363
368
378
380
402
403
404
407
410
413
415
415
418
418
421
423
433
435
436
437
438
440
441
446
446
448
448
448
448
449
452
452
453
453
454
454
454
454
456
456
457
457
457
457
457
457
457
458
458
458
458
458
458
458
458
458
458
458
458
458
458
458
458
458
458
458
458
458
459
460
470
471
472
473
474
474
474
474
475
479
481
481
481
481
481
481
481
483
484
498
499
500
500
500
502
504
506
511
514
518
518
518
518
518
521
530
545
546
560
561
569
569
574
582
597
597
600
600
601
615
615
632
632
634
635
635
635
635
637
639
639
646
649
649
650
652
653
655
661
661
662
670
680
684
689
690
691
694
695
700
700
702
705
707
715
723
734
736
736
738
742
743
746
751
754
756
756
762
762
762
762
762
762
762
762
763
763
763
763
763
763
763
763
764
764
764
764
764
764
764
764
765
770
771
771
772
772
772
773
774
779
779
781
781
781
781
784
785
789
790
793
794
797
799
800
800
803
820
820
820
820
820
820
820
820
820
820
822
822
822
822
822
822
822
822
822
822
822
826
826
826
826
826
827
827
829
829
829
829
829
831
834
834
834
834
834
834
834
834
834
834
834
835
835
835
835
835
835
835
835
835
835
835
835
835
835
836
836
836
836
836
836
836
836
836
836
836
836
837
837
837
837
837
837
837
837
837
837
837
837
837
837
837
837
837
837
837
837
837
838
838
838
838
838
842
843
844
844
844
844
845
845
845
846
848
850
854
859
860
860
872
872
874
888
891
902
929
939
947
961
961
961
963
965
975
