3
5
7
7
9
9
9
11
11
11
11
11
12
12
13
14
16
18
18
19
20
21
21
21
21
21
21
22
22
22
22
23
24
26
27
28
29
29
30
30
30
30
30
31
31
32
33
33
35
35
35
36
36
36
36
36
36
37
37
39
40
40
40
40
40
40
40
41
41
41
42
42
43
45
47
47
48
49
49
49
50
52
52
54
55
56
58
59
60
61
62
64
64
66
66
67
68
68
69
69
72
73
73
74
76
77
80
80
81
81
83
83
84
86
86
86
87
88
88
89
89
89
90
90
92
93
95
95
96
97
98
99
100
101
101
101
101
102
103
107
109
111
113
113
114
114
114
115
115
115
115
115
115
116
116
116
116
116
117
117
117
118
118
118
118
118
119
123
125
126
127
129
130
132
132
137
137
169
183
199
206
236
245
247
250
262
273
276
276
276
276
276
276
287
292
294
299
333
343
371
384
403
428
428
442
442
468
470
486
489
502
502
502
502
503
519
520
525
525
525
525
525
525
525
525
525
525
525
525
525
525
525
525
525
526
526
526
534
536
536
536
536
536
536
536
536
536
536
536
536
536
536
536
536
536
536
536
536
536
536
536
537
537
537
537
537
537
537
537
537
537
537
537
537
537
537
537
537
537
541
544
547
547
555
560
564
567
569
572
572
573
577
589
592
595
608
612
615
617
617
622
623
623
637
639
641
641
644
668
669
681
712
717
717
729
735
773
798
805
805
815
835
911
914
924
924
956
993
1004
1029
1068
1100
1107
1122
1123
1142
1151
1156
1158
1158
1158
1158
1158
1158
1158
1158
1158
1162
1162
1167
1169
1172
1175
1225
1225
1225
1228
1229
1251
1261
1273
1274
1274
1274
1274
1274
1274
1274
1274
1274
1274
1274
1274
1274
1274
1274
1274
1274
1274
1275
1275
1275
1275
1275
1298
1298
1299
1302
1365
1369
1388
1395
1415
1421
1422
1425
1428
1428
1428
1433
1438
1443
1455
1460
1461
1464
1465
1465
1468
1469
1469
1469
1469
1469
1469
1469
1469
1469
1469
1469
1469
1470
1470
1470
1470
1470
1470
1470
1470
1470
1470
1475
1475
1475
1475
1475
1475
1475
1475
1475
1475
1475
1475
1476
1476
1476
1476
1476
1476
1476
1476
1476
1476
1476
1476
1476
1476
1477
1477
1477
1477
1477
1477
1477
1477
1477
1477
1477
1477
1477
1477
1477
1477
1477
1478
1478
1482
1483
1487
1488
1488
1488
1490
1491
1491
1492
1495
1502
1506
1513
1516
1535
1535
1535
1535
1535
1536
1536
1543
1543
1544
1570
1572
1572
1572
1572
1572
1572
1572
1579
1579
1579
1579
1587
1590
1591
1598
1601
1603
1611
1613
1615
1620
1622
1622
1624
1632
1635
1661
1672
1673
1682
1704
1706
1708
1749
1768
2038
2041
2067
2078
2082
2088
2105
2108
2110
2119
2121
2158
2159
2161
2174
2184
2184
2269
2286
2299
2304
2304
2339
2343
2350
2353
2361
2371
2377
2381
2381
2382
2389
2449
2472
2524
2527
2548
2577
2596
2611
2616
2625
2635
2639
2825
2860
2863
