3
3
9
14
14
15
16
17
20
21
21
21
21
22
26
26
26
26
26
26
27
30
34
38
38
39
39
39
40
40
40
40
40
40
40
40
40
40
40
43
44
44
44
44
44
46
46
47
47
47
48
48
51
59
65
65
65
67
69
70
74
74
75
79
81
83
84
84
84
86
86
86
88
88
92
94
95
96
99
103
104
107
108
111
112
124
133
135
135
136
136
158
163
167
172
172
172
175
178
180
183
189
193
205
205
207
212
214
219
223
226
231
234
236
246
249
250
253
254
254
255
255
258
259
259
259
259
259
259
259
260
260
260
264
266
270
271
271
271
276
276
276
276
276
277
280
280
293
293
293
294
301
302
308
313
323
340
340
340
354
356
361
361
372
372
376
376
376
378
378
382
385
386
388
390
415
418
418
419
421
421
421
429
434
438
440
440
461
464
473
477
480
486
486
502
505
515
517
525
532
537
541
542
544
544
545
545
545
546
546
546
547
547
550
556
558
630
632
634
663
666
669
671
713
734
738
738
768
798
818
826
829
830
858
861
861
865
867
874
874
874
874
874
874
874
875
875
875
876
880
880
880
880
880
880
880
881
881
881
881
881
881
881
881
881
881
881
881
881
881
881
881
881
881
881
881
881
881
881
881
881
881
881
881
882
882
882
882
882
882
882
882
882
882
882
882
882
883
885
885
885
885
885
885
885
885
885
885
885
885
885
885
885
885
885
885
885
885
885
885
885
885
885
886
886
886
886
886
886
886
886
886
886
886
886
886
886
886
886
886
886
886
887
887
887
887
887
887
887
887
888
888
888
890
893
901
906
944
945
948
948
948
948
948
948
948
948
952
952
952
952
952
955
955
955
955
955
955
955
955
955
955
955
955
955
955
955
956
956
956
956
956
956
957
957
984
984
984
984
985
985
985
987
987
988
989
991
1002
1014
1020
1021
1021
1021
1029
1041
1063
1066
1099
1108
1113
1115
1129
1134
1144
1185
1190
1211
1216
1218
1220
1221
1223
1225
1225
1227
1227
1227
1227
1232
1238
1239
1239
1239
1240
1248
1263
1263
1289
1299
1300
1328
1345
1349
1351
1360
1360
1361
1370
1372
1374
1375
1396
1401
1412
1429
1429
1437
1437
1438
1439
1441
1442
1443
1443
1443
1443
1457
1491
1493
1495
1496
1504
1505
1506
1506
1507
1538
1543
1549
1549
1549
1568
1587
1590
1596
1606
1650
1652
1664
1677
1679
1682
1698
1711
1716
1732
1732
1732
1732
1732
1732
1732
1732
1736
1770
1780
1784
1835
1852
1852
1852
1852
1863
1863
1869
1869
1869
1888
1894
1905
1906
1911
1929
1935
1937
1962
1968
1997
2003
2007
2007
2015
2017
2030
2042
2061
2066
2102
2120
2125
2147
2150
2159
2165
2167
2181
2185
2190
2219
2235
2247
2248
2256
2259
2263
2301
2307
2317
2319
2327
2330
2334
2339
2340
2349
2350
2363
2370
2371
2385
2386
2387
2398
2409
2420
2422
