3
3
5
6
6
10
12
12
13
13
15
18
20
21
21
21
21
21
21
22
24
26
26
26
28
28
29
29
29
29
29
29
29
31
31
31
34
34
34
34
35
35
35
35
35
36
36
37
37
38
38
38
39
39
40
40
42
43
43
44
44
44
44
45
47
47
48
48
49
50
50
50
50
50
50
51
51
51
52
52
52
53
53
56
59
59
60
62
63
63
64
65
66
67
67
69
69
70
71
72
72
74
75
77
78
79
79
79
80
81
83
85
86
87
88
88
88
93
93
94
94
94
95
97
97
98
98
98
99
99
99
99
99
99
99
99
102
102
102
105
106
106
108
109
110
110
110
112
112
113
114
114
114
116
118
121
121
125
125
125
127
127
132
135
136
136
137
141
142
142
144
166
168
180
185
204
228
254
309
313
314
320
325
341
348
350
356
361
363
365
366
366
369
404
412
413
444
451
451
452
459
460
468
471
473
473
479
482
485
487
488
489
496
508
519
520
521
523
523
525
536
539
544
555
555
557
557
557
560
561
577
577
579
581
582
590
592
593
596
597
597
600
603
606
607
611
611
625
637
639
644
648
648
648
648
649
649
649
651
658
659
662
666
666
667
668
669
670
670
670
670
670
670
671
671
671
671
671
671
671
671
671
671
674
674
676
681
681
681
681
681
681
681
681
681
681
681
682
687
687
687
688
690
690
690
690
690
690
690
690
690
690
690
690
690
690
690
690
690
690
690
690
690
690
690
690
690
690
690
690
691
691
691
691
691
691
691
691
691
691
691
691
691
691
691
691
691
691
691
691
692
692
692
692
692
697
698
698
698
698
699
704
704
704
704
704
704
704
704
704
705
705
705
705
705
705
705
705
705
705
705
705
705
705
705
705
705
705
705
705
705
705
705
706
706
709
712
715
715
715
715
715
715
715
715
715
715
715
716
716
716
716
716
716
716
716
716
716
716
716
716
716
716
716
716
716
716
716
716
716
716
716
716
716
716
717
717
717
721
721
726
728
730
737
740
742
752
757
760
776
779
782
785
788
795
795
796
796
804
809
813
815
817
819
823
824
826
826
826
829
829
830
831
832
834
839
839
839
839
839
840
845
846
847
856
856
857
857
866
871
872
872
884
915
918
929
947
950
951
953
953
963
966
966
967
967
973
973
973
973
973
973
973
976
986
989
997
998
998
1010
1019
1049
1056
1056
1068
1079
1089
1092
1101
1102
1108
1108
1108
1109
1110
1119
1120
1123
1125
1128
1136
1144
1148
1159
1163
1164
1165
1166
1169
1171
1171
1172
1172
1172
1172
1172
1174
1174
1175
1176
1176
1176
1177
1177
1177
1179
1181
1182
1185
1199
1200
1208
1208
1212
1216
1216
1225
1227
1227
1232
1234
1235
1244
1245
1262
