3
3
5
6
7
9
9
11
12
12
13
13
16
18
20
20
20
20
21
21
22
22
23
23
23
23
24
24
24
24
24
24
24
24
28
28
28
30
30
30
31
31
31
32
32
32
32
32
32
33
33
34
34
35
35
39
39
39
39
42
43
45
47
48
49
49
49
51
54
54
55
57
58
58
58
61
63
64
64
64
65
65
65
65
65
65
68
70
72
72
73
74
74
75
78
80
82
84
84
85
86
86
86
86
88
89
90
91
96
97
97
97
98
98
99
99
99
99
99
99
100
100
100
100
101
101
101
101
101
101
101
102
102
102
102
103
104
104
105
108
110
111
111
112
112
113
113
119
120
120
121
124
124
128
134
140
140
143
143
152
158
163
167
176
177
181
187
189
198
201
206
241
249
255
257
258
269
274
290
298
301
304
304
306
316
319
320
334
334
334
334
334
334
334
334
334
334
334
334
334
334
334
334
334
340
349
350
350
350
350
359
359
359
359
360
360
360
360
360
360
360
360
361
361
365
369
379
380
380
382
382
382
382
382
382
382
382
382
382
382
382
383
383
383
383
383
383
383
383
383
383
383
383
383
383
383
383
383
383
383
383
383
384
384
384
384
384
384
384
384
384
384
384
384
384
384
384
384
384
384
384
384
384
384
384
384
384
385
385
385
385
385
385
385
385
385
385
385
385
385
385
385
385
385
385
385
386
390
391
404
411
412
415
423
424
425
437
443
447
448
450
458
459
469
476
490
499
504
508
526
577
580
581
595
597
598
624
629
664
666
668
669
683
685
687
699
699
701
716
717
725
725
725
725
730
730
741
743
747
748
749
752
752
752
752
757
758
759
759
762
763
763
770
771
771
771
775
781
785
785
786
787
787
787
788
789
789
794
796
796
798
799
800
800
801
805
806
808
809
810
814
814
815
821
823
823
825
825
825
825
825
825
825
825
825
825
825
825
825
825
825
827
830
830
831
831
832
833
833
833
833
833
833
833
834
834
835
836
836
837
837
839
840
840
841
841
844
844
845
846
846
848
848
848
852
853
860
860
861
862
862
862
862
862
862
862
862
864
870
870
870
870
879
880
882
884
884
885
885
886
888
888
894
894
894
894
894
894
894
894
894
895
895
895
895
895
895
895
895
895
895
895
895
901
909
910
923
923
923
926
926
926
926
926
927
927
927
927
928
928
928
929
936
937
938
942
943
948
951
951
952
953
953
953
953
954
954
957
958
963
963
964
965
965
967
967
968
969
974
975
979
979
982
988
988
988
988
990
991
1005
1010
1015
1019
1020
1021
1023
1029
1030
1030
1034
1035
1035
1035
1035
1035
1035
1035
1035
1035
1036
1036
1037
1037
1038
1039
1039
1039
