5
6
6
6
8
11
11
12
13
15
16
16
16
17
18
19
20
20
20
21
21
21
22
22
22
22
22
22
23
24
24
27
27
27
29
30
31
32
32
32
35
36
36
37
37
38
41
43
46
46
47
49
51
51
51
51
53
53
53
54
55
55
56
56
58
62
62
62
62
66
72
73
79
86
86
86
86
87
94
95
96
103
103
107
111
111
111
112
112
113
114
116
118
121
123
125
127
130
130
131
131
131
134
135
135
135
135
135
135
135
135
136
137
137
138
138
138
138
138
139
139
139
139
139
140
140
140
142
142
142
143
146
147
149
156
159
169
169
170
174
175
177
178
180
180
185
190
192
194
201
203
207
221
230
230
232
235
236
246
261
274
279
279
321
324
328
332
334
337
343
346
353
361
387
393
395
395
396
406
417
419
420
428
437
437
453
466
477
478
480
481
481
481
481
482
483
483
483
483
483
483
483
483
483
483
483
490
495
497
500
501
508
508
508
512
514
515
536
539
553
553
557
571
576
583
586
596
602
604
604
604
604
605
605
605
605
605
605
606
606
606
606
606
606
606
606
606
606
606
609
609
609
609
609
610
610
611
612
612
613
613
613
617
618
622
624
630
632
634
639
639
642
643
643
643
643
646
646
646
647
648
654
654
668
668
669
671
676
682
685
705
712
720
721
722
725
731
733
741
751
752
755
756
762
762
762
762
762
765
766
766
766
768
774
774
774
774
774
776
783
789
798
802
806
816
819
822
823
826
829
839
844
844
844
844
844
844
844
844
844
844
844
844
844
844
844
845
848
851
851
851
851
851
851
851
851
851
851
851
851
851
851
851
851
851
851
852
852
852
852
852
852
854
857
860
863
864
864
865
865
865
866
871
875
875
887
888
889
891
893
893
897
897
897
897
897
897
897
897
897
897
897
897
897
897
897
897
897
897
897
897
897
899
903
903
903
903
903
903
903
903
903
903
903
903
903
903
903
903
903
903
903
903
903
904
904
904
904
904
904
909
910
910
910
910
910
910
910
910
910
910
910
910
911
911
911
911
911
911
911
911
912
912
913
914
918
920
920
928
928
928
928
928
928
928
928
928
928
928
928
928
928
928
928
929
929
936
938
940
941
941
941
942
942
950
951
951
951
951
951
956
958
964
964
966
971
978
978
980
983
996
1004
1008
1016
1025
1026
1028
1031
1036
1037
1037
1040
1042
1044
1044
1044
1049
1059
1064
1068
1083
1085
1087
1095
1096
1100
1101
1101
1106
1108
1108
1109
1114
1116
1125
1126
1127
1131
1133
1133
1134
1134
1134
1138
1138
1139
1141
1141
1155
1171
1172
1172
1172
1172
1173
1175
1190
1192
1196
1225
1227
1229
1232
1233
1245
1272
1273
1274
1275
1275
1282
1291
1292
1293
1299
