3
3
9
9
12
14
19
19
21
24
24
25
26
28
33
34
34
37
37
37
39
42
44
46
46
47
47
47
47
48
50
50
52
52
52
52
53
53
53
53
54
55
56
58
64
64
66
67
68
69
71
74
76
78
78
81
81
84
86
87
90
91
91
91
92
98
99
104
106
107
109
109
110
114
115
115
116
116
116
116
116
118
120
120
120
120
120
121
121
122
123
123
123
123
124
126
126
126
130
135
136
136
137
138
147
147
147
147
147
147
147
147
147
147
147
148
149
151
151
151
153
154
162
165
166
166
167
167
167
167
167
167
173
173
173
173
173
173
173
174
174
174
174
174
174
174
174
174
174
174
174
174
175
175
175
175
175
175
175
175
175
175
175
175
175
175
175
175
175
175
175
175
176
176
176
176
176
176
176
176
176
176
176
177
181
198
230
246
326
337
342
343
347
368
379
381
395
433
435
462
464
481
486
487
487
487
487
487
487
487
487
506
506
518
526
536
540
541
543
547
551
568
569
569
588
601
638
638
703
712
742
836
870
896
973
973
973
973
974
976
976
976
976
976
977
977
977
977
977
977
977
1020
1020
1020
1020
1050
1050
1050
1050
1050
1050
1050
1050
1051
1051
1051
1051
1051
1051
1051
1051
1051
1051
1051
1051
1072
1078
1079
1080
1080
1080
1080
1080
1081
1081
1081
1084
1084
1084
1114
1118
1170
1188
1203
1230
1230
1243
1246
1266
1267
1267
1267
1267
1267
1267
1267
1267
1267
1267
1267
1267
1267
1267
1267
1267
1267
1268
1268
1268
1268
1268
1268
1268
1268
1268
1268
1268
1268
1269
1269
1269
1269
1269
1269
1269
1269
1269
1269
1269
1269
1269
1269
1269
1270
1270
1270
1270
1270
1270
1270
1270
1270
1283
1328
1328
1328
1328
1328
1328
1414
1424
1436
1437
1441
1457
1458
1458
1458
1475
1479
1479
1481
1482
1485
1487
1490
1493
1493
1493
1493
1493
1493
1494
1495
1495
1495
1497
1507
1507
1507
1508
1508
1511
1512
1522
1529
1532
1532
1535
1536
1546
1547
1550
1550
1564
1564
1569
1570
1590
1591
1612
1626
1633
1709
1729
1737
1794
1856
1956
1965
1992
1993
2089
2096
2136
2182
2185
2185
2186
2235
2238
2253
2255
2281
2356
2385
2391
2391
2392
2446
2446
2446
2453
2453
2455
2455
2501
2533
2549
2558
2591
2595
2616
2617
2630
2632
2645
2679
2714
2734
2741
2748
2755
2761
2762
2763
2763
2769
2842
2842
2857
2857
2870
2882
2883
2889
2893
2939
2944
2949
2978
2979
3000
3004
3004
3008
3008
3009
3009
3009
3009
3009
3020
3028
3029
3038
3039
3055
3066
3088
3098
3100
3100
3102
3103
3122
3124
3159
3161
3162
3174
3191
3194
3195
3205
3208
3210
3226
3249
3267
3274
3274
3274
3286
3314
3316
3328
3335
3351
3351
3351
3355
3362
3430
3510
3543
3561
3563
3563
3563
3565
3567
3567
3567
3567
3575
3588
3618
3619
3622
3624
3626
3627
3634
3635
3639
3669
3688
3689
3704
3718
3723
3749
3762
3764
3766
3775
3824
3825
3887
3929
4021
4084
4104
4121
4148
4159
4159
4176
4188
4192
4193
4196
4198
4212
