6
7
7
8
8
8
12
12
13
14
16
20
20
20
20
22
22
25
26
26
26
26
33
33
33
33
33
35
36
36
38
38
38
38
38
38
38
39
39
39
39
39
40
41
42
42
45
45
48
48
51
56
56
57
57
58
59
63
64
65
66
68
71
74
74
76
78
80
81
82
85
85
85
87
88
89
89
89
89
89
89
89
90
91
91
92
92
93
93
93
94
94
95
95
95
95
95
95
95
97
98
99
99
99
99
99
99
99
99
99
103
103
103
103
103
103
103
104
104
105
105
105
105
105
105
105
105
105
105
105
110
118
122
125
130
131
136
136
137
137
139
139
142
154
159
160
160
164
167
168
171
181
191
194
197
202
206
207
230
248
255
265
269
275
308
309
314
334
336
346
365
378
380
386
398
406
408
410
410
413
418
426
426
426
426
426
426
426
426
428
428
428
428
433
433
433
433
434
434
439
442
478
479
491
537
543
557
577
579
583
587
589
592
595
595
596
605
615
633
635
635
640
646
647
647
647
647
651
657
663
672
686
713
714
714
730
807
938
941
950
1018
1036
1038
1039
1039
1067
1070
1072
1112
1160
1197
1198
1198
1198
1198
1198
1198
1198
1245
1252
1302
1303
1353
1426
1434
1440
1451
1453
1453
1457
1459
1464
1500
1500
1501
1503
1503
1503
1505
1512
1514
1520
1525
1549
1552
1552
1557
1562
1565
1576
1596
1596
1596
1596
1597
1597
1597
1597
1597
1597
1597
1604
1604
1607
1609
1609
1619
1623
1631
1650
1683
1689
1689
1690
1710
1774
1860
2013
2033
2204
2256
2304
2425
2427
2428
2435
2445
2451
2451
2451
2451
2451
2451
2451
2451
2451
2452
2455
2462
2479
2479
2480
2480
2480
2489
2510
2514
2521
2533
2572
2583
2635
2638
2867
2884
2894
2906
2931
2932
2998
3023
3030
3034
3056
3058
3132
3132
3132
3132
3132
3132
3132
3132
3135
3135
3135
3135
3135
3135
3136
3136
3136
3136
3136
3136
3136
3136
3136
3136
3136
3136
3136
3137
3137
3137
3137
3137
3137
3137
3138
3138
3178
3214
3214
3214
3214
3235
3238
3255
3255
3255
3259
3259
3259
3259
3260
3260
3260
3274
3286
3310
3327
3333
3333
3334
3334
3334
3336
3355
3358
3402
3402
3402
3402
3402
3402
3402
3402
3406
3406
3407
3408
3426
3434
3449
3449
3477
3493
3512
3524
3525
3528
3528
3528
3528
3528
3528
3528
3529
3529
3529
3529
3529
3529
3529
3529
3529
3529
3529
3529
3529
3529
3529
3529
3529
3529
3530
3530
3530
3530
3540
3548
3565
3568
3659
3671
3671
3671
3671
3671
3671
3671
3674
3685
3685
3698
3706
3719
3719
3719
3719
3719
3719
3719
3719
3719
3719
3719
3719
3719
3719
3719
3719
3725
3725
3725
3725
3725
3725
3729
3734
3750
3896
3906
3906
3906
3906
3907
3907
3907
3907
3910
3910
3973
4016
4017
4017
4020
4078
4104
4106
4195
4223
4229
4232
4239
4346
4349
4361
4362
4373
4387
4387
4388
4390
4397
4531
4534
4534
4576
4584
4584
4595
4611
4617
4747
4763
4763
4806
4816
4842
4854
4885
4885
4888
4896
4904
4947
4976
4990
4996
5130
5175
5178
5193
