3
3
6
7
16
17
17
19
20
21
21
22
22
22
22
22
22
22
22
25
25
25
25
25
26
28
28
28
29
32
32
32
32
33
34
35
35
35
35
35
35
35
35
36
36
37
38
38
38
38
40
40
41
41
41
41
41
41
41
42
42
42
42
42
42
43
45
46
47
48
48
51
51
52
52
52
54
54
55
56
56
56
56
56
56
56
56
56
56
56
56
56
56
57
57
57
57
57
59
60
62
62
62
66
67
68
69
69
69
71
72
73
74
75
76
76
78
80
82
82
82
83
84
87
90
91
92
93
94
97
97
98
98
98
98
98
98
98
98
99
100
100
100
100
100
102
102
102
102
104
104
105
105
106
107
109
111
112
113
115
116
116
116
116
117
118
118
118
118
118
118
119
121
122
123
123
123
123
125
125
125
125
128
128
129
130
130
131
138
139
143
143
143
144
146
146
150
153
153
153
154
159
160
170
183
184
185
194
194
217
217
217
217
220
221
225
231
231
231
279
285
292
313
314
357
358
359
373
378
379
391
398
402
403
421
425
430
455
459
465
465
465
465
465
465
474
479
486
492
494
508
509
510
529
551
553
572
572
572
572
573
573
573
573
573
573
573
574
580
626
626
629
647
676
678
679
696
792
799
799
805
819
823
826
828
843
845
882
899
913
914
919
920
923
937
961
992
1004
1065
1075
1111
1137
1164
1164
1164
1164
1164
1164
1164
1164
1165
1167
1167
1258
1283
1287
1353
1388
1391
1394
1413
1413
1413
1414
1414
1415
1415
1418
1418
1418
1418
1418
1418
1419
1419
1419
1419
1419
1419
1419
1419
1420
1426
1428
1429
1440
1442
1444
1458
1465
1468
1472
1473
1477
1478
1479
1479
1499
1516
1519
1520
1549
1552
1554
1554
1555
1557
1568
1568
1568
1568
1568
1568
1568
1568
1568
1569
1569
1569
1569
1569
1569
1569
1569
1569
1569
1569
1569
1569
1569
1569
1569
1569
1569
1569
1569
1569
1569
1569
1569
1570
1570
1570
1570
1571
1571
1571
1571
1572
1572
1572
1572
1572
1572
1572
1572
1572
1572
1572
1579
1581
1588
1596
1602
1614
1622
1624
1639
1641
1647
1647
1651
1652
1657
1661
1673
1673
1674
1674
1682
1693
1694
1695
1700
1703
1704
1704
1704
1709
1709
1710
1710
1710
1710
1710
1716
1718
1736
1743
1745
1745
1745
1745
1748
1748
1748
1748
1748
1748
1748
1752
1752
1752
1757
1760
1760
1760
1760
1762
1765
1767
1771
1777
1792
1802
1812
1820
1832
1890
1899
1899
2107
2107
2107
2123
2128
2128
2138
2159
2162
2163
2186
2264
2267
2271
2276
2291
2301
2308
2308
2308
2308
2308
2308
2308
2308
2309
2309
2309
2309
2309
2309
2309
2309
2309
2309
2309
2309
2309
2309
2309
2309
2309
2309
2309
2309
2309
2310
2310
2310
2310
2310
2311
2332
2338
2338
2341
2353
2367
2370
2373
2465
2488
2498
2506
2587
2635
2859
2878
2907
2959
2990
3009
3029
3043
3043
3043
3043
3043
3043
3043
3117
3150
3158
3170
3213
3234
3290
3293
3296
3339
3357
3365
3383
3410
