4
4
5
6
8
8
10
10
11
11
11
12
13
15
15
16
16
16
18
19
20
20
20
20
21
22
23
23
24
24
24
24
25
25
25
26
26
26
26
27
27
28
28
28
28
29
29
30
30
30
30
31
32
32
32
32
32
33
34
34
34
34
34
34
34
34
34
35
35
35
36
36
36
37
37
38
39
40
43
43
44
44
45
48
49
49
49
49
49
49
51
51
51
52
53
54
54
54
55
57
59
60
60
61
62
65
65
66
68
68
68
69
69
69
70
70
71
71
71
72
72
73
73
73
74
74
74
74
74
75
75
75
75
75
75
75
75
75
75
75
75
79
79
79
79
79
79
79
80
80
80
81
81
81
81
81
82
82
82
83
83
83
83
84
84
84
84
84
84
86
86
87
87
88
88
88
88
89
89
92
92
92
93
95
96
96
96
96
97
97
97
98
99
100
100
100
100
100
101
101
102
102
102
103
103
104
104
105
105
106
106
106
107
109
110
114
115
116
117
120
121
124
125
125
125
125
125
125
125
125
125
126
126
126
126
126
126
126
126
126
126
126
126
126
126
126
126
126
126
126
126
126
126
127
128
129
130
132
132
132
132
132
132
133
133
133
133
133
133
133
133
135
136
137
137
137
139
140
146
148
148
149
152
154
158
159
167
168
172
176
180
194
210
221
236
240
267
299
301
330
330
336
337
337
337
338
342
345
345
349
364
370
372
381
398
402
417
417
422
427
436
442
444
445
446
452
454
458
488
497
498
504
505
512
515
518
520
531
531
531
531
531
531
531
531
531
531
531
531
531
531
531
531
531
531
531
531
531
532
532
532
532
532
533
533
533
533
533
534
538
548
555
557
560
560
573
575
575
589
593
593
594
606
620
620
623
624
624
624
629
629
629
630
630
637
637
638
638
640
644
647
649
649
650
650
657
669
673
677
677
677
677
677
678
678
678
678
678
678
678
678
678
683
683
684
687
691
694
694
696
696
696
696
696
696
696
696
696
697
698
699
700
700
701
702
702
702
702
702
702
703
703
703
703
703
703
703
703
703
703
705
705
707
709
715
715
716
716
716
716
716
716
716
716
716
716
716
716
716
716
716
716
716
720
725
727
729
730
731
735
735
735
735
735
736
736
737
737
737
740
741
742
744
748
749
749
749
749
749
749
749
749
751
752
752
752
753
753
753
754
755
755
755
755
755
755
755
755
756
756
756
773
774
776
776
776
776
777
777
777
777
778
778
778
778
778
779
785
788
801
803
804
808
808
810
811
812
818
819
820
821
828
829
831
831
834
843
843
845
846
850
850
851
852
866
867
867
869
873
876
890
890
890
906
911
