3
4
9
11
12
12
13
14
14
15
15
15
17
17
17
18
18
19
19
22
23
23
23
23
23
24
25
25
26
27
28
28
28
29
29
30
30
30
31
31
33
34
35
35
37
37
40
40
41
42
43
44
44
44
44
45
48
52
52
52
53
53
54
55
56
56
57
57
61
62
65
67
70
71
75
76
76
80
81
82
83
92
93
96
99
100
101
102
102
102
102
103
103
103
103
103
103
103
105
109
109
109
109
109
110
113
113
113
114
116
117
117
117
117
117
118
118
119
121
129
134
135
179
193
197
218
219
223
324
331
341
343
343
343
343
345
347
349
350
357
358
358
358
358
361
362
362
365
367
372
390
392
402
402
402
402
402
402
402
402
402
402
402
402
403
403
403
403
404
407
409
414
415
418
422
423
444
462
466
467
494
502
503
504
504
557
580
587
587
587
650
658
678
692
696
742
742
752
763
766
770
771
792
812
815
817
818
822
823
859
887
895
904
912
931
932
958
959
968
968
980
981
1008
1009
1011
1017
1019
1029
1036
1052
1108
1169
1170
1171
1172
1183
1202
1209
1254
1458
1460
1461
1467
1467
1468
1490
1490
1490
1490
1492
1493
1497
1500
1500
1500
1500
1507
1517
1543
1582
1604
1608
1622
1637
1707
1746
1812
1813
1814
2045
2052
2117
2143
2302
2320
2323
2327
2334
2343
2345
2408
2420
2515
2522
2552
2604
2608
2618
2619
2624
2624
2636
2639
2665
2672
2673
2774
2807
2807
2815
2820
2821
2838
2840
2991
3153
3269
3273
3283
3285
3298
3322
3322
3326
3332
3339
3341
3360
3373
3381
3391
3433
3442
3473
3490
3493
3495
3514
3540
3594
3606
3627
3645
3647
3647
3647
3691
3693
3693
3693
3693
3693
3693
3693
3693
3693
3693
3693
3693
3693
3693
3693
3693
3694
3694
3699
3699
3699
3699
3699
3699
3699
3699
3699
3700
3700
3700
3700
3700
3700
3700
3700
3700
3700
3700
3700
3700
3700
3700
3701
3701
3701
3701
3701
3701
3701
3701
3701
3701
3701
3701
3701
3701
3702
3702
3702
3702
3702
3702
3702
3702
3706
3706
3706
3706
3707
3707
3707
3707
3707
3707
3707
3708
3708
3708
3708
3708
3709
3709
3710
3711
3711
3711
3716
3717
3719
3719
3719
3719
3735
3735
3736
3736
3736
3737
3737
3737
3740
3740
3741
3741
3741
3741
3741
3741
3741
3741
3741
3741
3741
3742
3742
3742
3742
3742
3742
3742
3742
3742
3742
3742
3742
3742
3742
3742
3742
3742
3742
3742
3742
3742
3742
3742
3742
3742
3743
3743
3743
3743
3743
3743
3743
3766
3766
3767
3824
3858
3861
3861
3868
3868
3877
3882
3888
3888
3937
3937
3941
3947
3964
3971
3981
3986
4009
4011
4023
4103
4150
4157
4160
4181
4194
4206
4237
4246
4246
4247
4247
4264
4273
4487
4527
4551
4552
4573
4584
4592
4616
4629
4630
4669
4669
4670
4758
4768
4768
4768
4768
4768
4768
4775
4793
4829
4851
4857
4858
4862
4863
4880
4880
4880
4884
4906
4910
4927
4936
4943
4953
4955
4959
4962
5300
5309
5328
5342
5345
5345
5359
5597
5602
5734
5734
6030
6098
6128
6178
6184
6203
6246
6255
6257
6273
6288
6288
6288
6288
6288
6288
6288
6288
6289
