3
4
7
8
8
9
12
14
18
18
19
19
19
19
20
20
20
22
22
22
22
26
27
28
28
28
28
28
28
28
28
29
33
33
33
35
37
39
41
43
43
44
44
45
45
46
48
49
49
49
49
49
49
49
52
52
52
53
53
53
54
55
56
57
57
57
57
57
60
60
61
61
61
62
65
68
72
73
73
73
74
77
78
84
84
84
85
86
91
92
93
93
93
99
103
104
106
110
116
124
126
130
133
133
133
134
134
134
134
134
135
135
135
136
136
136
137
137
138
140
140
140
140
141
141
141
141
151
151
153
153
153
155
164
182
182
186
200
301
314
331
332
362
368
396
404
435
435
474
502
529
531
547
570
593
593
615
619
620
642
642
661
670
687
693
705
705
705
706
707
712
721
721
739
741
743
746
752
754
764
766
775
786
792
792
826
831
835
835
959
959
962
986
989
1027
1073
1109
1160
1218
1258
1390
1447
1451
1454
1457
1457
1457
1458
1529
1537
1598
1604
1624
1626
1628
1653
1698
1795
1896
1991
2063
2121
2125
2128
2202
2321
2326
2419
2422
2436
2441
2464
2591
2623
2664
2665
2668
2670
2779
2895
2943
2948
2954
2958
2958
2960
2967
2972
2972
2972
2972
2973
2973
2983
2984
2992
3009
3009
3020
3031
3042
3046
3058
3058
3058
3058
3058
3058
3058
3058
3062
3063
3063
3063
3063
3064
3064
3074
3451
3513
3818
3819
3830
3848
3853
3854
3859
3864
3868
3870
3889
3900
3901
3912
4155
4155
4173
4180
4185
4187
4229
4229
4248
4254
4270
4284
4456
4475
4475
4475
4476
4476
4489
4504
4509
4509
4519
4523
4551
4586
4586
4586
4586
4586
4586
4586
4586
4586
4586
4586
4586
4586
4586
4586
4586
4586
4586
4586
4586
4586
4586
4586
4586
4586
4586
4586
4586
4586
4587
4587
4587
4588
4588
4588
4589
4589
4591
4591
4593
4593
4593
4593
4593
4593
4593
4593
4593
4593
4593
4593
4593
4593
4594
4594
4594
4607
4607
4607
4607
4607
4607
4607
4608
4608
4631
4633
4652
4655
4655
4655
4663
4663
4690
4698
4718
4729
4914
4945
5011
5026
5027
5027
5027
5027
5027
5027
5027
5028
5028
5028
5028
5028
5028
5028
5028
5028
5028
5028
5028
5028
5028
5028
5028
5028
5028
5029
5033
5033
5034
5034
5034
5034
5034
5034
5034
5034
5034
5034
5034
5034
5034
5034
5034
5034
5034
5034
5035
5035
5035
5035
5035
5035
5035
5035
5035
5035
5035
5035
5036
5036
5036
5036
5036
5037
5037
5037
5038
5038
5038
5038
5038
5038
5038
5039
5039
5039
5039
5039
5050
5050
5050
5050
5050
5050
5050
5050
5164
5210
5217
5291
5362
5362
5362
5367
5367
5394
5580
5591
5638
5653
5769
5772
5773
5920
5921
5921
5949
5976
5977
6142
6150
6247
6363
6369
6369
6370
6384
6514
6584
6679
6699
6705
6705
6718
6724
6787
7034
7127
7129
7164
7164
7165
7189
7197
7200
7224
7321
7390
7391
7454
7484
7489
7641
8343
8349
8353
8358
8381
8438
8439
8446
8499
8591
8599
8606
8606
8657
8660
8660
8660
8660
8660
8660
8660
8660
8660
8660
8664
8664
8715
8717
8717
8724
8732
8750
8771
8786
8798
8820
8821
8834
8836
8845
8858
8861
