4
4
5
6
8
9
10
11
15
16
17
18
18
18
19
20
22
22
22
23
23
23
23
24
24
24
24
24
24
24
24
26
26
26
26
27
28
29
30
30
31
32
33
33
33
33
33
34
35
36
36
36
36
37
37
37
39
40
40
40
40
40
40
41
41
42
43
43
43
43
43
43
44
45
45
46
46
46
46
47
47
47
49
49
50
51
53
54
55
55
57
57
60
60
61
61
61
63
63
64
64
64
64
64
64
64
64
64
64
64
65
65
65
65
65
65
65
65
65
66
66
66
68
68
68
73
73
73
73
74
74
78
78
78
79
81
81
81
82
82
83
83
83
84
88
88
88
88
88
89
89
90
91
91
91
92
92
92
93
93
93
93
94
95
95
98
98
99
100
100
100
100
100
101
101
101
101
102
102
102
102
102
102
102
102
103
103
103
104
105
107
108
108
108
108
109
109
109
109
110
111
111
111
111
111
111
111
111
114
114
115
116
118
119
122
123
127
128
133
134
135
136
137
137
140
140
142
146
148
149
149
149
150
151
156
181
189
204
207
208
210
211
218
224
226
226
227
230
255
257
268
269
276
278
282
294
303
337
337
352
352
353
357
368
376
378
381
392
396
398
405
406
409
411
413
414
414
414
415
420
434
435
528
529
543
559
561
571
573
576
598
602
602
619
650
653
658
659
661
663
672
673
675
697
719
751
757
773
782
783
787
788
794
797
800
800
800
800
800
800
800
800
800
801
801
802
802
803
803
803
803
803
803
803
803
803
803
803
803
803
803
803
804
808
809
809
809
809
809
809
809
809
809
809
809
809
809
809
809
810
810
810
810
810
810
810
810
810
810
815
816
816
816
816
817
822
823
825
832
834
834
834
834
834
834
834
834
834
834
834
834
834
834
834
834
834
834
834
834
834
834
834
834
834
834
835
835
835
835
835
835
835
835
835
835
835
835
835
835
835
835
835
835
835
835
835
836
836
836
839
839
840
840
841
841
843
843
843
844
845
845
852
853
853
856
859
859
859
860
860
860
860
860
860
860
860
860
860
861
861
861
861
861
861
861
861
861
861
861
861
861
861
861
861
861
861
861
861
861
861
862
862
862
862
862
864
866
867
869
882
882
882
884
889
893
896
899
912
913
920
933
937
940
944
950
951
951
957
959
960
972
973
975
979
980
997
997
998
1011
1011
1012
1021
1021
1030
1038
1038
1038
1038
1044
1045
1045
1046
1046
1059
1069
1072
1074
1078
1079
1086
1091
1091
1091
1091
1091
1094
1096
1098
1099
1113
1116
1116
1116
1117
1117
1117
1117
1118
1121
1125
1127
1130
1131
1142
1156
1166
1168
1168
1169
1175
1175
1177
1186
1194
1197
1198
1199
1213
1216
1221
1231
1232
1232
1237
1239
