4
4
5
6
7
11
11
12
12
12
13
15
15
16
16
18
18
19
19
20
20
20
20
21
21
22
23
23
26
26
27
27
27
27
27
27
28
29
30
31
31
31
31
31
31
31
31
31
32
32
32
34
35
35
35
35
35
36
36
36
38
38
40
40
40
40
41
43
43
46
46
47
48
49
51
51
53
55
56
56
58
58
58
58
58
58
58
58
58
58
58
58
59
59
61
61
63
64
65
66
68
69
70
72
74
74
74
74
74
74
76
76
77
78
78
79
82
82
83
84
85
86
88
89
93
93
95
95
95
95
95
95
95
96
96
100
100
100
100
101
101
102
102
102
102
102
103
103
103
103
103
107
107
107
107
107
107
107
107
107
108
108
108
108
109
109
109
111
112
112
112
113
115
117
117
120
120
132
132
132
132
135
140
145
147
147
147
147
147
147
147
147
147
147
147
147
147
147
147
147
147
147
147
147
147
147
147
147
147
147
147
147
148
148
148
148
149
149
150
150
150
151
151
152
153
153
153
153
154
154
154
154
154
154
154
154
154
155
155
157
164
164
164
164
164
164
165
165
165
165
165
165
165
165
165
165
165
165
165
165
166
166
175
179
187
190
191
213
215
226
231
248
249
251
252
256
265
265
268
271
292
301
322
326
331
332
332
332
332
332
332
332
333
333
333
333
333
333
333
333
333
333
333
333
333
333
339
339
345
346
355
383
393
403
405
406
407
413
413
417
419
423
440
441
444
446
454
455
455
455
455
455
455
456
456
456
456
456
456
456
456
456
456
457
459
459
467
486
499
521
566
590
598
600
607
614
623
624
625
625
625
625
625
625
626
626
626
626
645
654
656
676
679
686
688
703
705
705
705
712
716
719
719
720
725
736
737
746
748
749
750
752
753
756
756
758
759
765
775
775
777
778
779
779
779
783
783
784
788
789
789
789
789
789
789
790
790
790
795
795
795
796
796
796
796
796
796
796
796
796
796
796
796
796
796
796
796
796
796
797
797
797
797
797
798
807
807
807
808
808
808
808
808
808
808
808
808
808
808
808
808
808
808
808
808
808
808
808
810
811
812
812
813
819
821
822
822
823
823
823
825
830
832
840
843
843
844
844
844
844
849
851
852
853
854
855
856
856
859
859
860
861
862
867
867
868
868
872
875
877
877
877
878
878
880
882
886
888
890
891
897
897
907
913
913
915
919
921
922
924
926
930
931
932
937
939
939
939
940
941
941
942
943
944
947
948
951
958
963
963
963
965
966
969
975
976
976
977
981
985
988
994
995
995
997
998
1000
1001
1002
1002
1002
1003
1004
1014
1033
1038
1043
1049
1050
1050
1061
1063
1063
1068
1079
