4
4
6
7
9
10
13
13
14
14
16
17
17
17
19
20
21
22
22
23
24
25
26
26
27
27
28
28
28
28
28
28
28
32
33
33
33
33
33
33
34
34
34
34
34
34
35
36
36
37
37
37
38
38
38
39
40
41
41
41
41
41
41
41
41
41
41
42
44
45
45
45
45
46
47
47
47
48
50
52
53
56
58
58
59
59
60
62
65
65
69
69
69
70
70
72
74
74
74
77
79
80
81
82
83
84
85
86
87
88
89
90
91
92
94
94
94
94
94
95
97
99
99
100
100
101
102
102
102
102
102
103
103
103
103
103
103
103
103
103
105
106
107
107
107
110
113
113
113
113
113
113
113
113
114
114
114
114
116
117
118
120
121
121
123
124
126
126
126
128
128
128
129
136
144
161
173
182
191
200
211
220
220
220
224
227
248
255
255
260
267
272
274
274
275
304
327
328
332
336
337
338
338
339
340
358
359
361
362
364
365
366
373
380
380
388
394
397
403
405
409
410
412
413
415
423
423
424
424
428
434
436
437
437
437
439
440
441
441
444
444
446
446
450
452
453
453
454
456
456
456
458
459
462
465
465
465
465
466
470
470
475
475
476
476
477
479
480
484
484
488
491
501
502
502
502
502
502
502
502
503
503
503
503
503
503
503
504
504
505
507
509
513
514
514
515
515
515
516
516
516
516
516
516
516
516
516
516
516
516
516
516
516
516
516
516
516
516
516
516
516
516
516
516
516
516
516
516
516
516
516
516
516
516
516
517
517
517
517
517
517
518
518
519
519
519
519
519
519
519
519
519
519
519
519
519
519
519
521
526
526
526
526
526
526
526
527
527
527
527
529
530
530
531
534
534
534
534
534
534
535
535
535
535
536
536
536
536
536
536
536
536
537
538
540
540
540
540
540
540
540
540
540
541
541
541
541
541
541
542
542
542
542
542
542
542
542
542
542
542
543
543
543
543
543
543
543
543
543
543
543
543
543
543
543
544
544
544
544
544
544
545
545
545
546
547
548
548
551
563
565
565
565
565
565
567
567
567
570
579
579
580
580
583
583
583
583
583
584
584
584
584
585
586
587
587
587
587
588
588
588
588
588
588
588
588
588
588
589
589
589
589
589
592
592
592
592
592
597
602
602
603
603
603
603
603
603
612
623
623
625
627
637
637
638
641
643
647
654
654
659
662
662
664
666
668
668
670
670
671
671
675
675
675
675
676
678
679
679
680
680
683
685
686
692
692
694
694
696
698
699
707
708
708
708
710
711
714
715
716
721
728
728
728
728
729
729
729
729
729
730
730
730
730
733
733
733
733
733
733
733
734
748
748
749
749
