3
3
9
9
11
12
12
13
14
14
15
16
18
20
20
20
20
20
20
22
24
25
25
25
26
26
26
26
27
27
27
28
29
29
29
29
29
29
29
29
29
29
29
30
30
31
31
31
34
34
37
37
37
38
38
39
41
41
42
42
45
46
47
48
48
48
51
51
51
51
51
51
51
52
53
54
56
58
63
63
64
64
64
64
65
65
67
67
67
67
68
68
70
70
71
71
71
72
73
74
75
76
76
77
78
80
82
84
85
85
86
87
88
89
89
89
91
91
91
92
92
95
96
96
96
96
97
98
98
98
98
99
99
99
101
104
106
107
110
110
111
112
112
112
112
112
112
112
112
113
113
115
118
118
119
120
121
121
121
122
123
123
124
124
125
127
128
128
137
141
144
145
161
161
162
164
164
165
167
167
167
168
179
230
234
234
234
235
238
240
253
283
304
304
304
304
304
304
370
375
375
388
403
423
452
461
467
485
489
490
500
501
541
546
568
569
573
580
581
585
593
609
619
619
635
639
642
658
660
662
679
688
690
693
697
698
702
706
712
713
714
714
715
715
716
716
724
730
733
739
742
745
747
749
751
756
760
765
766
767
767
769
770
776
776
777
777
781
782
782
783
784
784
784
784
784
785
785
785
785
786
787
787
787
787
787
787
787
788
788
788
788
788
788
788
788
788
788
788
788
788
788
788
788
788
789
789
789
789
789
789
789
789
789
789
790
790
791
791
792
792
794
800
801
801
801
801
801
802
802
802
804
804
804
805
805
805
805
805
805
805
805
805
805
805
805
805
805
805
805
806
806
806
806
806
806
806
806
809
812
812
812
812
812
812
812
813
818
821
821
821
821
821
821
821
821
821
821
821
821
821
821
821
821
821
821
828
831
832
834
836
836
836
838
845
848
848
848
848
848
848
848
849
849
849
849
850
850
850
850
850
850
850
850
850
850
850
850
850
850
850
850
850
850
850
850
850
850
850
850
851
853
858
858
858
858
858
858
859
859
859
859
859
859
859
859
859
859
859
859
859
859
859
859
859
859
859
865
866
868
871
875
876
885
885
885
887
889
890
891
891
891
892
892
892
892
892
892
892
892
892
892
897
897
897
897
897
907
907
911
911
911
915
915
918
920
920
922
923
928
934
934
937
939
940
949
952
952
956
956
958
958
958
958
959
959
959
959
959
959
961
961
962
962
962
962
962
966
968
968
972
977
977
978
986
986
986
989
993
994
1000
1001
1001
1003
1003
1005
1005
1012
1012
1014
1015
1018
1021
1022
1026
1026
1028
1031
1031
1031
1031
1033
1039
1041
1041
1046
1047
1048
1049
1049
1049
1049
1049
1049
1049
1049
1049
1049
1050
1062
1063
1065
1070
1073
1078
1078
