4
5
6
7
8
10
11
12
14
14
15
16
16
19
21
21
23
23
24
24
25
25
26
26
26
27
27
28
28
28
28
28
28
28
28
28
29
29
31
31
32
35
35
35
35
35
35
36
36
36
36
36
36
36
36
36
36
36
36
38
39
41
41
41
42
42
45
45
46
46
47
47
47
48
50
52
52
55
55
56
56
56
56
56
57
58
62
65
65
66
66
66
68
70
70
70
70
70
70
70
70
70
70
70
71
71
72
73
73
74
75
75
76
77
78
78
80
80
80
82
82
82
83
83
84
86
87
88
90
90
91
91
92
93
93
96
97
97
97
98
98
98
98
98
98
98
98
98
100
100
102
102
102
103
103
104
108
109
109
109
109
109
109
109
109
109
110
110
110
110
110
111
111
111
111
113
114
115
116
117
117
118
118
118
118
119
119
119
119
119
119
119
120
121
121
123
123
124
124
124
124
124
126
126
126
126
126
126
126
132
135
135
136
137
147
147
149
149
154
159
169
169
171
172
172
173
174
182
199
199
199
199
201
207
207
213
221
226
248
251
257
266
273
276
278
305
309
309
313
338
353
355
359
361
361
363
368
389
406
407
407
407
408
408
409
445
445
445
445
445
445
446
449
449
473
474
475
483
483
483
484
484
485
491
491
491
491
491
491
491
491
491
492
492
492
493
493
493
493
493
493
493
493
493
493
493
493
493
493
493
493
494
494
494
494
494
494
494
494
494
494
494
494
494
494
494
494
494
494
494
494
494
494
494
494
494
494
494
494
494
494
495
495
495
495
495
495
495
495
495
497
498
501
515
531
533
540
541
559
563
564
565
565
567
567
569
575
577
580
580
587
594
594
594
596
597
601
602
609
612
612
613
627
629
629
629
629
629
629
630
636
636
645
647
664
665
675
676
684
690
695
719
723
724
724
725
725
734
756
756
765
768
770
770
776
779
779
780
784
785
786
786
788
789
789
789
789
789
789
789
789
789
789
789
789
793
793
793
793
793
793
793
793
793
793
793
793
793
794
794
794
794
797
802
802
803
807
813
813
816
817
821
825
828
830
830
831
837
846
846
852
856
858
861
862
864
865
865
866
868
870
873
880
882
882
882
883
883
883
883
883
883
884
884
884
884
884
884
884
884
884
884
885
885
885
885
888
889
891
893
895
897
898
898
898
898
898
899
899
899
899
905
910
910
911
911
911
925
925
925
925
925
929
930
932
932
933
944
953
963
981
982
983
983
985
990
992
1002
1006
1007
1008
1009
1019
1028
1028
1030
1033
1035
1038
1040
1042
1043
1044
1046
1051
1072
1072
1073
1074
1076
1077
1078
1080
1080
1083
1083
1084
1084
1084
1084
1084
1084
1086
1096
1103
