4
6
7
12
12
13
15
16
16
23
23
26
26
26
26
36
36
36
36
36
36
36
36
36
38
38
39
40
42
44
44
46
52
59
60
60
61
61
61
62
62
66
66
67
68
69
70
71
71
72
72
72
72
72
72
72
73
73
74
74
74
74
74
77
77
79
83
89
92
93
95
95
97
98
99
100
103
111
112
118
120
120
120
120
120
120
120
120
121
121
121
121
121
121
121
122
122
123
124
126
129
130
130
136
136
137
137
147
147
147
147
148
148
149
152
185
188
189
189
191
200
209
212
216
421
421
435
435
438
440
440
441
472
477
477
486
487
491
495
496
499
499
502
529
529
530
530
530
530
530
531
531
531
534
534
534
570
583
591
602
615
648
654
667
674
689
709
714
720
808
844
870
915
931
935
965
968
974
988
993
996
996
997
1040
1040
1066
1080
1083
1090
1095
1099
1110
1110
1110
1122
1165
1170
1176
1180
1183
1190
1190
1209
1216
1284
1380
1387
1423
1427
1432
1433
1434
1449
1475
1506
1520
1523
1559
1567
1574
1623
1624
1745
1748
1945
2752
2768
2900
3010
3020
3023
3159
3159
3170
3171
3171
3171
3171
3183
3184
3187
3230
3337
3338
3343
3344
3363
3373
3380
3401
3406
3423
3459
3711
3722
3858
4161
4437
4660
4706
4726
4759
4764
4805
4820
4820
4820
4827
4834
4835
4850
4852
4959
4962
4963
4973
4984
4991
4991
4998
4998
4999
5012
5014
5286
5312
5322
5327
5334
5337
5355
5357
5360
5360
5361
5464
5466
5502
5509
5511
5516
5516
5517
5517
5517
5517
5517
5517
5517
5517
5517
5517
5517
5517
5517
5517
5517
5517
5524
5524
5524
5525
5525
5525
5525
5525
5525
5525
5528
5528
5534
5535
5535
5535
5535
5535
5536
5536
5536
5536
5536
5537
5537
5537
5537
5537
5537
5537
5537
5538
5538
5538
5538
5538
5538
5538
5538
5538
5538
5539
5544
5550
5550
5550
5550
5550
5550
5550
5551
5551
5552
5552
5553
5576
5595
5785
5786
5897
5911
5927
5979
5983
6017
6030
6037
6043
6062
6113
6119
6258
6258
6258
6258
6258
6258
6259
6259
6259
6262
6263
6263
6264
6264
6291
6291
6333
6347
6370
6392
6466
6466
6466
6466
6473
6486
6516
6529
6559
6560
6560
6560
6560
6561
6561
6565
6565
6565
6565
6576
6583
6583
6583
6606
6607
6609
6661
6694
6705
6754
6763
6764
6764
6764
6764
6764
6764
6764
6764
6764
6764
6764
6764
6764
6764
6764
6764
6764
6765
6765
6765
6765
6765
6765
6765
6765
6765
6766
6768
6768
6768
6768
6768
6768
6768
6768
6768
6768
6769
6769
6769
6769
6769
6769
6769
6769
6769
6770
6770
6770
6773
6781
6781
6781
6781
6781
6781
6781
6781
6781
6794
6794
6795
6912
6967
6969
6972
7002
7097
7097
7097
7116
7143
7265
7383
7600
7682
7693
7720
7804
7810
7810
8160
8236
8334
8339
8566
8566
8566
8566
8567
8661
8661
8732
8769
8787
8806
9132
9142
9176
9260
9266
9270
9282
9283
9291
9296
9327
9343
9353
9367
9395
9398
9406
9438
9463
9465
9470
9474
9477
9487
9499
9501
9552
9557
9558
9594
9594
9618
9635
9651
9657
9756
9779
9791
9807
9808
9848
9864
9869
9872
9876
9877
9896
9896
9896
9897
