4
4
10
10
10
13
13
14
18
18
19
19
20
20
21
21
23
24
24
24
24
25
25
25
25
25
25
26
26
26
26
27
27
27
29
30
30
30
31
31
32
32
33
34
39
39
40
41
45
45
47
47
47
47
48
49
49
49
50
50
50
50
51
51
51
53
54
54
55
57
60
63
66
66
69
69
69
70
72
78
79
80
81
82
83
86
87
93
93
94
94
94
94
94
94
94
94
95
97
99
100
100
101
101
102
105
105
109
111
111
112
113
113
113
113
113
113
113
114
114
117
119
120
120
121
126
128
128
128
128
128
129
131
134
135
135
135
135
135
135
135
135
135
135
135
135
135
135
135
135
135
135
136
136
136
136
136
136
136
136
136
136
137
138
138
141
142
142
142
142
142
142
142
143
144
147
164
164
172
173
174
174
174
174
174
175
176
177
180
180
181
181
181
181
182
182
183
183
183
183
183
183
186
186
186
191
199
208
209
210
219
235
236
244
273
281
281
291
310
319
327
341
419
419
433
438
440
443
447
455
456
458
458
473
485
497
497
516
519
531
564
564
566
568
574
582
582
619
635
654
695
733
737
811
845
876
877
884
885
897
906
1011
1071
1094
1125
1188
1189
1189
1189
1204
1208
1243
1246
1260
1291
1299
1344
1347
1364
1366
1368
1374
1374
1377
1390
1396
1404
1411
1430
1436
1437
1450
1459
1459
1462
1472
1492
1496
1497
1499
1500
1505
1529
1537
1550
1550
1550
1552
1560
1560
1560
1560
1560
1560
1560
1561
1561
1561
1561
1561
1561
1561
1562
1568
1568
1576
1577
1577
1579
1586
1586
1587
1594
1598
1599
1602
1603
1604
1604
1604
1604
1604
1604
1604
1604
1604
1623
1625
1627
1631
1632
1637
1638
1685
1725
1727
1740
1744
1744
1744
1745
1748
1759
1771
1777
1779
1779
1779
1779
1779
1779
1779
1779
1779
1779
1779
1779
1779
1779
1779
1779
1779
1779
1779
1779
1779
1779
1779
1780
1780
1780
1780
1780
1780
1780
1783
1785
1794
1796
1796
1796
1796
1796
1796
1797
1797
1797
1797
1797
1797
1797
1797
1797
1797
1798
1798
1798
1798
1798
1798
1798
1798
1798
1808
1808
1808
1808
1808
1808
1808
1808
1808
1808
1808
1808
1809
1809
1809
1809
1809
1815
1823
1828
1828
1831
1833
1835
1837
1841
1843
1847
1852
1860
1877
1881
1891
1895
1917
1944
2039
2073
2080
2093
2101
2121
2133
2151
2156
2168
2172
2212
2240
2250
2272
2272
2272
2272
2273
2273
2287
2290
2290
2292
2293
2315
2350
2350
2361
2373
2465
2469
2476
2483
2491
2498
2499
2514
2518
2519
2585
2624
2631
2735
2735
2735
2735
2735
2736
2737
2739
2740
2752
2768
2768
2768
2769
2769
2769
2769
2769
2769
2769
2769
2769
2769
2769
2769
2769
2769
2805
2811
2823
2824
2826
2849
2859
2875
2876
2876
2876
2876
2877
2882
2889
2893
2895
2926
2929
2930
2930
2930
2930
2930
2930
2931
2946
2965
2991
3014
3063
3190
3195
3229
3232
3252
3266
3266
3294
3338
3453
3485
3614
3628
3650
3655
3667
3685
3686
3694
3694
3694
3725
3731
3743
3759
