3
5
6
7
7
10
12
12
13
14
16
16
18
19
19
20
20
20
20
21
22
22
22
22
22
23
23
23
23
24
24
24
24
24
24
24
25
25
25
25
25
25
27
28
28
28
28
29
29
29
29
30
34
35
36
36
36
37
37
37
40
40
40
41
41
44
44
44
44
45
45
47
51
53
53
55
55
58
58
62
63
65
65
66
66
67
72
75
75
75
76
78
78
78
79
81
82
82
83
84
87
87
89
89
89
89
90
94
95
95
95
95
95
96
96
97
97
99
99
99
100
100
100
100
100
101
101
101
101
101
101
102
103
105
105
106
106
107
107
107
107
107
107
109
110
110
113
113
113
113
116
121
131
132
136
137
137
137
138
139
146
147
149
149
150
151
153
153
153
153
153
153
153
153
153
153
153
153
153
153
154
154
157
157
158
158
158
161
163
163
164
165
169
169
170
172
175
175
177
179
179
179
180
183
184
185
191
195
196
197
198
198
203
203
209
211
211
213
215
216
217
217
218
221
222
222
224
225
235
235
238
240
240
242
244
249
251
260
269
274
278
283
291
293
326
327
341
345
346
350
353
357
361
362
362
362
363
365
365
382
385
385
390
393
397
398
412
413
415
418
418
423
423
433
442
446
451
454
464
466
473
488
488
496
506
506
507
511
512
514
514
515
515
515
515
515
515
515
515
515
515
515
515
515
515
515
515
515
515
515
515
515
515
515
515
515
515
516
516
516
516
517
517
517
518
518
519
519
520
520
521
521
521
522
522
522
534
534
534
534
534
534
534
534
534
534
534
535
535
535
535
535
536
536
536
536
536
536
536
536
536
536
536
536
536
536
536
536
536
540
540
547
547
547
547
547
547
547
547
553
567
567
567
567
567
583
601
605
628
628
628
633
633
634
634
634
634
634
634
634
634
634
634
634
634
634
634
634
634
634
634
634
634
634
639
644
652
652
655
658
658
658
659
664
664
664
664
665
665
665
665
665
665
666
678
698
717
723
734
734
745
752
804
806
812
868
869
873
911
913
924
925
936
937
949
985
986
989
990
993
993
994
994
995
995
995
995
996
998
998
998
998
999
999
999
999
999
999
999
999
999
999
1011
1016
1020
1024
1032
1059
1079
1095
1132
1133
1146
1147
1147
1215
1236
1304
1329
1359
1360
1406
1413
1420
1421
1437
1470
1494
1515
1517
1563
1575
1598
1645
1658
1668
1669
1673
1676
1686
1692
1706
1719
1730
1749
1750
1751
1788
1802
1807
1807
1811
1858
1877
1882
1896
1898
1903
1908
1919
1924
1930
1970
2020
2032
2497
2497
2497
2497
2500
2500
2511
2570
2589
2600
2743
2813
2833
3043
3183
3222
3256
3263
3264
3302
3302
3306
3316
3316
3316
3319
3333
3376
3477
3499
3503
3504
3504
3633
3633
3633
3633
3633
3633
3653
3656
