3
4
7
7
8
10
10
11
14
15
15
15
15
17
17
19
22
22
23
25
26
26
26
27
27
27
28
28
29
30
31
31
31
31
32
32
32
33
36
36
37
37
38
38
38
38
38
38
39
39
39
39
39
40
41
41
43
43
43
44
44
45
45
46
48
48
48
48
48
48
48
49
50
50
52
52
55
56
59
59
59
60
67
67
68
68
71
72
73
73
73
73
73
75
75
77
77
79
80
80
80
80
80
80
80
80
80
80
80
81
81
81
82
85
85
86
87
87
88
88
88
90
90
90
90
91
91
91
91
91
91
91
91
91
91
91
91
92
92
92
92
92
92
92
92
92
92
92
92
92
92
92
92
92
92
92
92
92
93
93
93
94
95
95
96
96
96
96
96
96
96
96
96
96
97
97
97
97
97
97
97
97
99
99
99
99
100
104
106
107
108
109
110
110
110
110
110
111
111
112
112
113
115
116
117
118
122
124
124
124
125
126
126
126
126
126
126
126
130
130
133
134
135
137
146
152
155
156
162
164
169
169
172
175
176
181
184
184
184
184
184
184
184
184
184
184
184
186
189
203
207
209
219
222
228
229
231
236
236
236
236
236
236
237
237
237
237
237
237
294
373
380
381
383
386
393
401
404
404
404
416
418
419
420
420
425
426
428
436
453
463
464
464
464
464
464
464
465
465
466
471
473
474
474
480
485
487
487
494
494
498
503
504
512
519
523
524
532
534
534
536
538
546
546
563
566
567
581
600
607
612
633
639
666
667
682
739
745
752
765
778
783
793
804
820
821
831
832
848
860
861
862
866
942
950
958
959
963
965
991
1187
1188
1220
1220
1222
1229
1253
1294
1312
1317
1422
1432
1488
1500
1516
1516
1516
1569
1575
1582
1585
1597
1599
1614
1622
1623
1623
1623
1629
1639
1673
1680
1682
1682
1682
1682
1695
1706
1710
1710
1710
1713
1761
1763
1768
1779
1791
1791
1795
1808
1824
1824
1824
1824
1824
1824
1824
1824
1824
1824
1824
1824
1824
1824
1824
1824
1824
1824
1824
1824
1824
1830
1830
1830
1830
1830
1830
1830
1830
1830
1830
1830
1830
1830
1830
1830
1830
1830
1830
1830
1830
1830
1830
1830
1831
1831
1831
1831
1831
1831
1831
1831
1831
1831
1831
1831
1831
1852
1871
1879
1883
1883
1889
1922
1933
1946
1951
2140
2141
2142
2144
2145
2246
2257
2266
2283
2283
2286
2297
2297
2299
2321
2325
2325
2332
2333
2340
2371
2371
2373
2388
2472
2613
2616
2637
2639
2647
2647
2664
2665
2666
2667
2674
2675
2675
2680
2719
2723
2743
2749
2763
2766
2768
2768
2768
2770
2793
2793
2793
2793
2793
2793
2793
2793
2793
2793
2793
2794
2794
2794
2794
2794
2794
2794
2794
2794
2797
2798
2799
2799
2799
2799
2799
2799
2799
2799
2799
2799
2799
2799
2817
2954
3033
3033
3161
3269
3270
3285
3300
3301
3308
3311
3312
3317
3325
3340
3374
3376
3400
3418
3455
3479
3495
3552
3625
