3
3
5
5
6
6
10
12
17
21
22
22
22
24
24
24
24
24
24
24
25
25
28
28
31
31
31
32
32
33
33
34
34
37
37
37
37
38
40
42
42
42
43
43
54
54
55
55
55
55
55
58
58
58
63
66
66
72
73
73
73
75
76
77
81
81
82
86
91
92
92
93
94
94
94
94
97
97
98
102
102
105
106
106
106
106
106
106
107
108
109
109
110
110
110
112
114
114
115
115
115
115
115
115
115
116
116
118
118
120
121
124
124
128
131
131
134
134
135
135
135
135
136
137
140
142
152
184
193
209
233
237
240
252
399
423
432
443
454
459
467
467
467
558
634
649
652
653
660
669
729
734
754
778
793
794
797
799
800
818
821
841
843
845
872
876
885
888
903
911
924
977
990
991
1013
1023
1035
1107
1137
1144
1171
1244
1256
1269
1271
1271
1272
1283
1310
1315
1316
1316
1349
1370
1374
1391
1391
1392
1393
1411
1415
1431
1439
1440
1458
1461
1467
1469
1472
1527
1528
1530
1531
1532
1534
1534
1534
1535
1537
1537
1537
1537
1537
1537
1538
1538
1538
1538
1546
1546
1556
1569
1570
1571
1571
1571
1571
1572
1572
1572
1572
1572
1572
1572
1583
1583
1583
1583
1583
1583
1583
1583
1583
1584
1584
1593
1593
1593
1593
1593
1593
1593
1593
1593
1593
1594
1594
1594
1594
1594
1594
1594
1594
1594
1594
1594
1594
1594
1594
1594
1594
1594
1594
1594
1594
1594
1594
1594
1594
1594
1594
1594
1594
1594
1594
1594
1594
1595
1595
1595
1603
1603
1604
1604
1605
1605
1605
1605
1605
1607
1608
1609
1611
1620
1654
1655
1657
1660
1670
1670
1670
1674
1674
1674
1674
1674
1675
1675
1675
1675
1693
1721
1733
1738
1740
1746
1747
1760
1767
1768
1768
1768
1768
1768
1768
1768
1768
1768
1768
1768
1768
1768
1768
1768
1768
1769
1769
1769
1769
1769
1769
1769
1769
1769
1770
1791
1791
1791
1792
1792
1792
1792
1792
1792
1792
1792
1792
1793
1794
1794
1797
1819
1833
1838
1841
1851
1856
1867
1867
1876
1879
1880
1881
1885
1892
1902
1902
1903
1906
1906
1907
1907
1910
1910
1910
1910
1910
1911
1911
1916
1923
1925
1925
1925
1925
1927
1928
1931
1932
1932
1933
1936
1948
1950
1951
1951
1951
1951
1951
1952
1960
1963
1964
1966
1966
1967
1967
1967
1968
1972
1974
1974
1977
1980
1983
1987
1995
1995
1999
2000
2003
2009
2010
2010
2011
2012
2013
2013
2013
2013
2013
2013
2013
2013
2013
2014
2014
2014
2014
2028
2028
2028
2029
2029
2029
2029
2029
2029
2029
2029
2029
2029
2029
2029
2029
2029
2029
2029
2029
2029
2029
2029
2029
2029
2029
2029
2029
2029
2030
2030
2030
2030
2030
2030
2036
2060
2068
2071
2072
2074
2078
2095
2095
2095
2096
2097
2098
2100
2127
2136
2138
2141
2143
2147
2148
2149
2154
2161
2162
2173
2174
2174
2175
2176
2176
2186
2193
2206
2211
2215
2220
2226
2246
2246
2259
2260
2268
2268
2289
2303
2327
2330
2334
2335
2340
2348
2351
2352
2357
2360
2364
2365
2365
2382
2386
2386
2387
2388
2389
2391
2394
2394
2398
2420
2458
2463
2466
2473
2477
2477
2477
2477
2479
2484
2484
2484
2486
2486
