6
6
7
8
8
10
10
11
12
12
12
17
17
18
18
20
20
20
20
20
21
22
22
23
24
25
25
25
26
26
26
27
27
27
28
28
28
28
28
28
28
28
28
29
29
30
30
30
31
31
31
31
31
31
31
31
33
34
34
34
35
37
37
37
38
38
38
39
39
39
40
41
43
44
45
46
46
47
48
48
48
52
53
54
54
54
54
55
57
57
58
58
58
60
63
64
64
64
65
66
70
70
71
71
73
75
75
75
75
75
75
75
75
75
75
75
75
75
75
76
76
76
76
77
77
78
78
78
79
79
79
79
80
80
80
81
81
81
81
82
82
82
82
88
88
88
90
91
91
91
92
93
93
93
93
94
94
95
95
98
99
100
101
101
101
101
102
102
102
102
102
102
103
105
105
107
107
108
109
114
116
117
117
117
118
119
119
120
120
120
123
126
128
128
132
133
134
137
137
138
145
147
154
160
160
160
160
160
160
160
160
160
161
161
161
178
179
179
181
182
184
184
190
200
201
202
217
267
267
267
267
267
267
267
267
267
267
267
267
268
268
268
268
270
272
274
278
282
283
283
284
285
290
290
290
319
319
319
323
323
324
326
331
335
337
337
337
338
341
360
361
363
366
368
370
373
382
383
383
389
390
392
395
396
398
402
404
407
407
410
413
427
431
433
437
441
441
442
442
444
446
448
454
456
456
458
458
463
466
466
467
472
473
474
476
476
477
478
478
480
481
482
486
486
486
486
487
487
487
487
487
487
488
488
489
493
494
496
502
502
502
502
504
506
506
508
509
509
510
510
510
510
510
510
510
510
510
510
510
510
510
510
510
510
511
516
516
517
517
517
517
517
517
518
519
519
520
520
521
522
523
523
523
524
525
525
525
525
525
525
525
525
525
525
530
532
532
532
532
532
532
532
534
534
536
538
538
541
545
546
546
546
546
547
550
550
551
551
551
551
551
551
551
551
551
551
551
551
551
552
552
552
552
552
552
552
553
553
556
556
562
564
566
566
567
568
568
568
568
568
568
568
568
568
569
569
569
569
569
570
570
570
571
572
573
574
574
574
574
574
574
574
574
575
575
575
582
583
583
583
583
583
583
583
583
583
583
583
583
583
583
583
583
583
583
583
583
583
583
584
585
588
589
589
589
591
591
591
591
591
592
592
592
592
592
592
592
592
592
592
592
592
592
592
592
592
592
592
592
592
592
592
592
592
592
593
593
593
593
593
593
600
604
620
621
626
634
653
653
653
654
655
656
661
664
667
668
669
669
672
674
676
682
686
687
688
688
696
705
705
705
705
705
707
708
709
714
717
718
719
721
721
721
721
722
