4
6
10
11
13
16
21
21
24
24
24
24
24
25
25
28
29
29
29
29
29
29
29
29
31
33
36
38
39
40
42
43
43
44
47
47
48
50
51
54
55
55
55
59
65
72
72
73
74
77
78
78
80
80
82
82
86
91
92
93
97
97
98
99
101
101
102
102
103
108
110
115
115
116
116
116
116
116
116
116
116
117
117
118
124
124
125
127
129
131
131
131
132
132
132
132
132
132
138
140
145
149
149
149
150
150
150
151
155
172
178
189
197
222
231
233
242
242
242
255
255
269
270
292
296
309
310
315
315
315
383
401
401
410
440
451
451
461
473
473
481
486
488
488
495
562
566
570
575
577
578
584
584
587
587
587
587
590
592
602
605
618
630
634
636
637
648
691
693
696
701
703
703
703
706
720
723
727
727
728
743
747
747
748
749
750
753
757
757
759
760
770
772
780
782
788
791
792
799
800
801
806
810
811
812
826
831
835
836
837
843
848
848
849
849
850
850
850
851
851
852
854
866
866
866
871
881
882
891
891
891
891
891
891
891
891
891
891
892
893
895
895
895
895
895
895
895
895
896
896
896
896
896
896
896
896
896
896
896
896
896
896
897
897
897
897
897
897
897
906
908
915
927
930
930
930
967
971
972
972
972
972
974
975
975
975
975
975
975
975
975
975
975
975
978
989
1009
1013
1013
1014
1022
1023
1023
1023
1023
1027
1034
1042
1062
1078
1081
1088
1108
1117
1129
1154
1177
1186
1211
1246
1257
1258
1264
1270
1272
1288
1301
1313
1322
1324
1324
1324
1324
1326
1327
1327
1327
1335
1343
1358
1358
1359
1359
1359
1367
1395
1461
1491
1509
1509
1509
1509
1510
1514
1515
1515
1539
1639
1641
1641
1642
1650
1655
1658
1658
1659
1660
1660
1661
1664
1664
1664
1665
1668
1674
1683
1708
1709
1726
1728
1749
1757
1760
1787
1803
1863
1871
1877
1896
1902
1907
1921
1926
1939
1967
1972
1974
1980
1988
1993
1995
1997
2019
2023
2023
2032
2032
2036
2036
2037
2042
2042
2064
2067
2073
2089
2095
2113
2126
2135
2135
2135
2136
2136
2136
2136
2137
2137
2137
2137
2143
2146
2146
2146
2146
2146
2146
2146
2146
2146
2146
2146
2146
2146
2150
2150
2150
2150
2150
2150
2150
2150
2151
2151
2151
2151
2151
2151
2151
2151
2151
2151
2151
2151
2151
2151
2151
2151
2151
2151
2151
2152
2152
2152
2152
2152
2152
2152
2152
2152
2152
2152
2152
2152
2152
2153
2153
2153
2153
2153
2153
2153
2153
2154
2170
2170
2170
2170
2170
2170
2170
2170
2170
2170
2170
2170
2171
2171
2171
2171
2171
2208
2210
2220
2225
2236
2253
2293
2302
2306
2308
2325
2333
2333
2333
2333
2333
2336
2341
2373
2406
2406
2415
2422
2427
2450
2467
2468
2487
2492
2494
2495
2495
2498
2499
2546
2551
2588
2592
2605
2609
2621
2624
2630
2633
2634
2657
2658
2674
2682
2687
2690
2693
2726
2751
2751
2752
2770
2796
2805
2810
2821
2841
2845
2845
2845
2845
2845
2845
2848
2848
2848
2859
2871
2876
