4
4
6
6
10
11
12
14
14
16
18
19
19
23
24
24
24
24
24
27
27
28
30
32
34
36
36
37
37
37
37
38
38
39
39
39
40
42
42
42
43
44
45
46
47
48
48
51
52
52
52
53
53
53
57
58
58
59
59
59
59
62
63
64
65
65
67
67
68
68
69
70
72
73
75
76
77
77
77
77
77
77
77
77
78
79
82
82
82
82
82
82
82
82
82
82
82
82
83
83
83
83
83
83
83
83
83
83
83
83
83
83
83
83
83
83
84
84
84
84
84
84
84
84
84
84
84
84
84
84
84
85
85
85
85
85
86
86
87
88
88
89
90
90
90
90
90
91
91
91
91
91
91
91
91
91
91
92
92
95
96
96
96
96
97
98
98
98
98
98
98
99
99
100
102
104
104
105
108
108
109
109
110
110
111
111
111
111
111
112
113
113
113
113
114
114
114
114
115
115
115
117
119
121
130
135
137
137
138
138
138
138
140
140
140
141
143
152
153
155
156
157
164
169
172
175
176
187
189
199
223
229
235
238
297
297
300
303
309
315
331
355
355
356
361
375
376
381
387
389
394
396
399
401
401
401
406
427
438
438
439
439
439
439
439
447
459
461
465
469
487
500
500
500
500
500
500
500
500
500
500
500
500
500
500
501
512
547
557
562
579
581
587
590
597
614
615
615
617
618
619
623
628
633
638
644
644
645
645
653
653
657
664
671
673
677
678
679
679
679
679
684
691
691
691
691
693
696
696
696
697
697
697
714
714
714
714
714
714
714
714
715
715
715
720
720
721
723
723
723
723
723
723
724
724
730
731
734
735
743
744
747
748
752
753
756
758
758
758
758
758
758
758
758
759
759
759
759
759
761
769
799
799
811
812
821
827
827
828
828
828
828
828
830
834
834
835
836
837
837
848
849
853
863
865
865
866
866
868
868
872
873
873
873
873
873
873
873
873
880
886
903
903
903
903
906
907
908
911
930
938
976
976
980
984
987
990
990
990
994
1001
1007
1008
1009
1018
1020
1031
1034
1040
1043
1043
1055
1058
1064
1066
1072
1077
1081
1081
1082
1082
1088
1098
1103
1106
1107
1114
1115
1115
1118
1118
1118
1122
1125
1126
1130
1130
1130
1130
1133
1134
1148
1151
1153
1157
1158
1158
1159
1160
1162
1162
1164
1165
1165
1178
1179
1184
1184
1185
1185
1186
1186
1195
1195
1199
1218
1227
1229
1239
1241
1248
1251
1255
1256
1260
1263
1263
1265
1272
1273
1282
1284
1285
1288
1290
1296
1316
1338
1357
1358
1362
1363
1365
1369
1372
1373
1374
1374
1375
1377
1392
1395
1396
1396
1396
1396
1396
1396
1396
1396
1396
1396
1396
1396
1396
1396
1396
1396
1396
1396
1396
1397
1398
1398
1398
1399
1399
1399
1400
1400
1400
1401
1402
1402
1402
1402
1407
1410
1410
1413
1413
1413
1413
1413
1413
1413
1414
1414
