4
4
8
8
8
12
13
14
14
15
15
15
17
17
17
17
17
19
19
21
21
21
22
22
23
23
23
23
24
24
24
26
26
26
27
27
27
27
27
27
27
27
27
28
30
30
32
34
34
34
35
37
39
40
43
51
53
53
54
55
55
55
57
57
57
58
58
59
59
61
61
62
63
67
68
71
71
71
71
71
71
71
71
71
71
71
71
71
73
73
73
73
74
74
74
75
76
76
76
76
76
77
77
77
77
77
77
77
77
77
77
77
77
78
79
80
82
83
87
87
92
93
94
96
97
97
98
99
100
100
100
101
102
104
105
107
107
108
114
114
114
114
115
115
117
117
125
126
126
127
134
136
136
136
136
137
137
138
139
142
143
147
147
149
152
156
158
163
167
172
173
173
173
173
174
174
174
174
175
178
184
184
186
186
187
187
190
190
191
191
191
191
191
192
192
192
192
192
192
192
192
192
192
192
192
192
192
192
192
192
192
192
192
192
192
192
192
192
192
192
192
192
192
192
192
193
193
193
193
193
193
193
193
194
194
194
194
195
195
195
196
197
198
198
198
198
198
199
199
199
199
199
199
199
199
199
199
199
199
199
199
199
200
200
200
200
200
200
200
201
204
205
206
206
206
206
208
208
208
209
209
209
209
209
209
210
216
226
232
237
238
244
252
267
273
273
289
293
300
301
302
307
310
313
316
318
329
335
336
340
341
342
344
347
350
351
355
359
359
373
377
384
384
384
384
384
387
387
388
388
388
388
388
388
388
388
388
390
390
392
396
398
398
401
401
401
409
409
409
409
410
410
410
418
418
418
419
419
419
419
419
419
424
424
425
427
427
429
436
441
447
447
451
451
452
460
471
479
499
501
512
514
515
534
539
541
541
551
552
568
568
572
581
581
582
582
585
585
586
586
588
592
592
592
592
592
609
612
614
618
622
623
635
648
654
655
656
658
662
679
681
681
688
691
696
697
702
702
702
702
702
702
703
705
705
707
707
708
708
708
708
708
708
708
708
708
708
708
708
708
708
708
708
709
709
715
737
740
765
780
781
781
788
836
837
837
837
837
841
842
842
842
842
853
863
919
939
951
958
959
960
961
963
972
975
976
976
977
978
980
991
996
997
997
997
1006
1006
1006
1006
1006
1012
1015
1019
1019
1021
1022
1026
1035
1041
1046
1047
1066
1067
1067
1116
1117
1121
1127
1139
1144
1173
1196
1213
1248
1262
1284
1287
1298
1321
1333
1334
1360
1374
1378
1404
1410
1436
1436
1436
1444
1449
1466
1468
1468
1493
1500
1501
1503
1505
1510
1518
1572
1586
1610
1617
1617
1621
1630
1637
1685
1706
1720
1722
1722
1729
1755
1800
1800
1800
1800
1800
1800
1800
1800
1800
1810
1834
1838
1843
1845
1863
1863
1885
1911
1919
