3
3
5
6
6
12
15
16
17
17
17
19
19
19
19
19
19
20
20
20
23
23
24
25
26
27
29
30
30
30
30
33
33
33
33
33
34
34
35
36
37
37
37
38
39
39
39
40
43
43
43
44
45
46
53
56
62
67
69
69
69
70
72
76
77
80
82
86
87
91
91
92
97
98
99
101
101
103
106
106
106
107
109
110
110
110
111
111
111
111
111
111
111
111
112
116
116
119
119
123
125
129
129
129
131
131
131
131
131
131
131
132
132
132
136
143
143
143
144
146
146
148
148
149
149
149
150
154
154
156
158
161
168
174
179
223
235
337
360
374
374
380
380
380
380
380
380
380
380
380
380
380
380
381
381
381
381
381
381
381
381
381
381
381
381
381
381
381
381
381
381
381
381
381
381
381
381
381
381
381
381
381
381
381
382
382
393
396
406
419
444
497
591
592
597
642
658
670
673
690
692
708
733
741
741
752
756
764
798
804
810
812
826
827
827
828
829
829
829
829
836
848
862
868
873
876
883
884
896
949
971
989
1007
1007
1010
1011
1014
1020
1026
1027
1032
1035
1122
1122
1139
1144
1207
1238
1238
1239
1259
1265
1282
1295
1300
1301
1302
1310
1310
1311
1314
1315
1333
1333
1335
1338
1340
1352
1364
1418
1418
1418
1418
1418
1421
1421
1422
1423
1428
1429
1429
1430
1430
1431
1434
1440
1440
1440
1440
1441
1441
1441
1441
1441
1441
1441
1441
1441
1441
1441
1441
1441
1469
1474
1486
1487
1489
1496
1496
1497
1497
1503
1516
1516
1520
1520
1521
1529
1532
1535
1550
1568
1569
1579
1586
1589
1593
1594
1601
1605
1606
1608
1608
1608
1632
1638
1639
1646
1647
1670
1675
1707
1710
1711
1711
1711
1711
1711
1711
1711
1711
1711
1711
1715
1717
1717
1717
1717
1717
1717
1717
1717
1717
1717
1717
1717
1717
1717
1717
1717
1717
1717
1718
1719
1719
1719
1719
1719
1719
1719
1719
1719
1720
1720
1720
1720
1720
1720
1720
1720
1720
1720
1720
1720
1721
1721
1721
1721
1721
1721
1721
1721
1722
1722
1722
1722
1722
1722
1722
1722
1722
1722
1722
1722
1722
1722
1722
1722
1797
1819
1823
2216
2223
2301
2302
2322
2322
2385
2387
2387
2414
2420
2492
2542
2562
2563
2563
2563
2563
2738
2751
2757
2760
2778
2784
2791
2827
2842
2876
2878
2888
2889
2889
2891
2895
2895
2895
2895
2897
2898
2902
2927
2929
2963
2967
2978
2995
3014
3030
3033
3061
3071
3080
3083
3084
3134
3141
3152
3153
3153
3158
3160
3164
3199
3199
3226
3256
3267
3285
3285
3286
3299
3300
3319
3363
3375
3386
3435
3439
3469
3482
3487
3488
3489
3509
3512
3516
3524
3569
3592
3609
3609
3609
3609
3609
3609
3609
3609
3610
3610
3610
3624
3626
3649
3649
3649
3650
3650
3650
3651
3714
3841
3895
3985
4152
4152
4152
4152
4152
4152
4166
4259
4262
4276
4337
4519
4624
4673
4695
4704
4733
4733
4737
4748
4749
4749
4749
4749
4760
4771
4809
4839
4865
4865
4966
5176
5190
5243
5373
5385
5391
5405
5498
5504
5507
5513
5513
5513
5516
5519
5527
5530
5533
5533
5533
5534
