3
4
6
7
8
8
11
12
15
15
18
19
19
20
20
20
20
20
23
23
23
24
24
24
25
25
25
26
26
26
26
26
26
26
26
26
26
26
26
26
27
27
28
28
28
29
29
29
29
29
29
29
29
30
31
31
31
31
31
32
32
33
34
34
34
34
34
35
35
35
35
36
36
36
37
37
37
37
38
38
40
40
41
43
43
43
43
44
44
45
46
46
49
50
51
52
53
53
53
55
55
56
58
59
61
61
65
66
66
66
66
67
68
69
69
69
69
70
71
71
71
71
71
73
73
74
74
74
75
75
76
80
83
83
83
84
84
85
86
87
88
88
88
88
88
88
88
88
88
88
90
93
94
95
95
96
98
98
99
100
100
101
102
102
102
102
102
102
102
104
105
106
107
107
107
107
107
108
109
110
110
111
111
111
117
117
119
127
127
129
130
131
132
136
136
137
137
137
138
139
143
146
147
147
148
148
152
156
159
159
160
164
165
170
170
186
188
189
189
192
193
207
211
215
216
217
217
219
221
222
223
226
226
227
234
239
256
270
270
279
282
285
290
299
312
312
312
313
314
319
324
325
326
327
329
329
331
331
338
352
353
353
353
354
354
362
369
371
371
377
379
382
383
383
385
386
389
391
396
398
399
400
403
404
404
406
415
428
430
433
433
433
438
438
442
442
468
474
476
478
532
569
579
584
594
599
606
621
626
632
634
644
646
648
653
654
655
658
658
659
661
669
676
676
677
678
679
692
692
692
692
692
692
692
695
698
709
710
712
719
719
737
737
737
737
737
737
737
737
746
764
791
803
803
810
825
830
848
849
849
854
862
869
877
886
890
892
896
900
902
910
912
913
915
922
923
929
933
947
960
985
998
999
1006
1007
1014
1017
1018
1024
1024
1031
1061
1082
1099
1132
1135
1142
1165
1178
1188
1193
1196
1196
1196
1199
1212
1237
1244
1244
1244
1244
1245
1245
1260
1263
1264
1273
1275
1338
1363
1365
1376
1422
1439
1439
1440
1440
1440
1441
1441
1441
1441
1441
1441
1441
1441
1441
1441
1441
1442
1445
1449
1454
1460
1461
1465
1471
1487
1491
1532
1532
1532
1533
1534
1534
1534
1534
1534
1534
1535
1535
1535
1535
1536
1537
1537
1537
1537
1537
1537
1537
1538
1542
1542
1542
1542
1542
1543
1543
1543
1543
1543
1543
1543
1543
1543
1543
1543
1543
1543
1543
1544
1544
1544
1544
1544
1555
1558
1588
1590
1591
1619
1624
1635
1650
1650
1650
1650
1651
1651
1651
1651
1680
1689
1689
1689
1689
1689
1689
1689
1689
1696
1712
1763
1766
1807
1808
1812
1835
1855
1946
2056
2080
2098
2130
2197
2260
2358
2362
2366
2367
2412
2480
2480
2480
2480
2480
2481
2603
2632
2655
2655
2655
2655
2655
2655
2655
2655
2655
2655
2655
2655
2656
2656
2656
2656
2656
2656
2662
2752
2822
2823
2972
3152
3169
3169
3169
3169
3170
3170
3184
3192
3294
3294
3294
3294
3294
3294
3294
3294
3294
3294
3294
