4
4
8
8
11
14
14
17
17
17
19
20
21
22
22
24
24
24
26
28
29
29
29
29
29
29
29
29
30
33
33
33
34
34
34
35
36
37
37
37
38
38
38
39
40
41
45
46
46
46
46
47
49
49
49
52
53
53
54
55
55
56
56
56
57
57
58
59
60
62
63
64
66
66
67
69
72
72
73
73
74
75
77
79
80
81
83
84
86
87
87
89
89
90
92
93
94
95
99
99
99
100
100
102
103
103
104
105
105
105
107
109
110
110
110
111
111
111
111
111
112
112
112
112
112
112
112
112
116
122
123
123
126
127
127
127
127
128
128
128
128
128
128
128
130
130
139
160
165
172
183
188
220
226
233
239
240
244
251
256
276
276
276
276
276
276
283
287
289
295
298
317
327
327
327
336
338
351
361
362
363
364
364
370
375
377
377
378
385
394
396
400
402
403
405
407
407
414
414
415
422
424
431
431
443
452
454
465
478
498
517
519
539
541
546
546
546
546
546
546
546
546
546
546
546
546
546
547
547
547
547
547
547
547
547
547
547
547
547
547
547
547
547
548
548
549
550
552
552
552
553
553
553
553
553
554
554
554
554
554
559
591
595
595
595
605
609
629
630
630
630
630
630
630
630
634
634
634
634
634
634
634
634
634
635
635
635
635
635
635
635
635
635
635
635
635
635
635
635
635
635
636
636
636
636
636
636
636
636
636
636
636
636
636
636
636
636
637
637
637
637
637
645
646
646
646
649
650
650
650
651
651
651
651
651
651
651
651
651
651
651
651
651
651
651
651
651
651
651
652
654
656
656
656
656
656
656
656
657
657
657
657
657
657
657
657
657
657
658
658
658
658
658
658
658
663
665
676
679
680
690
691
693
694
695
700
704
706
707
715
718
720
720
721
732
733
737
738
738
742
743
743
744
746
757
763
764
769
770
771
773
774
778
785
786
788
789
790
791
792
797
798
799
802
802
804
804
805
815
818
819
819
820
822
824
830
833
838
838
838
838
838
838
838
838
839
841
843
844
849
851
865
866
867
867
867
868
870
871
874
874
875
876
883
888
888
893
895
899
899
899
899
903
908
908
908
908
908
909
909
909
909
909
909
910
913
913
916
918
925
932
932
935
943
944
948
951
962
962
964
966
966
970
971
971
971
975
984
986
987
987
987
990
994
1000
1002
1005
1008
1011
1014
1018
1020
1022
1022
1024
1031
1031
1032
1032
1033
1033
1039
1039
1043
1044
1047
1050
1051
1055
1058
1058
1058
1073
1074
1074
1079
1082
1091
1091
1100
1108
1108
1109
1109
1112
1121
1130
1131
1131
1142
1146
1177
1190
1195
1196
1199
1207
1210
1227
1233
1233
1234
1234
1234
1234
1234
1235
1235
1235
1235
1235
1236
1236
1236
1236
1236
