3
4
6
7
11
12
14
16
17
17
17
18
20
20
24
25
26
26
26
26
26
26
26
28
29
31
31
32
34
34
35
35
36
37
38
38
38
38
38
39
39
39
40
40
40
42
43
44
45
46
47
48
49
49
49
51
51
51
52
53
54
54
54
55
55
55
56
56
56
56
56
59
59
59
64
65
65
66
67
69
69
71
73
75
79
80
80
80
80
82
83
85
86
86
86
86
86
86
86
88
90
90
92
92
95
97
97
98
99
99
99
99
101
101
102
102
103
103
103
103
103
103
104
104
104
104
104
105
105
105
106
106
106
106
108
110
110
111
111
111
111
111
111
111
111
111
111
111
111
111
111
111
111
111
111
111
111
111
111
111
111
112
112
112
112
112
113
113
114
117
117
117
117
122
122
123
128
128
128
129
130
136
139
142
147
147
147
148
149
155
160
167
173
178
181
182
182
184
186
190
191
194
199
207
217
237
249
266
277
288
303
315
363
364
392
419
454
457
465
467
469
476
477
484
524
533
554
564
564
580
623
623
623
623
623
624
624
625
626
626
627
628
631
631
631
674
679
679
680
680
680
681
681
681
682
684
684
691
693
694
704
753
758
759
759
831
832
832
832
842
843
920
930
930
930
931
932
932
932
932
932
932
932
932
932
932
932
932
933
1053
1154
1185
1206
1229
1233
1266
1266
1347
1362
1362
1362
1362
1363
1367
1371
1371
1371
1371
1371
1371
1371
1371
1371
1371
1371
1371
1371
1371
1371
1371
1371
1371
1371
1371
1371
1371
1371
1371
1371
1371
1371
1371
1371
1371
1371
1371
1371
1371
1371
1371
1372
1372
1373
1374
1375
1390
1421
1421
1421
1422
1422
1422
1422
1422
1422
1422
1430
1439
1442
1449
1460
1482
1488
1493
1519
1557
1561
1569
1571
1571
1573
1574
1590
1590
1590
1590
1591
1593
1598
1605
1605
1605
1605
1605
1609
1630
1633
1633
1642
1658
1658
1658
1658
1664
1664
1664
1664
1664
1664
1664
1664
1693
1709
1730
1739
1744
1753
1778
1779
1782
1782
1782
1782
1782
1782
1782
1782
1782
1782
1782
1782
1786
1786
1787
1787
1787
1787
1787
1787
1787
1787
1787
1787
1787
1787
1787
1788
1788
1788
1788
1788
1788
1792
1792
1792
1802
1829
1831
1847
1857
1858
1863
1863
1863
1863
1863
1863
1863
1864
1864
1864
1865
1865
1866
1866
1866
1866
1867
1867
1867
1874
1902
2142
2147
2152
2207
2238
2246
2246
2246
2247
2247
2292
2351
2354
2360
2365
2380
2383
2435
2435
2437
2460
2488
2531
2561
2646
2668
2686
2755
2759
2759
2760
2818
2842
2866
2879
2908
2978
3000
3008
3053
3069
3074
3100
3117
3117
3120
3123
3123
3124
3146
3167
3186
3204
3255
3257
3265
3271
3275
3329
3358
3420
3462
3815
3822
3869
3982
4090
4267
4270
4339
4375
4488
4545
4784
4787
4802
5012
5034
5040
5048
5048
5048
5048
5263
5290
5305
5310
5332
5338
5368
5496
5528
5669
5695
5741
5785
5787
5808
5839
6243
6247
6259
6324
6324
6336
6351
6388
6388
6393
6397
6439
6445
6450
