9
10
11
12
13
13
13
14
14
14
15
17
19
20
22
23
24
24
25
25
28
33
33
35
38
38
38
38
38
38
39
39
39
40
41
42
48
49
50
63
69
71
81
84
90
90
92
98
110
112
115
117
124
125
125
125
127
163
218
221
225
237
244
245
245
245
246
246
246
246
246
246
246
248
248
248
249
251
251
254
255
256
256
256
263
264
267
275
286
293
293
299
300
310
353
356
412
435
435
435
440
443
483
484
517
522
581
581
581
594
641
663
671
679
738
739
741
741
741
743
750
818
822
827
883
884
936
959
981
995
1005
1008
1014
1015
1021
1024
1033
1035
1035
1035
1035
1040
1047
1064
1066
1093
1098
1099
1108
1118
1139
1143
1149
1156
1170
1175
1180
1208
1222
1235
1242
1243
1248
1248
1248
1248
1254
1255
1276
1277
1346
1372
1373
1387
1392
1393
1438
1438
1439
1441
1441
1441
1441
1441
1441
1446
1446
1448
1451
1453
1453
1458
1463
1475
1480
1484
1489
1498
1506
1521
1521
1569
1599
1632
1668
1737
1751
1755
1840
1843
1894
1895
1907
1914
1916
1925
1960
1980
1983
1995
2014
2018
2034
2038
2041
2041
2041
2041
2042
2045
2088
2101
2139
2144
2145
2145
2145
2145
2145
2145
2145
2145
2145
2145
2145
2145
2145
2145
2145
2145
2145
2145
2145
2145
2145
2145
2145
2145
2145
2145
2145
2145
2145
2145
2145
2145
2145
2145
2145
2145
2145
2145
2145
2145
2145
2146
2146
2147
2147
2147
2150
2150
2150
2150
2150
2150
2150
2179
2189
2191
2192
2193
2208
2242
2326
2357
2359
2363
2403
2428
2484
2485
2491
2491
2539
2594
2601
2654
2661
2666
2672
2675
2680
2680
2681
2687
2691
2691
2694
2695
2704
2726
2756
2757
2763
2808
2810
2816
2816
2817
2884
2894
2912
2930
2938
2960
3044
3044
3044
3044
3044
3044
3044
3063
3077
3079
3084
3086
3087
3087
3102
3117
3142
3146
3146
3147
3162
3202
3203
3203
3203
3204
3207
3208
3208
3209
3209
3226
3230
3230
3230
3230
3230
3230
3230
3230
3230
3230
3230
3230
3230
3230
3230
3230
3231
3231
3231
3231
3231
3231
3231
3231
3231
3231
3270
3286
3315
3321
3321
3321
3322
3357
3375
3375
3376
3376
3376
3376
3376
3376
3376
3384
3395
3395
3395
3396
3397
3398
3398
3398
3398
3398
3398
3398
3398
3398
3398
3398
3398
3398
3398
3398
3399
3399
3399
3399
3399
3399
3399
3399
3399
3399
3399
3399
3400
3400
3400
3400
3400
3400
3400
3400
3400
3400
3400
3400
3401
3401
3401
3401
3401
3401
3401
3402
3402
3403
3406
3492
3529
3531
3531
3531
3531
3535
3549
3580
3586
3587
3593
3605
3605
3605
3605
3605
3606
3610
3617
3627
3636
3688
3729
3742
3797
3802
3804
3810
3942
3954
3961
4006
4006
4022
4023
4025
4029
4032
4032
4033
4035
4043
4051
4053
4082
4084
4085
4101
4107
4108
4108
4111
4119
4120
4122
4123
4137
4138
4166
4216
4219
4242
4251
4257
4278
4347
4361
4361
4365
4365
4365
4365
4365
4365
4365
4365
4365
4366
4530
4542
4555
4557
4559
4587
4590
4602
4606
4619
4627
4635
4654
4677
4681
4682
4693
4704
4724
4725
4731
4735
4744
4745
4760
4786
4824
4833
4834
4892
4910
4923
4923
4929
4929
4934
4934
4936
4936
