3
4
8
10
12
12
13
13
13
14
14
15
15
16
17
17
19
19
20
20
20
21
22
25
26
26
28
29
30
30
33
34
34
34
34
35
35
35
36
37
37
37
38
38
38
39
41
42
43
45
45
46
48
48
51
51
51
51
51
51
52
52
52
53
54
54
54
54
55
56
56
56
56
56
56
59
59
59
59
59
60
61
62
62
63
63
63
63
63
63
63
63
63
63
65
65
66
67
67
71
74
76
78
79
80
80
80
81
81
81
82
84
84
85
86
86
87
88
88
90
90
92
92
99
101
105
105
105
105
105
105
106
106
106
106
106
106
106
106
107
107
107
108
108
108
108
109
109
109
109
110
111
111
111
112
113
113
113
120
120
121
121
122
123
125
125
126
126
127
127
128
128
128
129
130
131
135
135
135
138
142
143
147
156
157
160
160
161
163
163
165
168
168
168
168
168
168
168
168
168
168
168
168
169
169
169
169
169
169
169
169
169
169
169
169
169
169
169
169
169
169
174
174
174
174
174
174
174
174
174
174
174
174
175
175
175
175
175
175
175
175
175
175
175
175
175
175
175
175
175
176
176
176
176
176
180
186
187
193
193
194
209
214
219
226
227
230
230
231
237
256
257
259
261
269
273
273
281
285
289
301
318
327
340
341
341
358
359
367
371
382
395
396
396
396
397
397
397
397
397
397
397
397
397
397
397
397
397
401
401
401
401
401
401
401
401
401
401
401
401
401
401
401
401
401
401
401
401
401
402
402
402
402
402
402
402
406
408
408
408
414
425
427
427
431
434
435
439
442
443
444
444
444
445
454
470
475
478
486
495
506
507
514
516
517
518
519
522
525
527
528
533
535
535
536
537
539
540
560
567
575
579
580
581
591
598
598
599
600
601
601
601
604
606
607
610
611
612
614
619
627
628
654
655
655
660
665
666
672
677
701
707
725
726
737
745
745
748
748
748
748
748
752
752
752
756
760
761
763
765
774
779
779
779
779
779
779
779
790
802
821
834
835
838
838
840
841
845
849
849
851
859
868
878
879
880
887
888
892
893
894
896
896
897
898
903
904
906
913
942
943
943
943
944
944
946
947
950
951
954
954
956
959
961
961
961
961
961
961
961
961
961
961
961
961
963
966
968
968
968
968
968
968
968
968
968
969
969
972
976
976
978
986
986
988
988
988
998
998
998
998
998
998
998
998
998
998
998
998
998
999
999
999
999
999
999
999
999
999
999
999
999
999
999
999
999
999
999
999
999
999
1009
1009
1010
1010
1010
1010
1016
1021
1027
1032
1040
1051
1052
1053
1071
1078
1083
1090
1099
1104
1105
1107
1109
1116
1127
1127
1145
1161
1166
1166
1180
1194
1198
1221
