1
1
6
6
7
8
8
8
10
13
14
15
18
18
18
22
23
23
24
25
26
45
45
45
46
46
46
46
46
46
47
47
47
47
47
48
48
54
64
79
79
80
81
81
81
81
83
96
96
101
105
127
131
131
131
131
134
134
134
134
135
135
135
136
143
148
157
180
181
181
181
181
181
185
185
185
185
185
186
186
201
201
201
202
202
202
202
202
202
202
230
251
258
310
330
331
336
341
352
364
364
364
365
365
365
365
365
407
420
440
446
451
490
506
521
535
535
547
585
589
620
641
687
708
721
721
726
727
727
737
746
747
747
747
747
763
763
763
763
763
763
764
764
764
764
764
764
764
764
778
793
805
831
838
858
881
920
943
952
975
980
992
999
1004
1014
1022
1026
1031
1037
1082
1085
1085
1085
1088
1098
1102
1121
1144
1152
1156
1157
1177
1229
1264
1281
1288
1379
1389
1416
1432
1434
1497
1504
1510
1513
1530
1592
1598
1744
1777
1785
1786
1841
1885
1895
1920
1921
1938
1961
1981
1982
2005
2015
2021
2021
2024
2033
2062
2109
2149
2157
2158
2177
2199
2224
2298
2298
2338
2348
2368
2381
2391
2435
2454
2498
2519
2525
2589
2625
2631
2633
2639
2728
2745
2754
2756
2757
2757
2763
2791
2826
2842
2857
2857
2857
2885
2951
2953
2954
2955
2975
2975
2985
2985
2986
2986
2986
2986
2986
2986
2986
2986
2986
2986
2986
2986
2989
2990
2990
2990
2991
2991
2991
2993
2993
2993
2993
2993
2993
2993
2993
2993
2993
2993
2993
2993
2993
2993
2993
2993
2993
2993
2993
2993
2993
2993
2993
2993
2993
2994
2994
2994
2994
2994
2994
2994
2994
2994
2994
2994
2994
2994
2994
2994
2994
2999
2999
2999
2999
2999
3000
3000
3000
3000
3000
3002
3006
3007
3007
3007
3007
3007
3007
3007
3007
3007
3007
3007
3007
3007
3007
3007
3007
3007
3007
3007
3007
3007
3007
3007
3007
3007
3007
3007
3007
3007
3007
3008
3008
3008
3008
3008
3008
3008
3011
3017
3017
3017
3017
3017
3017
3017
3017
3017
3017
3017
3017
3017
3017
3017
3017
3017
3017
3017
3017
3017
3018
3018
3018
3018
3018
3018
3018
3049
3049
3049
3049
3049
3050
3050
3050
3051
3055
3081
3089
3092
3115
3115
3118
3141
3141
3141
3141
3141
3141
3151
3151
3152
3235
3235
3235
3235
3254
3270
3273
3275
3277
3283
3327
3338
3343
3343
3360
3381
3431
3437
3438
3478
3486
3555
3598
3610
3630
3645
3654
3674
3700
3704
3714
3725
3729
3738
3738
3753
3754
3757
3773
3775
3788
3817
3852
3859
3859
3859
3860
3861
3897
3943
3994
3999
4022
4044
4044
4070
4070
4074
4085
4087
4089
4090
4170
4179
4204
4214
4233
4253
4269
4269
4269
4309
4339
4357
4482
4523
4526
4526
4560
4562
4571
4571
4578
4580
4589
4594
4594
4601
4614
4649
4677
4701
4703
4706
4708
4712
4765
4783
4858
4905
4908
4913
4917
4957
4965
4990
5002
5003
5023
5037
5062
5065
5065
5108
5109
5151
5155
5157
5166
5170
5177
5201
5201
5227
5231
5277
5294
5318
5351
5374
5374
5386
5397
5423
5445
5457
5488
5493
5503
5504
5520
5531
5550
5554
5568
5569
5605
5646
5879
6030
6030
6030
6031
6031
6031
6031
6031
6032
