4
4
6
7
10
11
14
17
18
19
19
19
19
21
21
22
22
24
25
27
29
29
30
30
31
31
33
36
38
38
38
38
38
41
42
44
44
44
45
45
47
47
47
47
51
51
52
52
52
56
56
57
57
57
57
57
57
57
57
58
62
63
69
70
71
71
72
74
81
83
85
90
96
96
99
104
104
106
106
106
106
106
106
109
109
109
109
109
109
109
109
110
110
110
110
110
110
110
110
110
113
114
115
123
126
127
129
129
129
129
130
130
130
131
131
132
136
137
143
148
163
172
173
176
177
214
232
235
236
242
247
269
293
315
317
331
359
363
363
363
385
448
452
454
558
558
566
567
570
588
607
610
613
613
620
628
640
645
649
663
749
749
943
946
1027
1031
1177
1217
1218
1290
1432
1459
1459
1466
1479
1482
1482
1484
1485
1491
1494
1499
1511
1512
1512
1512
1512
1512
1513
1513
1513
1513
1513
1513
1515
1516
1518
1521
1521
1528
1531
1533
1541
1559
1565
1573
1577
1579
1584
1598
1607
1610
1617
1624
1684
1855
1931
2045
2143
2144
2226
2246
2277
2282
2406
2442
2453
2464
2467
2476
2600
2601
2603
2611
2614
2622
2638
2640
2644
2657
2660
2667
2677
2686
2687
2695
2703
2708
2711
2930
2937
2940
2962
2982
2982
2982
2982
2982
2982
2982
2982
2982
2982
2982
2982
2982
2982
2982
2982
2982
2984
2984
2984
2984
3007
3007
3007
3007
3007
3007
3009
3009
3017
3018
3019
3019
3021
3024
3024
3024
3024
3024
3025
3029
3029
3029
3029
3029
3029
3029
3029
3033
3040
3043
3045
3061
3066
3108
3145
3255
3279
3295
3300
3308
3313
3380
3443
3457
3512
3535
3535
3554
3555
3555
3555
3555
3555
3555
3555
3555
3557
3557
3557
3558
3561
3631
3663
3663
3663
3663
3663
3663
3663
3663
3663
3664
3664
3664
3664
3664
3664
3664
3664
3664
3670
3670
3670
3670
3671
3671
3681
3811
3841
3841
3842
3842
3847
3850
3863
3863
3863
3863
3864
3864
3864
3864
3864
3864
3864
3864
3864
3864
3864
3864
3864
3864
3865
3865
3865
3865
3865
3865
3865
3866
3866
3866
3866
3867
3867
3869
3869
3869
3869
3869
3869
3870
4118
4125
4147
4157
4206
4249
4253
4387
4397
4406
4418
4487
4527
4527
4539
4549
4558
4593
4737
4737
4737
4737
4737
4737
4737
4738
4738
4738
4738
4738
4738
4738
4739
4739
4739
4739
4739
4739
4739
4739
4739
4739
4739
4740
4740
4740
4740
4741
4748
4748
4748
4748
4748
4749
4749
4750
4765
4809
4809
4809
4809
4809
4809
4809
4809
4810
4811
4827
4862
4865
4866
4868
4886
4896
4904
4906
4949
4949
4949
4954
5082
5088
5088
5088
5088
5088
5088
5088
5093
5094
5094
5094
5094
5094
5094
5094
5094
5094
5095
5095
5095
5095
5095
5095
5095
5095
5095
5095
5095
5096
5096
5103
5103
5103
5103
5104
5104
5104
5104
5104
5225
5241
5260
5268
5283
5283
5291
5352
5371
5409
5435
5436
5519
5567
5624
5626
5719
5744
5745
5836
5975
6200
6251
6263
6273
6307
6313
6365
6428
6458
6482
6494
6500
6505
6578
6581
6584
6586
6615
6621
6621
6644
6671
6685
6707
6727
6754
6755
6770
6775
6780
6788
6790
6846
6860
6870
6902
6933
6935
