3
4
6
8
8
13
13
16
18
18
19
19
21
21
22
22
22
23
23
23
23
24
24
26
26
26
26
26
26
27
32
33
33
34
37
37
39
40
43
45
46
48
49
50
50
51
52
52
54
55
56
57
59
60
61
61
61
63
66
66
67
68
68
70
71
77
77
77
78
79
80
82
82
83
86
87
87
87
90
92
92
92
93
95
96
97
97
99
100
100
104
105
105
105
105
107
107
108
108
108
108
108
108
108
108
109
109
109
109
109
109
109
109
110
110
111
113
113
113
113
114
114
114
115
115
115
116
116
116
118
122
122
123
126
128
132
132
133
134
137
138
140
167
179
193
224
278
333
335
345
346
411
430
436
437
447
454
458
459
465
467
475
476
481
491
508
514
528
529
531
535
554
570
571
577
577
578
581
585
591
592
592
599
644
645
647
648
648
664
664
666
670
670
673
674
677
692
698
698
701
703
705
719
719
722
723
725
734
738
738
742
757
760
761
762
763
765
769
770
770
771
771
771
771
771
771
771
771
771
773
774
774
775
779
779
779
784
786
787
803
803
804
810
811
814
815
818
818
821
821
821
821
828
828
828
828
828
828
828
832
835
837
845
849
854
856
860
861
863
874
876
876
877
885
885
885
886
886
888
889
896
898
898
900
915
915
916
917
918
925
928
928
928
928
928
930
930
930
930
931
931
931
932
933
933
933
933
933
933
933
933
934
935
935
935
935
935
935
935
935
935
935
935
935
935
936
936
936
936
936
936
941
942
945
945
945
946
947
948
948
951
957
958
958
960
961
966
975
976
976
981
981
981
981
981
981
981
981
981
982
982
982
982
982
982
982
983
983
983
983
983
983
983
983
983
983
983
983
983
983
983
983
983
983
983
983
983
983
983
983
983
983
983
983
983
983
983
983
983
983
983
984
984
984
984
984
984
984
984
985
985
985
987
989
989
990
990
990
990
990
990
990
990
990
990
990
990
990
990
990
990
990
990
990
990
990
990
990
990
990
994
994
994
994
994
994
994
994
994
994
995
1002
1003
1003
1004
1004
1004
1005
1005
1005
1005
1005
1005
1005
1005
1005
1005
1005
1005
1005
1005
1006
1009
1009
1012
1012
1012
1012
1015
1021
1021
1023
1028
1029
1032
1037
1046
1053
1059
1066
1077
1077
1079
1080
1084
1087
1094
1094
1094
1094
1095
1095
1103
1121
1122
1123
1125
1126
1126
1127
1129
1131
1131
1131
1131
1135
1135
1136
1140
1140
1142
1142
1148
1164
1170
1175
1175
1175
1177
1177
1177
1177
1177
1178
1189
1190
1190
1201
1216
1216
1231
1233
1246
1247
1250
1277
1284
1289
1317
1322
1337
1339
1344
1344
1344
1376
1393
1401
1404
1411
1414
1415
1421
1422
1501
1502
1503
1511
1522
1523
1574
1594
1599
1607
1648
1654
1661
1667
1668
1668
1668
1668
1668
1668
1668
1668
1669
