3
4
7
8
9
11
13
15
16
18
18
19
20
20
20
21
21
21
21
22
22
22
23
23
23
23
23
23
23
23
23
26
27
28
28
29
29
29
29
29
29
29
30
30
30
30
30
30
31
31
32
32
32
34
36
36
36
36
36
39
39
40
42
44
45
45
47
47
48
49
49
50
52
53
54
54
54
54
55
55
55
55
55
55
55
55
56
57
58
58
59
61
63
63
63
66
66
66
67
68
70
70
70
72
72
75
75
77
77
77
77
77
77
77
77
77
78
78
78
79
80
80
82
84
84
86
86
88
88
88
88
88
88
88
89
89
89
89
90
90
90
91
92
93
93
93
94
96
98
98
98
98
98
102
104
104
104
107
107
107
109
109
109
109
109
109
110
110
111
111
112
112
112
112
112
112
112
113
113
113
113
114
114
114
114
115
115
115
115
115
115
115
115
115
116
116
116
116
116
116
116
116
117
122
122
122
122
123
125
125
125
128
128
128
129
129
130
130
132
135
135
136
139
140
142
144
144
153
158
159
160
162
163
175
183
188
190
192
193
195
196
202
202
203
205
205
206
208
208
208
208
208
210
210
217
217
217
218
229
230
257
261
261
261
263
263
271
271
272
278
279
289
289
293
294
294
301
303
306
306
308
311
318
322
333
337
338
350
351
367
374
379
379
380
380
382
404
406
407
410
410
415
415
416
417
417
419
425
427
429
429
429
429
429
429
429
429
431
431
431
433
433
433
433
433
433
433
433
433
433
433
433
433
434
434
434
434
434
434
434
434
434
434
434
434
434
434
434
434
434
434
434
434
434
434
434
434
438
439
439
439
439
439
440
440
440
440
440
440
440
441
442
442
443
443
444
445
445
446
447
448
449
449
449
449
449
449
449
451
451
451
451
460
460
465
466
466
467
468
469
471
472
472
472
472
472
472
472
472
472
472
472
472
477
480
481
484
485
485
486
487
487
491
502
502
505
511
522
524
526
527
527
529
531
532
534
543
547
552
552
560
571
575
576
577
578
583
585
590
595
596
596
605
607
609
616
621
621
622
627
627
627
630
634
645
646
653
657
658
667
670
675
682
682
690
690
693
695
710
710
716
724
728
732
739
739
739
749
752
752
752
755
758
759
774
776
777
778
784
784
785
785
786
791
793
795
800
801
805
812
812
813
813
813
813
813
813
813
816
816
816
826
829
846
850
851
851
853
853
855
856
861
861
861
861
861
861
861
861
861
861
861
861
861
861
861
861
861
861
861
861
861
861
861
861
861
863
864
864
864
864
864
864
864
864
864
865
865
867
867
867
867
868
868
868
868
868
868
868
868
868
868
868
868
868
869
869
