6
6
6
7
7
8
11
13
13
16
17
19
20
22
22
23
23
23
23
24
25
25
25
26
26
26
26
27
27
28
28
28
28
29
29
29
29
30
30
32
32
32
32
32
32
32
33
33
34
35
35
35
35
35
35
35
36
36
36
37
37
37
38
39
39
40
41
41
41
42
42
43
43
43
44
45
46
47
48
49
50
52
52
52
53
53
54
54
55
55
56
56
57
58
59
62
62
62
64
65
70
70
70
70
71
73
73
76
78
80
80
80
81
81
81
82
82
82
82
82
82
82
82
82
82
82
82
82
82
82
82
82
82
83
83
83
83
84
85
86
86
88
88
88
88
88
88
88
88
88
88
88
88
88
88
88
88
88
88
88
88
88
88
88
88
88
89
89
89
89
89
89
89
89
89
89
89
89
89
90
90
90
91
92
92
92
92
92
92
93
93
94
94
95
95
95
95
97
97
97
97
97
98
98
98
100
100
101
102
102
103
103
105
107
109
109
109
109
112
113
113
113
114
114
114
114
114
115
115
116
116
116
118
118
119
119
119
120
121
121
122
123
125
125
127
128
128
129
134
137
137
139
140
149
158
168
221
239
243
262
318
323
327
329
330
331
331
331
334
337
337
342
344
346
352
357
364
366
393
395
396
410
413
437
437
437
437
438
438
438
439
442
465
485
504
510
510
517
519
522
529
543
544
548
548
551
577
588
598
617
622
626
630
632
645
645
645
646
661
671
673
680
681
690
690
695
696
702
707
707
709
729
743
750
750
750
750
750
750
750
750
750
750
750
750
750
751
751
751
751
753
753
753
754
754
754
770
770
770
771
771
771
771
771
772
786
800
812
815
819
820
824
829
829
830
847
849
852
864
864
864
864
864
864
864
864
864
864
864
864
865
865
865
865
865
865
865
865
865
865
865
865
865
871
874
878
893
897
917
922
923
925
925
926
926
926
929
938
950
951
953
953
978
978
985
994
995
1045
1050
1062
1066
1069
1075
1086
1088
1096
1112
1116
1123
1123
1132
1132
1138
1146
1152
1169
1173
1179
1189
1224
1226
1230
1253
1255
1255
1255
1255
1258
1259
1276
1281
1287
1288
1292
1294
1303
1309
1326
1327
1334
1369
1371
1379
1399
1399
1399
1399
1399
1399
1399
1400
1400
1400
1400
1400
1400
1400
1400
1400
1400
1400
1400
1400
1400
1401
1401
1405
1416
1417
1438
1438
1439
1439
1452
1475
1476
1476
1476
1476
1476
1477
1477
1477
1478
1478
1478
1497
1515
1532
1548
1548
1549
1552
1566
1566
1566
1567
1567
1567
1567
1567
1567
1567
1567
1567
1567
1567
1567
1567
1567
1567
1567
1567
1567
1567
1567
1567
1567
1567
1567
1567
1567
1567
1567
1567
1567
1567
1568
1568
1568
1568
1568
1568
1570
1573
1573
1573
1582
1585
1592
1595
1598
1604
1607
1612
1618
1618
1619
1620
1627
1646
1649
1649
1653
1678
