3
3
6
7
8
8
12
13
15
15
16
16
21
21
22
24
24
24
24
25
26
26
26
26
26
26
26
26
26
28
31
31
31
33
33
33
34
35
36
36
36
37
37
38
38
38
38
38
38
38
39
40
40
41
42
42
43
46
47
47
47
47
47
47
47
47
47
47
47
48
48
50
50
51
51
52
52
53
55
56
56
57
57
57
61
65
66
72
72
73
73
75
77
77
77
79
80
82
82
82
83
83
85
85
86
88
89
89
91
93
94
95
96
96
97
98
98
99
100
100
101
102
102
103
104
107
107
109
109
109
109
109
109
109
109
109
109
110
112
114
114
114
115
115
116
116
116
117
117
117
117
118
118
119
119
119
120
120
120
120
121
122
122
122
122
124
124
124
124
125
126
126
126
130
133
133
133
134
135
135
137
137
138
138
139
139
142
142
145
148
148
149
151
151
153
155
155
156
157
158
158
166
166
169
169
169
174
183
190
190
200
206
206
214
215
215
220
221
229
230
236
236
238
240
245
250
251
252
252
252
252
252
252
252
255
257
268
290
305
323
342
346
349
349
349
353
356
356
371
374
375
375
375
379
379
379
379
379
379
379
379
379
383
390
406
407
408
408
409
409
412
420
426
429
436
437
440
444
452
455
456
459
463
463
464
465
468
469
473
476
476
476
477
480
480
484
484
487
490
490
490
492
493
495
496
496
498
499
502
502
504
506
509
510
510
510
510
514
514
515
517
521
526
540
543
543
544
550
551
554
577
590
604
612
615
617
619
619
621
625
636
637
638
640
643
643
643
644
645
645
648
652
652
656
657
658
658
660
660
660
660
664
664
666
668
671
678
679
679
681
681
682
682
685
685
686
688
691
691
691
691
692
692
692
692
692
692
692
692
692
693
697
698
698
698
699
699
699
699
699
699
699
700
700
701
701
701
701
701
701
701
701
701
702
702
702
702
703
703
703
703
703
703
703
703
703
703
703
703
703
703
703
703
703
703
703
703
703
703
703
703
703
703
703
703
703
703
703
703
703
703
703
703
703
703
703
703
703
703
703
703
703
704
704
704
704
704
704
704
704
704
704
704
704
705
707
708
708
709
709
709
709
709
709
709
710
710
710
710
710
710
712
714
714
714
715
715
716
716
717
717
717
717
717
718
720
720
720
720
720
720
720
721
721
721
723
723
728
734
734
734
734
734
734
734
735
735
737
737
737
737
737
737
738
738
738
738
738
738
738
738
740
740
741
741
742
743
743
743
743
743
743
743
743
743
743
744
744
744
744
744
744
744
744
744
744
744
744
744
744
744
754
761
762
765
766
780
785
814
817
821
849
859
860
868
868
