3
4
8
8
10
10
11
11
15
19
20
21
21
21
21
21
21
21
21
21
21
25
26
26
26
28
28
28
28
28
33
34
37
38
40
40
40
40
41
42
44
44
45
45
46
46
46
46
46
46
48
48
49
51
51
51
51
51
51
51
51
52
52
54
54
55
56
58
61
64
65
66
66
66
68
69
72
72
72
72
72
73
74
75
75
76
78
81
82
82
84
84
84
84
85
86
87
88
90
90
94
97
99
102
102
102
106
107
107
113
114
116
117
118
120
121
122
122
122
122
124
125
125
125
126
127
127
127
127
128
128
128
128
128
128
128
129
129
129
130
130
134
139
141
141
141
146
146
146
151
168
172
185
192
195
196
199
205
215
217
218
221
224
224
227
228
228
228
228
228
228
236
254
264
267
269
271
275
276
281
282
293
293
293
294
294
294
294
294
294
294
294
294
295
295
295
296
296
296
298
299
300
301
301
302
302
302
302
303
305
306
310
315
328
341
358
358
359
359
359
359
360
360
360
360
360
363
363
363
363
363
363
364
364
364
364
366
366
367
367
367
367
367
386
395
411
438
441
464
464
476
487
492
495
502
514
520
526
528
537
546
551
553
558
563
567
580
593
595
598
601
602
604
613
619
619
620
635
637
643
648
654
662
676
676
679
682
690
714
719
723
723
724
724
724
724
724
724
725
725
733
740
743
753
754
759
759
770
770
777
784
785
785
785
792
792
801
802
816
816
817
827
833
834
837
840
845
853
853
853
857
861
861
861
861
866
872
873
875
876
876
876
876
876
876
876
876
876
876
876
876
876
876
876
877
880
902
913
913
915
924
933
945
954
957
961
968
969
970
979
980
1000
1000
1001
1010
1030
1031
1031
1031
1031
1031
1036
1036
1036
1036
1036
1037
1037
1037
1037
1037
1037
1037
1037
1037
1037
1037
1037
1037
1037
1037
1038
1038
1038
1038
1038
1041
1041
1046
1049
1053
1057
1067
1068
1070
1087
1089
1089
1090
1093
1101
1106
1106
1106
1106
1106
1106
1106
1106
1106
1109
1110
1110
1110
1115
1115
1115
1115
1115
1115
1115
1116
1116
1116
1116
1116
1116
1116
1116
1116
1116
1116
1116
1117
1117
1117
1117
1117
1117
1117
1125
1152
1175
1253
1253
1257
1258
1269
1270
1270
1270
1270
1270
1270
1270
1271
1273
1324
1325
1325
1325
1325
1347
1347
1347
1347
1347
1347
1347
1347
1347
1347
1348
1348
1348
1348
1348
1348
1348
1348
1348
1348
1348
1349
1349
1349
1350
1350
1352
1352
1352
1352
1353
1353
1376
1377
1404
1406
1423
1423
1432
1454
1474
1487
1489
1492
1493
1509
1513
1517
1533
1564
1609
1609
1634
1641
1650
1653
1662
1694
1735
1736
1759
1765
1772
1857
1866
1881
1901
1901
1903
1924
1971
1996
2022
2022
2040
2043
2043
2043
2051
2051
2052
2083
2102
2113
2156
2184
2189
2190
2194
2200
2239
2260
2302
2304
2318
2319
2324
2327
2342
2345
2348
2352
2359
