4
5
8
8
15
19
19
22
22
23
23
23
23
23
23
24
24
24
27
27
30
30
32
33
33
33
34
35
36
36
36
37
37
39
39
41
41
42
43
43
44
47
49
51
54
58
59
59
68
72
72
73
79
79
80
83
84
86
86
86
92
93
97
97
100
101
110
110
111
111
111
111
111
113
113
113
115
116
116
118
119
123
124
125
126
126
126
126
126
127
127
128
128
128
129
129
129
130
130
130
130
131
131
135
135
135
135
135
141
141
141
141
141
142
142
143
143
145
146
147
148
148
148
149
151
176
179
183
187
200
232
235
241
254
258
259
266
290
300
313
313
321
325
338
345
349
354
362
367
374
401
401
401
408
410
410
413
413
414
416
424
432
433
436
449
465
465
478
490
494
495
496
500
500
501
507
519
521
526
528
534
536
538
538
550
566
567
572
573
607
618
619
636
638
652
653
653
654
654
682
691
709
718
718
718
718
719
722
723
724
725
730
732
732
732
732
732
732
732
732
732
732
733
733
733
733
733
733
733
733
751
751
752
752
752
756
770
783
784
784
784
786
789
789
790
803
807
808
810
814
823
829
831
833
840
851
852
852
852
852
852
852
852
852
852
853
858
858
858
858
858
858
858
858
858
858
858
858
858
858
858
859
859
859
859
859
859
859
859
859
859
859
859
859
859
859
859
859
859
859
859
859
859
859
859
859
859
859
859
859
859
859
859
859
860
860
867
867
887
887
887
888
890
890
890
890
890
890
890
890
890
890
890
890
890
890
890
890
890
890
890
890
890
890
890
890
890
890
890
890
890
890
890
891
891
891
891
891
891
891
891
891
891
891
891
891
891
891
891
891
891
891
891
891
892
892
892
892
892
892
892
892
892
892
893
893
893
893
901
904
904
908
911
915
919
919
919
919
919
919
919
919
919
921
922
929
932
937
938
940
941
946
952
960
962
966
970
982
987
988
988
989
990
990
1002
1002
1002
1002
1002
1002
1003
1003
1003
1008
1009
1012
1013
1013
1013
1016
1017
1017
1018
1021
1028
1030
1032
1034
1039
1040
1040
1041
1043
1044
1047
1053
1053
1058
1059
1065
1065
1066
1070
1079
1081
1082
1086
1090
1091
1092
1092
1092
1092
1093
1093
1093
1093
1093
1093
1093
1093
1093
1093
1093
1101
1111
1113
1119
1119
1120
1126
1130
1130
1131
1133
1143
1145
1145
1147
1152
1152
1153
1154
1154
1156
1164
1168
1170
1174
1175
1176
1177
1201
1202
1207
1210
1210
1210
1214
1214
1217
1220
1222
1241
1245
1248
1249
1252
1292
1294
1301
1311
1322
1324
1326
1326
1327
1329
1329
1329
1329
1372
1480
1660
1682
1746
1790
1903
1905
1970
2094
2099
2153
2219
2325
2328
2367
2367
2367
2402
2413
2421
2427
2434
2441
2457
2493
2524
2534
2553
2563
2565
2565
2577
2579
2599
2609
2614
2637
2637
2657
2666
2670
2673
2681
2682
2682
2682
2682
