9
11
13
15
15
16
18
19
19
20
20
20
20
21
21
21
21
24
24
24
25
25
25
26
26
26
26
26
26
26
26
26
26
26
26
26
26
26
26
26
27
27
27
29
30
31
32
32
32
33
34
34
34
34
34
35
36
36
36
36
36
37
38
38
39
39
39
39
40
40
40
41
41
41
41
41
41
41
41
42
43
44
44
44
45
46
46
46
47
48
48
49
52
53
53
54
54
55
55
55
55
55
57
58
59
60
61
62
62
62
62
62
62
62
64
64
65
65
66
66
66
69
71
71
72
72
72
72
73
74
74
75
75
76
77
77
81
82
82
83
84
84
84
85
86
89
89
89
94
94
94
95
96
97
98
99
101
103
104
109
111
114
115
116
116
116
117
117
118
119
121
121
121
122
122
123
124
124
125
125
126
126
127
127
128
128
129
131
133
133
133
134
134
134
134
134
134
135
135
135
138
138
138
139
141
154
156
157
170
180
198
202
202
205
208
212
212
228
232
232
232
268
273
274
275
277
277
283
283
286
287
298
307
307
309
309
315
315
317
320
320
324
324
327
342
342
362
369
383
392
393
399
419
421
424
425
425
425
426
426
426
427
427
427
428
437
467
487
491
491
492
511
511
511
512
512
512
513
513
514
514
514
515
516
539
541
543
553
553
554
554
555
557
568
576
589
589
604
606
691
696
701
704
741
744
744
746
750
755
757
760
775
786
790
790
790
791
791
791
791
795
810
812
814
814
814
814
814
817
817
823
840
846
851
852
852
852
862
863
864
864
865
869
869
879
884
895
896
899
900
901
902
902
907
910
911
912
920
961
983
983
986
1002
1002
1004
1004
1007
1007
1018
1021
1021
1030
1030
1031
1032
1033
1033
1042
1044
1047
1048
1054
1068
1113
1116
1116
1116
1143
1148
1148
1148
1149
1154
1160
1165
1186
1186
1188
1190
1190
1190
1190
1191
1192
1197
1197
1205
1205
1205
1206
1248
1266
1268
1273
1284
1293
1294
1295
1307
1309
1316
1322
1326
1327
1329
1346
1347
1365
1376
1376
1376
1377
1378
1379
1379
1379
1379
1380
1381
1381
1382
1383
1387
1391
1394
1402
1403
1405
1417
1420
1421
1421
1421
1422
1422
1422
1423
1423
1423
1425
1428
1428
1432
1433
1433
1434
1435
1435
1435
1435
1435
1435
1438
1440
1440
1440
1440
1443
1444
1450
1455
1455
1455
1455
1456
1456
1463
1467
1480
1485
1492
1492
1502
1506
1524
1533
1536
1552
1553
1567
1567
1586
1594
1594
1631
1661
1661
1661
1666
1683
1686
1686
1691
1698
1715
1715
1722
1724
1776
1782
1782
1810
1819
1819
1820
1820
1820
1820
1822
1823
1824
1845
1845
1846
1846
1846
1846
1851
1851
1851
1851
1854
1854
1865
1865
1879
1882
1885
1895
1910
1918
1920
1921
1921
1943
1943
1943
1943
1943
1943
1943
1944
1944
1945
1945
1945
1949
1950
1950
1958
1969
1969
1970
1970
1970
1970
1993
1993
1995
2009
2071
2071
2071
2098
2099
2099
2099
2113
2114
2114
2114
2137
2163
2168
2229
2253
2263
2263
2266
2272
2273
2283
2303
2311
2313
2342
2342
2343
2348
2351
2371
2371
2399
2399
2399
2439
2444
2464
2464
2471
2472
