13
16
17
17
18
18
18
19
26
26
29
29
31
32
36
36
36
38
38
40
40
41
42
46
54
59
59
59
59
59
60
60
63
65
65
66
70
70
71
72
72
75
76
77
84
84
84
85
87
105
107
108
108
121
139
140
141
141
141
141
141
141
142
142
144
146
151
151
152
155
166
204
222
223
224
227
230
236
252
300
340
346
349
353
354
354
358
358
358
358
360
361
361
361
362
366
382
383
403
405
454
456
457
473
473
475
481
502
502
503
504
512
512
512
512
543
546
556
560
563
569
572
574
603
609
609
611
612
616
617
623
623
623
624
626
626
627
627
628
630
630
630
630
631
633
633
635
636
637
638
649
649
654
661
664
667
669
669
671
674
675
676
676
676
677
680
700
729
731
731
732
740
751
751
755
756
757
757
757
757
757
758
759
759
774
775
783
783
799
824
871
879
916
920
921
921
921
924
926
927
934
972
1022
1027
1027
1028
1033
1053
1067
1076
1091
1092
1093
1095
1101
1104
1116
1118
1172
1172
1219
1414
1414
1414
1415
1416
1416
1416
1428
1429
1432
1433
1434
1438
1445
1447
1447
1447
1451
1462
1487
1488
1505
1607
1613
1634
1652
1740
1740
1768
1787
1788
1809
1816
1825
1826
1830
1840
1841
1841
1906
1907
1926
1932
1934
1939
2046
2063
2064
2064
2123
2123
2137
2145
2249
2254
2274
2274
2275
2275
2316
2324
2333
2355
2358
2375
2479
2508
2509
2509
2509
2509
2509
2509
2509
2509
2514
2514
2514
2514
2515
2524
2525
2525
2527
2532
2536
2539
2543
2544
2570
2694
2695
2698
2699
2700
2702
2725
2735
2751
2775
2949
3087
3104
3116
3117
3118
3118
3135
3188
3188
3216
3216
3217
3217
3219
3221
3222
3222
3235
3236
3236
3262
3275
3283
3296
3299
3303
3367
3368
3369
3379
3408
3541
3551
3552
3556
3579
3619
3638
3742
3769
3770
3795
3798
3801
3806
3806
3806
3806
3807
3809
3810
3811
3814
3815
3820
3820
3824
3954
4057
4061
4065
4092
4100
4100
4102
4104
4106
4110
4112
4118
4165
4185
4185
4185
4185
4185
4193
4193
4194
4256
4262
4281
4282
4283
4283
4284
4285
4285
4300
4332
4332
4334
4334
4335
4335
4335
4336
4336
4336
4337
4337
4337
4337
4338
4338
4339
4339
4340
4341
4353
4356
4371
4372
4385
4391
4392
4392
4405
4407
4450
4452
4601
4601
4601
4607
4607
4607
4607
4652
4652
4652
4652
4653
4662
4681
4686
4687
4688
4689
4689
4693
4700
4700
4700
4700
4700
4700
4700
4700
4700
4700
4700
4700
4700
4700
4700
4700
4700
4700
4700
4700
4700
4714
4716
4718
4749
4777
4832
4839
4840
4861
4879
4880
4881
4905
4928
4930
4930
4932
4933
4938
4939
5011
5030
5038
5077
5201
5216
5232
5245
5246
5256
5257
5290
5432
5508
5536
5561
5562
5562
5562
5562
5562
5562
5562
5563
5563
5564
5571
5572
5585
5606
5621
5681
5711
5719
5734
5739
5745
5745
5745
5755
5769
5774
5777
5803
5803
5804
5804
5810
5810
5810
5810
5810
5810
5811
5811
5811
5811
5811
5811
5820
5821
5827
5828
5833
5837
5850
5851
5855
5855
5856
5856
5875
5891
5892
5892
5892
5892
5899
5914
5933
5940
5941
5960
5968
5971
6135
6136
6136
6138
6152
6160
6160
6197
6205
6212
6212
6228
6235
6272
6276
6276
6281
6298
6300
6305
6310
6310
6310
6310
6310
6310
6310
6310
6310
6341
6444
6444
6444
6444
6452
6452
6453
6453
6453
6454
6454
6454
6454
6454
6454
6456
6456
