16
19
19
20
29
32
33
33
33
33
34
36
36
36
36
39
46
53
55
57
57
63
71
85
87
105
109
113
118
126
146
146
155
156
156
156
157
157
158
158
158
158
165
173
173
173
173
230
286
314
348
349
353
389
402
445
457
468
470
480
480
481
490
491
499
502
502
509
510
516
519
526
529
530
543
543
544
550
585
585
585
585
585
593
597
624
628
637
639
639
640
640
640
643
643
644
702
709
711
711
711
714
717
722
727
729
732
733
734
734
734
735
740
740
740
741
741
773
775
776
780
789
789
794
797
805
818
826
830
830
845
855
855
869
922
934
990
1013
1061
1079
1121
1124
1138
1153
1154
1154
1169
1170
1180
1185
1186
1193
1320
1321
1323
1330
1333
1334
1334
1335
1335
1337
1353
1393
1410
1416
1418
1420
1420
1421
1423
1424
1424
1425
1429
1429
1429
1429
1430
1432
1435
1435
1440
1440
1441
1444
1444
1445
1453
1499
1507
1535
1559
1559
1564
1567
1602
1603
1603
1620
1620
1635
1635
1639
1644
1646
1650
1656
1656
1660
1684
1694
1697
1697
1698
1698
1698
1699
1699
1699
1699
1702
1712
1725
1785
1793
1810
1811
1811
1811
1813
1813
1856
1885
1938
1965
1996
2018
2033
2056
2142
2174
2179
2195
2195
2199
2229
2250
2251
2258
2312
2322
2327
2333
2344
2348
2358
2358
2358
2361
2361
2361
2361
2362
2362
2362
2362
2362
2362
2362
2363
2363
2440
2453
2454
2457
2457
2469
2472
2505
2512
2512
2513
2513
2513
2514
2514
2515
2515
2515
2515
2516
2529
2539
2540
2542
2545
2547
2547
2548
2554
2554
2556
2564
2566
2571
2571
2612
2618
2663
2698
2736
2737
2738
2740
2740
2749
2770
2774
2775
2776
2776
2778
2779
2801
2802
2802
2802
2802
2804
2810
2820
2824
2836
2842
2849
2849
2860
2867
2869
2870
2876
2885
2886
2889
2889
2892
2892
3010
3039
3095
3095
3134
3148
3152
3157
3158
3158
3158
3158
3161
3162
3162
3163
3163
3164
3164
3176
3206
3209
3240
3243
3247
3247
3248
3248
3250
3259
3260
3277
3296
3297
3298
3318
3321
3321
3326
3326
3326
3326
3326
3327
3340
3340
3340
3341
3341
3341
3341
3342
3343
3346
3349
3354
3403
3403
3414
3415
3416
3416
3424
3424
3425
3426
3427
3430
3431
3432
3435
3441
3471
3475
3494
3538
3556
3573
3576
3576
3579
3582
3623
3624
3624
3638
3639
3640
3640
3642
3646
3646
3646
3648
3648
3668
3672
3676
3694
3705
3798
3807
3807
3807
3807
3823
3873
3873
3874
3874
3875
3876
3877
3887
3903
3903
3927
3963
3977
3977
4003
4005
4006
4006
4036
4138
4138
4139
4145
4159
4198
4204
4216
4291
4297
4318
4336
4343
4344
4344
4344
4344
4358
4359
4359
4359
4360
4361
4480
4481
4484
4497
4528
4533
4533
4534
4535
4535
4536
4539
4558
4577
4590
4590
4590
4590
4590
4590
4590
4590
4590
4590
4590
4590
4590
4590
4590
4590
4590
4590
4590
4590
4590
4590
4590
4590
4590
4590
4590
4590
4591
4600
4614
4615
4615
4615
4626
4631
4631
4631
4631
4631
4631
4631
4631
4631
4631
4631
4631
4631
4631
4631
4631
4631
4631
4631
4631
4631
4631
4631
4631
4631
4631
4631
4631
4631
4631
4631
4631
4631
4631
4631
4631
4631
4631
4631
4631
4632
4641
4641
4641
4641
4641
4641
4653
4677
4677
4687
4688
4690
4701
4702
4713
4737
4808
4808
4826
4828
4832
4836
4860
4873
4927
4927
4958
4958
4958
4958
4958
4958
4958
4958
4958
4958
4958
4958
4958
4958
4958
4958
4958
4958
4958
4958
4958
4958
4958
4958
4958
4958
4958
4958
4958
4958
4958
4958
4958
4958
4977
4978
4978
4978
4979
4979
4979
4984
4984
4984
4984
4984
4984
5003
5007
5010
5030
5030
5030
5030
5030
5030
5030
5030
5030
5030
5030
5030
5030
5030
5030
5030
5030
5030
5030
5030
5030
5030
5030
5030
5030
5030
5030
5044
5055
5067
5068
5069
5069
5093
5093
5144
5149
5164
5170
5170
5170
5170
5174
5217
5221
5221
5221
5221
5221
5221
5223
5225
5225
5225
5242
5269
5282
5287
5287
5347
5493
5500
5520
5521
5521
5527
5527
5549
5549
5628
5628
5629
5629
5629
5699
5699
5704
5704
5705
5705
5707
5707
5708
5720
5720
5720
5720
5720
5721
5721
5721
