9
14
15
17
17
18
18
21
21
21
24
24
25
27
27
27
27
27
27
27
28
28
28
29
29
32
33
33
33
33
33
34
34
34
34
34
35
36
39
39
39
42
42
43
43
43
43
44
44
45
45
46
46
48
48
49
49
49
49
49
50
50
51
51
52
52
53
53
53
54
54
54
54
54
55
55
56
57
57
57
57
58
58
58
58
58
58
59
59
59
59
59
59
59
60
60
60
61
61
61
61
61
61
61
62
62
62
62
62
62
63
63
63
63
63
64
64
64
64
64
65
65
66
66
66
67
67
67
72
72
74
75
76
80
81
81
82
83
85
85
88
89
89
90
91
92
94
95
95
95
96
96
96
96
97
100
100
100
100
102
103
103
103
103
104
104
105
107
108
108
110
110
112
113
113
118
119
120
120
120
120
120
121
121
124
124
124
125
126
126
128
128
131
136
137
138
141
144
153
155
155
155
155
155
160
160
160
160
161
162
162
163
171
184
185
191
204
204
260
285
294
297
299
300
300
303
303
304
304
304
304
305
305
308
311
311
311
331
341
355
371
372
373
374
375
383
397
401
419
419
432
434
443
443
443
443
443
443
443
444
444
445
446
446
470
470
470
471
487
492
503
512
512
513
513
513
514
514
514
514
514
515
515
515
515
515
515
515
517
517
517
519
520
520
523
523
525
526
528
529
529
534
535
536
536
536
536
539
539
541
541
550
551
551
551
556
562
564
564
565
566
566
567
567
568
568
570
576
578
580
581
581
582
582
584
586
588
588
589
589
590
590
593
594
594
614
617
617
617
618
622
622
623
623
623
625
625
626
628
628
629
630
642
645
645
646
647
648
652
654
664
668
669
675
675
676
676
676
677
685
686
690
690
691
691
692
694
694
696
710
710
711
711
712
712
713
718
719
719
724
735
739
742
745
749
751
752
756
763
768
769
769
769
774
774
775
777
782
782
782
782
784
784
794
797
806
806
813
815
818
828
829
835
840
840
840
847
854
854
856
857
859
872
876
880
887
892
893
893
894
899
902
903
904
904
906
906
913
916
918
918
918
926
927
927
934
934
935
937
937
937
937
938
940
942
943
943
944
946
946
958
960
962
962
971
977
981
987
994
994
994
1001
1001
1001
1005
1009
1012
1012
1013
1013
1024
1026
1026
1026
1027
1057
1059
1059
1059
1059
1059
1059
1059
1059
1059
1059
1059
1059
1073
1094
1099
1100
1100
1101
1102
1102
1123
1144
1147
1147
1157
1158
1158
1158
1158
1158
1158
1158
1158
1158
1159
1159
1159
1159
1161
1161
1164
1164
1165
1165
1167
1170
1170
1171
1172
1175
1176
1177
1177
1177
1179
1180
1181
1183
1184
1188
1189
1190
1190
1190
1190
1191
1192
1193
1193
1194
1195
1197
1197
1198
1198
1201
1201
1202
1202
1206
1207
1207
1208
1210
1211
1212
1214
1218
1218
1218
1218
1219
1220
1223
1232
1241
1247
1264
1265
1273
1275
1282
1291
1311
1323
1329
1329
1329
1329
1329
1329
