9
11
11
12
14
18
19
19
21
21
22
22
22
22
22
22
22
23
24
27
27
27
28
29
31
31
31
31
32
33
34
34
34
35
35
35
35
36
36
36
37
37
37
37
37
38
38
38
38
38
38
39
39
39
40
40
40
40
40
40
41
42
42
42
42
44
44
44
44
45
46
47
48
50
50
51
51
51
52
52
52
52
53
53
53
54
55
55
55
55
55
55
56
56
56
57
57
57
57
57
58
59
59
61
62
62
62
63
63
63
66
66
66
66
66
66
66
67
67
67
67
67
67
67
67
67
68
70
71
71
71
74
75
76
76
76
76
76
77
77
79
79
79
81
81
82
82
82
82
82
83
83
83
83
83
84
84
86
86
87
87
90
90
90
91
91
92
93
94
94
94
96
97
97
98
98
99
99
100
102
103
103
104
104
104
104
104
106
107
108
108
108
108
108
109
110
111
111
113
113
116
116
117
117
117
117
118
118
118
119
120
121
126
128
129
129
129
129
129
130
134
134
134
139
141
142
144
145
145
156
156
156
169
169
174
179
192
192
216
219
227
227
231
233
238
238
261
269
270
290
296
303
308
311
311
314
333
337
344
344
344
344
344
344
344
345
345
345
345
345
345
345
346
346
347
351
352
354
362
363
367
368
369
374
374
382
382
383
384
384
385
394
395
401
406
408
408
408
410
411
411
413
413
417
417
418
419
419
424
428
428
435
438
446
449
450
451
451
451
459
460
467
472
473
485
488
490
490
492
497
502
509
513
514
516
517
519
519
520
520
521
521
521
521
522
522
522
522
522
526
534
535
536
541
542
547
548
549
550
551
557
559
559
561
576
585
586
590
599
601
607
610
613
642
643
645
655
655
656
656
659
659
660
663
663
664
664
666
670
673
680
683
683
684
693
701
702
709
709
709
709
710
710
710
710
710
710
710
710
710
712
712
712
713
713
714
714
714
714
714
714
714
714
714
714
714
715
715
715
715
715
715
716
716
716
716
718
718
723
724
725
725
725
727
727
728
732
736
737
737
737
737
741
741
742
749
752
756
756
756
757
757
757
764
765
766
766
766
767
772
772
774
775
777
777
778
778
780
780
780
780
780
780
781
781
781
781
781
781
781
781
781
783
783
783
784
785
785
785
786
786
787
790
791
791
791
791
791
791
794
795
795
795
799
800
802
803
807
807
808
808
809
810
814
817
819
820
831
832
832
833
834
835
836
836
836
836
837
838
841
841
843
843
845
847
850
852
853
853
854
854
856
860
862
862
863
863
863
863
863
863
864
865
867
868
869
870
871
871
871
873
878
879
880
882
882
883
883
883
883
883
883
884
884
885
886
897
897
897
902
902
902
904
907
912
917
918
925
930
930
931
932
940
941
941
945
945
945
948
951
951
955
956
960
960
960
960
962
964
966
970
972
975
983
983
983
983
984
985
985
985
987
987
987
987
987
987
987
987
989
991
992
