10
11
11
15
15
18
22
24
24
25
26
31
31
33
34
34
34
34
35
35
36
37
37
37
38
38
39
39
40
40
40
41
41
44
45
46
46
50
52
52
54
55
55
56
57
57
59
59
60
61
62
64
66
66
67
67
68
68
68
68
69
69
70
70
70
71
71
71
73
74
74
76
77
80
81
82
82
82
82
84
84
84
85
86
87
87
87
87
87
88
88
88
89
89
89
90
91
93
94
94
97
98
98
101
101
101
101
102
102
103
104
104
104
104
104
105
105
107
108
112
112
112
118
122
123
126
126
127
128
129
129
129
130
132
135
137
138
139
144
144
145
146
147
156
159
175
178
181
186
186
189
194
208
220
227
233
234
234
236
250
250
255
255
256
256
262
263
265
266
267
270
270
270
270
272
274
277
278
279
279
279
279
280
281
288
288
288
291
292
292
293
293
293
293
293
315
316
316
320
322
325
325
326
326
327
327
327
328
329
329
329
335
346
429
437
453
453
454
460
462
468
468
484
493
502
507
511
511
540
543
548
660
663
667
672
684
705
727
727
747
826
826
909
951
952
966
970
1329
1329
1330
1349
1529
1530
1543
1543
1544
1557
1565
1575
1586
1590
1593
1595
1596
1596
1597
1597
1597
1597
1597
1597
1597
1601
1601
1603
1603
1603
1604
1606
1608
1609
1610
1610
1612
1617
1624
1630
1633
1634
1634
1635
1637
1640
1642
1648
1649
1650
1650
1653
1655
1656
1656
1670
1671
1671
1673
1673
1674
1675
1675
1676
1677
1677
1677
1679
1717
1726
1726
1730
1738
1739
1741
1870
1876
1882
1883
1905
1906
1918
1918
1919
1920
1921
1940
1943
1943
1968
2000
2016
2017
2017
2134
2219
2244
2293
2448
2466
2466
2466
2466
2466
2467
2468
2476
2489
2490
2491
2491
2491
2496
2569
2569
2571
2589
2602
2611
2629
2642
2660
2668
2684
2689
2705
2705
2706
2707
2708
2708
2709
2710
2712
2720
2721
2723
2731
2732
2736
2738
2738
2739
2753
2756
2762
2763
2767
2797
2798
2820
2907
2916
2930
2933
2934
2935
2935
2935
2935
2935
2935
3090
3091
3092
3093
3094
3108
3184
3225
3245
3246
3262
3263
3271
3272
3310
3310
3315
3315
3315
3315
3315
3364
3384
3393
3540
3541
3558
4084
4113
4116
4117
4119
4121
4136
4136
4136
4137
4137
4137
4137
4138
4189
4280
4292
4342
4346
4348
4464
4465
4517
4517
4518
4519
4519
4572
4623
4658
4659
4659
4660
4664
4668
4668
4671
4671
4671
4671
4686
4701
4706
4725
4725
4726
4726
4727
4727
4728
4812
4843
4850
4852
4854
4894
4999
5003
5006
5018
5018
5026
5041
5041
5095
5100
5124
5126
5192
5219
5235
5324
5324
5324
5324
5328
5328
5328
5355
5420
5508
5811
5811
5814
5851
5851
6220
6222
6222
6257
6257
6258
6258
6322
6322
6322
6335
6335
6349
6377
6377
6380
6380
6380
6385
6388
6396
6416
6416
6416
6416
6416
6416
6416
6473
6485
6485
6486
6486
6486
6488
6488
6491
6492
6494
6494
6496
6496
6496
6500
6504
6543
6553
6563
6582
6582
6582
6582
6582
6582
6584
6584
6708
6713
6857
6981
7131
7132
7192
7198
7198
7241
7246
7361
7752
7823
7853
7853
7854
7854
7878
7917
7917
7917
7917
7917
7917
7917
7917
7917
7917
7917
7935
8056
8056
8070
8078
8078
8115
8115
8207
8207
8311
8311
8324
8324
8367
8368
8368
8368
8368
8368
8377
8380
8380
8380
8380
8381
8381
8427
