10
11
11
14
18
19
19
19
25
25
25
25
25
26
34
34
34
34
35
37
37
37
37
38
40
40
41
41
42
42
44
44
47
47
48
49
51
54
54
55
55
56
56
58
62
62
63
64
64
65
65
68
69
71
71
71
80
81
81
82
83
83
88
88
88
90
90
91
91
91
91
92
93
95
95
95
95
95
95
96
96
96
96
96
96
98
98
98
99
99
99
101
102
102
102
103
104
108
109
111
112
114
117
122
123
125
128
131
131
131
131
131
131
131
131
132
138
138
138
138
138
138
139
139
139
140
140
152
169
174
188
242
248
249
250
251
251
251
251
252
252
254
258
259
260
264
313
341
410
419
446
446
447
457
487
493
497
497
497
497
499
499
499
539
626
626
626
626
626
626
626
626
636
636
637
655
663
777
778
778
778
781
795
807
807
808
810
822
831
835
835
843
851
896
925
976
979
979
983
986
989
990
990
991
991
991
992
992
997
998
998
1000
1000
1000
1010
1010
1014
1038
1043
1065
1065
1065
1066
1079
1081
1093
1110
1132
1158
1158
1166
1196
1197
1199
1241
1241
1244
1244
1244
1244
1322
1345
1356
1360
1367
1375
1382
1383
1386
1387
1388
1395
1397
1399
1399
1400
1403
1403
1406
1406
1408
1410
1410
1410
1411
1417
1418
1421
1422
1422
1426
1427
1428
1433
1434
1443
1445
1446
1446
1447
1453
1455
1456
1457
1459
1468
1471
1472
1486
1486
1487
1536
1542
1542
1542
1542
1544
1544
1545
1545
1546
1547
1550
1561
1578
1584
1588
1588
1589
1590
1591
1592
1593
1597
1622
1622
1623
1624
1634
1634
1636
1636
1636
1636
1643
1679
1700
1705
1706
1725
1794
1813
1817
1817
1817
1819
1819
1822
1827
1832
1833
1834
1840
1840
1847
1861
1875
1898
1915
1941
1998
1998
2023
2024
2029
2041
2041
2042
2042
2042
2082
2101
2101
2106
2106
2106
2119
2119
2140
2141
2141
2143
2160
2160
2160
2160
2164
2166
2231
2238
2239
2242
2247
2247
2252
2272
2272
2273
2273
2282
2282
2295
2317
2331
2333
2336
2337
2337
2338
2340
2340
2343
2344
2344
2345
2345
2346
2346
2346
2347
2348
2354
2366
2370
2373
2388
2410
2410
2411
2412
2412
2415
2416
2418
2418
2419
2419
2421
2421
2430
2432
2434
2439
2439
2445
2460
2460
2463
2463
2466
2466
2466
2466
2466
2467
2469
2470
2474
2476
2480
2494
2500
2500
2500
2511
2511
2530
2530
2530
2534
2542
2544
2581
2584
2585
2585
2585
2585
2588
2619
2620
2624
2625
2626
2641
2655
2655
2659
2660
2661
2661
2663
2663
2663
2663
2664
2669
2669
2676
2677
2677
2677
2700
2727
2734
2734
2734
2734
2752
2754
2760
2761
2762
2762
2762
2778
2793
2795
2795
2795
2833
2833
2833
2853
2858
2893
2933
2942
3123
3138
3162
3172
3173
3173
3173
3191
3204
3204
3221
3226
3229
3235
3238
3238
3242
3243
3243
3243
3243
3243
3243
3243
3249
3250
3251
3251
3251
3251
3251
3251
3252
3252
3252
3252
3252
3253
3253
3254
3259
3262
3266
3295
3304
3304
3304
3304
3304
3304
3304
3304
3304
3304
3304
3304
3304
3304
3304
3304
3304
3304
3310
3311
3316
3317
3317
3317
3317
3321
3321
3321
3331
3337
3352
3361
3375
3375
3375
3385
3391
3392
3392
3393
3431
3442
3472
3509
3525
3525
3560
3575
3577
3577
3618
3623
3624
3625
3625
3644
3657
3657
3665
3684
3684
3716
3719
3725
3751
3781
3799
3799
3870
3882
3884
3884
3884
3884
3885
