10
11
19
20
23
26
27
27
29
33
33
33
33
33
40
40
42
50
51
51
51
51
52
52
53
53
53
53
53
54
54
54
55
55
57
57
57
58
59
60
61
61
61
61
61
62
64
70
71
71
73
74
75
76
79
80
82
84
86
87
92
95
99
100
103
107
112
112
113
115
117
117
118
120
121
122
125
125
126
126
127
128
129
133
139
139
141
142
142
143
149
153
153
153
153
153
153
153
153
165
165
165
166
167
247
285
299
331
389
390
402
451
506
514
526
530
589
609
702
703
723
878
980
983
985
986
986
989
1018
1043
1072
1074
1094
1109
1135
1147
1153
1159
1166
1314
1343
1360
1374
1376
1394
1400
1400
1401
1401
1405
1415
1416
1416
1416
1420
1421
1422
1422
1424
1424
1424
1425
1427
1427
1431
1449
1451
1453
1453
1454
1458
1459
1460
1461
1461
1471
1472
1473
1476
1484
1489
1527
1539
1539
1539
1544
1545
1545
1545
1546
1546
1547
1548
1549
1549
1549
1549
1549
1549
1549
1557
1558
1558
1559
1559
1559
1561
1584
1613
1618
1626
1626
1642
1677
1687
1820
1825
1842
1842
1844
1872
1887
1890
1893
2014
2022
2024
2026
2045
2071
2071
2075
2077
2121
2255
2290
2292
2294
2294
2299
2300
2310
2311
2326
2331
2334
2349
2352
2371
2373
2374
2374
2380
2384
2385
2385
2386
2386
2398
2400
2485
2487
2492
2516
2539
2540
2541
2542
2543
2547
2563
2564
2610
2611
2612
2627
2674
2692
2702
2749
2769
2877
3048
3058
3092
3115
3115
3116
3122
3122
3122
3123
3123
3123
3123
3132
3139
3142
3145
3145
3156
3160
3164
3188
3205
3245
3251
3277
3284
3284
3290
3294
3308
3308
3308
3310
3310
3343
3344
3344
3347
3348
3402
3412
3412
3413
3413
3416
3421
3422
3426
3426
3426
3435
3440
3440
3440
3440
3441
3445
3446
3448
3448
3448
3448
3448
3448
3448
3449
3449
3449
3450
3452
3452
3455
3455
3458
3458
3459
3464
3466
3466
3473
3474
3474
3474
3474
3477
3484
3484
3484
3485
3485
3485
3485
3485
3485
3487
3508
3509
3554
3556
3557
3557
3559
3578
3580
3581
3583
3583
3586
3586
3595
3602
3603
3616
3616
3616
3616
3617
3617
3618
3628
3633
3634
3635
3639
3640
3645
3645
3649
3652
3686
3710
3735
3745
3788
3803
3804
3805
3805
3807
3826
3838
3846
3859
3882
3942
3945
3971
3995
3997
3997
3998
3999
3999
4001
4016
4016
4017
4018
4018
4018
4019
4021
4022
4022
4032
4033
4034
4034
4045
4054
4063
4076
4078
4106
4121
4139
4141
4141
4141
4141
4143
4192
4198
4204
4206
4211
4218
4240
4288
4296
4302
4313
4316
4337
4338
4353
4355
4369
4370
4374
4374
4377
4390
4391
4394
4419
4420
4601
4604
4739
4740
4740
4741
4741
4741
4741
4741
4754
4755
4768
4770
4770
4772
4774
4777
4934
5021
5022
5031
5100
5100
5101
5101
5102
5102
5102
5102
5102
5167
5178
5188
5197
5221
5233
5233
5237
5249
5255
5255
5255
5256
5261
5278
5290
5292
5296
5330
5407
5457
5460
5463
5499
5499
5499
5500
5537
5565
5571
5598
5598
5598
5599
5599
5599
5599
5599
5600
5600
5600
5600
5600
5600
5601
5601
5606
5612
5616
5617
5620
5632
5633
5637
5657
5659
5674
5676
5683
5704
5707
5709
5722
5726
5726
5758
5839
5867
5874
5885
5885
5885
5885
5885
5885
5885
5885
5885
5886
5886
5994
6073
6076
