10
11
14
18
19
19
19
19
19
20
20
20
22
23
24
35
35
35
35
37
40
40
40
40
40
40
40
40
47
47
53
54
55
55
61
61
63
64
68
69
69
69
70
70
71
71
72
72
75
77
77
78
78
79
85
86
86
87
87
91
93
93
96
98
99
101
104
106
106
113
116
117
122
122
122
122
124
126
128
131
133
135
135
136
136
136
138
138
147
150
150
150
150
150
150
151
151
151
151
151
151
151
151
152
152
154
161
162
165
178
198
202
206
206
220
222
223
228
229
233
244
245
246
248
248
253
259
260
264
279
279
281
296
296
296
299
308
317
317
333
333
333
335
343
343
360
361
361
363
366
366
379
387
390
397
399
406
408
419
420
422
434
443
444
447
450
450
454
466
466
466
481
486
489
493
493
493
504
507
518
520
522
524
529
529
531
531
533
538
538
538
538
538
538
540
541
559
566
589
599
614
614
616
630
631
637
637
645
646
646
647
648
649
651
655
662
679
684
684
696
698
701
702
710
711
712
712
712
714
720
720
720
721
721
721
721
721
721
721
721
722
722
722
734
747
771
773
774
774
778
778
778
778
779
779
779
781
797
798
799
801
807
811
826
839
841
841
843
847
849
870
871
872
875
875
894
894
894
903
904
905
905
905
923
924
929
930
930
931
931
932
932
932
932
939
953
960
961
966
973
975
981
982
982
982
990
993
995
995
996
996
996
996
996
996
996
996
999
999
1003
1004
1004
1004
1004
1006
1006
1013
1015
1017
1018
1018
1019
1019
1020
1021
1021
1022
1022
1023
1027
1028
1030
1031
1032
1033
1035
1035
1037
1044
1045
1046
1046
1046
1047
1047
1048
1049
1051
1051
1052
1052
1053
1055
1059
1068
1070
1070
1070
1071
1071
1071
1072
1073
1073
1073
1073
1074
1074
1082
1083
1085
1086
1087
1088
1088
1088
1093
1103
1106
1106
1109
1110
1110
1110
1111
1111
1111
1111
1111
1111
1111
1111
1111
1112
1112
1113
1115
1116
1120
1121
1123
1124
1125
1125
1129
1131
1136
1138
1143
1151
1157
1158
1158
1158
1158
1170
1170
1176
1177
1184
1191
1192
1192
1192
1192
1192
1194
1195
1196
1204
1204
1204
1204
1209
1213
1214
1218
1218
1220
1220
1224
1224
1234
1242
1243
1250
1250
1263
1267
1268
1269
1282
1286
1287
1287
1289
1309
1312
1325
1333
1347
1347
1348
1348
1348
1348
1348
1348
1349
1349
1349
1349
1349
1349
1349
1349
1349
1349
1349
1349
1349
1349
1349
1349
1352
1357
1578
1585
1586
1589
1589
1591
1591
1591
1591
1613
1634
1644
1681
1706
1766
1898
1904
1992
2035
2090
2090
2091
2104
2105
2115
2121
2129
2131
2132
2164
2211
2261
2273
2278
2326
2327
2356
2356
2356
2357
2357
2357
2357
2365
2366
2366
2367
2390
2443
2445
2472
2478
2478
2478
2478
2480
2497
2547
2547
2550
2550
2569
2620
2629
2635
2637
2649
2649
2652
2652
2661
2666
2667
2667
2675
2688
2709
2733
2734
2735
2735
2744
2744
2744
2745
2761
2768
2778
2784
2784
2788
2788
2795
2796
2796
2798
2798
2799
2800
2800
2800
2801
2803
2803
2803
2817
2817
2818
2818
2818
2819
2819
2819
2819
2822
2822
2823
2823
2835
2835
2836
2842
2843
2846
2853
2863
2882
2886
2894
2925
2930
2931
2931
2931
2932
2932
2932
2932
2943
2952
2964
2967
2969
2974
2974
2974
2974
2983
2983
2983
2983
