9
10
10
15
16
19
19
23
23
24
24
24
24
24
25
25
25
25
25
25
26
27
27
28
29
30
30
30
30
31
32
32
32
33
35
36
37
37
37
38
38
38
38
38
39
39
39
39
40
40
40
40
40
40
40
41
41
41
41
41
42
42
42
42
43
44
44
44
45
45
46
46
46
46
46
48
48
48
48
48
48
49
49
49
49
49
49
49
50
50
50
50
51
51
52
52
52
52
53
53
54
54
54
54
54
54
54
58
58
58
58
58
58
58
59
59
59
59
60
60
60
60
60
61
61
61
62
63
63
63
65
65
66
69
69
70
71
72
73
73
74
74
75
75
76
76
78
78
78
79
79
80
81
81
82
82
83
83
83
83
83
83
83
83
85
85
86
89
90
90
90
93
93
93
96
99
101
101
101
104
104
105
109
110
110
110
111
113
114
114
114
117
118
120
123
125
125
128
128
129
133
133
143
149
157
164
193
208
226
228
236
245
250
288
310
310
312
323
348
367
370
370
371
371
371
371
371
389
394
426
436
445
449
454
457
457
463
463
463
463
464
464
464
464
464
464
464
470
474
476
488
488
489
490
493
493
493
494
494
494
495
495
495
495
495
496
496
496
496
496
496
496
496
496
499
511
519
533
534
534
540
540
543
543
546
546
548
549
551
551
551
553
561
567
568
570
572
572
573
574
582
583
584
584
599
600
606
609
609
609
609
610
610
610
610
611
611
612
612
613
613
614
615
616
617
618
618
619
619
625
627
628
629
630
631
631
632
633
634
636
638
639
643
645
648
651
653
655
655
656
656
657
667
669
677
678
680
681
684
685
687
688
691
692
694
694
694
694
695
695
695
695
696
696
699
700
701
702
704
706
706
711
711
712
714
714
714
717
724
724
728
729
732
732
734
735
736
737
737
738
741
742
743
751
754
754
760
761
763
763
769
773
773
780
781
781
781
782
782
782
783
784
784
784
785
790
791
811
820
821
822
835
836
839
848
852
852
855
856
856
863
883
887
890
891
894
895
904
905
906
908
909
909
909
910
918
928
928
933
935
935
935
945
945
945
945
954
968
970
974
975
975
979
979
982
984
984
985
985
986
986
986
986
986
986
987
988
988
988
988
989
989
1001
1004
1004
1004
1004
1004
1004
1004
1005
1005
1005
1005
1005
1005
1005
1005
1005
1005
1006
1007
1008
1009
1012
1013
1019
1020
1021
1021
1022
1026
1029
1031
1037
1040
1040
1040
1045
1051
1053
1053
1053
1059
1059
1060
1060
1060
1060
1061
1062
1062
1065
1066
1066
1067
1068
1069
1070
1070
1070
1070
1070
1070
1070
1070
1070
1070
1070
1070
1070
1070
1070
1071
1071
1071
1071
1071
1071
1071
1071
1071
1071
1071
1071
1071
1071
1071
1072
1072
1072
1072
1072
1072
1072
1072
1072
1072
1072
1073
1073
1073
1073
1073
1073
1073
1073
1073
1073
1073
1080
1081
1081
1081
1081
1081
1082
1082
1085
1085
1095
1095
1096
1096
1096
1100
1100
1102
1104
1106
1109
1109
1109
1110
1117
1118
1119
1120
1122
1122
1124
1124
1126
1127
1131
1136
1138
1145
1152
1155
1155
1157
1162
1173
1173
1173
1175
1175
1175
1176
1179
1179
1179
