15
15
18
18
19
19
20
20
20
21
21
21
21
21
21
21
21
21
22
22
22
23
24
24
25
25
25
25
25
26
26
26
26
26
26
26
30
30
30
30
30
30
30
32
33
33
35
35
38
39
40
42
42
42
42
42
43
44
44
44
44
44
45
45
45
45
46
47
48
48
49
49
49
50
50
51
51
51
51
51
52
53
53
53
53
53
53
55
55
56
57
58
59
59
60
62
62
62
63
63
64
64
64
66
66
68
68
68
69
71
72
73
75
75
75
76
77
77
77
80
82
82
84
84
84
85
86
86
88
88
89
90
90
90
90
91
92
92
92
92
95
95
95
95
96
97
101
105
107
108
108
109
110
115
116
117
117
118
118
128
129
131
131
132
136
137
137
138
144
146
151
151
156
170
170
170
170
173
176
176
176
176
176
176
177
177
177
179
179
179
181
182
182
182
182
183
196
204
205
205
206
206
206
206
207
210
235
236
245
246
248
250
250
258
266
266
267
272
278
279
279
279
279
279
279
279
288
295
310
310
311
317
318
319
320
321
334
334
342
418
459
467
467
475
476
482
482
482
487
487
488
494
494
528
529
533
534
535
535
535
535
536
536
536
538
538
539
542
551
580
580
581
581
581
581
582
583
584
585
585
585
587
588
589
592
592
593
594
599
603
603
608
616
617
621
627
630
634
644
644
646
656
658
659
665
665
666
679
692
692
692
693
694
694
695
695
695
695
695
696
696
696
697
697
700
704
704
706
706
712
712
715
715
716
717
718
718
718
719
719
719
719
720
720
720
721
723
725
728
728
731
734
743
743
743
745
747
749
752
752
757
759
761
762
763
773
777
779
780
781
782
783
784
785
786
789
791
792
794
797
797
797
798
801
801
801
802
802
802
802
802
803
803
809
809
809
809
809
809
810
810
810
811
811
812
812
812
813
815
816
819
822
822
823
823
826
827
829
830
831
831
832
832
832
833
835
840
840
841
841
841
841
843
844
848
850
868
870
876
876
876
879
883
891
891
893
893
895
896
898
898
898
898
899
899
899
899
900
907
907
907
907
908
908
908
908
909
910
910
910
911
913
916
917
918
918
918
918
918
919
919
920
921
921
922
923
923
923
923
924
924
924
925
926
926
927
927
928
930
931
938
939
942
946
949
950
950
951
952
953
953
955
958
965
971
971
971
971
974
976
982
982
982
982
982
985
985
985
985
985
991
995
999
999
999
999
999
999
999
999
1001
1001
1003
1003
1003
1004
1004
1004
1004
1005
1013
1014
1014
1014
1014
1016
1017
1018
1021
1022
1023
1024
1038
1041
1042
1055
1055
1058
1058
1061
1061
1061
1062
1062
1063
1067
1067
1067
1073
1074
1075
1076
1080
1080
1082
1082
1083
1085
1086
1087
1087
1087
1091
1093
1094
1095
1095
1095
1095
1096
1097
1100
1107
1110
1111
1111
1112
1115
1115
1115
1115
1115
1115
1115
1117
1122
1123
1129
1132
1132
1132
1134
1135
1135
1135
