8
11
13
14
15
15
15
15
15
15
16
19
19
20
20
20
20
21
21
21
21
22
23
24
24
24
24
25
25
25
25
25
25
25
25
26
26
26
27
27
27
27
27
28
28
28
28
29
29
29
29
29
30
30
30
32
35
35
35
35
35
36
36
36
38
38
39
39
40
40
40
40
40
40
40
40
40
40
41
41
41
41
42
43
43
44
44
45
46
46
47
47
48
48
49
50
50
51
51
52
52
52
52
53
53
53
54
54
54
56
56
57
57
58
59
60
61
61
62
62
62
62
62
62
62
62
63
63
65
66
67
68
69
69
71
71
72
72
72
73
73
74
75
75
75
75
76
76
77
78
78
81
81
82
82
83
84
85
86
86
86
87
87
87
87
89
92
95
97
98
99
99
99
99
99
99
99
99
99
100
101
102
102
103
104
105
107
112
113
113
113
118
119
122
122
124
124
125
125
125
125
128
129
130
130
131
141
143
145
148
151
151
153
155
156
161
161
165
166
168
174
174
175
178
181
181
181
181
181
181
181
182
186
186
190
198
198
199
202
202
219
226
226
239
246
268
270
274
276
278
278
280
280
286
291
291
291
292
292
292
295
301
304
304
306
307
308
324
326
333
334
336
336
336
340
340
340
341
341
343
343
344
345
346
346
347
348
349
349
350
353
354
356
357
364
364
364
364
365
365
365
366
367
368
369
373
374
378
378
378
378
378
380
381
382
384
384
384
389
390
391
398
403
407
407
428
453
479
479
481
484
486
486
487
487
487
487
487
489
491
501
507
508
509
510
511
511
511
511
513
513
515
519
519
520
529
534
540
550
553
557
562
562
564
580
582
591
598
608
618
618
619
625
630
632
633
635
639
639
640
641
641
641
641
641
642
642
642
643
643
643
645
655
657
657
659
662
682
682
683
683
684
684
690
694
697
698
707
710
711
711
713
717
719
719
722
722
722
723
723
723
723
726
727
729
733
735
736
737
738
741
741
741
741
742
744
747
747
747
760
761
762
762
762
763
764
765
765
765
765
765
767
770
770
772
776
776
776
776
778
778
778
778
779
781
781
787
787
806
809
811
811
830
842
843
856
856
857
858
858
864
864
864
864
864
864
864
864
864
864
866
866
866
866
866
866
867
868
868
868
868
868
868
869
869
873
883
883
883
890
892
892
900
900
901
901
901
902
902
903
903
903
904
904
908
912
913
913
913
913
916
917
918
919
920
921
921
921
924
924
924
924
925
925
929
935
936
936
937
943
943
946
946
946
946
946
946
946
946
954
954
955
955
957
958
960
961
962
963
963
963
964
967
967
968
968
969
971
982
983
984
991
994
994
996
1002
1002
1009
1009
1009
1009
1009
1009
1011
1028
1033
1033
1040
1049
1049
1055
1058
1067
1067
1069
1070
1079
1079
1079
1079
1079
1079
1079
1079
1079
1079
1079
1079
1079
1079
1079
1079
1079
1079
1079
1079
1079
1079
1079
1079
1079
1079
1079
1079
1079
1079
1079
1079
1079
1079
1079
1079
1079
1079
1079
1094
1095
1099
1102
1103
1104
1105
1109
1115
1115
1124
1124
1125
1129
1129
1130
1135
1137
1137
1140
1148
1148
1148
1148
1149
1149
1149
1154
1154
1154
1155
1156
1158
1158
1159
