12
14
15
17
18
19
19
22
22
23
25
26
27
27
27
27
27
28
28
30
30
30
31
31
31
31
31
31
32
33
34
34
41
41
41
42
43
45
46
46
47
48
48
48
49
49
50
50
53
53
55
55
56
57
57
59
61
61
61
63
67
67
68
68
68
68
68
68
71
71
71
71
72
73
74
74
74
74
74
74
75
75
75
75
76
76
76
76
76
76
77
77
77
77
77
78
78
78
78
78
78
79
80
80
80
81
81
81
81
81
81
81
81
82
83
84
84
84
84
85
85
85
85
86
87
87
87
87
87
88
88
88
89
90
90
91
92
92
92
93
94
97
98
99
100
100
100
100
100
100
101
102
102
103
103
103
104
104
105
105
106
106
108
108
108
109
109
110
110
111
112
113
114
114
116
116
116
116
117
117
117
119
122
122
124
124
125
125
134
136
137
144
145
146
147
149
150
153
155
157
157
158
162
169
171
174
195
222
228
235
236
251
303
349
351
354
360
361
364
364
369
370
377
377
381
381
382
383
383
384
384
384
385
386
386
387
387
389
393
417
430
436
438
441
443
454
454
461
467
470
474
475
475
483
489
504
505
506
510
510
512
513
514
516
523
523
526
528
528
533
533
533
534
534
534
534
535
535
535
535
536
546
550
554
555
555
557
557
558
558
558
559
562
562
567
578
581
590
595
597
599
603
611
613
628
632
632
634
635
638
639
639
650
651
652
655
659
659
659
664
664
664
664
664
665
665
665
665
665
666
667
667
668
668
668
669
669
669
669
669
670
682
701
706
708
709
734
737
739
750
751
751
752
753
753
753
754
754
754
756
756
756
756
760
761
762
762
763
769
770
775
776
776
778
783
785
786
787
788
788
788
788
795
796
798
798
798
798
800
800
800
801
801
801
802
802
803
803
804
806
809
810
810
811
818
819
821
822
822
822
822
822
822
822
822
823
823
823
823
823
826
826
826
826
827
827
827
827
827
829
829
835
836
838
845
847
847
847
847
848
857
857
859
861
862
863
865
870
870
878
883
884
885
889
893
896
897
898
898
899
902
905
907
908
914
916
916
917
918
919
919
919
921
923
924
929
931
934
935
939
942
943
947
947
947
947
948
948
949
952
955
957
960
962
963
964
964
965
966
966
967
968
969
970
970
970
972
975
978
980
983
983
983
983
984
984
984
988
998
1005
1006
1006
1008
1010
1010
1010
1010
1013
1014
1017
1017
1020
1034
1042
1043
1044
1045
1047
1052
1057
1058
1063
1066
1066
1067
1067
1069
1069
1069
1069
1069
1069
1074
1081
1081
1081
1082
1082
1082
1082
1082
1082
1083
1083
1087
1093
1093
1093
1095
1096
1096
1098
1098
1101
1105
1105
1105
1105
1105
1105
1105
1108
1108
1109
1109
1109
1109
1117
1117
1129
1129
1129
1130
1130
1130
1130
1130
1130
1130
1130
1130
1130
1130
1130
1138
1142
1142
1142
1142
1142
1142
1142
1146
1146
1146
1146
1146
1146
1146
1153
1162
1162
1162
1162
1162
1162
1162
1165
1165
1165
1165
1165
1165
1166
1166
1166
1166
1167
1167
1167
1167
1167
1167
1167
1170
1172
1172
1178
1178
1178
1190
1190
1190
1190
1190
1190
1190
1190
1191
1191
1191
1191
1191
1191
1191
1194
1194
1194
1195
1195
