10
11
11
13
18
21
24
25
25
25
26
26
27
28
28
28
30
30
32
33
33
34
34
34
34
35
35
36
37
37
37
37
37
38
38
38
38
40
40
40
41
41
42
42
42
42
42
42
42
43
43
43
43
45
48
49
51
52
53
54
56
56
57
58
60
60
60
60
62
62
63
64
65
65
67
70
70
71
71
71
71
72
72
73
74
74
74
74
75
76
77
80
80
80
80
81
82
82
82
82
82
83
83
83
83
83
85
88
90
91
91
92
92
92
93
93
93
94
95
96
96
97
97
97
98
98
99
100
102
103
103
103
103
103
105
106
107
111
112
112
113
115
116
117
117
117
117
117
117
117
119
119
119
120
120
121
123
124
125
126
127
129
130
132
133
134
135
135
136
142
144
144
145
146
147
148
152
153
154
158
159
159
160
164
167
168
192
218
233
234
250
255
261
269
271
274
274
274
275
275
277
279
283
285
289
291
303
319
319
319
319
319
322
326
326
352
355
355
355
355
360
370
370
370
370
370
373
374
391
395
396
409
417
421
421
421
421
428
436
437
438
438
451
452
458
458
459
463
469
469
475
477
478
479
480
481
481
481
482
482
483
483
483
483
483
483
484
485
485
485
485
485
485
485
486
486
493
494
494
495
495
496
496
498
498
499
499
500
500
501
501
501
503
508
511
513
517
517
518
524
528
529
530
533
533
533
533
534
535
539
544
548
548
548
549
549
549
549
550
550
569
570
587
591
594
595
595
595
595
595
598
603
605
611
611
613
614
614
615
616
622
626
639
647
665
674
678
678
681
681
682
684
684
684
684
684
693
693
693
693
693
717
721
724
724
724
725
725
729
729
735
738
739
739
747
752
762
762
763
763
764
764
771
771
793
793
793
793
793
793
793
794
794
794
794
795
796
796
797
798
798
801
801
802
802
813
815
815
816
817
818
824
827
827
828
830
833
837
837
842
843
845
846
849
850
850
850
850
851
851
851
851
852
852
853
855
857
867
867
871
873
875
877
878
879
879
880
880
883
890
892
895
912
924
928
930
938
956
961
963
974
974
979
983
991
1002
1008
1008
1008
1012
1013
1018
1018
1023
1028
1030
1044
1044
1044
1044
1044
1046
1084
1088
1091
1091
1091
1091
1091
1091
1094
1094
1094
1094
1094
1098
1099
1099
1099
1101
1119
1128
1137
1138
1139
1139
1139
1140
1140
1140
1140
1141
1143
1144
1145
1145
1145
1146
1149
1151
1157
1157
1157
1159
1159
1159
1159
1159
1160
1160
1160
1160
1160
1160
1160
1160
1160
1160
1161
1161
1161
1161
1161
1161
1162
1162
1162
1162
1162
1162
1162
1162
1162
1162
1162
1162
1162
1162
1162
1162
1184
1184
1184
1192
1196
1204
1204
1204
1204
1204
1204
1204
1204
1204
1204
1204
1204
1204
1204
1204
1204
1204
1204
1204
1204
1204
1204
1204
1204
1204
1213
1214
1219
1219
1219
1219
1219
1220
1221
1221
1221
1221
1221
1222
1222
1222
1222
1222
1228
1228
1229
1235
1246
1249
1254
1256
1256
1256
1256
1256
1256
1257
1260
1263
1264
1264
1264
1264
1266
1266
1266
1275
1275
1275
1275
1275
1276
1276
1276
1276
1277
1277
1281
1282
1282
1284
1284
1284
1284
1284
1284
1289
1290
1291
1291
1296
1297
1299
1299
1306
1306
1306
1306
1306
1306
1306
1306
1306
1306
1310
1310
1322
1326
1328
1351
1351
1352
1355
1355
1355
1355
1355
1355
1356
1357
1361
1361
1363
1363
1363
1363
1363
1384
1405
1413
1414
1554
1554
1555
1556
1556
1556
1556
1556
1563
1563
1563
1563
1563
1566
1567
1567
1567
1567
1568
