13
14
15
18
18
18
18
18
18
25
26
29
30
30
32
33
33
33
43
44
47
49
50
51
51
58
62
62
67
75
78
78
79
81
82
83
85
87
88
88
88
90
102
103
103
103
104
104
105
106
110
110
110
114
116
118
121
124
128
129
133
137
151
152
171
195
199
200
200
200
201
201
201
201
229
296
429
429
429
429
429
439
440
500
545
552
568
601
612
633
649
665
675
686
1196
1198
1343
1364
1370
1371
1414
1419
1426
1431
1440
1443
1444
1445
1445
1448
1448
1449
1453
1455
1455
1455
1455
1455
1456
1456
1456
1456
1457
1457
1458
1462
1464
1466
1466
1467
1470
1470
1472
1473
1481
1483
1484
1485
1489
1489
1489
1489
1491
1493
1511
1511
1520
1524
1528
1530
1531
1531
1531
1531
1532
1532
1533
1533
1533
1534
1534
1534
1534
1534
1534
1535
1536
1537
1537
1537
1538
1538
1539
1539
1539
1540
1544
1554
1555
1575
1583
1585
1602
1604
1620
1689
1727
1727
1743
1767
1772
1941
1945
1945
1949
2234
2585
2585
2589
2589
2591
2591
2597
2597
2597
2626
2892
2903
2924
3052
3084
3145
3176
3181
3266
3427
3600
3603
3604
3604
3607
3608
3622
3648
3732
3734
3734
3739
3790
3794
3796
3818
3823
3928
3936
4234
4236
4237
4369
4374
4377
4398
4469
4552
4559
4569
4577
4617
4623
4641
4643
4654
4666
4727
4729
5344
5610
5610
5642
5642
5646
5652
5688
5691
5691
5692
5692
5693
5701
5711
5749
5761
5786
5840
5842
5850
5882
6057
6057
6059
6059
6059
6061
6166
6194
6196
6241
6266
6337
6339
6344
6344
6344
6344
6356
6362
6366
6366
6366
6366
6366
6366
6366
6366
6366
6367
6367
6367
6367
6367
6367
6368
6368
6374
6377
6381
6381
6382
6382
6382
6387
6446
6459
6461
6463
6464
6468
6472
6472
6473
6473
6473
6473
6491
6491
6493
6494
6494
6494
6495
6495
6496
6498
6499
6500
6500
6500
6501
6501
6508
6526
6553
6553
6557
6557
6558
6559
6564
6578
6578
6579
6579
6579
6580
6583
6588
6588
6588
6592
6592
6592
6593
6609
6680
6685
6686
6708
6725
6739
6751
6751
6751
6751
6752
6752
6752
6752
6754
6759
6759
6773
6775
6775
6775
6802
6834
6853
6853
6865
6877
6877
6877
6878
6879
6882
6883
6885
6890
6898
6904
6909
6909
7124
7124
7174
7181
7187
7199
7207
7281
7281
7314
7357
7357
7370
7372
7397
7413
7437
7439
7439
7451
7614
7614
7614
7614
7651
7651
7691
7691
7691
7692
7692
7692
7693
7693
7694
7695
7696
7697
7703
7703
7705
7706
7707
7708
7708
7708
7708
7709
7709
7709
7709
7711
7711
7711
7758
7797
7810
7810
7812
7817
7818
7818
7818
7818
7819
7820
7835
7835
7835
7835
7887
7896
7961
7961
7961
7971
7972
7982
7982
7982
7982
7983
7983
7983
7986
8011
8011
8021
8022
8026
8037
8084
8115
8123
8149
8175
8193
8199
8201
8207
8208
8216
8216
8216
8228
8234
8236
8244
8287
8287
8287
8308
8320
8335
8356
8361
8374
8385
8389
8390
8391
8401
8412
8414
8437
8441
8444
8449
8510
8514
8535
8546
8561
8562
8562
8562
8566
8566
8567
8567
8571
8571
8572
8572
8573
8573
8604
8604
8608
8616
8628
8628
8628
8628
8630
8644
8706
8706
8714
8718
8729
8775
8802
8860
8869
8870
8870
8870
8876
8889
8899
8902
8916
8930
8931
8937
8938
8970
9001
9001
9174
9221
9345
9607
9979
10034
10220
11194
11194
11635
11659
11660
11782
11782
11782
11800
11800
11800
11851
11932
11932
11938
11938
11938
11938
11939
11939
11939
11939
12037
12037
12037
12046
12046
12445
12445
12445
12448
12448
12448
12448
12448
12448
12448
12448
12448
12448
12448
12448
12448
12448
12449
12449
12449
12449
12449
12449
12449
12449
12449
12449
12449
12450
12450
12450
12450
12450
12450
12450
12450
12450
12450
12450
12450
