10
10
17
18
18
20
27
29
30
30
31
33
33
33
34
35
35
35
35
40
42
42
45
45
45
45
46
46
46
46
46
46
46
46
47
51
51
52
52
52
52
53
54
54
55
55
55
57
58
59
59
63
65
65
65
66
66
66
68
69
70
71
71
71
71
71
71
71
72
73
77
77
78
79
80
84
84
84
85
85
85
85
87
87
89
90
91
93
93
95
95
96
96
98
103
105
106
106
106
108
110
111
111
111
111
112
113
113
118
120
120
121
121
121
121
124
127
127
128
128
128
129
132
133
135
135
136
136
136
137
137
140
140
146
146
146
148
148
148
148
149
153
154
172
172
173
176
181
185
190
193
196
209
222
310
321
325
326
336
348
348
348
348
348
349
350
351
351
351
352
352
355
355
355
355
355
357
357
363
363
364
364
364
364
365
365
371
377
385
385
385
385
385
391
392
394
395
400
401
404
406
407
411
422
424
428
428
432
433
437
437
455
491
522
563
584
586
586
589
592
593
599
602
630
666
666
713
717
718
718
719
719
727
762
762
766
796
796
797
804
804
811
812
817
828
846
854
855
856
858
863
864
864
871
872
874
875
875
886
892
894
894
897
898
898
907
910
912
925
926
956
981
982
982
985
997
999
1006
1006
1020
1023
1036
1036
1036
1036
1041
1048
1050
1068
1113
1117
1121
1122
1122
1127
1129
1129
1130
1131
1133
1133
1133
1133
1135
1137
1142
1171
1180
1180
1180
1187
1195
1199
1201
1209
1213
1219
1224
1224
1228
1231
1231
1238
1238
1255
1266
1266
1289
1305
1340
1361
1493
1494
1500
1526
1528
1528
1529
1529
1531
1532
1535
1541
1543
1545
1545
1546
1547
1547
1548
1549
1549
1568
1570
1574
1575
1575
1575
1575
1575
1580
1580
1580
1581
1581
1581
1581
1581
1606
1609
1609
1609
1609
1609
1609
1609
1609
1609
1609
1609
1609
1609
1609
1609
1609
1609
1609
1609
1609
1609
1609
1609
1609
1609
1609
1614
1615
1615
1615
1615
1615
1615
1615
1615
1615
1615
1615
1615
1615
1615
1616
1616
1616
1616
1616
1616
1616
1616
1616
1616
1616
1616
1616
1616
1616
1616
1616
1616
1616
1616
1616
1616
1616
1616
1616
1616
1616
1616
1619
1619
1619
1622
1623
1627
1629
1629
1629
1630
1631
1634
1634
1646
1657
1670
1673
1680
1686
1691
1698
1698
1707
1707
1708
1716
1717
1726
1726
1730
1730
1731
1739
1739
1739
1740
1747
1756
1756
1757
1758
1758
1759
1761
1762
1763
1765
1772
1772
1774
1776
1779
1781
1783
1783
1785
1788
1788
1789
1791
1794
1798
1799
1799
1808
1808
1808
1813
1814
1816
1816
1820
1823
1824
1825
1834
1846
1849
1900
1901
1906
1910
1910
1910
1911
1917
1923
1927
1933
1934
1934
1938
1939
1939
1947
1947
1953
1953
1953
1953
1953
1953
1953
1953
1953
1953
1953
1953
1953
1953
1955
1977
1983
1983
1987
1993
1997
2005
2005
2010
2013
2013
2025
2026
2027
2028
2028
2036
2047
2052
2061
2065
2065
2067
2067
2069
2083
2098
2103
2106
2106
2106
2107
2110
2111
2111
2118
2118
2118
2118
2122
2122
2122
2122
2133
2134
2135
2138
2139
2140
2140
2140
2140
2140
2140
2143
2147
2149
2149
2154
2170
2171
2172
2180
2180
2180
2180
2180
2180
2180
2180
2180
2180
2180
2180
2180
2180
2180
2180
2180
2180
2180
2180
2180
2180
2180
2180
2180
2180
2180
2180
2180
2180
2180
2180
2180
2180
2180
2180
2180
2180
2180
2180
2180
2180
2180
2180
2180
2180
2180
2180
2180
2180
2180
2180
2180
2180
2180
2180
2180
2180
2180
2180
2180
2180
2180
2180
2180
2180
2180
2180
2182
2182
2182
2182
2182
2182
2182
2182
2182
2182
2182
2182
2182
2182
2182
2182
2182
2182
2182
2182
2182
2182
2182
2182
2182
2182
2182
2182
2182
2182
2182
2182
2182
2182
2185
2193
2193
2194
2201
2205
2206
2211
2216
2221
2224
2229
2233
2238
2243
2244
2244
2245
2257
2266
2276
2286
2288
2298
2298
2299
2299
2312
2312
2314
2314
2314
2314
2314
2322
2325
2326
2326
2326
2326
2326
2366
2375
2381
2381
2382
2400
2416
2440
2443
2446
2463
2466
2467
2467
2467
2467
2467
2467
2467
2467
2467
2467
2467
2467
2467
2467
2470
2470
2470
2470
2470
2470
2470
2470
2470
2470
2470
2470
2470
2470
2484
2484
2484
2484
2484
2484
2484
2484
2484
2484
2484
2484
2484
2484
2484
2484
2484
2485
2485
2485
2485
2485
2485
2486
