9
9
13
14
20
23
27
27
27
28
28
29
30
31
32
32
32
33
35
40
41
41
41
43
44
47
47
48
48
48
49
49
49
49
50
50
50
50
50
51
51
51
51
52
52
52
52
52
52
53
53
56
59
61
68
68
69
70
73
73
75
75
75
76
76
79
80
83
85
87
87
88
89
92
93
93
93
93
94
94
94
98
99
100
101
104
108
110
111
112
112
119
119
121
121
122
122
122
123
123
124
124
124
124
125
125
126
127
128
129
129
130
130
132
132
132
132
132
132
133
133
133
133
133
133
133
134
134
134
134
134
134
134
135
136
136
137
137
139
140
143
144
145
145
145
146
146
146
147
147
147
151
151
152
153
154
154
154
155
159
160
161
161
161
161
162
162
166
166
167
167
168
169
172
174
174
175
176
176
186
186
188
196
199
200
200
201
201
203
216
217
217
218
228
229
230
231
235
235
237
237
237
237
237
238
241
242
242
242
242
243
243
243
243
244
249
249
253
255
256
258
260
261
267
269
274
277
286
287
297
301
305
320
322
326
333
334
334
338
342
347
347
350
359
359
366
366
367
368
371
371
371
371
372
373
374
375
379
380
381
382
382
383
386
386
387
387
394
395
398
398
402
404
409
409
419
422
423
426
440
440
442
443
444
445
456
458
464
464
464
464
464
464
464
464
464
464
464
464
465
473
473
474
478
478
483
483
483
484
484
484
484
485
485
488
491
504
508
515
515
519
519
520
520
520
520
522
523
524
524
524
524
524
525
525
525
525
526
526
527
528
531
532
534
535
535
535
536
536
538
538
539
539
539
541
541
541
542
542
543
545
545
545
546
552
558
560
564
567
567
567
567
567
569
569
569
570
570
571
572
573
573
573
583
584
585
587
587
600
600
603
603
603
607
610
610
611
624
627
628
631
646
648
658
663
670
679
697
697
698
698
698
700
700
703
713
715
725
730
735
735
752
753
767
767
771
774
786
786
786
796
796
798
799
803
808
811
811
812
816
838
838
839
839
842
842
843
854
858
862
878
890
916
917
917
918
918
920
926
937
938
944
944
946
946
946
951
951
965
968
980
984
984
986
988
991
995
1002
1002
1006
1007
1007
1008
1016
1016
1017
1017
1017
1020
1021
1021
1023
1023
1025
1025
1027
1034
1035
1036
1036
1042
1042
1043
1043
1046
1064
1073
1074
1087
1092
1094
1095
1096
1108
1108
1115
1115
1115
1122
1129
1129
1129
1133
1133
1133
1136
1144
1145
1145
1145
1145
1148
1159
1162
1162
1164
1164
1164
1164
1165
1165
1165
1166
1166
1166
1167
1167
1167
1167
1167
1167
1170
1173
1175
1207
1235
1266
1266
1266
1266
1273
1274
1284
1312
1315
1315
1318
1323
1323
1326
1336
1350
1350
1359
1375
1380
1381
1387
1387
1396
1397
1400
1400
1400
1404
1404
1404
1404
1408
1432
1433
1440
1462
1477
1478
1500
1520
1520
1564
1564
1565
1595
1636
1638
1642
1642
1648
1651
1675
1678
1678
1679
1686
1719
1726
1728
1728
1730
1735
1735
1735
1756
1774
1781
1781
1787
1808
1827
1835
1845
1845
1846
