8
9
14
16
20
21
24
25
31
31
31
31
31
31
32
32
35
35
35
36
36
36
36
36
36
36
37
37
37
38
42
42
45
45
45
45
45
46
50
51
52
54
58
59
60
62
63
64
64
64
65
66
67
70
71
71
72
72
72
72
72
72
72
73
73
75
77
79
86
87
88
88
88
88
89
89
90
90
90
90
91
91
91
93
93
93
96
100
100
103
103
103
104
105
105
105
105
107
107
110
116
117
117
117
118
119
120
122
123
123
128
129
135
138
146
147
147
155
161
161
161
161
168
168
169
171
176
184
186
188
197
202
209
209
210
211
211
211
211
211
212
212
212
215
215
215
215
216
219
232
233
247
252
252
252
252
253
255
256
273
274
275
292
293
294
294
294
295
295
308
308
309
325
329
330
331
332
333
334
335
335
336
337
337
338
365
366
381
381
435
459
503
504
522
525
526
530
540
540
541
541
556
562
564
565
566
567
593
605
612
632
633
638
643
643
644
645
646
648
650
650
650
651
664
666
666
681
686
686
690
691
691
691
691
694
694
696
696
698
698
699
699
699
700
700
700
700
707
723
723
772
781
785
803
803
803
806
841
912
913
913
914
938
944
949
953
978
998
1002
1004
1004
1004
1017
1020
1023
1058
1064
1066
1067
1070
1079
1082
1087
1090
1105
1105
1105
1132
1134
1159
1170
1172
1182
1182
1186
1186
1187
1187
1189
1189
1190
1190
1193
1193
1194
1200
1201
1201
1201
1203
1203
1206
1207
1208
1210
1211
1211
1212
1212
1213
1214
1234
1250
1250
1250
1252
1253
1253
1259
1260
1262
1276
1280
1281
1282
1286
1288
1290
1294
1301
1325
1328
1365
1366
1366
1371
1381
1382
1410
1410
1417
1425
1426
1428
1428
1429
1429
1430
1430
1430
1430
1430
1430
1430
1434
1437
1437
1438
1439
1439
1441
1442
1443
1445
1445
1445
1448
1448
1450
1451
1451
1452
1454
1455
1455
1459
1464
1471
1472
1474
1474
1475
1475
1475
1475
1475
1476
1477
1489
1519
1519
1526
1526
1527
1528
1529
1529
1529
1529
1529
1529
1529
1529
1529
1529
1530
1530
1530
1530
1530
1530
1531
1535
1536
1545
1545
1546
1546
1546
1551
1551
1552
1552
1553
1563
1568
1587
1587
1587
1588
1588
1589
1599
1599
1602
1608
1609
1610
1612
1620
1639
1642
1685
1692
1692
1781
1799
1809
1875
1880
1882
1895
1945
1945
1996
1996
2043
2043
2048
2090
2147
2180
2181
2181
2186
2250
2250
2252
2261
2270
2270
2297
2307
2315
2331
2331
2332
2388
2395
2438
2449
2452
2522
2531
2548
2549
2549
2553
2553
2553
2553
2559
2562
2564
2570
2570
2571
2571
2576
2579
2587
2589
2596
2606
2628
2628
2631
2643
2649
2655
2656
2656
2656
2658
2662
2664
2664
2671
2671
2681
2687
2687
2687
2688
2690
2692
2693
2694
2700
2701
2707
2726
2743
2743
2743
2743
2747
2748
2748
2749
2752
2752
2752
2753
2772
2772
2791
2791
2823
2823
2839
2843
2843
2848
2848
2848
2857
2862
2863
2864
2866
2866
2866
2866
2872
2873
2915
2951
2968
2971
2983
2983
2991
3001
3018
3039
3039
3039
3068
3071
3088
3101
3101
3106
3106
3146
3158
3177
3182
3196
3196
3196
3214
3215
3215
3216
3245
3245
3245
3248
3266
3266
3281
3281
3296
3296
3296
3300
3300
3300
3305
3305
3305
3312
3312
3312
3320
3321
3322
3331
3335
3336
3337
3338
3338
3353
3355
3357
3365
