8
9
10
10
11
12
13
13
13
15
17
19
19
19
20
20
20
20
20
20
20
20
20
20
21
21
21
21
21
21
21
21
22
23
23
25
25
25
25
25
25
25
25
25
26
26
26
26
26
27
30
31
33
35
36
36
36
37
37
38
39
39
40
40
41
41
42
42
44
45
45
45
45
45
45
46
46
46
46
46
47
47
48
48
49
49
49
49
49
50
50
54
59
59
59
59
59
59
61
61
64
64
67
67
67
67
68
69
80
82
89
89
90
92
94
97
102
102
103
103
103
103
104
104
106
107
108
109
109
109
109
109
110
110
110
112
115
117
117
118
118
118
119
120
120
120
120
121
121
122
123
123
123
124
124
124
125
125
126
126
126
127
127
127
128
128
129
129
131
131
133
134
135
135
136
136
136
139
140
142
143
145
146
147
147
147
147
147
147
147
148
149
150
153
153
154
154
154
155
155
155
155
156
156
156
156
156
157
157
157
157
157
157
157
158
158
158
158
160
160
160
160
160
161
161
162
163
163
163
164
166
168
168
170
171
171
171
171
172
172
178
179
179
180
180
180
180
180
183
186
186
187
187
187
187
189
189
189
189
195
208
211
211
219
230
237
239
239
241
249
253
257
258
262
265
266
266
268
276
277
286
287
288
289
290
297
298
298
299
302
302
305
306
306
306
306
308
308
311
311
312
312
315
318
319
319
320
320
323
324
325
326
327
328
329
331
331
331
332
333
333
333
333
335
337
337
339
341
344
344
346
348
348
350
350
351
351
352
352
352
352
352
352
353
353
354
354
354
354
354
355
355
356
357
361
362
364
365
368
368
372
374
374
374
374
374
374
374
386
388
391
394
432
442
442
442
442
443
444
444
444
445
445
447
449
455
455
457
463
465
473
479
481
481
481
487
487
487
488
488
489
492
497
498
498
499
500
501
504
505
506
507
507
507
507
507
509
510
518
518
522
525
527
532
532
536
536
536
539
541
542
542
544
544
544
545
550
551
553
554
556
557
558
562
562
563
563
563
564
568
568
571
573
573
578
579
579
580
580
584
585
587
587
593
593
598
598
598
604
609
614
629
629
630
630
630
630
631
634
636
636
639
639
639
639
646
646
646
647
647
647
647
650
664
677
678
684
685
685
685
687
687
687
687
687
688
688
688
688
688
690
694
695
700
701
701
702
702
703
710
712
715
727
734
734
748
767
767
767
767
767
767
767
767
767
767
768
768
768
768
768
770
770
772
772
772
772
772
775
786
786
786
786
795
800
800
803
805
819
837
842
842
843
844
844
844
844
844
844
845
857
857
857
858
863
863
863
871
871
871
889
897
897
897
897
897
903
906
917
919
919
919
921
921
922
923
923
924
924
924
924
926
928
929
929
929
929
930
930
930
930
930
931
933
936
938
939
939
942
942
942
943
946
950
950
951
952
954
957
958
971
996
997
997
999
1002
1003
1008
1014
1015
1016
1016
1018
1031
1032
1034
1034
1034
1034
1035
1035
1035
1038
1038
1038
1039
1042
1043
1046
1047
1047
1047
1054
1054
1055
1055
1056
1056
1056
1056
1056
