7
13
13
17
17
20
20
20
20
21
22
22
23
23
24
24
24
24
24
25
25
26
27
29
31
31
31
32
33
33
34
36
36
37
38
39
39
39
40
40
41
42
44
45
46
46
46
47
47
47
47
47
47
48
48
48
48
48
48
49
49
49
49
49
50
51
51
52
52
53
53
53
53
54
54
54
55
55
55
56
56
56
56
56
56
56
57
57
57
59
59
59
59
59
59
60
60
60
60
61
61
61
61
61
61
61
61
65
66
66
67
68
71
72
74
74
74
75
77
77
79
79
80
80
81
81
82
82
82
83
83
83
83
84
87
87
87
88
88
88
88
88
90
92
92
93
96
99
102
104
104
104
106
106
108
108
112
113
114
114
114
114
115
117
118
121
121
122
124
128
131
139
139
152
152
156
157
159
159
160
169
174
174
182
200
201
206
206
209
210
210
211
214
215
215
215
216
219
220
235
235
242
258
262
264
265
275
276
278
279
281
285
285
287
294
297
309
315
320
328
334
335
335
339
340
341
345
345
346
346
346
346
347
347
347
348
350
351
353
356
356
357
359
363
363
364
364
365
365
369
370
374
374
376
377
377
378
387
389
394
399
400
411
411
411
414
414
420
424
425
428
429
429
429
430
430
431
432
436
436
437
440
442
443
445
445
446
446
446
447
448
449
450
452
453
454
458
460
460
468
473
473
479
485
492
494
497
498
507
515
518
525
525
526
532
532
534
537
537
538
540
543
546
546
548
561
561
563
564
564
565
565
565
565
568
568
568
569
573
577
582
584
585
585
586
594
595
601
603
604
607
609
609
610
610
610
614
614
616
617
617
620
621
621
627
631
631
631
631
631
632
632
633
642
647
648
649
650
650
650
652
652
653
653
653
654
656
657
657
658
658
663
663
663
664
665
665
666
667
670
670
671
674
681
686
687
687
688
689
689
690
690
690
690
691
691
691
694
694
694
694
697
697
697
698
699
704
708
709
709
710
711
712
713
713
713
715
715
715
715
715
715
722
731
732
733
734
735
735
736
736
736
736
737
738
738
739
745
746
747
754
754
754
758
758
758
760
760
760
760
760
760
760
760
763
763
763
763
763
766
766
767
767
768
768
768
768
769
778
782
782
782
783
785
788
789
792
792
792
795
795
795
797
798
799
799
799
799
799
799
799
800
800
802
802
804
804
804
804
804
804
805
805
806
806
807
808
808
809
811
811
812
812
815
816
816
816
818
820
825
828
828
828
830
834
834
835
837
839
839
839
839
839
840
840
840
848
848
848
849
849
849
849
849
849
857
877
877
892
892
892
908
913
913
914
914
929
929
955
955
955
959
959
959
959
959
961
961
961
961
962
962
962
962
969
970
982
982
982
987
987
987
988
988
988
989
989
989
990
991
993
993
994
1002
1002
1004
1023
1030
1030
1032
1040
1044
1064
1066
1067
1091
1095
1097
1097
1097
1099
1100
1113
1113
1117
1117
1117
1121
1122
1122
1122
1130
1130
1146
1146
1153
1153
1153
1153
1153
1153
1153
1153
1153
1153
1153
1153
