10
13
14
15
17
19
28
28
28
29
30
31
31
31
37
38
39
39
39
40
41
41
42
43
43
44
44
44
46
46
46
48
48
50
52
53
53
53
53
53
54
54
55
56
58
62
62
63
64
66
66
66
69
69
70
71
71
72
72
72
73
77
77
77
78
78
78
78
79
79
79
80
80
80
80
80
81
83
83
83
83
83
83
84
84
84
85
85
86
86
87
90
91
95
99
100
101
105
105
105
105
105
106
106
106
106
107
107
107
107
107
109
114
118
118
124
133
134
134
135
135
139
140
141
144
147
148
148
149
151
151
152
154
156
158
161
170
178
179
179
180
196
198
201
207
211
216
219
225
226
227
241
242
244
244
244
244
245
253
253
255
255
255
256
256
256
269
272
283
292
299
299
300
304
311
311
312
314
320
321
321
321
321
321
321
326
328
328
334
335
338
339
342
343
349
349
349
350
350
350
350
354
355
360
360
361
361
361
366
368
372
377
378
385
386
387
388
390
395
409
411
416
416
417
422
425
426
428
430
434
436
451
456
457
462
464
471
472
474
481
489
493
493
493
494
494
494
494
494
494
494
500
500
505
505
508
509
509
519
524
535
541
543
556
558
562
563
563
564
573
576
577
578
578
579
579
582
593
602
604
605
632
638
638
646
649
651
657
668
668
673
674
674
676
677
678
680
680
681
681
682
682
683
683
684
684
684
686
686
686
686
687
687
687
687
687
687
687
688
692
692
693
693
693
702
702
702
702
702
724
725
725
725
730
733
733
734
734
734
734
739
746
747
749
754
757
757
757
758
758
760
761
762
762
762
763
763
763
763
764
771
771
778
778
778
780
784
784
785
786
786
796
798
798
807
811
812
816
835
846
864
864
864
864
864
865
865
865
865
866
867
868
876
876
879
881
885
895
895
897
902
908
913
932
941
942
945
956
961
969
977
982
982
983
983
983
996
996
997
997
999
999
1007
1020
1020
1022
1022
1024
1024
1024
1025
1076
1076
1083
1087
1088
1088
1092
1093
1096
1098
1098
1099
1099
1101
1103
1103
1119
1120
1136
1147
1163
1165
1165
1165
1165
1167
1172
1192
1201
1201
1206
1207
1217
1228
1235
1235
1236
1243
1243
1244
1244
1244
1247
1247
1248
1254
1269
1273
1282
1284
1285
1287
1287
1287
1287
1287
1287
1295
1310
1314
1327
1330
1333
1333
1343
1345
1347
1358
1362
1369
1383
1384
1385
1385
1385
1390
1397
1404
1404
1408
1408
1410
1436
1441
1464
1501
1566
1575
1583
1586
1592
1598
1602
1629
1633
1637
1637
1638
1640
1641
1648
1648
1649
1649
1658
1660
1660
1660
1665
1665
1665
1672
1679
1682
1703
1708
1718
1729
1729
1729
1731
1734
1736
1736
1747
1749
1750
1752
1755
1755
1760
1762
1766
1766
1767
1793
1796
1796
1809
1809
1809
1812
1815
1817
1817
1817
1817
1817
1817
1818
1820
1820
1832
1836
1838
1849
1852
1852
1852
1852
1854
1856
1856
1856
1867
1872
1881
1883
1890
1899
1903
1906
1906
1906
1910
1910
1911
1935
1951
1965
1997
1999
2007
