14
16
18
19
19
20
20
21
22
22
23
23
24
24
26
28
29
30
30
31
31
31
31
32
32
34
34
34
36
36
37
37
37
38
42
44
45
53
56
58
62
62
68
69
75
77
82
82
83
83
90
90
92
92
93
93
93
93
93
93
93
94
94
94
97
97
97
97
97
97
97
97
98
98
98
98
98
98
98
98
101
104
108
110
111
111
111
112
112
113
113
115
116
116
117
117
117
117
117
118
118
118
118
118
118
120
121
123
124
125
125
130
132
133
134
137
140
140
154
157
160
161
165
165
166
166
166
166
166
170
171
174
175
177
183
184
186
208
226
243
244
249
269
274
282
287
301
301
345
353
363
364
364
364
366
367
369
377
388
389
395
403
419
425
428
437
439
440
441
441
444
444
452
453
463
465
470
470
471
471
471
471
471
471
471
472
475
477
479
513
551
557
586
600
600
608
608
616
620
625
629
631
661
671
678
679
719
719
720
725
735
735
736
736
736
759
759
759
760
760
763
763
763
772
780
780
782
797
805
805
806
806
813
813
813
813
813
822
823
834
834
848
853
860
866
870
871
871
871
872
872
872
873
874
874
875
876
877
878
881
888
888
890
890
891
894
896
897
897
904
911
916
917
923
925
945
947
961
966
1034
1060
1113
1117
1122
1153
1158
1163
1189
1234
1242
1268
1308
1317
1317
1318
1318
1318
1319
1321
1322
1322
1342
1343
1344
1344
1344
1346
1346
1384
1385
1387
1388
1389
1390
1390
1391
1392
1416
1417
1417
1423
1435
1435
1487
1489
1492
1516
1526
1530
1530
1534
1536
1538
1541
1541
1541
1543
1544
1544
1544
1544
1545
1546
1549
1553
1564
1564
1566
1566
1567
1567
1567
1569
1570
1570
1576
1584
1587
1588
1589
1590
1592
1598
1601
1602
1604
1605
1606
1608
1609
1620
1621
1624
1626
1628
1628
1636
1637
1641
1643
1652
1653
1653
1654
1655
1666
1668
1676
1678
1678
1678
1679
1680
1680
1680
1681
1681
1681
1681
1681
1681
1682
1685
1685
1685
1695
1701
1720
1721
1721
1731
1764
1767
1778
1778
1783
1784
1798
1802
1809
1819
1836
1844
1853
1867
1871
1880
1882
1896
1909
1909
1909
1912
1927
1938
2014
2015
2090
2092
2097
2129
2148
2179
2231
2420
2420
2434
2450
2452
2452
2463
2463
2464
2465
2486
2486
2486
2486
2489
2490
2510
2510
2519
2519
2529
2538
2539
2543
2544
2544
2544
2544
2546
2547
2548
2627
2634
2637
2637
2673
2810
2811
2820
2842
2868
2890
2903
2903
2904
2904
2905
2906
2906
2916
3004
3075
3080
3115
3134
3168
3211
3217
3244
3244
3253
3258
3267
3275
3282
3282
3296
3298
3298
3298
3301
3346
3346
3354
3354
3359
3359
3371
3375
3422
3436
3437
3443
3469
3486
3507
3530
3530
3531
3544
3544
3545
3560
3565
3570
3570
3571
3571
3573
3573
3573
3573
3574
3574
3574
3575
3575
3581
3582
3584
3585
3586
3586
3586
3586
3602
3628
3641
3641
3641
3649
3660
3660
3663
3668
3669
3676
3688
3688
3704
3708
3708
3711
3738
3739
3749
3749
3751
3751
3751
3757
3757
3757
3757
3757
3757
3758
3758
3764
3764
3764
3808
3855
3871
3871
3871
3871
3876
3910
3947
3947
3984
4015
4031
4031
4031
4031
4032
4032
4032
4034
4034
4039
4039
4039
4039
