9
13
14
14
15
15
16
16
18
21
24
31
31
31
32
33
34
34
35
35
35
35
35
35
35
35
35
35
35
35
36
38
39
39
39
40
40
40
42
44
49
53
55
56
61
61
62
62
63
63
64
64
64
64
64
64
64
64
66
66
67
67
69
70
71
76
77
77
77
77
78
78
80
81
81
83
84
84
84
84
84
85
87
90
91
92
92
92
93
93
93
94
95
95
96
96
96
97
97
98
100
105
106
106
106
108
108
108
108
108
108
108
108
110
110
112
114
114
114
114
118
124
125
125
127
128
131
132
132
132
133
133
135
135
136
137
140
142
145
148
149
150
151
151
151
151
152
152
152
153
157
157
157
157
158
158
163
163
163
163
163
163
163
163
165
166
172
173
178
183
189
200
201
203
204
204
205
205
208
210
210
210
211
211
212
212
212
217
217
220
221
222
223
223
224
224
227
229
229
231
232
235
236
236
238
242
246
251
255
262
262
279
280
283
284
293
297
313
316
321
321
322
322
322
322
322
322
323
323
323
323
323
323
329
329
343
369
370
372
374
374
378
393
399
401
402
408
421
424
424
431
431
454
465
474
476
477
479
481
481
481
484
485
485
491
493
501
504
529
547
549
551
553
559
560
565
565
566
570
571
571
597
597
601
604
604
604
605
607
607
607
607
608
608
608
608
608
608
608
609
609
609
609
609
609
609
612
614
615
615
615
616
619
620
622
623
624
626
631
632
632
633
634
634
638
639
646
646
652
653
653
654
654
654
654
657
659
659
664
668
668
669
672
672
672
672
672
673
674
676
677
682
682
683
690
701
703
712
713
728
733
735
736
736
736
736
740
742
743
745
745
757
759
762
777
786
798
798
798
799
809
810
813
814
814
822
826
831
832
834
835
835
837
838
839
839
839
841
850
862
864
875
875
898
899
903
907
908
909
910
911
912
916
918
919
923
923
923
925
927
927
929
929
930
930
930
930
930
958
964
964
987
987
987
987
987
989
992
994
1008
1010
1014
1015
1015
1015
1017
1017
1017
1017
1018
1018
1018
1019
1019
1019
1020
1022
1023
1032
1033
1035
1038
1039
1040
1041
1044
1048
1048
1063
1068
1068
1071
1076
1095
1100
1102
1107
1107
1120
1120
1120
1121
1127
1132
1132
1151
1153
1153
1153
1153
1153
1153
1155
1156
1160
1162
1162
1162
1167
1167
1168
1168
1184
1238
1252
1254
1256
1257
1257
1258
1258
1263
1263
1268
1268
1273
1274
1278
1286
1315
1315
1321
1321
1321
1321
1331
1331
1334
1337
1346
1367
1367
1367
1367
1367
1367
1369
1370
1370
1386
1387
1387
1389
1391
1411
1412
1414
1417
1424
1457
1457
1472
1489
1490
1505
1506
1509
1509
1509
1521
1521
1522
1522
1522
1546
1551
1551
1580
1582
1582
1606
1610
1615
1630
1722
1774
1774
1800
1806
1808
1808
1809
1826
1841
1846
1860
1885
1914
1940
1940
1940
1940
1940
1945
1948
1948
1948
1963
1986
1989
2020
2020
2027
2030
2040
2040
2040
2040
2040
2040
2040
2040
2040
2040
2040
2040
2046
2057
2068
2068
2068
2068
2068
2068
2068
2068
2068
2068
2068
2068
2068
2068
2071
2073
2073
2073
2086
2086
2139
2139
2139
2139
2139
2139
2139
2139
2139
2139
2144
2164
2165
2175
2175
2175
2188
2197
2205
2205
2223
2228
2232
2247
2250
2263
2263
2263
2263
2288
2297
