11
16
24
24
24
24
25
26
27
28
28
30
30
30
30
30
31
43
44
44
48
49
50
52
54
54
54
55
55
55
55
56
56
56
56
57
68
83
87
100
103
116
144
157
184
185
198
211
229
233
234
234
234
234
234
234
234
237
238
239
242
243
243
244
246
257
372
375
396
398
419
420
430
436
465
494
525
541
545
562
564
565
571
574
578
583
669
672
689
693
701
701
701
702
710
720
720
744
744
753
765
808
809
812
836
841
846
929
1068
1090
1091
1179
1199
1228
1245
1249
1269
1317
1321
1321
1321
1323
1329
1344
1346
1367
1371
1376
1377
1405
1405
1405
1434
1440
1440
1441
1441
1445
1457
1468
1477
1478
1478
1478
1481
1488
1538
1539
1540
1546
1546
1548
1548
1548
1548
1548
1550
1553
1567
1575
1580
1596
1599
1600
1601
1601
1602
1602
1603
1604
1604
1605
1623
1629
1641
1684
1690
1763
1840
1850
1867
1905
1907
1908
2048
2053
2081
2082
2086
2089
2091
2105
2105
2109
2114
2115
2115
2136
2138
2141
2144
2144
2172
2181
2181
2193
2194
2225
2227
2229
2240
2261
2370
2370
2390
2433
2467
2475
2475
2475
2476
2476
2476
2476
2478
2478
2478
2479
2479
2485
2486
2487
2487
2488
2488
2488
2489
2489
2489
2489
2489
2506
2506
2506
2508
2511
2511
2518
2552
2560
2560
2652
2667
2698
2737
2740
2771
2776
2778
2782
2782
2783
2783
2790
2797
2814
3047
3054
3065
3071
3071
3072
3136
3139
3171
3172
3189
3189
3191
3194
3214
3247
3248
3252
3253
3282
3312
3313
3313
3316
3316
3316
3316
3317
3317
3317
3318
3331
3332
3348
3351
3362
3364
3373
3376
3388
3391
3392
3392
3392
3392
3392
3392
3392
3392
3392
3392
3392
3396
3397
3407
3411
3416
3418
3418
3421
3422
3427
3431
3432
3435
3438
3468
3474
3498
3564
3565
3568
3587
3592
3597
3597
3603
3604
3620
3620
3624
3624
3624
3629
3629
3630
3630
3631
3633
3636
3637
3637
3637
3642
3657
3689
3758
3762
3777
3777
3777
3780
3811
3811
3813
3813
3814
3815
3821
3828
3831
3841
3866
3866
3872
3872
3872
3872
3884
3884
3884
3884
3902
3902
3932
3932
3932
3948
3949
3971
3972
3984
3985
3992
4006
4045
4091
4160
4168
4168
4168
4184
4184
4186
4186
4186
4186
4186
4187
4187
4187
4187
4191
4192
4192
4194
4194
4194
4197
4204
4209
4213
4215
4216
4218
4218
4218
4229
4230
4235
4270
4284
4334
4336
4383
4404
4474
4490
4515
4556
4559
4598
4630
4634
4635
4636
4636
4637
4638
4645
4670
4677
4699
4702
4710
4711
4711
4711
4711
4711
4711
4712
4713
4774
4792
4815
4832
4851
4853
4881
4896
4905
4906
4910
4923
4941
4941
4941
4944
4970
4976
4977
4993
5022
5033
5048
5049
5051
5057
5094
5135
5145
5146
5146
5154
5163
5166
5176
5176
5181
5184
5198
5205
5233
5240
5241
5242
5242
5242
5243
5253
5265
5290
5314
5317
5319
5335
5358
5358
5362
5363
5370
5378
5378
5383
5384
5444
5444
5463
5463
5464
5464
5464
5464
5468
5468
5469
5474
5474
5487
5489
5519
5520
5534
5534
5535
5548
5549
5676
5680
5690
5690
5696
5699
5704
5712
5712
5712
5712
5715
5741
5741
5742
5742
5759
5759
5761
5769
5770
5770
5770
5776
5787
5787
5787
5789
5825
5825
5849
5849
5858
5858
5866
6045
6045
6084
6084
6091
6091
6094
6094
6095
6095
6095
6095
6095
6095
6095
6095
6095
6095
6095
6108
6108
6108
6108
6108
6108
6108
6108
6108
6108
6108
6108
6108
6108
6108
6108
6108
6108
