11
13
13
16
18
18
19
22
27
28
35
35
36
38
39
39
39
40
40
41
41
41
46
46
46
46
48
50
50
50
50
51
51
51
51
52
52
53
54
54
55
56
57
57
60
61
61
65
67
67
69
72
75
76
85
87
87
92
97
98
100
103
104
114
120
126
126
129
133
134
139
140
141
148
176
176
177
177
178
178
178
178
178
182
185
192
205
206
216
217
217
217
217
225
226
227
228
228
228
228
229
249
271
283
283
283
283
289
289
290
296
301
308
318
322
337
337
337
338
338
339
341
344
347
348
354
359
363
371
372
374
375
379
391
421
542
546
559
575
578
578
736
812
818
823
826
842
853
855
865
871
876
951
1041
1432
1432
1436
1447
1463
1468
1472
1488
1490
1491
1495
1496
1496
1497
1501
1522
1522
1523
1523
1523
1523
1523
1523
1523
1525
1527
1527
1527
1528
1532
1532
1532
1532
1532
1532
1532
1536
1536
1561
1570
1601
1604
1613
1617
1621
1621
1623
1629
1632
1640
1645
1651
1651
1658
1662
1666
1686
1687
1708
1713
1720
1739
1744
1747
1750
1763
1790
1793
1805
1807
1834
1874
1876
1877
1892
1893
1893
1893
1894
1897
1897
1898
2096
2097
2097
2102
2102
2103
2103
2105
2110
2133
2213
2215
2216
2218
2406
2411
2412
2412
2422
2424
2426
2473
2474
2474
2578
2607
2608
2608
2665
2665
2684
2718
2805
2830
2890
2955
2955
3002
3093
3104
3171
3204
3209
3213
3219
3245
3596
3789
3794
3800
3801
3822
3822
3832
3833
3985
3986
3986
3986
3987
3987
4011
4102
4108
4152
4152
4153
4153
4154
4161
4210
4211
4220
4251
4282
4306
4337
4340
4340
4340
4340
4340
4355
4366
4367
4367
4367
4457
4457
4511
4511
4634
4634
4634
4634
4635
4635
4635
4635
4635
4636
4636
4637
4637
4638
4638
4641
4641
4641
4644
4646
4646
4647
4647
4647
4647
4647
4648
4649
4655
4659
4701
4706
4710
4711
4714
4865
4866
4867
4880
4880
4880
4881
4881
4958
4958
4968
4993
4998
5002
5002
5002
5003
5017
5034
5034
5034
5035
5038
5052
5053
5053
5054
5054
5096
5096
5110
5132
5176
5176
5177
5177
5177
5177
5177
5177
5177
5178
5196
5197
5199
5221
5272
5296
5297
5309
5320
5333
5333
5348
5353
5385
5455
5455
5456
5456
5470
5488
5489
5491
5512
5536
5537
5537
5539
5549
5557
5558
5558
5559
5560
5585
5629
5636
5672
5673
5673
5673
5674
5674
5674
5674
5675
5688
5692
5694
5706
5709
5745
5758
5759
5761
5765
5767
5767
5767
5767
5767
5776
5780
5780
5781
5801
5807
5807
5810
5913
5913
5943
5943
5983
6097
6099
6159
6159
6172
6173
6174
6174
6175
6175
6176
6206
6206
6284
6305
6319
6362
6362
6362
6362
6363
6363
6439
6439
6454
6454
6454
6498
6510
6525
6546
6551
6564
6575
6579
6582
6591
6602
6631
6635
6652
6652
6700
6704
6725
6736
6751
6752
6752
6752
6756
6757
6757
6757
6761
6761
6762
6762
6763
6764
6772
6828
6828
6828
6828
6832
6832
6832
6832
6832
6832
6832
6832
6832
6848
6885
6900
6962
6966
6970
6975
6981
7027
7054
7121
7122
7122
7122
7128
7141
7151
7154
7154
7154
7154
7168
7168
7168
7170
7182
7182
7182
7182
7182
7196
7239
7256
7276
7293
7333
7333
7339
7386
7386
7391
7391
7392
7393
7408
7412
7412
7412
7412
7412
7436
7437
7458
7495
7658
7750
7750
7764
7764
7836
7865
7881
7885
7989
7989
7989
7990
7990
7990
7990
7992
8032
8033
8033
8110
8119
8119
8136
8137
8137
8137
8138
8139
8139
