8
11
15
15
17
18
19
19
21
22
22
23
23
24
25
25
26
26
26
26
26
26
27
28
28
28
29
29
31
33
33
34
34
34
34
35
35
35
36
36
36
37
37
38
38
38
38
38
38
39
39
39
39
39
39
40
40
41
42
42
42
45
46
46
46
47
47
47
47
48
48
48
48
49
49
50
50
51
51
52
52
52
52
52
52
52
53
53
53
53
53
53
53
53
53
54
54
54
54
54
54
56
56
56
57
57
57
59
60
60
60
60
61
61
61
61
61
61
61
61
62
62
62
62
62
62
62
63
63
63
63
64
65
66
66
67
68
69
70
72
74
74
77
78
78
80
81
82
83
84
85
86
86
87
87
87
87
87
91
91
91
92
92
93
93
97
98
98
98
100
100
100
101
102
103
104
104
104
104
105
105
106
106
106
107
107
107
108
108
108
108
108
109
110
110
110
112
112
112
113
115
116
117
119
119
121
124
124
129
129
129
131
132
132
133
133
134
134
134
134
134
138
138
138
138
138
140
141
142
142
146
147
147
148
149
149
150
151
153
153
153
153
160
160
161
170
172
173
173
173
175
176
179
182
186
191
191
192
195
195
196
196
198
198
203
203
203
203
203
203
203
203
204
204
205
206
208
210
211
211
212
215
217
220
221
224
225
226
231
232
235
235
235
239
241
242
242
243
244
247
248
250
253
257
257
257
257
257
257
260
260
264
267
267
267
267
267
267
267
268
271
273
274
275
276
277
277
282
289
289
289
290
290
290
291
291
291
291
292
292
293
293
293
293
294
294
303
303
304
304
304
305
306
306
306
306
306
307
308
310
310
310
310
313
315
319
320
320
323
323
323
323
323
323
323
323
324
326
326
326
326
326
328
328
328
328
328
328
329
329
330
330
330
330
330
330
330
330
336
339
341
341
344
344
344
345
345
346
346
349
350
353
355
364
365
367
368
370
374
377
377
379
379
381
386
387
389
415
420
421
423
426
431
431
432
432
437
441
443
463
466
466
467
469
491
491
492
495
497
501
505
505
510
513
516
516
517
519
526
541
541
541
543
545
562
566
566
566
567
571
573
573
573
579
580
587
587
588
588
588
588
588
589
596
601
603
610
635
645
645
647
648
650
651
652
652
663
663
666
675
677
677
677
677
682
684
689
695
696
696
696
697
697
704
712
734
734
734
735
739
741
742
742
742
742
742
742
742
742
742
744
744
746
747
749
751
753
753
763
764
767
776
777
780
785
789
789
789
796
806
806
806
806
815
820
822
825
840
854
865
868
868
874
876
876
877
877
877
877
877
878
878
878
880
883
883
883
883
884
887
890
897
898
903
903
905
913
918
921
953
956
956
956
956
965
966
966
966
968
971
974
977
977
977
985
986
986
989
995
1001
1005
1006
1006
1007
1008
1011
1011
1016
1017
1024
1028
1034
1063
1067
1074
1075
1075
1080
1080
1080
1080
1085
1093
1121
1121
1173
1178
1213
1228
1228
1228
1233
1234
