9
12
13
15
19
19
23
28
28
28
28
28
28
30
31
32
32
32
33
34
34
34
34
35
35
35
35
35
35
35
36
36
38
40
40
40
41
42
43
45
46
48
48
48
49
50
51
52
52
52
58
58
64
64
64
64
68
69
70
72
72
72
74
78
78
79
79
79
81
81
82
85
89
89
89
89
89
89
89
89
89
90
90
90
90
90
90
91
95
96
98
98
102
102
104
106
106
106
106
106
107
107
107
110
110
111
111
111
111
111
112
114
114
115
115
115
115
117
117
120
121
122
123
123
124
125
127
128
129
131
132
133
133
133
135
137
143
153
156
173
174
198
205
251
259
263
275
280
282
282
287
290
290
294
294
295
309
314
320
326
328
329
329
330
331
331
331
331
332
332
332
345
362
364
382
425
425
431
432
432
434
438
441
442
444
445
453
453
457
457
459
460
464
469
469
470
470
470
472
476
477
477
477
481
483
484
484
486
486
486
487
487
487
487
488
492
495
495
500
500
501
503
505
505
507
507
508
508
509
510
511
512
512
513
516
517
518
519
521
524
525
525
527
536
539
546
546
547
547
549
559
561
563
565
565
567
567
568
569
569
574
575
580
580
580
580
580
583
583
585
585
585
586
586
586
586
586
586
586
587
587
587
587
588
588
589
590
590
594
595
596
601
603
603
607
608
610
611
611
612
613
615
620
621
623
623
624
624
624
624
624
624
624
624
625
625
625
628
629
630
631
632
632
632
633
634
634
634
635
637
638
638
640
640
650
652
652
654
654
656
664
668
677
677
687
696
701
701
704
705
706
720
720
721
721
723
730
735
735
740
742
744
744
745
747
748
748
751
755
769
773
774
776
776
781
784
784
785
785
786
786
788
791
791
791
792
792
793
793
794
795
795
796
798
798
803
805
812
812
813
813
815
815
816
816
816
822
822
822
822
822
823
828
829
832
833
833
834
836
839
839
840
841
842
842
844
847
847
850
850
852
853
859
860
861
861
863
863
863
864
866
867
867
867
867
868
868
868
868
869
876
876
876
877
877
878
878
878
879
879
883
884
885
885
885
885
885
885
885
886
886
886
886
887
889
890
893
897
898
898
898
901
901
901
902
902
903
905
910
910
910
910
912
916
916
920
921
921
921
922
922
922
922
922
922
922
923
923
924
925
927
927
927
927
927
927
928
928
928
928
928
930
931
934
938
943
953
960
961
961
962
962
962
963
964
964
965
968
973
973
973
973
973
974
974
974
975
975
975
975
975
975
975
975
976
976
976
976
976
982
983
992
993
994
994
995
995
995
995
1006
1006
1015
1025
1027
1032
1032
1037
1039
1048
1049
1049
1066
1073
1097
1112
1134
1136
1137
1143
1145
1156
1158
1159
1159
1159
1163
1167
1167
1172
1172
1174
1174
1174
1175
1179
1181
1185
1185
1185
1185
1185
1185
1185
1194
1194
1196
1197
1200
1200
1202
1216
1216
1219
1220
1220
1224
1224
1225
1226
1227
1232
1232
1240
1240
1240
1252
1255
1287
1287
1289
