7
10
14
17
19
19
19
20
20
21
21
23
23
23
24
24
24
24
25
27
28
28
30
31
31
33
33
34
37
40
41
49
51
53
57
58
58
58
59
60
60
60
60
60
60
61
61
61
62
65
65
66
71
73
74
75
78
78
79
79
80
81
84
87
90
98
98
98
101
103
103
103
105
105
109
110
112
116
118
119
119
120
122
122
122
123
124
124
124
124
126
127
128
136
137
139
139
140
143
148
149
149
150
151
152
153
154
154
154
155
156
157
157
160
160
161
161
161
163
163
164
167
167
167
168
173
185
192
193
193
193
201
206
207
209
210
218
218
227
230
230
230
230
233
233
242
243
243
244
245
245
247
249
255
260
260
260
261
261
262
263
263
265
266
266
267
267
267
267
276
283
283
283
283
283
283
286
287
288
289
290
299
301
307
307
308
308
308
308
308
308
309
309
318
320
323
324
324
324
327
327
328
329
329
329
329
330
330
330
330
330
330
330
330
338
339
339
339
340
343
344
349
350
352
352
354
356
356
357
357
358
358
360
360
361
361
361
361
361
362
362
363
367
369
370
371
371
371
372
373
374
374
374
375
375
383
385
387
387
388
388
388
394
407
413
416
425
436
445
479
487
492
502
502
531
533
559
595
597
599
616
617
640
643
649
651
651
654
655
656
657
663
672
677
695
696
711
711
716
735
735
744
754
762
774
783
784
789
820
820
830
893
939
948
948
954
1003
1042
1052
1076
1100
1143
1144
1276
1277
1307
1310
1347
1368
1429
1503
1503
1545
1549
1556
1556
1557
1574
1581
1591
1603
1603
1604
1605
1605
1608
1608
1609
1610
1611
1612
1619
1623
1628
1643
1644
1673
1673
1691
1697
1708
1708
1708
1727
1799
1805
1813
1813
1813
1817
1817
1818
1836
1838
1840
1847
2028
2039
2057
2057
2059
2060
2065
2078
2080
2081
2097
2099
2104
2106
2138
2138
2234
2235
2235
2239
2239
2266
2270
2300
2324
2487
2488
2501
2522
2525
2532
2563
2590
2601
2605
2605
2607
2609
2614
2653
2655
2704
2746
2770
2775
2782
2783
2783
2861
2869
3043
3050
3072
3086
3089
3108
3123
3123
3128
3128
3128
3128
3128
3128
3129
3131
3131
3131
3135
3144
3145
3151
3151
3156
3167
3168
3169
3173
3174
3175
3190
3192
3192
3211
3228
3229
3230
3230
3231
3231
3231
3234
3234
3237
3240
3262
3280
3287
3290
3290
3291
3291
3291
3291
3292
3292
3293
3295
3297
3299
3309
3408
3424
3428
3441
3448
3459
3463
3486
3486
3488
3489
3491
3492
3496
3496
3496
3496
3498
3498
3498
3498
3498
3498
3508
3509
3509
3509
3509
3512
3512
3512
3512
3512
3512
3512
3517
3519
3532
3535
3535
3538
3538
3539
3542
3548
3548
3548
3579
3594
3596
3609
3612
3644
3644
3644
3645
3645
3665
3666
3669
3705
3705
3706
3706
3706
3706
3709
3709
3709
3711
3711
3718
3718
3718
3718
3722
3729
3729
3729
3729
3731
3731
3731
3731
3733
3733
3735
3735
3740
3746
3763
3772
3773
3773
3778
3784
3784
3784
3784
3784
3784
3789
3790
3795
3806
3806
3806
3808
3822
3822
3833
3835
3836
3836
3855
3855
3857
3857
3857
3858
3859
3866
3878
3892
3894
3909
3911
3912
3914
3924
3937
3964
3964
3964
3964
3971
3978
4272
4276
4279
4289
4341
4341
4341
4355
4357
4357
4357
4365
4365
4384
4386
4417
4496
4497
4499
4500
