8
10
12
13
14
15
19
19
19
19
20
21
22
25
25
26
26
26
26
27
27
28
28
29
29
30
30
31
31
33
33
36
38
38
39
39
40
41
42
45
47
47
47
48
48
49
49
49
51
51
52
52
52
53
53
54
55
55
56
56
56
57
58
58
58
59
59
59
59
60
61
61
62
62
62
62
62
62
62
62
62
63
63
67
68
69
69
69
69
70
70
70
70
71
71
71
73
73
73
73
74
74
74
74
74
74
74
74
74
74
74
76
77
77
77
77
79
79
79
79
80
80
80
80
80
80
81
81
83
83
83
83
83
83
83
83
84
84
85
88
94
94
94
95
95
96
98
101
102
102
105
108
108
110
111
111
112
113
113
113
114
114
114
116
116
117
117
117
117
117
118
118
118
118
119
119
119
119
122
122
122
122
122
122
124
126
126
128
129
129
130
130
131
131
132
132
132
132
132
132
132
132
132
133
135
136
137
137
139
140
141
141
141
141
141
141
141
142
142
142
142
142
143
144
145
148
151
158
160
161
168
169
173
174
174
177
178
179
179
181
206
207
212
212
212
213
214
214
214
215
217
222
224
232
232
233
257
257
258
259
259
260
261
261
262
262
263
264
264
264
264
264
265
266
266
266
266
267
267
268
268
269
272
279
279
279
279
280
280
282
284
286
288
290
292
293
294
297
298
300
324
324
326
329
330
333
334
335
340
340
343
344
359
360
368
371
371
389
396
397
397
404
430
437
445
446
450
453
457
462
496
508
508
523
523
523
526
526
526
540
543
547
552
553
553
554
581
584
584
585
586
586
586
587
587
587
587
591
591
602
605
606
606
615
615
619
631
632
632
640
642
642
642
642
646
646
658
660
661
663
663
663
664
664
664
664
668
671
671
671
671
671
671
672
672
681
683
691
696
696
696
697
697
697
711
712
728
728
730
732
732
732
746
749
751
753
754
755
755
765
770
781
792
792
792
792
807
826
845
852
867
881
898
898
898
902
919
919
919
920
920
920
920
920
920
920
920
920
920
920
920
920
921
922
922
922
922
926
933
941
943
956
998
1005
1024
1048
1079
1166
1174
1183
1186
1194
1198
1198
1204
1217
1236
1252
1253
1270
1270
1307
1376
1395
1416
1416
1417
1417
1425
1426
1427
1427
1427
1427
1428
1429
1430
1430
1434
1434
1447
1449
1453
1453
1453
1453
1453
1454
1454
1454
1455
1455
1455
1455
1456
1458
1464
1465
1466
1467
1475
1477
1479
1481
1481
1494
1497
1503
1504
1510
1548
1564
1577
1592
1604
1607
1630
1640
1641
1653
1677
1682
1687
1687
1687
1716
1725
1725
1741
1795
1795
1821
1828
1836
1836
1840
1840
1856
1858
1858
1859
1902
1924
1950
2022
2022
2034
2034
2055
2056
2056
2106
2106
2106
2106
2112
2133
2133
2134
2138
2144
2149
2155
2179
2205
2205
2255
2255
2255
2255
2270
2270
2321
2324
2352
2371
2371
2371
2371
2428
2433
2436
2437
2504
2506
2506
2510
2520
2528
2576
2578
2581
2655
2758
2774
2843
2843
2843
2856
2895
2937
2938
2946
2950
2957
2963
2963
2964
2964
2964
2969
2970
2974
2974
2983
2983
2996
2996
3001
3001
3002
3041
3044
3048
3087
3127
3148
3200
3200
3219
3220
3252
3259
3259
3259
