1
6
6
6
7
7
7
7
7
7
7
8
8
8
8
8
8
8
9
9
10
10
10
10
10
10
11
11
11
11
12
12
12
12
12
12
12
12
13
13
13
13
13
13
13
14
14
14
14
15
15
15
15
15
15
15
15
15
15
15
15
16
16
16
16
16
16
17
20
20
21
23
25
25
27
28
28
28
29
29
30
30
31
31
32
32
33
33
33
33
34
35
35
35
36
36
40
41
41
42
42
43
44
44
44
44
44
45
45
45
45
45
46
47
47
48
48
48
50
50
52
52
52
53
54
54
54
55
55
55
56
61
61
62
62
63
63
63
63
64
64
66
67
68
70
71
71
72
74
75
75
75
76
79
79
79
79
79
79
79
80
80
80
80
80
80
81
85
87
87
88
90
90
91
91
91
94
100
100
101
101
102
102
103
103
103
104
104
104
105
105
105
106
106
106
107
107
107
107
108
109
109
109
109
109
109
113
113
113
113
113
113
113
114
114
114
115
115
116
116
116
117
117
117
117
118
118
118
119
119
120
120
121
121
122
122
123
124
124
124
126
126
127
131
131
131
131
132
132
133
133
135
136
136
138
138
138
139
143
143
143
143
143
144
144
144
144
144
145
145
145
145
145
145
145
146
146
147
147
147
147
147
148
148
148
149
149
149
149
150
150
150
150
151
151
152
152
153
154
155
155
155
155
155
155
155
155
155
155
155
155
156
156
156
156
156
156
158
158
160
160
160
161
161
161
163
163
164
164
164
164
164
165
165
165
165
165
169
169
169
170
170
170
170
170
171
171
171
175
175
175
175
176
176
176
176
176
177
177
178
178
178
179
179
179
179
179
180
180
181
181
183
183
184
186
187
187
188
188
189
191
191
191
192
192
192
193
196
196
197
199
199
201
203
204
205
205
205
206
211
213
214
214
215
220
220
220
220
233
250
257
297
301
301
302
302
302
306
318
322
343
344
349
351
357
358
368
374
377
380
388
391
393
394
399
400
408
414
421
421
424
424
425
430
435
438
445
462
471
473
475
487
488
538
539
540
540
541
541
541
542
542
543
543
544
549
549
553
558
575
590
603
615
617
619
633
640
642
692
702
707
741
749
750
766
768
768
774
774
776
795
796
796
797
798
810
811
812
812
816
822
845
851
856
865
878
885
885
902
929
1013
1106
1194
1211
1217
1219
1219
1236
1236
1267
1330
1330
1355
1356
1357
1357
1359
1359
1377
1381
1384
1384
1385
1427
1437
1437
1438
1438
1439
1447
1447
1448
1449
1449
1450
1450
1450
1451
1453
1453
1456
1456
1457
1458
1458
1463
1464
1464
1465
1466
1467
1468
1468
1468
1470
1471
1471
1473
1476
1480
1481
1481
1481
1481
1481
1481
1483
1484
1489
1491
1492
1492
1493
1497
1497
1498
1499
1500
1500
1500
1503
1503
1503
1503
1504
1504
1504
1507
1508
1510
1513
1515
1523
1524
1524
1524
1525
1562
1581
1591
1594
1603
1603
1603
1604
1609
1610
1610
1611
1621
1621
1621
1621
1622
1622
1623
1630
1630
1631
1631
1633
1642
1652
1656
1656
1657
1659
1660
1660
1660
1661
1671
1672
1675
1678
1678
1679
1687
1688
1690
1690
1691
1698
1699
1699
1699
1704
1705
1705
1708
1715
1794
1818
1818
1818
1819
1828
1833
1834
1834
1836
1837
1837
1837
1838
1838
1838
1846
1850
1853
1902
2092
2096
2111
2112
2113
2114
2114
2114
2115
2115
2115
2115
2150
2150
2207
2299
2301
2302
2328
2328
2330
2421
2421
2421
2445
2473
2473
2497
2663
2751
2751
2752
2753
2754
2757
2758
2758
2759
2759
2759
2766
2766
2767
2768
2775
2798
2810
2821
2991
2997
2998
3009
3012
3014
3014
3016
3029
3031
3061
3097
3098
3103
3104
3107
3107
3110
3110
3110
3116
3130
3139
3141
3147
3147
3171
3172
3172
3172
3173
3174
3181
3181
3181
3200
3200
3207
3209
3210
3210
3211
3215
3217
3219
3219
3219
3219
3220
3221
3222
3226
3230
3230
3231
3231
3232
3233
3258
3261
3262
3271
3271
3275
3276
3279
3293
3388
3502
3503
3536
3562
3613
3613
3613
3613
3613
3619
3621
3621
3759
3759
3764
3765
3767
3767
3784
3848
4286
4367
4368
4368
4513
4513
4517
4526
4620
4620
4621
4621
4621
4621
4623
4623
4623
4623
4625
4625
4626
4626
4638
4638
4640
4655
4655
4656
4656
4702
4716
4749
5099
5121
5194
5194
