2
9
9
10
11
11
11
11
11
11
11
11
11
12
12
12
12
12
12
12
12
12
12
13
13
13
13
13
13
13
13
14
14
14
14
14
14
14
15
15
15
15
15
16
18
18
19
19
21
22
23
24
24
24
24
24
24
25
26
26
27
30
30
30
30
30
31
31
34
38
39
39
44
45
47
49
52
52
53
54
54
54
55
60
60
60
60
64
64
67
67
69
71
71
73
76
82
83
89
95
98
110
111
111
111
117
119
126
126
128
128
129
130
134
135
135
140
153
156
157
159
160
162
162
162
163
163
163
163
163
165
166
166
174
177
183
189
191
195
202
208
212
216
219
224
254
263
287
289
289
291
293
294
294
295
300
300
301
301
301
302
302
302
302
302
303
304
304
305
324
327
330
330
584
589
597
597
607
620
622
639
640
641
658
658
658
658
658
660
666
668
668
669
681
682
682
682
682
686
686
696
728
747
758
766
773
785
787
789
817
818
843
845
846
851
873
893
899
906
906
907
907
907
907
908
909
909
909
909
919
926
933
934
934
934
935
937
937
937
939
939
940
943
957
957
963
964
982
982
985
1010
1058
1071
1071
1074
1074
1078
1102
1105
1143
1209
1209
1210
1210
1366
1376
1390
1403
1403
1404
1426
1433
1435
1435
1436
1439
1440
1440
1441
1441
1442
1442
1445
1445
1445
1445
1450
1450
1451
1458
1468
1468
1477
1478
1481
1483
1488
1494
1495
1495
1507
1507
1507
1508
1508
1508
1508
1508
1509
1509
1509
1510
1517
1518
1519
1519
1520
1520
1520
1522
1541
1541
1543
1552
1557
1557
1557
1557
1559
1577
1578
1578
1581
1592
1620
1621
1624
1627
1628
1628
1628
1628
1628
1628
1628
1630
1637
1646
1646
1647
1648
1648
1649
1649
1650
1650
1650
1651
1651
1651
1651
1652
1652
1652
1652
1652
1652
1652
1653
1653
1653
1654
1654
1657
1657
1657
1657
1657
1672
1684
1685
1688
1688
1688
1689
1689
1689
1689
1690
1690
1691
1695
1696
1697
1708
1709
1709
1711
1714
1714
1714
1715
1715
1715
1716
1717
1725
1735
1746
1781
1781
1787
1788
1788
1788
1789
1789
1789
1789
1789
1790
1792
1817
1817
1821
1821
1822
1830
1831
1841
1841
1846
1846
1862
1863
1863
1864
1864
1864
1865
1866
1866
1877
1879
1915
1919
1919
1920
1927
1936
1961
1962
1965
1967
1969
1969
1969
1976
1977
1977
1992
2000
2007
2025
2029
2031
2031
2045
2056
2075
2083
2084
2085
2086
2096
2096
2097
2098
2099
2099
2123
2134
2134
2136
2136
2137
2137
2137
2138
2142
2150
2167
2175
2176
2176
2178
2178
2205
2218
2218
2219
2219
2360
2383
2384
2385
2385
2386
2386
2387
2393
2411
2416
2417
2418
2520
2525
2550
2550
2550
2550
2550
2561
2563
2564
2567
2567
2578
2581
2587
2594
2594
2594
2595
2596
2597
2598
2599
2599
2599
2602
2603
2603
2604
2623
2623
2624
2627
2628
2628
2629
2631
2634
2637
2637
2649
2660
2762
2763
2764
2765
2765
2769
2813
2838
2914
2914
2967
2969
2978
2979
2981
2981
2984
2985
2986
3017
3017
3017
3017
3017
3017
3017
3018
3018
3042
3042
3043
3045
3050
3050
3051
3052
3052
3053
3053
3054
3055
3055
3073
3082
3082
3082
3085
3085
3086
3086
3089
3091
3098
3100
3100
3103
3104
3104
3104
3111
3111
3112
3112
3113
3118
3120
3120
3120
3125
3125
3130
3130
3133
3137
3145
3161
3170
3170
3178
3206
3220
3220
3227
3250
3262
3264
3267
3268
3270
3284
3314
3327
3330
3343
3345
3349
3360
3360
3364
3364
3381
3381
3381
3381
3391
3391
3391
3403
3403
3403
3403
3403
3407
3412
3413
3413
3417
3418
3418
3472
3588
3591
3591
3637
3643
3651
3658
3663
3679
3680
3681
3681
3681
3685
3718
3719
3719
3719
3720
3720
3721
3721
3728
3736
3758
3813
3816
3839
4073
4086
4122
4123
4133
4133
4133
4139
4140
4144
4146
4146
4173
4213
4237
4243
4247
4265
4286
4313
4313
4355
4428
4507
4529
4529
4566
4567
4657
4657
4663
4701
4707
4708
4716
4736
4736
4736
4736
4744
4744
4745
4745
4749
4767
4773
4773
4780
4805
4821
4955
5174
5176
5191
5219
5224
5224
5224
5224
5224
5232
5232
5232
5232
5248
5249
5253
5253
5265
5344
5355
5355
5355
5357
5357
5357
5414
5414
5414
5415
5415
5416
5416
5416
5416
5425
5456
5461
5462
5720
5721
5722
5722
5724
5737
5749
5749
5759
5761
5761
5798
5855
5881
5882
5899
5934
5935
5938
5939
5940
5976
5977
5985
5998
5998
6004
6004
6006
6007
6007
6008
6008
6008
6017
6112
6275
6291
6299
6427
6542
6542
6546
6553
6569
6569
6569
6569
6572
6573
6574
6646
6663
6668
6673
6678
6679
6679
6708
6723
6723
6737
6902
6914
7035
7095
7095
7108
7109
7109
7109
7109
7111
7125
7180
7181
7181
7181
7181
7183
7183
7186
7186
7615
7652
7654
7667
7667
7669
7680
7693
7801
7894
