5
6
7
7
7
7
7
7
7
7
7
7
8
8
8
8
8
8
8
9
9
9
9
9
9
9
9
9
9
9
10
10
10
10
10
10
10
10
10
11
11
11
11
12
12
12
12
12
12
12
13
13
13
14
15
15
16
16
16
16
16
17
17
18
18
18
18
19
19
19
19
20
20
20
21
23
24
25
25
26
27
28
28
29
29
29
29
31
32
33
33
35
35
35
35
35
36
36
37
37
37
38
38
38
39
39
39
39
39
40
40
41
41
41
41
41
42
42
42
42
43
44
44
45
45
45
46
46
46
46
47
47
48
48
48
49
49
52
52
54
54
55
55
55
55
55
55
56
56
56
56
56
56
57
57
58
59
62
63
64
64
64
64
65
65
65
65
65
66
67
67
67
67
68
69
69
69
69
70
70
71
72
72
73
74
75
75
75
75
75
75
75
75
75
75
77
77
77
77
78
78
78
78
79
79
79
79
79
79
79
79
79
79
79
79
79
79
79
79
79
79
80
80
80
80
80
80
80
80
81
81
81
82
83
83
84
85
85
85
85
85
86
87
87
88
89
90
90
91
91
91
91
92
92
92
92
92
93
93
93
93
94
94
97
97
97
98
98
99
100
101
101
101
101
101
101
101
101
101
102
102
102
103
103
103
104
104
104
104
106
106
106
106
106
107
107
109
110
110
110
110
110
110
111
111
111
113
113
113
113
113
114
114
114
114
115
116
116
116
116
117
117
117
117
117
117
117
118
118
118
118
119
119
119
120
120
120
120
121
121
121
121
122
122
123
123
124
124
124
125
125
125
125
126
126
126
126
126
126
126
126
127
127
127
127
128
128
128
129
129
129
129
129
129
130
130
130
130
130
131
131
131
131
131
132
132
133
133
133
134
134
134
134
135
136
136
136
136
136
137
137
137
137
138
138
138
138
138
138
139
139
139
139
139
139
139
139
139
139
140
140
140
141
141
142
142
142
143
143
143
143
144
144
144
144
147
147
148
148
149
149
149
150
150
150
151
151
151
151
151
151
152
152
153
154
154
155
155
156
156
157
157
157
157
157
157
157
158
158
158
158
159
159
159
159
159
159
160
160
160
160
161
162
162
162
162
162
162
162
162
163
163
163
164
164
164
164
164
164
164
164
164
164
164
164
165
165
165
165
165
166
166
166
166
167
167
167
167
167
167
168
168
168
169
169
169
170
170
170
171
171
171
172
172
172
172
172
172
173
173
173
174
174
176
176
176
177
177
177
178
178
178
178
179
179
179
180
180
180
180
180
180
180
181
182
182
182
182
183
184
185
185
186
187
187
188
188
188
190
191
193
194
194
194
195
197
198
198
199
199
200
201
202
202
204
206
209
209
209
210
210
213
215
216
220
221
221
223
224
224
224
224
224
224
226
228
228
229
230
232
234
234
234
236
240
240
240
240
241
247
247
248
249
249
249
250
250
251
258
259
259
260
260
261
263
264
264
265
265
265
267
267
270
275
280
280
281
281
281
282
282
283
285
286
292
293
304
310
310
314
314
315
316
316
316
317
318
319
319
320
320
320
321
322
322
323
325
328
328
328
329
329
329
329
330
330
330
332
332
333
333
333
333
334
334
335
335
335
335
335
336
337
338
339
339
339
340
342
346
347
348
348
350
350
357
357
357
361
369
370
377
379
391
398
419
424
428
429
432
436
443
473
473
473
474
474
474
475
475
533
542
551
569
584
600
600
618
658
660
670
716
716
737
742
750
831
832
832
833
833
834
834
835
847
847
848
848
848
849
849
871
884
885
885
888
903
993
993
994
994
994
995
1034
1047
1050
1051
1054
1060
1070
1071
1073
1079
1080
1081
1081
1082
1086
1086
1088
1088
1097
1098
1118
1118
1175
1177
1222
1226
1238
1254
1256
1277
1277
1287
1294
1295
1299
1300
1319
1325
1326
1402
1411
1418
1418
1433
1433
1433
1443
1456
1461
1474
1474
1474
1477
1498
1501
1503
1504
1513
1514
1534
1542
1543
1546
1547
1552
1553
1560
1561
1563
1565
1566
1568
1568
1570
1576
1581
1582
1583
1584
1589
1589
1594
1594
1594
1595
1603
1604
1605
1605
1611
1611
1612
1612
1612
1615
1616
1617
1619
1625
1628
1631
1642
1642
1644
1647
1657
1659
1660
1660
1664
1675
1689
1694
1700
1757
1757
1759
1762
1764
1771
1772
1782
1793
1795
1802
1803
1803
1810
1819
1839
1846
1846
1850
1909
1914
1927
1927
1927
1927
1927
1927
1928
1928
1928
1938
1994
2015
2061
2064
2069
2072
2073
2074
