1
5
5
6
6
6
6
6
7
8
8
8
9
9
9
9
9
9
9
9
10
10
10
10
10
10
10
11
11
11
11
11
11
11
11
11
12
12
12
12
12
12
12
13
13
14
14
14
14
16
16
16
16
17
17
17
17
18
18
18
18
18
18
18
18
18
19
19
19
19
19
20
20
21
21
22
22
23
23
23
24
25
26
26
27
27
29
29
30
30
30
30
30
30
30
31
31
31
31
31
31
31
31
32
33
34
34
34
35
35
35
36
37
38
38
38
39
39
39
39
40
40
40
41
41
41
43
43
43
44
44
45
45
45
45
45
46
46
46
47
47
47
47
47
47
47
47
48
48
48
49
49
50
50
50
50
51
51
51
52
52
54
54
54
55
58
58
59
59
59
62
62
63
63
68
69
69
69
70
70
71
71
72
72
72
72
72
74
75
75
76
76
76
77
77
77
77
77
77
77
77
77
77
77
78
78
78
78
78
78
78
78
79
79
79
79
81
82
82
82
83
84
84
84
85
85
85
85
85
85
85
86
86
86
87
91
93
94
94
94
96
96
96
96
96
96
96
96
97
97
97
97
97
97
97
97
97
98
98
99
99
100
100
101
101
101
103
103
103
105
105
106
106
106
106
107
107
110
110
110
110
111
112
112
112
113
113
113
114
114
114
115
115
115
115
115
115
116
116
116
116
117
118
118
119
119
120
126
126
126
128
132
133
134
136
137
137
137
137
138
141
142
143
144
144
144
147
147
148
149
149
152
153
153
153
153
154
154
154
154
155
155
155
156
156
156
156
156
156
157
157
157
158
159
161
162
162
163
167
168
168
169
169
170
171
171
171
172
176
177
177
177
178
178
179
179
181
181
181
184
184
185
186
187
191
192
192
193
197
197
197
197
197
197
197
200
200
200
205
205
207
207
208
209
209
210
210
210
211
211
211
211
211
211
212
212
214
214
214
214
214
215
215
216
217
217
217
221
222
223
223
225
225
225
225
225
226
226
228
230
231
234
235
235
235
236
236
238
238
242
243
243
244
244
246
246
248
248
248
249
250
250
251
255
267
273
274
274
279
279
279
280
280
281
281
281
281
281
281
282
284
284
285
285
289
291
292
300
317
318
326
326
327
327
332
333
348
348
354
355
355
357
358
358
369
369
382
382
398
398
399
399
399
399
401
404
405
406
407
407
407
408
408
410
421
426
452
453
454
459
459
473
477
484
497
498
551
551
551
558
559
567
567
569
570
571
573
574
581
587
589
591
593
595
595
597
597
598
598
600
603
603
603
604
612
617
617
618
620
621
627
635
647
648
648
649
649
650
672
673
674
674
676
676
677
683
684
684
700
700
701
702
708
718
725
728
728
733
754
768
772
782
784
784
786
839
860
910
915
945
984
988
994
1001
1025
1026
1027
1027
1033
1038
1059
1059
1061
1067
1080
1082
1083
1092
1099
1099
1107
1108
1109
1110
1113
1114
1115
1115
1115
1116
1118
1119
1129
1130
1136
1136
1146
1147
1220
1242
1265
1265
1265
1269
1269
1273
1273
1279
1281
1281
1281
1281
1288
1290
1310
1311
1311
1311
1311
1315
1319
1319
1320
1320
1320
1320
1320
1321
1332
1354
1354
1354
1354
1365
1365
1380
1383
1394
1394
1395
1395
1396
1396
1407
1417
1420
1420
1420
1422
1422
1422
1423
1424
1424
1424
1424
1426
1426
1427
1427
1428
1428
1429
1429
1431
1432
1432
1432
1432
1432
1433
1433
1433
1433
1433
1433
1433
1433
1433
1433
1433
1433
1435
1435
1436
1437
1437
1437
1438
1438
1440
1440
1440
1440
1443
1443
1445
1445
1446
1446
1446
1446
1447
1447
1447
1447
1448
1448
1449
1450
1450
1450
1451
1453
1456
1457
1457
1460
1460
1462
1462
1463
1463
1463
1464
1464
1466
1470
1471
1472
1473
1474
1474
1476
1476
1493
1503
1503
1505
1505
1505
1524
1526
1527
1527
1532
1540
1542
1546
1547
1548
1548
1553
1554
1554
1561
1578
1578
1578
1579
1579
1583
1583
1585
1585
1585
1585
1585
1585
1585
1586
1586
1586
1586
1586
1586
1590
1616
1616
1621
1621
1622
1623
1624
1624
1624
1624
1624
1626
1626
1633
1633
1635
1635
1639
1639
1642
1647
1649
1663
1681
1681
1683
1688
1691
1694
1695
1695
1695
1696
1699
1701
1702
1703
1705
1707
1707
1710
1712
1715
1721
1721
1721
1721
1721
1723
1724
1725
1727
1735
1749
1753
1754
1754
1754
1754
1770
1770
1789
1814
1847
1847
1847
1849
1849
1861
1861
1862
1875
1877
1890
1891
1891
1892
1892
1892
1894
1895
1895
1895
1895
1899
1899
1899
1900
1906
1906
1938
1942
2000
2047
2062
2067
2070
2070
2071
2108
2109
