2
6
6
6
6
7
7
7
7
7
7
7
7
7
8
8
8
8
8
8
8
9
9
9
9
9
9
9
9
9
10
10
10
10
10
10
11
11
12
12
12
12
13
13
13
13
14
14
14
14
14
14
14
15
15
15
15
15
16
19
19
19
19
20
20
21
21
21
22
22
22
23
23
23
25
25
27
28
29
30
30
30
30
30
30
30
31
31
31
33
35
36
36
36
36
37
37
37
37
38
38
39
39
40
40
40
40
41
41
41
41
41
41
41
42
43
43
43
43
43
44
44
45
46
49
50
50
50
51
51
51
51
52
52
52
52
53
53
53
53
54
54
55
55
55
57
57
58
59
60
61
62
67
68
69
69
71
71
71
73
73
73
76
76
77
78
78
78
78
78
80
80
81
81
83
83
83
83
84
84
85
85
85
85
85
86
87
87
89
89
89
91
92
92
95
96
96
96
97
98
98
98
98
98
100
101
105
108
109
109
109
109
109
109
109
112
115
116
130
131
131
131
131
131
131
132
132
133
133
134
134
135
135
138
139
140
140
140
140
140
140
141
141
142
142
144
146
146
147
147
148
148
149
150
150
155
156
156
157
158
158
158
158
159
160
162
162
165
167
167
167
168
168
168
168
169
169
169
169
169
169
170
170
170
170
171
171
171
171
171
171
171
172
172
172
172
172
173
173
173
174
174
174
176
177
178
178
178
179
181
181
182
182
183
183
183
183
183
183
184
185
185
185
186
186
186
186
186
187
187
188
188
189
191
194
195
197
199
199
200
200
200
200
201
201
201
201
202
202
202
202
203
203
203
203
204
205
206
208
208
208
208
209
209
210
210
211
211
212
215
216
217
218
218
219
219
219
220
220
220
221
221
221
223
227
229
229
229
231
232
235
235
235
238
239
241
241
245
248
249
249
249
249
251
253
255
255
256
256
257
257
258
259
260
260
261
261
262
264
265
266
266
267
269
279
282
286
287
293
296
297
297
297
297
298
298
298
298
299
300
300
300
301
301
302
302
334
335
335
337
337
337
337
338
341
348
348
364
388
391
396
410
430
436
442
443
444
451
459
459
459
462
463
491
492
492
493
497
504
519
522
523
524
525
525
525
530
530
531
532
532
532
534
535
537
547
550
553
556
570
570
573
578
578
578
579
581
589
589
589
589
589
589
592
592
592
593
597
598
606
607
607
626
636
637
639
658
666
669
670
685
714
727
770
770
770
771
771
789
790
790
790
791
791
791
791
791
792
793
795
797
797
798
806
807
810
811
812
814
815
820
820
821
821
823
829
830
830
830
837
866
868
868
870
870
870
870
871
871
880
888
910
911
911
919
927
928
928
936
937
937
939
939
939
939
939
939
948
957
968
968
969
970
976
979
979
1006
1019
1019
1023
1027
1029
1029
1029
1029
1040
1040
1041
1041
1043
1043
1044
1066
1068
1070
1072
1114
1114
1120
1136
1137
1152
1157
1174
1177
1178
1178
1178
1179
1179
1180
1181
1197
1197
1197
1197
1197
1197
1198
1198
1198
1199
1199
1199
1199
1199
1199
1200
1200
1219
1221
1222
1246
1246
1254
1272
1272
1276
1276
1281
1290
1290
1306
1308
1308
1308
1309
1318
1356
1367
1367
1368
1368
1377
1397
1425
1426
1427
1429
1430
1431
1434
1438
1444
1447
1448
1450
1453
1454
1455
1456
1456
1457
1457
1457
1459
1460
1460
1461
1461
1462
1462
1464
1464
1464
1464
1464
1465
1465
1465
1465
1466
1467
1467
1467
1467
1467
1471
1471
1471
1472
1473
1477
1478
1479
1479
1481
1481
1482
1497
1498
1498
1499
1499
1499
1499
1499
1500
1500
1500
1503
1503
1506
1516
1525
1532
1533
1533
1534
1535
1535
1539
1546
1547
1547
1547
1547
1547
1547
1547
1548
1553
1553
1557
1557
1557
1557
1558
1559
1559
1565
1565
1572
1572
1572
1574
1576
1579
1579
1579
1579
1579
1584
1585
1585
1586
1586
1586
1586
1586
1586
1586
1586
1586
1586
1591
1598
1603
1605
1613
1629
1629
1640
1641
1641
1641
1642
1642
1642
1647
1653
1653
1654
1654
1654
1666
1682
1683
1705
1707
1709
1709
1714
1714
1714
1714
1714
1714
1720
1721
1721
1738
1752
1756
1762
1766
1784
1784
1794
1827
1829
1834
1841
1887
1897
1898
1926
2090
2094
2095
2131
2131
2133
2135
2135
2143
2144
2146
2167
2167
2176
2190
2210
2212
2267
2278
2278
2278
2279
2316
2316
2352
2352
2353
2353
2353
2354
2354
2354
2361
2522
2652
2817
2919
2935
2939
2942
2942
2943
2991
2996
2996
2996
2996
2997
2997
2997
2998
2999
2999
3013
