2
5
6
6
7
8
8
8
8
9
9
9
9
9
9
9
9
10
10
10
10
10
10
10
11
11
11
11
11
11
12
12
12
12
12
12
12
12
12
12
13
13
13
13
14
14
14
15
15
15
15
15
15
16
16
17
17
18
18
18
19
21
21
22
22
24
24
24
24
24
25
25
25
26
26
27
28
28
29
29
29
29
29
29
29
30
30
30
30
31
31
31
31
31
33
33
34
35
35
35
36
36
37
37
38
42
43
43
44
45
45
46
47
47
49
49
49
50
50
51
51
51
51
52
52
53
53
53
53
53
53
54
54
54
54
54
54
55
55
55
55
56
56
56
56
56
57
57
58
58
59
60
60
61
62
63
63
64
65
65
65
65
65
65
66
66
67
68
68
69
70
70
71
71
72
72
72
72
72
73
75
77
78
79
80
80
80
80
81
81
81
81
81
81
82
82
82
82
82
83
84
84
84
85
86
86
86
87
87
88
88
88
88
89
91
92
92
92
92
92
92
93
94
96
97
100
101
101
101
104
105
105
106
107
107
107
108
108
108
108
109
109
110
110
111
112
112
112
117
119
119
120
120
120
120
120
120
120
120
120
121
121
121
122
123
123
123
125
125
125
125
125
127
128
131
131
131
132
132
133
134
135
135
137
137
137
137
138
138
139
140
140
140
141
142
142
144
144
144
144
144
144
145
145
145
145
146
146
146
147
148
148
148
148
149
149
150
150
150
152
152
153
153
153
153
154
154
154
155
155
156
158
159
163
163
163
163
163
163
163
164
165
165
165
165
165
165
165
165
165
166
166
166
166
167
167
167
167
167
168
168
168
169
169
169
170
170
172
172
172
174
174
175
176
176
179
180
180
181
185
188
192
193
194
195
198
204
206
208
210
211
211
211
213
213
213
214
214
214
214
215
215
216
216
217
217
218
219
220
222
222
224
225
225
230
230
232
234
234
235
239
240
241
243
243
243
243
244
244
244
244
246
247
247
247
248
252
253
253
254
256
257
257
258
259
260
260
260
260
265
265
265
272
272
273
273
275
276
276
277
277
280
282
292
294
294
294
295
296
297
297
299
299
307
308
309
309
309
310
310
315
316
317
325
333
334
334
334
334
334
337
337
337
338
338
339
340
342
342
342
346
346
348
348
349
349
350
350
350
351
352
352
352
352
353
353
353
354
354
354
355
355
356
356
357
357
358
364
364
365
365
368
370
370
374
376
384
387
387
390
401
406
406
407
407
407
407
412
415
439
442
444
446
447
469
470
472
472
474
478
480
485
488
488
511
512
513
521
523
528
550
551
551
552
552
553
553
592
600
601
612
614
620
631
633
644
644
644
644
644
646
685
689
719
733
734
787
798
799
799
802
804
805
814
814
814
815
815
836
841
868
989
1036
1042
1176
1185
1185
1188
1232
1232
1269
1282
1285
1285
1315
1327
1363
1363
1363
1376
1385
1440
1440
1447
1455
1456
1463
1473
1473
1473
1474
1475
1484
1488
1490
1492
1494
1497
1498
1498
1498
1499
1499
1499
1500
1500
1500
1503
1504
1505
1505
1506
1506
1506
1510
1510
1512
1513
1513
1513
1513
1513
1513
1514
1515
1526
1527
1531
1537
1541
1543
1551
1559
1559
1562
1562
1562
1573
1591
1592
1592
1593
1593
1593
1593
1606
1618
1618
1618
1620
1624
1625
1625
1627
1627
1627
1627
1627
1627
1651
1651
1656
1656
1659
1659
1663
1664
1665
1665
1665
1665
1666
1673
1680
1680
1681
1683
1683
1687
1687
1692
1693
1693
1694
1695
1697
1699
1703
1705
1705
1705
1707
1707
1709
1709
1709
1713
1714
1714
1719
1719
1719
1719
1719
1722
1723
1726
1726
1726
1726
1726
1726
1726
1726
1726
1726
1726
1726
1726
1726
1729
1729
1729
1730
1730
1730
1730
1733
1733
1733
1736
1740
1742
1743
1743
1744
1744
1745
1745
1745
1745
1745
1746
1746
1747
1747
1747
1747
1747
1747
1747
1748
1748
1748
1748
1749
1749
1749
1796
1796
1797
1797
1797
1798
1806
1820
1820
1823
1829
1829
1832
1842
1848
1848
1851
1861
1883
1883
1887
1888
1888
1931
1943
1952
1973
1982
1994
1996
2011
2029
2029
2030
2031
2093
2095
2096
2120
2120
2425
2425
2430
2548
2548
2556
2556
2557
2557
2557
2581
2613
2613
2636
2636
2852
2853
2854
2854
2854
2855
2856
2856
2960
2967
2967
2968
2969
2969
2970
2970
2971
2971
3039
3066
3066
3067
3067
3067
3126
3126
3146
3148
3149
3157
3157
3157
3157
3157
3158
3158
3158
3158
3158
3158
3158
3158
3158
3158
3158
3158
3159
3159
3159
3159
3161
3161
3161
3166
3167
3183
3196
3196
3196
3207
