1
4
8
9
10
10
10
11
11
11
11
11
11
11
11
11
11
12
12
12
12
12
12
12
13
13
14
14
14
14
15
15
15
15
16
16
16
16
17
17
17
17
17
17
17
17
19
23
23
24
24
25
25
25
25
25
26
26
27
28
28
28
29
30
30
31
31
31
32
32
32
38
40
40
42
42
44
44
45
46
47
47
52
56
57
57
58
59
59
59
59
60
60
61
61
63
63
64
64
65
65
65
66
67
70
71
74
79
80
84
85
86
87
87
89
90
94
98
102
102
103
103
103
109
110
112
113
115
116
117
120
122
123
124
124
126
127
127
128
130
131
131
131
131
132
136
154
154
158
160
160
162
164
165
169
199
221
226
235
235
237
250
256
257
257
257
260
267
269
273
279
297
342
342
372
374
376
391
405
411
412
412
415
416
428
440
442
444
464
506
510
525
543
580
595
671
671
789
805
823
823
833
845
859
898
928
928
928
938
943
944
1010
1010
1011
1062
1084
1084
1085
1089
1090
1105
1111
1112
1117
1137
1142
1153
1166
1171
1388
1391
1393
1411
1411
1420
1428
1433
1440
1441
1441
1441
1449
1454
1455
1455
1456
1457
1458
1459
1459
1459
1459
1462
1467
1467
1467
1468
1468
1470
1472
1472
1474
1475
1477
1481
1481
1486
1486
1488
1492
1492
1493
1493
1493
1493
1494
1495
1498
1527
1527
1529
1550
1566
1572
1573
1587
1590
1613
1619
1619
1628
1628
1628
1628
1660
1660
1660
1660
1684
1685
1686
1686
1688
1688
1693
1693
1693
1693
1694
1694
1699
1700
1703
1756
1764
1768
1768
1770
1770
1771
1772
1772
1772
1772
1779
1779
1779
1779
1780
1798
1799
1799
1800
1800
1800
1801
1801
1802
1803
1829
1832
1833
1836
1842
1860
1861
1861
1866
1878
1879
1885
1885
1885
2037
2047
2063
2065
2065
2065
2065
2065
2072
2078
2078
2080
2093
2094
2094
2095
2096
2096
2122
2123
2123
2125
2128
2129
2129
2130
2130
2194
2210
2210
2211
2211
2212
2212
2212
2213
2213
2258
2258
2258
2259
2259
2259
2259
2260
2260
2261
2261
2262
2271
2276
2277
2278
2313
2330
2341
2364
2376
2378
2378
2378
2378
2379
2390
2410
2410
2410
2410
2411
2412
2413
2414
2414
2415
2415
2415
2416
2416
2417
2420
2420
2421
2425
2425
2464
2464
2465
2467
2467
2472
2566
2566
2566
2567
2567
2591
2592
2599
2729
2731
2760
2763
2766
2766
2767
2767
2767
2767
2767
2769
2770
2772
2773
2773
2774
2774
2774
2774
2778
2790
2793
2803
2810
2810
2810
2810
2811
2811
2813
2813
2834
2852
2935
2936
2936
2939
2939
2940
2940
2941
2941
2942
2942
2943
2944
2956
2974
2995
2996
3017
3030
3048
3050
3056
3056
3057
3067
3090
3109
3111
3111
3113
3130
3148
3149
3149
3150
3151
3155
3155
3155
3174
3176
3176
3178
3181
3183
3185
3189
3189
3192
3196
3196
3203
3204
3204
3205
3209
3212
3213
3213
3213
3214
3214
3218
3219
3219
3219
3219
3220
3221
3221
3221
3225
3226
3226
3229
3229
3239
3251
3276
3311
3311
3333
3360
3364
3399
3405
3438
3446
3481
3486
3507
3521
3521
3533
3535
3536
3536
3556
3556
3557
3569
3569
3570
3570
3571
3572
3572
3573
3573
3586
3587
3588
3588
3588
3589
3589
3589
3590
3594
3594
3647
3647
3652
3657
3658
3660
3661
3661
3661
3661
3661
3661
3673
3674
3675
3675
3675
3681
3721
3722
3944
3967
3970
3970
3973
3973
3977
3983
3998
4059
4075
4126
4127
4128
4134
4137
4137
4141
4142
4143
4143
4163
4168
4171
4179
4186
4200
4508
4510
4555
4555
4555
4556
4556
4585
4630
4630
4630
4641
4642
4651
4667
4667
4668
4673
4726
4726
4729
4771
4771
4772
4772
4774
4796
4801
4801
4805
4806
4806
4806
4807
4807
4825
4825
4826
4833
4833
4833
4833
4833
4834
4834
4876
4888
4948
4950
4965
4965
4965
4966
4966
4966
4966
4967
4972
4973
4973
4998
4998
4999
5005
5005
5005
5006
5011
5011
5011
5020
5024
5025
5032
5033
5033
5039
5040
5048
5048
5048
5048
5048
5049
5051
5062
5062
5064
5064
5064
5161
5163
5164
5164
5197
5198
5205
5205
5207
5215
5215
5225
5227
5228
5229
5231
5233
5234
5260
5279
5279
5376
5391
5391
5392
5392
5392
5397
5397
5398
5398
5398
5398
5403
5403
5403
5403
5476
5476
5477
5477
5478
5499
5499
5499
5499
5504
5504
5507
5508
5508
5508
5508
5508
5508
5508
5508
5509
5559
5622
5633
5649
5649
5679
5703
5704
5704
5752
5767
5772
5781
5876
5876
5876
5877
5882
5885
5952
5955
5956
5956
5956
6079
6116
6117
6122
6122
6129
6135
6166
6174
6176
6184
6184
6200
6201
6210
6211
6224
6226
6295
6306
6324
6324
6324
6336
6351
6354
6354
6354
6354
6354
6354
6354
6354
6354
6354
6373
6398
6403
6403
6404
6405
6486
6541
6544
6546
6548
6560
6583
6586
6606
6655
6655
6700
6701
6970
7055
7085
7089
7089
7089
7089
7089
7089
7089
7089
7089
7091
