3
4
6
6
6
7
7
7
7
7
7
8
8
8
8
8
9
9
9
9
9
9
9
10
10
10
10
10
10
11
11
11
11
11
11
11
11
11
12
12
13
13
14
16
16
19
21
22
22
22
23
24
24
25
28
28
28
28
28
28
28
28
28
28
28
28
28
28
28
28
28
28
29
33
34
34
34
34
35
36
40
42
43
45
46
46
48
48
48
52
58
58
58
59
59
61
61
61
62
63
66
66
66
67
75
77
78
85
86
94
95
96
99
101
102
102
102
105
108
109
112
114
115
123
123
124
131
133
134
134
134
135
135
136
136
136
137
137
137
137
137
138
138
138
138
138
138
138
139
139
139
139
139
139
139
140
140
141
141
141
141
142
142
143
143
143
143
143
143
144
144
144
144
145
145
145
145
146
151
152
154
154
154
155
157
157
157
158
158
158
159
159
159
159
159
160
160
161
161
161
161
162
162
163
163
164
165
165
167
167
167
167
170
171
173
173
175
175
176
176
176
177
178
179
179
180
185
186
187
187
193
196
197
198
200
232
242
247
253
269
269
269
347
347
347
366
389
394
394
396
405
407
408
409
409
414
414
414
414
417
418
421
422
422
422
422
423
423
431
445
445
446
446
447
447
447
447
448
451
451
451
451
453
453
454
455
455
455
455
458
458
461
471
477
478
496
539
542
543
543
546
570
572
587
630
630
651
654
654
654
655
655
655
656
656
664
664
665
677
681
684
686
702
707
707
727
728
728
729
729
730
735
762
762
766
766
776
796
797
805
820
820
824
882
883
883
886
886
886
888
888
903
903
905
908
918
923
947
950
955
957
978
1040
1056
1057
1058
1107
1167
1170
1187
1187
1201
1229
1237
1238
1239
1240
1241
1243
1259
1261
1266
1282
1296
1411
1442
1449
1452
1456
1462
1464
1469
1473
1480
1482
1483
1484
1484
1486
1486
1492
1493
1494
1495
1495
1495
1495
1495
1498
1499
1503
1503
1503
1504
1504
1508
1508
1509
1509
1510
1511
1512
1514
1514
1514
1515
1516
1521
1525
1542
1545
1545
1545
1545
1547
1560
1560
1563
1565
1565
1565
1565
1567
1567
1568
1580
1580
1582
1584
1584
1590
1591
1591
1591
1593
1593
1601
1602
1602
1602
1602
1602
1607
1608
1609
1609
1609
1609
1611
1611
1611
1615
1615
1615
1616
1627
1627
1627
1627
1627
1627
1628
1629
1636
1637
1641
1647
1650
1650
1652
1654
1654
1654
1654
1654
1654
1654
1654
1654
1654
1654
1654
1654
1654
1654
1654
1654
1654
1654
1654
1654
1654
1655
1659
1659
1659
1671
1671
1671
1671
1671
1671
1671
1671
1681
1681
1682
1682
1683
1685
1686
1686
1687
1687
1687
1687
1687
1687
1687
1687
1687
1687
1687
1687
1687
1687
1687
1687
1687
1688
1688
1688
1689
1691
1692
1694
1697
1701
1701
1702
1702
1703
1703
1704
1710
1711
1713
1720
1723
1725
1726
1729
1732
1732
1744
1759
1768
1770
1771
1772
1774
1781
1796
1798
1816
1819
1854
1877
1877
1877
1878
1898
1909
1922
1950
1953
1956
1960
1961
1966
1975
1989
1990
1991
1992
1992
1993
1993
1996
1997
1997
1997
1997
1997
1998
1998
1998
1998
1998
2000
2023
2023
2023
2024
2027
2038
2050
2050
2051
2051
2051
2052
2052
2052
2053
2058
2059
2062
2062
2062
2068
2068
2070
2072
2073
2078
2088
2091
2116
2124
2132
2143
2143
2155
2167
2167
2171
2172
2172
2173
2173
2173
2227
2227
2231
2243
2257
2257
2258
2258
2258
2260
2262
2262
2263
2273
2302
2326
2358
2373
2377
2378
2378
2379
2380
2380
2380
2381
2381
2381
2381
2388
2388
2388
2395
2397
2397
2403
2411
2413
2413
2414
2414
2415
2415
2415
2416
2420
2421
2421
2423
2431
2450
2450
2458
2458
2493
2494
2497
2520
2532
2540
2548
2557
2557
2565
2689
2697
2699
2719
2737
2780
2823
2840
2840
2860
2863
2864
2865
2878
2885
2885
2953
2959
2962
2963
2975
2979
2986
2987
2988
2991
3047
3047
3047
3053
3053
3053
3054
3054
3054
3056
3064
3064
3064
3072
3093
3100
3100
3100
3106
3107
3109
3111
3114
3121
3121
3122
3122
3131
3131
3131
3136
3140
3145
3155
3155
3155
3155
3155
3155
3172
3172
3176
3176
3176
3176
3179
3180
3180
3186
3186
3221
3221
3221
3221
3221
3221
3221
3221
3221
3221
3221
3221
3221
3229
3229
3229
3229
3229
3229
3229
3236
3241
3241
3243
3249
3267
3267
3272
3273
3309
3332
3332
3332
3391
3392
3392
3437
3440
3490
3501
3513
3515
3519
3531
3534
3536
3542
3547
3565
3566
3568
3568
3569
3578
3581
3581
3598
3598
3598
3599
3606
3612
3613
3621
3633
3664
3664
3677
3686
3689
3689
3689
3711
3715
3724
3731
3732
3754
3754
3762
3762
3763
3763
3899
3903
3903
3909
3910
3914
3914
3921
3944
3944
3959
3960
3960
3976
3997
3997
3997
4032
4032
4032
4032
4032
4032
4032
4032
4045
4045
4052
4052
4062
4062
4062
4062
4062
4062
4062
4062
4062
4062
4062
4062
4062
4062
4062
4062
4062
4062
4064
4089
4089
4110
4110
4111
4111
4124
4124
4124
4124
4125
4126
4126
4127
4127
4129
4129
4129
4130
4138
4190
4213
4213
4213
4213
4224
4230
4232
4233
4342
4342
4342
4342
4342
4391
4488
4489
4539
4574
4574
4619
4619
4619
4619
4619
4619
4619
4619
4619
4619
4619
4619
4619
4619
4619
4619
4619
4636
4636
4638
4690
4690
4690
4690
4690
4690
4738
4765
4765
4766
4766
