4
7
8
9
10
10
10
11
13
14
21
21
22
22
26
27
27
27
27
28
29
29
29
29
30
31
31
32
32
33
33
33
33
33
34
34
34
36
43
51
51
53
53
54
54
54
54
57
59
59
60
60
60
60
62
65
65
65
68
69
70
72
73
73
73
74
75
80
80
82
83
85
88
93
93
93
94
95
96
99
100
100
100
100
100
100
100
100
100
100
101
101
101
104
105
105
106
106
107
108
108
108
108
110
110
110
110
111
112
112
112
113
113
114
114
114
114
115
116
117
122
123
123
124
127
130
131
133
136
136
141
145
148
180
192
198
231
278
294
331
396
413
480
494
498
500
503
506
510
510
514
538
547
551
560
563
566
587
619
621
621
665
665
665
675
675
679
685
688
716
724
754
757
762
781
783
786
786
788
792
800
803
805
805
815
830
833
842
854
858
858
892
894
901
903
955
959
959
959
959
965
968
975
977
981
984
984
984
985
985
985
985
985
985
985
987
989
989
990
994
996
1008
1026
1036
1060
1100
1100
1111
1113
1138
1148
1161
1173
1173
1174
1179
1181
1183
1184
1184
1187
1189
1190
1219
1229
1229
1229
1229
1229
1229
1229
1229
1229
1229
1229
1229
1229
1229
1230
1230
1230
1230
1236
1236
1236
1236
1236
1236
1236
1237
1237
1243
1253
1256
1267
1271
1276
1279
1280
1280
1280
1280
1280
1280
1280
1280
1281
1281
1281
1281
1281
1281
1281
1281
1281
1281
1281
1281
1281
1281
1281
1281
1281
1281
1281
1281
1281
1281
1281
1281
1281
1281
1281
1281
1281
1281
1281
1283
1284
1286
1286
1286
1286
1286
1286
1286
1286
1286
1286
1286
1286
1286
1286
1286
1286
1287
1287
1287
1287
1287
1287
1287
1287
1287
1287
1290
1290
1290
1290
1290
1290
1291
1291
1291
1291
1291
1291
1291
1291
1291
1291
1291
1291
1291
1291
1291
1291
1291
1295
1295
1295
1295
1295
1295
1296
1296
1296
1296
1296
1296
1296
1296
1296
1296
1296
1299
1299
1299
1300
1300
1300
1300
1301
1301
1301
1304
1310
1311
1311
1311
1316
1327
1337
1355
1355
1357
1358
1360
1361
1361
1361
1361
1361
1362
1363
1365
1368
1368
1368
1368
1369
1370
1373
1373
1373
1373
1373
1373
1373
1373
1373
1373
1373
1373
1373
1373
1373
1373
1375
1389
1403
1414
1417
1418
1421
1421
1425
1427
1446
1446
1447
1455
1459
1459
1466
1494
1521
1537
1561
1561
1563
1570
1582
1583
1584
1587
1591
1592
1592
1592
1592
1601
1605
1605
1619
1628
1634
1634
1634
1634
1634
1634
1636
1637
1637
1638
1641
1645
1648
1648
1657
1659
1659
1662
1663
1663
1663
1663
1668
1678
1684
1695
1699
1700
1700
1701
1701
1702
1707
1708
1708
1710
1710
1714
1716
1717
1720
1730
1732
1735
1735
1740
1743
1744
1747
1749
1753
1754
1757
1757
1760
1767
1779
1799
1810
1811
1824
1832
1841
1854
1864
1867
1869
1886
1893
1895
1909
1914
1927
1946
1956
1959
1963
1963
1971
1973
1976
1977
1980
1980
1980
1980
1980
1983
1983
1989
1989
1989
1994
1994
1994
2010
2010
2016
2017
2021
2022
2024
2030
2032
2052
2053
2058
2061
2065
2065
