5
9
10
10
12
13
14
14
15
16
16
20
20
20
20
20
21
21
21
24
25
25
25
26
26
26
27
27
27
27
28
28
28
28
28
28
28
29
29
29
29
29
29
30
30
30
31
31
31
31
31
31
31
31
31
32
32
32
33
34
35
35
35
35
36
37
37
37
38
38
38
38
41
41
42
45
48
49
49
49
49
49
49
49
50
51
52
52
53
54
54
54
55
55
56
58
60
61
62
63
63
66
74
77
86
87
89
91
92
92
92
93
93
93
94
94
94
96
97
97
98
98
99
99
99
99
99
100
100
100
101
103
103
105
106
106
106
107
108
114
116
117
120
124
130
138
138
138
138
138
138
140
141
142
146
147
151
151
152
152
153
153
153
154
154
154
156
156
160
170
170
172
175
176
176
176
179
184
187
188
188
190
190
200
210
211
216
222
224
240
241
242
242
242
245
258
259
261
263
273
285
297
341
343
345
353
355
376
398
399
403
415
448
469
471
503
506
519
534
541
549
564
564
571
576
577
577
578
578
585
588
598
612
613
626
627
628
628
638
641
644
652
678
681
697
710
724
738
782
787
797
808
816
820
829
839
839
842
843
856
861
880
888
896
897
901
910
921
922
922
924
929
934
938
942
943
949
954
957
961
971
972
978
1006
1012
1017
1019
1036
1059
1070
1081
1093
1116
1117
1130
1130
1130
1130
1130
1130
1130
1130
1131
1131
1131
1131
1131
1131
1131
1131
1135
1140
1171
1294
1302
1308
1309
1318
1322
1327
1328
1335
1347
1349
1364
1364
1364
1364
1366
1367
1368
1370
1374
1377
1377
1377
1377
1377
1377
1377
1377
1377
1377
1378
1380
1401
1414
1415
1417
1431
1435
1435
1436
1464
1465
1466
1468
1468
1468
1478
1512
1516
1526
1569
1569
1569
1570
1574
1582
1587
1592
1608
1608
1615
1619
1625
1625
1627
1629
1629
1638
1645
1665
1666
1666
1666
1666
1666
1666
1666
1666
1666
1666
1667
1667
1667
1668
1668
1670
1676
1676
1676
1676
1677
1677
1677
1677
1677
1677
1677
1677
1677
1677
1677
1677
1677
1677
1677
1677
1677
1677
1677
1677
1677
1677
1677
1677
1678
1678
1678
1686
1686
1686
1730
1798
1806
1843
1887
1914
1936
2070
2081
2111
2123
2123
2123
2123
2123
2123
2123
2128
2128
2128
2139
2178
2231
2245
2245
2257
2261
2272
2274
2301
2340
2376
2386
2420
2449
2484
2518
2518
2518
2518
2519
2519
2523
2524
2524
2525
2525
2527
2530
2530
2530
2530
2530
2530
2530
2530
2530
2530
2530
2530
2530
2530
2530
2532
2602
2603
2603
2603
2603
2607
2616
2619
2624
2674
2681
2807
2808
2821
2861
2862
2880
2883
2894
2902
2915
2925
2931
2936
2940
3039
3043
3060
3066
3069
3071
3109
3110
3119
3126
3127
3132
3152
3247
3274
3311
3370
3371
3374
3400
3576
3597
3613
3614
3620
3634
3634
3634
3634
3634
3634
3634
3634
3634
3634
3634
3634
3634
3634
3634
3634
3634
3634
3634
3634
3634
3635
3635
3635
3635
3635
3635
3635
3635
3635
3635
3635
3635
3635
3635
3635
3635
3637
