7
7
7
9
9
11
11
12
14
15
16
16
16
20
26
26
26
26
27
28
28
29
29
29
30
30
30
30
31
31
32
32
32
36
36
37
37
39
39
42
42
42
43
43
44
45
45
45
45
45
45
46
46
46
47
47
47
48
49
49
49
49
50
50
50
50
53
54
56
56
57
58
61
62
62
63
64
67
68
69
69
69
70
71
71
71
71
72
72
72
72
72
72
72
72
72
72
72
72
73
74
75
76
77
78
78
78
78
78
78
78
78
81
82
83
84
85
86
86
86
86
86
86
86
86
86
86
86
86
86
86
86
86
86
86
86
86
86
86
87
88
89
90
92
94
95
95
96
96
96
97
99
100
102
104
106
106
109
110
110
110
110
110
110
111
111
111
111
111
111
112
112
112
112
113
113
113
116
116
116
120
124
126
126
126
126
126
126
126
126
127
127
127
138
139
139
141
142
143
145
146
147
150
153
155
155
156
161
169
176
177
179
180
180
188
203
231
239
243
246
250
267
274
276
288
291
299
304
304
320
363
367
371
375
375
377
379
379
382
385
385
391
395
412
412
412
416
426
426
426
430
431
431
431
431
432
432
433
433
433
433
434
451
456
460
463
465
468
470
470
479
481
481
481
481
481
481
481
481
481
482
482
482
482
482
482
482
482
482
482
482
482
482
482
486
488
493
494
498
510
519
529
534
534
541
552
558
569
570
573
579
583
583
583
591
591
592
592
592
592
592
592
592
592
597
597
597
597
597
597
597
598
598
598
598
598
599
607
618
633
637
686
701
701
701
702
702
702
702
703
703
703
704
704
704
704
704
704
704
705
709
713
713
713
713
713
713
713
713
713
713
713
713
713
713
713
713
713
713
713
713
714
714
714
714
721
721
722
726
726
726
726
726
726
727
727
727
727
727
727
728
736
737
737
737
737
738
748
748
748
749
757
757
758
759
765
765
769
777
780
782
793
797
810
819
819
825
826
829
830
837
840
842
847
856
869
883
900
900
922
925
925
927
944
945
946
966
968
973
975
975
979
979
980
981
989
990
993
995
996
996
997
998
1001
1004
1008
1013
1017
1019
1022
1023
1023
1024
1025
1026
1040
1040
1043
1050
1052
1054
1056
1057
1058
1065
1067
1067
1071
1074
1074
1074
1074
1074
1074
1074
1074
1075
1076
1078
1078
1080
1082
1084
1086
1090
1093
1095
1096
1099
1106
1109
1112
1114
1114
1118
1122
1125
1128
1134
1134
1134
1135
1135
1135
1136
1138
1138
1139
1139
1140
1140
1140
1140
1140
1140
1141
1142
1155
1156
1157
1158
1159
1160
1161
1178
1179
1185
1187
1210
1220
1221
1223
1223
1223
1223
1223
1223
1223
1223
1223
1236
1241
1241
1242
1249
1254
1266
1267
1268
1281
1287
1291
1292
1293
1294
1298
1301
1307
1308
1309
1310
1312
1317
1318
1323
