5
10
12
13
15
16
18
18
19
21
22
23
23
24
25
26
26
26
26
27
28
28
29
29
29
30
30
30
30
30
30
31
31
31
31
31
31
32
33
35
35
35
40
40
41
43
44
45
45
45
48
49
49
49
53
53
55
56
57
57
57
58
59
63
63
65
66
68
69
70
70
71
72
74
80
80
80
80
81
81
83
83
86
87
90
91
92
93
97
100
101
101
103
103
103
104
104
104
105
106
107
107
108
108
109
110
111
111
111
112
112
114
115
115
115
115
115
116
116
116
116
116
116
116
117
117
117
117
117
117
118
118
121
121
122
122
124
129
130
130
132
137
138
140
157
157
166
170
171
175
176
177
178
190
191
198
203
205
209
210
217
239
243
245
248
257
263
287
289
290
290
294
313
318
319
320
327
331
332
333
334
334
334
342
342
350
351
351
351
352
352
352
352
352
352
352
352
352
352
352
352
355
364
375
375
375
375
375
375
388
394
400
428
432
432
447
452
462
483
493
524
526
528
529
531
533
533
538
540
543
548
552
553
556
557
560
560
560
573
581
585
587
589
592
598
602
604
606
607
617
619
621
632
639
643
644
648
649
649
651
654
661
680
680
681
681
681
681
681
681
681
681
682
682
682
682
682
684
691
695
695
697
697
697
697
697
698
698
698
698
698
704
704
704
704
704
709
713
721
721
721
722
723
727
733
735
737
738
740
743
749
750
753
762
771
771
776
776
787
788
791
793
805
806
809
814
814
814
815
816
816
816
818
819
819
819
819
819
819
819
819
819
819
819
819
819
820
823
825
825
825
825
826
826
826
827
827
827
828
828
829
829
829
829
829
829
829
829
829
829
829
830
830
830
830
830
830
830
833
834
834
835
835
835
839
839
839
839
839
839
840
840
840
842
842
842
842
842
842
842
843
843
843
843
843
843
843
843
843
843
843
843
843
847
848
848
848
849
851
851
851
852
853
853
853
861
865
875
875
876
878
879
883
883
883
883
883
883
883
883
883
885
890
892
897
897
898
909
913
913
913
913
924
925
926
934
934
938
938
942
943
948
950
953
954
959
959
959
959
959
960
960
960
960
960
960
960
960
960
960
960
960
960
960
960
960
960
960
960
960
960
960
960
960
960
960
960
960
960
960
960
960
960
960
960
960
960
960
960
960
960
960
961
961
961
961
961
961
967
967
973
987
991
992
992
992
995
995
996
997
999
1001
1006
1015
1015
1016
1016
1026
1027
1028
1028
1028
1028
1029
1030
1034
1036
1037
1039
1048
1055
1056
1068
1068
1071
1078
1079
1080
1084
1086
1089
1092
1099
1105
1131
1144
1144
1150
1154
1167
1167
1169
1171
1172
1173
1174
1178
1207
1207
1220
1222
1222
1222
1222
1222
1222
1222
1222
1222
