9
9
9
10
11
11
12
13
15
16
17
17
17
18
19
19
21
22
23
25
26
27
28
30
34
34
36
39
40
40
45
46
54
54
56
56
57
57
57
60
63
63
63
63
64
65
65
66
66
66
66
66
67
69
69
69
70
70
70
70
70
72
73
73
73
73
73
73
73
73
73
73
73
73
73
73
73
73
73
73
73
73
73
74
74
74
74
74
76
77
77
77
78
79
79
79
79
79
79
80
80
80
80
80
80
80
80
82
83
83
85
86
87
87
87
88
88
88
93
93
101
103
103
106
108
110
113
116
117
117
117
118
119
119
119
119
119
119
120
120
121
121
121
123
124
125
125
135
137
137
138
139
151
153
156
156
156
156
156
156
156
156
156
156
156
157
157
157
157
157
157
157
157
157
157
157
157
157
157
157
157
157
158
158
159
159
161
162
162
162
162
162
162
162
162
162
163
163
163
163
163
163
163
164
164
164
165
168
168
168
168
177
186
186
188
203
209
217
223
224
227
227
228
228
228
228
228
230
232
233
233
233
233
233
233
234
234
235
238
239
261
270
274
274
274
287
287
293
298
298
298
298
298
298
298
298
298
304
330
333
334
339
385
386
388
395
396
408
409
438
444
454
459
459
460
462
466
467
472
476
478
479
480
486
489
491
499
500
518
524
527
535
536
540
541
541
547
556
564
564
564
571
578
578
578
578
578
589
595
596
599
603
605
606
609
609
610
617
641
652
653
657
671
674
677
718
721
723
723
723
725
725
731
731
731
732
732
733
741
742
745
781
781
809
839
887
896
901
921
936
958
963
983
984
990
995
996
1011
1044
1051
1051
1058
1063
1064
1066
1069
1076
1089
1122
1139
1158
1228
1235
1245
1254
1264
1275
1283
1295
1312
1318
1326
1352
1354
1355
1371
1374
1402
1415
1416
1417
1417
1417
1417
1417
1418
1418
1418
1418
1423
1423
1423
1423
1423
1423
1424
1424
1424
1424
1424
1424
1424
1424
1424
1424
1424
1424
1424
1424
1424
1424
1424
1425
1425
1425
1425
1425
1425
1425
1425
1425
1425
1425
1425
1425
1425
1425
1425
1425
1425
1425
1425
1425
1426
1428
1429
1430
1430
1430
1430
1431
1431
1434
1437
1438
1446
1450
1453
1456
1464
1467
1472
1473
1484
1491
1495
1515
1515
1516
1517
1527
1532
1539
1544
1548
1551
1551
1558
1559
1564
1573
1579
1609
1613
1613
1619
1619
1629
1630
1634
1711
1721
1740
1743
1743
1743
1743
1750
1772
1772
1777
1777
1786
1787
1791
1803
1832
1843
1871
1915
1923
1923
1923
1923
1923
1924
1924
1932
1937
1995
2009
2011
2012
2018
2020
2028
2035
2047
2054
2064
2076
2104
2105
2106
2116
2123
2126
2130
2132
2133
2142
2144
2153
2157
2159
2163
2165
2221
2225
2263
2275
2297
2322
2324
2325
2327
2328
2352
2406
2408
2452
2476
2476
2476
2477
2477
2477
2477
2490
2491
2546
2555
2555
2556
2556
2581
2634
2635
2694
2699
2743
2745
2765
2773
2780
2780
