0
2
3
3
3
4
5
5
7
8
8
8
9
9
9
9
9
9
9
10
10
10
10
11
12
13
13
14
15
15
15
15
16
17
17
17
18
19
19
19
20
20
21
21
22
22
22
22
23
23
23
24
24
24
24
24
24
24
24
24
25
25
26
26
26
26
27
28
28
28
28
28
28
29
29
29
30
30
30
30
30
30
31
31
31
31
31
31
31
31
31
31
31
32
32
32
32
32
32
32
32
32
32
32
32
33
33
33
33
33
33
33
33
33
33
33
33
33
33
33
33
33
34
34
34
34
34
34
34
34
34
34
34
35
35
35
35
35
35
35
35
35
36
36
36
36
36
36
36
36
36
37
37
37
37
37
37
37
37
38
38
38
38
38
38
38
38
38
39
39
39
39
39
39
40
40
40
40
41
41
42
42
43
44
44
44
44
45
45
45
45
46
46
46
47
48
49
49
49
50
50
50
50
50
51
51
52
52
52
52
53
53
53
53
53
53
53
53
53
53
53
53
53
54
54
54
54
54
54
54
54
54
55
55
55
55
55
55
55
55
55
56
56
56
56
56
56
56
56
56
56
56
56
56
57
57
57
57
58
59
59
59
59
60
60
61
61
62
62
62
62
62
63
63
63
63
64
65
65
65
66
66
67
68
69
69
69
69
70
71
71
72
73
73
73
74
74
75
75
75
75
75
75
76
76
76
76
76
78
79
80
80
80
82
82
82
82
83
83
83
83
83
84
84
85
86
86
86
86
87
88
88
88
89
89
89
89
90
92
92
93
93
93
93
93
93
93
94
94
94
94
94
94
95
95
96
96
97
98
98
98
98
99
99
99
100
100
101
101
101
101
102
102
102
102
103
103
103
104
104
104
105
105
105
105
105
105
105
106
106
106
106
106
107
108
109
109
110
110
110
110
110
110
111
111
112
112
112
112
112
112
112
112
112
112
112
112
112
112
113
113
113
114
114
115
115
115
115
115
116
116
116
116
117
117
117
118
118
120
121
122
122
122
122
123
124
124
124
125
126
127
127
128
129
130
130
130
130
130
130
131
131
131
131
132
132
133
134
135
135
135
135
136
138
139
141
141
141
141
142
142
142
143
143
144
144
144
144
144
144
145
145
146
146
147
147
148
149
149
149
149
150
150
151
152
153
153
154
155
155
156
156
158
158
158
161
161
162
162
163
164
164
165
165
165
165
166
166
166
166
166
166
167
167
167
167
168
169
169
169
169
170
170
170
171
171
171
171
172
173
173
173
175
175
175
176
176
177
178
179
179
179
179
180
180
180
180
181
181
181
181
181
182
182
182
182
182
182
182
182
183
183
183
183
183
183
183
184
184
184
184
184
184
185
185
185
185
186
186
187
187
187
187
187
188
188
188
188
188
189
189
189
189
190
191
191
191
191
192
192
192
192
193
193
193
193
194
194
194
195
195
195
195
195
196
197
197
198
198
198
198
199
199
199
200
200
200
200
200
200
201
201
201
201
202
202
202
202
203
203
203
203
204
204
204
205
206
207
207
207
208
208
209
209
209
210
210
210
211
211
211
212
212
213
215
215
215
215
215
216
216
216
217
217
218
218
218
218
218
219
219
219
220
220
220
220
220
220
221
221
221
221
221
222
222
222
222
222
222
223
223
223
224
224
224
225
225
225
226
227
227
227
227
227
227
228
228
228
229
229
229
230
230
231
232
232
232
233
233
233
233
233
233
234
234
234
234
234
235
235
235
235
236
236
236
236
237
237
237
237
237
237
238
238
238
238
239
239
239
240
240
240
240
240
241
241
242
242
242
243
243
243
243
243
243
244
244
244
244
244
244
244
245
245
245
246
246
246
247
247
247
247
248
248
249
249
250
250
251
251
252
252
253
253
253
255
255
256
257
257
257
257
258
258
258
259
261
262
263
263
264
264
265
265
265
267
267
268
268
269
269
270
272
274
274
274
274
279
284
287
287
289
291
293
294
299
301
309
310
318
319
320
321
323
327
329
336
356
402
403
406
407
407
409
410
410
412
414
414
414
414
415
415
417
417
417
425
425
425
425
425
425
426
426
426
426
426
426
426
426
426
426
427
427
427
427
428
428
430
431
431
433
434
438
438
438
441
442
443
444
446
447
447
447
448
450
450
453
454
455
456
457
458
458
458
459
459
460
461
463
463
463
463
463
463
463
464
466
467
467
467
468
468
469
470
470
470
474
478
480
481
487
489
490
490
490
490
491
491
494
495
498
499
504
504
507
507
507
509
510
511
512
513
513
513
514
514
515
515
515
516
522
522
526
527
528
529
529
533
538
540
542
543
547
547
548
550
550
550
551
551
554
554
555
557
560
566
567
569
578
583
586
601
606
610
618
628
637
682
682
683
721
721
726
727
727
730
730
731
736
737
741
744
745
745
745
745
745
746
746
759
761
768
772
776
776
776
777
777
781
781
782
785
785
785
788
789
790
790
792
792
795
796
798
799
799
799
799
799
799
799
800
800
800
800
800
800
800
800
800
800
801
801
801
802
802
802
802
802
803
803
803
803
803
803
803
803
804
804
804
804
804
804
804
804
804
804
805
805
805
805
805
807
809
809
810
811
812
812
815
815
815
815
816
821
821
821
822
822
822
822
822
823
823
823
825
826
826
827
827
828
828
829
829
829
830
830
830
830
831
831
831
832
833
835
836
839
839
839
839
840
840
840
841
842
845
845
846
846
846
847
847
849
849
850
851
854
855
859
859
867
868
868
868
871
873
874
890
890
891
902
912
966
968
976
977
982
986
991
992
992
993
994
997
997
997
998
1004
1004
1006
1009
1013
1015
1016
1017
1017
1018
1027
1030
1034
1034
1035
1036
1050
1050
1051
1051
1053
1054
1054
1054
1055
1055
1055
1055
1056
1056
1056
1058
1058
1059
1059
1060
1060
1060
1060
1061
1061
1062
1062
1063
1064
1065
1071
1071
1072
1072
1073
1075
1077
1077
1078
1079
1079
1079
1083
1086
1086
1087
1087
1088
1089
1089
1090
1091
1092
1092
1097
1098
1099
1099
1100
1100
1100
1100
1100
1100
1101
1101
1101
1102
1102
1102
1102
1103
1105
1105
1105
1107
1108
1109
1109
1109
1109
1111
1114
1115
1118
1120
1120
1120
1121
1121
1121
1122
1122
1122
1122
1122
1122
1122
1123
1123
1124
1124
1124
1124
1125
1125
1125
1125
1126
1126
1127
1128
1128
1129
1129
1129
1129
1130
1130
1130
1131
1133
1135
1136
1136
1136
1137
1137
1140
1141
1141
1150
1151
1152
1152
1152
1153
1156
1158
1159
1161
1167
1171
1172
1172
1174
1175
1176
1177
1177
1177
1177
1178
1178
1180
1180
1181
1181
1181
1181
1181
1181
1181
1181
1182
1183
1183
1185
1187
1193
1194
1196
1205
1213
1214
1214
1215
1215
1218
1220
1223
1228
1229
1235
1235
1244
1250
1251
1252
1259
1264
1280
1281
1287
1290
1296
1296
1297
1303
1313
1315
1319
1330
1334
1336
1337
1342
1348
1366
1366
1368
1369
1379
1382
1386
1386
1389
1389
1390
1391
1391
1391
1391
1391
1393
1393
1394
1395
1396
1396
1397
1397
1397
1397
1397
1397
1397
1397
1398
1398
1398
1398
1398
1398
1398
1398
1399
1399
1399
1400
1400
1401
1401
1401
1402
1402
1402
1402
1402
1403
1403
1403
1403
1403
1403
1403
1403
1404
1404
1404
1404
1405
1405
1405
1405
1405
1405
1405
1407
1408
1408
1408
1409
1409
1409
1409
1418
1419
1421
1424
1424
1425
1425
1425
1425
1425
1425
1425
1425
1426
1426
1426
1426
1426
1426
1426
1426
1426
1428
1428
1428
1429
1429
1429
1430
1431
1432
1433
1433
1433
1433
1433
1434
1435
1435
1437
1437
1437
1437
1438
1438
1439
1439
1439
1439
1439
1440
1440
1440
1440
1440
1440
1440
1440
1440
1440
1440
1441
1441
1441
1442
1442
1442
1443
1443
1443
1443
1443
1443
1444
1445
1446
1446
1446
1447
1447
1448
1448
1449
1449
1449
1450
1451
1451
1451
1451
1451
1452
1452
1452
1452
1453
1454
1455
1455
1455
1455
1455
1456
1456
1456
1457
1458
1458
1458
1458
1461
1462
1462
1462
1463
1463
1463
1464
1464
1464
1465
1467
1467
1468
1468
1469
1469
1469
1470
1471
1472
1472
1473
1473
1474
1476
1477
1477
1479
1480
1481
1482
1482
1484
1485
1486
1486
1488
1488
1489
1489
1490
1490
1493
1496
1497
1499
1499
1500
1501
1501
1501
1502
1506
1507
1507
1508
1509
1514
1514
1515
1516
1517
1517
1520
1522
1522
1525
1527
1529
1531
1532
1538
1539
1539
1541
1541
1541
1543
1543
1543
1544
1546
1546
1549
1552
1552
1553
1553
1553
1554
1554
1554
1556
1557
1558
1559
1559
1559
1559
1559
1560
1561
1561
1561
1563
1565
1570
1570
1571
1572
1580
1581
1582
1582
1583
1583
1587
1588
1588
1588
1589
1589
1589
1590
1590
1590
1590
1590
1590
1590
1593
1595
1597
1597
1597
1603
1604
1605
1605
1608
1608
1610
1612
1612
1616
1616
1618
1620
1621
1621
1621
1621
1625
1627
1630
1631
1631
1633
1636
1639
1639
1639
1639
1639
1639
1639
1640
1640
1640
1641
1641
1642
1644
1647
1648
1648
1648
1649
1650
1651
1654
1654
1656
1657
1657
1658
1658
1662
1662
1663
1664
1664
1664
1665
1665
1666
1666
1666
1666
1666
1667
1670
1670
1671
1671
1672
1672
1673
1673
1675
1675
1677
1679
1679
1680
1680
1681
1688
1689
1693
1693
1694
1696
1698
1698
1699
1701
1701
1702
1703
1705
1707
1711
1712
1712
1714
1714
1715
1717
1718
1720
1722
1730
1731
1736
1738
1739
1741
1745
1754
1755
1790
1821
1862
1864
1923
1925
1930
1932
1933
1936
1937
1938
1939
1944
1947
1948
1949
1977
1979
1980
1988
1989
1989
1989
1990
1990
1990
2000
2003
2003
2003
2003
2004
2008
2008
2009
2009
2009
2011
2022
2023
2036
2047
2062
2070
2071
2072
2073
2079
2080
2082
2091
2106
2108
2115
2115
2123
2126
2132
2133
2133
2134
2134
2141
2173
2177
2217
2220
2230
2230
2231
2231
2233
2237
2239
2239
2241
2248
2249
2249
2249
2254
2254
2255
2255
2256
2256
2256
2287
2301
2302
2309
2321
2321
2331
2332
2335
2336
2336
2337
2345
2365
2378
2412
2485
2490
2497
2498
2509
2514
2518
2519
2528
2542
2560
2601
2601
2607
2623
2625
2625
2627
2639
2640
2641
2643
2643
2646
2646
2647
2648
2649
2651
2654
2655
2657
2662
2665
2666
2709
2722
2729
2729
2747
2748
2764
2764
2800
2812
2814
2817
2819
2828
2831
2832
2832
2835
2835
2838
2839
2839
2840
2842
2842
2843
2845
2845
2845
2846
2847
2847
2850
2850
2851
2851
2852
2854
2855
2863
2865
2872
2879
2880
2881
2882
2891
2908
2910
2913
2915
2916
2919
2923
2928
2934
2943
2944
2944
2944
2944
2945
2945
2945
2948
2949
2949
2950
2950
2953
2954
2955
2956
2957
2957
2958
2958
2959
2959
2960
2960
2961
2962
2965
2971
2972
2972
2972
2974
2974
2974
2976
2976
2977
2977
2978
2979
2980
2982
2983
2983
2988
2990
2990
2990
2991
2993
2993
2993
2993
2993
2994
2994
2994
2994
2994
2994
2994
2994
2995
2997
2998
3001
3002
3002
3003
3004
3007
3010
3016
3016
3017
3017
3017
3017
3017
3018
3025
3027
3027
3029
3029
3030
3033
3033
3034
3038
3039
3045
3045
3046
3049
3053
3054
3070
3084
3090
3093
3098
3099
3101
3102
3103
3105
3109
3111
3124
3124
3125
3142
3142
3151
3151
3153
3274
3276
3277
3279
3281
3284
3284
3298
3298
3299
3300
3305
3305
3314
3331
3342
3349
3350
3355
3372
3372
3381
3386
3394
3401
3408
3418
3493
3493
3524
3526
3532
3594
3617
3636
3643
3644
3649
3651
3656
3657
3674
3774
3774
3784
3785
3785
3786
3801
3807
3811
3811
3812
3820
3828
3911
3932
3947
3948
3950
3950
3953
3955
3956
3959
3969
3984
3990
3992
3997
4169
4177
4178
4184
4192
4192
4195
4232
4233
4235
4239
4239
4239
4240
4241
4244
4245
4245
4245
4245
4245
4246
4248
4248
4251
4252
4252
4252
4253
4257
4257
4260
4262
4262
4262
4263
4265
4266
4266
4268
4268
4274
4275
4275
4275
4277
4278
4280
4282
4294
4294
4297
4303
4315
4316
4316
4318
4325
4331
4361
4361
4365
4383
4385
4394
4396
4398
4420
4420
4420
4431
4436
4437
4445
4447
4448
4448
4449
4450
4453
4455
4455
4458
4458
