0
2
2
2
3
3
3
4
5
6
6
6
7
7
7
7
8
8
8
8
9
9
9
9
9
9
10
10
10
10
10
11
11
11
11
11
12
13
13
13
13
14
14
14
14
15
15
15
15
15
15
15
16
16
16
16
17
17
17
18
18
19
19
19
19
19
20
20
20
20
20
20
20
20
20
20
20
20
20
21
21
21
21
21
21
21
21
21
21
21
21
22
22
22
22
22
22
22
22
22
22
22
22
22
22
22
22
22
22
23
23
23
23
23
23
23
23
23
23
23
23
23
23
23
24
24
24
24
24
24
24
24
24
24
24
24
24
24
24
24
24
25
25
25
25
25
25
25
25
25
25
25
25
25
25
25
25
25
25
26
26
26
26
26
26
26
26
27
27
27
27
27
27
27
27
28
28
28
28
28
28
28
28
28
28
28
29
29
29
29
29
29
29
29
29
30
30
30
30
30
30
30
30
30
30
30
30
31
31
31
31
31
31
31
31
31
31
31
31
32
32
32
32
32
32
32
33
33
33
33
34
34
34
34
35
35
35
35
35
35
36
36
36
36
37
37
37
37
37
37
37
37
37
37
37
37
37
37
37
37
38
38
38
38
38
38
38
38
38
38
38
38
38
38
39
39
39
39
39
39
39
39
39
39
39
39
40
40
40
40
40
40
40
40
40
40
41
41
41
42
42
42
42
42
42
42
43
43
43
44
44
44
44
44
44
45
45
45
45
45
45
45
45
45
45
46
46
46
46
46
46
46
46
46
47
47
47
47
47
48
48
48
48
48
48
48
48
48
49
49
49
49
50
50
50
50
50
51
51
51
51
51
51
51
51
51
51
52
52
52
52
52
53
53
53
53
53
53
54
54
54
54
54
54
54
54
54
55
55
55
55
55
55
55
55
55
56
56
56
57
57
57
57
57
58
58
58
58
58
58
58
58
59
59
59
60
60
60
60
60
61
61
61
61
61
61
62
62
62
62
62
62
63
63
63
64
64
64
64
64
65
65
65
65
67
67
67
67
67
67
67
67
67
67
68
68
68
68
69
69
69
69
69
69
69
69
70
70
70
70
70
71
71
71
71
71
71
71
72
72
72
72
73
73
73
73
74
74
74
76
76
76
76
76
76
76
76
76
76
76
77
77
77
77
77
77
78
78
78
78
78
78
78
78
78
79
79
79
79
79
79
79
80
81
81
81
81
81
81
82
82
82
82
82
83
83
83
83
83
84
84
84
84
84
85
85
85
85
85
85
85
86
86
86
87
87
87
87
87
87
88
88
88
88
89
89
89
89
89
89
89
89
89
89
90
90
90
90
90
90
91
91
91
91
91
91
91
91
91
91
91
91
92
92
92
92
93
93
93
93
93
93
94
94
94
94
95
95
95
95
95
95
95
96
96
96
96
96
96
97
97
97
97
98
98
98
98
99
99
100
100
100
100
101
101
101
102
102
102
103
103
104
104
104
104
104
104
105
105
106
106
106
106
107
107
107
107
107
107
107
107
108
108
108
109
109
109
109
110
110
110
110
110
111
111
111
111
112
112
112
113
113
114
114
115
115
116
116
116
116
116
116
116
116
117
117
117
117
117
117
117
117
117
118
118
118
118
119
119
119
119
120
120
120
120
120
120
120
121
121
121
121
121
121
122
122
122
122
122
123
123
123
123
123
124
124
124
124
124
124
124
124
125
125
125
125
126
126
126
126
127
127
127
129
129
129
130
130
130
130
131
131
131
131
132
133
134
134
134
135
136
136
136
138
138
138
139
139
139
139
140
140
140
141
141
141
141
141
141
141
141
141
141
141
142
142
142
142
142
142
142
142
142
143
143
143
143
143
143
143
144
144
144
144
144
144
144
145
145
145
145
146
146
146
146
146
146
146
147
147
147
147
147
148
148
149
149
149
149
149
149
150
150
150
150
150
150
150
150
150
150
151
151
151
151
151
151
151
151
151
151
151
152
152
152
152
152
152
152
152
152
152
152
153
153
153
153
153
153
154
154
154
155
155
155
155
156
156
156
156
156
156
156
157
157
157
158
159
159
159
159
159
159
160
160
160
160
160
160
161
161
161
161
162
162
162
162
162
162
163
163
163
163
163
163
164
164
164
164
165
165
165
166
166
166
166
166
166
166
166
167
167
167
167
167
168
168
168
168
168
168
169
169
169
169
169
169
169
169
169
169
170
170
170
170
170
170
170
170
170
170
170
170
170
171
171
171
171
171
171
171
171
171
171
171
171
171
171
171
171
172
172
172
172
172
172
172
172
172
172
172
172
172
173
173
173
173
173
173
173
173
173
173
173
173
173
173
173
174
174
174
174
174
174
174
174
174
174
174
175
175
176
176
176
176
177
177
177
177
177
177
177
177
177
177
177
177
178
178
178
178
178
178
178
178
178
178
178
178
178
178
178
178
178
178
179
179
179
179
180
180
181
181
181
181
181
181
181
181
181
181
181
181
182
182
182
182
182
182
183
183
183
183
183
183
184
184
184
184
184
184
184
184
185
185
185
185
185
185
185
186
186
186
186
186
186
186
186
186
186
186
186
186
187
187
188
189
189
189
189
190
190
190
191
191
191
191
191
191
191
191
191
191
192
192
192
193
193
193
194
194
194
194
194
195
195
195
195
196
196
197
197
197
197
197
197
197
198
198
198
198
198
198
198
198
198
199
199
199
199
199
199
199
199
199
199
200
200
200
200
200
200
201
201
201
201
201
201
201
201
201
201
201
201
202
202
202
202
202
202
202
202
203
203
203
203
204
204
204
204
204
204
205
205
205
205
205
205
206
206
206
206
206
207
207
207
207
207
208
208
208
208
209
210
210
210
210
210
211
211
211
211
211
211
211
211
211
212
212
212
212
212
212
213
213
213
213
213
213
213
213
214
214
214
215
215
215
216
216
216
216
216
216
217
217
217
217
217
217
217
217
217
217
218
218
218
218
218
218
218
219
219
219
219
219
219
220
220
220
220
220
220
220
220
220
220
220
221
221
221
221
222
222
222
223
223
223
223
223
223
223
223
223
223
224
224
224
224
224
224
224
224
224
224
224
224
224
224
224
224
224
225
225
225
225
225
225
225
225
225
226
226
226
226
226
226
226
226
226
227
227
227
228
229
229
230
231
231
231
231
232
232
232
232
232
232
232
233
233
233
233
234
234
234
235
235
235
236
236
236
236
236
237
237
237
237
237
238
238
238
238
239
239
240
241
241
241
242
242
242
243
244
244
246
246
246
246
246
246
246
247
247
248
248
248
248
249
249
249
249
250
250
250
250
250
251
251
251
251
251
251
251
252
252
252
252
252
252
252
253
253
254
254
254
254
254
255
255
255
255
255
255
255
255
255
255
256
256
256
256
256
256
257
257
257
257
257
257
258
259
260
260
260
260
261
261
261
261
262
262
262
262
262
263
263
263
263
263
264
264
264
264
265
265
265
265
265
266
266
266
266
267
267
268
269
270
270
271
271
271
271
272
273
274
274
274
275
275
276
279
281
281
283
284
285
286
286
286
287
287
287
288
289
290
291
293
294
295
295
298
299
299
300
301
303
303
305
306
307
307
308
309
309
309
310
310
310
310
311
311
312
313
317
318
320
321
321
323
324
324
325
326
326
326
329
331
333
336
336
336
338
338
338
338
339
339
339
339
340
340
342
343
346
346
347
348
348
348
349
352
353
354
355
355
356
357
358
358
359
360
361
361
362
362
362
365
365
367
369
369
369
371
371
374
381
385
392
393
395
395
398
398
400
400
401
401
402
402
403
406
407
407
407
407
408
410
411
411
411
416
416
419
420
421
422
422
426
427
427
428
428
429
429
430
430
431
431
433
434
434
435
436
436
438
440
440
440
441
441
441
442
446
446
446
446
446
447
447
447
447
449
449
449
450
451
451
451
452
453
454
460
462
462
463
463
464
466
466
468
472
472
475
475
475
477
477
477
478
479
479
479
480
481
482
482
483
484
484
486
489
494
494
495
497
498
499
499
503
506
511
511
511
512
513
517
517
519
522
523
526
526
528
529
539
547
548
549
550
551
551
552
552
554
554
554
554
556
556
556
557
558
558
558
559
565
565
565
566
569
569
569
569
569
569
570
570
575
576
578
579
579
579
579
580
580
580
582
587
587
588
588
588
590
591
592
592
594
600
602
603
603
603
604
613
621
622
623
625
627
628
630
631
639
645
646
648
655
656
656
657
660
662
662
663
664
665
667
667
667
673
674
676
677
691
700
700
701
701
701
705
712
720
721
724
729
730
733
738
740
741
741
741
742
745
748
748
748
748
749
749
750
751
758
759
760
760
763
770
771
771
773
774
774
774
775
778
781
781
784
784
784
785
786
787
788
790
790
794
797
799
799
800
803
807
808
808
812
817
822
823
825
826
827
828
830
835
836
837
838
840
840
841
842
843
845
846
848
848
849
850
851
851
852
854
859
861
861
869
870
870
870
870
873
874
875
875
875
876
876
878
881
884
884
885
886
890
892
895
895
895
913
917
918
919
924
924
924
924
926
929
930
932
939
942
942
943
947
954
955
962
965
967
971
973
975
977
980
981
984
986
991
992
999
999
1000
1007
1008
1013
1015
1016
1024
1024
1024
1025
1025
1032
1033
1036
1036
1036
1039
1043
1044
1045
1045
1048
1052
1064
1065
1066
1069
1071
1082
1097
1097
1099
1104
1105
1106
1106
1106
1108
1108
1110
1111
1116
1119
1119
1120
1121
1123
1124
1129
1130
1131
1132
1133
1136
1136
1136
1138
1140
1142
1142
1146
1147
1148
1148
1148
1149
1149
1150
1153
1153
1153
1154
1156
1156
1156
1157
1160
1162
1166
1175
1175
1179
1182
1182
1190
1199
1207
1207
1209
1221
1223
1224
1226
1226
1227
1227
1230
1230
1231
1232
1232
1233
1235
1235
1236
1238
1239
1240
1240
1240
1241
1242
1244
1245
1246
1251
1260
1260
1264
1266
1269
1269
1270
1275
1278
1279
1288
1295
1304
1312
1321
1321
1321
1324
1326
1347
1348
1351
1354
1356
1362
1363
1368
1368
1369
1371
1372
1374
1375
1375
1375
1376
1376
1377
1378
1378
1378
1379
1382
1383
1383
1383
1383
1384
1394
1399
1402
1404
1405
1414
1414
1419
1423
1424
1424
1424
1429
1431
1435
1435
1443
1445
1445
1445
1446
1446
1446
1446
1446
1446
1446
1446
1450
1452
1454
1457
1464
1465
1467
1468
1472
1476
1485
1494
1495
1496
1497
1498
1498
1499
1501
1501
1503
1507
1508
1512
1516
1517
1518
1519
1523
1523
1524
1525
1525
1526
1529
1529
1531
1532
1534
1534
1535
1539
1539
1541
1541
1542
1544
1544
1544
1548
1548
1548
1549
1549
1550
1550
1551
1552
1553
1554
1554
1554
1560
1561
1564
1566
1566
1571
1571
1572
1573
1578
1578
1579
1580
1582
1587
1589
1589
1590
1590
1591
1591
1593
1593
1594
1594
1599
1599
1599
1599
1599
1599
1599
1599
1599
1599
1600
1611
1612
1613
1614
1616
1617
1618
1619
1621
1622
1622
1624
1626
1630
1632
1633
1634
1641
1650
1653
1654
1660
1667
1667
1668
1671
1671
1672
1672
1672
1672
1673
1677
1680
1680
1682
1682
1684
1684
1687
1687
1693
1698
1698
1700
1703
1707
1707
1709
1711
1717
1724
1728
1730
