0
2
3
3
4
5
5
6
6
8
9
9
9
10
10
11
11
11
12
12
12
12
12
13
13
13
13
13
13
13
14
14
14
15
15
15
15
16
16
17
17
17
17
17
17
17
18
18
18
18
19
19
19
19
19
19
19
19
19
19
19
19
19
19
20
20
20
20
20
20
20
20
20
20
20
20
20
20
20
20
20
20
20
20
20
21
21
22
22
22
22
22
23
23
23
23
24
24
24
25
25
26
26
27
27
27
27
27
28
28
29
29
29
29
30
30
31
31
31
31
32
32
32
32
32
33
33
33
33
33
33
33
34
34
34
35
35
35
35
35
35
35
36
36
36
36
36
36
36
36
36
37
37
37
37
37
37
37
37
37
37
37
38
38
38
38
38
38
38
38
38
39
39
39
39
39
39
39
39
39
40
40
40
40
40
40
40
40
40
40
41
41
41
41
41
41
41
42
42
42
43
43
43
43
43
44
44
44
44
45
46
46
47
47
47
47
48
48
48
48
48
49
49
50
51
51
51
52
52
52
52
52
53
53
53
54
54
54
55
55
55
56
57
57
58
58
59
59
59
60
60
60
60
60
60
61
61
61
61
61
62
62
62
62
63
63
63
64
64
64
65
65
65
66
66
66
66
66
66
66
67
67
67
67
67
67
67
67
67
67
68
68
68
68
68
68
68
68
69
69
69
69
69
70
70
70
70
70
70
70
70
71
71
71
71
71
71
71
71
71
71
71
72
72
73
73
73
73
74
74
74
74
74
75
75
76
76
76
76
76
77
77
77
77
77
78
78
78
79
79
79
79
80
80
80
80
80
80
80
80
81
81
81
81
81
81
81
82
82
82
82
82
83
83
83
84
84
84
86
86
86
86
86
86
87
87
88
88
89
89
90
90
90
90
90
90
92
92
93
93
93
93
93
93
93
93
94
94
94
94
94
94
94
94
94
94
94
95
95
95
95
95
96
97
97
97
97
97
97
97
98
98
98
98
98
98
98
99
99
99
100
100
100
100
101
101
101
101
101
101
101
101
101
101
101
101
101
102
102
102
102
102
102
102
102
102
102
102
102
102
102
103
103
103
103
103
103
103
103
104
104
104
104
104
105
105
105
106
107
107
107
107
107
108
108
108
108
108
108
108
109
109
109
109
109
110
110
110
111
111
112
112
112
112
113
113
113
113
113
114
114
114
115
115
115
115
115
115
116
116
116
117
117
117
117
118
118
119
119
120
120
120
121
121
122
123
123
123
123
123
124
124
124
124
125
125
125
125
125
125
125
126
126
128
128
128
128
129
129
129
130
130
131
132
132
133
133
133
133
133
134
134
134
134
134
134
135
135
135
135
135
135
135
135
135
136
137
137
137
138
138
138
138
139
139
139
139
139
140
140
140
141
141
142
142
142
143
143
143
143
143
144
144
144
145
145
145
146
146
146
147
147
147
147
147
148
148
148
148
148
149
149
149
149
149
150
150
151
151
151
152
152
152
152
152
152
152
153
153
153
153
153
154
154
154
154
154
154
154
154
155
155
155
155
156
156
156
156
156
156
157
157
157
157
157
157
158
158
159
159
159
160
161
161
161
161
162
162
163
163
163
163
163
164
164
164
164
164
164
164
164
165
165
165
165
166
166
166
166
166
166
166
167
167
167
167
168
169
169
169
169
169
170
170
171
171
171
171
171
172
172
172
172
172
172
172
172
172
173
173
173
173
173
173
174
174
174
174
175
175
175
176
177
177
177
178
179
179
180
180
181
181
181
181
182
182
182
182
182
183
183
183
184
184
184
184
184
184
184
184
185
185
186
186
186
187
187
187
188
188
189
189
189
190
190
190
190
190
191
191
191
191
192
192
192
192
192
193
193
193
193
193
193
193
193
194
194
196
196
196
197
197
198
198
198
198
198
199
199
199
200
200
200
201
201
202
202
202
202
202
203
203
203
203
203
204
204
204
204
206
207
207
208
210
211
212
213
216
217
217
218
218
218
219
219
219
219
220
220
222
222
223
224
225
225
227
228
228
228
229
229
230
230
231
232
232
236
237
244
245
247
249
249
249
249
250
250
250
251
251
251
251
251
251
251
252
252
254
255
255
256
258
263
264
265
267
272
272
275
277
277
279
280
283
284
286
290
297
297
303
304
305
307
307
308
309
312
313
315
321
326
334
348
357
393
423
423
424
424
429
429
432
432
433
435
436
437
437
441
445
445
445
449
451
453
453
457
458
458
460
460
462
464
465
467
468
468
469
472
473
473
474
475
475
475
476
476
477
478
478
479
480
481
483
484
484
485
486
486
487
488
489
506
506
508
511
513
513
516
518
518
524
525
525
530
532
537
545
552
568
573
596
601
605
606
608
610
611
611
611
612
612
612
612
612
612
614
614
626
629
632
632
634
637
639
640
640
642
642
643
643
644
644
644
644
645
645
647
647
648
648
649
650
650
651
651
652
652
653
653
656
656
657
660
661
661
663
664
664
666
667
667
668
669
671
677
679
682
682
682
683
684
684
685
686
686
689
692
693
693
694
732
732
733
734
743
743
744
744
746
747
747
748
751
751
752
752
753
754
755
757
759
759
761
761
761
762
769
771
782
783
784
785
794
794
796
796
797
799
799
800
804
805
816
818
823
824
829
832
843
845
852
859
859
860
860
865
869
869
872
872
874
875
876
877
877
879
882
882
883
883
884
884
885
885
887
887
888
889
890
890
891
894
895
895
895
895
895
895
896
896
896
896
896
896
896
896
896
897
897
897
898
898
899
899
900
900
900
901
903
903
903
906
907
907
907
909
911
912
919
919
920
921
921
921
921
921
922
922
922
922
922
922
923
923
923
923
923
923
923
923
923
923
924
924
924
925
925
925
928
928
928
929
929
929
929
930
930
930
930
930
930
930
930
930
930
930
930
932
932
934
934
940
942
945
946
946
946
947
950
950
950
951
951
951
951
952
952
952
952
953
954
963
964
969
969
969
971
971
971
971
972
972
972
972
972
972
972
975
976
976
977
977
977
978
978
978
978
978
978
978
978
978
978
978
978
979
979
979
979
980
980
980
981
981
981
981
985
985
988
995
997
997
998
998
998
1000
1015
1016
1016
1017
1018
1018
1019
1035
1046
1046
1082
1084
1084
1104
1265
1273
1273
1273
1277
1282
1283
1283
1285
1285
1286
1287
1288
1289
1290
1292
1292
1293
1294
1295
1295
1295
1297
1297
1297
1298
1298
1302
1302
1303
1303
1304
1305
1305
1305
1306
1306
1306
1307
1308
1311
1312
1320
1320
1322
1322
1323
1323
1325
1331
1332
1333
1334
1335
1336
1340
1341
1342
1342
1343
1343
1344
1344
1344
1345
1345
1345
1347
1348
1349
1350
1353
1354
1356
1363
1363
1366
1367
1367
1367
1368
1369
1369
1370
1370
1371
1373
1374
1375
1390
1390
1391
1397
1399
1404
1408
1409
1409
1413
1416
1421
1422
1423
1423
1426
1429
1430
1430
1430
1431
1432
1435
1436
1438
1438
1438
1439
1439
1439
1439
1439
1440
1440
1440
1441
1441
1443
1443
1443
1444
1444
1445
1445
1445
1446
1447
1447
1448
1449
1450
1451
1452
1452
1452
1453
1454
1454
1455
1455
1456
1456
1456
1456
1457
1457
1457
1457
1457
1457
1458
1459
1459
1459
1461
1461
1463
1463
1464
1466
1466
1468
1469
1469
1470
1470
1470
1470
1471
1472
1472
1473
1473
1473
1474
1475
1475
1476
1477
1477
1478
1478
1479
1480
1480
1482
1484
1484
1486
1488
1488
1489
1489
1490
1490
1490
1491
1491
1491
1492
1492
1492
1492
1492
1492
1492
1492
1492
1492
1493
1493
1493
1493
1493
1493
1501
1502
1503
1504
1507
1510
1513
1514
1519
1522
1523
1525
1525
1526
1527
1528
1528
1531
1532
1535
1537
1538
1538
1540
1540
1540
1541
1544
1546
1547
1549
1551
1551
1551
1551
1551
1551
1551
1551
1551
1552
1552
1552
1552
1552
1552
1557
1557
1561
1563
1563
1565
1565
1569
1570
1570
1571
1571
1571
1571
1573
1573
1573
1574
1574
1574
1575
1575
1576
1576
1576
1577
1577
1577
1577
1579
1581
1582
1582
1583
1592
1598
1598
1599
1601
1602
1605
1606
1606
1606
1610
1611
1614
1615
1615
1615
1616
1616
1617
1617
1617
1618
1620
1621
1622
1623
1624
1626
1630
1631
1632
1634
1635
1637
1639
1639
1639
1639
1639
1640
1640
1640
1641
1641
1641
1641
1642
1642
1643
1646
1646
1648
1648
1649
1649
1650
1650
1651
1654
1654
1654
1655
1655
1656
1664
1670
1676
1683
1686
1693
1699
1708
1732
1732
1741
1741
1743
1756
1764
1764
1765
1765
1765
1766
1766
1767
1772
1780
1785
1787
1801
1807
1809
1811
1812
1813
1814
1814
1814
1815
1817
1817
1821
1821
1823
1826
1826
1833
1834
1868
1870
1876
1877
1880
1881
1895
1904
1921
1924
1925
1936
1937
1937
1941
1943
1949
1950
1952
1959
1965
1967
1974
1975
1978
1979
1984
1989
1993
1997
1998
1998
2000
2002
2014
2044
2105
2107
2122
2148
2191
2218
2229
2242
2266
2266
2269
2272
2272
2273
2273
2277
2277
2286
2289
2296
2296
2307
2308
2311
2312
2317
2318
2318
2319
2320
2320
2321
2324
2324
2326
2331
2333
2335
2339
2340
2340
2340
2340
2340
2340
2341
2342
2342
2347
2348
2350
2352
2354
2361
2371
2392
2400
2435
2438
2464
2464
2465
2467
2468
2468
2470
2471
2471
2471
2472
2472
2473
2474
2483
2483
2485
2488
2489
2490
2490
2492
2493
2495
2495
2497
2499
2500
2500
2504
2505
2507
2510
2514
2515
2515
2515
2515
2516
2520
2532
2539
2543
2583
2594
2597
2605
2608
2608
2614
2614
2616
2616
2618
2621
2622
2625
2626
2629
2631
2635
2637
2637
2637
2638
2638
2638
2638
2641
2641
2645
2646
2653
2654
2658
2658
2660
2663
2664
2670
2677
2718
2728
2729
2742
2743
2743
2743
2744
2745
2745
2748
2750
2750
2755
2758
2761
2762
2763
2766
2783
2791
2792
2794
2794
2850
2858
2859
2867
2870
2872
2878
2889
2889
2892
2892
2893
2896
2899
2901
2901
2902
2902
2903
2904
2904
2905
2906
2909
2910
2910
2910
2916
2918
2921
2922
2922
2923
2937
2943
2945
2946
2946
2946
2946
2947
2947
2947
2947
2947
2947
2948
2948
2949
2949
2949
2949
2957
3013
3013
3013
3014
3015
3015
3017
3018
3018
3018
3018
3018
3018
3019
3021
3022
3022
3023
3023
3025
3027
3030
3033
3035
3037
3038
3038
3038
3040
3040
3041
3043
3044
3046
3054
3055
3056
3056
3062
3063
3064
3065
3066
3066
3067
3067
3075
3077
3078
3079
3084
3095
3102
3102
3103
3103
3105
3105
3120
3120
3124
3128
3128
3129
3130
3135
3135
3136
3138
3138
3139
3142
3145
3148
3149
3150
3152
3156
3157
3161
3161
3186
3188
3194
3194
3237
3237
3248
3248
3250
3274
3279
3285
3289
3313
3313
3315
3318
3323
3323
3324
3327
3327
3331
3348
3351
3352
3422
3426
3478
3500
3543
3597
3615
3618
3619
3621
3622
3623
3623
3624
3626
3627
3628
3629
3631
3633
3635
3636
3638
3640
3641
3641
3646
3658
3685
3715
3764
3773
3774
3777
3779
3780
3781
3781
3781
3782
3782
3788
3796
3796
3797
3799
3800
3801
3803
3813
3813
3814
3816
3816
3816
3820
3821
3825
3837
3851
3868
3882
3882
3915
3919
3919
3920
3920
3922
3923
3923
3924
3934
3934
3937
3941
3942
3944
3947
3952
3953
3953
3954
3954
3954
3954
3954
3955
3955
3957
3957
3959
3959
3959
3959
3959
3959
3967
3981
3988
3988
3990
3992
3993
3994
3998
3999
4001
4001
4002
4003
4003
4006
4007
4008
4015
4026
4026
4036
4052
4063
4064
4064
4065
4066
4067
4070
4071
4072
4072
4074
4077
4078
4083
4084
4085
4085
4086
4088
4088
4089
4090
4091
4101
4102
4104
4104
4106
4106
4106
4107
4113
4115
4115
4134
4136
4145
4147
4149
4154
4175
4176
4176
4184
4331
4333
4333
4351
4351
4352
4357
4364
4364
4365
4365
4367
4368
4369
4380
4383
4385
4387
4391
4391
4392
4394
4394
4402
4406
4411
4412
4413
4413
4415
4416
4417
4417
4417
4420
4420
4421
4422
4425
4425
4425
4427
4430
4431
4433
4435
4439
4560
4564
4567
