0
4
4
6
6
6
8
10
12
13
14
14
16
17
19
20
20
20
21
21
21
21
21
21
21
21
21
21
22
22
22
22
22
22
22
22
22
22
22
22
22
23
23
23
23
24
25
25
25
25
25
25
26
26
26
26
26
27
27
29
31
32
32
32
32
33
33
34
34
34
34
34
36
36
36
37
39
40
41
42
42
42
42
42
42
42
43
43
43
43
43
43
43
43
43
43
43
43
43
43
43
44
44
44
44
44
44
44
44
44
45
45
45
46
46
47
48
49
49
49
49
49
50
50
50
50
50
50
50
51
51
51
51
51
51
51
52
53
53
53
55
55
56
56
57
58
59
60
60
60
63
65
65
67
67
68
68
69
70
70
71
72
73
73
74
75
75
75
75
75
76
77
77
79
80
80
81
81
81
82
82
82
83
84
84
84
84
85
85
86
86
86
87
87
88
91
94
94
95
95
95
95
96
97
98
99
100
100
101
101
101
101
102
102
102
102
102
102
102
102
102
102
102
102
102
102
102
102
103
103
103
103
103
103
105
105
107
109
110
110
110
111
111
111
112
113
114
115
116
117
117
117
118
119
120
120
121
121
121
121
122
122
122
122
122
122
123
123
123
123
123
124
124
125
126
129
130
130
133
133
133
133
133
134
134
134
135
135
135
135
135
135
135
136
136
137
137
138
139
139
141
141
141
142
143
143
146
147
148
148
148
148
148
148
149
149
149
150
150
151
152
152
153
155
157
157
158
158
159
159
160
161
161
162
162
162
163
163
164
165
165
169
169
174
174
175
176
177
177
177
177
177
177
178
178
178
178
178
178
178
178
178
179
179
179
179
181
182
184
185
187
187
188
190
191
192
193
193
193
195
196
197
202
208
208
209
209
209
210
210
210
210
210
211
211
211
211
211
211
211
211
211
211
212
212
212
212
212
212
212
212
212
213
213
213
213
213
213
213
214
214
215
215
216
217
217
218
219
219
219
220
220
220
221
223
224
224
224
225
226
227
227
227
227
228
228
228
228
229
229
229
229
230
231
231
234
234
235
235
236
237
237
238
238
238
238
239
240
240
241
242
244
246
246
247
247
247
248
249
250
251
251
252
252
253
253
253
254
255
255
256
256
256
256
257
258
259
259
260
262
263
263
268
271
271
273
276
280
282
282
282
285
286
287
291
295
298
300
304
305
307
308
310
337
339
340
344
366
374
378
382
383
383
391
392
403
405
408
413
413
414
415
417
420
427
428
428
433
436
439
446
450
450
453
453
459
469
469
472
477
482
482
483
483
485
485
486
489
489
491
491
500
501
504
504
507
508
512
512
514
518
520
521
522
523
523
528
529
529
532
533
535
536
537
537
537
537
537
537
537
538
538
540
540
546
548
550
550
553
553
556
556
558
560
562
562
563
563
564
566
567
570
574
576
577
579
580
582
586
586
586
586
586
586
586
586
586
587
587
587
587
588
589
592
597
599
608
613
614
615
617
618
620
624
626
628
629
629
629
632
637
644
645
652
658
665
667
672
673
673
677
686
689
701
702
771
798
816
827
831
834
834
834
834
834
835
835
836
836
836
836
837
838
842
842
846
848
849
853
853
853
855
856
859
859
860
868
871
873
877
881
885
885
890
890
891
891
892
892
892
894
894
894
895
895
895
896
897
897
897
897
900
900
901
901
901
907
920
921
921
925
926
927
928
932
934
935
943
944
946
947
948
960
962
966
966
971
972
972
974
977
987
993
1000
1002
1002
1003
1010
1013
1050
1066
1073
1102
1125
1126
1180
1180
1183
1186
1188
1189
1199
1220
1221
1221
1230
1233
1233
1239
1241
1246
1248
1255
1257
1258
1262
1265
1267
1267
1271
1272
1272
1274
1276
1279
1279
1280
1283
1284
1286
1286
1291
1293
1293
1297
1298
1299
1300
1300
1301
1304
1305
1307
1308
1308
1309
1310
1312
1316
1319
1321
1327
1335
1336
1338
1341
1342
1343
1344
1344
1344
1344
1344
1345
1345
1345
1345
1346
1346
1346
1347
1348
1348
1348
1350
1350
1351
1356
1356
1359
1360
1361
1361
1362
1364
1373
1374
1375
1375
1380
1384
1390
1391
1392
1393
1393
1396
1405
1405
1405
1405
1405
1406
1406
1407
1410
1413
1420
1421
1421
1424
1425
1429
1429
1430
1430
1430
1430
1430
1430
1430
1430
1430
1430
1431
1431
1431
1431
1431
1432
1432
1432
1435
1437
1437
1438
1438
1438
1441
1442
1442
1445
1446
1449
1449
1449
1450
1452
1454
1454
1454
1454
1454
1455
1456
1456
1457
1462
1462
1462
1463
1465
1466
1466
1466
1467
1468
1468
1468
1470
1470
1473
1475
1476
1476
1476
1477
1478
1479
1481
1482
1484
1485
1486
1487
1489
1490
1490
1490
1491
1491
1492
1493
1493
1493
1495
1496
1496
1497
1501
1501
1502
1502
1503
1503
1504
1504
1504
1504
1505
1511
1514
1517
1519
1519
1519
1522
1523
1531
1556
1573
1574
1574
1576
1581
1581
1581
1581
1581
1581
1581
1581
1582
1582
1582
1582
1582
1584
1584
1586
1587
1590
1591
1593
1594
1603
1604
1612
1612
1613
1614
1615
1615
1617
1621
1621
1621
1622
1622
1623
1623
1623
1623
1623
1624
1624
1624
1624
1624
1624
1624
1624
1624
1625
1625
1625
1625
1625
1625
1625
1625
1626
1627
1629
1629
1631
1632
1633
1634
1636
1639
1639
1641
1643
1643
1644
1650
1651
1651
1651
1651
1651
1651
1651
1651
1652
1652
1652
1652
1652
1653
1653
1653
1653
1658
1658
1658
1662
1663
1664
1664
1665
1666
1667
1668
1671
1671
1671
1672
1674
1675
1677
1681
1681
1683
1686
1687
1688
1692
1694
1698
1698
1698
1704
1705
1717
1722
1726
1727
1727
1727
1731
1735
1782
1788
1789
1792
1793
1794
1797
1799
1799
1806
1809
1809
1811
1812
1815
1817
1858
1862
1862
1866
1875
1881
1884
1890
1894
1900
1904
1904
1905
1911
1916
1926
1931
1932
1935
1935
1935
1935
1935
1935
1935
1938
1940
1943
1943
1943
1960
1969
1969
1980
1982
2015
2016
2018
2018
2018
2019
2020
2020
2020
2020
2024
2024
2024
2025
2035
2056
2069
2080
2091
2091
2095
2096
2104
2105
2108
2108
2111
2111
2116
2116
2124
2130
2130
2134
2135
2140
2143
2144
2148
2157
2158
2158
2158
2158
2159
2159
2164
2167
2167
2168
2186
2186
2192
2193
2193
2194
2194
2194
2195
2195
2195
2196
2196
2196
2303
2304
2306
2306
2356
2356
2357
2357
2357
2357
2357
2357
2358
2358
2358
2358
2358
2358
2358
2359
2359
2359
2367
2368
2377
2388
2388
2388
2389
2392
2395
2397
2406
2407
2411
2416
2430
2432
2437
2441
2441
2441
2441
2443
2455
2457
2458
2465
2467
2467
2469
2475
2476
2477
2483
2486
2489
2492
2494
2528
2529
2530
2532
2533
2533
2534
2537
2551
2555
2564
2569
2599
2600
2612
2619
2620
2625
2626
2633
2636
2636
2637
2645
2649
2656
2660
2660
2660
2664
2665
2666
2668
2669
2682
2683
2685
2691
2691
2691
2696
2700
2700
2701
2701
2702
2703
2723
2735
2735
2736
2741
2746
2759
2764
2781
2781
2785
2791
2793
2795
2800
2806
2807
2812
2824
2835
2835
2843
2843
2846
2852
2856
2875
2877
2888
2890
2894
2906
2906
2907
2912
2912
2913
2914
2915
2942
2943
2944
2960
2960
2960
2960
2960
2961
2961
2961
2962
2962
2962
2967
2970
2970
2971
2977
2978
2978
2980
2983
2984
2985
2985
2986
2986
2986
2986
2989
2992
2994
3003
3010
3038
3038
3041
3044
3045
3045
3060
3066
3068
3072
3081
3083
3085
3089
3091
3097
3098
3099
3099
3103
3112
3113
3117
3117
3118
3119
3119
3119
3133
3133
3133
3135
3136
3137
3138
3139
3143
3145
3147
3152
3154
3157
3158
3158
3159
3159
3160
3160
3161
3161
3162
3162
3164
3165
3165
3168
3168
3168
3170
3171
3172
3174
3177
3178
3179
3179
3182
3184
3185
3185
3186
3187
3190
3190
3193
3194
3195
3196
3197
3198
3199
3200
3200
3201
3201
3201
3202
3202
3202
3203
3203
3203
3204
3204
3204
3206
3208
3208
3212
3219
3223
3224
3227
3231
3236
3238
3255
3256
3257
3266
3266
3274
3277
3277
3288
3308
3323
3335
3340
3344
3344
3350
3350
3350
3353
3353
3354
3354
3361
3365
3367
3393
3398
3400
3407
3413
3422
3422
3422
3423
3425
3426
3427
3428
3428
3429
3429
3430
3432
3432
3433
3433
3439
3442
3444
3455
3460
3465
3484
3488
3503
3504
3507
3511
3517
3518
3525
3571
3578
3594
3597
3600
3600
3606
3611
3619
3631
3634
3645
3672
3678
3679
3683
3685
3687
3687
3704
3726
3756
3792
3793
3796
3797
3797
3799
3801
3806
3811
3820
3821
3845
3855
3856
3874
3875
3875
3889
3892
3898
3898
3898
3921
3922
3925
3941
3943
3943
3944
3944
3947
3956
3957
3958
3960
3966
3968
3970
3970
3981
4013
4013
4014
4018
4020
4040
4041
4041
4041
4042
4044
4044
4046
4047
4050
4053
4056
4064
4066
4069
4072
4080
4080
4080
4080
4103
4114
4134
4137
4152
4153
4153
4154
4156
4157
4158
4158
4158
4182
4182
4191
4200
4203
4204
4207
4211
4222
4236
4254
4260
4262
4264
4305
4306
4322
4354
4374
4376
4376
4378
4383
4391
4398
4399
4399
4429
4438
4450
4478
4481
4488
4489
4490
4490
4491
4491
4495
4500
4506
4507
4509
4510
4512
4513
4515
4516
4516
4516
4524
4528
4530
4548
4553
4554
4555
4556
4556
4559
4565
4567
4568
4570
4571
4572
4575
4577
4577
4577
4578
4579
4579
4579
4580
4580
4583
4584
4591
4592
4592
4592
4592
4592
4593
4594
4594
4595
4596
4596
4597
4597
4597
4597
4597
4599
4599
4599
4601
4601
4601
4604
4604
4604
4604
4606
4607
4609
4614
4614
4615
4615
4616
4620
4621
4625
4627
4628
4629
4631
4634
4635
4636
4643
4645
4647
4654
4657
4659
4662
4669
4676
4682
4749
4765
4773
4779
4792
4796
4801
4803
4813
4837
4840
4852
4865
4878
4879
4879
4883
4885
4886
4893
4895
4896
4898
4900
4903
4903
4905
4905
4909
4910
4910
4915
4924
4925
4927
4927
4928
4934
4935
4936
4938
4941
4942
4945
4954
4956
4959
4973
4973
4973
4973
4973
4974
4974
4974
4974
4974
4974
4975
4975
4975
4977
4979
4990
4990
5019
5019
5071
5077
5079
5081
5088
5101
5107
5117
5117
5147
5147
5150
5159
5182
5184
5204
5206
5214
5237
5261
5272
5288
5297
5301
5303
5303
5309
5317
5318
5320
5325
5421
5421
5422
5430
5432
5432
5433
5434
5437
5438
5441
5446
5446
5447
5452
5457
5457
5496
5519
5519
5519
5521
5542
5543
5543
5546
5546
5547
5555
5561
5561
5562
5562
5565
5567
5570
5578
5586
5586
5587
5587
5587
5588
5590
5631
5632
5633
5633
5633
5634
5635
5641
5649
5653
5660
5663
5665
5675
5683
5686
5695
5699
5702
5704
5705
5713
5715
5742
5758
5768
5771
5777
5780
5781
5783
5784
5826
5827
5828
5863
5977
5978
5991
6029
6043
6044
6044
6044
6047
6049
6057
6061
6064
6066
6067
6069
6091
6091
6100
6100
6101
6101
6103
6111
6112
6113
6113
6114
6117
6118
6122
6123
6128
6134
6154
6155
6155
6168
6353
6358
6360
6363
6363
6377
6378
6418
6420
6420
6421
6423
6426
6428
6428
6428
6432
6436
6437
6441
6449
6451
6453
6454
6455
6455
6455
6455
6456
6456
6457
6457
6474
6476
6491
6503
6510
6515
6517
6524
6537
6547
6562
6582
6582
6587
6598
6600
6616
6620
6626
6631
6638
6639
6670
6674
6675
6676
6677
6683
6694
6699
6699
6700
6706
6717
6721
6722
6727
6728
6730
6731
6731
6731
6734
6735
6735
6735
6737
6737
6737
6738
6742
6744
6746
6747
6754
6755
6755
6756
6756
6757
6759
6761
6766
6771
6772
6772
6774
6774
6776
6782
6791
6799
6799
6799
6805
6806
6806
6807
6807
6810
6814
6818
6819
6823
6830
6831
6831
6831
6833
6834
6837
6837
6837
6839
6839
6843
6844
6847
6848
6850
6852
6853
6853
6859
6859
6861
6862
6874
6875
6875
6875
6875
6875
6875
6875
6875
6875
6875
6875
6877
6877
6880
6880
6880
6880
6883
6883
6884
6885
6890
6891
6900
6901
6902
6903
6904
6904
6906
6906
6911
6915
6919
6920
6925
6925
6932
6969
6976
6993
6994
6996
7004
7005
7005
7006
7008
7009
7009
7015
7019
7019
7022
7030
7038
7092
7101
7102
7102
7111
7112
7113
7113
7114
7114
7115
7115
7182
7192
7192
7195
7199
7229
7235
7236
7236
7238
7241
7244
7248
7253
7257
7263
7268
7275
7277
7277
7278
7279
7282
7289
7293
7294
7296
7300
7301
7315
7315
7317
7317
7320
7320
7323
7325
7327
7329
7329
7334
7342
7549
7551
7552
7553
7553
7560
7562
7622
7678
7692
7693
7710
7711
7715
7716
7722
7732
7752
7763
7766
7772
7784
7875
7891
7893
7896
7915
7915
7952
7954
7955
7956
8020
8025
8025
8025
8027
8047
8049
8051
8068
8139
8147
8153
8169
8169
8178
8181
8182
8182
8191
8195
8268
8273
8275
8278
8279
8282
8289
8292
8294
8302
8303
8305
