0
2
3
3
3
3
4
4
5
6
6
6
6
7
7
7
8
8
8
8
9
10
10
10
10
10
11
11
11
11
11
11
12
12
12
13
13
13
13
13
13
14
14
14
14
14
14
15
15
15
15
15
15
16
16
16
16
17
17
17
17
19
19
20
21
21
22
23
23
23
24
24
24
24
24
24
25
25
25
25
25
25
25
25
25
25
25
25
25
25
25
25
26
26
26
26
26
26
26
26
26
26
26
26
26
26
26
26
26
26
27
27
27
27
27
27
27
27
27
27
27
27
27
27
27
28
28
28
28
28
28
28
28
28
28
28
28
28
28
29
29
29
29
29
30
30
30
30
30
30
30
30
30
30
31
31
31
31
31
31
32
32
32
32
32
33
33
33
34
34
34
34
35
35
35
35
35
35
35
35
35
36
36
36
36
36
36
37
37
37
38
38
38
38
38
38
38
38
38
38
38
38
38
38
38
39
39
39
39
39
39
39
39
39
40
40
40
40
40
40
40
40
40
40
41
41
41
41
41
41
41
41
41
42
42
42
42
42
42
43
43
43
44
44
45
45
45
46
46
46
46
46
46
46
46
47
47
47
47
48
48
48
48
48
48
48
49
49
49
49
50
50
50
50
51
52
52
52
53
54
54
54
54
54
55
55
55
55
55
56
56
57
57
57
57
57
57
57
57
57
57
57
57
57
58
58
58
58
58
58
58
58
59
59
59
59
59
60
61
61
61
61
61
61
61
62
62
62
62
63
63
63
63
64
64
64
64
65
65
65
66
66
66
67
67
67
67
68
68
68
69
69
70
71
71
72
73
73
74
74
75
75
75
75
76
76
76
77
77
77
77
78
79
79
80
80
80
81
81
81
81
82
83
83
83
83
83
84
84
84
84
84
84
84
84
84
85
85
85
85
85
85
85
85
85
85
85
85
86
86
86
86
86
86
86
86
86
87
87
87
88
88
88
89
89
89
89
89
90
90
90
91
91
91
91
91
91
91
91
91
91
91
91
91
92
92
92
92
92
92
92
92
92
92
92
93
93
93
93
93
93
94
94
94
94
95
96
96
96
96
96
97
97
98
98
99
99
100
101
101
102
102
102
102
102
102
102
103
103
103
103
103
104
104
104
105
105
105
106
106
106
106
106
107
107
107
107
108
108
108
110
110
110
111
111
111
111
112
112
113
113
114
114
115
116
116
116
116
117
117
117
118
118
118
118
118
118
118
119
119
119
119
119
119
119
119
120
120
120
121
121
122
122
123
123
123
123
123
123
123
123
123
123
123
123
123
123
124
124
125
125
126
126
126
126
127
127
127
128
128
128
129
129
130
130
130
130
131
131
131
131
132
132
133
133
134
134
134
134
134
134
134
134
134
134
134
135
135
135
135
135
135
135
135
135
135
135
135
136
136
136
136
136
136
136
137
137
137
137
137
137
137
138
138
138
139
140
140
140
140
140
141
141
141
142
142
142
142
143
143
143
143
143
143
143
143
143
143
144
144
144
144
144
144
144
144
144
144
144
145
145
145
145
145
146
146
146
146
146
146
147
147
147
148
148
148
148
148
149
149
149
149
149
149
149
150
150
151
152
152
153
153
154
155
155
155
155
156
156
156
156
156
156
156
156
156
156
156
156
157
157
157
157
157
157
157
157
158
158
158
159
159
159
159
160
160
161
162
162
163
164
164
165
165
165
166
166
166
166
166
166
167
167
167
167
167
168
168
168
168
168
168
169
169
169
169
169
170
170
170
170
170
170
170
170
170
170
170
170
171
171
171
172
173
174
174
175
175
176
176
176
176
176
176
177
177
177
177
177
177
177
178
178
178
178
178
178
179
179
179
179
179
179
179
180
180
180
180
180
180
181
182
182
183
183
184
184
184
184
184
185
185
186
187
187
187
187
187
187
187
187
187
187
188
188
188
188
188
188
188
188
188
188
188
188
189
189
189
189
189
189
189
189
189
190
190
190
190
190
190
190
190
190
191
191
192
193
193
193
193
193
193
194
194
194
195
195
196
196
196
196
196
197
197
197
197
197
198
198
198
198
198
198
199
200
200
200
200
200
200
200
200
200
201
202
202
202
202
202
202
203
203
203
204
204
205
205
205
205
206
206
206
206
207
207
207
207
207
208
209
209
209
209
210
210
210
210
210
210
210
210
210
212
212
212
212
213
213
213
213
214
214
215
215
216
216
216
216
216
216
217
217
217
217
218
219
219
219
219
219
220
220
220
220
221
221
221
222
222
222
222
222
222
223
223
223
224
224
224
225
225
225
225
225
226
226
226
226
226
227
227
227
228
228
229
229
230
230
230
230
230
230
230
230
231
231
232
232
233
233
234
234
235
236
236
237
238
239
239
239
239
239
239
240
240
241
242
242
242
244
244
245
245
245
245
245
246
246
246
246
247
247
247
248
248
248
248
248
249
249
250
251
251
251
252
253
253
253
253
254
255
255
255
255
255
256
256
257
258
258
258
258
259
259
260
260
261
261
261
263
264
264
264
265
266
269
269
270
270
271
272
272
272
273
273
274
275
276
277
277
277
277
278
279
279
279
279
281
281
281
282
283
283
283
283
285
285
285
287
287
288
288
289
292
292
293
293
294
295
297
297
298
298
298
300
301
301
302
302
302
302
303
303
304
306
310
310
310
311
311
313
314
317
317
318
320
321
321
323
323
324
327
327
328
328
328
328
328
329
329
329
330
330
332
332
332
332
332
333
333
335
336
336
337
337
337
337
340
340
342
342
344
345
345
345
345
346
346
346
347
348
350
351
351
351
352
352
353
355
357
357
358
361
362
363
364
364
366
367
368
370
370
372
372
374
374
376
377
379
382
382
382
385
391
395
411
420
427
429
432
433
433
438
439
439
440
441
441
445
445
448
451
452
453
455
457
457
458
458
465
466
467
468
469
470
471
478
480
481
481
481
481
482
482
482
482
482
483
484
484
490
492
492
493
494
495
495
495
499
500
500
501
501
501
502
502
502
502
502
502
503
503
503
503
503
507
507
510
510
511
512
516
519
524
529
533
537
538
541
541
542
544
559
577
579
585
596
600
601
608
609
610
611
616
619
624
629
632
635
643
652
659
671
682
685
723
726
727
733
734
734
734
735
735
737
740
748
748
752
777
783
783
784
864
864
892
895
896
899
903
903
904
906
908
916
920
921
923
944
978
1023
1025
1036
1036
1045
1046
1068
1072
1098
1110
1111
1118
1127
1131
1139
1140
1142
1151
1168
1168
1168
1168
1169
1169
1169
1171
1171
1173
1173
1182
1183
1192
1199
1201
1210
1210
1224
1245
1251
1260
1261
1262
1268
1272
1277
1278
1278
1279
1280
1281
1293
1298
1304
1335
1335
1340
1342
1353
1354
1358
1358
1359
1361
1366
1372
1372
1376
1377
1377
1381
1381
1381
1389
1393
1393
1393
1397
1398
1399
1400
1400
1400
1407
1419
1421
1423
1424
1425
1425
1425
1426
1426
1429
1429
1430
1430
1431
1431
1431
1432
1432
1432
1432
1432
1432
1432
1432
1432
1432
1432
1432
1433
1433
1433
1433
1433
1434
1435
1435
1436
1436
1436
1436
1436
1436
1438
1438
1439
1440
1440
1440
1440
1440
1440
1440
1440
1441
1442
1442
1443
1444
1444
1444
1444
1445
1445
1446
1446
1447
1447
1447
1447
1447
1448
1448
1448
1448
1448
1448
1448
1449
1449
1450
1450
1451
1451
1451
1453
1453
1453
1454
1455
1458
1458
1459
1459
1460
1461
1461
1462
1462
1462
1462
1462
1462
1463
1463
1463
1464
1464
1464
1465
1467
1467
1467
1468
1468
1468
1468
1469
1470
1471
1471
1472
1472
1473
1473
1474
1474
1474
1475
1475
1475
1475
1476
1476
1476
1476
1477
1477
1477
1478
1478
1478
1479
1480
1481
1481
1481
1481
1482
1482
1482
1482
1482
1483
1484
1484
1486
1487
1487
1487
1488
1488
1488
1488
1489
1489
1489
1490
1490
1490
1490
1491
1492
1492
1492
1493
1493
1493
1494
1494
1495
1497
1497
1498
1500
1500
1500
1500
1500
1502
1503
1504
1505
1506
1508
1509
1511
1514
1514
1516
1519
1521
1521
1524
1525
1525
1525
1527
1527
1531
1532
1537
1537
1539
1544
1544
1544
1547
1547
1556
1557
1558
1560
1560
1560
1565
1565
1565
1566
1571
1574
1576
1578
1579
1580
1581
1581
1582
1583
1585
1585
1586
1586
1589
1593
1594
1595
1595
1595
1596
1597
1597
1597
1597
1598
1598
1599
1602
1603
1605
1607
1608
1608
1610
1610
1612
1614
1615
1619
1619
1620
1624
1630
1637
1637
1639
1639
1639
1641
1641
1643
1647
1647
1648
1648
1648
1648
1649
1649
1649
1656
1662
1664
1665
1665
1666
1670
1671
1671
1673
1674
1675
1676
1676
1680
1681
1682
1688
1689
1689
1689
1689
1690
1694
1694
1696
1698
1701
1704
1705
1705
1706
1706
1707
1707
1707
1708
1708
1708
1709
1710
1710
1711
1716
1721
1722
1725
1725
1725
1727
1727
1728
1728
1735
1748
1750
1752
1753
1757
1757
1757
1758
1762
1766
1773
1773
1777
1779
1779
1780
1780
1780
1781
1783
1783
1784
1797
1797
1808
1844
1847
1852
1855
1862
1873
1874
1874
1882
1883
1884
1885
1885
1889
1890
1891
1892
1893
1894
1896
1898
1899
1900
1914
1915
1916
1955
1958
1960
1974
1980
1982
1982
1983
1984
1985
1986
1986
1992
1993
1993
1994
1994
1995
1995
1995
1995
1995
1995
1996
1996
1996
1996
1996
1996
1998
1999
1999
1999
2000
2025
2035
2041
2063
2064
2085
2089
2103
2121
2126
2128
2128
2135
2144
2146
2148
2148
2152
2152
2160
2160
2165
2169
2201
2201
2201
2208
2215
2217
2229
2308
2310
2396
2402
2438
2442
2447
2476
2476
2476
2507
2507
2524
2542
2544
2545
2550
2551
2571
2574
2609
2616
2620
2623
2624
2625
2625
2652
2682
2682
2683
2709
2718
2719
2740
2748
2853
2864
2874
2879
2882
2888
2899
2909
2911
2925
2926
2931
2936
2943
2955
2980
2983
2990
2994
2996
3005
3015
3017
3024
3032
3032
3033
3034
3038
3039
3039
3040
3049
3049
3050
3050
3050
3050
3051
3051
3052
3052
3053
3053
3053
3058
3066
3067
3067
3067
3067
3068
3068
3070
3078
3079
3080
3081
3084
3085
3086
3112
3118
3118
3125
3125
3128
3128
3129
3130
3132
3132
3136
3136
3137
3137
3138
3139
3140
3144
3147
3147
3148
3152
3154
3155
3155
3157
3157
3157
3160
3161
3162
3163
3172
3173
3173
3183
3193
3196
3196
3198
3199
3200
3201
3202
3204
3206
3207
3212
3213
3217
3219
3219
3219
3221
3224
3228
3229
3231
3232
3233
3233
3234
3235
3237
3242
3243
3244
3244
3245
3251
3263
3264
3271
3273
3274
3277
3282
3286
3287
3288
3292
3296
3296
3300
3300
3304
3306
3322
3331
3347
3392
3396
3400
3420
3420
3421
3422
3432
3432
3433
3433
3450
3453
3459
3467
3521
3548
3562
3564
3638
3655
3662
3680
3682
3685
3691
3695
3696
3729
3745
3752
3760
3768
3782
3876
3876
3880
3884
3901
3912
3955
3957
3979
4017
4021
4187
4231
4504
4507
4576
4582
4582
4582
4583
4591
4593
4593
4608
4623
4640
4644
4644
4645
4645
4646
4647
4648
4653
4654
4654
4654
4656
4657
4658
4659
4661
4662
4666
4669
4671
4672
4677
4679
4680
4684
4685
4689
4689
4693
4693
4694
4696
4702
4704
4707
4708
4708
4711
4723
4734
4736
4738
4756
4765
4773
4774
4777
4786
4787
4788
4790
4792
4794
4795
4799
4801
4805
4807
4807
4816
4821
4832
4833
4841
4894
4895
5047
5069
5070
5072
5076
5084
5086
5089
5091
5092
5092
5093
5097
5105
5116
5117
5126
5132
5137
5137
5137
5139
5158
5199
5246
5246
5252
5332
5535
5600
5614
5637
5639
5707
5708
5713
5724
5727
5910
5915
5942
6018
6069
6069
6105
6107
6109
6113
6126
6137
6139
6144
6145
6149
6150
6157
6183
6184
6207
6218
6221
6223
6225
6225
6231
6232
6233
6241
6241
6242
6243
6247
6338
6348
6348
6350
6351
6362
6363
6363
6364
6368
6368
6370
6371
6469
6470
6472
6491
6491
6503
6509
6516
6518
6523
6528
6550
6551
6552
6564
6566
6572
6573
