0
0
2
2
3
3
3
3
5
5
6
6
6
7
7
7
8
8
9
9
9
10
10
10
10
11
11
11
11
12
13
13
13
13
14
14
14
14
14
15
15
15
15
16
16
16
16
17
17
17
17
17
17
17
18
18
18
18
18
18
18
18
18
18
18
18
18
18
19
19
19
19
19
19
19
19
19
19
19
19
19
19
19
19
19
20
20
20
20
20
20
20
20
20
20
21
21
21
21
21
22
22
22
22
23
23
23
23
23
23
23
23
23
23
23
23
23
23
23
23
23
23
23
24
24
24
24
24
24
24
24
24
24
24
24
24
25
25
25
25
25
25
25
25
26
26
26
26
26
26
26
26
27
27
27
27
27
27
27
27
27
27
27
27
27
27
28
28
28
28
28
28
28
28
28
28
28
28
28
28
28
28
28
28
28
29
29
29
29
29
29
29
29
29
29
30
30
30
30
30
30
30
30
30
30
30
31
31
31
32
32
32
32
32
32
32
33
33
33
33
33
33
33
33
33
34
34
34
35
35
35
35
35
35
35
35
35
35
35
35
36
36
36
36
36
36
36
36
36
36
36
36
37
37
37
37
37
37
37
37
37
37
37
37
38
38
38
38
38
39
39
40
40
40
40
41
41
41
42
42
43
43
44
44
44
44
44
44
45
45
45
45
45
46
46
46
46
46
46
47
47
47
47
47
48
48
48
48
49
49
49
49
50
50
50
50
50
51
52
52
52
53
53
54
54
54
54
54
54
55
55
55
55
56
56
57
57
58
58
58
59
60
60
60
60
61
62
62
62
62
62
63
63
63
63
64
64
64
64
64
64
65
65
65
65
65
65
66
66
67
67
67
67
67
68
69
69
69
70
70
70
71
71
71
72
72
72
73
73
73
73
73
73
73
73
73
74
74
74
74
74
75
76
77
77
77
77
77
77
78
78
79
79
80
80
80
80
81
81
81
81
81
82
82
83
83
83
83
84
84
85
85
85
85
85
86
86
86
86
86
86
86
87
87
87
88
88
88
88
88
88
88
89
89
89
89
89
89
89
90
90
91
91
91
91
91
91
91
91
91
91
91
91
91
92
92
92
92
92
92
92
92
92
92
92
92
92
93
93
93
94
94
94
94
94
94
94
95
95
95
95
95
95
96
96
96
96
97
97
98
99
99
100
100
100
100
100
100
100
101
101
102
103
103
103
103
103
103
104
104
104
104
105
105
106
106
106
106
106
107
107
107
108
108
108
108
108
108
108
108
109
109
109
109
109
109
110
110
111
112
112
112
112
112
113
113
113
114
114
115
115
115
115
115
115
116
116
116
117
117
118
119
119
119
119
119
120
120
120
120
120
120
121
122
122
122
122
122
123
123
123
124
124
124
124
125
125
125
125
125
125
125
125
125
125
125
126
126
126
126
126
126
126
127
127
127
127
127
127
127
127
128
128
128
128
128
128
128
129
129
129
129
129
129
130
130
130
130
130
130
130
131
131
132
132
132
132
132
133
133
133
133
133
134
134
134
134
134
135
135
135
136
137
137
138
138
138
138
138
138
138
139
139
139
139
139
139
139
140
142
142
142
142
143
143
143
143
143
144
144
144
144
144
145
145
145
145
145
145
145
145
145
146
146
147
147
147
147
147
148
148
148
148
149
149
149
149
149
150
150
150
150
151
151
151
151
151
152
152
152
153
153
153
153
154
154
155
155
155
155
155
155
155
156
156
156
156
156
156
156
156
156
157
157
157
157
157
158
158
158
158
158
158
158
158
158
159
159
159
159
159
159
160
160
160
160
160
160
160
161
161
162
162
163
163
163
163
163
163
163
164
164
164
164
164
165
165
165
166
166
166
166
166
166
167
167
167
167
167
167
168
168
168
168
168
168
169
169
169
169
169
170
170
170
170
170
170
171
171
171
171
171
172
172
172
173
173
173
173
174
174
174
175
175
175
175
175
175
175
176
176
176
176
176
176
177
177
177
177
177
177
177
177
178
178
178
178
179
179
179
180
180
180
180
180
180
181
181
181
181
181
181
181
181
182
182
182
182
182
182
182
182
182
182
182
182
183
183
183
183
183
183
183
183
183
183
183
183
183
183
183
183
184
184
184
184
184
184
184
184
184
184
184
184
185
185
185
185
185
185
185
185
185
185
185
185
185
185
186
186
186
186
186
186
186
186
186
186
186
186
187
187
187
187
187
187
187
187
188
188
189
189
189
189
189
189
189
189
189
189
190
190
190
190
190
190
190
190
190
190
191
191
191
191
191
191
191
192
192
192
192
192
192
192
192
192
192
192
192
193
193
193
193
193
193
193
193
193
193
193
193
193
193
193
194
194
194
194
194
195
195
195
195
195
195
195
195
195
196
196
196
196
196
196
196
196
196
196
197
197
197
197
197
197
197
197
197
197
197
197
197
198
198
198
198
198
198
198
198
198
199
199
199
199
199
199
199
199
199
199
199
199
199
199
200
200
200
200
200
200
200
200
200
201
201
201
201
201
201
201
201
202
202
202
203
203
204
204
204
204
204
204
204
204
205
205
205
205
205
205
205
206
206
206
206
206
206
206
206
206
206
206
206
206
206
206
207
207
207
207
207
207
207
207
207
207
207
207
207
207
207
207
207
207
207
207
207
208
208
208
208
208
208
208
208
208
208
209
210
210
210
210
211
211
211
212
212
212
213
213
213
213
213
213
214
214
215
216
216
216
216
217
217
217
217
218
218
218
218
218
218
220
220
221
221
221
223
224
224
225
225
225
226
226
226
226
227
227
227
227
227
227
228
228
229
229
229
230
230
231
231
232
234
235
236
236
236
237
237
238
238
238
239
239
240
241
241
241
241
241
242
242
242
243
244
244
245
245
245
246
246
246
248
248
248
249
252
252
252
252
253
253
253
253
254
254
255
256
256
258
258
258
260
261
261
261
262
263
264
265
265
266
267
267
270
270
271
274
274
275
275
275
275
275
275
275
276
276
276
277
277
277
280
286
291
294
294
296
296
297
298
299
300
301
301
301
301
301
301
302
303
309
310
310
311
312
320
320
323
324
326
327
327
327
328
329
330
332
333
333
334
334
334
336
336
338
338
338
341
342
343
346
346
346
347
348
349
349
350
350
351
351
353
354
354
355
355
355
356
356
356
357
358
359
360
361
362
363
363
363
363
363
363
364
364
365
365
366
366
366
368
368
369
369
370
370
370
371
371
372
372
372
374
374
375
375
375
376
376
376
376
377
377
377
378
378
379
379
379
379
379
380
380
381
381
381
382
382
382
382
382
383
383
383
383
383
384
384
384
384
385
386
387
388
388
388
388
388
388
388
389
389
390
390
390
390
391
391
391
392
393
393
396
396
396
396
396
397
397
397
398
399
399
402
403
404
404
406
407
407
408
408
409
409
411
413
416
416
417
419
419
419
419
419
419
419
420
421
421
422
422
423
424
424
428
428
431
431
431
431
431
432
434
436
437
438
438
439
443
444
444
446
449
454
457
459
460
471
472
475
481
492
493
494
502
503
506
508
508
509
509
521
536
542
544
548
551
552
552
555
576
576
576
576
576
577
577
578
597
602
602
611
616
617
644
680
690
695
696
697
697
698
698
701
702
705
705
708
713
716
716
716
717
718
718
718
720
721
721
721
721
723
728
728
729
730
730
733
734
735
737
738
740
741
743
743
743
744
744
744
744
745
745
745
745
745
746
746
746
747
749
749
749
750
752
752
752
753
753
754
754
755
759
760
763
763
764
765
765
766
767
769
769
769
770
771
771
773
773
774
774
774
775
776
779
780
780
780
783
785
785
785
786
790
793
798
800
808
808
809
817
818
820
822
826
829
829
833
835
839
839
839
840
841
842
845
845
846
848
848
852
853
855
857
866
868
870
872
872
885
886
887
887
890
892
893
895
896
897
903
905
907
909
909
910
910
910
910
911
911
912
912
912
918
920
921
921
924
924
927
927
928
929
930
930
931
931
931
932
933
936
943
944
950
952
955
959
960
961
962
962
962
962
962
962
963
963
963
968
973
973
974
975
976
976
976
976
978
981
981
982
982
988
989
998
999
1009
1013
1014
1019
1022
1023
1023
1025
1029
1036
1036
1039
1041
1049
1059
1068
1068
1073
1074
1076
1078
1085
1087
1091
1093
1097
1098
1099
1100
1102
1102
1103
1103
1106
1106
1107
1110
1111
1113
1114
1114
1117
1121
1122
1122
1122
1122
1122
1122
1123
1123
1123
1124
1127
1128
1129
1130
1130
1130
1134
1142
1142
1142
1143
1143
1144
1144
1147
1147
1147
1147
1147
1147
1147
1148
1148
1148
1148
1148
1148
1148
1148
1151
1156
1156
1156
1156
1156
1156
1157
1157
1166
1167
1172
1173
1173
1174
1175
1176
1178
1178
1178
1180
1180
1181
1186
1186
1186
1187
1187
1187
1187
1188
1189
1189
1190
1190
1191
1191
1191
1195
1196
1197
1202
1203
1210
1210
1210
1211
1212
1216
1217
1218
1218
1220
1225
1226
1226
1226
1226
1228
1228
1235
1241
1243
1244
1252
1253
1256
1257
1262
1262
1264
1271
1271
1276
1278
1278
1283
1284
1295
1300
1312
1324
1325
1328
1328
1338
1338
1339
1342
1347
1348
1354
1354
1355
1356
1358
1358
1359
1359
1363
1365
1366
1367
1368
1368
1369
1371
1373
1374
1374
1374
1376
1377
1381
1386
1390
1396
1409
1410
1412
1415
1416
1417
1420
1423
1431
1431
1433
1434
1445
1447
1448
1448
1449
1449
1450
1455
1456
1456
1457
1461
1464
1467
1470
1477
1478
1479
1480
1481
1481
1482
1483
1483
1483
1483
1488
1490
1490
1495
1497
1498
1498
1499
1502
1503
1504
1505
1505
1509
1511
1513
1523
1523
1525
1525
1525
1528
1531
1531
1531
1532
1533
1533
1535
1540
1542
1542
1543
1544
1546
1546
1547
1549
1550
1550
1550
1551
1556
1556
1557
1558
1558
1558
1560
1561
1562
1563
1568
1568
1569
1571
1572
1576
1576
1580
1581
1589
1591
1592
1593
1594
1595
1595
1597
1599
1600
1608
1608
1609
1610
1613
1615
1619
1619
1624
1629
1634
1637
1640
1642
1643
1648
1652
1654
1662
1662
1662
1664
1666
1667
1671
1672
1672
1673
1674
1679
1681
1703
1704
1758
1761
1761
1769
1777
1784
1784
1786
1792
1800
1812
1812
1820
1847
1856
1859
1869
1872
1874
1876
1879
1880
1880
1880
1880
1881
1882
1883
1893
1904
1988
1998
2000
2053
2106
2125
2125
2152
2192
2203
2205
2211
2211
2211
2227
2229
2231
2232
2233
2236
2236
2237
2240
2240
2241
2242
2242
2242
2244
2245
2246
2247
2247
2247
2248
2253
2257
2258
2259
2259
2262
2263
2264
2266
2266
2266
2268
2270
2279
2283
2285
2288
2288
2367
2369
2396
2398
2403
2404
2404
2404
2404
2431
2433
2462
2463
2470
2491
2492
2501
2501
2501
2501
2502
2510
2511
2516
2522
2523
2538
2548
2552
2556
2563
2566
2582
2604
2605
2632
2640
2640
2640
2837
2863
2868
2870
2876
2915
2933
2945
2945
2948
2963
2978
2979
2979
2980
2983
2983
2985
2985
2986
2988
2988
2988
2989
2992
2993
2994
2995
2996
2997
3004
3004
3005
3005
3007
3009
3010
3015
3017
3020
3025
3028
3028
3033
3053
3055
3056
3056
3057
3058
3060
3061
3063
3073
3077
3077
3078
3079
3080
3081
3085
3086
3087
3092
3093
3100
3110
3110
3112
3153
3155
3155
3161
3211
3212
3230
3231
3237
3238
3239
3242
3242
3244
3293
3305
3311
3312
3312
3315
3320
3323
3323
3330
3333
3335
3336
3336
3337
3338
3341
3346
3348
3348
3355
3355
3361
3363
3364
3365
3365
3365
3366
3366
