0
0
2
2
3
3
4
5
6
6
7
7
7
7
7
7
8
8
9
9
9
9
9
10
10
10
11
11
11
13
13
13
14
14
14
14
14
14
15
15
16
16
17
18
18
18
18
19
19
19
19
19
19
19
19
19
19
19
19
19
19
19
19
20
20
20
20
20
20
20
20
20
20
20
20
20
20
20
20
21
21
21
21
21
21
21
21
21
21
22
22
22
24
24
24
24
24
24
24
24
25
25
25
25
25
25
25
25
25
25
25
25
25
25
25
26
26
26
26
26
26
26
26
26
26
26
27
27
27
27
27
27
28
28
28
28
28
28
28
28
28
29
29
29
29
29
29
29
29
29
30
30
31
31
31
31
31
31
32
32
32
32
32
32
33
33
33
33
33
33
33
33
33
33
33
33
33
33
33
33
33
33
34
34
34
34
35
35
35
36
36
36
36
36
36
36
36
36
37
37
37
37
37
37
37
38
38
38
38
39
39
39
39
40
40
40
40
40
40
40
40
41
41
41
42
43
43
43
43
44
44
44
44
44
45
46
47
48
48
49
49
49
49
49
49
49
49
50
50
50
50
51
51
51
52
52
53
53
54
54
54
55
55
55
56
56
56
56
56
56
56
56
57
57
57
57
58
58
59
59
59
59
60
60
62
63
63
64
64
64
64
64
65
65
65
66
66
67
67
67
67
68
69
70
70
70
71
71
72
72
72
72
73
73
73
74
74
74
75
75
75
76
76
76
77
77
78
78
78
79
80
80
80
80
80
81
81
82
82
82
82
82
83
83
83
83
84
84
86
86
86
86
87
87
87
87
87
87
87
87
87
87
88
88
88
88
88
88
88
88
88
88
88
88
88
88
88
89
89
89
89
89
89
90
90
90
91
92
92
92
93
93
93
93
93
94
94
94
95
95
96
96
96
96
97
97
97
98
98
98
98
98
98
98
98
98
98
98
98
99
100
100
100
100
100
101
101
101
102
102
102
102
102
102
102
102
103
103
103
104
104
104
104
104
104
104
104
105
105
105
105
105
106
106
106
106
106
106
106
106
106
106
106
107
107
107
107
107
107
107
107
107
108
108
108
108
108
108
108
108
108
109
109
109
110
110
111
111
111
111
111
112
112
112
113
113
113
113
114
114
114
115
115
115
116
116
116
116
116
117
117
117
117
118
118
118
118
118
119
120
121
121
121
121
122
122
123
123
123
124
124
124
124
124
124
125
125
125
126
126
126
126
127
127
128
128
128
128
128
128
129
129
129
129
129
129
130
130
131
131
131
131
131
132
132
132
132
133
133
134
135
135
135
136
136
136
136
137
137
137
138
138
139
139
139
139
139
140
140
140
140
140
141
141
141
141
143
143
143
144
144
144
144
144
145
145
145
146
146
147
147
147
147
148
148
148
148
149
149
149
150
150
150
151
151
151
151
151
152
153
153
153
153
154
154
155
155
155
156
157
157
157
157
157
158
158
158
158
158
158
159
159
159
159
159
159
159
160
160
160
160
160
160
160
160
160
161
161
161
161
161
162
162
162
163
163
164
164
164
167
168
168
168
168
168
169
169
169
169
170
170
171
171
171
171
171
172
172
173
173
174
174
174
174
174
174
174
174
175
175
175
175
175
175
175
176
176
176
176
176
176
176
177
177
177
177
177
177
177
177
177
178
178
178
178
179
179
179
179
179
179
179
180
180
180
181
181
181
182
182
182
182
182
182
182
183
183
183
183
183
183
183
184
184
184
185
185
185
185
185
185
186
186
186
186
187
188
188
188
189
189
189
189
189
189
189
189
190
191
191
191
191
192
192
192
192
192
192
192
193
193
193
193
193
193
193
194
194
194
194
194
194
194
194
194
195
196
196
196
197
198
198
198
198
198
198
198
198
199
199
199
199
200
200
200
200
200
200
201
201
201
201
201
201
201
201
201
202
202
202
202
202
202
202
202
202
202
202
202
202
202
203
203
203
203
203
203
204
204
204
204
204
204
204
204
204
205
205
205
205
206
206
206
206
206
206
206
206
206
207
207
207
207
207
208
208
208
208
208
208
208
208
208
208
208
209
209
209
209
209
209
209
209
209
209
209
209
210
210
210
210
210
210
210
210
211
211
211
212
213
213
213
213
213
213
214
214
214
215
216
216
216
217
217
217
217
217
217
218
218
218
218
218
220
220
220
220
220
221
221
221
221
221
221
221
222
222
222
222
222
222
222
222
222
222
222
223
224
224
224
224
224
224
224
224
225
225
225
225
226
226
226
226
226
226
226
227
227
227
227
227
227
228
228
228
228
228
229
229
229
230
231
231
231
231
232
232
232
232
232
232
232
232
232
232
232
233
233
233
233
234
234
234
234
234
234
235
235
237
237
238
238
238
238
238
239
239
239
239
240
240
241
241
241
241
242
242
243
244
244
244
245
245
245
245
246
246
246
246
246
246
246
246
246
246
246
246
247
247
247
247
247
247
247
248
248
248
249
249
250
250
250
250
250
250
251
251
251
252
252
252
252
252
253
253
253
253
256
256
256
256
256
256
256
256
256
257
257
257
257
257
257
257
258
258
258
258
259
259
260
260
260
260
261
262
262
262
263
264
264
264
264
264
264
264
265
265
265
265
265
265
266
266
266
266
267
267
267
268
268
268
268
268
268
268
269
269
269
269
270
270
270
271
271
272
273
273
274
276
276
277
277
277
278
279
279
280
281
281
281
282
282
284
286
286
286
286
286
286
287
287
288
288
288
289
290
291
292
293
293
294
295
295
297
298
298
299
300
300
302
302
302
302
302
304
304
305
309
310
310
310
310
311
313
313
316
320
321
321
321
321
322
323
323
324
326
328
328
333
333
333
334
335
337
339
341
341
344
347
351
351
352
352
353
356
362
363
363
366
368
370
376
377
377
377
381
383
383
384
386
386
389
395
399
402
402
403
403
417
419
431
433
441
443
446
446
450
451
456
459
461
462
463
464
465
465
466
466
466
468
469
470
471
474
476
478
480
480
484
484
484
484
484
485
488
489
496
496
497
497
497
497
498
498
499
499
500
503
503
504
504
504
506
507
507
507
508
511
511
511
511
512
515
516
537
548
551
555
571
581
582
587
587
587
590
592
592
593
630
709
710
715
717
721
734
741
742
742
742
744
748
754
757
759
760
761
761
765
765
766
766
767
786
842
898
898
899
910
912
913
915
916
917
919
919
921
921
922
924
924
924
925
925
931
931
951
958
959
961
964
968
970
973
977
980
980
981
986
990
991
997
1000
1000
1004
1007
1009
1012
1043
1072
1074
1077
1080
1081
1089
1096
1096
1097
1097
1098
1098
1108
1114
1117
1121
1126
1127
1127
1127
1128
1131
1131
1132
1146
1235
1237
1256
1257
1258
1259
1261
1275
1276
1280
1291
1291
1291
1298
1302
1307
1308
1316
1318
1319
1322
1325
1326
1327
1330
1331
1333
1333
1333
1333
1334
1336
1336
1336
1336
1344
1348
1349
1353
1353
1353
1355
1357
1360
1364
1365
1368
1372
1374
1374
1376
1377
1377
1377
1378
1385
1387
1387
1388
1388
1388
1388
1389
1391
1392
1394
1403
1412
1415
1416
1418
1418
1420
1421
1422
1423
1423
1423
1424
1425
1426
1427
1427
1427
1428
1428
1428
1430
1430
1430
1432
1432
1434
1435
1435
1435
1436
1437
1439
1439
1440
1440
1440
1441
1441
1442
1442
1443
1444
1445
1445
1445
1446
1446
1447
1448
1449
1451
1452
1452
1453
1453
1454
1454
1454
1454
1455
1455
1457
1458
1458
1459
1459
1460
1460
1460
1460
1460
1461
1461
1462
1464
1464
1464
1464
1464
1465
1465
1465
1465
1466
1466
1466
1466
1467
1467
1468
1468
1468
1468
1469
1469
1470
1470
1470
1470
1471
1471
1471
1471
1471
1471
1471
1472
1474
1475
1476
1477
1478
1478
1478
1479
1479
1480
1481
1482
1485
1486
1487
1487
1488
1489
1490
1494
1495
1496
1499
1500
1500
1500
1500
1501
1502
1506
1507
1507
1507
1508
1509
1509
1509
1509
1510
1511
1512
1512
1513
1514
1515
1520
1520
1521
1525
1526
1527
1528
1529
1529
1531
1533
1533
1533
1535
1536
1536
1537
1539
1539
1540
1541
1542
1542
1543
1544
1547
1548
1550
1550
1550
1552
1552
1553
1556
1557
1559
1559
1561
1562
1563
1563
1564
1564
1565
1565
1566
1572
1575
1578
1579
1579
1580
1580
1580
1581
1582
1582
1582
1582
1584
1584
1585
1585
1586
1586
1587
1589
1590
1590
1590
1591
1591
1592
1592
1593
1593
1596
1596
1602
1604
1606
1606
1607
1608
1611
1612
1613
1613
1615
1616
1616
1619
1619
1619
1620
1620
1621
1621
1622
1625
1625
1628
1631
1632
1638
1639
1643
1647
1648
1648
1649
1653
1654
1657
1659
1662
1670
1672
1676
1677
1679
1679
1685
1688
1688
1690
1691
1691
1694
1694
1696
1697
1698
1698
1701
1701
1708
1709
1714
1723
1723
1723
1730
1730
1733
1734
1735
1735
1739
1740
1740
1744
1744
1745
1745
1745
1747
1751
1751
1761
1761
1761
1762
1764
1764
1765
1765
1766
1767
1768
1768
1769
1769
1775
1780
1796
1796
1797
1800
1803
1803
1805
1807
1808
1808
1811
1815
1817
1818
1826
1880
1944
1951
1953
1964
1989
2032
2033
2036
2040
2040
2045
2047
2049
2053
2054
2054
2100
2138
2153
2209
2225
2225
2273
2277
2288
2295
2296
2302
2306
2306
2307
2334
2423
2424
2464
2465
2465
2466
2467
2467
2472
2473
2476
2476
2476
2478
2487
2489
2493
2493
2502
2504
2510
2512
2516
2532
2547
2606
2646
2647
2648
2656
2657
2669
2669
2674
2677
2681
2682
2683
2683
2684
2685
2690
2690
2691
2692
2841
2863
2867
2869
2878
2878
2880
2881
2884
2891
2892
2892
2897
2898
2899
2899
2899
2901
2904
2904
2904
2905
2908
2908
2909
2909
2911
2913
2914
2915
2915
2917
2919
2919
2921
2922
2922
2922
2922
2929
2930
2930
2931
2931
2932
2932
2934
2935
2938
2989
2989
2990
2991
2992
2993
2994
2996
2997
3000
3002
3003
3005
3006
3007
3007
3008
3008
3008
3008
3009
3014
3014
3015
3015
3016
3016
3017
3017
3018
3019
3019
3019
3020
3021
3023
3023
3027
3027
3028
3028
3031
3031
3032
3032
3032
3033
3036
3036
3038
3038
3039
3045
3047
3048
3066
3069
3076
3079
3086
3090
3090
3099
3100
3101
3110
3110
3111
3115
3118
3118
3121
3122
3124
3125
3267
3277
3285
3298
3299
3302
3305
3307
3308
3316
3318
3320
3328
3332
3338
3361
3367
3367
3369
3370
3371
3375
3381
3382
3382
3383
3383
3383
3385
3385
3385
3386
3388
3388
3388
3390
3391
3391
3393
3395
3396
3397
3397
3402
3403
3404
3408
3412
3418
3419
3420
3420
3421
3422
3424
3425
3430
3431
3432
3432
3436
3436
3441
3444
3444
3447
3448
3456
3474
3474
3480
3481
3503
3506
3519
3521
3531
3536
3542
3542
3543
3543
3543
3543
3543
3543
3543
3543
3543
3543
3553
3558
3559
3560
3564
3579
3579
3579
3582
3585
3586
3606
3608
3611
3612
3614
3617
3620
3636
3637
3652
3720
3728
3732
3732
3734
3734
3734
3735
3737
3738
3739
3741
3744
3747
3755
3766
3767
3769
3772
3772
3773
3775
3776
3779
3781
3785
3786
3790
3791
3792
3793
3795
3798
3798
3799
3799
3801
3802
3825
3828
3829
3831
3835
3836
3836
3838
3840
3855
3856
3870
3872
3877
3877
3877
3904
3905
3905
3907
3907
3908
3908
3912
3914
3915
3917
3919
3920
3920
3923
3925
3926
3926
3926
3926
3926
3926
3926
3927
3927
3927
3927
3927
3930
3930
3932
3937
3938
3938
3940
3941
3941
3942
3942
3942
3945
3945
3946
3947
3947
3954
3955
3955
3956
3959
3961
3962
3962
3964
3964
3965
3969
3969
3979
3981
3996
3996
3997
3997
3998
4000
4000
4001
4006
4008
4008
4009
4011
4011
4011
4012
4012
4012
4013
4014
4014
4015
4016
4019
4022
4023
4024
4039
4047
4047
4050
4054
4055
4057
4059
4070
4077
4178
4183
4190
4197
4199
4211
4214
4215
4224
4228
4230
4231
4233
4233
4235
4240
4243
4251
4251
4251
4255
4259
