0
3
3
3
4
4
5
5
6
7
7
8
8
8
9
9
10
10
11
11
11
11
11
11
12
12
12
13
13
13
14
14
14
14
14
14
15
15
16
16
16
17
17
17
18
18
18
18
18
18
18
19
19
20
20
20
21
21
22
22
23
23
23
23
23
23
23
23
23
24
24
24
24
25
25
25
25
25
26
26
26
26
26
26
26
26
26
26
26
26
27
27
27
27
27
27
27
27
27
27
27
28
28
28
28
28
29
29
29
29
29
29
29
29
29
29
29
30
30
30
30
30
30
30
30
30
30
30
30
31
31
31
31
31
31
31
31
31
31
31
31
32
32
32
32
33
33
33
33
33
33
33
33
34
34
34
34
34
34
34
34
34
35
35
35
35
35
35
35
35
36
36
36
36
36
36
36
36
36
36
36
36
36
36
36
36
36
36
36
37
37
37
37
38
38
38
39
39
39
40
40
40
40
40
40
40
40
41
41
41
41
41
41
41
42
43
43
44
44
44
44
44
44
44
44
44
44
44
45
45
45
46
46
46
46
47
47
47
47
47
48
48
48
49
49
49
49
49
49
50
50
50
50
51
51
51
51
51
51
51
52
52
52
52
52
52
52
52
53
53
53
54
54
54
54
54
54
55
55
56
56
57
57
58
58
58
58
59
59
59
60
60
60
60
61
61
61
62
62
62
62
62
62
62
62
63
63
63
63
63
63
63
63
63
63
63
63
63
64
64
64
64
64
65
65
65
65
65
65
66
66
66
67
67
67
68
68
69
69
70
70
70
70
70
70
70
70
71
71
71
71
71
71
71
71
71
72
72
72
72
72
72
72
72
72
72
73
73
74
74
74
74
74
74
74
74
75
75
75
75
75
75
76
76
76
76
76
76
76
77
77
77
77
77
78
78
78
78
79
79
79
79
79
79
80
80
80
80
80
81
81
81
81
82
82
82
82
83
83
84
84
84
84
85
85
86
86
86
86
87
87
87
87
87
88
88
88
88
88
88
89
89
89
89
89
89
90
91
91
91
91
92
92
92
92
93
93
93
94
94
94
94
94
94
94
94
95
95
95
95
95
95
95
95
95
96
96
96
96
96
96
96
96
96
96
96
97
97
97
97
97
97
98
98
98
98
98
98
98
98
98
99
99
99
99
99
99
99
99
99
99
100
100
100
101
101
101
101
101
101
101
101
101
102
102
102
103
103
104
104
104
104
105
105
105
105
105
106
106
106
107
107
107
108
108
108
108
108
109
109
109
109
109
109
109
109
109
109
109
110
110
110
110
110
110
110
110
111
111
111
111
111
111
111
111
111
111
112
112
112
112
112
112
112
113
113
113
113
113
113
113
113
113
113
113
114
114
114
114
114
114
114
115
115
115
115
115
115
115
115
115
115
115
115
115
115
115
116
116
116
116
116
116
116
116
116
116
116
116
116
117
117
117
117
117
118
118
118
118
118
119
119
119
119
119
119
119
120
120
120
120
121
121
121
121
121
122
122
122
122
122
122
122
122
123
123
123
124
124
124
124
125
125
125
125
125
126
126
126
126
126
126
127
127
127
128
128
129
129
130
130
130
131
131
131
131
131
131
131
131
131
131
131
131
132
132
132
132
132
132
132
132
132
133
133
133
133
133
134
134
134
134
135
135
136
136
136
137
138
138
138
139
139
139
140
140
140
141
141
141
141
142
142
142
142
142
142
143
143
143
143
143
143
143
144
144
144
144
144
145
146
146
146
146
146
146
146
146
147
147
147
147
148
148
148
148
149
149
150
150
150
152
153
153
153
154
155
156
156
156
156
158
158
159
159
159
160
160
160
160
161
162
162
162
162
162
163
163
163
163
163
163
164
165
165
165
165
166
166
166
167
167
167
167
167
168
168
168
169
169
169
169
169
169
169
170
170
170
170
171
171
171
172
172
172
172
172
173
173
173
173
174
174
174
174
175
175
175
175
175
175
176
176
177
177
178
178
178
179
179
179
180
180
180
181
181
181
182
182
182
182
182
182
183
183
183
183
184
184
184
184
184
184
184
185
185
185
185
185
185
185
186
186
186
186
188
189
189
189
189
189
189
189
190
191
191
191
191
191
193
193
194
194
195
195
195
195
195
195
195
195
196
196
196
196
196
197
197
198
198
198
198
198
199
199
199
200
200
201
201
201
201
201
202
202
204
204
205
205
206
207
207
207
209
209
209
210
211
212
213
213
215
217
218
218
218
220
220
220
220
221
222
222
223
223
223
223
223
224
224
224
225
226
228
228
228
229
229
230
231
232
232
232
232
233
234
234
234
235
235
235
236
236
238
238
239
241
241
241
241
241
243
244
245
245
245
246
247
248
248
249
249
250
250
250
250
250
250
250
250
251
251
251
251
251
251
252
252
252
252
252
253
253
253
254
254
255
255
256
257
257
257
258
259
259
259
260
261
263
263
263
264
264
264
265
265
265
265
267
268
269
269
269
270
270
270
270
271
271
272
273
273
274
274
274
274
274
274
274
276
276
276
276
276
278
279
279
279
279
280
281
282
282
282
282
282
282
283
286
287
289
289
290
290
290
293
294
295
295
295
296
296
296
297
297
298
299
299
299
300
300
300
301
301
301
301
302
302
302
302
302
302
303
303
303
304
305
305
306
306
306
306
306
307
307
307
309
311
312
312
313
314
315
315
318
318
319
319
320
321
321
321
323
325
325
326
326
330
331
331
332
334
338
339
344
345
345
345
346
347
350
352
353
354
356
356
356
357
357
360
361
366
367
368
371
372
374
375
377
378
379
379
380
381
381
382
382
382
382
384
385
386
386
387
387
388
389
390
390
390
390
391
391
391
392
392
393
393
394
395
395
395
396
396
396
396
399
399
400
401
401
401
401
402
402
402
403
403
403
403
404
404
404
405
405
405
406
407
407
407
408
408
409
409
409
410
410
411
412
412
414
414
415
415
416
416
417
420
424
425
425
427
427
427
427
428
429
432
433
433
434
434
434
434
434
435
435
436
436
436
436
436
436
437
437
437
437
437
438
438
438
439
439
439
439
439
440
440
440
440
440
440
441
441
441
441
441
442
442
442
442
442
442
442
442
442
443
443
443
443
443
443
444
444
444
444
444
445
445
449
450
454
454
454
455
455
455
455
457
457
457
457
457
457
457
458
460
460
461
461
461
463
463
463
463
464
464
465
465
465
465
466
466
466
467
467
468
472
473
473
473
473
474
474
474
474
475
475
475
475
476
476
476
476
477
480
481
482
486
488
489
489
491
493
495
496
496
497
499
502
503
504
505
505
506
506
506
510
511
511
512
512
512
513
513
513
514
515
515
515
515
517
518
518
518
519
520
520
521
522
524
524
525
526
526
526
531
534
534
535
535
536
537
539
542
547
547
548
549
550
550
551
551
551
551
552
552
553
553
554
554
554
554
554
554
556
556
556
556
562
563
563
564
566
566
567
567
569
570
570
570
573
577
578
580
581
583
583
584
585
591
591
591
592
592
592
592
594
596
597
599
601
601
602
603
604
607
607
609
610
610
610
612
614
621
623
623
623
624
628
629
629
631
632
634
634
635
636
637
638
639
641
642
645
652
660
662
662
667
668
668
668
668
668
668
668
668
669
669
669
669
669
669
670
670
670
670
670
670
671
671
672
672
672
683
686
687
687
688
692
693
696
697
702
702
703
705
707
713
722
724
729
731
744
747
749
756
758
758
762
771
774
778
781
782
782
787
790
792
792
793
793
794
796
796
797
797
797
801
815
815
815
817
817
820
821
824
829
830
832
832
834
837
837
838
838
841
842
846
849
849
850
854
857
859
861
865
865
865
865
866
868
876
878
878
879
881
882
883
884
884
886
887
887
889
893
895
895
895
895
895
896
900
916
923
923
923
927
942
970
973
979
981
986
1001
1001
1002
1002
1004
1005
1006
1009
1011
1011
1012
1012
1021
1022
1022
1022
1022
1023
1023
1030
1043
1043
1047
1062
1066
1069
1079
1087
1087
1087
1087
1088
1089
1091
1093
1093
1093
1098
1099
1107
1131
1143
1143
1146
1146
1148
1148
1153
1160
1161
1162
1163
1166
1168
1170
1170
1177
1179
1180
1181
1188
1193
1193
1197
1197
1198
1201
1201
1202
1207
1207
1210
1211
1218
1218
1220
1227
1228
1228
1228
1228
1229
1229
1229
1230
1243
1252
1252
1265
1272
1276
1279
1280
1292
1292
1293
1293
1293
1293
1293
1295
1297
1299
1307
1311
1311
1311
1311
1312
1313
1319
1321
1326
1326
1326
1326
1347
1347
1351
1354
1357
1360
1361
1366
1373
1376
1378
1380
1381
1384
1386
1392
1394
1399
1401
1401
1406
1416
1417
1417
1418
1419
1431
1434
1434
1434
1442
1442
1442
1444
1447
1447
1448
1449
1450
1450
1451
1451
1452
1452
1453
1453
1454
1454
1455
1456
1457
1458
1459
1460
1460
1462
1462
1464
1465
1466
1467
1469
1470
1470
1473
1474
1475
1476
1476
1480
1482
1488
1488
1490
1495
1498
1498
1498
1499
1499
1499
1499
1499
1499
1499
1499
1499
1499
1499
1500
1504
1508
1512
1513
1515
1515
1515
1515
1515
1515
1516
1516
1516
1516
1521
1521
1521
1522
1525
1527
1528
1529
1530
1534
1534
1534
1537
1537
1538
1539
1540
1540
1541
1541
1545
1545
1545
1549
1550
1550
1551
1551
1551
1552
1552
1552
1553
1554
1554
1555
1557
1557
1558
1558
1559
1559
1560
1560
1561
1561
1561
1562
1562
1563
1568
1568
1568
1569
1570
1570
1573
1577
1577
1577
1577
1577
1578
1580
1580
1582
1582
1583
1584
1584
1584
1585
1585
1586
1587
1588
1589
1590
1590
1590
1591
1592
1592
1593
1593
1593
1594
1595
1595
1596
1596
1596
1596
1597
1602
1602
1603
1606
1612
1616
1616
1616
1617
1617
1623
1623
1623
1623
1624
1625
1625
1627
1629
1629
1631
1632
1637
1641
1641
1642
1644
1646
1646
1647
1648
1648
1651
1654
1655
1655
1658
1658
1660
1661
1662
1662
1665
1667
1668
1668
1669
1669
1669
1673
1676
1679
1680
1680
1684
1687
1690
1690
1693
1693
1694
1696
1701
1702
1703
1707
1708
1716
1718
1718
1720
1720
1725
1725
1735
1738
1739
1739
1740
1741
1748
1759
1760
1761
1805
1805
1805
1808
1808
1808
1809
1809
1809
1809
1809
1809
1809
1810
1810
1810
1810
1811
1811
1811
1811
1813
1813
1814
1815
1819
1821
1821
1824
1826
1828
1833
1834
1837
1837
1838
1847
1847
1848
1857
1859
1859
1860
1861
1861
1867
1868
1871
1872
1874
1874
1875
1890
1890
1893
1894
1895
1895
1895
1903
1921
1921
1924
1929
1932
1932
1933
1933
1934
1935
1937
1938
1942
1943
1943
1944
1946
1948
1948
1948
1951
1953
1954
1957
1959
1960
1960
1968
1969
1969
1970
1980
1980
1989
1989
1993
1999
2002
2006
2012
2017
2035
2044
2046
2051
2061
2062
2062
2062
2088
2109
2127
2141
2167
2168
2168
2178
2198
2215
2225
2235
2266
2269
2270
2271
2276
2277
2301
2307
2307
2308
2309
2323
2349
2387
2388
2389
2390
2390
2391
2393
2397
2398
2401
2406
2407
2445
2456
2456
2468
2477
2478
2481
2485
2486
2486
2489
2491
2496
2496
2527
2539
2564
2564
2570
2579
2583
2584
2584
2592
2606
2635
2670
2670
2681
2696
2701
2702
2785
2788
2808
2821
2824
2830
2832
2841
2841
2879
2880
2884
2898
2906
2921
2922
2926
2940
2942
2943
2943
2947
2951
2956
2959
2961
2963
2968
2971
2973
2974
2974
2976
2988
3000
3000
3005
3010
3028
3029
3029
3033
3044
3045
3048
3050
3052
3052
3053
3053
3056
3056
3056
3057
3057
3057
3057
3064
3067
3068
3071
3071
3071
3072
3078
3079
3080
3085
