2
2
2
3
3
4
4
5
7
8
8
8
8
10
11
12
12
13
13
14
15
15
15
15
15
16
16
16
16
16
17
17
17
17
17
18
20
20
20
20
20
20
20
20
21
21
21
21
21
21
21
21
21
21
21
21
21
21
21
21
21
21
21
21
22
22
22
23
23
24
24
24
24
24
25
25
25
26
26
28
28
28
29
29
30
31
31
31
31
32
32
32
32
33
33
33
34
35
35
35
36
37
37
38
38
38
38
38
38
39
39
39
39
40
41
41
41
41
42
42
42
43
43
43
43
43
43
43
44
44
44
44
44
44
46
46
46
47
48
48
48
49
49
49
50
50
50
50
50
50
50
50
50
50
50
50
50
50
51
51
51
51
51
51
51
51
52
52
52
52
52
53
53
54
54
55
55
55
56
56
57
57
58
59
59
60
60
60
60
60
60
60
60
61
61
61
61
61
61
61
61
61
61
61
61
61
61
62
62
62
62
62
62
62
62
62
62
62
62
62
62
63
63
63
63
64
65
66
66
66
66
66
67
67
67
67
69
69
71
71
72
72
72
72
72
73
73
73
74
74
74
75
75
76
76
77
78
78
78
79
79
79
79
80
80
80
81
81
83
83
83
83
84
84
84
86
86
86
86
87
87
88
88
88
88
88
89
91
91
92
92
92
93
94
94
95
96
96
97
97
97
98
99
100
100
100
100
102
103
103
103
103
104
104
104
104
105
105
107
107
107
108
108
109
110
110
110
111
111
112
112
113
113
113
114
114
115
115
115
116
116
117
118
119
119
119
119
120
121
122
122
123
124
124
125
125
125
125
125
125
125
125
125
126
126
126
126
126
128
128
128
128
128
129
130
130
130
131
131
131
131
131
131
133
133
135
135
136
136
136
136
137
138
138
138
138
138
138
139
139
139
139
139
139
139
139
139
140
140
140
140
141
141
141
141
142
142
143
143
143
143
144
145
145
145
145
145
146
146
146
146
146
146
146
147
147
147
150
151
153
153
153
154
154
155
155
155
156
156
156
157
157
157
157
159
160
161
161
162
163
163
163
163
163
163
164
164
164
164
164
164
164
164
164
164
164
165
165
165
165
165
165
165
166
166
166
166
166
166
166
166
167
167
167
168
168
168
168
168
170
170
170
171
171
171
172
172
172
173
173
177
183
183
185
185
185
185
186
186
187
188
188
189
194
194
194
196
200
200
201
201
202
202
202
202
202
202
202
204
205
205
207
208
209
209
210
211
211
212
213
213
214
215
216
216
217
217
221
221
223
223
223
223
224
224
224
224
224
224
224
224
224
225
225
225
225
225
225
225
225
225
225
225
226
226
226
226
226
230
230
231
232
232
233
233
233
233
233
234
234
234
234
235
236
236
240
241
242
243
250
259
267
268
268
268
270
271
271
271
271
272
272
273
273
274
274
275
275
278
279
287
287
289
292
295
295
295
298
298
299
300
300
302
303
303
303
303
303
309
312
316
333
335
341
341
348
349
353
353
363
374
374
377
378
379
398
398
399
400
406
411
412
413
414
416
417
420
423
429
430
432
433
438
439
442
448
455
455
465
469
470
472
473
473
473
475
482
486
495
496
499
499
500
503
503
504
505
507
507
511
518
518
519
520
520
522
522
523
524
525
525
528
531
533
535
544
550
550
550
551
552
553
558
565
565
567
569
570
575
576
576
576
576
576
577
577
577
577
577
578
578
578
578
578
579
579
579
579
579
579
579
580
580
580
580
580
580
580
580
580
580
581
581
581
581
581
581
581
581
581
581
582
582
582
582
583
583
586
586
597
599
599
599
600
600
600
600
600
601
601
601
601
602
602
602
605
605
605
613
613
615
623
625
633
635
644
645
647
647
648
661
662
665
672
677
677
677
678
680
680
690
697
697
698
698
709
714
717
718
719
722
728
728
728
732
757
766
768
777
777
777
777
777
777
778
778
778
779
779
785
786
787
824
826
834
838
838
838
842
842
843
857
862
863
864
869
877
880
884
889
889
895
907
908
911
919
919
929
929
930
945
945
946
948
948
948
952
961
961
968
970
971
977
984
985
986
989
992
992
1000
1007
1008
1010
1013
1018
1022
1023
1024
1028
1028
1031
1033
1040
1044
1045
1048
1048
1048
1050
1050
1051
1052
1054
1055
1055
1055
1056
1057
1058
1064
1073
1077
1078
1080
1090
1094
1104
1108
1113
1117
1120
1122
1122
1124
1140
1141
1142
1152
1152
1152
1152
1175
1198
1221
1221
1222
1222
1222
1224
1225
1225
1234
1237
1240
1244
1244
1245
1251
1282
1288
1291
1293
1293
1294
1294
1294
1295
1305
1308
1330
1336
1350
1352
1352
1352
1361
1366
1369
1371
1384
1384
1386
1386
1386
1409
1409
1409
1410
1417
1419
1422
1424
1425
1426
1428
1428
1428
1429
1429
1429
1429
1429
1429
1429
1429
1429
1429
1429
1430
1430
1430
1430
1430
1430
1430
1430
1430
1434
1434
1435
1435
1435
1435
1435
1435
1435
1435
1436
1436
1436
1436
1437
1439
1441
1441
1441
1443
1443
1443
1444
1444
1445
1445
1445
1445
1446
1447
1447
1448
1448
1449
1450
1451
1451
1452
1452
1453
1453
1453
1455
1457
1459
1462
1462
1462
1463
1464
1465
1470
1473
1473
1473
1473
1473
1473
1473
1474
1474
1474
1477
1477
1477
1479
1479
1479
1480
1481
1482
1482
1482
1482
1482
1482
1483
1483
1483
1483
1484
1485
1487
1489
1489
1490
1490
1492
1492
1492
1492
1492
1492
1495
1496
1497
1498
1500
1500
1500
1501
1501
1502
1502
1502
1503
1504
1506
1506
1508
1512
1515
1516
1517
1519
1523
1523
1523
1523
1524
1524
1524
1524
1525
1525
1525
1525
1525
1525
1526
1526
1526
1526
1529
1530
1531
1535
1541
1541
1543
1544
1545
1548
1552
1553
1554
1556
1557
1558
1558
1563
1564
1564
1564
1566
1567
1567
1568
1568
1571
1571
1572
1580
1581
1583
1587
1588
1590
1590
1592
1594
1594
1595
1598
1601
1603
1603
1603
1604
1604
1604
1606
1610
1611
1613
1613
1614
1615
1615
1616
1616
1617
1618
1618
1619
1620
1621
1621
1622
1622
1622
1626
1626
1626
1629
1629
1630
1632
1633
1633
1634
1635
1636
1637
1638
1640
1641
1641
1642
1642
1644
1644
1644
1645
1645
1645
1645
1645
1645
1645
1645
1646
1646
1647
1647
1647
1648
1649
1651
1651
1652
1653
1653
1654
1655
1657
1657
1657
1658
1659
1659
1659
1659
1661
1662
1664
1668
1668
1668
1674
1675
1678
1679
1679
1683
1683
1683
1684
1684
1684
1685
1689
1689
1690
1690
1691
1691
1692
1693
1694
1696
1697
1697
1700
1700
1700
1702
1703
1704
1705
1705
1705
1705
1706
1706
1707
1708
1712
1713
1714
1719
1719
1720
1720
1720
1722
1723
1728
1729
1731
1734
1737
1739
1740
1742
1744
1744
1745
1745
1746
1747
1752
1753
1756
1757
1757
1758
1758
1759
1760
1760
1766
1768
1768
1770
1771
1774
1776
1782
1788
1790
1797
1798
1799
1801
1803
1803
1804
1805
1807
1818
1818
1824
1827
1838
1840
1842
1843
1843
1845
1849
1850
1857
1870
1871
1875
1876
1876
1876
1878
1878
1881
1882
1884
1886
1913
1914
1914
1917
1918
1919
1919
1922
1923
1924
1924
1925
1926
1926
1927
1927
1927
1933
1934
1936
1940
1941
1943
1943
1944
1946
1949
1961
1964
1967
1968
1969
1973
1977
1979
1979
1980
1981
1987
1989
1993
1998
2003
2004
2005
2007
2017
2017
2048
2064
2069
2073
2077
2077
2081
2082
2087
2089
2090
2090
2090
2091
2096
2105
2112
2120
2120
2124
2128
2130
2131
2139
2148
2149
2150
2150
2175
2181
2181
2192
2196
2197
2198
2199
2201
2233
2233
2234
2234
2234
2235
2235
2235
2235
2248
2274
2284
2299
2299
2299
2311
2312
2312
2312
2326
2333
2340
2354
2447
2447
2448
2455
2455
2459
2459
2460
2461
2462
2462
2477
2478
2480
2481
2483
2489
2492
2497
2499
2500
2539
2540
2540
2541
2544
2630
2632
2632
2632
2633
2637
2652
2654
2657
2670
2670
2716
2717
2722
2763
2763
2763
2763
2763
2763
2764
2764
2764
2764
2764
2764
2764
2764
2764
2764
2765
2765
2765
2766
2771
2771
2772
2772
2772
2772
2772
2773
2773
2773
2773
2773
2774
2774
2777
2788
2800
2804
2808
2810
2814
2815
2822
2823
2824
2824
2834
2836
2857
2857
2867
2875
2884
2887
2897
2898
2899
2899
2899
2900
2908
2930
2930
2946
2949
2950
2954
2958
2963
2964
2973
2993
3006
3012
3024
3034
3040
3044
3050
3056
3058
3058
3062
3065
3070
3071
3074
3074
3077
3080
3083
3084
3085
3087
3092
3097
3100
3102
3103
3122
3124
3127
3129
3132
3137
3137
3138
3148
3151
3151
3155
3155
3159
3159
3165
3166
3168
3169
3173
3174
3174
3175
3178
3179
3180
3181
3182
3182
3182
3184
3184
3184
3184
3186
3188
3190
3197
3197
3201
3202
3202
3202
3203
3204
3205
3207
3208
3208
3209
3210
3211
3211
3211
3211
3212
3212
3213
3213
3213
3215
3215
3215
3216
3217
3219
3220
3221
3221
3225
3226
3228
3229
3231
3232
3233
3234
3234
3235
3242
3244
3245
3245
3249
3250
3251
3252
3252
3253
3255
3256
3259
3263
3267
3267
3270
3270
3271
3273
3280
3280
3282
3283
3287
3289
3291
3292
3293
3293
3294
3294
3295
3296
3296
3299
3299
3299
3300
3300
3301
3301
3302
3305
3306
3306
3306
3308
3309
3309
3309
3310
3310
3310
3310
3310
3311
3311
3312
3312
3312
3313
3313
3314
3314
3314
3315
3317
3317
3318
3320
3320
3320
3322
3323
3325
3328
3328
3330
3330
3331
3333
3333
3333
3334
3336
3337
3346
3347
3350
3355
3358
3359
3359
3359
3359
3360
3360
3360
3360
3360
3361
3365
3365
3370
3393
3416
3417
3417
3418
3418
3419
3419
3421
3454
3457
3457
3476
3479
3484
3486
3490
3511
3558
3559
3562
3564
3567
3570
3573
3579
3581
3581
3582
3583
3584
3587
3588
3593
3594
3595
3600
3603
3605
3606
3607
3607
3607
3608
3615
3617
3618
3618
3619
3620
3623
3624
3624
3624
3630
3631
3651
3656
3659
3663
3664
3667
3673
3698
3698
3711
3715
3716
3720
3720
3723
3724
3725
3729
3729
3729
3730
3736
3741
3742
3754
3754
3760
3798
3802
3804
3807
3809
3813
3819
3821
3844
3847
3855
3858
3858
3860
3866
3869
3930
3941
3944
3951
3953
3956
3956
3958
3959
3963
3989
4004
4023
4031
4056
4059
4061
4063
4064
4071
4072
4073
4081
4086
4091
4092
4097
4103
4108
4110
4116
4118
4127
4129
4131
4140
4140
4208
4210
4282
4355
4359
4359
4360
4361
4395
4407
4407
4414
4427
4434
4455
4456
4473
4515
4522
4525
4532
4533
4534
4537
4538
4546
4549
4553
4555
4555
4557
4560
4560
4575
4575
4583
4589
4595
4596
4597
4618
4619
4619
4628
4631
4631
4672
4673
4681
4681
4681
4683
4683
4684
4685
4686
4686
4687
4687
4687
4687
4687
4690
4691
4698
4698
4698
4698
4713
4713
4725
4742
4744
4753
4766
4770
4770
4772
4774
4774
4776
4778
4779
4790
4795
4810
4810
4819
4819
4820
4825
4834
4838
4838
4853
4860
4861
4870
4880
4897
4906
4914
4921
4933
4935
4945
4947
4954
4956
4957
4959
4959
4959
5001
5002
5007
5007
5007
5007
5007
5007
5007
5007
5008
5009
5013
5014
5020
5020
5025
5032
5042
5059
5066
5109
5111
5119
5138
5168
5171
5186
5199
5202
5202
5203
5204
5209
5210
5210
5210
5211
5212
5212
5213
5213
5216
5217
5226
5226
5230
5236
5250
5251
5259
5259
5260
5261
5266
5294
5296
5298
5300
5303
5304
5307
5312
5313
5319
5319
5326
5327
5332
5337
5338
5338
5339
5342
5344
5344
5345
5346
5353
5353
5353
5364
5364
5365
5371
5372
5381
5399
5399
5399
5400
5400
5404
5414
5419
5444
5444
5445
5511
5535
5551
5552
5555
5557
5561
5567
5567
5568
5601
5601
5613
5620
5641
5642
5655
5659
5660
5660
5662
5671
5671
5675
5699
5715
5715
5721
5722
5723
5723
5723
5723
5724
5724
5724
5724
5725
5725
5725
5725
5726
5726
5734
5734
5738
5738
5738
5753
5754
5757
5764
5770
5781
5782
5784
5785
5787
5788
5799
5803
5832
5842
5868
5927
5932
5934
5942
5943
5984
5993
5995
5995
6091
6112
6117
6122
6150
6155
6162
6166
6166
6178
6181
6189
6194
6194
6194
6194
6196
6197
6213
6236
6238
6238
6240
6241
6244
6244
6245
6261
6268
6272
6274
6288
6289
6289
6290
6290
6293
6308
6312
6420
6463
6464
6484
6496
6497
6500
6506
6509
6512
6517
6527
6528
6528
6529
6530
6569
6572
6573
6586
6587
6589
6590
6592
6592
6592
6601
6606
6637
6674
6684
6688
6691
6699
6700
6700
6725
6744
6750
6750
6759
6764
6778
6778
6856
6856
6879
6897
6900
6904
6905
6906
6908
6911
6970
6970
6971
