3
5
6
7
9
10
11
12
13
13
14
15
17
18
18
18
18
19
20
20
21
22
22
22
22
22
22
23
23
23
23
23
23
24
24
26
26
26
26
26
26
26
26
26
30
30
31
31
31
32
32
32
34
34
35
36
36
42
42
42
42
42
43
44
44
44
45
46
46
46
50
50
54
55
56
56
56
57
58
58
60
60
61
62
63
66
66
66
69
73
74
75
75
76
76
77
78
80
81
82
82
82
83
83
84
85
85
89
92
94
96
98
98
98
98
101
101
102
102
104
104
105
105
106
107
108
108
108
108
108
113
113
113
113
113
113
115
115
116
117
117
118
119
124
127
127
127
129
130
130
130
130
130
130
131
131
133
145
146
149
150
150
150
150
157
160
167
170
170
174
187
190
196
197
201
275
276
277
280
283
298
313
318
324
332
345
366
367
399
463
464
465
470
476
477
536
551
551
568
570
601
610
621
627
640
666
692
695
695
698
701
702
703
707
709
718
721
726
736
738
741
745
751
752
754
755
757
757
758
759
765
766
770
771
779
779
780
782
789
790
792
797
798
799
802
804
806
806
807
808
809
809
809
811
811
812
812
812
812
813
813
813
814
814
814
814
814
815
817
817
817
818
818
818
818
818
818
818
818
818
818
818
818
818
818
818
818
818
818
818
818
818
818
818
818
819
819
819
819
819
819
819
819
822
822
822
822
822
822
822
822
822
822
822
822
822
822
822
822
824
824
824
825
825
825
825
826
826
826
826
826
826
826
827
827
827
828
828
828
828
831
831
831
832
832
832
832
832
832
832
832
832
832
832
832
832
833
833
837
837
837
839
842
842
843
843
843
843
843
843
843
843
843
844
844
844
844
845
845
845
845
845
845
849
849
849
849
849
849
849
849
849
849
850
850
850
850
850
850
850
850
850
850
850
850
850
850
850
850
850
850
850
850
850
850
850
850
850
850
850
850
850
850
850
851
851
851
852
852
853
855
855
855
855
855
855
856
856
856
856
865
865
866
868
868
870
871
872
876
876
876
886
887
888
889
893
893
896
898
898
899
901
902
903
903
909
911
911
912
912
913
913
914
919
920
923
924
924
924
924
927
930
930
930
930
931
931
931
931
937
938
941
941
942
943
944
944
946
948
948
948
949
952
955
958
958
958
960
960
964
965
971
972
974
975
975
977
981
985
987
991
997
997
998
1005
1007
1007
1008
1008
1009
1011
1012
1012
1014
1017
1019
1019
1020
1021
1021
1021
1021
1021
1021
1021
1023
1023
1023
1025
1026
1026
1026
1026
1027
1028
1031
1032
1033
1034
1041
1048
1052
1054
1057
1057
1058
1066
1072
1072
1077
1081
1082
1085
1086
1086
1088
1089
1092
1094
1097
1098
1098
1100
1101
1101
