0
4
4
5
5
11
11
11
11
12
12
15
15
17
17
23
23
24
24
24
26
26
26
26
27
27
27
31
31
31
31
32
34
34
37
39
39
40
41
42
42
42
42
43
44
47
47
47
47
47
48
48
50
50
52
52
52
52
53
53
54
54
54
54
55
55
55
55
57
57
57
57
57
57
58
59
60
60
60
61
63
64
69
72
73
73
75
75
80
80
81
81
81
82
85
85
85
86
86
87
88
89
89
89
89
89
90
91
91
91
91
92
92
92
92
92
94
94
94
95
95
96
96
98
98
98
99
99
99
100
103
103
106
107
107
107
108
109
111
115
119
124
124
124
125
132
133
133
134
135
140
142
143
143
143
144
144
145
145
145
145
145
145
145
145
145
147
153
155
157
157
158
176
177
179
179
179
179
179
179
179
179
179
179
179
179
179
179
179
179
180
180
180
180
180
180
185
186
186
186
186
186
186
187
191
211
213
213
218
221
232
267
267
267
267
271
271
273
273
292
293
298
302
307
317
353
354
356
359
361
362
371
371
375
405
409
410
412
418
418
418
422
433
449
452
458
466
478
480
483
489
490
492
493
509
510
510
511
518
525
525
525
526
556
560
573
573
573
573
575
583
588
611
656
657
667
677
678
678
804
806
814
822
843
845
849
854
858
870
913
914
924
941
945
958
961
979
986
986
987
1016
1023
1024
1025
1026
1027
1030
1076
1113
1113
1119
1127
1129
1132
1135
1135
1135
1135
1136
1136
1136
1136
1136
1136
1136
1136
1136
1136
1136
1136
1136
1136
1136
1142
1142
1142
1144
1149
1151
1156
1156
1156
1156
1156
1156
1156
1157
1158
1158
1158
1163
1165
1167
1175
1175
1177
1178
1180
1185
1204
1204
1208
1208
1208
1208
1208
1211
1212
1218
1223
1225
1230
1238
1242
1242
1242
1242
1242
1242
1243
1248
1248
1248
1249
1249
1249
1249
1250
1250
1250
1250
1251
1251
1251
1251
1252
1253
1255
1255
1255
1256
1257
1259
1260
1261
1262
1263
1263
1264
1270
1272
1273
1275
1276
1278
1288
1288
1288
1288
1289
1289
1289
1289
1289
1289
1289
1289
1289
1289
1290
1290
1290
1290
1290
1291
1291
1291
1291
1291
1291
1291
1291
1291
1291
1291
1300
1304
1306
1310
1313
1313
1319
1334
1339
1340
1340
1340
1341
1344
1346
1348
1349
1351
1352
1354
1354
1363
1369
1372
1373
1374
1374
1374
1374
1374
1374
1374
1374
1374
1374
1374
1374
1374
1374
1374
1374
1374
1374
1375
1378
1378
1378
1378
1378
1378
1378
1378
1378
1378
1379
1379
1379
1379
1379
1379
1383
1396
1396
1396
1396
1396
1396
1396
1396
1396
1396
1396
1396
1396
1396
1396
1396
1396
1396
1396
1396
1396
1396
1397
1399
1401
1403
1403
1403
1405
1406
1414
1434
1434
1440
1440
1440
1440
1440
1440
1440
1440
1440
1440
1472
1473
1476
1492
1512
1516
1553
1571
1591
1599
1599
1599
1599
1631
1631
1636
1637
1639
1641
1643
1648
1648
1653
1653
1670
1671
1671
1678
1711
1713
1717
1726
1726
1742
1749
1756
