0
4
5
6
6
11
11
12
15
15
16
17
17
18
18
19
20
21
23
23
23
25
26
26
27
27
29
29
29
29
29
30
31
32
34
35
35
37
42
44
44
46
47
48
52
52
53
55
55
55
56
56
59
59
66
68
68
69
71
72
73
75
76
79
94
109
110
117
117
132
137
139
164
165
165
168
170
173
174
175
180
183
186
186
186
187
187
191
191
191
191
191
191
192
200
206
206
207
207
207
207
207
207
208
208
208
208
219
220
235
241
251
271
272
273
279
293
296
301
305
309
314
315
316
316
318
322
330
330
330
335
338
342
363
364
364
364
364
364
365
365
365
368
440
441
486
498
507
527
545
559
559
561
561
562
565
566
567
567
568
574
582
591
593
594
594
602
603
620
620
623
623
623
623
623
623
624
626
630
630
638
641
649
655
664
666
680
685
690
692
693
697
704
705
713
740
744
750
750
750
757
761
766
769
774
774
811
812
812
817
827
832
845
862
888
891
892
892
892
892
893
893
893
893
893
893
893
901
901
901
901
901
901
902
902
902
902
902
902
902
902
902
902
902
903
903
903
904
906
906
906
906
906
906
906
906
907
907
910
910
927
933
937
938
947
949
959
960
964
964
967
970
974
974
975
975
975
976
996
1002
1003
1014
1017
1018
1019
1023
1038
1039
1046
1048
1066
1098
1098
1099
1114
1114
1116
1156
1162
1168
1179
1179
1181
1182
1182
1182
1215
1274
1282
1287
1291
1308
1310
1314
1324
1332
1351
1352
1366
1367
1367
1382
1400
1400
1400
1414
1417
1421
1431
1441
1441
1441
1441
1441
1442
1442
1443
1443
1443
1448
1448
1448
1448
1448
1448
1448
1448
1448
1449
1449
1449
1449
1449
1449
1449
1449
1449
1449
1449
1449
1449
1449
1450
1450
1450
1450
1450
1450
1450
1450
1450
1450
1450
1450
1450
1450
1450
1450
1450
1450
1450
1450
1450
1450
1450
1452
1452
1452
1452
1452
1452
1452
1452
1452
1453
1453
1453
1453
1453
1453
1453
1453
1453
1453
1453
1453
1454
1454
1455
1455
1455
1455
1456
1456
1456
1456
1456
1456
1456
1456
1456
1456
1456
1457
1457
1457
1457
1457
1457
1457
1457
1457
1457
1457
1457
1457
1457
1457
1457
1457
1457
1457
1457
1457
1457
1457
1457
1457
1457
1457
1458
1458
1458
1458
1463
1464
1475
1479
1481
1484
1484
1484
1484
1485
1486
1491
1492
1493
1495
1516
1517
1518
1518
1519
1523
1534
1534
1539
1539
1539
1539
1540
1540
1540
1540
1540
1547
1554
1558
1571
1572
1574
1580
1591
1600
1601
1635
1651
1661
1663
1670
1730
1742
1751
1751
1752
1812
1854
1855
1857
1857
1870
1888
1931
1976
2020
2030
2035
2036
2079
2082
2083
2085
2093
2093
2167
2176
2176
2195
2203
2203
2203
2226
2226
2258
2286
2295
2304
2309
2313
2315
2355
2365
2371
2409
2432
2435
2447
2499
2550
2579
2602
2646
2710
2746
2773
2781
2783
2791
2880
2881
2882
2905
2913
2913
2913
2913
2913
2913
2913
2913
2927
2933
2939
2945
2950
2950
2951
2954
3051
3051
3051
3052
3052
3055
