0
5
5
6
7
7
9
11
14
16
21
23
24
25
26
27
29
30
33
34
35
35
36
36
37
37
38
38
38
38
38
39
40
40
41
41
43
43
43
44
44
44
44
44
44
44
45
45
45
45
46
48
50
50
50
51
54
54
55
55
55
55
58
59
60
60
60
61
64
64
66
72
74
74
74
75
75
78
78
79
80
80
81
81
81
84
87
88
89
89
89
89
89
89
89
91
92
92
92
93
93
93
93
94
94
95
96
98
100
100
100
100
100
101
101
101
101
104
105
107
107
108
108
108
108
108
108
108
109
110
111
112
112
113
115
115
115
117
118
120
123
125
133
134
140
141
142
145
146
149
162
186
187
187
198
199
200
200
200
203
203
206
208
210
212
215
216
216
216
239
250
254
260
262
281
292
301
307
309
310
310
310
311
318
318
324
339
339
340
347
347
367
367
368
386
398
418
418
418
418
418
423
423
423
423
425
426
426
426
426
442
444
445
466
487
501
507
516
526
578
591
597
601
603
609
609
610
612
614
619
619
624
625
626
627
630
636
641
645
646
647
647
649
657
662
673
674
675
678
680
685
695
698
701
702
704
704
705
714
715
717
717
722
727
728
733
737
738
739
740
741
741
750
752
752
754
754
754
754
754
754
754
754
756
757
758
759
759
759
759
759
759
759
759
759
759
759
759
759
759
759
759
759
759
759
760
760
760
760
762
762
762
763
763
763
763
763
763
763
763
763
763
763
763
763
763
763
763
763
763
764
764
764
764
764
764
764
764
764
764
764
764
764
767
767
768
770
770
771
771
771
771
771
772
773
773
775
781
781
781
781
781
781
781
781
781
781
781
781
781
782
782
782
782
782
782
782
782
782
782
783
783
783
786
786
787
787
788
790
795
795
798
798
798
799
799
799
799
799
799
799
799
800
801
802
802
805
806
806
807
807
807
807
807
807
807
807
807
807
807
807
809
811
813
814
814
814
814
814
814
814
814
814
814
814
814
814
814
814
814
814
814
814
814
814
814
819
819
819
819
819
819
819
820
820
820
820
820
820
820
820
820
821
822
822
823
823
826
827
828
833
833
833
833
833
833
833
833
833
833
837
840
840
840
840
841
841
841
842
843
843
844
844
844
845
845
845
845
845
845
851
855
856
866
867
868
869
878
879
888
897
897
897
907
909
921
932
933
936
938
939
940
941
944
946
947
951
952
953
959
968
969
971
971
971
971
971
971
981
987
995
1001
1009
1010
1015
1022
1029
1030
1031
1055
1058
1062
1072
1076
1078
1082
1082
1083
1085
1105
1113
1114
1122
1122
1122
1123
1123
1123
1123
1123
1123
1124
1125
1125
1147
1147
1159
1160
1171
1172
1173
1185
1203
1211
1231
