3
4
5
6
8
10
19
20
22
22
22
22
23
23
24
28
28
33
33
33
34
34
34
38
41
42
44
45
45
45
46
46
46
46
47
47
47
47
50
50
50
51
52
52
52
52
52
55
63
65
69
70
78
81
82
90
90
92
93
95
96
96
96
96
96
98
100
101
101
102
107
107
108
108
109
110
116
120
121
121
121
126
127
132
138
148
150
153
162
166
234
315
327
348
352
355
383
393
403
412
416
426
431
441
442
477
499
525
533
561
578
603
612
678
798
814
842
853
889
894
897
902
909
914
917
947
950
973
974
979
985
989
992
995
999
1019
1027
1031
1036
1037
1038
1039
1039
1039
1046
1055
1055
1119
1119
1119
1156
1164
1166
1194
1195
1197
1209
1231
1231
1239
1248
1252
1252
1252
1252
1253
1270
1270
1271
1271
1271
1289
1311
1311
1312
1312
1312
1313
1321
1321
1322
1322
1338
1341
1341
1343
1347
1368
1384
1385
1423
1512
1512
1512
1513
1514
1515
1515
1515
1515
1515
1519
1519
1519
1519
1519
1519
1519
1519
1524
1524
1525
1526
1526
1529
1532
1535
1536
1537
1542
1543
1560
1563
1566
1569
1570
1574
1575
1576
1576
1584
1585
1586
1586
1587
1587
1588
1590
1590
1592
1593
1593
1594
1596
1619
1648
1658
1679
1703
1713
1781
1784
1792
1792
1937
1941
1942
1946
1955
1971
1974
1981
1982
1983
1989
2025
2038
2058
2065
2102
2106
2124
2125
2128
2129
2131
2140
2140
2153
2155
2157
2160
2161
2164
2168
2171
2184
2189
2189
2190
2190
2190
2190
2191
2191
2193
2207
2209
2211
2217
2217
2217
2217
2218
2218
2222
2222
2223
2223
2223
2224
2224
2224
2225
2225
2225
2225
2227
2228
2228
2229
2230
2230
2233
2233
2241
2241
2242
2248
2248
2248
2249
2249
2282
2292
2292
2293
2294
2299
2305
2306
2307
2308
2310
2311
2335
2335
2335
2345
2411
2416
2420
2420
2420
2420
2421
2426
2430
2431
2431
2435
2435
2435
2436
2436
2436
2436
2436
2436
2436
2436
2437
2437
2437
2437
2449
2449
2454
2468
2471
2474
2476
2476
2478
2480
2480
2480
2483
2487
2489
2489
2493
2494
2513
2521
2521
2527
2527
2533
2536
2539
2547
2556
2556
2557
2557
2557
2558
2558
2559
2560
2561
2566
2571
2571
2577
2577
2579
2583
2584
2585
2585
2586
2587
2587
2587
2588
2588
2588
2588
2589
2591
2608
2609
2646
2648
2665
2684
2692
2692
2693
2695
2700
2716
2723
2752
2753
2755
2756
2759
2760
2767
2768
2768
2769
2770
2777
2778
2779
2780
2780
2780
2782
2792
2807
2858
2875
2876
2881
3119
3144
3151
3188
3188
3192
3206
3215
3216
3217
3232
3232
3232
3233
3234
3234
3234
3245
3261
3299
3300
3302
3312
3312
3315
3319
3359
3360
3361
3361
3363
3374
3379
3387
3391
3400
3400
3401
3402
3402
3402
3404
3406
3406
3427
3429
3440
3450
3473
3476
3481
3481
3481
3481
3499
3504
3507
3511
3526
3527
3528
3530
3559
3559
3559
3564
3568
3580
3580
3589
3590
3596
3597
3597
3604
3605
3606
3606
3607
3607
3608
3608
3610
3611
3611
3613
3626
3627
3642
3643
3651
3656
3670
3672
3675
3678
3683
3689
3696
3706
3714
3719
3721
3775
3778
3778
3778
3778
3779
3779
3779
3779
3779
3780
3780
3792
3792
