14
17
18
19
20
20
20
20
24
24
25
25
25
25
26
33
40
41
42
42
43
43
44
44
45
45
49
50
52
52
52
52
53
53
54
54
54
58
58
60
62
63
66
66
67
68
69
70
70
72
77
77
87
91
91
91
91
91
94
97
97
104
105
106
110
115
121
122
133
141
141
142
147
162
170
171
171
177
177
178
182
205
218
221
253
260
261
318
375
383
383
387
388
389
390
391
392
392
392
392
393
393
399
401
407
409
416
417
423
426
437
448
466
471
496
504
538
616
631
633
644
670
671
675
678
679
683
694
694
695
708
709
713
715
715
726
732
738
739
739
754
758
767
769
769
775
775
792
792
792
793
802
802
802
803
803
806
807
807
807
808
812
817
824
833
833
834
835
836
852
856
857
860
860
861
863
863
864
864
864
867
885
905
906
911
912
913
927
930
931
931
945
946
948
951
961
965
968
969
980
980
983
985
986
989
989
990
990
990
993
993
993
993
993
993
993
994
994
994
994
994
994
994
994
995
997
997
998
998
998
1000
1003
1005
1006
1006
1006
1011
1011
1012
1012
1013
1014
1015
1016
1019
1019
1019
1019
1019
1020
1023
1023
1024
1026
1028
1030
1032
1037
1040
1054
1054
1056
1064
1067
1071
1073
1078
1087
1092
1092
1093
1095
1102
1106
1114
1130
1136
1168
1174
1191
1195
1196
1196
1196
1196
1198
1199
1199
1199
1199
1200
1207
1207
1209
1210
1210
1211
1211
1211
1212
1212
1214
1215
1220
1220
1221
1226
1227
1227
1228
1229
1229
1230
1232
1233
1242
1242
1242
1243
1246
1253
1253
1254
1254
1258
1259
1260
1261
1261
1262
1262
1262
1262
1262
1263
1263
1267
1269
1271
1271
1272
1279
1282
1285
1285
1285
1286
1286
1286
1294
1305
1312
1318
1318
1319
1319
1319
1319
1323
1323
1324
1325
1325
1325
1328
1330
1332
1332
1336
1336
1337
1346
1355
1361
1367
1374
1381
1382
1383
1386
1389
1397
1407
1410
1420
1428
1435
1435
1436
1440
1441
1441
1441
1442
1442
1442
1443
1443
1443
1443
1443
1443
1444
1444
1446
1618
1631
1637
1656
1660
1697
1697
1698
1704
1704
1705
1705
1707
1707
1717
1718
1718
1719
1720
1721
1723
1725
1725
1727
1728
1729
1729
1730
1735
1736
1736
1741
1744
1745
1753
1762
1764
1764
1766
1770
1771
1772
1774
1776
1776
1782
1785
1785
1786
1798
1802
1803
1804
1804
1813
1823
1825
1844
1855
1855
1857
1857
1868
1869
1869
1879
1884
1884
1891
1892
1897
1904
1920
1921
1921
1927
1929
1930
1930
1931
1931
1932
1936
1936
1936
1937
1945
1950
1951
1955
1961
1962
1968
1971
1972
1976
1984
1992
1992
1993
1993
1994
1996
1996
1997
1997
2000
2001
2002
2002
2003
2016
2020
2023
2024
2031
2031
2031
2036
2044
2044
2047
2052
2056
2058
2061
2068
2074
2078
2081
2084
2087
2088
2088
2090
2094
2096
2099
2101
2101
2101
2108
2115
2124
2124
2128
2133
2137
2137
2137
2137
2138
2138
2140
2142
2144
2144
2144
2148
2157
2157
2158
2166
2167
2184
2192
2193
2195
2195
2195
2196
2200
2200
2201
2201
2201
2201
2201
2202
2205
