3
4
6
6
7
8
13
15
16
17
17
17
18
18
18
19
19
20
21
24
24
25
26
26
26
26
26
26
28
29
30
30
30
31
31
32
33
34
34
36
37
37
37
38
39
39
40
40
40
41
42
42
44
45
45
45
46
46
46
47
47
47
48
48
48
48
48
48
49
50
51
52
52
52
52
52
52
53
53
53
53
53
53
53
53
55
56
57
57
57
59
59
59
60
60
61
61
61
62
62
64
64
64
64
64
65
65
65
65
65
66
66
67
68
68
68
68
68
68
69
69
69
69
69
69
69
69
70
71
72
72
73
74
75
75
76
77
78
79
80
80
80
81
81
81
81
81
81
82
82
82
82
82
83
83
84
84
84
84
84
85
86
87
87
88
89
89
90
90
91
93
93
94
94
94
95
95
100
100
100
101
101
102
103
104
104
104
106
106
107
107
107
107
107
110
111
114
122
125
125
131
133
133
133
133
134
134
136
136
142
144
147
147
149
149
149
149
152
158
160
161
163
168
172
179
180
182
186
194
202
222
230
230
234
236
244
249
250
250
274
284
284
284
284
301
321
322
332
332
341
350
350
351
357
371
377
397
398
398
400
400
402
408
410
410
411
412
416
422
423
427
433
457
470
470
471
480
480
481
495
500
502
502
502
504
511
532
534
536
539
543
545
546
547
549
550
551
552
552
577
577
577
587
587
587
589
601
609
609
610
610
613
615
615
616
616
616
617
617
623
625
632
632
633
634
635
635
635
637
639
640
640
642
644
645
646
646
646
647
647
647
647
649
649
650
650
655
655
655
656
656
656
657
657
660
661
661
661
663
663
664
665
665
665
666
666
666
667
667
668
668
669
670
670
672
674
675
675
675
676
677
679
679
679
679
679
680
684
684
684
684
685
685
685
685
685
685
685
685
685
686
686
686
686
686
687
689
689
689
689
689
690
690
691
691
692
693
696
697
698
698
699
700
700
700
701
701
701
703
703
704
704
704
704
704
705
705
707
710
710
711
711
711
713
713
713
715
715
716
716
722
722
722
723
723
723
724
724
724
724
724
724
724
724
725
725
725
725
727
728
728
729
729
730
731
732
732
732
733
733
734
734
734
737
737
739
739
740
741
742
744
745
745
746
746
747
749
751
751
751
752
752
752
754
759
760
761
761
761
761
762
764
764
772
772
772
773
774
774
775
775
775
777
781
781
781
785
785
787
788
788
788
791
791
791
791
793
795
796
796
796
798
799
800
800
800
802
803
803
803
803
804
804
804
805
809
809
810
810
814
814
815
816
816
816
825
827
832
838
838
838
838
839
839
839
840
840
840
840
841
843
844
844
844
845
845
845
