3
4
5
6
6
7
13
14
16
16
16
17
17
18
18
18
20
21
22
25
25
25
26
26
26
26
26
27
27
27
29
30
31
31
31
32
32
32
32
32
32
32
32
32
32
32
32
33
33
34
34
34
35
35
35
37
37
37
37
38
38
40
40
40
40
40
41
42
45
45
46
46
47
48
48
48
48
48
50
52
54
54
54
55
55
55
56
56
56
56
57
57
58
60
60
61
61
61
61
61
63
63
64
64
64
64
65
67
71
73
73
74
74
75
75
77
77
78
78
80
81
81
83
85
85
86
89
90
91
91
92
92
93
93
94
95
98
98
99
99
99
99
101
102
102
102
103
103
103
104
105
106
108
108
109
109
109
110
113
113
113
113
114
114
114
114
115
116
117
118
118
118
119
119
119
119
119
119
120
120
123
123
124
126
127
128
137
138
139
146
146
146
146
148
148
149
150
150
151
151
152
152
163
173
173
174
174
177
178
178
178
179
179
182
186
198
200
203
205
205
216
219
226
226
229
232
238
240
242
243
245
246
248
248
249
249
249
257
265
271
273
278
287
303
314
314
314
318
318
318
325
343
359
362
368
368
369
370
370
371
376
377
378
380
385
387
389
393
393
394
398
404
404
405
408
416
417
424
428
431
436
439
439
440
440
441
441
447
451
452
452
452
453
454
457
459
463
467
468
472
473
474
475
475
476
477
477
477
479
481
485
486
489
489
489
489
495
497
498
505
505
505
505
505
505
506
506
506
507
507
507
507
508
512
515
516
516
516
517
520
521
522
522
522
523
523
523
523
523
523
523
523
523
524
524
524
524
524
524
526
526
530
531
531
535
536
537
538
539
539
540
540
541
542
542
549
550
551
551
552
558
559
559
560
560
566
566
566
569
571
571
571
572
572
572
572
573
573
574
574
575
577
578
584
585
586
589
590
590
590
590
597
612
613
624
627
637
638
638
639
639
642
644
649
650
651
651
652
655
655
656
657
665
679
679
679
679
680
680
680
681
681
681
682
683
683
686
689
689
692
692
694
694
695
695
696
696
697
700
700
701
701
704
705
713
713
714
715
715
715
716
716
716
716
717
717
717
718
719
722
723
724
725
728
730
730
730
733
734
735
735
736
736
737
737
738
739
741
744
745
745
745
745
745
747
747
748
749
750
750
750
750
752
753
755
755
755
756
756
756
756
757
762
767
770
770
771
774
775
781
782
786
788
796
800
800
800
800
800
802
809
814
815
816
816
819
824
831
831
834
836
836
844
848
851
853
865
871
872
872
875
876
876
876
876
877
880
880
880
881
881
883
884
886
898
898
898
903
903
903
904
904
910
911
913
