3
5
6
6
7
7
13
17
18
18
18
21
21
22
22
22
22
23
23
23
23
23
23
26
26
26
28
28
29
29
29
30
34
35
36
37
37
37
37
37
38
38
40
40
40
40
42
42
42
44
45
46
47
47
50
54
57
57
57
57
57
59
60
61
62
64
69
69
72
72
76
76
76
77
77
77
77
77
77
78
78
78
78
78
79
80
80
81
81
82
82
83
83
84
84
84
84
85
85
86
86
88
88
88
88
88
88
89
90
90
93
94
95
95
95
97
98
98
99
100
101
102
104
104
104
104
104
105
106
106
106
107
107
108
108
109
109
109
110
110
110
111
111
112
112
113
113
114
114
115
115
118
119
120
121
121
121
122
124
125
127
128
146
154
155
157
159
159
159
160
160
163
175
177
191
192
192
192
193
194
194
194
196
205
208
209
209
209
209
210
212
225
226
233
234
237
237
259
271
277
293
296
297
299
312
323
323
326
327
335
336
347
347
362
366
371
372
378
379
379
386
387
389
392
395
395
395
399
401
404
404
405
405
405
406
406
406
407
407
407
407
408
419
420
421
421
422
422
423
424
427
430
430
431
431
432
432
436
446
453
454
454
454
455
456
457
459
459
467
476
476
476
476
477
482
482
484
489
499
507
507
515
517
519
522
523
524
524
525
526
527
527
528
528
536
544
550
552
563
569
571
572
573
573
573
575
576
576
576
577
577
577
577
577
577
578
580
581
581
582
583
583
587
587
587
587
587
587
587
587
587
587
587
587
588
589
590
591
591
591
591
592
592
592
592
599
603
606
619
619
622
625
628
632
644
660
674
678
678
678
678
679
683
685
688
688
688
689
689
689
689
698
706
708
710
713
714
714
714
714
714
717
717
720
721
721
730
733
733
738
743
747
753
761
762
765
770
770
771
776
778
779
779
779
780
780
781
782
784
787
788
790
794
804
806
812
813
814
814
817
817
817
817
818
818
818
818
818
819
820
821
822
822
822
823
823
823
825
825
826
826
827
827
830
833
835
836
837
837
837
838
839
842
843
849
849
849
851
852
852
854
857
857
858
858
858
858
858
865
868
868
869
869
869
869
869
873
873
873
873
874
875
876
878
879
879
879
880
881
883
887
889
890
892
893
894
895
899
902
903
904
904
908
909
909
909
910
910
910
910
910
915
920
925
929
932
932
936
940
941
942
943
943
949
951
953
972
974
997
1000
1000
1009
1012
1017
1022
1037
1038
1039
1040
1044
1044
1050
1070
1072
1085
1092
1097
1100
1146
1157
1158
1158
1160
1168
1173
1173
1173
1177
1178
1198
1203
1209
1209
1212
1212
1219
1219
1226
1230
1231
1238
1239
1251
1252
1254
1260
1268
1273
1277
1277
1277
1280
1280
1280
1281
1281
1282
1282
1282
1282
