3
6
6
6
6
9
9
15
15
15
15
15
16
18
19
19
19
19
20
20
22
23
23
23
23
24
24
24
24
25
26
26
27
29
29
30
31
31
32
32
32
32
33
33
33
34
34
35
35
36
37
37
40
41
41
41
42
43
46
47
49
57
57
59
60
65
67
70
70
70
70
70
70
71
72
72
74
90
90
90
90
94
95
97
98
98
98
98
98
98
98
98
98
98
98
99
101
101
101
103
123
127
133
133
136
138
139
140
143
143
144
154
154
155
163
194
198
206
209
215
221
248
248
248
249
249
249
250
250
251
252
253
253
253
260
263
278
319
406
408
420
422
424
424
424
429
430
430
430
434
434
435
436
437
444
444
444
446
446
452
458
458
459
464
465
466
468
469
472
472
474
474
475
475
475
476
480
481
481
483
483
490
502
508
512
514
518
519
519
521
526
526
530
530
530
530
534
538
542
557
568
570
572
599
602
607
623
623
623
624
624
627
627
628
628
631
632
632
632
633
638
641
643
653
655
655
656
656
659
701
728
730
730
732
732
773
777
822
847
872
875
936
936
940
960
985
987
1001
1010
1024
1031
1039
1041
1041
1045
1062
1065
1068
1079
1079
1179
1228
1230
1251
1256
1270
1300
1305
1330
1332
1337
1363
1366
1366
1370
1371
1404
1408
1417
1423
1428
1428
1428
1429
1429
1431
1437
1438
1439
1442
1443
1444
1447
1450
1456
1458
1470
1471
1472
1472
1473
1474
1480
1481
1484
1498
1501
1553
1559
1559
1559
1559
1560
1560
1561
1562
1562
1562
1563
1563
1563
1564
1567
1570
1571
1579
1580
1581
1581
1581
1582
1582
1582
1582
1583
1583
1583
1583
1583
1584
1584
1586
1611
1612
1613
1614
1615
1616
1624
1626
1627
1628
1634
1635
1640
1641
1641
1648
1649
1655
1658
1658
1658
1659
1659
1659
1659
1659
1660
1660
1660
1661
1674
1678
1679
1693
1710
1718
1720
1723
1729
1733
1739
1755
1758
1769
1773
1776
1781
1793
1880
1945
1960
1972
1977
1978
1979
2020
2036
2051
2060
2061
2081
2090
2101
2102
2103
2112
2116
2126
2129
2148
2153
2156
2193
2194
2199
2200
2206
2244
2249
2252
2270
2279
2279
2287
2291
2292
2293
2294
2295
2296
2299
2300
2315
2336
2338
2338
2339
2342
2353
2360
2363
2367
2374
2374
2385
2397
2400
2402
2404
2406
2408
2410
2411
2411
2418
2433
2450
2453
2499
2508
2510
2531
2534
2553
2555
2570
2599
2670
2670
2670
2674
2674
2674
2674
2674
2674
2675
2675
2675
2675
2675
2676
2676
2676
2677
2696
2715
2743
2750
2765
2769
2770
2776
2782
2802
2822
2823
2823
2844
2846
2846
2846
2857
2857
2859
2901
2905
2928
2928
2928
2931
2932
2933
2933
2934
2934
2951
2964
3038
3043
3053
3056
3072
3073
3078
3131
3159
3209
3227
3230
3260
3282
3297
3301
3320
3321
3321
3322
3322
3322
3322
3327
3328
3328
3558
3585
3593
3593
3617
3675
3746
3793
3793
4010
4019
4019
4020
4025
4045
4047
4047
4047
4047
4049
4102
4121
4127
4187
4241
4254
4255
4255
4259
4292
4296
4428
4467
4539
4541
4583
4594
4629
4629
4629
