1
4
4
4
4
5
5
5
5
5
5
5
5
7
7
7
7
8
8
8
8
8
8
8
8
10
10
10
10
10
10
10
10
14
14
14
14
14
14
14
14
16
16
16
16
17
17
17
17
18
18
18
18
18
18
18
18
21
21
21
21
28
28
28
28
28
28
28
28
31
31
31
31
32
32
32
32
37
37
37
37
37
37
37
37
37
37
37
37
38
38
38
38
38
38
38
38
38
38
38
38
38
38
38
38
38
38
38
38
38
38
38
38
43
43
43
43
43
43
43
43
44
44
44
44
44
44
44
44
45
45
45
45
45
45
45
45
45
45
45
45
45
45
45
45
46
46
46
46
46
46
46
46
46
46
46
46
46
46
46
46
47
47
47
47
48
48
48
48
48
48
48
48
48
48
48
48
49
49
49
49
50
50
50
50
50
50
50
50
52
52
52
52
53
53
53
53
54
54
54
54
54
54
54
54
54
54
54
54
54
54
54
54
55
55
55
55
55
55
55
55
55
55
55
55
56
56
56
56
56
56
56
56
56
56
56
56
56
56
56
56
56
56
56
56
56
56
56
56
56
56
56
56
57
57
57
57
57
57
57
57
57
57
57
57
57
57
57
57
57
57
57
57
57
57
57
57
58
58
58
58
59
59
59
59
59
59
59
59
59
59
59
59
59
59
59
59
59
59
59
59
60
60
60
60
63
63
63
63
64
64
64
64
64
64
64
64
65
65
65
65
66
66
66
66
66
66
66
66
67
67
67
67
67
67
67
67
67
67
67
67
68
68
68
68
68
68
68
68
69
69
69
69
71
71
71
71
71
71
71
71
71
71
71
71
71
71
71
71
72
72
72
72
72
72
72
72
73
73
73
73
74
74
74
74
76
76
76
76
76
76
76
76
76
76
76
76
76
76
76
76
79
79
79
79
82
82
82
82
84
84
84
84
87
87
87
87
87
87
87
87
87
87
87
87
88
88
88
88
88
88
88
88
88
88
88
88
89
89
89
89
91
91
91
91
91
91
91
91
93
93
93
93
94
94
94
94
95
95
95
95
96
96
96
96
96
96
96
96
97
97
97
97
98
98
98
98
98
98
98
98
100
100
100
100
100
100
100
100
100
100
100
100
101
101
101
101
101
101
101
101
101
101
101
101
104
104
104
104
107
107
107
107
108
108
108
108
109
109
109
109
109
109
109
109
110
110
110
110
110
110
110
110
112
112
112
112
112
112
112
112
113
113
113
113
113
113
113
113
113
113
113
113
114
114
114
114
114
114
114
114
114
114
114
114
115
115
115
115
116
116
116
116
116
116
116
116
116
116
116
116
116
116
116
116
117
117
117
117
117
117
117
117
117
117
117
117
118
118
118
118
121
121
121
121
130
130
130
130
136
136
136
136
137
137
137
137
144
144
144
144
150
150
150
150
150
150
150
150
157
157
157
157
159
159
159
159
160
160
160
160
164
164
164
164
168
168
168
168
169
169
169
169
169
169
169
169
169
169
169
169
170
170
170
170
171
171
171
171
174
174
174
174
192
192
192
192
194
194
194
194
195
195
195
195
199
199
199
199
204
204
204
204
206
206
206
206
216
216
216
216
218
218
218
218
224
224
224
224
230
230
230
230
236
236
236
236
242
242
242
242
260
260
260
260
261
261
261
261
261
261
261
261
264
264
264
264
291
291
291
291
316
316
316
316
317
317
317
317
368
368
368
368
372
372
372
372
375
375
375
375
392
392
392
392
404
404
404
404
417
417
417
417
417
417
417
417
417
417
417
417
417
417
417
417
417
417
417
417
417
417
417
417
417
417
417
417
417
417
417
417
417
417
417
417
417
417
417
417
418
418
418
418
425
425
425
425
425
425
425
425
425
425
425
425
425
425
425
425
426
426
426
426
426
426
426
426
426
426
426
426
426
426
426
426
430
430
430
430
431
431
431
431
438
438
438
438
439
439
439
439
442
442
442
442
445
445
445
445
449
449
449
449
455
455
455
455
455
455
455
455
457
457
457
457
466
466
466
466
467
467
467
467
479
479
479
479
486
486
486
486
490
490
490
490
490
490
490
490
514
514
514
514
518
518
518
518
518
518
518
518
519
519
519
519
519
519
519
519
520
520
520
520
521
521
521
521
529
529
529
529
550
550
550
550
552
552
552
552
556
556
556
556
562
562
562
562
573
573
573
573
586
586
586
586
596
596
596
596
598
598
598
598
613
613
613
613
617
617
617
617
626
626
626
626
627
627
627
627
629
629
629
629
629
629
629
629
629
629
629
629
630
630
630
630
630
630
630
630
630
630
630
630
630
630
630
630
630
630
630
630
630
630
630
630
631
631
631
631
631
631
631
631
631
631
631
631
632
632
632
632
632
632
632
632
639
639
639
639
667
667
667
667
682
682
682
682
683
683
683
683
683
683
683
683
683
683
683
683
683
683
683
683
684
684
684
684
684
684
684
684
687
687
687
687
695
695
695
695
715
715
715
715
726
726
726
726
731
731
731
731
732
732
732
732
779
779
779
779
802
802
802
802
804
804
804
804
817
817
817
817
820
820
820
820
826
826
826
826
833
833
833
833
846
846
846
846
849
849
849
849
861
861
861
861
874
874
874
874
890
890
890
890
890
890
890
890
890
890
890
890
890
890
890
890
894
894
894
894
902
902
902
902
905
905
905
905
905
905
905
905
910
910
910
910
910
910
910
910
912
912
912
912
913
913
913
913
913
913
913
913
914
914
914
914
914
914
914
914
915
915
915
915
925
925
925
925
925
925
925
925
939
939
939
939
958
958
958
958
958
958
958
958
975
975
975
975
1030
1030
1030
1030
1036
1036
1036
1036
1036
1036
1036
1036
1037
1037
1037
1037
1038
1038
1038
1038
1057
1057
1057
1057
1058
1058
1058
1058
1070
1070
1070
1070
1106
1106
1106
1106
1106
1106
1106
1106
1108
1108
1108
1108
1108
1108
1108
1108
1117
1117
1117
1117
1117
1117
1117
1117
1118
1118
1118
1118
1126
1126
1126
1126
1126
1126
1126
1126
1127
1127
1127
1127
1131
1131
1131
1131
1135
1135
1135
1135
1143
1143
1143
1143
1148
1148
1148
1148
1155
1155
1155
1155
1167
1167
1167
1167
1200
1200
1200
1200
1217
1217
1217
1217
1221
1221
1221
1221
1230
1230
1230
1230
1230
1230
1230
1230
1233
1233
1233
1233
1234
1234
1234
1234
1235
1235
1235
1235
1236
1236
1236
1236
1238
1238
1238
1238
1238
1238
1238
1238
1238
1238
1238
1238
1243
1243
1243
1243
1243
1243
1243
1243
1244
1244
1244
1244
1248
1248
1248
1248
1250
1250
1250
1250
1250
1250
1250
1250
1255
1255
1255
1255
1256
1256
1256
1256
1257
1257
1257
1257
1264
1264
1264
1264
1278
1278
1278
1278
1280
1280
1280
1280
1283
1283
1283
1283
1283
1283
1283
1283
1307
1307
1307
1307
1330
1330
1330
1330
1333
1333
1333
1333
1333
1333
1333
1333
1335
1335
1335
1335
1335
1335
1335
1335
1340
1340
1340
1340
1340
1340
1340
1340
1340
1340
1340
1340
1349
1349
1349
1349
1349
1349
1349
1349
1350
1350
1350
1350
1357
1357
1357
1357
1394
1394
1394
1394
1396
1396
1396
1396
1401
1401
1401
1401
1436
1436
1436
1436
1436
1436
1436
1436
1437
1437
1437
1437
1438
1438
1438
1438
1440
1440
1440
1440
1440
1440
1440
1440
1445
1445
1445
1445
1454
1454
1454
1454
1457
1457
1457
1457
1457
1457
1457
1457
1457
1457
1457
1457
1458
1458
1458
1458
1458
1458
1458
1458
1458
1458
1458
1458
1458
1458
1458
1458
1458
1458
1458
1458
1459
1459
1459
1459
1460
1460
1460
1460
1460
1460
1460
1460
1461
1461
1461
1461
1461
1461
1461
1461
1461
1461
1461
1461
1465
1465
1465
1465
1466
1466
1466
1466
1466
1466
1466
1466
1467
1467
1467
1467
1469
1469
1469
1469
1469
1469
1469
1469
1485
1485
1485
1485
1486
1486
1486
1486
1517
1517
1517
1517
1517
1517
1517
1517
1529
1529
1529
1529
1530
1530
1530
1530
1530
1530
1530
1530
1530
1530
1530
1530
1531
1531
1531
1531
1531
1531
1531
1531
1531
1531
1531
1531
1531
1531
1531
1531
1531
1531
1531
1531
1532
1532
1532
1532
1536
1536
1536
1536
1553
1553
1553
1553
1557
1557
1557
1557
1558
1558
1558
1558
1558
1558
1558
1558
1558
1558
1558
1558
1559
1559
1559
1559
1562
1562
1562
1562
1562
1562
1562
1562
1563
1563
1563
1563
1563
1563
1563
1563
1564
1564
1564
1564
1566
1566
1566
1566
1569
1569
1569
1569
1589
1589
1589
1589
1620
1620
1620
1620
1623
1623
1623
1623
1623
1623
1623
1623
1625
1625
1625
1625
1634
1634
1634
1634
1637
1637
1637
1637
1643
1643
1643
1643
1652
1652
1652
1652
1652
1652
1652
1652
1652
1652
1652
1652
1653
1653
1653
1653
1653
1653
1653
1653
1654
1654
1654
1654
1655
1655
1655
1655
1659
1659
1659
1659
1661
1661
1661
1661
1663
1663
1663
1663
1665
1665
1665
1665
1666
1666
1666
1666
1667
1667
1667
1667
1667
1667
1667
1667
1668
1668
1668
1668
1673
1673
1673
1673
1674
1674
1674
1674
1696
1696
1696
1696
1700
1700
1700
1700
1700
1700
1700
1700
1709
1709
1709
1709
1709
1709
1709
1709
1709
1709
1709
1709
1722
1722
1722
1722
1722
1722
1722
1722
1734
1734
1734
1734
1745
1745
1745
1745
1746
1746
1746
1746
1749
1749
1749
1749
1755
1755
1755
1755
1756
1756
1756
1756
1760
1760
1760
1760
1766
1766
1766
1766
1772
1772
1772
1772
1773
1773
1773
1773
1777
1777
1777
1777
1780
1780
1780
1780
1781
1781
1781
1781
1788
1788
1788
1788
1794
1794
1794
1794
1820
1820
1820
1820
1863
1863
1863
1863
1863
1863
1863
1863
1863
1863
1863
1863
1864
1864
1864
1864
1874
1874
1874
1874
1874
1874
1874
1874
1875
1875
1875
1875
1875
1875
1875
1875
1875
1875
1875
1875
1898
1898
1898
1898
1904
1904
1904
1904
1915
1915
1915
1915
1922
1922
1922
1922
1936
1936
1936
1936
1940
1940
1940
1940
1953
1953
1953
1953
1956
1956
1956
1956
1956
1956
1956
1956
1956
1956
1956
1956
1960
1960
1960
1960
1967
1967
1967
1967
1967
1967
1967
1967
1972
1972
1972
1972
1972
1972
1972
1972
1972
1972
1972
1972
1973
1973
1973
1973
1975
1975
1975
1975
1990
1990
1990
1990
1992
1992
1992
1992
1992
1992
1992
1992
1998
1998
1998
1998
1999
1999
1999
1999
2000
2000
2000
2000
2000
2000
2000
2000
2000
2000
2000
2000
2001
2001
2001
2001
2002
2002
2002
2002
2005
2005
2005
2005
2007
2007
2007
2007
2009
2009
2009
2009
2012
2012
2012
2012
2014
2014
2014
2014
2014
2014
2014
2014
2020
2020
2020
2020
2021
2021
2021
2021
2021
2021
2021
2021
2021
2021
2021
2021
2030
2030
2030
2030
2031
2031
2031
2031
2035
2035
2035
2035
2038
2038
2038
2038
2039
2039
2039
2039
2043
2043
2043
2043
2050
2050
2050
2050
2061
2061
2061
2061
2063
2063
2063
2063
2067
2067
2067
2067
2069
2069
2069
2069
2069
2069
2069
2069
2071
2071
2071
2071
2081
2081
2081
2081
2082
2082
2082
2082
2087
2087
2087
2087
2087
2087
2087
2087
2092
2092
2092
2092
2098
2098
2098
2098
2102
2102
2102
2102
2102
2102
2102
2102
2102
2102
2102
2102
2103
2103
2103
2103
2104
2104
2104
2104
2104
2104
2104
2104
2117
2117
2117
2117
2119
2119
2119
2119
2122
2122
2122
2122
2123
2123
2123
2123
2124
2124
2124
2124
2124
2124
2124
2124
2124
2124
2124
2124
2124
2124
2124
2124
2124
2124
2124
2124
2131
2131
2131
2131
2136
2136
2136
2136
2144
2144
2144
2144
2150
2150
2150
2150
2154
2154
2154
2154
2154
2154
2154
2154
2166
2166
2166
2166
2200
2200
2200
2200
2200
2200
2200
2200
2255
2255
2255
2255
2256
2256
2256
2256
2260
2260
2260
2260
2263
2263
2263
2263
2263
2263
2263
2263
2275
2275
2275
2275
2311
2311
2311
2311
2321
2321
2321
2321
2333
2333
2333
2333
2345
2345
2345
2345
2365
2365
2365
2365
2365
2365
2365
2365
2373
2373
2373
2373
2395
2395
2395
2395
