2
5
5
6
6
6
6
7
7
10
16
17
17
18
18
18
18
18
19
19
19
20
21
22
22
22
23
23
23
24
24
24
24
24
24
24
24
24
25
26
26
26
26
26
26
26
26
26
26
27
27
28
28
28
28
28
28
28
29
29
29
29
29
29
29
29
30
30
31
31
31
31
33
33
35
35
37
37
39
39
40
40
40
40
40
41
41
41
42
42
42
43
43
43
43
43
45
46
46
46
48
50
51
51
52
52
53
53
54
54
55
57
59
63
63
63
63
64
64
64
64
64
64
66
71
72
74
75
76
77
78
80
80
81
84
85
95
96
99
100
101
102
103
104
105
106
107
107
108
109
113
114
114
115
118
118
118
118
119
119
119
122
125
125
126
126
128
128
129
129
130
130
130
130
130
130
131
131
137
137
141
141
144
145
148
148
149
149
149
149
150
154
154
155
156
156
159
162
164
164
165
165
166
166
166
166
168
168
169
169
174
175
180
180
180
180
182
190
190
196
201
209
210
215
220
231
233
246
251
262
275
275
279
282
283
286
286
291
292
316
331
331
332
358
367
367
368
368
369
369
369
401
404
405
405
410
410
410
410
411
411
411
412
412
412
412
412
412
412
413
414
414
415
415
416
416
416
417
417
422
424
425
425
428
429
432
434
434
440
445
447
448
463
498
498
498
502
504
515
515
516
522
526
529
534
537
550
552
554
600
603
613
623
624
624
625
625
625
626
626
627
627
628
629
633
634
639
641
641
644
650
654
674
675
677
677
690
690
690
690
690
690
691
691
691
693
693
693
693
693
693
699
703
703
703
703
703
709
710
715
716
716
718
718
718
718
718
718
719
719
726
732
732
738
743
744
744
745
745
747
749
749
749
749
749
749
749
749
749
749
749
749
750
750
750
750
750
750
753
753
753
753
753
753
753
753
753
753
753
753
761
762
762
767
767
767
768
769
769
769
776
789
800
803
803
807
808
810
810
811
812
813
814
814
814
814
814
814
816
816
816
816
816
816
816
817
817
819
825
825
825
826
828
828
829
830
830
831
832
833
834
834
834
834
836
836
836
836
836
836
836
836
836
836
836
836
844
847
852
852
853
857
860
865
866
873
874
874
874
875
875
891
891
895
895
895
895
895
895
897
901
901
908
913
913
913
913
913
913
919
919
921
927
929
929
929
934
936
937
941
941
944
945
947
948
948
951
951
956
956
956
956
967
967
967
967
967
967
978
978
980
983
991
997
1003
1010
1021
1023
1024
1025
1029
1033
1036
1044
1044
1051
1051
1053
1058
1061
1062
1067
1068
1068
1071
1071
1072
1072
1072
1072
1073
1073
1074
1075
1078
1082
1084
1084
1088
1088
1091
1092
1092
1093
1093
1097
1098
1098
1098
1098
1098
1098
1098
1099
1100
1101
1102
1123
1136
1145
1146
1147
1147
1148
1168
1170
1176
1206
1225
1230
1230
1251
1251
1251
1251
1251
1251
1256
1256
1256
1256
1256
1257
1258
1259
1260
1264
1264
1265
1271
1300
1304
1309
1310
1311
1312
1326
1328
1337
1337
1337
1337
1338
1338
1339
1339
1340
1340
1340
1340
1343
1343
1346
1347
1350
1350
1351
1361
1362
1362
1365
1365
1386
1403
1406
1407
1417
1417
1418
1420
1422
1424
1424
1425
1425
1437
1438
1439
1450
1455
1456
1457
1468
1470
1472
1477
1493
1493
1498
1535
