2
4
4
7
7
8
13
13
15
15
16
16
17
18
18
20
21
23
23
23
24
24
24
27
30
30
31
33
34
34
34
34
35
35
45
45
47
47
47
51
51
52
53
53
53
54
54
54
54
54
55
56
56
56
57
57
58
59
59
60
60
62
62
62
62
68
69
69
70
71
71
72
73
73
73
74
74
75
77
77
80
81
82
83
85
89
90
90
90
92
92
93
95
96
97
98
98
99
99
99
99
99
99
99
99
99
100
100
105
105
105
111
119
120
120
121
121
122
123
125
127
128
128
128
129
129
129
129
130
131
131
131
134
135
137
138
139
141
142
143
153
153
153
153
155
162
164
171
178
183
186
198
198
199
200
208
208
209
209
209
213
224
224
227
227
230
230
230
231
237
239
247
254
255
263
269
288
289
308
312
312
312
312
313
315
316
318
319
319
319
328
336
337
342
342
353
374
378
378
378
383
384
387
390
390
391
391
399
412
412
413
413
413
414
415
415
415
415
417
419
436
437
444
445
446
446
447
461
462
467
469
469
473
486
488
491
492
494
495
512
522
536
536
544
545
567
577
580
662
662
664
677
747
779
784
785
791
792
793
794
800
807
808
816
816
819
819
819
820
828
828
828
829
830
833
837
840
844
844
845
851
854
861
863
864
867
872
873
874
874
874
875
877
883
900
929
933
933
936
941
942
942
973
973
976
989
989
989
990
996
1021
1030
1031
1032
1033
1034
1034
1036
1037
1037
1038
1039
1039
1039
1040
1041
1043
1045
1050
1053
1057
1057
1058
1058
1060
1065
1070
1070
1071
1074
1078
1093
1103
1114
1118
1127
1133
1133
1133
1138
1142
1147
1147
1150
1168
1170
1170
1172
1177
1185
1194
1196
1197
1197
1197
1197
1197
1200
1200
1200
1200
1200
1200
1201
1201
1201
1201
1202
1202
1203
1203
1203
1204
1204
1205
1206
1210
1219
1220
1221
1223
1225
1225
1232
1235
1238
1240
1240
1241
1245
1245
1246
1249
1255
1257
1262
1268
1277
1278
1284
1288
1288
1288
1292
1294
1307
1307
1307
1335
1338
1338
1338
1348
1389
1416
1419
1420
1421
1422
1423
1425
1425
1425
1425
1426
1426
1426
1426
1427
1433
1439
1439
1448
1449
1454
1456
1465
1483
1493
1493
1518
1532
1532
1537
1549
1550
1550
1550
1550
1551
1551
1551
1556
1556
1556
1556
1556
1556
1556
1556
1568
1615
1615
1636
1636
1642
1642
1642
1649
1650
1651
1652
1653
1653
1682
1706
1707
1731
1737
1740
1744
1744
1751
1751
1753
1758
1761
1761
1777
1801
1801
1802
1865
1868
1868
1868
1868
1868
1868
1871
1873
1874
1886
1909
1930
1935
1935
1936
1936
1938
1944
1946
1947
1947
1947
1948
1949
1954
1955
1969
1970
1973
1983
1991
1991
1991
1992
1993
1997
2002
2005
2006
2033
2034
2035
2036
2036
2036
2037
2038
2038
2039
2039
2043
2043
2043
2047
2055
2074
2078
2085
2088
2088
2106
2106
2106
2112
2115
2127
2127
2130
2130
2130
2130
2134
2135
2144
2172
2211
2214
2214
2214
2214
2214
2214
2215
2215
2215
2215
2218
2218
2219
2219
2231
2293
2295
2299
2299
2307
2307
2311
2311
2311
2311
2311
2311
2311
2311
2311
2311
2311
2311
2311
2311
2311
2311
2311
2311
2311
2315
2322
2323
2385
2408
2409
2409
2409
2409
2444
2457
2457
2467
2473
2500
2506
2506
2506
2520
2520
2520
2520
2520
2524
2524
2524
2524
2524
2525
2525
2525
2534
2534
2534
2534
2557
2557
2557
2557
2558
2559
2622
2633
2662
