1
3
4
5
5
7
7
7
8
8
11
11
13
16
20
20
20
20
24
24
24
24
24
25
25
27
27
27
28
29
29
31
31
32
35
35
36
36
38
39
39
39
40
40
41
42
42
43
43
43
44
44
44
45
45
45
45
45
45
46
46
46
47
48
48
49
49
49
49
49
49
50
50
50
51
51
51
52
52
52
54
55
58
59
59
60
60
60
61
62
62
63
66
67
67
68
68
68
68
71
71
71
72
73
73
76
77
77
79
79
80
80
80
80
80
84
84
84
84
84
84
84
84
84
84
84
84
85
85
85
86
86
86
86
86
86
86
86
87
88
88
88
89
90
90
90
90
91
91
92
92
94
96
97
98
99
99
100
100
101
101
101
101
101
101
101
102
102
102
103
104
104
104
105
107
107
108
108
108
108
108
109
110
113
117
118
118
118
118
129
133
136
240
249
253
254
257
259
265
296
296
297
297
298
298
300
325
325
329
336
336
337
337
337
337
337
337
338
340
344
354
355
362
369
371
388
396
398
402
402
402
404
405
405
405
406
407
413
414
421
422
431
441
462
466
471
474
476
477
478
478
478
478
480
483
483
489
494
499
500
501
501
502
502
502
503
503
504
506
508
511
513
519
521
523
524
526
531
532
532
536
539
539
541
550
566
589
593
613
619
621
623
624
624
627
628
638
659
670
672
673
674
675
675
677
681
682
682
682
689
690
690
695
695
695
695
695
696
708
709
713
721
724
724
725
725
725
725
725
725
725
725
726
726
726
726
726
726
726
726
726
726
726
726
732
733
736
738
745
746
748
756
756
757
758
761
768
773
777
777
777
778
779
781
781
781
782
782
783
783
783
783
783
783
783
783
783
783
784
785
786
787
787
788
788
788
789
789
790
792
792
793
795
796
796
796
801
801
801
801
804
805
805
805
805
805
806
806
807
808
808
810
813
814
815
816
817
819
819
820
821
825
830
832
834
838
840
841
841
842
848
848
849
851
852
852
852
852
852
854
854
855
855
857
864
867
870
871
876
878
880
886
889
889
889
889
890
892
898
899
899
900
900
901
901
903
910
910
911
911
911
911
912
912
912
913
915
916
919
931
938
939
948
966
967
971
972
973
983
986
1003
1007
1009
1017
1026
1032
1036
1039
1040
1042
1048
1049
1050
1051
1053
1055
1055
1055
1057
1063
1063
1064
1064
1067
1067
1070
1071
1071
1071
1072
1075
1075
1076
1076
1076
1078
1078
1079
1081
1081
1082
1084
1085
1088
1088
1089
1089
1097
1097
1100
1102
1102
1103
1103
1103
1104
1104
1105
1108
1109
1110
1114
1116
1117
1118
1119
1121
1122
1126
1126
1126
1126
1126
1126
1127
1127
1127
1127
1127
1127
1127
1132
1135
1137
1137
1142
1142
1142
1142
1142
1143
1143
1143
1143
1143
1143
1145
1145
1146
1146
1148
1149
1151
1151
1152
1153
1153
1154
1154
1155
1155
1155
1155
1155
1155
1159
1159
1159
1159
1160
1162
1162
