1
4
4
4
6
6
6
6
7
9
10
10
13
17
18
19
20
21
22
22
22
22
22
22
23
24
24
25
25
26
26
26
26
28
28
28
28
28
29
29
30
30
30
31
31
31
32
32
32
32
34
35
38
38
39
40
41
41
41
41
41
41
42
42
43
43
43
43
43
44
44
44
45
45
45
45
45
45
46
46
46
46
46
46
47
47
47
47
47
48
48
48
48
49
50
53
54
54
54
54
54
56
56
57
57
57
57
58
58
58
58
58
60
63
64
66
67
68
68
68
68
69
70
72
72
72
72
72
72
72
73
76
77
78
79
79
80
81
81
81
82
82
82
82
83
83
83
84
85
86
87
89
90
90
90
90
91
91
92
93
93
93
94
95
95
95
95
95
96
96
96
98
102
102
102
103
104
104
104
110
111
114
115
115
115
115
115
116
116
117
127
133
134
135
135
140
140
140
141
145
164
167
170
170
171
171
174
176
176
178
178
179
180
188
203
203
205
205
212
219
219
231
237
239
269
293
308
319
323
326
333
336
338
340
342
343
343
343
343
345
347
348
350
351
362
367
367
373
373
374
374
374
374
375
381
383
383
383
384
384
386
389
393
401
401
403
404
411
411
411
412
412
413
413
414
415
415
416
419
419
419
421
422
427
428
429
430
431
437
437
437
438
438
438
439
444
445
448
449
449
449
449
449
449
452
453
453
453
453
454
454
454
454
454
454
455
455
457
458
459
459
460
461
461
462
463
463
465
467
469
470
470
471
474
480
480
487
493
494
494
495
502
506
508
511
516
521
524
525
525
525
525
530
530
530
530
531
532
533
534
534
534
536
540
546
547
548
549
552
552
555
555
555
555
555
555
563
566
568
569
569
569
572
573
574
574
574
574
574
575
575
576
580
581
581
582
583
584
585
585
585
585
586
586
586
586
598
598
600
608
608
610
616
616
617
617
617
618
618
621
621
628
629
629
634
637
638
638
646
648
648
660
660
660
660
660
661
661
661
661
666
666
667
670
670
670
670
671
671
671
671
671
671
675
679
688
691
697
699
700
700
700
700
702
702
703
703
709
710
711
711
711
711
711
711
711
714
714
715
721
735
747
747
754
756
770
775
775
775
775
776
777
785
785
785
785
786
791
791
795
806
814
821
823
824
824
824
824
826
826
832
832
836
836
836
836
836
841
841
841
841
841
842
844
844
844
844
844
844
846
848
852
853
856
857
857
857
857
859
864
867
867
868
868
868
868
868
868
868
868
868
868
868
868
868
868
868
868
868
868
868
868
868
868
868
868
868
875
875
875
876
876
876
876
877
880
880
885
886
886
886
888
889
893
893
893
897
897
897
897
897
898
902
902
902
902
906
908
909
910
911
916
916
916
916
916
922
922
922
922
922
923
924
925
925
925
925
926
932
933
935
937
937
938
939
939
939
939
940
940
940
940
940
940
941
941
941
942
949
957
957
957
962
963
963
964
965
970
982
982
982
982
982
982
982
982
982
982
982
982
982
982
982
982
982
983
983
985
986
990
996
996
996
997
997
998
998
1003
1003
1003
1008
1010
1017
1017
1030
1030
1030
1030
1030
1031
1031
