2
6
6
6
6
7
7
7
8
10
10
12
15
16
16
16
17
17
17
17
17
18
23
23
24
24
24
24
24
25
25
25
25
25
25
25
25
25
25
25
26
27
29
30
32
32
33
33
33
34
34
34
35
35
36
36
36
36
36
36
36
36
37
38
38
39
39
40
41
41
41
41
41
42
42
44
45
45
48
49
50
50
51
52
53
54
54
55
57
57
57
57
57
58
58
59
59
65
67
67
67
68
68
68
70
73
73
74
74
75
76
79
80
81
83
83
83
86
87
87
89
89
89
89
90
92
95
95
96
96
99
101
102
102
102
103
103
104
105
108
108
108
108
108
108
109
109
112
114
114
115
116
121
124
127
127
127
128
131
133
134
134
134
135
136
140
143
144
144
144
145
146
150
151
152
153
154
156
156
157
159
159
160
164
166
167
168
173
185
185
189
189
190
193
194
194
194
194
194
197
197
197
198
199
206
208
209
209
212
213
244
245
247
247
249
250
250
251
252
253
266
267
273
277
284
298
315
315
317
319
327
329
330
333
338
340
341
342
344
347
347
347
347
347
347
347
347
347
347
347
347
347
347
347
347
347
347
350
352
356
365
374
379
379
395
396
396
398
399
400
406
411
418
420
444
446
460
469
492
505
512
520
545
555
555
555
571
575
599
600
609
610
613
647
647
664
669
669
670
670
673
682
683
683
683
684
686
687
687
690
691
701
702
702
709
712
713
713
714
714
714
714
714
714
715
715
718
718
718
719
719
720
720
739
739
739
739
740
740
740
740
740
740
740
740
740
747
755
755
756
756
757
764
764
766
779
780
780
783
783
783
783
818
824
830
832
840
857
860
861
866
870
874
874
884
887
889
889
891
894
903
905
906
907
909
927
927
927
942
955
958
961
964
968
978
983
986
988
1002
1009
1020
1025
1025
1036
1038
1039
1039
1049
1050
1050
1051
1053
1083
1083
1084
1084
1123
1124
1125
1127
1135
1138
1139
1141
1142
1151
1151
1156
1157
1159
1160
1161
1181
1182
1183
1184
1184
1184
1184
1185
1185
1185
1186
1191
1193
1193
1194
1194
1194
1194
1201
1201
1202
1202
1202
1202
1202
1203
1203
1204
1204
1205
1207
1207
1211
1216
1234
1238
1241
1241
1247
1247
1249
1249
1249
1249
1249
1254
1256
1256
1257
1257
1257
1257
1257
1259
1259
1263
1264
1269
1269
1289
1289
1303
1306
1307
1307
1325
1333
1338
1343
1357
1374
1375
1382
1383
1384
1387
1394
1394
1396
1397
1397
1411
1414
1415
1415
1415
1416
1418
1418
1419
1425
1429
1430
1431
1431
1434
1436
1438
1440
1442
1442
1442
1443
1446
1449
1452
1452
1452
1453
1454
1457
1467
1467
1467
1467
1467
1468
1473
1475
1476
1476
1477
1477
1491
1496
1496
1496
1496
1497
1497
1504
1507
1513
1516
1519
1523
1527
1527
1527
1528
1528
1540
1546
1546
1549
1552
1557
1562
1563
1563
1563
1564
1574
1575
1575
1576
1577
1584
1587
1597
1597
1597
1643
1657
1664
1688
1692
1694
1694
1695
1698
1727
1771
1773
1773
1780
1792
1802
1803
1807
1813
1820
1820
1820
1820
1902
1909
1927
1930
1947
1953
1958
1960
1966
1979
1979
1979
1979
1979
1979
1979
1979
1979
1981
1981
1981
1982
1982
1982
1982
1982
1982
1982
1982
1982
1983
1983
1983
1984
1984
2014
2055
2056
2106
2124
2209
2249
2249
2249
2249
2249
2249
2249
2249
2249
2249
2249
2249
2249
2249
2249
2249
2249
2249
2252
2260
2276
2276
2328
