1
4
4
6
8
9
9
9
11
11
11
11
13
13
18
21
21
22
27
30
30
30
31
33
36
36
36
36
36
36
38
39
39
39
40
41
41
42
43
43
43
43
43
44
45
46
46
48
49
49
49
49
50
50
52
53
58
59
59
60
62
64
64
64
66
68
68
71
73
74
74
76
76
78
78
79
80
80
80
80
81
81
86
86
86
87
87
90
90
90
91
91
94
95
95
96
98
100
101
103
103
104
107
108
108
111
112
113
114
115
117
124
127
134
134
134
134
135
135
138
139
154
155
155
158
159
162
163
163
163
164
164
167
170
174
191
205
205
213
213
213
216
216
217
222
234
246
247
249
259
281
294
313
314
346
374
378
378
381
384
389
418
420
437
449
449
460
466
466
466
466
466
466
466
467
472
472
472
472
475
478
478
485
499
504
567
576
732
733
734
754
769
778
779
779
780
781
783
789
789
789
789
789
790
790
797
797
798
799
800
802
814
815
815
818
819
819
819
819
820
826
834
835
835
837
837
837
837
837
842
845
858
860
861
867
878
886
889
890
890
908
912
912
912
913
913
913
916
916
916
933
955
961
962
966
967
974
975
976
976
977
978
983
983
984
984
985
986
990
992
992
1000
1006
1010
1010
1010
1011
1013
1022
1030
1035
1036
1036
1037
1037
1037
1038
1038
1038
1038
1051
1052
1056
1062
1062
1096
1098
1098
1098
1098
1103
1104
1105
1118
1120
1120
1121
1121
1121
1122
1122
1124
1124
1124
1124
1124
1124
1124
1124
1128
1130
1133
1146
1151
1151
1155
1155
1156
1157
1159
1160
1162
1162
1163
1163
1163
1163
1163
1165
1166
1166
1171
1171
1171
1171
1172
1172
1173
1176
1179
1182
1183
1197
1202
1211
1221
1229
1229
1229
1229
1242
1242
1242
1242
1242
1256
1258
1258
1261
1264
1265
1267
1267
1271
1272
1272
1272
1272
1274
1274
1275
1275
1275
1276
1277
1283
1283
1283
1283
1284
1284
1289
1295
1296
1298
1298
1299
1318
1324
1324
1329
1333
1333
1333
1334
1336
1336
1339
1339
1342
1343
1343
1345
1346
1347
1347
1348
1348
1349
1351
1351
1351
1351
1351
1352
1352
1353
1355
1358
1359
1359
1359
1361
1362
1362
1363
1369
1369
1369
1374
1376
1376
1377
1377
1377
1377
1382
1387
1389
1391
1395
1404
1409
1413
1414
1422
1473
1473
1474
1474
1476
1477
1477
1477
1477
1481
1481
1482
1482
1482
1483
1483
1523
1523
1523
1544
1589
1601
1604
1619
1619
1623
1631
1631
1634
1636
1640
1642
1642
1642
1643
1643
1647
1648
1650
1655
1657
1662
1664
1686
1687
1687
1688
1688
1688
1689
1689
1693
1698
1700
1702
1703
1704
1706
1710
1711
1712
1713
1725
1725
1725
1725
1726
1726
1726
1726
1726
1726
1726
1726
1726
1726
1730
1730
1730
1730
1730
1730
1730
1730
1731
1731
1731
1732
1732
1732
1733
1733
1749
1749
1750
1750
1752
1755
1758
1758
1774
1778
1793
1800
1805
1818
1822
1824
1825
1825
1828
1829
1829
1830
1834
1834
1840
1841
1843
1883
1883
1883
1893
1897
1902
1908
1913
1913
1913
1913
1917
1918
1918
1930
1930
1944
1944
1944
1954
1977
1988
2017
2037
2038
2038
2038
2039
2040
2040
2040
2052
2095
2095
2095
2103
2106
2111
2112
2119
2121
2121
2126
2126
2126
2132
2183
2186
2186
2186
2191
2191
